394|0|-1|1|0|98|VAL|543|0|568|-N--|128|7|4|0011|2.806545|0.189557|0.050596|-0.980565|6.815972|0.093571|0.165056
394|1|-1|34|1|81|ASP|2143|7|551|-N--|128|7|4|0011|3.975054|-0.702632|0.156727|-0.694079|5.658504|0.003977|0.007016
394|2|-1|35|1|79|ASP|2143|7|549|-N--|128|7|4|0011|2.709997|-0.307749|-0.508119|-0.804429|6.495343|0.121468|0.214267
394|3|-1|65|1|129|ASP|2143|13|599|-OD1|1028|8|2|0011|2.715755|-0.673846|-0.029458|0.738285|19.888721|0.084162|0.132171
394|4|-1|71|1|129|ASP|2143|14|599|-OD2|1028|8|2|0011|3.737480|-0.177125|0.272109|0.945824|11.699121|0.005319|0.008353
394|5|-1|93|2|88|MET|1743|21|558|-SD-|1628|16|3|0011|3.832932|0.997148|0.020872|-0.072529|1.327406|0.015039|0.023810
394|6|-1|117|3|109|SER|1143|26|579|-O--|428|8|2|0011|3.041784|0.431655|-0.219937|0.874815|17.410786|0.034868|0.054759
394|7|-1|121|3|76|SER|1143|28|546|-OG-|1728|8|3|0011|2.923099|0.244603|-0.293867|0.924019|6.882987|0.048055|0.075468
394|8|-1|149|4|129|ASN|2343|36|599|-ND2|928|7|4|0011|3.521243|0.078665|0.887471|0.454101|21.381271|0.013560|0.023919
394|9|-1|187|6|105|VAL|543|47|575|-O--|428|8|2|0011|2.688797|-0.446668|-0.108227|0.888130|22.118498|0.090523|0.142160
394|10|-1|231|8|73|THR|1343|60|543|-N--|128|7|4|0011|2.930576|0.345666|0.165155|0.923709|3.940982|0.066920|0.118045
394|11|-1|246|8|73|THR|1343|63|543|-O--|428|8|2|0011|3.418135|-0.514316|0.153593|0.843735|3.709135|0.012609|0.019802
394|12|-1|249|8|90|THR|1343|63|560|-O--|428|8|2|0011|2.657401|0.633702|-0.614134|0.470384|17.529093|0.098539|0.154749
394|13|-1|251|8|99|THR|1343|63|569|-O--|428|8|2|0011|3.287334|0.185561|0.702089|0.687487|18.992863|0.017956|0.028199
394|14|-1|252|8|74|THR|1343|63|544|-O--|428|8|2|0011|3.850683|0.999563|-0.009349|-0.028047|3.797647|0.003917|0.006152
394|15|-1|261|8|122|THR|1343|65|592|-OG1|1728|8|3|0011|3.882710|0.372935|0.742780|0.556055|51.564922|0.003592|0.005642
394|16|-1|305|10|74|ASP|2143|79|544|-N--|128|7|4|0011|2.953713|0.333140|-0.494631|0.802719|3.254369|0.062863|0.110889
394|17|-1|321|10|74|ASP|2143|82|544|-O--|428|8|2|0011|3.870497|-0.482625|-0.393231|0.782587|0.080225|0.003713|0.005831
394|18|-1|325|10|87|ASP|2143|82|557|-O--|428|8|2|0011|3.534590|0.200023|-0.260002|0.944664|11.598155|0.009204|0.014455
394|19|-1|346|10|104|ASP|2143|85|574|-OD1|1028|8|2|0011|3.622926|-0.430039|0.020149|0.902585|13.774806|0.007249|0.011385
394|20|-1|348|10|75|ASP|2143|85|545|-OD1|1028|8|2|0011|3.738824|0.653147|0.173316|-0.737130|7.333523|0.005300|0.008323
394|21|-1|350|10|99|ASP|2143|86|569|-OD2|1028|8|2|0011|3.423335|-0.630379|-0.481694|0.608763|3.227135|0.012433|0.019525
394|22|-1|351|10|104|ASP|2143|86|574|-OD2|1028|8|2|0011|2.719708|-0.774348|0.373570|0.510716|6.230727|0.083267|0.130766
394|23|-1|355|11|75|LEU|743|87|545|-N--|128|7|4|0011|3.286882|-0.036509|0.985736|0.164289|3.426733|0.025547|0.045064
394|24|-1|372|11|75|LEU|743|90|545|-O--|428|8|2|0011|3.018855|-0.734384|0.542589|0.407770|4.467832|0.037098|0.058259
394|25|-1|396|12|92|GLN|2743|95|562|-N--|128|7|4|0011|3.475693|0.006330|-0.260092|-0.965563|9.802175|0.015336|0.027052
394|26|-1|431|13|92|ASP|2143|104|562|-N--|128|7|4|0011|3.053188|-0.123804|-0.903318|-0.410718|11.015644|0.048044|0.084748
394|27|-1|443|13|71|ASP|2143|107|541|-O--|428|8|2|0011|2.892631|-0.846288|0.168359|-0.505422|2.945148|0.052180|0.081945
394|28|-1|448|13|69|ASP|2143|107|539|-O--|428|8|2|0011|2.891699|0.749386|0.456825|-0.479303|5.981162|0.052312|0.082152
394|29|-1|464|13|96|ASP|2143|110|566|-OD1|1028|8|2|0011|3.993818|0.065101|-0.919421|-0.387849|11.055554|0.002661|0.004178
394|30|-1|465|13|120|ASP|2143|110|590|-OD1|1028|8|2|0011|3.599613|-0.520611|-0.076397|-0.850369|3.091451|0.007721|0.012125
394|31|-1|472|13|92|ASP|2143|110|562|-OD1|1028|8|2|0011|3.522247|0.631132|-0.774506|0.042586|7.280507|0.009517|0.014945
394|32|-1|474|13|96|ASP|2143|111|566|-OD2|1028|8|2|0011|3.233240|-0.026290|-0.984152|0.175366|2.357510|0.020783|0.032638
394|33|-1|475|13|120|ASP|2143|111|590|-OD2|1028|8|2|0011|2.421407|-0.916409|0.088791|-0.390269|3.801518|0.186471|0.292841
394|34|-1|478|13|100|ASP|2143|111|570|-OD2|1028|8|2|0011|2.571022|0.623487|-0.130299|-0.770900|4.934135|0.124451|0.195442
394|35|-1|479|13|92|ASP|2143|111|562|-OD2|1028|8|2|0011|3.697335|0.507933|-0.605301|0.612874|0.251902|0.005929|0.009311
394|36|-1|481|14|75|GLY|143|112|545|-N--|128|7|4|0011|3.938706|-0.576332|-0.135832|0.805848|7.659086|0.004388|0.007740
394|37|-1|505|14|75|GLY|143|115|545|-O--|428|8|2|0011|3.361339|0.293336|-0.605414|0.739884|3.589500|0.014701|0.023087
394|38|-1|511|15|71|SER|1143|116|541|-N--|128|7|4|0011|3.386215|0.114877|0.526251|-0.842534|1.999847|0.019532|0.034453
394|39|-1|512|15|75|SER|1143|116|545|-N--|128|7|4|0011|3.819703|0.109956|-0.070425|0.991438|5.733170|0.006052|0.010676
394|40|-1|532|15|75|SER|1143|120|545|-O--|428|8|2|0011|2.791715|0.578497|0.459216|0.674138|3.627292|0.068542|0.107640
394|41|-1|545|15|120|SER|1143|123|590|-OG-|1728|8|3|0011|3.205628|0.203392|0.080484|-0.975784|3.042762|0.022393|0.035167
394|42|-1|550|15|120|SER|1143|124|590|-OG-|1728|8|3|0011|2.728964|0.333094|-0.587769|-0.737276|4.743186|0.081210|0.127535
394|43|-1|551|15|106|SER|1143|124|576|-OG-|1728|8|3|0011|3.841366|0.254076|0.183268|-0.949662|16.229506|0.004017|0.006309
394|44|-1|552|15|71|SER|1143|124|541|-OG-|1728|8|3|0011|2.754786|0.534706|0.838903|-0.101641|3.105942|0.075736|0.118938
394|45|-1|582|16|88|LYS|2943|133|558|-NZ-|1428|7|5|0011|2.874205|-0.981836|-0.110640|0.154130|9.314513|0.077933|0.137472
394|46|-1|583|16|104|LYS|2943|133|574|-NZ-|1428|7|5|0011|3.521013|0.039193|-0.561202|0.826750|4.367345|0.013568|0.023934
394|47|-1|678|20|111|PHE|3543|161|581|-O--|428|8|2|0011|2.773034|0.263610|-0.908391|0.324554|22.018267|0.072091|0.113214
394|48|-1|691|21|80|LYS|2943|169|550|-N--|128|7|4|0011|3.413007|-0.826837|0.426603|-0.366539|6.999149|0.018167|0.032047
394|49|-1|706|21|125|LYS|2943|172|595|-O--|428|8|2|0011|3.445112|-0.996194|-0.010740|-0.086499|17.922617|0.011722|0.018409
394|50|-1|709|21|111|LYS|2943|172|581|-O--|428|8|2|0011|3.807193|0.949519|-0.267651|-0.163638|19.213654|0.004406|0.006919
394|51|-1|713|22|125|ASP|2143|178|595|-N--|128|7|4|0011|3.790287|-0.832654|-0.441127|0.334803|20.290590|0.006553|0.011560
394|52|-1|714|22|80|ASP|2143|178|550|-N--|128|7|4|0011|2.986832|-0.242062|0.970259|-0.002009|6.382502|0.057481|0.101395
394|53|-1|715|22|126|ASP|2143|178|596|-N--|128|7|4|0011|3.505368|-0.828158|0.429342|0.360305|59.016140|0.014154|0.024967
394|54|-1|740|22|80|ASP|2143|184|550|-OD1|1028|8|2|0011|3.386875|-0.205794|0.547112|0.811367|8.843904|0.013721|0.021547
394|55|-1|749|22|80|ASP|2143|185|550|-OD2|1028|8|2|0011|3.752036|0.356606|0.321692|0.877124|1.552722|0.005114|0.008031
394|56|-1|751|23|111|GLY|143|186|581|-N--|128|7|4|0011|3.844101|0.667776|-0.273666|0.692229|20.732220|0.005666|0.009995
394|57|-1|767|23|91|GLY|143|189|561|-O--|428|8|2|0011|2.708200|0.975556|-0.218226|0.025847|12.148417|0.085898|0.134897
394|58|-1|783|25|84|MET|1743|199|554|-N--|128|7|4|0011|2.907167|-0.286877|-0.491200|-0.822450|16.487452|0.071290|0.125754
394|59|-1|794|25|84|MET|1743|202|554|-O--|428|8|2|0011|3.479420|-0.536871|-0.837783|-0.099442|15.226606|0.010684|0.016779
394|60|-1|880|28|72|GLU|2543|226|542|-OE1|1028|8|2|0011|2.526776|-0.776088|0.167803|-0.607889|1.223828|0.140260|0.220269
394|61|-1|881|28|103|GLU|2543|226|573|-OE1|1028|8|2|0011|2.681341|-0.238687|0.890599|0.387120|6.112881|0.092365|0.145054
394|62|-1|883|28|103|GLU|2543|227|573|-OE2|1028|8|2|0011|3.972251|-0.283467|0.945308|-0.161369|11.130285|0.002820|0.004429
394|63|-1|934|30|71|LYS|2943|236|541|-N--|128|7|4|0011|3.052753|0.699369|-0.579805|-0.417983|1.941856|0.048100|0.084847
394|64|-1|954|30|102|LYS|2943|240|572|-O--|428|8|2|0011|2.826297|0.168064|-0.289779|0.942222|21.052702|0.062426|0.098036
394|65|-1|977|30|69|LYS|2943|249|539|-NZ-|1428|7|5|0011|2.550871|0.190915|-0.965553|-0.176802|7.626252|0.186741|0.329406
394|66|-1|978|30|70|LYS|2943|249|540|-NZ-|1428|7|5|0011|3.005616|0.253858|0.819133|0.514370|2.454509|0.054636|0.096376
394|67|-1|979|30|69|LYS|2943|250|539|-NZ-|1428|7|5|0011|2.912574|0.167893|-0.974739|-0.147292|16.440727|0.070256|0.123930
394|68|-1|980|30|70|LYS|2943|250|540|-NZ-|1428|7|5|0011|2.719421|0.281310|0.767075|0.576593|2.628915|0.118414|0.208879
394|69|-1|1007|32|72|GLY|143|265|542|-O--|428|8|2|0011|2.899167|-0.431848|-0.589135|0.682955|2.363680|0.051266|0.080510
394|70|-1|1008|32|85|GLY|143|265|555|-O--|428|8|2|0011|2.809606|-0.379412|0.907601|0.179741|12.848834|0.065306|0.102559
394|71|-1|1043|34|94|SER|1143|278|564|-O--|428|8|2|0011|3.830147|-0.771511|-0.612509|-0.172056|13.207577|0.004141|0.006503
394|72|-1|1046|34|95|SER|1143|278|565|-O--|428|8|2|0011|3.659780|-0.410407|-0.461230|-0.786659|11.890297|0.006562|0.010305
394|73|-1|1047|34|83|SER|1143|278|553|-O--|428|8|2|0011|2.801134|0.678297|-0.034272|-0.733988|7.765115|0.066819|0.104935
394|74|-1|1053|34|94|SER|1143|280|564|-OG-|1728|8|3|0011|2.659402|0.046627|-0.440701|-0.896442|12.713982|0.098008|0.153915
394|75|-1|1055|35|94|MET|1743|281|564|-N--|128|7|4|0011|3.666734|-0.804531|-0.163088|-0.571080|15.769594|0.009151|0.016142
394|76|-1|1070|35|94|MET|1743|284|564|-O--|428|8|2|0011|3.796111|-0.638812|0.557676|-0.530016|14.631767|0.004540|0.007129
394|77|-1|1078|35|120|MET|1743|287|590|-SD-|1628|16|3|0011|3.658979|0.946712|-0.289698|0.140750|7.423481|0.024066|0.038101
394|78|-1|1079|35|106|MET|1743|287|576|-SD-|1628|16|3|0011|3.909233|0.903246|0.319244|-0.286757|1.059595|0.012236|0.019373
394|79|-1|1085|36|94|ASN|2343|289|564|-N--|128|7|4|0011|3.877608|-0.813130|0.581544|0.025015|13.748814|0.005176|0.009130
394|80|-1|1087|36|89|ASN|2343|289|559|-N--|128|7|4|0011|2.806333|0.537000|0.476779|-0.695926|18.504482|0.093624|0.165150
394|81|-1|1088|36|95|ASN|2343|289|565|-N--|128|7|4|0011|3.985311|-0.426567|0.730934|-0.532706|12.408839|0.003868|0.006824
394|82|-1|1108|36|78|ASN|2343|292|548|-O--|428|8|2|0011|2.561562|0.743687|0.239307|-0.624229|2.954147|0.127674|0.200503
394|83|-1|1113|36|107|ASN|2343|295|577|-OD1|828|8|2|0011|2.473219|0.086123|0.718093|-0.690598|2.936165|0.162105|0.254575
394|84|-1|1114|36|89|ASN|2343|295|559|-OD1|828|8|2|0011|3.729973|0.569709|0.670246|0.475607|3.530387|0.005428|0.008525
394|85|-1|1115|36|107|ASN|2343|296|577|-ND2|928|7|4|0011|3.997866|0.475504|0.374700|-0.795925|2.947738|0.003739|0.006596
394|86|-1|1116|36|95|ASN|2343|296|565|-ND2|928|7|4|0011|3.847252|0.157515|0.986938|0.033790|0.110336|0.005618|0.009910
394|87|-1|1117|37|86|MET|1743|297|556|-N--|128|7|4|0011|3.065745|-0.996822|-0.070456|-0.037185|23.144581|0.046441|0.081920
394|88|-1|1118|37|108|MET|1743|297|578|-N--|128|7|4|0011|3.716766|-0.478373|-0.835404|-0.270665|15.834402|0.007994|0.014101
394|89|-1|1135|37|108|MET|1743|300|578|-O--|428|8|2|0011|2.809432|-0.981337|-0.183667|-0.056951|20.024879|0.065337|0.102608
394|90|-1|1177|38|77|PRO|1943|308|547|-O--|428|8|2|0011|2.467557|0.396343|-0.545074|0.738787|6.614183|0.164605|0.258501
394|91|-1|1189|39|130|GLU|2543|312|600|-N--|128|7|4|0011|3.121782|0.183869|0.077520|-0.979889|14.556292|0.039914|0.070407
394|92|-1|1202|39|130|GLU|2543|315|600|-O--|428|8|2|0011|3.329808|-0.316835|0.692532|-0.648085|13.208260|0.016009|0.025141
394|93|-1|1222|40|77|GLY|143|321|547|-N--|128|7|4|0011|3.411215|0.278493|0.657244|0.700337|3.449646|0.018256|0.032202
394|94|-1|1237|41|77|LYS|2943|325|547|-N--|128|7|4|0011|2.982481|-0.562619|0.428838|0.706794|3.134576|0.058161|0.102594
394|95|-1|1252|41|77|LYS|2943|328|547|-O--|428|8|2|0011|2.639633|-0.994835|0.034475|-0.095468|5.367922|0.103387|0.162362
394|96|-1|1265|41|114|LYS|2943|333|584|-NZ-|1428|7|5|0011|3.536566|-0.768825|0.508120|-0.388230|2.868756|0.013010|0.022949
394|97|-1|1266|41|113|LYS|2943|333|583|-NZ-|1428|7|5|0011|3.779613|0.317228|0.913850|-0.253465|3.563791|0.006745|0.011898
394|98|-1|1267|41|110|LYS|2943|333|580|-NZ-|1428|7|5|0011|2.819378|-0.546575|0.759742|0.352205|0.773382|0.090381|0.159429
394|99|-1|1269|42|93|VAL|543|334|563|-N--|128|7|4|0011|2.757130|0.577050|-0.275286|-0.768915|12.224167|0.106940|0.188639
394|100|-1|1287|42|127|VAL|543|337|597|-O--|428|8|2|0011|2.573398|0.715397|-0.006606|-0.698687|59.697430|0.123654|0.194191
394|101|-1|1288|42|121|VAL|543|337|591|-O--|428|8|2|0011|2.754884|0.217795|0.940149|-0.262080|54.017693|0.075716|0.118907
394|102|-1|1329|44|131|GLU|2543|349|601|-N--|128|7|4|0011|2.833868|0.411805|0.579067|-0.703632|12.030313|0.086910|0.153306
394|103|-1|1342|44|131|GLU|2543|352|601|-O--|428|8|2|0011|3.914517|0.318813|-0.178311|-0.930894|11.711280|0.003296|0.005177
394|104|-1|1347|44|92|GLU|2543|352|562|-O--|428|8|2|0011|3.831375|0.021402|0.508956|-0.860527|13.068524|0.004127|0.006481
394|105|-1|1357|44|101|GLU|2543|356|571|-OE1|1028|8|2|0011|2.669535|-0.110132|-0.252853|-0.961216|10.976593|0.095360|0.149757
394|106|-1|1359|44|119|GLU|2543|356|589|-OE1|1028|8|2|0011|3.648971|-0.255140|0.712530|-0.653609|4.300863|0.006757|0.010611
394|107|-1|1383|45|87|THR|1343|363|557|-OG1|1728|8|3|0011|3.684772|-0.283600|0.809548|0.514007|12.312599|0.006134|0.009632
394|108|-1|1397|46|87|ARG|3143|365|557|-N--|128|7|4|0011|3.228768|-0.590008|-0.080216|0.803402|16.037771|0.029891|0.052728
394|109|-1|1415|46|75|ARG|3143|372|545|-NE-|728|7|4|0011|3.872548|-0.577398|-0.076177|-0.812902|23.626320|0.005247|0.009255
394|110|-1|1416|47|87|ASP|2143|376|557|-N--|128|7|4|0011|3.124279|-0.975906|0.205167|0.074257|13.066423|0.039645|0.069933
394|111|-1|1433|47|87|ASP|2143|382|557|-OD1|1028|8|2|0011|3.942310|-0.475610|0.860917|-0.180605|2.046285|0.003058|0.004802
394|112|-1|1499|50|101|LYS|2943|403|571|-NZ-|1428|7|5|0011|3.550319|-0.121961|0.739088|-0.662476|4.918020|0.012535|0.022111
394|113|-1|1550|53|77|MET|1743|420|547|-N--|128|7|4|0011|2.913064|0.413997|0.535175|-0.736338|7.008579|0.070163|0.123766
394|114|-1|1563|53|77|MET|1743|423|547|-O--|428|8|2|0011|3.555246|0.715000|0.698123|0.037410|6.044105|0.008705|0.013670
394|115|-1|1598|54|97|LYS|2943|431|567|-O--|428|8|2|0011|2.777675|-0.239049|-0.957275|0.162726|9.891869|0.071193|0.111803
394|116|-1|1607|55|97|GLY|143|437|567|-N--|128|7|4|0011|3.914474|0.014050|-0.760766|0.648874|10.157495|0.004685|0.008264
394|117|-1|1648|56|91|ASN|2343|444|561|-O--|428|8|2|0011|2.907000|-0.171311|0.785690|0.594427|16.477823|0.050192|0.078824
394|118|-1|1654|56|84|ASN|2343|447|554|-OD1|828|8|2|0011|2.776250|-0.608375|0.790275|-0.073120|3.727882|0.071467|0.112235
394|119|-1|1655|56|91|ASN|2343|447|561|-OD1|828|8|2|0011|3.903990|0.142418|-0.046107|0.988732|9.578943|0.003392|0.005326
394|120|-1|1656|56|117|ASN|2343|448|587|-ND2|928|7|4|0011|3.469228|-0.704768|0.568138|-0.424878|9.135650|0.015606|0.027529
394|121|-1|1657|56|84|ASN|2343|448|554|-ND2|928|7|4|0011|3.469748|-0.000288|0.930039|-0.367462|1.927382|0.015584|0.027491
394|122|-1|1658|56|91|ASN|2343|448|561|-ND2|928|7|4|0011|3.679143|0.609925|0.231848|0.757785|7.317768|0.008849|0.015610
394|123|-1|1688|57|97|GLU|2543|460|567|-OE1|1028|8|2|0011|3.025930|0.474895|0.023464|-0.879729|7.665263|0.036395|0.057156
394|124|-1|1689|57|116|GLU|2543|461|586|-OE1|1028|8|2|0011|2.594562|0.679884|0.672946|0.291379|9.675319|0.116780|0.183395
394|125|-1|1690|58|116|ILE|943|464|586|-N--|128|7|4|0011|2.866935|-0.744698|-0.158009|0.648428|20.918940|0.079479|0.140200
394|126|-1|1702|58|116|ILE|943|467|586|-O--|428|8|2|0011|3.970059|-0.973537|0.228208|0.012090|19.450382|0.002837|0.004455
394|127|-1|1741|60|128|ARG|3143|493|598|-NH2|728|7|4|0011|3.180633|-0.476635|-0.827823|-0.295853|10.009716|0.034044|0.060053
394|128|-1|1818|67|82|SCN|5343|535|552|-N--|3028|7|2|0011|2.783534|-0.220942|0.910354|-0.349915|4.037090|0.099575|0.175647
394|129|-1|1819|67|79|SCN|5343|535|549|-N--|3028|7|2|0011|2.850577|-0.691439|0.125589|0.711435|5.672535|0.083072|0.146537
394|130|-1|1823|106|71|HOH|4343|576|541|-O--|2828|8|3|0001|3.764689|0.132016|0.426861|0.894629|22.670546|0.004942|0.007761
394|131|-1|1823|71|106|HOH|4343|541|576|-O--|2828|8|3|0001|3.764689|-0.132016|-0.426861|-0.894629|22.670546|0.004942|0.007761
394|132|-1|1824|98|72|HOH|4343|568|542|-O--|2828|8|3|0001|2.735577|0.855395|-0.186432|-0.483262|2.467888|0.079772|0.125276
394|133|-1|1824|72|98|HOH|4343|542|568|-O--|2828|8|3|0001|2.735577|-0.855395|0.186432|0.483262|2.467888|0.079772|0.125276
394|134|-1|1825|103|72|HOH|4343|573|542|-O--|2828|8|3|0001|3.496830|-0.377771|-0.561652|-0.736095|7.759491|0.010193|0.016008
394|135|-1|1825|72|103|HOH|4343|542|573|-O--|2828|8|3|0001|3.496830|0.377771|0.561652|0.736095|7.759491|0.010193|0.016008
394|136|-1|1826|115|73|HOH|4343|585|543|-O--|2828|8|3|0001|2.727197|-0.332943|0.652685|-0.680552|6.636509|0.081599|0.128146
394|137|-1|1826|73|115|HOH|4343|543|585|-O--|2828|8|3|0001|2.727197|0.332943|-0.652685|0.680552|6.636509|0.081599|0.128146
394|138|-1|1827|99|73|HOH|4343|569|543|-O--|2828|8|3|0001|3.029173|-0.781732|-0.588610|0.205997|12.433686|0.036077|0.056657
394|139|-1|1827|73|99|HOH|4343|543|569|-O--|2828|8|3|0001|3.029173|0.781732|0.588610|-0.205997|12.433686|0.036077|0.056657
394|140|-1|1828|90|74|HOH|4343|560|544|-O--|2828|8|3|0001|3.013072|0.718536|0.529692|-0.450703|11.106205|0.037682|0.059177
394|141|-1|1828|74|90|HOH|4343|544|560|-O--|2828|8|3|0001|3.013072|-0.718536|-0.529692|0.450703|11.106205|0.037682|0.059177
394|142|-1|1829|87|74|HOH|4343|557|544|-O--|2828|8|3|0001|2.662767|-0.967039|-0.226456|-0.116420|11.735940|0.097121|0.152521
394|143|-1|1829|74|87|HOH|4343|544|557|-O--|2828|8|3|0001|2.662767|0.967039|0.226456|0.116420|11.735940|0.097121|0.152521
394|144|-1|1830|89|78|HOH|4343|559|548|-O--|2828|8|3|0001|3.604423|0.598154|-0.752131|0.276605|3.733182|0.007621|0.011969
394|145|-1|1830|78|89|HOH|4343|548|559|-O--|2828|8|3|0001|3.604423|-0.598154|0.752131|-0.276605|3.733182|0.007621|0.011969
394|146|-1|1831|114|78|HOH|4343|584|548|-O--|2828|8|3|0001|2.687381|-0.962647|0.119447|-0.242987|5.062813|0.090870|0.142705
394|147|-1|1831|78|114|HOH|4343|548|584|-O--|2828|8|3|0001|2.687381|0.962647|-0.119447|0.242987|5.062813|0.090870|0.142705
394|148|-1|1832|82|79|HOH|4343|552|549|-O--|2828|8|3|0001|3.947875|-0.343476|-0.551183|0.760409|1.282622|0.003012|0.004731
394|149|-1|1832|79|82|HOH|4343|549|552|-O--|2828|8|3|0001|3.947875|0.343476|0.551183|-0.760409|1.282622|0.003012|0.004731
394|150|-1|1833|81|79|HOH|4343|551|549|-O--|2828|8|3|0001|2.858832|0.685245|-0.699586|0.202530|0.622412|0.057171|0.089783
394|151|-1|1833|79|81|HOH|4343|549|551|-O--|2828|8|3|0001|2.858832|-0.685245|0.699586|-0.202530|0.622412|0.057171|0.089783
394|152|-1|1834|126|80|HOH|4343|596|550|-O--|2828|8|3|0001|2.881529|0.756543|0.483424|-0.440391|39.912556|0.053769|0.084441
394|153|-1|1834|80|126|HOH|4343|550|596|-O--|2828|8|3|0001|2.881529|-0.756543|-0.483424|0.440391|39.912556|0.053769|0.084441
394|154|-1|1835|98|82|HOH|4343|568|552|-O--|2828|8|3|0001|2.835728|-0.749367|-0.604077|-0.271183|0.748535|0.060855|0.095568
394|155|-1|1835|82|98|HOH|4343|552|568|-O--|2828|8|3|0001|2.835728|0.749367|0.604077|0.271183|0.748535|0.060855|0.095568
394|156|-1|1836|89|83|HOH|4343|559|553|-O--|2828|8|3|0001|3.239494|0.060194|0.977622|0.201575|7.078167|0.020435|0.032091
394|157|-1|1836|83|89|HOH|4343|553|559|-O--|2828|8|3|0001|3.239494|-0.060194|-0.977622|-0.201575|7.078167|0.020435|0.032091
394|158|-1|1837|95|83|HOH|4343|565|553|-O--|2828|8|3|0001|3.845178|0.884744|0.414025|0.214034|2.848732|0.003976|0.006244
394|159|-1|1837|83|95|HOH|4343|553|565|-O--|2828|8|3|0001|3.845178|-0.884744|-0.414025|-0.214034|2.848732|0.003976|0.006244
394|160|-1|1838|118|83|HOH|4343|588|553|-O--|2828|8|3|0001|2.642068|-0.991269|-0.127173|0.034821|6.552561|0.102709|0.161297
394|161|-1|1838|83|118|HOH|4343|553|588|-O--|2828|8|3|0001|2.642068|0.991269|0.127173|-0.034821|6.552561|0.102709|0.161297
394|162|-1|1839|117|84|HOH|4343|587|554|-O--|2828|8|3|0001|2.755045|0.887100|0.455891|0.072231|6.557598|0.075683|0.118855
394|163|-1|1839|84|117|HOH|4343|554|587|-O--|2828|8|3|0001|2.755045|-0.887100|-0.455891|-0.072231|6.557598|0.075683|0.118855
394|164|-1|1840|108|86|HOH|4343|578|556|-O--|2828|8|3|0001|3.282570|-0.389329|0.880103|0.271738|4.357063|0.018189|0.028564
394|165|-1|1840|86|108|HOH|4343|556|578|-O--|2828|8|3|0001|3.282570|0.389329|-0.880103|-0.271738|4.357063|0.018189|0.028564
394|166|-1|1841|122|88|HOH|4343|592|558|-O--|2828|8|3|0001|2.708244|-0.137728|0.355212|-0.924584|26.805595|0.085888|0.134881
394|167|-1|1841|88|122|HOH|4343|558|592|-O--|2828|8|3|0001|2.708244|0.137728|-0.355212|0.924584|26.805595|0.085888|0.134881
394|168|-1|1842|95|89|HOH|4343|565|559|-O--|2828|8|3|0001|3.576923|0.896581|-0.440323|0.047527|3.673340|0.008209|0.012892
394|169|-1|1842|89|95|HOH|4343|559|565|-O--|2828|8|3|0001|3.576923|-0.896581|0.440323|-0.047527|3.673340|0.008209|0.012892
394|170|-1|1843|96|92|HOH|4343|566|562|-O--|2828|8|3|0001|2.762446|0.710602|0.341726|0.615035|2.644162|0.074184|0.116501
394|171|-1|1843|92|96|HOH|4343|562|566|-O--|2828|8|3|0001|2.762446|-0.710602|-0.341726|-0.615035|2.644162|0.074184|0.116501
394|172|-1|1844|131|92|HOH|4343|601|562|-O--|2828|8|3|0001|2.914080|-0.400126|0.908691|0.119077|0.788477|0.049241|0.077330
394|173|-1|1844|92|131|HOH|4343|562|601|-O--|2828|8|3|0001|2.914080|0.400126|-0.908691|-0.119077|0.788477|0.049241|0.077330
394|174|-1|1845|127|93|HOH|4343|597|563|-O--|2828|8|3|0001|3.668500|-0.454137|-0.838762|-0.300395|28.741827|0.006409|0.010065
394|175|-1|1845|93|127|HOH|4343|563|597|-O--|2828|8|3|0001|3.668500|0.454137|0.838762|0.300395|28.741827|0.006409|0.010065
394|176|-1|1846|95|94|HOH|4343|565|564|-O--|2828|8|3|0001|2.733601|-0.531533|-0.240708|0.812116|0.796889|0.080199|0.125947
394|177|-1|1846|94|95|HOH|4343|564|565|-O--|2828|8|3|0001|2.733601|0.531533|0.240708|-0.812116|0.796889|0.080199|0.125947
394|178|-1|1847|110|96|HOH|4343|580|566|-O--|2828|8|3|0001|3.929424|0.621211|-0.240239|0.745911|10.708871|0.003166|0.004972
394|179|-1|1847|96|110|HOH|4343|566|580|-O--|2828|8|3|0001|3.929424|-0.621211|0.240239|-0.745911|10.708871|0.003166|0.004972
394|180|-1|1848|131|96|HOH|4343|601|566|-O--|2828|8|3|0001|3.810795|-0.821088|0.447151|-0.354782|3.555113|0.004363|0.006852
394|181|-1|1848|96|131|HOH|4343|566|601|-O--|2828|8|3|0001|3.810795|0.821088|-0.447151|0.354782|3.555113|0.004363|0.006852
394|182|-1|1849|121|96|HOH|4343|591|566|-O--|2828|8|3|0001|3.762159|-0.537989|0.746646|0.391265|26.750481|0.004976|0.007814
394|183|-1|1849|96|121|HOH|4343|566|591|-O--|2828|8|3|0001|3.762159|0.537989|-0.746646|-0.391265|26.750481|0.004976|0.007814
394|184|-1|1850|132|97|HOH|4343|602|567|-O--|2828|8|3|0001|2.725895|0.174255|0.600170|0.780661|16.517221|0.081887|0.128597
394|185|-1|1850|97|132|HOH|4343|567|602|-O--|2828|8|3|0001|2.725895|-0.174255|-0.600170|-0.780661|16.517221|0.081887|0.128597
394|186|-1|1851|123|99|HOH|4343|593|569|-O--|2828|8|3|0001|3.260565|-0.002760|-0.284306|-0.958730|14.799093|0.019303|0.030315
394|187|-1|1851|99|123|HOH|4343|569|593|-O--|2828|8|3|0001|3.260565|0.002760|0.284306|0.958730|14.799093|0.019303|0.030315
394|188|-1|1852|104|99|HOH|4343|574|569|-O--|2828|8|3|0001|2.754624|-0.018877|-0.967464|0.252303|10.387437|0.075769|0.118990
394|189|-1|1852|99|104|HOH|4343|569|574|-O--|2828|8|3|0001|2.754624|0.018877|0.967464|-0.252303|10.387437|0.075769|0.118990
394|190|-1|1853|113|100|HOH|4343|583|570|-O--|2828|8|3|0001|2.778757|0.499864|0.212685|0.839584|11.176534|0.070985|0.111477
394|191|-1|1853|100|113|HOH|4343|570|583|-O--|2828|8|3|0001|2.778757|-0.499864|-0.212685|-0.839584|11.176534|0.070985|0.111477
394|192|-1|1854|120|100|HOH|4343|590|570|-O--|2828|8|3|0001|3.998193|0.955932|-0.137562|-0.259367|9.802758|0.002629|0.004129
394|193|-1|1854|100|120|HOH|4343|570|590|-O--|2828|8|3|0001|3.998193|-0.955932|0.137562|0.259367|9.802758|0.002629|0.004129
394|194|-1|1855|119|101|HOH|4343|589|571|-O--|2828|8|3|0001|3.341281|0.190645|-0.980163|-0.054171|5.564164|0.015520|0.024373
394|195|-1|1855|101|119|HOH|4343|571|589|-O--|2828|8|3|0001|3.341281|-0.190645|0.980163|0.054171|5.564164|0.015520|0.024373
394|196|-1|1856|122|104|HOH|4343|592|574|-O--|2828|8|3|0001|2.679231|0.965575|-0.259776|-0.013437|6.905758|0.092894|0.145883
394|197|-1|1856|104|122|HOH|4343|574|592|-O--|2828|8|3|0001|2.679231|-0.965575|0.259776|0.013437|6.905758|0.092894|0.145883
394|198|-1|1857|120|106|HOH|4343|590|576|-O--|2828|8|3|0001|2.829813|0.023676|0.815601|-0.578130|8.915771|0.061835|0.097108
394|199|-1|1857|106|120|HOH|4343|576|590|-O--|2828|8|3|0001|2.829813|-0.023676|-0.815601|0.578130|8.915771|0.061835|0.097108
394|200|-1|1858|112|106|HOH|4343|582|576|-O--|2828|8|3|0001|2.828990|-0.397668|0.405092|0.823262|9.265141|0.061973|0.097325
394|201|-1|1858|106|112|HOH|4343|576|582|-O--|2828|8|3|0001|2.828990|0.397668|-0.405092|-0.823262|9.265141|0.061973|0.097325
394|202|-1|1859|114|110|HOH|4343|584|580|-O--|2828|8|3|0001|2.665457|0.441950|0.129433|0.887653|3.744035|0.096417|0.151416
394|203|-1|1859|110|114|HOH|4343|580|584|-O--|2828|8|3|0001|2.665457|-0.441950|-0.129433|-0.887653|3.744035|0.096417|0.151416
394|204|-1|1860|113|110|HOH|4343|583|580|-O--|2828|8|3|0001|3.610450|-0.758908|-0.363390|0.540376|2.698019|0.007498|0.011775
394|205|-1|1860|110|113|HOH|4343|580|583|-O--|2828|8|3|0001|3.610450|0.758908|0.363390|-0.540376|2.698019|0.007498|0.011775
394|206|-1|1861|120|110|HOH|4343|590|580|-O--|2828|8|3|0001|2.850443|-0.107703|-0.860568|-0.497817|21.047941|0.058482|0.091842
394|207|-1|1861|110|120|HOH|4343|580|590|-O--|2828|8|3|0001|2.850443|0.107703|0.860568|0.497817|21.047941|0.058482|0.091842
394|208|-1|1862|113|112|HOH|4343|583|582|-O--|2828|8|3|0001|2.682892|-0.462560|0.858402|-0.221776|2.013612|0.091979|0.144447
394|209|-1|1862|112|113|HOH|4343|582|583|-O--|2828|8|3|0001|2.682892|0.462560|-0.858402|0.221776|2.013612|0.091979|0.144447
394|210|-1|1863|131|119|HOH|4343|601|589|-O--|2828|8|3|0001|3.103691|0.932116|0.172698|0.318331|10.950877|0.029496|0.046322
394|211|-1|1863|119|131|HOH|4343|589|601|-O--|2828|8|3|0001|3.103691|-0.932116|-0.172698|-0.318331|10.950877|0.029496|0.046322
394|212|-1|1864|127|121|HOH|4343|597|591|-O--|2828|8|3|0001|3.081284|-0.402755|0.846076|0.349205|1.893054|0.031338|0.049214
394|213|-1|1864|121|127|HOH|4343|591|597|-O--|2828|8|3|0001|3.081284|0.402755|-0.846076|-0.349205|1.893054|0.031338|0.049214
394|214|-1|1865|131|121|HOH|4343|601|591|-O--|2828|8|3|0001|3.227541|-0.342366|-0.342366|-0.874969|34.788788|0.021106|0.033145
394|215|-1|1865|121|131|HOH|4343|591|601|-O--|2828|8|3|0001|3.227541|0.342366|0.342366|0.874969|34.788788|0.021106|0.033145
394|216|-1|1866|124|122|HOH|4343|594|592|-O--|2828|8|3|0001|2.733244|0.253545|-0.751123|-0.609532|5.725059|0.080276|0.126069
394|217|-1|1866|122|124|HOH|4343|592|594|-O--|2828|8|3|0001|2.733244|-0.253545|0.751123|0.609532|5.725059|0.080276|0.126069
394|218|-1|1867|126|125|HOH|4343|596|595|-O--|2828|8|3|0001|3.187063|-0.079383|-0.996842|0.001882|20.576946|0.023546|0.036977
394|219|-1|1867|125|126|HOH|4343|595|596|-O--|2828|8|3|0001|3.187063|0.079383|0.996842|-0.001882|20.576946|0.023546|0.036977
394|220|-1|1868|0|106|VAL|543|0|576|-N--|128|7|4|1011|4.193183|-0.815924|0.041735|-0.576650|1.771165|0.002206|0.003891
394|221|-1|1869|0|112|VAL|543|0|582|-N--|128|7|4|1011|2.650669|-0.866316|0.498366|-0.033577|11.849617|0.142594|0.251532
394|222|-1|1870|0|113|VAL|543|0|583|-N--|128|7|4|1011|3.836008|-0.275109|0.944733|-0.178310|14.912169|0.005791|0.010216
394|223|-1|1871|0|100|VAL|543|0|570|-N--|128|7|4|1011|4.291007|0.077762|0.706828|-0.703099|2.427727|0.001693|0.002987
394|224|-1|1877|0|112|VAL|543|3|582|-O--|428|8|2|1011|3.515260|-0.397216|0.559561|-0.727400|7.913716|0.009698|0.015230
394|225|-1|1882|1|118|ASP|2143|7|588|-N--|128|7|4|1011|4.987102|-0.959940|0.223778|-0.168635|3.881307|0.000258|0.000455
394|226|-1|1883|1|106|ASP|2143|7|576|-N--|128|7|4|1011|4.982143|-0.262201|0.510825|-0.818724|1.466050|0.000262|0.000461
394|227|-1|1884|1|112|ASP|2143|7|582|-N--|128|7|4|1011|4.088872|-0.044344|0.902694|-0.427991|11.404395|0.002924|0.005158
394|228|-1|1894|1|118|ASP|2143|13|588|-OD1|1028|8|2|1011|4.300642|-0.374670|0.374829|-0.848013|2.041553|0.001161|0.001823
394|229|-1|1896|1|104|ASP|2143|13|574|-OD1|1028|8|2|1011|4.427526|-0.361900|0.916991|0.167796|11.364316|0.000824|0.001294
394|230|-1|1900|1|83|ASP|2143|14|553|-OD2|1028|8|2|1011|4.850725|-0.631312|0.627742|-0.455396|10.633650|0.000263|0.000412
394|231|-1|1901|1|118|ASP|2143|14|588|-OD2|1028|8|2|1011|3.466544|-0.127885|0.781471|-0.610695|3.081201|0.011063|0.017373
394|232|-1|1902|1|124|ASP|2143|14|594|-OD2|1028|8|2|1011|4.463250|-0.832201|0.539518|0.127915|5.908288|0.000748|0.001175
394|233|-1|1924|2|107|MET|1743|21|577|-SD-|1628|16|3|1011|4.679275|0.437461|-0.717419|0.542161|3.297858|0.001527|0.002417
394|234|-1|1934|3|102|SER|1143|26|572|-O--|428|8|2|1011|3.819595|-0.166332|0.302388|0.938560|11.658905|0.004261|0.006691
394|235|-1|1945|3|102|SER|1143|28|572|-OG-|1728|8|3|1011|4.205977|-0.166268|-0.717074|0.676875|5.180221|0.001499|0.002355
394|236|-1|1952|3|75|SER|1143|28|545|-OG-|1728|8|3|1011|3.891401|0.284134|0.793031|0.538859|9.832507|0.003509|0.005511
394|237|-1|1977|7|107|LYS|2943|51|577|-N--|128|7|4|1011|4.981492|0.348490|0.926630|0.141106|22.246344|0.000262|0.000462
394|238|-1|2000|7|130|LYS|2943|59|600|-NZ-|1428|7|5|1011|2.776474|-0.165678|0.153072|0.974228|5.553325|0.101493|0.179031
394|239|-1|2002|8|107|THR|1343|60|577|-N--|128|7|4|1011|3.827083|-0.340207|0.823865|0.453327|21.853407|0.005933|0.010465
394|240|-1|2007|8|107|THR|1343|65|577|-OG1|1728|8|3|1011|2.599574|-0.269275|0.157334|0.950125|18.553680|0.115209|0.180928
394|241|-1|2025|10|129|ASP|2143|85|599|-OD1|1028|8|2|1011|4.996977|-0.357352|0.843110|0.401827|22.874954|0.000177|0.000278
394|242|-1|2069|12|126|GLN|2743|103|596|-NE2|928|7|4|1011|4.978665|0.445429|-0.529057|0.722282|31.537354|0.000264|0.000466
394|243|-1|2077|13|85|ASP|2143|104|555|-N--|128|7|4|1011|4.005272|0.517149|-0.427436|-0.741523|23.349043|0.003665|0.006465
394|244|-1|2097|13|98|ASP|2143|107|568|-O--|428|8|2|1011|4.734162|0.212988|-0.229607|-0.949693|4.627944|0.000360|0.000565
394|245|-1|2098|13|82|ASP|2143|107|552|-O--|428|8|2|1011|3.940733|-0.283368|0.158854|-0.945763|3.689659|0.003071|0.004823
394|246|-1|2100|13|72|ASP|2143|107|542|-O--|428|8|2|1011|4.649564|0.720136|-0.124097|-0.682645|7.842752|0.000452|0.000710
394|247|-1|2113|13|98|ASP|2143|111|568|-OD2|1028|8|2|1011|3.850574|0.467806|0.663798|-0.583549|4.076979|0.003918|0.006153
394|248|-1|2114|13|82|ASP|2143|111|552|-OD2|1028|8|2|1011|4.529197|-0.071465|0.942551|-0.326327|5.021204|0.000626|0.000983
394|249|-1|2115|13|85|ASP|2143|111|555|-OD2|1028|8|2|1011|4.522064|0.956935|-0.263596|0.121626|7.278616|0.000638|0.001002
394|250|-1|2124|14|76|GLY|143|115|546|-O--|428|8|2|1011|2.747345|0.216690|0.695218|0.685359|6.186692|0.077274|0.121354
394|251|-1|2125|15|76|SER|1143|116|546|-N--|128|7|4|1011|4.862597|0.006030|0.755976|0.654572|8.626332|0.000361|0.000637
394|252|-1|2126|15|82|SER|1143|124|552|-OG-|1728|8|3|1011|4.510404|0.621745|0.543189|-0.564251|3.524989|0.000659|0.001034
394|253|-1|2130|16|129|LYS|2943|133|599|-NZ-|1428|7|5|1011|2.722110|-0.032945|0.794973|0.605750|11.220531|0.117556|0.207366
394|254|-1|2131|18|107|HIS|3343|147|577|-ND1|1328|7|3|1011|4.935156|0.055723|-0.127858|0.990226|16.069271|0.000297|0.000524
394|255|-1|2150|21|102|LYS|2943|177|572|-NZ-|1428|7|5|1011|4.659407|0.269923|0.863200|0.426646|0.784423|0.000626|0.001104
394|256|-1|2187|24|101|LYS|2943|198|571|-NZ-|1428|7|5|1011|2.939108|-0.817813|-0.459323|-0.346704|6.460490|0.065394|0.115354
394|257|-1|2188|24|119|LYS|2943|198|589|-NZ-|1428|7|5|1011|3.695047|-0.822897|0.520968|-0.226790|0.712245|0.008477|0.014953
394|258|-1|2204|26|70|GLY|143|207|540|-N--|128|7|4|1011|4.983434|0.132174|0.576310|-0.806472|2.027874|0.000261|0.000460
394|259|-1|2217|26|70|GLY|143|210|540|-O--|428|8|2|1011|4.954719|-0.358914|0.343511|-0.867860|4.451921|0.000198|0.000311
394|260|-1|2221|27|70|MET|1743|211|540|-N--|128|7|4|1011|2.953738|-0.553644|0.168262|-0.815577|5.288018|0.062859|0.110882
394|261|-1|2233|27|70|MET|1743|214|540|-O--|428|8|2|1011|3.193205|-0.707227|-0.593447|-0.384253|4.079387|0.023158|0.036368
394|262|-1|2234|27|69|MET|1743|214|539|-O--|428|8|2|1011|4.024501|-0.629723|0.752889|0.191328|5.711289|0.002449|0.003846
394|263|-1|2240|28|69|GLU|2543|226|539|-OE1|1028|8|2|1011|4.805811|-0.653859|-0.306711|-0.691663|2.670162|0.000296|0.000465
394|264|-1|2245|29|81|ASN|2343|234|551|-OD1|828|8|2|1011|4.944521|0.445609|-0.504396|-0.739607|7.949872|0.000204|0.000320
394|265|-1|2246|29|81|ASN|2343|235|551|-ND2|928|7|4|1011|2.895999|0.457293|-0.694405|-0.555594|5.289912|0.073475|0.129608
394|266|-1|2247|29|79|ASN|2343|235|549|-ND2|928|7|4|1011|3.945587|0.832150|-0.002787|-0.554543|4.483205|0.004307|0.007597
394|267|-1|2251|30|76|LYS|2943|240|546|-O--|428|8|2|1011|4.507340|0.419165|-0.660255|0.623188|4.052434|0.000664|0.001043
394|268|-1|2252|30|109|LYS|2943|240|579|-O--|428|8|2|1011|4.443928|0.545310|0.226152|0.807151|28.420874|0.000788|0.001238
394|269|-1|2300|31|119|PHE|3543|254|589|-O--|428|8|2|1011|4.578902|-0.556754|0.652995|-0.513442|21.405083|0.000547|0.000859
394|270|-1|2311|32|69|GLY|143|265|539|-O--|428|8|2|1011|4.354436|-0.558814|-0.828120|0.044093|0.938005|0.001004|0.001577
394|271|-1|2313|33|69|LYS|2943|269|539|-O--|428|8|2|1011|4.815584|-0.883241|-0.131863|0.449997|4.289102|0.000289|0.000453
394|272|-1|2320|33|124|LYS|2943|274|594|-NZ-|1428|7|5|1011|4.116800|0.253352|-0.841430|-0.477293|8.736462|0.002711|0.004783
394|273|-1|2321|34|69|SER|1143|275|539|-N--|128|7|4|1011|3.844988|-0.573557|-0.293888|0.764632|8.604155|0.005653|0.009971
394|274|-1|2327|34|70|SER|1143|280|540|-OG-|1728|8|3|1011|3.510398|0.105595|-0.917274|0.384002|6.435469|0.009826|0.015431
394|275|-1|2328|34|69|SER|1143|280|539|-OG-|1728|8|3|1011|3.755666|0.025210|0.453982|0.890654|3.475788|0.005064|0.007953
394|276|-1|2329|35|70|MET|1743|281|540|-N--|128|7|4|1011|4.122170|-0.655800|-0.641894|0.397364|4.211622|0.002672|0.004714
394|277|-1|2332|35|70|MET|1743|284|540|-O--|428|8|2|1011|2.776371|-0.784592|0.024853|0.619514|4.982601|0.071444|0.112198
394|278|-1|2336|35|81|MET|1743|287|551|-SD-|1628|16|3|1011|4.492956|0.455006|0.705550|-0.543295|6.164463|0.002526|0.004000
394|279|-1|2339|36|70|ASN|2343|289|540|-N--|128|7|4|1011|4.811527|-0.604033|0.043022|0.795797|5.626184|0.000415|0.000732
394|280|-1|2340|36|123|ASN|2343|289|593|-N--|128|7|4|1011|4.759474|0.900730|0.137620|-0.412003|40.775707|0.000477|0.000842
394|281|-1|2352|36|73|ASN|2343|295|543|-OD1|828|8|2|1011|2.780254|0.909270|-0.321194|-0.264695|9.946033|0.070698|0.111027
394|282|-1|2353|36|115|ASN|2343|295|585|-OD1|828|8|2|1011|4.495065|0.764394|-0.594652|0.249180|2.399336|0.000686|0.001078
394|283|-1|2354|36|105|ASN|2343|296|575|-ND2|928|7|4|1011|4.078604|-0.260138|-0.950325|0.170912|6.064326|0.003006|0.005303
394|284|-1|2355|36|73|ASN|2343|296|543|-ND2|928|7|4|1011|4.902004|0.860056|-0.238882|-0.450820|9.930532|0.000325|0.000573
394|285|-1|2356|37|105|MET|1743|297|575|-N--|128|7|4|1011|4.707452|-0.730756|-0.318644|-0.603706|10.410679|0.000549|0.000969
394|286|-1|2357|37|115|MET|1743|297|585|-N--|128|7|4|1011|4.797966|0.572118|-0.119843|-0.811369|0.808850|0.000430|0.000759
394|287|-1|2360|38|115|PRO|1943|305|585|-N--|128|7|4|1011|4.073179|-0.057940|0.319897|-0.945679|9.029027|0.003051|0.005381
394|288|-1|2412|44|126|GLU|2543|357|596|-OE2|1028|8|2|1011|4.624597|0.353467|0.020759|0.935217|56.479454|0.000484|0.000760
394|289|-1|2414|48|125|GLY|143|384|595|-N--|128|7|4|1011|4.724016|0.785908|-0.616848|0.042972|16.485147|0.000525|0.000927
394|290|-1|2415|48|126|GLY|143|384|596|-N--|128|7|4|1011|3.979232|0.996585|0.066093|0.049507|51.806980|0.003933|0.006937
394|291|-1|2484|54|93|LYS|2943|436|563|-NZ-|1428|7|5|1011|4.967062|-0.461311|-0.831679|0.309036|10.297611|0.000272|0.000480
394|292|-1|2615|60|128|ARG|3143|486|598|-O--|428|8|2|1011|4.742708|0.019534|-0.104160|0.994369|27.294691|0.000352|0.000552
394|293|-1|2628|60|128|ARG|3143|490|598|-NE-|728|7|4|1011|4.243134|0.379588|-0.888023|0.259478|1.562913|0.001927|0.003399
394|294|-1|2636|60|128|ARG|3143|493|598|-NH2|728|7|4|1011|3.688129|0.574991|-0.777359|-0.255143|10.009716|0.008637|0.015235
394|295|-1|2638|61|128|LEU|743|497|598|-O--|428|8|2|1011|3.527642|-0.585762|-0.286877|0.758013|17.076820|0.009379|0.014729
394|296|-1|2640|62|128|ASP|2143|502|598|-N--|128|7|4|1011|4.668572|-0.558920|0.189351|0.807313|17.786987|0.000610|0.001077
394|297|-1|2645|62|128|ASP|2143|508|598|-OD1|1028|8|2|1011|4.116918|-0.451152|0.877841|0.160800|17.370703|0.001908|0.002996
394|298|-1|2646|63|128|GLU|2543|510|598|-N--|128|7|4|1011|3.265939|-0.963079|0.236685|0.128294|9.899385|0.027034|0.047688
394|299|-1|2650|63|128|GLU|2543|517|598|-OE1|1028|8|2|1011|4.916853|-0.525205|-0.515777|-0.676856|8.576897|0.000220|0.000345
394|300|-1|2651|63|93|GLU|2543|517|563|-OE1|1028|8|2|1011|4.261034|0.116170|0.579906|0.806358|20.058966|0.001292|0.002029
394|301|-1|2652|63|93|GLU|2543|518|563|-OE2|1028|8|2|1011|3.562315|-0.382335|0.673158|0.632992|15.511609|0.008540|0.013411
394|302|-1|2655|65|111|LEU|743|527|581|-O--|428|8|2|1011|4.475211|0.437665|-0.834597|-0.334510|0.160636|0.000724|0.001137
394|303|-1|2659|67|70|SCN|5343|533|540|-S--|3328|16|1|1011|4.963809|0.130077|-0.273983|-0.952897|2.322908|0.000708|0.001120
394|304|-1|2660|67|69|SCN|5343|533|539|-S--|3328|16|1|1011|4.507239|0.082019|0.790951|-0.606358|7.798960|0.002431|0.003848
394|305|-1|2662|67|71|SCN|5343|535|541|-N--|3028|7|2|1011|4.628631|-0.420496|0.577493|-0.699775|2.615922|0.000680|0.001199
394|306|-1|2663|67|106|SCN|5343|535|576|-N--|3028|7|2|1011|4.929998|-0.495603|0.868155|0.026166|17.072182|0.000301|0.000531
394|307|-1|2664|67|69|SCN|5343|535|539|-N--|3028|7|2|1011|4.636055|0.575636|0.396674|-0.715048|6.371663|0.000666|0.001175
394|308|-1|2665|98|69|HOH|4343|568|539|-O--|2828|8|3|1011|4.100375|0.282579|0.587262|0.758467|1.033921|0.001995|0.003133
394|309|-1|2665|69|98|HOH|4343|539|568|-O--|2828|8|3|1011|4.100375|-0.282579|-0.587262|-0.758467|1.033921|0.001995|0.003133
394|310|-1|2666|82|69|HOH|4343|552|539|-O--|2828|8|3|1011|4.092169|0.802430|0.169836|0.572068|1.834100|0.002039|0.003203
394|311|-1|2666|69|82|HOH|4343|539|552|-O--|2828|8|3|1011|4.092169|-0.802430|-0.169836|-0.572068|1.834100|0.002039|0.003203
394|312|-1|2667|72|69|HOH|4343|542|539|-O--|2828|8|3|1011|2.862664|-0.412665|0.663017|0.624593|1.344597|0.056582|0.088858
394|313|-1|2667|69|72|HOH|4343|539|542|-O--|2828|8|3|1011|2.862664|0.412665|-0.663017|-0.624593|1.344597|0.056582|0.088858
394|314|-1|2668|94|70|HOH|4343|564|540|-O--|2828|8|3|1011|4.264150|0.057850|0.480283|-0.875204|24.362740|0.001281|0.002012
394|315|-1|2668|70|94|HOH|4343|540|564|-O--|2828|8|3|1011|4.264150|-0.057850|-0.480283|0.875204|24.362740|0.001281|0.002012
394|316|-1|2669|86|70|HOH|4343|556|540|-O--|2828|8|3|1011|4.542028|0.016883|-0.810871|-0.584981|58.748295|0.000605|0.000950
394|317|-1|2669|70|86|HOH|4343|540|556|-O--|2828|8|3|1011|4.542028|-0.016883|0.810871|0.584981|58.748295|0.000605|0.000950
394|318|-1|2670|98|71|HOH|4343|568|541|-O--|2828|8|3|1011|4.860944|-0.711039|0.323804|0.624159|8.570367|0.000255|0.000401
394|319|-1|2670|71|98|HOH|4343|541|568|-O--|2828|8|3|1011|4.860944|0.711039|-0.323804|-0.624159|8.570367|0.000255|0.000401
394|320|-1|2671|82|71|HOH|4343|552|541|-O--|2828|8|3|1011|2.630963|-0.506021|-0.052833|0.860902|7.439251|0.105838|0.166212
394|321|-1|2671|71|82|HOH|4343|541|552|-O--|2828|8|3|1011|2.630963|0.506021|0.052833|-0.860902|7.439251|0.105838|0.166212
394|322|-1|2672|100|72|HOH|4343|570|542|-O--|2828|8|3|1011|4.373459|0.580392|-0.777646|-0.241685|6.722664|0.000954|0.001498
394|323|-1|2672|72|100|HOH|4343|542|570|-O--|2828|8|3|1011|4.373459|-0.580392|0.777646|0.241685|6.722664|0.000954|0.001498
394|324|-1|2673|76|75|HOH|4343|546|545|-O--|2828|8|3|1011|4.010064|0.097424|-0.983776|0.150641|2.101600|0.002546|0.003999
394|325|-1|2673|75|76|HOH|4343|545|546|-O--|2828|8|3|1011|4.010064|-0.097424|0.983776|-0.150641|2.101600|0.002546|0.003999
394|326|-1|2674|102|76|HOH|4343|572|546|-O--|2828|8|3|1011|2.583454|0.547453|0.834928|-0.056482|13.871256|0.120339|0.188984
394|327|-1|2674|76|102|HOH|4343|546|572|-O--|2828|8|3|1011|2.583454|-0.547453|-0.834928|0.056482|13.871256|0.120339|0.188984
394|328|-1|2675|118|79|HOH|4343|588|549|-O--|2828|8|3|1011|4.861762|0.813146|-0.512778|-0.275414|11.733824|0.000255|0.000400
394|329|-1|2675|79|118|HOH|4343|549|588|-O--|2828|8|3|1011|4.861762|-0.813146|0.512778|0.275414|11.733824|0.000255|0.000400
394|330|-1|2676|106|79|HOH|4343|576|549|-O--|2828|8|3|1011|4.383080|0.107760|-0.894805|0.433257|8.488061|0.000929|0.001459
394|331|-1|2676|79|106|HOH|4343|549|576|-O--|2828|8|3|1011|4.383080|-0.107760|0.894805|-0.433257|8.488061|0.000929|0.001459
394|332|-1|2677|118|81|HOH|4343|588|551|-O--|2828|8|3|1011|2.810532|0.709588|-0.175413|-0.682433|10.722131|0.065143|0.102303
394|333|-1|2677|81|118|HOH|4343|551|588|-O--|2828|8|3|1011|2.810532|-0.709588|0.175413|0.682433|10.722131|0.065143|0.102303
394|334|-1|2678|106|81|HOH|4343|576|551|-O--|2828|8|3|1011|2.765269|-0.537626|-0.695051|0.477350|7.583368|0.073620|0.115616
394|335|-1|2678|81|106|HOH|4343|551|576|-O--|2828|8|3|1011|2.765269|0.537626|0.695051|-0.477350|7.583368|0.073620|0.115616
394|336|-1|2679|112|81|HOH|4343|582|551|-O--|2828|8|3|1011|4.153505|-0.628790|-0.738654|-0.242927|20.330759|0.001728|0.002714
394|337|-1|2679|81|112|HOH|4343|551|582|-O--|2828|8|3|1011|4.153505|0.628790|0.738654|0.242927|20.330759|0.001728|0.002714
394|338|-1|2680|106|82|HOH|4343|576|552|-O--|2828|8|3|1011|2.758240|0.662858|-0.633013|-0.399893|10.429025|0.075032|0.117833
394|339|-1|2680|82|106|HOH|4343|552|576|-O--|2828|8|3|1011|2.758240|-0.662858|0.633013|0.399893|10.429025|0.075032|0.117833
394|340|-1|2681|120|82|HOH|4343|590|552|-O--|2828|8|3|1011|4.506802|0.420546|-0.899530|0.118266|0.981392|0.000665|0.001044
394|341|-1|2681|82|120|HOH|4343|552|590|-O--|2828|8|3|1011|4.506802|-0.420546|0.899530|-0.118266|0.981392|0.000665|0.001044
394|342|-1|2682|112|82|HOH|4343|582|552|-O--|2828|8|3|1011|4.542791|0.154821|-0.636613|-0.755482|24.483130|0.000603|0.000948
394|343|-1|2682|82|112|HOH|4343|552|582|-O--|2828|8|3|1011|4.542791|-0.154821|0.636613|0.755482|24.483130|0.000603|0.000948
394|344|-1|2683|96|85|HOH|4343|566|555|-O--|2828|8|3|1011|4.840349|0.911571|-0.411128|0.003512|4.367285|0.000270|0.000424
394|345|-1|2683|85|96|HOH|4343|555|566|-O--|2828|8|3|1011|4.840349|-0.911571|0.411128|-0.003512|4.367285|0.000270|0.000424
394|346|-1|2684|92|85|HOH|4343|562|555|-O--|2828|8|3|1011|3.168272|0.773077|-0.330150|0.541620|7.632607|0.024772|0.038903
394|347|-1|2684|85|92|HOH|4343|555|562|-O--|2828|8|3|1011|3.168272|-0.773077|0.330150|-0.541620|7.632607|0.024772|0.038903
394|348|-1|2685|100|85|HOH|4343|570|555|-O--|2828|8|3|1011|3.816726|0.713785|0.224538|-0.663396|1.864557|0.004294|0.006743
394|349|-1|2685|85|100|HOH|4343|555|570|-O--|2828|8|3|1011|3.816726|-0.713785|-0.224538|0.663396|1.864557|0.004294|0.006743
394|350|-1|2686|119|85|HOH|4343|589|555|-O--|2828|8|3|1011|4.256699|-0.378152|-0.741890|0.553715|1.525056|0.001307|0.002053
394|351|-1|2686|85|119|HOH|4343|555|589|-O--|2828|8|3|1011|4.256699|0.378152|0.741890|-0.553715|1.525056|0.001307|0.002053
394|352|-1|2687|131|85|HOH|4343|601|555|-O--|2828|8|3|1011|4.143272|0.309736|-0.891566|0.330415|8.757557|0.001776|0.002790
394|353|-1|2687|85|131|HOH|4343|555|601|-O--|2828|8|3|1011|4.143272|-0.309736|0.891566|-0.330415|8.757557|0.001776|0.002790
394|354|-1|2688|129|88|HOH|4343|599|558|-O--|2828|8|3|1011|3.883318|-0.703605|-0.639145|-0.310538|25.045601|0.003586|0.005632
394|355|-1|2688|88|129|HOH|4343|558|599|-O--|2828|8|3|1011|3.883318|0.703605|0.639145|0.310538|25.045601|0.003586|0.005632
394|356|-1|2689|132|93|HOH|4343|602|563|-O--|2828|8|3|1011|4.858828|-0.748667|0.387954|-0.537578|14.193875|0.000257|0.000403
394|357|-1|2689|93|132|HOH|4343|563|602|-O--|2828|8|3|1011|4.858828|0.748667|-0.387954|0.537578|14.193875|0.000257|0.000403
394|358|-1|2690|106|98|HOH|4343|576|568|-O--|2828|8|3|1011|3.967542|0.996416|-0.008318|-0.084183|9.257533|0.002856|0.004486
394|359|-1|2690|98|106|HOH|4343|568|576|-O--|2828|8|3|1011|3.967542|-0.996416|0.008318|0.084183|9.257533|0.002856|0.004486
394|360|-1|2691|120|98|HOH|4343|590|568|-O--|2828|8|3|1011|4.830990|0.832194|-0.484580|0.269510|0.221643|0.000277|0.000435
394|361|-1|2691|98|120|HOH|4343|568|590|-O--|2828|8|3|1011|4.830990|-0.832194|0.484580|-0.269510|0.221643|0.000277|0.000435
394|362|-1|2692|112|98|HOH|4343|582|568|-O--|2828|8|3|1011|4.059680|0.696685|-0.290418|-0.655963|22.773693|0.002227|0.003497
394|363|-1|2692|98|112|HOH|4343|568|582|-O--|2828|8|3|1011|4.059680|-0.696685|0.290418|0.655963|22.773693|0.002227|0.003497
394|364|-1|2693|113|98|HOH|4343|583|568|-O--|2828|8|3|1011|4.349776|0.364920|-0.800501|-0.475427|26.803257|0.001017|0.001597
394|365|-1|2693|98|113|HOH|4343|568|583|-O--|2828|8|3|1011|4.349776|-0.364920|0.800501|0.475427|26.803257|0.001017|0.001597
394|366|-1|2694|100|98|HOH|4343|570|568|-O--|2828|8|3|1011|2.909889|0.068155|-0.993510|0.091069|10.155542|0.049802|0.078211
394|367|-1|2694|98|100|HOH|4343|568|570|-O--|2828|8|3|1011|2.909889|-0.068155|0.993510|-0.091069|10.155542|0.049802|0.078211
394|368|-1|2695|103|100|HOH|4343|573|570|-O--|2828|8|3|1011|4.388694|-0.879378|-0.327433|0.345661|0.765012|0.000915|0.001437
394|369|-1|2695|100|103|HOH|4343|570|573|-O--|2828|8|3|1011|4.388694|0.879378|0.327433|-0.345661|0.765012|0.000915|0.001437
394|370|-1|2696|109|102|HOH|4343|579|572|-O--|2828|8|3|1011|2.824281|-0.689847|-0.645829|-0.327134|3.745854|0.062767|0.098571
394|371|-1|2696|102|109|HOH|4343|572|579|-O--|2828|8|3|1011|2.824281|0.689847|0.645829|0.327134|3.745854|0.062767|0.098571
394|372|-1|2697|129|104|HOH|4343|599|574|-O--|2828|8|3|1011|4.334087|0.052532|-0.955219|0.291199|5.810049|0.001061|0.001666
394|373|-1|2697|104|129|HOH|4343|574|599|-O--|2828|8|3|1011|4.334087|-0.052532|0.955219|-0.291199|5.810049|0.001061|0.001666
394|374|-1|2698|129|122|HOH|4343|599|592|-O--|2828|8|3|1011|4.371793|-0.539669|-0.787778|0.296922|0.895063|0.000958|0.001504
394|375|-1|2698|122|129|HOH|4343|592|599|-O--|2828|8|3|1011|4.371793|0.539669|0.787778|-0.296922|0.895063|0.000958|0.001504
394|376|-1|2699|129|124|HOH|4343|599|594|-O--|2828|8|3|1011|4.476307|-0.681884|-0.310748|0.662171|4.668764|0.000722|0.001134
394|377|-1|2699|124|129|HOH|4343|594|599|-O--|2828|8|3|1011|4.476307|0.681884|0.310748|-0.662171|4.668764|0.000722|0.001134
394|378|-1|2700|128|128|HOH|4343|598|598|-O--|2828|8|3|1011|3.644163|-0.997936|0.064212|-0.000000|0.000000|0.006845|0.010750
394|379|-1|2700|128|128|HOH|4343|598|598|-O--|2828|8|3|1011|3.644163|0.997936|-0.064212|0.000000|0.000000|0.006845|0.010750
