1|0|-1|5713|178|1569|GLU|_CO|2546|1388|12216|-OE1|CO--|1040|8|27|2|0011|3.308619|-0.954477|0.229098|-0.191017|2.541068|0.012661|0.026623
1|1|-1|5721|178|1569|GLU|_CO|2546|1389|12216|-OE2|CO--|1040|8|27|2|0011|2.100441|-0.829826|-0.436575|-0.347551|3.646831|0.331577|0.697221
1|2|-1|6923|214|1569|GLU|_CO|2546|1668|12216|-OE1|CO--|1040|8|27|2|0011|2.028263|0.353504|-0.856890|0.375199|3.539090|0.403000|0.847406
1|3|-1|6925|214|1570|GLU|_CO|2546|1668|12217|-OE1|CO--|1040|8|27|2|0011|3.132241|-0.481125|0.110464|0.869664|0.314738|0.020393|0.042882
1|4|-1|6932|214|1569|GLU|_CO|2546|1669|12216|-OE2|CO--|1040|8|27|2|0011|3.719536|0.603570|-0.794992|-0.060760|4.450769|0.004170|0.008769
1|5|-1|6934|214|1570|GLU|_CO|2546|1669|12217|-OE2|CO--|1040|8|27|2|0011|1.944155|0.010802|-0.449039|0.893447|1.016395|0.505858|1.063689
1|6|-1|7054|217|1570|HIS|_CO|3346|1690|12217|-NE2|CO--|1340|7|27|3|0011|2.190418|-0.713106|-0.672474|-0.198138|13.514447|0.387873|0.872611
1|7|-1|7895|242|1569|ASP|_CO|2146|1899|12216|-OD2|CO--|1040|8|27|2|0011|2.103683|-0.434477|0.211059|0.875605|0.253609|0.328685|0.691140
1|8|-1|8322|254|1570|ASP|_CO|2146|1993|12217|-OD1|CO--|1040|8|27|2|0011|3.650496|0.935763|-0.147652|0.320228|3.008699|0.005025|0.010567
1|9|-1|9337|289|1569|ASP|_CO|2146|2254|12216|-OD2|CO--|1040|8|27|2|0011|2.046886|0.810988|0.555479|0.183690|8.349807|0.383218|0.805810
1|10|-1|18031|570|1572|GLU|_CO|2546|4439|12230|-OE1|CO--|1040|8|27|2|0011|3.249333|0.930960|-0.288059|0.224355|3.918448|0.014861|0.031249
1|11|-1|18040|570|1572|GLU|_CO|2546|4440|12230|-OE2|CO--|1040|8|27|2|0011|2.253424|0.430900|-0.623052|0.652788|5.676977|0.219289|0.461110
1|12|-1|19211|606|1573|GLU|_CO|2546|4719|12231|-OE1|CO--|1040|8|27|2|0011|3.283576|0.298760|-0.581378|-0.756797|4.882203|0.013547|0.028487
1|13|-1|19214|606|1572|GLU|_CO|2546|4719|12230|-OE1|CO--|1040|8|27|2|0011|2.064212|-0.819199|-0.565349|-0.096407|4.689443|0.365686|0.768945
1|14|-1|19221|606|1573|GLU|_CO|2546|4720|12231|-OE2|CO--|1040|8|27|2|0011|2.141854|-0.364171|-0.752619|-0.548584|6.967576|0.296466|0.623392
1|15|-1|19225|606|1572|GLU|_CO|2546|4720|12230|-OE2|CO--|1040|8|27|2|0011|3.729282|-0.925647|-0.233289|0.297915|6.747645|0.004062|0.008541
1|16|-1|19348|609|1573|HIS|_CO|3346|4741|12231|-NE2|CO--|1340|7|27|3|0011|2.295466|0.182098|-0.763243|0.619920|12.404864|0.292004|0.656930
1|17|-1|20172|634|1572|ASP|_CO|2146|4950|12230|-OD2|CO--|1040|8|27|2|0011|2.259894|0.379664|-0.510201|-0.771719|3.509225|0.215489|0.453117
1|18|-1|20509|644|1573|ASP|_CO|2146|5027|12231|-OD1|CO--|1040|8|27|2|0011|3.966439|-0.706427|0.443471|0.551629|20.604576|0.002140|0.004499
1|19|-1|20586|646|1573|ASP|_CO|2146|5044|12231|-OD1|CO--|1040|8|27|2|0011|3.828301|-0.865397|0.326255|-0.380324|1.894807|0.003108|0.006535
1|20|-1|21572|681|1572|ASP|_CO|2146|5305|12230|-OD2|CO--|1040|8|27|2|0011|2.111685|-0.310652|0.761951|-0.568265|1.752816|0.321652|0.676353
1|21|-1|30063|962|1575|GLU|_CO|2546|7490|12244|-OE1|CO--|1040|8|27|2|0011|3.478939|-0.699638|0.419957|0.578050|0.883770|0.007990|0.016801
1|22|-1|30076|962|1575|GLU|_CO|2546|7491|12244|-OE2|CO--|1040|8|27|2|0011|2.139745|-0.191612|0.816920|0.543991|4.521820|0.298161|0.626957
1|23|-1|31167|998|1576|GLU|_CO|2546|7770|12245|-OE1|CO--|1040|8|27|2|0011|3.307985|-0.689544|0.354595|-0.631499|6.291191|0.012683|0.026668
1|24|-1|31172|998|1575|GLU|_CO|2546|7770|12244|-OE1|CO--|1040|8|27|2|0011|2.153276|0.581439|0.422613|-0.695217|3.541895|0.287454|0.604442
1|25|-1|31182|998|1576|GLU|_CO|2546|7771|12245|-OE2|CO--|1040|8|27|2|0011|2.127540|-0.028202|0.496348|-0.867666|6.061384|0.308160|0.647983
1|26|-1|31187|998|1575|GLU|_CO|2546|7771|12244|-OE2|CO--|1040|8|27|2|0011|3.776651|0.919598|0.209976|-0.332040|3.353671|0.003574|0.007514
1|27|-1|31303|1001|1576|HIS|_CO|3346|7792|12245|-NE2|CO--|1340|7|27|3|0011|2.204002|0.053992|0.914246|0.401547|16.913561|0.373892|0.841156
1|28|-1|32059|1026|1575|ASP|_CO|2146|8001|12244|-OD2|CO--|1040|8|27|2|0011|1.969237|-0.711444|0.295039|-0.637809|3.288894|0.472703|0.993973
1|29|-1|32482|1038|1576|ASP|_CO|2146|8095|12245|-OD1|CO--|1040|8|27|2|0011|3.724329|0.616487|-0.464782|-0.635548|0.273891|0.004116|0.008656
1|30|-1|33444|1073|1575|ASP|_CO|2146|8356|12244|-OD2|CO--|1040|8|27|2|0011|2.101270|0.019988|-0.913256|-0.406895|3.571162|0.330835|0.695661
1|31|-1|41483|1354|1578|GLU|_CO|2546|10541|12258|-OE1|CO--|1040|8|27|2|0011|3.289574|0.703435|-0.380902|-0.600077|3.325934|0.013330|0.028029
1|32|-1|41493|1354|1578|GLU|_CO|2546|10542|12258|-OE2|CO--|1040|8|27|2|0011|2.163866|0.457977|0.221361|-0.860962|5.993275|0.279344|0.587388
1|33|-1|42554|1390|1578|GLU|_CO|2546|10821|12258|-OE1|CO--|1040|8|27|2|0011|1.987246|-0.174614|0.945529|0.274747|4.160527|0.450246|0.946751
1|34|-1|42557|1390|1579|GLU|_CO|2546|10821|12259|-OE1|CO--|1040|8|27|2|0011|3.175863|0.874407|0.062662|0.481129|12.602901|0.018125|0.038113
1|35|-1|42563|1390|1578|GLU|_CO|2546|10822|12258|-OE2|CO--|1040|8|27|2|0011|3.816835|-0.554124|0.826863|0.096150|1.584365|0.003206|0.006741
1|36|-1|42569|1390|1579|GLU|_CO|2546|10822|12259|-OE2|CO--|1040|8|27|2|0011|2.239748|0.450497|0.659005|0.602300|8.529026|0.227547|0.478473
1|37|-1|42692|1393|1579|HIS|_CO|3346|10843|12259|-NE2|CO--|1340|7|27|3|0011|2.220479|0.416576|0.526916|-0.740826|29.469135|0.357607|0.804520
1|38|-1|43446|1418|1578|ASP|_CO|2146|11052|12258|-OD2|CO--|1040|8|27|2|0011|2.173019|0.871139|0.003679|0.491023|0.315254|0.272518|0.573036
1|39|-1|43777|1428|1579|ASP|_CO|2146|11129|12259|-OD1|CO--|1040|8|27|2|0011|3.842096|-0.845372|0.448975|-0.289425|13.267980|0.002994|0.006296
1|40|-1|43849|1430|1579|ASP|_CO|2146|11146|12259|-OD1|CO--|1040|8|27|2|0011|3.622753|-0.644262|0.294528|0.705819|4.409394|0.005417|0.011390
1|41|-1|44802|1465|1578|ASP|_CO|2146|11407|12258|-OD2|CO--|1040|8|27|2|0011|1.997946|-0.517531|-0.423935|0.743264|9.165650|0.437411|0.919764
1|42|-1|47523|1568|1570|SOR|_CO|5046|12210|12217|-O1-|CO--|3140|8|27|2|0011|2.203556|0.039482|0.377118|-0.925323|9.740323|0.250929|0.527640
1|43|-1|47526|1568|1569|SOR|_CO|5046|12211|12216|-O2-|CO--|3140|8|27|2|0011|2.186714|0.431240|-0.159143|-0.888091|4.930356|0.262615|0.552212
1|44|-1|47528|1568|1570|SOR|_CO|5046|12211|12217|-O2-|CO--|3140|8|27|2|0011|2.157568|-0.593724|0.804610|0.009731|9.696561|0.284139|0.597472
1|45|-1|47532|1568|1569|SOR|_CO|5046|12212|12216|-O3-|CO--|3140|8|27|2|0011|3.574121|0.510894|0.664779|-0.545029|2.527975|0.006178|0.012990
1|46|-1|47536|1568|1569|SOR|_CO|5046|12213|12216|-O4-|CO--|3140|8|27|2|0011|2.143057|-0.409696|0.825923|-0.387298|0.233010|0.295504|0.621370
1|47|-1|47543|1719|1569|HOH|_CO|4346|12399|12216|-O--|CO--|2840|8|27|3|0011|3.993279|0.937826|-0.171539|-0.301758|0.040092|0.001990|0.004184
1|48|-1|47544|1570|1569|_CO|_CO|4646|12217|12216|CO--|CO--|4040|27|27|1|0011|3.625270|0.613471|-0.574854|-0.541476|3.127992|-0.001000|-0.001000
1|49|-1|47544|1569|1570|_CO|_CO|4646|12216|12217|CO--|CO--|4040|27|27|1|0011|3.625270|-0.613471|0.574854|0.541476|3.127992|-0.001000|-0.001000
1|50|-1|47545|1719|1570|HOH|_CO|4346|12399|12217|-O--|CO--|2840|8|27|3|0011|2.201180|0.690993|0.635567|0.344359|3.074821|0.252546|0.531039
1|51|-1|47546|1770|1570|HOH|_CO|4346|12450|12217|-O--|CO--|2840|8|27|3|0011|3.750685|0.745464|0.272217|-0.608426|8.485047|0.003833|0.008061
1|52|-1|47547|1784|1570|HOH|_CO|4346|12464|12217|-O--|CO--|2840|8|27|3|0011|2.146985|0.750820|-0.645557|-0.139732|9.055121|0.292383|0.614808
1|53|-1|47595|1571|1573|SOR|_CO|5046|12224|12231|-O1-|CO--|3140|8|27|2|0011|2.232873|0.368136|0.681185|0.632821|4.560685|0.231814|0.487446
1|54|-1|47602|1571|1573|SOR|_CO|5046|12225|12231|-O2-|CO--|3140|8|27|2|0011|2.099569|0.941145|0.230524|-0.247192|1.108518|0.332360|0.698867
1|55|-1|47603|1571|1572|SOR|_CO|5046|12225|12230|-O2-|CO--|3140|8|27|2|0011|2.260482|-0.307899|0.542363|0.781691|0.964926|0.215146|0.452397
1|56|-1|47607|1571|1572|SOR|_CO|5046|12226|12230|-O3-|CO--|3140|8|27|2|0011|3.611323|0.050674|0.989942|0.132086|0.984717|0.005587|0.011747
1|57|-1|47612|1571|1572|SOR|_CO|5046|12227|12230|-O4-|CO--|3140|8|27|2|0011|2.227963|0.861774|0.506291|0.031867|1.544940|0.234911|0.493957
1|58|-1|47618|1871|1572|HOH|_CO|4346|12551|12230|-O--|CO--|2840|8|27|3|0011|3.833054|0.601609|0.236104|-0.763100|3.625793|0.003068|0.006452
1|59|-1|47619|1573|1572|_CO|_CO|4646|12231|12230|CO--|CO--|4040|27|27|1|0011|3.593873|-0.743488|0.206463|0.636081|0.130854|-0.001000|-0.001000
1|60|-1|47619|1572|1573|_CO|_CO|4646|12230|12231|CO--|CO--|4040|27|27|1|0011|3.593873|0.743488|-0.206463|-0.636081|0.130854|-0.001000|-0.001000
1|61|-1|47620|2004|1573|HOH|_CO|4346|12684|12231|-O--|CO--|2840|8|27|3|0011|3.942204|-0.370097|0.882755|0.289434|6.896944|0.002284|0.004804
1|62|-1|47621|1955|1573|HOH|_CO|4346|12635|12231|-O--|CO--|2840|8|27|3|0011|2.209449|-0.237163|0.723257|-0.648577|0.151133|0.246965|0.519303
1|63|-1|47622|2017|1573|HOH|_CO|4346|12697|12231|-O--|CO--|2840|8|27|3|0011|2.236569|-0.933126|0.007153|0.359480|6.625555|0.229510|0.482601
1|64|-1|47676|1574|1576|SOR|_CO|5046|12238|12245|-O1-|CO--|3140|8|27|2|0011|2.365198|0.111619|-0.395740|0.911554|0.482090|0.162114|0.340885
1|65|-1|47679|1574|1576|SOR|_CO|5046|12239|12245|-O2-|CO--|3140|8|27|2|0011|2.003544|-0.918871|-0.147741|0.365853|0.398116|0.430843|0.905952
1|66|-1|47683|1574|1575|SOR|_CO|5046|12239|12244|-O2-|CO--|3140|8|27|2|0011|2.220577|0.761965|-0.251735|0.596690|2.447648|0.239647|0.503917
1|67|-1|47687|1574|1575|SOR|_CO|5046|12240|12244|-O3-|CO--|3140|8|27|2|0011|3.661318|0.102422|-0.899130|0.425529|2.803922|0.004881|0.010263
1|68|-1|47689|1574|1575|SOR|_CO|5046|12241|12244|-O4-|CO--|3140|8|27|2|0011|2.203486|-0.673024|-0.467441|0.573183|0.080379|0.250977|0.527740
1|69|-1|47698|1576|1575|_CO|_CO|4646|12245|12244|CO--|CO--|4040|27|27|1|0011|3.591896|0.983603|-0.073218|0.164814|1.966817|-0.001000|-0.001000
1|70|-1|47698|1575|1576|_CO|_CO|4646|12244|12245|CO--|CO--|4040|27|27|1|0011|3.591896|-0.983603|0.073218|-0.164814|1.966817|-0.001000|-0.001000
1|71|-1|47699|2249|1576|HOH|_CO|4346|12929|12245|-O--|CO--|2840|8|27|3|0011|2.227235|0.990915|-0.008084|-0.134245|21.122381|0.235374|0.494931
1|72|-1|47700|2248|1576|HOH|_CO|4346|12928|12245|-O--|CO--|2840|8|27|3|0011|3.874976|0.551746|-0.753297|0.357940|25.693848|0.002740|0.005761
1|73|-1|47701|2177|1576|HOH|_CO|4346|12857|12245|-O--|CO--|2840|8|27|3|0011|2.370513|-0.103774|-0.933134|-0.344227|3.854089|0.159802|0.336023
1|74|-1|47751|1577|1579|SOR|_CO|5046|12252|12259|-O1-|CO--|3140|8|27|2|0011|2.312131|-0.461046|-0.665185|-0.587338|16.054274|0.187115|0.393455
1|75|-1|47754|1577|1578|SOR|_CO|5046|12253|12258|-O2-|CO--|3140|8|27|2|0011|2.403629|-0.852044|0.037442|-0.522129|2.507994|0.146121|0.307254
1|76|-1|47757|1577|1579|SOR|_CO|5046|12253|12259|-O2-|CO--|3140|8|27|2|0011|1.939173|0.554876|-0.819935|-0.140779|9.989628|0.512715|1.078109
1|77|-1|47759|1577|1578|SOR|_CO|5046|12254|12258|-O3-|CO--|3140|8|27|2|0011|3.362334|-0.657281|-0.753644|0.001189|3.227129|0.010950|0.023025
1|78|-1|47765|1577|1578|SOR|_CO|5046|12255|12258|-O4-|CO--|3140|8|27|2|0011|2.143449|0.186149|-0.940543|-0.284126|1.490594|0.295191|0.620711
1|79|-1|47771|2339|1578|HOH|_CO|4346|13019|12258|-O--|CO--|2840|8|27|3|0011|3.907090|0.554889|-0.677743|0.482455|3.273635|0.002512|0.005282
1|80|-1|47772|1579|1578|_CO|_CO|4646|12259|12258|CO--|CO--|4040|27|27|1|0011|3.680501|-0.848797|0.456458|-0.266814|6.023552|-0.001000|-0.001000
1|81|-1|47772|1578|1579|_CO|_CO|4646|12258|12259|CO--|CO--|4040|27|27|1|0011|3.680501|0.848797|-0.456458|0.266814|6.023552|-0.001000|-0.001000
1|82|-1|47773|2417|1578|HOH|_CO|4346|13097|12258|-O--|CO--|2840|8|27|3|0011|3.999052|-0.979732|0.113526|0.165036|1.209870|0.001959|0.004119
1|83|-1|47774|2466|1579|HOH|_CO|4346|13146|12259|-O--|CO--|2840|8|27|3|0011|2.326913|-0.681160|0.715970|0.152994|176.316925|0.179787|0.378047
1|84|-1|47775|2417|1579|HOH|_CO|4346|13097|12259|-O--|CO--|2840|8|27|3|0011|2.197650|-0.361295|-0.557868|0.747161|4.324898|0.254967|0.536130
1|85|-1|47776|2479|1579|HOH|_CO|4346|13159|12259|-O--|CO--|2840|8|27|3|0011|3.902680|-0.929106|-0.369232|-0.020753|0.469048|0.002542|0.005345
