603|0|-1|2415|90|1130|HIS|_CU|3346|1378|17056|-ND1|CU--|1340|7|29|3|0011|2.074725|-0.423189|0.871923|-0.246297|0.922429|0.284787|1.192938
603|1|-1|2650|95|1131|HIS|_CU|3346|1463|17057|-NE2|CU--|1340|7|29|3|0011|2.036098|0.837386|0.214136|0.502922|1.021852|0.316126|1.324211
603|2|-1|3539|130|1131|HIS|_CU|3346|1975|17057|-NE2|CU--|1340|7|29|3|0011|2.099713|-0.578651|0.814398|0.043815|0.506331|0.266189|1.115034
603|3|-1|3562|131|1130|CYS|_CU|1546|1988|17056|-SG-|CU--|1140|16|29|3|0011|2.192868|0.871005|-0.388989|-0.300062|0.020043|0.406715|2.003612
603|4|-1|3824|140|1130|HIS|_CU|3346|2115|17056|-ND1|CU--|1340|7|29|3|0011|2.053948|-0.660679|-0.640231|-0.391928|0.000000|0.301237|1.261843
603|5|-1|3930|145|1130|MET|_CU|1746|2182|17056|-SD-|CU--|1640|16|29|3|0011|2.439028|0.150470|0.368999|0.917169|0.640908|0.209101|1.030100
603|6|-1|5908|226|1137|LYS|_GD|2946|3433|17063|-NZ-|GD--|1440|7|64|5|0011|2.894274|-0.403210|-0.391463|0.827151|256.960907|0.161643|0.130214
603|7|-1|6644|250|1135|HIS|_CU|3346|3805|17061|-NE2|CU--|1340|7|29|3|0011|3.852468|0.618565|0.782874|0.066971|3.796205|0.002333|0.009771
603|8|-1|8093|301|1135|HIS|_CU|3346|4557|17061|-NE2|CU--|1340|7|29|3|0011|2.074257|-0.113293|-0.115221|-0.986858|1.057282|0.285148|1.194448
603|9|-1|11287|426|1132|HIS|_CU|3346|6433|17058|-ND1|CU--|1340|7|29|3|0011|2.060484|-0.198012|-0.631889|-0.749338|1.589186|0.295962|1.239747
603|10|-1|11520|431|1133|HIS|_CU|3346|6518|17059|-NE2|CU--|1340|7|29|3|0011|2.059580|0.939998|0.307831|-0.147118|1.856763|0.296686|1.242782
603|11|-1|12405|466|1133|HIS|_CU|3346|7030|17059|-NE2|CU--|1340|7|29|3|0011|2.068106|-0.361200|-0.340891|-0.867945|0.924103|0.289927|1.214470
603|12|-1|12429|467|1132|CYS|_CU|1546|7043|17058|-SG-|CU--|1140|16|29|3|0011|2.234679|0.664972|-0.093078|0.741045|0.100910|0.363257|1.789522
603|13|-1|12697|476|1132|HIS|_CU|3346|7170|17058|-ND1|CU--|1340|7|29|3|0011|2.053052|-0.891356|0.045300|0.451035|0.479906|0.301967|1.264902
603|14|-1|12807|481|1132|MET|_CU|1746|7237|17058|-SD-|CU--|1640|16|29|3|0011|2.497372|0.428049|0.616649|-0.660695|0.920557|0.178597|0.879826
603|15|-1|15498|586|1131|HIS|_CU|3346|8860|17057|-NE2|CU--|1340|7|29|3|0011|3.888155|0.682586|-0.408163|-0.606201|4.897705|0.002118|0.008873
603|16|-1|16784|637|1131|HIS|_CU|3346|9612|17057|-NE2|CU--|1340|7|29|3|0011|2.062637|-0.336947|-0.798492|0.498876|1.235957|0.294245|1.232556
603|17|-1|19876|762|1134|HIS|_CU|3346|11488|17060|-ND1|CU--|1340|7|29|3|0011|2.086420|-0.541596|-0.324480|0.775491|0.295898|0.275926|1.155820
603|18|-1|20084|767|1135|HIS|_CU|3346|11573|17061|-NE2|CU--|1340|7|29|3|0011|2.037306|0.964018|-0.238550|0.117313|1.667153|0.315095|1.319893
603|19|-1|20845|802|1135|HIS|_CU|3346|12085|17061|-NE2|CU--|1340|7|29|3|0011|2.099962|-0.571914|-0.573343|0.586678|0.478742|0.266010|1.114284
603|20|-1|20867|803|1134|CYS|_CU|1546|12098|17060|-SG-|CU--|1140|16|29|3|0011|2.219850|0.747799|0.663558|-0.022073|0.604591|0.378111|1.862700
603|21|-1|21165|812|1134|HIS|_CU|3346|12225|17060|-ND1|CU--|1340|7|29|3|0011|2.051651|-0.730142|0.439159|-0.523480|0.637261|0.303112|1.269699
603|22|-1|21273|817|1134|MET|_CU|1746|12292|17060|-SD-|CU--|1640|16|29|3|0011|2.487202|0.432615|-0.898199|-0.077999|1.298348|0.183573|0.904344
603|23|-1|23301|898|1143|LYS|_GD|2946|13543|17069|-NZ-|GD--|1440|7|64|5|0011|3.547081|0.921603|-0.360296|-0.144344|770.062500|0.027689|0.022306
603|24|-1|23980|922|1133|HIS|_CU|3346|13915|17059|-NE2|CU--|1340|7|29|3|0011|3.879067|0.620510|-0.225053|0.751211|4.923736|0.002171|0.009094
603|25|-1|25158|973|1133|HIS|_CU|3346|14667|17059|-NE2|CU--|1340|7|29|3|0011|2.097401|-0.400496|0.853914|0.332315|0.924103|0.267858|1.122023
603|26|-1|26817|1045|1136|GLY|_CU|146|15736|17062|-O--|CU--|440|8|29|2|0011|3.755751|0.673899|0.583105|-0.453704|1.749180|0.003651|0.007951
603|27|-1|26846|1046|1136|HIS|_CU|3346|15746|17062|-ND1|CU--|1340|7|29|3|0011|2.101828|-0.265484|0.092776|-0.959641|9.252508|0.264672|1.108677
603|28|-1|27768|1084|1136|CYS|_CU|1546|16353|17062|-SG-|CU--|1140|16|29|3|0011|2.169055|0.131854|0.521886|0.842763|8.311867|0.433751|2.136802
603|29|-1|27843|1087|1136|HIS|_CU|3346|16392|17062|-ND1|CU--|1340|7|29|3|0011|2.308631|0.850286|-0.508093|-0.137311|0.877162|0.151345|0.633967
603|30|-1|27957|1092|1136|MET|_CU|1746|16464|17062|-SD-|CU--|1640|16|29|3|0011|2.821922|-0.778902|-0.615184|0.121903|9.252508|0.074289|0.365973
