603|0|131|1130|90|CYS|_CU|HIS|154633|1988|17056|1378|-SG-|CU--|-ND1|114013|3562|2415|2.192868|2.074725|3.857564|129.335724
603|1|90|1130|140|HIS|_CU|HIS|334633|1378|17056|2115|-ND1|CU--|-ND1|134013|2415|3824|2.074725|2.053948|3.174155|100.492638
603|2|90|1130|145|HIS|_CU|MET|334617|1378|17056|2182|-ND1|CU--|-SD-|134016|2415|3930|2.074725|2.439028|3.150841|88.156693
603|3|131|1130|140|CYS|_CU|HIS|154633|1988|17056|2115|-SG-|CU--|-ND1|114013|3562|3824|2.192868|2.053948|3.302778|102.052597
603|4|131|1130|145|CYS|_CU|MET|154617|1988|17056|2182|-SG-|CU--|-SD-|114016|3562|3930|2.192868|2.439028|3.719524|106.719353
603|5|140|1130|145|HIS|_CU|MET|334617|2115|17056|2182|-ND1|CU--|-SD-|134016|3824|3930|2.053948|2.439028|4.139102|134.036911
603|6|95|1131|130|HIS|_CU|HIS|334633|1463|17057|1975|-NE2|CU--|-NE2|134013|2650|3539|2.036098|2.099713|3.319352|106.745850
603|7|95|1131|586|HIS|_CU|HIS|334633|1463|17057|8860|-NE2|CU--|-NE2|134013|2650|15498|2.036098|3.888155|4.052691|79.670166
603|8|95|1131|637|HIS|_CU|HIS|334633|1463|17057|9612|-NE2|CU--|-NE2|134013|2650|16784|2.036098|2.062637|3.177879|101.668259
603|9|130|1131|586|HIS|_CU|HIS|334633|1975|17057|8860|-NE2|CU--|-NE2|134013|3539|15498|2.099713|3.888155|5.642428|138.933395
603|10|130|1131|637|HIS|_CU|HIS|334633|1975|17057|9612|-NE2|CU--|-NE2|134013|3539|16784|2.099713|2.062637|3.523893|115.687157
603|11|586|1131|637|HIS|_CU|HIS|334633|8860|17057|9612|-NE2|CU--|-NE2|134013|15498|16784|3.888155|2.062637|4.762816|101.917305
603|12|467|1132|426|CYS|_CU|HIS|154633|7043|17058|6433|-SG-|CU--|-ND1|114013|12429|11287|2.234679|2.060484|3.876087|128.913818
603|13|426|1132|476|HIS|_CU|HIS|334633|6433|17058|7170|-ND1|CU--|-ND1|134013|11287|12697|2.060484|2.053052|3.173168|100.958778
603|14|426|1132|481|HIS|_CU|MET|334617|6433|17058|7237|-ND1|CU--|-SD-|134016|11287|12807|2.060484|2.497372|3.204641|88.815544
603|15|467|1132|476|CYS|_CU|HIS|154633|7043|17058|7170|-SG-|CU--|-ND1|114013|12429|12697|2.234679|2.053052|3.408718|105.230690
603|16|467|1132|481|CYS|_CU|MET|154617|7043|17058|7237|-SG-|CU--|-SD-|114016|12429|12807|2.234679|2.497372|3.762849|105.210182
603|17|476|1132|481|HIS|_CU|MET|334617|7170|17058|7237|-ND1|CU--|-SD-|134016|12697|12807|2.053052|2.497372|4.139296|130.662888
603|18|431|1133|466|HIS|_CU|HIS|334633|6518|17059|7030|-NE2|CU--|-NE2|134013|11520|12405|2.059580|2.068106|3.349251|108.467918
603|19|431|1133|922|HIS|_CU|HIS|334633|6518|17059|13915|-NE2|CU--|-NE2|134013|11520|23980|2.059580|3.879067|3.583570|66.203880
603|20|431|1133|973|HIS|_CU|HIS|334633|6518|17059|14667|-NE2|CU--|-NE2|134013|11520|25158|2.059580|2.097401|3.169357|99.351662
603|21|466|1133|922|HIS|_CU|HIS|334633|7030|17059|13915|-NE2|CU--|-NE2|134013|12405|23980|2.068106|3.879067|5.670152|143.074692
603|22|466|1133|973|HIS|_CU|HIS|334633|7030|17059|14667|-NE2|CU--|-NE2|134013|12405|25158|2.068106|2.097401|3.528275|115.776627
603|23|922|1133|973|HIS|_CU|HIS|334633|13915|17059|14667|-NE2|CU--|-NE2|134013|23980|25158|3.879067|2.097401|4.749209|101.014030
603|24|803|1134|762|CYS|_CU|HIS|154633|12098|17060|11488|-SG-|CU--|-ND1|114013|20867|19876|2.219850|2.086420|3.896856|129.600769
603|25|762|1134|812|HIS|_CU|HIS|334633|11488|17060|12225|-ND1|CU--|-ND1|134013|19876|21165|2.086420|2.051651|3.142034|98.801422
603|26|762|1134|817|HIS|_CU|MET|334617|11488|17060|12292|-ND1|CU--|-SD-|134016|19876|21273|2.086420|2.487202|3.251770|90.191490
603|27|803|1134|812|CYS|_CU|HIS|154633|12098|17060|12225|-SG-|CU--|-ND1|114013|20867|21165|2.219850|2.051651|3.369090|104.065865
603|28|803|1134|817|CYS|_CU|MET|154617|12098|17060|12292|-SG-|CU--|-SD-|114016|20867|21273|2.219850|2.487202|3.755521|105.710472
603|29|812|1134|817|HIS|_CU|MET|334617|12225|17060|12292|-ND1|CU--|-SD-|134016|21165|21273|2.051651|2.487202|4.150675|132.027802
603|30|250|1135|301|HIS|_CU|HIS|334633|3805|17061|4557|-NE2|CU--|-NE2|134013|6644|8093|3.852468|2.074257|4.770949|103.083664
603|31|250|1135|767|HIS|_CU|HIS|334633|3805|17061|11573|-NE2|CU--|-NE2|134013|6644|20084|3.852468|2.037306|3.527027|65.328857
603|32|250|1135|802|HIS|_CU|HIS|334633|3805|17061|12085|-NE2|CU--|-NE2|134013|6644|20845|3.852468|2.099962|5.621575|139.758759
603|33|301|1135|767|HIS|_CU|HIS|334633|4557|17061|11573|-NE2|CU--|-NE2|134013|8093|20084|2.074257|2.037306|3.181572|101.390900
603|34|301|1135|802|HIS|_CU|HIS|334633|4557|17061|12085|-NE2|CU--|-NE2|134013|8093|20845|2.074257|2.099962|3.551931|116.622681
603|35|767|1135|802|HIS|_CU|HIS|334633|11573|17061|12085|-NE2|CU--|-NE2|134013|20084|20845|2.037306|2.099962|3.393934|110.226967
603|36|1045|1136|1046|GLY|_CU|HIS|14633|15736|17062|15746|-O--|CU--|-ND1|44013|26817|26846|3.755751|2.101828|3.690517|71.905708
603|37|1045|1136|1084|GLY|_CU|CYS|14615|15736|17062|16353|-O--|CU--|-SG-|44011|26817|27768|3.755751|2.169055|4.316758|89.380844
603|38|1045|1136|1087|GLY|_CU|HIS|14633|15736|17062|16392|-O--|CU--|-ND1|44013|26817|27843|3.755751|2.308631|3.681869|70.181984
603|39|1045|1136|1092|GLY|_CU|MET|14617|15736|17062|16464|-O--|CU--|-SD-|44016|26817|27957|3.755751|2.821922|6.478519|159.872070
603|40|1084|1136|1046|CYS|_CU|HIS|154633|16353|17062|15746|-SG-|CU--|-ND1|114013|27768|26846|2.169055|2.101828|4.046521|142.687042
603|41|1046|1136|1087|HIS|_CU|HIS|334633|15746|17062|16392|-ND1|CU--|-ND1|134013|26846|27843|2.101828|2.308631|3.334197|98.111961
603|42|1046|1136|1092|HIS|_CU|MET|334617|15746|17062|16464|-ND1|CU--|-SD-|134016|26846|27957|2.101828|2.821922|3.463045|88.124428
603|43|1084|1136|1087|CYS|_CU|HIS|154633|16353|17062|16392|-SG-|CU--|-ND1|114013|27768|27843|2.169055|2.308631|3.567404|105.591286
603|44|1084|1136|1092|CYS|_CU|MET|154617|16353|17062|16464|-SG-|CU--|-SD-|114016|27768|27957|2.169055|2.821922|4.074057|108.724770
603|45|1087|1136|1092|HIS|_CU|MET|334617|16392|17062|16464|-ND1|CU--|-SD-|134016|27843|27957|2.308631|2.821922|4.250624|111.497345
