193|0|-1|999|36|592|SER|_CL|1147|276|4765|-OG-|CL--|1738|8|17|3|0011|2.918908|-0.595085|-0.178834|-0.783512|57.831249|0.030865|0.076327
193|1|-1|4193|148|591|HIS|_CU|3346|1176|4764|-NE2|CU--|1340|7|29|3|0011|1.981429|-0.696972|-0.409805|0.588464|33.891411|0.366462|1.535063
193|2|-1|4388|152|591|HIS|_CU|3346|1224|4764|-NE2|CU--|1340|7|29|3|0011|2.044857|-0.687579|0.329607|-0.646989|4.668850|0.308729|1.293230
193|3|-1|5322|179|590|HIS|_CU|3346|1461|4763|-NE2|CU--|1340|7|29|3|0011|3.780800|-0.386955|-0.751164|-0.534807|31.772902|0.002831|0.011860
193|4|-1|5325|179|591|HIS|_CU|3346|1461|4764|-NE2|CU--|1340|7|29|3|0011|2.343430|0.540661|-0.647342|-0.537247|29.615530|0.137760|0.577060
193|5|-1|8708|299|590|HIS|_CU|3346|2415|4763|-ND1|CU--|1340|7|29|3|0011|3.712431|0.477315|0.661830|-0.578058|41.962795|0.003406|0.014267
193|6|-1|8724|299|590|HIS|_CU|3346|2418|4763|-NE2|CU--|1340|7|29|3|0011|1.968386|0.772206|0.312439|-0.553244|10.642307|0.379610|1.590138
193|7|-1|8856|303|590|HIS|_CU|3346|2454|4763|-NE2|CU--|1340|7|29|3|0011|2.466664|0.020271|0.673784|0.738650|9.407816|0.098736|0.413592
193|8|-1|8992|308|592|ARG|_CL|3147|2489|4765|-NE-|CL--|738|7|17|4|0011|3.383925|0.405151|0.855515|0.322407|3.631103|-0.001000|0.034667
193|9|-1|8995|308|592|ARG|_CL|3147|2492|4765|-NH2|CL--|738|7|17|4|0011|2.862388|-0.143936|0.982047|-0.121926|0.828131|-0.001000|0.141933
193|10|-1|9834|339|590|HIS|_CU|3346|2750|4763|-NE2|CU--|1340|7|29|3|0011|2.124450|0.673115|-0.578032|0.461296|18.131443|0.248974|1.042922
193|11|-1|16084|691|590|HOH|_CU|4346|4864|4763|-O--|CU--|2840|8|29|3|0011|2.076339|-0.820193|0.220580|-0.527852|48.275341|0.341677|0.744152
193|12|-1|16085|636|590|HOH|_CU|4346|4809|4763|-O--|CU--|2840|8|29|3|0011|1.880524|-0.729584|-0.568459|0.380213|8.344447|0.580039|1.263290
193|13|-1|16086|591|590|_CU|_CU|4646|4764|4763|CU--|CU--|4040|29|29|1|0011|3.128161|-0.872717|-0.422932|-0.243913|0.635727|-0.001000|-0.001000
193|14|-1|16086|590|591|_CU|_CU|4646|4763|4764|CU--|CU--|4040|29|29|1|0011|3.128161|0.872717|0.422932|0.243913|0.635727|-0.001000|-0.001000
193|15|-1|16087|691|591|HOH|_CU|4346|4864|4764|-O--|CU--|2840|8|29|3|0011|2.082685|0.493114|0.855146|-0.159890|50.755726|0.335867|0.731497
193|16|-1|16088|636|591|HOH|_CU|4346|4809|4764|-O--|CU--|2840|8|29|3|0011|2.023156|0.671228|0.125546|0.730541|7.332002|0.394494|0.859184
