193|0|299|590|179|HIS|_CU|HIS|334633|2415|4763|1461|-ND1|CU--|-NE2|134013|8708|5322|3.712431|3.780800|6.207963|111.881788
193|1|179|590|299|HIS|_CU|HIS|334633|1461|4763|2418|-NE2|CU--|-NE2|134013|5322|8724|3.780800|1.968386|4.658948|103.746250
193|2|179|590|303|HIS|_CU|HIS|334633|1461|4763|2454|-NE2|CU--|-NE2|134013|5322|8856|3.780800|2.466664|6.110115|155.367731
193|3|179|590|339|HIS|_CU|HIS|334633|1461|4763|2750|-NE2|CU--|-NE2|134013|5322|9834|3.780800|2.124450|4.469899|94.184777
193|4|179|590|691|HIS|_CU|HOH|334643|1461|4763|4864|-NE2|CU--|-O--|134028|5322|16084|3.780800|2.076339|3.433930|64.279280
193|5|179|590|636|HIS|_CU|HOH|334643|1461|4763|4809|-NE2|CU--|-O--|134028|5322|16085|3.780800|1.880524|3.261271|59.603516
193|6|179|590|591|HIS|_CU|_CU|334646|1461|4763|4764|-NE2|CU--|CU--|134040|5322|16086|3.780800|3.128161|2.343430|38.201582
193|7|299|590|299|HIS|_CU|HIS|334633|2415|4763|2418|-ND1|CU--|-NE2|134013|8708|8724|3.712431|1.968386|2.138625|26.469161
193|8|299|590|303|HIS|_CU|HIS|334633|2415|4763|2454|-ND1|CU--|-NE2|134013|8708|8856|3.712431|2.466664|4.397992|88.359723
193|9|299|590|339|HIS|_CU|HIS|334633|2415|4763|2750|-ND1|CU--|-NE2|134013|8708|9834|3.712431|2.124450|4.844386|109.143010
193|10|299|590|691|HIS|_CU|HOH|334643|2415|4763|4864|-ND1|CU--|-O--|134028|8708|16084|3.712431|2.076339|4.144167|86.581720
193|11|299|590|636|HIS|_CU|HOH|334643|2415|4763|4809|-ND1|CU--|-O--|134028|8708|16085|3.712431|1.880524|5.522927|160.777941
193|12|299|590|591|HIS|_CU|_CU|334646|2415|4763|4764|-ND1|CU--|CU--|134040|8708|16086|3.712431|3.128161|6.038964|123.743404
193|13|299|590|303|HIS|_CU|HIS|334633|2418|4763|2454|-NE2|CU--|-NE2|134013|8724|8856|1.968386|2.466664|3.425058|100.514498
193|14|299|590|339|HIS|_CU|HIS|334633|2418|4763|2750|-NE2|CU--|-NE2|134013|8724|9834|1.968386|2.124450|2.772276|85.182923
193|15|299|590|691|HIS|_CU|HOH|334643|2418|4763|4864|-NE2|CU--|-O--|134028|8724|16084|1.968386|2.076339|3.226829|105.807708
193|16|299|590|636|HIS|_CU|HOH|334643|2418|4763|4809|-NE2|CU--|-O--|134028|8724|16085|1.968386|1.880524|3.801833|162.054222
193|17|299|590|591|HIS|_CU|_CU|334646|2418|4763|4764|-NE2|CU--|CU--|134040|8724|16086|1.968386|3.128161|4.682373|132.153126
193|18|303|590|339|HIS|_CU|HIS|334633|2454|4763|2750|-NE2|CU--|-NE2|134013|8856|9834|2.466664|2.124450|3.311414|92.010808
193|19|303|590|691|HIS|_CU|HOH|334643|2454|4763|4864|-NE2|CU--|-O--|134028|8856|16084|2.466664|2.076339|3.610727|104.945481
193|20|303|590|636|HIS|_CU|HOH|334643|2454|4763|4809|-NE2|CU--|-O--|134028|8856|16085|2.466664|1.880524|3.271987|96.716884
193|21|303|590|591|HIS|_CU|_CU|334646|2454|4763|4764|-NE2|CU--|CU--|134040|8856|16086|2.466664|3.128161|4.829166|118.869866
193|22|339|590|691|HIS|_CU|HOH|334643|2750|4763|4864|-NE2|CU--|-O--|134028|9834|16084|2.124450|2.076339|4.119230|157.381073
193|23|339|590|636|HIS|_CU|HOH|334643|2750|4763|4809|-NE2|CU--|-O--|134028|9834|16085|2.124450|1.880524|2.818991|89.261756
193|24|339|590|591|HIS|_CU|_CU|334646|2750|4763|4764|-NE2|CU--|CU--|134040|9834|16086|2.124450|3.128161|4.511394|117.096261
193|25|636|590|691|HOH|_CU|HOH|434643|4809|4763|4864|-O--|CU--|-O--|284028|16085|16084|1.880524|2.076339|2.391862|74.198057
193|26|691|590|591|HOH|_CU|_CU|434646|4864|4763|4764|-O--|CU--|CU--|284040|16084|16086|2.076339|3.128161|2.082685|41.300707
193|27|636|590|591|HOH|_CU|_CU|434646|4809|4763|4764|-O--|CU--|CU--|284040|16085|16086|1.880524|3.128161|2.023156|38.334710
193|28|148|591|152|HIS|_CU|HIS|334633|1176|4764|1224|-NE2|CU--|-NE2|134013|4193|4388|1.981429|2.044857|2.898954|92.096404
193|29|148|591|179|HIS|_CU|HIS|334633|1176|4764|1461|-NE2|CU--|-NE2|134013|4193|5325|1.981429|2.343430|3.659174|115.321145
193|30|148|591|590|HIS|_CU|_CU|334646|1176|4764|4763|-NE2|CU--|CU--|134040|4193|16086|1.981429|3.128161|4.649834|129.646235
193|31|148|591|691|HIS|_CU|HOH|334643|1176|4764|4864|-NE2|CU--|-O--|134028|4193|16087|1.981429|2.082685|3.843060|142.019412
193|32|148|591|636|HIS|_CU|HOH|334643|1176|4764|4809|-NE2|CU--|-O--|134028|4193|16088|1.981429|2.023156|2.955642|95.127946
193|33|152|591|179|HIS|_CU|HIS|334633|1224|4764|1461|-NE2|CU--|-NE2|134013|4388|5325|2.044857|2.343430|3.456806|103.740352
193|34|152|591|590|HIS|_CU|_CU|334646|1224|4764|4763|-NE2|CU--|CU--|134040|4388|16086|2.044857|3.128161|4.677508|128.204405
193|35|152|591|691|HIS|_CU|HOH|334643|1224|4764|4864|-NE2|CU--|-O--|134028|4388|16087|2.044857|2.082685|2.850446|87.348855
193|36|152|591|636|HIS|_CU|HOH|334643|1224|4764|4809|-NE2|CU--|-O--|134028|4388|16088|2.044857|2.023156|3.957485|153.226377
193|37|179|591|590|HIS|_CU|_CU|334646|1461|4764|4763|-NE2|CU--|CU--|134040|5325|16086|2.343430|3.128161|3.780800|86.157119
193|38|179|591|691|HIS|_CU|HOH|334643|1461|4764|4864|-NE2|CU--|-O--|134028|5325|16087|2.343430|2.082685|3.433930|101.599193
193|39|179|591|636|HIS|_CU|HOH|334643|1461|4764|4809|-NE2|CU--|-O--|134028|5325|16088|2.343430|2.023156|3.261271|96.364070
193|40|691|591|590|HOH|_CU|_CU|434646|4864|4764|4763|-O--|CU--|CU--|284040|16087|16086|2.082685|3.128161|2.076339|41.147504
193|41|636|591|590|HOH|_CU|_CU|434646|4809|4764|4763|-O--|CU--|CU--|284040|16088|16086|2.023156|3.128161|1.880524|35.206608
193|42|636|591|691|HOH|_CU|HOH|434643|4809|4764|4864|-O--|CU--|-O--|284028|16088|16087|2.023156|2.082685|2.391862|71.243540
193|43|308|592|36|ARG|_CL|SER|314711|2489|4765|276|-NE-|CL--|-OG-|73817|8992|999|3.383925|2.918908|5.722450|130.293575
193|44|308|592|36|ARG|_CL|SER|314711|2492|4765|276|-NH2|CL--|-OG-|73817|8995|999|2.862388|2.918908|4.076807|89.681355
193|45|308|592|308|ARG|_CL|ARG|314731|2489|4765|2492|-NE-|CL--|-NH2|73807|8992|8995|3.383925|2.862388|2.293414|42.052545
