193|0|13|THR|A|1|5|0|000|27.324804|-1.000000|-1.000000|0.000000|-1|-1|0|0|-1|1
193|1|7|LEU|A|2|8|0|000|31.206499|-1.000000|-1.000000|0.000000|-1|-1|0|0|0|2
193|2|33|HIS|A|3|5|0|000|29.902386|-1.000000|-1.000000|0.000000|-1|-1|0|0|1|3
193|3|21|ASP|A|4|8|0|000|32.298656|-1.000000|-1.000000|0.000000|-1|-1|0|0|2|4
193|4|29|LYS|A|5|9|0|000|28.711096|-1.000000|-1.000000|0.000000|-1|-1|0|0|3|5
193|5|27|GLN|A|6|9|0|000|24.945312|-1.000000|-1.000000|0.000000|-1|-1|0|0|4|6
193|6|9|ILE|A|7|8|0|000|29.003941|-1.000000|-1.000000|0.000000|-1|-1|0|0|5|7
193|7|31|ARG|A|8|11|0|000|30.264526|-1.000000|-1.000000|0.000000|-1|-1|0|0|6|8
193|8|5|VAL|A|9|7|0|000|24.392530|-1.000000|-1.000000|0.000000|-1|-1|0|0|7|9
193|9|15|CYS|A|10|6|0|000|24.819738|-1.000000|-1.000000|0.000000|-1|-1|0|0|8|10
193|10|33|HIS|A|11|10|0|000|28.696945|-1.000000|-1.000000|0.000000|-1|-1|0|0|9|11
193|11|7|LEU|A|12|8|0|000|25.262486|-1.000000|-1.000000|0.000000|-1|-1|0|0|10|12
193|12|35|PHE|A|13|11|0|000|21.425875|-1.000000|-1.000000|0.000000|-1|-1|0|0|11|13
193|13|25|GLU|A|14|9|0|000|26.530516|-1.000000|-1.000000|0.000000|-1|-1|0|0|12|14
193|14|27|GLN|A|15|9|0|000|27.356375|-1.000000|-1.000000|0.000000|-1|-1|0|0|13|15
193|15|7|LEU|A|16|8|0|000|23.893040|-1.000000|-1.000000|0.000000|-1|-1|0|0|14|16
193|16|11|SER|A|17|6|0|000|25.697765|-1.000000|-1.000000|0.000000|-1|-1|0|0|15|17
193|17|11|SER|A|18|6|0|000|29.323246|-1.000000|-1.000000|0.000000|-1|-1|0|0|16|18
193|18|3|ALA|A|19|5|0|000|30.394966|-1.000000|-1.000000|0.000000|-1|-1|0|0|17|19
193|19|13|THR|A|20|5|0|000|29.944361|-1.000000|-1.000000|0.000000|-1|-1|0|0|18|-1
193|20|5|VAL|A|21|5|0|000|35.724472|-1.000000|-1.000000|0.000000|-1|-1|0|0|-1|21
193|21|9|ILE|A|22|5|0|000|36.266373|-1.000000|-1.000000|0.000000|-1|-1|0|0|20|22
193|22|31|ARG|A|33|11|0|000|32.888466|-1.000000|-1.000000|0.000000|-1|-1|0|0|21|23
193|23|7|LEU|A|34|8|0|000|31.206379|-1.000000|-1.000000|0.000000|-1|-1|0|0|22|24
193|24|29|LYS|A|35|9|0|000|33.985905|-1.000000|-1.000000|0.000000|-1|-1|0|0|23|25
193|25|23|ASN|A|36|8|0|000|30.039352|-1.000000|-1.000000|0.000000|-1|-1|0|0|24|26
193|26|5|VAL|A|37|7|0|000|28.374792|-1.000000|-1.000000|0.000000|-1|-1|0|0|25|27
193|27|1|GLY|A|38|4|0|000|29.079832|-1.000000|-1.000000|0.000000|-1|-1|0|0|26|28
193|28|29|LYS|A|39|9|0|000|29.169065|-1.000000|-1.000000|0.000000|-1|-1|0|0|27|29
193|29|7|LEU|A|40|8|0|000|25.241693|-1.000000|-1.000000|0.000000|-1|-1|0|0|28|30
193|30|27|GLN|A|41|9|0|000|28.308880|-1.000000|-1.000000|0.000000|-1|-1|0|0|29|31
193|31|19|PRO|A|42|7|0|000|27.944792|-1.000000|-1.000000|0.000000|-1|-1|0|0|30|32
193|32|1|GLY|A|43|4|0|000|25.699047|-1.000000|-1.000000|0.000000|-1|-1|0|0|31|33
193|33|3|ALA|A|44|5|0|000|24.083981|-1.000000|-1.000000|0.000000|-1|-1|0|0|32|34
193|34|9|ILE|A|45|8|0|000|20.638901|-1.000000|-1.000000|0.000000|-1|-1|0|0|33|35
193|35|35|PHE|A|46|11|0|000|17.899965|-1.000000|-1.000000|0.000000|-1|-1|0|0|34|36
193|36|11|SER|A|47|6|0|000|17.039104|-1.000000|-1.000000|0.000000|-1|-1|0|0|35|37
193|37|15|CYS|A|48|6|0|000|13.495131|-1.000000|-1.000000|0.000000|-1|-1|0|0|36|38
193|38|35|PHE|A|49|11|0|000|13.170027|-1.000000|-1.000000|0.000000|-1|-1|0|0|37|39
193|39|33|HIS|A|50|10|0|000|20.245756|-1.000000|-1.000000|0.000000|-1|-1|0|0|38|40
193|40|19|PRO|A|51|7|0|000|20.579855|-1.000000|-1.000000|0.000000|-1|-1|0|0|39|41
193|41|21|ASP|A|52|8|0|000|23.640528|-1.000000|-1.000000|0.000000|-1|-1|0|0|40|42
193|42|33|HIS|A|53|10|0|000|20.687031|-1.000000|-1.000000|0.000000|-1|-1|0|0|41|43
193|43|7|LEU|A|54|8|0|000|17.899220|-1.000000|-1.000000|0.000000|-1|-1|0|0|42|44
193|44|25|GLU|A|55|9|0|000|23.528545|-1.000000|-1.000000|0.000000|-1|-1|0|0|43|45
193|45|25|GLU|A|56|9|0|000|23.988251|-1.000000|-1.000000|0.000000|-1|-1|0|0|44|46
193|46|3|ALA|A|57|5|0|000|20.292551|-1.000000|-1.000000|0.000000|-1|-1|0|0|45|47
193|47|31|ARG|A|58|11|0|000|22.076220|-1.000000|-1.000000|0.000000|-1|-1|0|0|46|48
193|48|33|HIS|A|59|10|0|000|25.393784|-1.000000|-1.000000|0.000000|-1|-1|0|0|47|49
193|49|7|LEU|A|60|8|0|000|23.899050|-1.000000|-1.000000|0.000000|-1|-1|0|0|48|50
193|50|37|TYR|A|61|12|0|000|20.176567|-1.000000|-1.000000|0.000000|-1|-1|0|0|49|51
193|51|25|GLU|A|62|9|0|000|24.598404|-1.000000|-1.000000|0.000000|-1|-1|0|0|50|52
193|52|5|VAL|A|63|7|0|000|27.305742|-1.000000|-1.000000|0.000000|-1|-1|0|0|51|53
193|53|35|PHE|A|64|11|0|000|24.724428|-1.000000|-1.000000|0.000000|-1|-1|0|0|52|54
193|54|39|TRP|A|65|14|0|000|24.330111|-1.000000|-1.000000|0.000000|-1|-1|0|0|53|55
193|55|25|GLU|A|66|9|0|000|28.881872|-1.000000|-1.000000|0.000000|-1|-1|0|0|54|56
193|56|3|ALA|A|67|5|0|000|29.605743|-1.000000|-1.000000|0.000000|-1|-1|0|0|55|57
193|57|1|GLY|A|68|4|0|000|32.163197|-1.000000|-1.000000|0.000000|-1|-1|0|0|56|58
193|58|21|ASP|A|69|8|0|000|32.500439|-1.000000|-1.000000|0.000000|-1|-1|0|0|57|59
193|59|35|PHE|A|70|11|0|000|29.068224|-1.000000|-1.000000|0.000000|-1|-1|0|0|58|60
193|60|23|ASN|A|71|8|0|000|33.397362|-1.000000|-1.000000|0.000000|-1|-1|0|0|59|61
193|61|21|ASP|A|72|8|0|000|32.484085|-1.000000|-1.000000|0.000000|-1|-1|0|0|60|62
193|62|35|PHE|A|73|11|0|000|26.748383|-1.000000|-1.000000|0.000000|-1|-1|0|0|61|63
193|63|9|ILE|A|74|8|0|000|29.106411|-1.000000|-1.000000|0.000000|-1|-1|0|0|62|64
193|64|25|GLU|A|75|5|0|000|32.019844|-1.000000|-1.000000|0.000000|-1|-1|0|0|63|65
193|65|9|ILE|A|76|8|0|000|30.240238|-1.000000|-1.000000|0.000000|-1|-1|0|0|64|66
193|66|3|ALA|A|77|5|0|000|27.695807|-1.000000|-1.000000|0.000000|-1|-1|0|0|65|67
193|67|29|LYS|A|78|9|0|000|30.419523|-1.000000|-1.000000|0.000000|-1|-1|0|0|66|68
193|68|25|GLU|A|79|9|0|000|32.636665|-1.000000|-1.000000|0.000000|-1|-1|0|0|67|69
193|69|3|ALA|A|80|5|0|000|28.462011|-1.000000|-1.000000|0.000000|-1|-1|0|0|68|70
193|70|31|ARG|A|81|11|0|000|27.450512|-1.000000|-1.000000|0.000000|-1|-1|0|0|69|71
193|71|13|THR|A|82|7|0|000|31.394522|-1.000000|-1.000000|0.000000|-1|-1|0|0|70|72
193|72|35|PHE|A|83|11|0|000|30.629242|-1.000000|-1.000000|0.000000|-1|-1|0|0|71|73
193|73|5|VAL|A|84|7|0|000|26.539343|-1.000000|-1.000000|0.000000|-1|-1|0|0|72|74
193|74|23|ASN|A|85|8|0|000|23.521687|-1.000000|-1.000000|0.000000|-1|-1|0|0|73|75
193|75|25|GLU|A|86|9|0|000|23.006445|-1.000000|-1.000000|0.000000|-1|-1|0|0|74|76
193|76|1|GLY|A|87|4|0|000|19.183046|-1.000000|-1.000000|0.000000|-1|-1|0|0|75|77
193|77|7|LEU|A|88|8|0|000|20.639183|-1.000000|-1.000000|0.000000|-1|-1|0|0|76|78
193|78|35|PHE|A|89|11|0|000|22.296808|-1.000000|-1.000000|0.000000|-1|-1|0|0|77|79
193|79|3|ALA|A|90|5|0|000|18.059250|-1.000000|-1.000000|0.000000|-1|-1|0|0|78|80
193|80|35|PHE|A|91|11|0|000|15.400414|-1.000000|-1.000000|0.000000|-1|-1|0|0|79|81
193|81|3|ALA|A|92|5|0|000|19.237942|-1.000000|-1.000000|0.000000|-1|-1|0|0|80|82
193|82|3|ALA|A|93|5|0|000|19.595909|-1.000000|-1.000000|0.000000|-1|-1|0|0|81|83
193|83|25|GLU|A|94|9|0|000|15.100122|-1.000000|-1.000000|0.000000|-1|-1|0|0|82|84
193|84|5|VAL|A|95|7|0|000|16.724850|-1.000000|-1.000000|0.000000|-1|-1|0|0|83|85
193|85|3|ALA|A|96|5|0|000|20.194792|-1.000000|-1.000000|0.000000|-1|-1|0|0|84|86
193|86|5|VAL|A|97|7|0|000|19.722185|-1.000000|-1.000000|0.000000|-1|-1|0|0|85|87
193|87|7|LEU|A|98|8|0|000|16.211180|-1.000000|-1.000000|0.000000|-1|-1|0|0|86|88
193|88|33|HIS|A|99|10|0|000|18.133369|-1.000000|-1.000000|0.000000|-1|-1|0|0|87|89
193|89|31|ARG|A|100|11|0|000|24.450932|-1.000000|-1.000000|0.000000|-1|-1|0|0|88|90
193|90|21|ASP|A|101|8|0|000|25.439438|-1.000000|-1.000000|0.000000|-1|-1|0|0|89|91
193|91|21|ASP|A|102|8|0|000|26.888464|-1.000000|-1.000000|0.000000|-1|-1|0|0|90|92
193|92|15|CYS|A|103|6|0|000|23.442690|-1.000000|-1.000000|0.000000|-1|-1|0|0|91|93
193|93|29|LYS|A|104|9|0|000|23.559362|-1.000000|-1.000000|0.000000|-1|-1|0|0|92|94
193|94|1|GLY|A|105|4|0|000|22.573166|-1.000000|-1.000000|0.000000|-1|-1|0|0|93|95
193|95|7|LEU|A|106|8|0|000|22.598619|-1.000000|-1.000000|0.000000|-1|-1|0|0|94|96
193|96|37|TYR|A|107|12|0|000|19.540405|-1.000000|-1.000000|0.000000|-1|-1|0|0|95|97
193|97|5|VAL|A|108|7|0|000|17.371735|-1.000000|-1.000000|0.000000|-1|-1|0|0|96|98
193|98|19|PRO|A|109|7|0|000|18.864361|-1.000000|-1.000000|0.000000|-1|-1|0|0|97|99
193|99|19|PRO|A|110|7|0|000|17.122618|-1.000000|-1.000000|0.000000|-1|-1|0|0|98|100
193|100|5|VAL|A|111|7|0|000|14.597908|-1.000000|-1.000000|0.000000|-1|-1|0|0|99|101
193|101|27|GLN|A|112|9|0|000|15.707196|-1.000000|-1.000000|0.000000|-1|-1|0|0|100|102
193|102|25|GLU|A|113|9|0|000|20.089993|-1.000000|-1.000000|0.000000|-1|-1|0|0|101|103
193|103|9|ILE|A|114|8|0|000|19.346600|-1.000000|-1.000000|0.000000|-1|-1|0|0|102|104
193|104|35|PHE|A|115|11|0|000|18.718254|-1.000000|-1.000000|0.000000|-1|-1|0|0|103|105
193|105|19|PRO|A|116|7|0|000|20.421064|-1.000000|-1.000000|0.000000|-1|-1|0|0|104|106
193|106|21|ASP|A|117|8|0|000|20.933237|-1.000000|-1.000000|0.000000|-1|-1|0|0|105|107
193|107|29|LYS|A|118|9|0|000|16.586361|-1.000000|-1.000000|0.000000|-1|-1|0|0|106|108
193|108|35|PHE|A|119|11|0|000|15.320668|-1.000000|-1.000000|0.000000|-1|-1|0|0|107|109
193|109|9|ILE|A|120|8|0|000|20.643877|-1.000000|-1.000000|0.000000|-1|-1|0|0|108|110
193|110|19|PRO|A|121|7|0|000|22.444061|-1.000000|-1.000000|0.000000|-1|-1|0|0|109|111
193|111|11|SER|A|122|6|0|000|25.501059|-1.000000|-1.000000|0.000000|-1|-1|0|0|110|112
193|112|3|ALA|A|123|5|0|000|27.640633|-1.000000|-1.000000|0.000000|-1|-1|0|0|111|113
193|113|3|ALA|A|124|5|0|000|26.591640|-1.000000|-1.000000|0.000000|-1|-1|0|0|112|114
193|114|9|ILE|A|125|8|0|000|25.797146|-1.000000|-1.000000|0.000000|-1|-1|0|0|113|115
193|115|23|ASN|A|126|8|0|000|30.588039|-1.000000|-1.000000|0.000000|-1|-1|0|0|114|116
193|116|25|GLU|A|127|9|0|000|31.429832|-1.000000|-1.000000|0.000000|-1|-1|0|0|115|117
193|117|3|ALA|A|128|5|0|000|30.417299|-1.000000|-1.000000|0.000000|-1|-1|0|0|116|118
193|118|35|PHE|A|129|11|0|000|31.855844|-1.000000|-1.000000|0.000000|-1|-1|0|0|117|119
193|119|29|LYS|A|130|9|0|000|35.400654|-1.000000|-1.000000|0.000000|-1|-1|0|0|118|-1
193|120|29|LYS|A|131|5|0|000|34.514359|-1.000000|-1.000000|0.000000|-1|-1|0|0|-1|121
193|121|9|ILE|A|143|8|0|000|32.694672|-1.000000|-1.000000|0.000000|-1|-1|0|0|120|122
193|122|7|LEU|A|144|8|0|000|30.712070|-1.000000|-1.000000|0.000000|-1|-1|0|0|121|123
193|123|5|VAL|A|145|7|0|000|28.561907|-1.000000|-1.000000|0.000000|-1|-1|0|0|122|124
193|124|21|ASP|A|146|5|0|000|28.028793|-1.000000|-1.000000|0.000000|-1|-1|0|0|123|125
193|125|5|VAL|A|147|5|0|000|24.826294|-1.000000|-1.000000|0.000000|-1|-1|0|0|124|-1
193|126|1|GLY|A|151|4|0|000|30.023710|-1.000000|-1.000000|0.000000|-1|-1|0|0|-1|127
193|127|23|ASN|A|152|5|0|000|30.765528|-1.000000|-1.000000|0.000000|-1|-1|0|0|126|128
193|128|9|ILE|A|153|8|0|000|28.041897|-1.000000|-1.000000|0.000000|-1|-1|0|0|127|129
193|129|7|LEU|A|154|8|0|000|29.806589|-1.000000|-1.000000|0.000000|-1|-1|0|0|128|130
193|130|21|ASP|A|155|8|0|000|24.675262|-1.000000|-1.000000|0.000000|-1|-1|0|0|129|131
193|131|19|PRO|A|156|7|0|000|24.389267|-1.000000|-1.000000|0.000000|-1|-1|0|0|130|132
193|132|25|GLU|A|157|9|0|000|19.547750|-1.000000|-1.000000|0.000000|-1|-1|0|0|131|133
193|133|37|TYR|A|158|12|0|000|22.381931|-1.000000|-1.000000|0.000000|-1|-1|0|0|132|134
193|134|31|ARG|A|159|11|0|000|23.080421|-1.000000|-1.000000|0.000000|-1|-1|0|0|133|135
193|135|7|LEU|A|160|8|0|000|17.279055|-1.000000|-1.000000|0.000000|-1|-1|0|0|134|136
193|136|3|ALA|A|161|5|0|000|17.085262|-1.000000|-1.000000|0.000000|-1|-1|0|0|135|137
193|137|37|TYR|A|162|12|0|000|16.672771|-1.000000|-1.000000|0.000000|-1|-1|0|0|136|138
193|138|37|TYR|A|163|12|0|000|11.167885|-1.000000|-1.000000|0.000000|-1|-1|0|0|137|139
193|139|31|ARG|A|164|11|0|000|14.178638|-1.000000|-1.000000|0.000000|-1|-1|0|0|138|140
193|140|25|GLU|A|165|9|0|000|15.556503|-1.000000|-1.000000|0.000000|-1|-1|0|0|139|141
193|141|21|ASP|A|166|8|0|000|12.351264|-1.000000|-1.000000|0.000000|-1|-1|0|0|140|142
193|142|5|VAL|A|167|7|0|000|13.446514|-1.000000|-1.000000|0.000000|-1|-1|0|0|141|143
193|143|1|GLY|A|168|4|0|000|10.221553|-1.000000|-1.000000|0.000000|-1|-1|0|0|142|144
193|144|9|ILE|A|169|8|0|000|7.649079|-1.000000|-1.000000|0.000000|-1|-1|0|0|143|145
193|145|23|ASN|A|170|8|0|000|9.087510|-1.000000|-1.000000|0.000000|-1|-1|0|0|144|146
193|146|3|ALA|A|171|5|0|000|8.936914|-1.000000|-1.000000|0.000000|-1|-1|0|0|145|147
193|147|33|HIS|A|172|10|0|000|4.677763|-1.000000|-1.000000|0.000000|-1|-1|0|0|146|148
193|148|33|HIS|A|173|10|0|000|4.837995|-1.000000|-1.000000|0.000000|-1|-1|0|0|147|149
193|149|39|TRP|A|174|14|0|000|10.767772|-1.000000|-1.000000|0.000000|-1|-1|0|0|148|150
193|150|33|HIS|A|175|10|0|000|9.251513|-1.000000|-1.000000|0.000000|-1|-1|0|0|149|151
193|151|39|TRP|A|176|14|0|000|5.140587|-1.000000|-1.000000|0.000000|-1|-1|0|0|150|152
193|152|33|HIS|A|177|10|0|000|7.341414|-1.000000|-1.000000|0.000000|-1|-1|0|0|151|153
193|153|7|LEU|A|178|8|0|000|11.326304|-1.000000|-1.000000|0.000000|-1|-1|0|0|152|154
193|154|5|VAL|A|179|7|0|000|10.544050|-1.000000|-1.000000|0.000000|-1|-1|0|0|153|155
193|155|37|TYR|A|180|12|0|000|9.781987|-1.000000|-1.000000|0.000000|-1|-1|0|0|154|156
193|156|19|PRO|A|181|7|0|000|12.842311|-1.000000|-1.000000|0.000000|-1|-1|0|0|155|157
193|157|11|SER|A|182|6|0|000|14.107713|-1.000000|-1.000000|0.000000|-1|-1|0|0|156|158
193|158|13|THR|A|183|7|0|000|17.276176|-1.000000|-1.000000|0.000000|-1|-1|0|0|157|159
193|159|39|TRP|A|184|14|0|000|17.301731|-1.000000|-1.000000|0.000000|-1|-1|0|0|158|160
193|160|23|ASN|A|185|8|0|000|22.040060|-1.000000|-1.000000|0.000000|-1|-1|0|0|159|161
193|161|19|PRO|A|186|7|0|000|21.635048|-1.000000|-1.000000|0.000000|-1|-1|0|0|160|162
193|162|29|LYS|A|187|9|0|000|25.698864|-1.000000|-1.000000|0.000000|-1|-1|0|0|161|163
193|163|37|TYR|A|188|12|0|000|24.862608|-1.000000|-1.000000|0.000000|-1|-1|0|0|162|164
193|164|35|PHE|A|189|11|0|000|21.798948|-1.000000|-1.000000|0.000000|-1|-1|0|0|163|165
193|165|1|GLY|A|190|4|0|000|24.502550|-1.000000|-1.000000|0.000000|-1|-1|0|0|164|166
193|166|29|LYS|A|191|5|0|000|21.466614|-1.000000|-1.000000|0.000000|-1|-1|0|0|165|167
193|167|29|LYS|A|192|9|0|000|20.997795|-1.000000|-1.000000|0.000000|-1|-1|0|0|166|168
193|168|29|LYS|A|193|9|0|000|15.071012|-1.000000|-1.000000|0.000000|-1|-1|0|0|167|169
193|169|21|ASP|A|194|8|0|000|16.483248|-1.000000|-1.000000|0.000000|-1|-1|0|0|168|170
193|170|31|ARG|A|195|11|0|000|15.353906|-1.000000|-1.000000|0.000000|-1|-1|0|0|169|171
193|171|29|LYS|A|196|9|0|000|12.473669|-1.000000|-1.000000|0.000000|-1|-1|0|0|170|172
193|172|1|GLY|A|197|4|0|000|12.548501|-1.000000|-1.000000|0.000000|-1|-1|0|0|171|173
193|173|25|GLU|A|198|9|0|000|13.134088|-1.000000|-1.000000|0.000000|-1|-1|0|0|172|174
193|174|7|LEU|A|199|8|0|000|8.562874|-1.000000|-1.000000|0.000000|-1|-1|0|0|173|175
193|175|35|PHE|A|200|11|0|000|8.488860|-1.000000|-1.000000|0.000000|-1|-1|0|0|174|176
193|176|37|TYR|A|201|12|0|000|10.960427|-1.000000|-1.000000|0.000000|-1|-1|0|0|175|177
193|177|37|TYR|A|202|12|0|000|9.098436|-1.000000|-1.000000|0.000000|-1|-1|0|0|176|178
193|178|17|MET|A|203|8|0|000|3.687876|-1.000000|-1.000000|0.000000|-1|-1|0|0|177|179
193|179|33|HIS|A|204|10|0|000|5.273022|-1.000000|-1.000000|0.000000|-1|-1|0|0|178|180
193|180|27|GLN|A|205|9|0|000|9.657265|-1.000000|-1.000000|0.000000|-1|-1|0|0|179|181
193|181|27|GLN|A|206|9|0|000|8.130579|-1.000000|-1.000000|0.000000|-1|-1|0|0|180|182
193|182|17|MET|A|207|8|0|000|5.094604|-1.000000|-1.000000|0.000000|-1|-1|0|0|181|183
193|183|15|CYS|A|208|6|0|000|9.802219|-1.000000|-1.000000|0.000000|-1|-1|0|0|182|184
193|184|3|ALA|A|209|5|0|000|11.452100|-1.000000|-1.000000|0.000000|-1|-1|0|0|183|185
193|185|31|ARG|A|210|11|0|000|9.873494|-1.000000|-1.000000|0.000000|-1|-1|0|0|184|186
193|186|37|TYR|A|211|12|0|000|12.958151|-1.000000|-1.000000|0.000000|-1|-1|0|0|185|187
193|187|21|ASP|A|212|8|0|000|14.982506|-1.000000|-1.000000|0.000000|-1|-1|0|0|186|188
193|188|15|CYS|A|213|6|0|000|15.725220|-1.000000|-1.000000|0.000000|-1|-1|0|0|187|189
193|189|25|GLU|A|214|9|0|000|15.584960|-1.000000|-1.000000|0.000000|-1|-1|0|0|188|190
193|190|31|ARG|A|215|11|0|000|18.164770|-1.000000|-1.000000|0.000000|-1|-1|0|0|189|191
193|191|7|LEU|A|216|8|0|000|20.348604|-1.000000|-1.000000|0.000000|-1|-1|0|0|190|192
193|192|11|SER|A|217|6|0|000|20.599335|-1.000000|-1.000000|0.000000|-1|-1|0|0|191|193
193|193|23|ASN|A|218|8|0|000|21.568600|-1.000000|-1.000000|0.000000|-1|-1|0|0|192|194
193|194|1|GLY|A|219|4|0|000|24.199467|-1.000000|-1.000000|0.000000|-1|-1|0|0|193|195
193|195|17|MET|A|220|8|0|000|21.909330|-1.000000|-1.000000|0.000000|-1|-1|0|0|194|196
193|196|33|HIS|A|221|10|0|000|22.442982|-1.000000|-1.000000|0.000000|-1|-1|0|0|195|197
193|197|31|ARG|A|222|11|0|000|18.532320|-1.000000|-1.000000|0.000000|-1|-1|0|0|196|198
193|198|17|MET|A|223|8|0|000|17.189476|-1.000000|-1.000000|0.000000|-1|-1|0|0|197|199
193|199|7|LEU|A|224|8|0|000|20.248705|-1.000000|-1.000000|0.000000|-1|-1|0|0|198|200
193|200|19|PRO|A|225|7|0|000|18.919378|-1.000000|-1.000000|0.000000|-1|-1|0|0|199|201
193|201|35|PHE|A|226|11|0|000|19.690481|-1.000000|-1.000000|0.000000|-1|-1|0|0|200|202
193|202|23|ASN|A|227|8|0|000|22.174917|-1.000000|-1.000000|0.000000|-1|-1|0|0|201|203
193|203|23|ASN|A|228|8|0|000|25.310896|-1.000000|-1.000000|0.000000|-1|-1|0|0|202|204
193|204|35|PHE|A|229|11|0|000|23.162313|-1.000000|-1.000000|0.000000|-1|-1|0|0|203|205
193|205|21|ASP|A|230|8|0|000|28.015259|-1.000000|-1.000000|0.000000|-1|-1|0|0|204|206
193|206|25|GLU|A|231|5|0|000|25.635820|-1.000000|-1.000000|0.000000|-1|-1|0|0|205|207
193|207|19|PRO|A|232|7|0|000|26.440582|-1.000000|-1.000000|0.000000|-1|-1|0|0|206|208
193|208|7|LEU|A|233|8|0|000|22.451672|-1.000000|-1.000000|0.000000|-1|-1|0|0|207|209
193|209|3|ALA|A|234|5|0|000|22.320671|-1.000000|-1.000000|0.000000|-1|-1|0|0|208|210
193|210|1|GLY|A|235|4|0|000|22.336987|-1.000000|-1.000000|0.000000|-1|-1|0|0|209|211
193|211|37|TYR|A|236|12|0|000|19.142597|-1.000000|-1.000000|0.000000|-1|-1|0|0|210|212
193|212|3|ALA|A|237|5|0|000|22.131063|-1.000000|-1.000000|0.000000|-1|-1|0|0|211|213
193|213|19|PRO|A|238|7|0|000|20.185503|-1.000000|-1.000000|0.000000|-1|-1|0|0|212|214
193|214|33|HIS|A|239|10|0|000|23.444769|-1.000000|-1.000000|0.000000|-1|-1|0|0|213|215
193|215|7|LEU|A|240|8|0|000|20.067894|-1.000000|-1.000000|0.000000|-1|-1|0|0|214|216
193|216|13|THR|A|241|7|0|000|23.945999|-1.000000|-1.000000|0.000000|-1|-1|0|0|215|217
193|217|33|HIS|A|242|10|0|000|23.178194|-1.000000|-1.000000|0.000000|-1|-1|0|0|216|218
193|218|5|VAL|A|243|7|0|000|26.428452|-1.000000|-1.000000|0.000000|-1|-1|0|0|217|219
193|219|3|ALA|A|244|5|0|000|26.511820|-1.000000|-1.000000|0.000000|-1|-1|0|0|218|220
193|220|11|SER|A|245|6|0|000|28.185015|-1.000000|-1.000000|0.000000|-1|-1|0|0|219|221
193|221|1|GLY|A|246|4|0|000|28.769201|-1.000000|-1.000000|0.000000|-1|-1|0|0|220|222
193|222|29|LYS|A|247|9|0|000|27.191885|-1.000000|-1.000000|0.000000|-1|-1|0|0|221|223
193|223|37|TYR|A|248|12|0|000|25.933702|-1.000000|-1.000000|0.000000|-1|-1|0|0|222|224
193|224|37|TYR|A|249|12|0|000|19.474077|-1.000000|-1.000000|0.000000|-1|-1|0|0|223|225
193|225|11|SER|A|250|6|0|000|23.011906|-1.000000|-1.000000|0.000000|-1|-1|0|0|224|226
193|226|19|PRO|A|251|7|0|000|24.140114|-1.000000|-1.000000|0.000000|-1|-1|0|0|225|227
193|227|31|ARG|A|252|11|0|000|21.687365|-1.000000|-1.000000|0.000000|-1|-1|0|0|226|228
193|228|19|PRO|A|253|7|0|000|26.400963|-1.000000|-1.000000|0.000000|-1|-1|0|0|227|229
193|229|21|ASP|A|254|8|0|000|26.970270|-1.000000|-1.000000|0.000000|-1|-1|0|0|228|230
193|230|1|GLY|A|255|4|0|000|28.143719|-1.000000|-1.000000|0.000000|-1|-1|0|0|229|231
193|231|7|LEU|A|256|8|0|000|26.931553|-1.000000|-1.000000|0.000000|-1|-1|0|0|230|232
193|232|29|LYS|A|257|9|0|000|28.117104|-1.000000|-1.000000|0.000000|-1|-1|0|0|231|233
193|233|7|LEU|A|258|8|0|000|23.961445|-1.000000|-1.000000|0.000000|-1|-1|0|0|232|234
193|234|31|ARG|A|259|11|0|000|27.743042|-1.000000|-1.000000|0.000000|-1|-1|0|0|233|235
193|235|21|ASP|A|260|8|0|000|28.447475|-1.000000|-1.000000|0.000000|-1|-1|0|0|234|236
193|236|7|LEU|A|261|8|0|000|25.811831|-1.000000|-1.000000|0.000000|-1|-1|0|0|235|237
193|237|1|GLY|A|262|4|0|000|28.720766|-1.000000|-1.000000|0.000000|-1|-1|0|0|236|238
193|238|21|ASP|A|263|8|0|000|26.078499|-1.000000|-1.000000|0.000000|-1|-1|0|0|237|239
193|239|9|ILE|A|264|8|0|000|24.941450|-1.000000|-1.000000|0.000000|-1|-1|0|0|238|240
193|240|25|GLU|A|265|9|0|000|28.705717|-1.000000|-1.000000|0.000000|-1|-1|0|0|239|241
193|241|9|ILE|A|266|8|0|000|25.704790|-1.000000|-1.000000|0.000000|-1|-1|0|0|240|242
193|242|11|SER|A|267|6|0|000|28.338123|-1.000000|-1.000000|0.000000|-1|-1|0|0|241|243
193|243|25|GLU|A|268|9|0|000|26.934311|-1.000000|-1.000000|0.000000|-1|-1|0|0|242|244
193|244|17|MET|A|269|8|0|000|22.377552|-1.000000|-1.000000|0.000000|-1|-1|0|0|243|245
193|245|5|VAL|A|270|7|0|000|25.637583|-1.000000|-1.000000|0.000000|-1|-1|0|0|244|246
193|246|31|ARG|A|271|11|0|000|28.428350|-1.000000|-1.000000|0.000000|-1|-1|0|0|245|247
193|247|17|MET|A|272|8|0|000|22.916227|-1.000000|-1.000000|0.000000|-1|-1|0|0|246|248
193|248|31|ARG|A|273|11|0|000|23.209555|-1.000000|-1.000000|0.000000|-1|-1|0|0|247|249
193|249|25|GLU|A|274|9|0|000|26.673088|-1.000000|-1.000000|0.000000|-1|-1|0|0|248|250
193|250|31|ARG|A|275|11|0|000|27.009153|-1.000000|-1.000000|0.000000|-1|-1|0|0|249|251
193|251|9|ILE|A|276|8|0|000|22.034254|-1.000000|-1.000000|0.000000|-1|-1|0|0|250|252
193|252|7|LEU|A|277|8|0|000|24.197023|-1.000000|-1.000000|0.000000|-1|-1|0|0|251|253
193|253|21|ASP|A|278|8|0|000|28.393953|-1.000000|-1.000000|0.000000|-1|-1|0|0|252|254
193|254|11|SER|A|279|6|0|000|26.047834|-1.000000|-1.000000|0.000000|-1|-1|0|0|253|255
193|255|9|ILE|A|280|8|0|000|23.810246|-1.000000|-1.000000|0.000000|-1|-1|0|0|254|256
193|256|33|HIS|A|281|10|0|000|27.427202|-1.000000|-1.000000|0.000000|-1|-1|0|0|255|257
193|257|7|LEU|A|282|8|0|000|30.376209|-1.000000|-1.000000|0.000000|-1|-1|0|0|256|258
193|258|1|GLY|A|283|4|0|000|27.866585|-1.000000|-1.000000|0.000000|-1|-1|0|0|257|259
193|259|37|TYR|A|284|12|0|000|29.939028|-1.000000|-1.000000|0.000000|-1|-1|0|0|258|260
193|260|5|VAL|A|285|7|0|000|26.130976|-1.000000|-1.000000|0.000000|-1|-1|0|0|259|261
193|261|9|ILE|A|286|8|0|000|28.981007|-1.000000|-1.000000|0.000000|-1|-1|0|0|260|262
193|262|11|SER|A|287|6|0|000|28.792997|-1.000000|-1.000000|0.000000|-1|-1|0|0|261|263
193|263|25|GLU|A|288|9|0|000|29.078064|-1.000000|-1.000000|0.000000|-1|-1|0|0|262|264
193|264|21|ASP|A|289|8|0|000|32.853237|-1.000000|-1.000000|0.000000|-1|-1|0|0|263|265
193|265|1|GLY|A|290|4|0|000|33.372108|-1.000000|-1.000000|0.000000|-1|-1|0|0|264|266
193|266|11|SER|A|291|6|0|000|32.160538|-1.000000|-1.000000|0.000000|-1|-1|0|0|265|267
193|267|33|HIS|A|292|10|0|000|32.284927|-1.000000|-1.000000|0.000000|-1|-1|0|0|266|268
193|268|29|LYS|A|293|9|0|000|27.219418|-1.000000|-1.000000|0.000000|-1|-1|0|0|267|269
193|269|13|THR|A|294|7|0|000|27.859800|-1.000000|-1.000000|0.000000|-1|-1|0|0|268|270
193|270|7|LEU|A|295|8|0|000|23.982224|-1.000000|-1.000000|0.000000|-1|-1|0|0|269|271
193|271|21|ASP|A|296|8|0|000|24.729364|-1.000000|-1.000000|0.000000|-1|-1|0|0|270|272
193|272|25|GLU|A|297|9|0|000|24.600758|-1.000000|-1.000000|0.000000|-1|-1|0|0|271|273
193|273|7|LEU|A|298|8|0|000|22.732918|-1.000000|-1.000000|0.000000|-1|-1|0|0|272|274
193|274|33|HIS|A|299|10|0|000|21.939007|-1.000000|-1.000000|0.000000|-1|-1|0|0|273|275
193|275|1|GLY|A|300|4|0|000|19.906174|-1.000000|-1.000000|0.000000|-1|-1|0|0|274|276
193|276|13|THR|A|301|7|0|000|16.427277|-1.000000|-1.000000|0.000000|-1|-1|0|0|275|277
193|277|21|ASP|A|302|8|0|000|16.534124|-1.000000|-1.000000|0.000000|-1|-1|0|0|276|278
193|278|9|ILE|A|303|8|0|000|19.881956|-1.000000|-1.000000|0.000000|-1|-1|0|0|277|279
193|279|7|LEU|A|304|8|0|000|17.698172|-1.000000|-1.000000|0.000000|-1|-1|0|0|278|280
193|280|1|GLY|A|305|4|0|000|14.311625|-1.000000|-1.000000|0.000000|-1|-1|0|0|279|281
193|281|3|ALA|A|306|5|0|000|16.262592|-1.000000|-1.000000|0.000000|-1|-1|0|0|280|282
193|282|7|LEU|A|307|8|0|000|18.872225|-1.000000|-1.000000|0.000000|-1|-1|0|0|281|283
193|283|5|VAL|A|308|7|0|000|15.561584|-1.000000|-1.000000|0.000000|-1|-1|0|0|282|284
193|284|25|GLU|A|309|9|0|000|12.612935|-1.000000|-1.000000|0.000000|-1|-1|0|0|283|285
193|285|11|SER|A|310|6|0|000|16.465799|-1.000000|-1.000000|0.000000|-1|-1|0|0|284|286
193|286|11|SER|A|311|6|0|000|16.306873|-1.000000|-1.000000|0.000000|-1|-1|0|0|285|287
193|287|37|TYR|A|312|12|0|000|21.218327|-1.000000|-1.000000|0.000000|-1|-1|0|0|286|288
193|288|25|GLU|A|313|9|0|000|18.838476|-1.000000|-1.000000|0.000000|-1|-1|0|0|287|289
193|289|11|SER|A|314|6|0|000|20.793512|-1.000000|-1.000000|0.000000|-1|-1|0|0|288|290
193|290|5|VAL|A|315|7|0|000|23.976965|-1.000000|-1.000000|0.000000|-1|-1|0|0|289|291
193|291|23|ASN|A|316|8|0|000|25.618017|-1.000000|-1.000000|0.000000|-1|-1|0|0|290|292
193|292|33|HIS|A|317|10|0|000|22.630749|-1.000000|-1.000000|0.000000|-1|-1|0|0|291|293
193|293|25|GLU|A|318|9|0|000|27.984018|-1.000000|-1.000000|0.000000|-1|-1|0|0|292|294
193|294|37|TYR|A|319|12|0|000|27.704100|-1.000000|-1.000000|0.000000|-1|-1|0|0|293|295
193|295|37|TYR|A|320|12|0|000|23.641117|-1.000000|-1.000000|0.000000|-1|-1|0|0|294|296
193|296|1|GLY|A|321|4|0|000|21.425314|-1.000000|-1.000000|0.000000|-1|-1|0|0|295|297
193|297|23|ASN|A|322|8|0|000|18.199465|-1.000000|-1.000000|0.000000|-1|-1|0|0|296|298
193|298|7|LEU|A|323|8|0|000|17.850214|-1.000000|-1.000000|0.000000|-1|-1|0|0|297|299
193|299|33|HIS|A|324|10|0|000|12.410013|-1.000000|-1.000000|0.000000|-1|-1|0|0|298|300
193|300|23|ASN|A|325|8|0|000|14.464211|-1.000000|-1.000000|0.000000|-1|-1|0|0|299|301
193|301|39|TRP|A|326|14|0|000|19.872902|-1.000000|-1.000000|0.000000|-1|-1|0|0|300|302
193|302|1|GLY|A|327|4|0|000|16.600983|-1.000000|-1.000000|0.000000|-1|-1|0|0|301|303
193|303|33|HIS|A|328|10|0|000|13.263792|-1.000000|-1.000000|0.000000|-1|-1|0|0|302|304
193|304|5|VAL|A|329|7|0|000|18.572390|-1.000000|-1.000000|0.000000|-1|-1|0|0|303|305
193|305|13|THR|A|330|7|0|000|20.529818|-1.000000|-1.000000|0.000000|-1|-1|0|0|304|306
193|306|17|MET|A|331|8|0|000|18.167927|-1.000000|-1.000000|0.000000|-1|-1|0|0|305|307
193|307|3|ALA|A|332|5|0|000|19.164291|-1.000000|-1.000000|0.000000|-1|-1|0|0|306|308
193|308|31|ARG|A|333|11|0|000|22.063206|-1.000000|-1.000000|0.000000|-1|-1|0|0|307|309
193|309|9|ILE|A|334|8|0|000|23.804815|-1.000000|-1.000000|0.000000|-1|-1|0|0|308|310
193|310|33|HIS|A|335|10|0|000|25.344471|-1.000000|-1.000000|0.000000|-1|-1|0|0|309|311
193|311|21|ASP|A|336|8|0|000|27.891756|-1.000000|-1.000000|0.000000|-1|-1|0|0|310|312
193|312|19|PRO|A|337|7|0|000|27.641779|-1.000000|-1.000000|0.000000|-1|-1|0|0|311|313
193|313|21|ASP|A|338|8|0|000|31.121248|-1.000000|-1.000000|0.000000|-1|-1|0|0|312|314
193|314|1|GLY|A|339|4|0|000|30.307133|-1.000000|-1.000000|0.000000|-1|-1|0|0|313|315
193|315|31|ARG|A|340|11|0|000|34.242302|-1.000000|-1.000000|0.000000|-1|-1|0|0|314|316
193|316|35|PHE|A|341|11|0|000|32.393986|-1.000000|-1.000000|0.000000|-1|-1|0|0|315|317
193|317|33|HIS|A|342|10|0|000|31.848146|-1.000000|-1.000000|0.000000|-1|-1|0|0|316|318
193|318|25|GLU|A|343|9|0|000|27.922701|-1.000000|-1.000000|0.000000|-1|-1|0|0|317|319
193|319|25|GLU|A|344|9|0|000|24.343956|-1.000000|-1.000000|0.000000|-1|-1|0|0|318|320
193|320|19|PRO|A|345|7|0|000|20.995766|-1.000000|-1.000000|0.000000|-1|-1|0|0|319|321
193|321|1|GLY|A|346|4|0|000|18.494080|-1.000000|-1.000000|0.000000|-1|-1|0|0|320|322
193|322|5|VAL|A|347|7|0|000|15.297286|-1.000000|-1.000000|0.000000|-1|-1|0|0|321|323
193|323|17|MET|A|348|8|0|000|13.793143|-1.000000|-1.000000|0.000000|-1|-1|0|0|322|324
193|324|11|SER|A|349|6|0|000|15.264011|-1.000000|-1.000000|0.000000|-1|-1|0|0|323|325
193|325|21|ASP|A|350|8|0|000|13.062276|-1.000000|-1.000000|0.000000|-1|-1|0|0|324|326
193|326|13|THR|A|351|7|0|000|9.179351|-1.000000|-1.000000|0.000000|-1|-1|0|0|325|327
193|327|11|SER|A|352|6|0|000|11.160655|-1.000000|-1.000000|0.000000|-1|-1|0|0|326|328
193|328|13|THR|A|353|7|0|000|12.596800|-1.000000|-1.000000|0.000000|-1|-1|0|0|327|329
193|329|11|SER|A|354|6|0|000|10.342609|-1.000000|-1.000000|0.000000|-1|-1|0|0|328|330
193|330|7|LEU|A|355|8|0|000|8.509471|-1.000000|-1.000000|0.000000|-1|-1|0|0|329|331
193|331|31|ARG|A|356|11|0|000|13.903073|-1.000000|-1.000000|0.000000|-1|-1|0|0|330|332
193|332|21|ASP|A|357|8|0|000|14.811104|-1.000000|-1.000000|0.000000|-1|-1|0|0|331|333
193|333|19|PRO|A|358|7|0|000|15.762051|-1.000000|-1.000000|0.000000|-1|-1|0|0|332|334
193|334|9|ILE|A|359|8|0|000|15.794608|-1.000000|-1.000000|0.000000|-1|-1|0|0|333|335
193|335|35|PHE|A|360|11|0|000|9.749696|-1.000000|-1.000000|0.000000|-1|-1|0|0|334|336
193|336|37|TYR|A|361|12|0|000|11.204583|-1.000000|-1.000000|0.000000|-1|-1|0|0|335|337
193|337|23|ASN|A|362|8|0|000|15.976292|-1.000000|-1.000000|0.000000|-1|-1|0|0|336|338
193|338|39|TRP|A|363|14|0|000|14.745152|-1.000000|-1.000000|0.000000|-1|-1|0|0|337|339
193|339|33|HIS|A|364|10|0|000|10.045043|-1.000000|-1.000000|0.000000|-1|-1|0|0|338|340
193|340|31|ARG|A|365|11|0|000|13.654482|-1.000000|-1.000000|0.000000|-1|-1|0|0|339|341
193|341|35|PHE|A|366|11|0|000|17.055784|-1.000000|-1.000000|0.000000|-1|-1|0|0|340|342
193|342|9|ILE|A|367|8|0|000|13.581395|-1.000000|-1.000000|0.000000|-1|-1|0|0|341|343
193|343|21|ASP|A|368|8|0|000|13.231568|-1.000000|-1.000000|0.000000|-1|-1|0|0|342|344
193|344|23|ASN|A|369|8|0|000|17.499439|-1.000000|-1.000000|0.000000|-1|-1|0|0|343|345
193|345|9|ILE|A|370|8|0|000|17.636412|-1.000000|-1.000000|0.000000|-1|-1|0|0|344|346
193|346|35|PHE|A|371|11|0|000|14.681589|-1.000000|-1.000000|0.000000|-1|-1|0|0|345|347
193|347|33|HIS|A|372|10|0|000|18.706615|-1.000000|-1.000000|0.000000|-1|-1|0|0|346|348
193|348|25|GLU|A|373|9|0|000|22.105177|-1.000000|-1.000000|0.000000|-1|-1|0|0|347|349
193|349|37|TYR|A|374|12|0|000|20.722490|-1.000000|-1.000000|0.000000|-1|-1|0|0|348|350
193|350|29|LYS|A|375|9|0|000|19.073486|-1.000000|-1.000000|0.000000|-1|-1|0|0|349|351
193|351|23|ASN|A|376|8|0|000|23.185236|-1.000000|-1.000000|0.000000|-1|-1|0|0|350|352
193|352|13|THR|A|377|7|0|000|25.300978|-1.000000|-1.000000|0.000000|-1|-1|0|0|351|353
193|353|7|LEU|A|378|8|0|000|24.063848|-1.000000|-1.000000|0.000000|-1|-1|0|0|352|354
193|354|29|LYS|A|379|9|0|000|29.007368|-1.000000|-1.000000|0.000000|-1|-1|0|0|353|355
193|355|19|PRO|A|380|7|0|000|27.484983|-1.000000|-1.000000|0.000000|-1|-1|0|0|354|356
193|356|37|TYR|A|381|12|0|000|24.590727|-1.000000|-1.000000|0.000000|-1|-1|0|0|355|357
193|357|21|ASP|A|382|8|0|000|30.329540|-1.000000|-1.000000|0.000000|-1|-1|0|0|356|358
193|358|33|HIS|A|383|10|0|000|32.526318|-1.000000|-1.000000|0.000000|-1|-1|0|0|357|359
193|359|21|ASP|A|384|5|0|000|31.537397|-1.000000|-1.000000|0.000000|-1|-1|0|0|358|360
193|360|5|VAL|A|385|7|0|000|27.701475|-1.000000|-1.000000|0.000000|-1|-1|0|0|359|361
193|361|7|LEU|A|386|8|0|000|26.818304|-1.000000|-1.000000|0.000000|-1|-1|0|0|360|362
193|362|23|ASN|A|387|8|0|000|30.999401|-1.000000|-1.000000|0.000000|-1|-1|0|0|361|363
193|363|35|PHE|A|388|11|0|000|30.501680|-1.000000|-1.000000|0.000000|-1|-1|0|0|362|364
193|364|19|PRO|A|389|7|0|000|34.395939|-1.000000|-1.000000|0.000000|-1|-1|0|0|363|365
193|365|21|ASP|A|390|8|0|000|36.282444|-1.000000|-1.000000|0.000000|-1|-1|0|0|364|366
193|366|9|ILE|A|391|8|0|000|32.391834|-1.000000|-1.000000|0.000000|-1|-1|0|0|365|367
193|367|27|GLN|A|392|9|0|000|34.275574|-1.000000|-1.000000|0.000000|-1|-1|0|0|366|368
193|368|5|VAL|A|393|7|0|000|30.652971|-1.000000|-1.000000|0.000000|-1|-1|0|0|367|369
193|369|27|GLN|A|394|9|0|000|35.074387|-1.000000|-1.000000|0.000000|-1|-1|0|0|368|370
193|370|21|ASP|A|395|8|0|000|32.131283|-1.000000|-1.000000|0.000000|-1|-1|0|0|369|371
193|371|5|VAL|A|396|7|0|000|28.190596|-1.000000|-1.000000|0.000000|-1|-1|0|0|370|372
193|372|13|THR|A|397|7|0|000|29.152744|-1.000000|-1.000000|0.000000|-1|-1|0|0|371|373
193|373|7|LEU|A|398|8|0|000|25.872435|-1.000000|-1.000000|0.000000|-1|-1|0|0|372|374
193|374|33|HIS|A|399|10|0|000|29.174021|-1.000000|-1.000000|0.000000|-1|-1|0|0|373|375
193|375|3|ALA|A|400|5|0|000|28.668322|-1.000000|-1.000000|0.000000|-1|-1|0|0|374|376
193|376|31|ARG|A|401|11|0|000|31.170919|-1.000000|-1.000000|0.000000|-1|-1|0|0|375|377
193|377|5|VAL|A|402|7|0|000|31.092192|-1.000000|-1.000000|0.000000|-1|-1|0|0|376|378
193|378|21|ASP|A|403|8|0|000|31.250233|-1.000000|-1.000000|0.000000|-1|-1|0|0|377|379
193|379|23|ASN|A|404|8|0|000|28.606737|-1.000000|-1.000000|0.000000|-1|-1|0|0|378|380
193|380|5|VAL|A|405|7|0|000|27.373402|-1.000000|-1.000000|0.000000|-1|-1|0|0|379|381
193|381|5|VAL|A|406|7|0|000|23.371023|-1.000000|-1.000000|0.000000|-1|-1|0|0|380|382
193|382|33|HIS|A|407|10|0|000|26.113708|-1.000000|-1.000000|0.000000|-1|-1|0|0|381|383
193|383|13|THR|A|408|7|0|000|22.049416|-1.000000|-1.000000|0.000000|-1|-1|0|0|382|384
193|384|35|PHE|A|409|11|0|000|23.219791|-1.000000|-1.000000|0.000000|-1|-1|0|0|383|385
193|385|17|MET|A|410|8|0|000|22.412424|-1.000000|-1.000000|0.000000|-1|-1|0|0|384|386
193|386|31|ARG|A|411|11|0|000|22.576651|-1.000000|-1.000000|0.000000|-1|-1|0|0|385|387
193|387|25|GLU|A|412|5|0|000|23.932924|-1.000000|-1.000000|0.000000|-1|-1|0|0|386|388
193|388|27|GLN|A|413|9|0|000|21.118149|-1.000000|-1.000000|0.000000|-1|-1|0|0|387|389
193|389|25|GLU|A|414|9|0|000|24.563087|-1.000000|-1.000000|0.000000|-1|-1|0|0|388|390
193|390|7|LEU|A|415|8|0|000|21.406458|-1.000000|-1.000000|0.000000|-1|-1|0|0|389|391
193|391|25|GLU|A|416|9|0|000|23.740786|-1.000000|-1.000000|0.000000|-1|-1|0|0|390|392
193|392|7|LEU|A|417|8|0|000|24.790462|-1.000000|-1.000000|0.000000|-1|-1|0|0|391|393
193|393|29|LYS|A|418|9|0|000|27.256947|-1.000000|-1.000000|0.000000|-1|-1|0|0|392|394
193|394|33|HIS|A|419|10|0|000|25.354954|-1.000000|-1.000000|0.000000|-1|-1|0|0|393|395
193|395|1|GLY|A|420|4|0|000|24.739672|-1.000000|-1.000000|0.000000|-1|-1|0|0|394|396
193|396|9|ILE|A|421|5|0|000|26.877653|-1.000000|-1.000000|0.000000|-1|-1|0|0|395|397
193|397|23|ASN|A|422|8|0|000|31.092226|-1.000000|-1.000000|0.000000|-1|-1|0|0|396|398
193|398|19|PRO|A|423|7|0|000|31.822287|-1.000000|-1.000000|0.000000|-1|-1|0|0|397|399
193|399|1|GLY|A|424|4|0|000|35.146950|-1.000000|-1.000000|0.000000|-1|-1|0|0|398|400
193|400|23|ASN|A|425|8|0|000|38.346283|-1.000000|-1.000000|0.000000|-1|-1|0|0|399|401
193|401|3|ALA|A|426|5|0|000|34.770294|-1.000000|-1.000000|0.000000|-1|-1|0|0|400|402
193|402|31|ARG|A|427|5|0|000|33.665970|-1.000000|-1.000000|0.000000|-1|-1|0|0|401|403
193|403|11|SER|A|428|6|0|000|31.015669|-1.000000|-1.000000|0.000000|-1|-1|0|0|402|404
193|404|9|ILE|A|429|8|0|000|28.883823|-1.000000|-1.000000|0.000000|-1|-1|0|0|403|405
193|405|29|LYS|A|430|9|0|000|27.137594|-1.000000|-1.000000|0.000000|-1|-1|0|0|404|406
193|406|3|ALA|A|431|5|0|000|24.409204|-1.000000|-1.000000|0.000000|-1|-1|0|0|405|407
193|407|31|ARG|A|432|5|0|000|24.977980|-1.000000|-1.000000|0.000000|-1|-1|0|0|406|408
193|408|37|TYR|A|433|12|0|000|20.236599|-1.000000|-1.000000|0.000000|-1|-1|0|0|407|409
193|409|37|TYR|A|434|12|0|000|23.274368|-1.000000|-1.000000|0.000000|-1|-1|0|0|408|410
193|410|33|HIS|A|435|10|0|000|18.317387|-1.000000|-1.000000|0.000000|-1|-1|0|0|409|411
193|411|7|LEU|A|436|8|0|000|17.418331|-1.000000|-1.000000|0.000000|-1|-1|0|0|410|412
193|412|21|ASP|A|437|8|0|000|19.300915|-1.000000|-1.000000|0.000000|-1|-1|0|0|411|413
193|413|33|HIS|A|438|10|0|000|19.363733|-1.000000|-1.000000|0.000000|-1|-1|0|0|412|414
193|414|25|GLU|A|439|9|0|000|24.384144|-1.000000|-1.000000|0.000000|-1|-1|0|0|413|415
193|415|19|PRO|A|440|7|0|000|23.779236|-1.000000|-1.000000|0.000000|-1|-1|0|0|414|416
193|416|35|PHE|A|441|11|0|000|21.982203|-1.000000|-1.000000|0.000000|-1|-1|0|0|415|417
193|417|11|SER|A|442|6|0|000|25.334743|-1.000000|-1.000000|0.000000|-1|-1|0|0|416|418
193|418|37|TYR|A|443|12|0|000|22.878864|-1.000000|-1.000000|0.000000|-1|-1|0|0|417|419
193|419|3|ALA|A|444|5|0|000|28.630438|-1.000000|-1.000000|0.000000|-1|-1|0|0|418|420
193|420|5|VAL|A|445|7|0|000|28.326155|-1.000000|-1.000000|0.000000|-1|-1|0|0|419|421
193|421|23|ASN|A|446|8|0|000|32.669975|-1.000000|-1.000000|0.000000|-1|-1|0|0|420|422
193|422|5|VAL|A|447|7|0|000|32.135197|-1.000000|-1.000000|0.000000|-1|-1|0|0|421|423
193|423|27|GLN|A|448|9|0|000|36.849869|-1.000000|-1.000000|0.000000|-1|-1|0|0|422|424
193|424|23|ASN|A|449|8|0|000|36.460751|-1.000000|-1.000000|0.000000|-1|-1|0|0|423|425
193|425|23|ASN|A|450|8|0|000|39.114365|-1.000000|-1.000000|0.000000|-1|-1|0|0|424|426
193|426|11|SER|A|451|6|0|000|39.142570|-1.000000|-1.000000|0.000000|-1|-1|0|0|425|427
193|427|3|ALA|A|452|5|0|000|41.888561|-1.000000|-1.000000|0.000000|-1|-1|0|0|426|428
193|428|11|SER|A|453|6|0|000|38.947353|-1.000000|-1.000000|0.000000|-1|-1|0|0|427|429
193|429|21|ASP|A|454|8|0|000|36.348846|-1.000000|-1.000000|0.000000|-1|-1|0|0|428|430
193|430|29|LYS|A|455|9|0|000|33.541756|-1.000000|-1.000000|0.000000|-1|-1|0|0|429|431
193|431|33|HIS|A|456|10|0|000|30.391634|-1.000000|-1.000000|0.000000|-1|-1|0|0|430|432
193|432|3|ALA|A|457|5|0|000|26.424479|-1.000000|-1.000000|0.000000|-1|-1|0|0|431|433
193|433|13|THR|A|458|7|0|000|22.607883|-1.000000|-1.000000|0.000000|-1|-1|0|0|432|434
193|434|5|VAL|A|459|7|0|000|22.189997|-1.000000|-1.000000|0.000000|-1|-1|0|0|433|435
193|435|31|ARG|A|460|11|0|000|19.479836|-1.000000|-1.000000|0.000000|-1|-1|0|0|434|436
193|436|9|ILE|A|461|8|0|000|18.732014|-1.000000|-1.000000|0.000000|-1|-1|0|0|435|437
193|437|35|PHE|A|462|11|0|000|16.352097|-1.000000|-1.000000|0.000000|-1|-1|0|0|436|438
193|438|7|LEU|A|463|8|0|000|17.440418|-1.000000|-1.000000|0.000000|-1|-1|0|0|437|439
193|439|3|ALA|A|464|5|0|000|19.205528|-1.000000|-1.000000|0.000000|-1|-1|0|0|438|440
193|440|19|PRO|A|465|7|0|000|20.073042|-1.000000|-1.000000|0.000000|-1|-1|0|0|439|441
193|441|29|LYS|A|466|9|0|000|26.026474|-1.000000|-1.000000|0.000000|-1|-1|0|0|440|442
193|442|37|TYR|A|467|12|0|000|27.228001|-1.000000|-1.000000|0.000000|-1|-1|0|0|441|443
193|443|21|ASP|A|468|8|0|000|25.380646|-1.000000|-1.000000|0.000000|-1|-1|0|0|442|444
193|444|25|GLU|A|469|9|0|000|25.317392|-1.000000|-1.000000|0.000000|-1|-1|0|0|443|445
193|445|7|LEU|A|470|8|0|000|29.140968|-1.000000|-1.000000|0.000000|-1|-1|0|0|444|446
193|446|1|GLY|A|471|4|0|000|29.510235|-1.000000|-1.000000|0.000000|-1|-1|0|0|445|447
193|447|23|ASN|A|472|8|0|000|29.108889|-1.000000|-1.000000|0.000000|-1|-1|0|0|446|448
193|448|25|GLU|A|473|9|0|000|28.851965|-1.000000|-1.000000|0.000000|-1|-1|0|0|447|449
193|449|9|ILE|A|474|8|0|000|23.974127|-1.000000|-1.000000|0.000000|-1|-1|0|0|448|450
193|450|29|LYS|A|475|9|0|000|27.202477|-1.000000|-1.000000|0.000000|-1|-1|0|0|449|451
193|451|3|ALA|A|476|5|0|000|24.386337|-1.000000|-1.000000|0.000000|-1|-1|0|0|450|452
193|452|21|ASP|A|477|8|0|000|23.147690|-1.000000|-1.000000|0.000000|-1|-1|0|0|451|453
193|453|25|GLU|A|478|9|0|000|22.168018|-1.000000|-1.000000|0.000000|-1|-1|0|0|452|454
193|454|7|LEU|A|479|8|0|000|20.348309|-1.000000|-1.000000|0.000000|-1|-1|0|0|453|455
193|455|31|ARG|A|480|11|0|000|18.805635|-1.000000|-1.000000|0.000000|-1|-1|0|0|454|456
193|456|31|ARG|A|481|11|0|000|16.263151|-1.000000|-1.000000|0.000000|-1|-1|0|0|455|457
193|457|13|THR|A|482|7|0|000|15.870128|-1.000000|-1.000000|0.000000|-1|-1|0|0|456|458
193|458|3|ALA|A|483|5|0|000|14.742076|-1.000000|-1.000000|0.000000|-1|-1|0|0|457|459
193|459|9|ILE|A|484|8|0|000|12.922238|-1.000000|-1.000000|0.000000|-1|-1|0|0|458|460
193|460|25|GLU|A|485|9|0|000|12.253211|-1.000000|-1.000000|0.000000|-1|-1|0|0|459|461
193|461|7|LEU|A|486|8|0|000|14.987248|-1.000000|-1.000000|0.000000|-1|-1|0|0|460|462
193|462|21|ASP|A|487|8|0|000|16.806171|-1.000000|-1.000000|0.000000|-1|-1|0|0|461|463
193|463|29|LYS|A|488|9|0|000|16.294668|-1.000000|-1.000000|0.000000|-1|-1|0|0|462|464
193|464|35|PHE|A|489|11|0|000|21.173574|-1.000000|-1.000000|0.000000|-1|-1|0|0|463|465
193|465|29|LYS|A|490|9|0|000|24.983402|-1.000000|-1.000000|0.000000|-1|-1|0|0|464|466
193|466|13|THR|A|491|7|0|000|26.965551|-1.000000|-1.000000|0.000000|-1|-1|0|0|465|467
193|467|21|ASP|A|492|8|0|000|30.675962|-1.000000|-1.000000|0.000000|-1|-1|0|0|466|468
193|468|7|LEU|A|493|8|0|000|32.083527|-1.000000|-1.000000|0.000000|-1|-1|0|0|467|469
193|469|33|HIS|A|494|10|0|000|36.046009|-1.000000|-1.000000|0.000000|-1|-1|0|0|468|470
193|470|19|PRO|A|495|7|0|000|39.284817|-1.000000|-1.000000|0.000000|-1|-1|0|0|469|471
193|471|1|GLY|A|496|4|0|000|38.506657|-1.000000|-1.000000|0.000000|-1|-1|0|0|470|472
193|472|29|LYS|A|497|9|0|000|38.520817|-1.000000|-1.000000|0.000000|-1|-1|0|0|471|473
193|473|23|ASN|A|498|8|0|000|34.282833|-1.000000|-1.000000|0.000000|-1|-1|0|0|472|474
193|474|13|THR|A|499|7|0|000|32.552589|-1.000000|-1.000000|0.000000|-1|-1|0|0|473|475
193|475|5|VAL|A|500|7|0|000|28.245777|-1.000000|-1.000000|0.000000|-1|-1|0|0|474|476
193|476|5|VAL|A|501|7|0|000|27.916651|-1.000000|-1.000000|0.000000|-1|-1|0|0|475|477
193|477|31|ARG|A|502|11|0|000|22.028868|-1.000000|-1.000000|0.000000|-1|-1|0|0|476|478
193|478|33|HIS|A|503|10|0|000|24.102030|-1.000000|-1.000000|0.000000|-1|-1|0|0|477|479
193|479|11|SER|A|504|6|0|000|19.679661|-1.000000|-1.000000|0.000000|-1|-1|0|0|478|480
193|480|7|LEU|A|505|5|0|000|19.190073|-1.000000|-1.000000|0.000000|-1|-1|0|0|479|481
193|481|21|ASP|A|506|8|0|000|19.814495|-1.000000|-1.000000|0.000000|-1|-1|0|0|480|482
193|482|11|SER|A|507|6|0|000|15.198230|-1.000000|-1.000000|0.000000|-1|-1|0|0|481|483
193|483|11|SER|A|508|6|0|000|13.684162|-1.000000|-1.000000|0.000000|-1|-1|0|0|482|484
193|484|5|VAL|A|509|7|0|000|10.402758|-1.000000|-1.000000|0.000000|-1|-1|0|0|483|485
193|485|13|THR|A|510|7|0|000|12.196069|-1.000000|-1.000000|0.000000|-1|-1|0|0|484|486
193|486|7|LEU|A|511|8|0|000|12.376252|-1.000000|-1.000000|0.000000|-1|-1|0|0|485|487
193|487|11|SER|A|512|6|0|000|16.360680|-1.000000|-1.000000|0.000000|-1|-1|0|0|486|488
193|488|33|HIS|A|513|10|0|000|18.453440|-1.000000|-1.000000|0.000000|-1|-1|0|0|487|489
193|489|27|GLN|A|514|9|0|000|16.032383|-1.000000|-1.000000|0.000000|-1|-1|0|0|488|490
193|490|19|PRO|A|515|7|0|000|19.413967|-1.000000|-1.000000|0.000000|-1|-1|0|0|489|491
193|491|13|THR|A|516|7|0|000|21.672796|-1.000000|-1.000000|0.000000|-1|-1|0|0|490|492
193|492|35|PHE|A|517|11|0|000|23.107815|-1.000000|-1.000000|0.000000|-1|-1|0|0|491|493
193|493|25|GLU|A|518|9|0|000|26.374628|-1.000000|-1.000000|0.000000|-1|-1|0|0|492|494
193|494|21|ASP|A|519|8|0|000|24.591669|-1.000000|-1.000000|0.000000|-1|-1|0|0|493|495
193|495|7|LEU|A|520|8|0|000|23.840498|-1.000000|-1.000000|0.000000|-1|-1|0|0|494|496
193|496|7|LEU|A|521|8|0|000|28.042799|-1.000000|-1.000000|0.000000|-1|-1|0|0|495|-1
193|497|11|SER|A|531|6|0|000|18.505667|-1.000000|-1.000000|0.000000|-1|-1|0|0|-1|498
193|498|25|GLU|A|532|9|0|000|20.333351|-1.000000|-1.000000|0.000000|-1|-1|0|0|497|499
193|499|37|TYR|A|533|12|0|000|18.980349|-1.000000|-1.000000|0.000000|-1|-1|0|0|498|500
193|500|15|CYS|A|534|6|0|000|14.399984|-1.000000|-1.000000|0.000000|-1|-1|0|0|499|501
193|501|11|SER|A|535|6|0|000|12.036790|-1.000000|-1.000000|0.000000|-1|-1|0|0|500|502
193|502|15|CYS|A|536|6|0|000|8.806214|-1.000000|-1.000000|0.000000|-1|-1|0|0|501|503
193|503|1|GLY|A|537|4|0|000|7.871470|-1.000000|-1.000000|0.000000|-1|-1|0|0|502|504
193|504|39|TRP|A|538|14|0|000|7.174477|-1.000000|-1.000000|0.000000|-1|-1|0|0|503|505
193|505|19|PRO|A|539|7|0|000|10.142149|-1.000000|-1.000000|0.000000|-1|-1|0|0|504|506
193|506|11|SER|A|540|6|0|000|14.171259|-1.000000|-1.000000|0.000000|-1|-1|0|0|505|507
193|507|33|HIS|A|541|10|0|000|14.604146|-1.000000|-1.000000|0.000000|-1|-1|0|0|506|508
193|508|7|LEU|A|542|8|0|000|12.066585|-1.000000|-1.000000|0.000000|-1|-1|0|0|507|509
193|509|7|LEU|A|543|8|0|000|13.959788|-1.000000|-1.000000|0.000000|-1|-1|0|0|508|510
193|510|5|VAL|A|544|7|0|000|15.950284|-1.000000|-1.000000|0.000000|-1|-1|0|0|509|511
193|511|19|PRO|A|545|7|0|000|16.413742|-1.000000|-1.000000|0.000000|-1|-1|0|0|510|512
193|512|29|LYS|A|546|9|0|000|19.968189|-1.000000|-1.000000|0.000000|-1|-1|0|0|511|513
193|513|1|GLY|A|547|4|0|000|21.511093|-1.000000|-1.000000|0.000000|-1|-1|0|0|512|514
193|514|23|ASN|A|548|8|0|000|25.313105|-1.000000|-1.000000|0.000000|-1|-1|0|0|513|515
193|515|9|ILE|A|549|8|0|000|28.806906|-1.000000|-1.000000|0.000000|-1|-1|0|0|514|516
193|516|29|LYS|A|550|5|0|000|29.600056|-1.000000|-1.000000|0.000000|-1|-1|0|0|515|517
193|517|1|GLY|A|551|4|0|000|27.271210|-1.000000|-1.000000|0.000000|-1|-1|0|0|516|518
193|518|17|MET|A|552|8|0|000|23.457697|-1.000000|-1.000000|0.000000|-1|-1|0|0|517|519
193|519|25|GLU|A|553|9|0|000|26.694624|-1.000000|-1.000000|0.000000|-1|-1|0|0|518|520
193|520|37|TYR|A|554|12|0|000|20.946056|-1.000000|-1.000000|0.000000|-1|-1|0|0|519|521
193|521|33|HIS|A|555|10|0|000|23.430864|-1.000000|-1.000000|0.000000|-1|-1|0|0|520|522
193|522|7|LEU|A|556|8|0|000|22.517578|-1.000000|-1.000000|0.000000|-1|-1|0|0|521|523
193|523|35|PHE|A|557|11|0|000|21.694279|-1.000000|-1.000000|0.000000|-1|-1|0|0|522|524
193|524|5|VAL|A|558|7|0|000|23.475849|-1.000000|-1.000000|0.000000|-1|-1|0|0|523|525
193|525|17|MET|A|559|8|0|000|23.331045|-1.000000|-1.000000|0.000000|-1|-1|0|0|524|526
193|526|7|LEU|A|560|8|0|000|26.057827|-1.000000|-1.000000|0.000000|-1|-1|0|0|525|527
193|527|13|THR|A|561|7|0|000|24.720474|-1.000000|-1.000000|0.000000|-1|-1|0|0|526|528
193|528|21|ASP|A|562|8|0|000|28.299002|-1.000000|-1.000000|0.000000|-1|-1|0|0|527|529
193|529|39|TRP|A|563|14|0|000|25.950226|-1.000000|-1.000000|0.000000|-1|-1|0|0|528|530
193|530|21|ASP|A|564|8|0|000|29.305832|-1.000000|-1.000000|0.000000|-1|-1|0|0|529|531
193|531|29|LYS|A|565|9|0|000|27.862206|-1.000000|-1.000000|0.000000|-1|-1|0|0|530|532
193|532|21|ASP|A|566|8|0|000|22.981119|-1.000000|-1.000000|0.000000|-1|-1|0|0|531|533
193|533|29|LYS|A|567|9|0|000|25.838396|-1.000000|-1.000000|0.000000|-1|-1|0|0|532|534
193|534|5|VAL|A|568|7|0|000|22.420727|-1.000000|-1.000000|0.000000|-1|-1|0|0|533|-1
193|535|5|VAL|A|574|5|0|000|20.927904|-1.000000|-1.000000|0.000000|-1|-1|0|0|-1|536
193|536|3|ALA|A|575|5|0|000|18.796875|-1.000000|-1.000000|0.000000|-1|-1|0|0|535|537
193|537|15|CYS|A|576|6|0|000|15.631385|-1.000000|-1.000000|0.000000|-1|-1|0|0|536|538
193|538|5|VAL|A|577|7|0|000|16.005190|-1.000000|-1.000000|0.000000|-1|-1|0|0|537|539
193|539|21|ASP|A|578|8|0|000|14.549465|-1.000000|-1.000000|0.000000|-1|-1|0|0|538|540
193|540|3|ALA|A|579|5|0|000|10.925949|-1.000000|-1.000000|0.000000|-1|-1|0|0|539|541
193|541|5|VAL|A|580|7|0|000|12.698377|-1.000000|-1.000000|0.000000|-1|-1|0|0|540|542
193|542|11|SER|A|581|6|0|000|10.709538|-1.000000|-1.000000|0.000000|-1|-1|0|0|541|543
193|543|37|TYR|A|582|12|0|000|6.609522|-1.000000|-1.000000|0.000000|-1|-1|0|0|542|544
193|544|15|CYS|A|583|6|0|000|8.610122|-1.000000|-1.000000|0.000000|-1|-1|0|0|543|545
193|545|1|GLY|A|584|4|0|000|11.892161|-1.000000|-1.000000|0.000000|-1|-1|0|0|544|546
193|546|3|ALA|A|585|5|0|000|15.103764|-1.000000|-1.000000|0.000000|-1|-1|0|0|545|547
193|547|31|ARG|A|586|11|0|000|17.884636|-1.000000|-1.000000|0.000000|-1|-1|0|0|546|548
193|548|21|ASP|A|587|8|0|000|19.948938|-1.000000|-1.000000|0.000000|-1|-1|0|0|547|549
193|549|33|HIS|A|588|10|0|000|19.636374|-1.000000|-1.000000|0.000000|-1|-1|0|0|548|550
193|550|29|LYS|A|589|9|0|000|19.933420|-1.000000|-1.000000|0.000000|-1|-1|0|0|549|551
193|551|37|TYR|A|590|12|0|000|14.401252|-1.000000|-1.000000|0.000000|-1|-1|0|0|550|552
193|552|19|PRO|A|591|7|0|000|17.767845|-1.000000|-1.000000|0.000000|-1|-1|0|0|551|553
193|553|21|ASP|A|592|8|0|000|17.982656|-1.000000|-1.000000|0.000000|-1|-1|0|0|552|554
193|554|29|LYS|A|593|9|0|000|22.217579|-1.000000|-1.000000|0.000000|-1|-1|0|0|553|555
193|555|29|LYS|A|594|9|0|000|20.556597|-1.000000|-1.000000|0.000000|-1|-1|0|0|554|556
193|556|19|PRO|A|595|7|0|000|17.793774|-1.000000|-1.000000|0.000000|-1|-1|0|0|555|557
193|557|17|MET|A|596|8|0|000|12.927476|-1.000000|-1.000000|0.000000|-1|-1|0|0|556|558
193|558|1|GLY|A|597|4|0|000|14.836204|-1.000000|-1.000000|0.000000|-1|-1|0|0|557|559
193|559|35|PHE|A|598|11|0|000|19.629532|-1.000000|-1.000000|0.000000|-1|-1|0|0|558|560
193|560|19|PRO|A|599|7|0|000|20.290157|-1.000000|-1.000000|0.000000|-1|-1|0|0|559|561
193|561|35|PHE|A|600|11|0|000|18.440750|-1.000000|-1.000000|0.000000|-1|-1|0|0|560|562
193|562|21|ASP|A|601|8|0|000|18.038164|-1.000000|-1.000000|0.000000|-1|-1|0|0|561|563
193|563|31|ARG|A|602|11|0|000|22.290632|-1.000000|-1.000000|0.000000|-1|-1|0|0|562|564
193|564|19|PRO|A|603|7|0|000|23.861364|-1.000000|-1.000000|0.000000|-1|-1|0|0|563|565
193|565|9|ILE|A|604|8|0|000|25.052031|-1.000000|-1.000000|0.000000|-1|-1|0|0|564|566
193|566|33|HIS|A|605|10|0|000|29.409101|-1.000000|-1.000000|0.000000|-1|-1|0|0|565|567
193|567|13|THR|A|606|7|0|000|29.626781|-1.000000|-1.000000|0.000000|-1|-1|0|0|566|568
193|568|25|GLU|A|607|9|0|000|31.114716|-1.000000|-1.000000|0.000000|-1|-1|0|0|567|569
193|569|33|HIS|A|608|10|0|000|30.743814|-1.000000|-1.000000|0.000000|-1|-1|0|0|568|570
193|570|9|ILE|A|609|8|0|000|26.233130|-1.000000|-1.000000|0.000000|-1|-1|0|0|569|571
193|571|11|SER|A|610|6|0|000|30.145903|-1.000000|-1.000000|0.000000|-1|-1|0|0|570|572
193|572|21|ASP|A|611|8|0|000|32.050121|-1.000000|-1.000000|0.000000|-1|-1|0|0|571|573
193|573|35|PHE|A|612|11|0|000|26.776712|-1.000000|-1.000000|0.000000|-1|-1|0|0|572|574
193|574|7|LEU|A|613|8|0|000|28.811821|-1.000000|-1.000000|0.000000|-1|-1|0|0|573|575
193|575|13|THR|A|614|7|0|000|29.887142|-1.000000|-1.000000|0.000000|-1|-1|0|0|574|576
193|576|23|ASN|A|615|8|0|000|33.071339|-1.000000|-1.000000|0.000000|-1|-1|0|0|575|577
193|577|23|ASN|A|616|8|0|000|28.563305|-1.000000|-1.000000|0.000000|-1|-1|0|0|576|578
193|578|17|MET|A|617|8|0|000|26.947315|-1.000000|-1.000000|0.000000|-1|-1|0|0|577|579
193|579|35|PHE|A|618|11|0|000|28.567953|-1.000000|-1.000000|0.000000|-1|-1|0|0|578|580
193|580|9|ILE|A|619|8|0|000|26.380516|-1.000000|-1.000000|0.000000|-1|-1|0|0|579|581
193|581|29|LYS|A|620|9|0|000|27.889803|-1.000000|-1.000000|0.000000|-1|-1|0|0|580|582
193|582|21|ASP|A|621|8|0|000|27.859529|-1.000000|-1.000000|0.000000|-1|-1|0|0|581|583
193|583|9|ILE|A|622|8|0|000|24.703205|-1.000000|-1.000000|0.000000|-1|-1|0|0|582|584
193|584|29|LYS|A|623|9|0|000|27.147429|-1.000000|-1.000000|0.000000|-1|-1|0|0|583|585
193|585|9|ILE|A|624|8|0|000|22.284657|-1.000000|-1.000000|0.000000|-1|-1|0|0|584|586
193|586|29|LYS|A|625|9|0|000|27.004383|-1.000000|-1.000000|0.000000|-1|-1|0|0|585|587
193|587|35|PHE|A|626|11|0|000|24.221540|-1.000000|-1.000000|0.000000|-1|-1|0|0|586|588
193|588|33|HIS|A|627|5|0|000|26.780327|-1.000000|-1.000000|0.000000|-1|-1|0|0|587|589
193|589|25|GLU|A|628|6|0|000|28.526722|-1.000000|-1.000000|0.000000|-1|-1|0|0|588|-1
193|590|46|_CU|A|629|1|1|000|8.495601|-1.000000|-1.000000|0.000000|-1|-1|0|2|-1|-1
193|591|46|_CU|A|630|1|1|000|5.951447|-1.000000|-1.000000|0.000000|-1|-1|0|3|-1|-1
193|592|47|_CL|A|631|1|0|000|18.332367|-1.000000|-1.000000|0.000000|-1|-1|0|4|-1|-1
193|593|43|HOH|A|632|1|0|000|17.645535|-1.000000|-1.000000|0.000000|-1|-1|0|1|-1|-1
193|594|43|HOH|A|633|1|0|000|15.323071|-1.000000|-1.000000|0.000000|-1|-1|0|1|-1|-1
193|595|43|HOH|A|634|1|0|000|21.918722|-1.000000|-1.000000|0.000000|-1|-1|0|1|-1|-1
193|596|43|HOH|A|635|1|0|000|24.443026|-1.000000|-1.000000|0.000000|-1|-1|0|1|-1|-1
193|597|43|HOH|A|636|1|0|000|33.329590|-1.000000|-1.000000|0.000000|-1|-1|0|1|-1|-1
193|598|43|HOH|A|637|1|0|000|21.626600|-1.000000|-1.000000|0.000000|-1|-1|0|1|-1|-1
193|599|43|HOH|A|638|1|0|000|24.549463|-1.000000|-1.000000|0.000000|-1|-1|0|1|-1|-1
193|600|43|HOH|A|639|1|0|000|33.545376|-1.000000|-1.000000|0.000000|-1|-1|0|1|-1|-1
193|601|43|HOH|A|640|1|0|000|23.119701|-1.000000|-1.000000|0.000000|-1|-1|0|1|-1|-1
193|602|43|HOH|A|641|1|0|000|23.929335|-1.000000|-1.000000|0.000000|-1|-1|0|1|-1|-1
193|603|43|HOH|A|642|1|0|000|17.216278|-1.000000|-1.000000|0.000000|-1|-1|0|1|-1|-1
193|604|43|HOH|A|643|1|0|000|10.184889|-1.000000|-1.000000|0.000000|-1|-1|0|1|-1|-1
193|605|43|HOH|A|644|1|0|000|20.294125|-1.000000|-1.000000|0.000000|-1|-1|0|1|-1|-1
193|606|43|HOH|A|645|1|0|000|15.358212|-1.000000|-1.000000|0.000000|-1|-1|0|1|-1|-1
193|607|43|HOH|A|646|1|0|000|22.869644|-1.000000|-1.000000|0.000000|-1|-1|0|1|-1|-1
193|608|43|HOH|A|647|1|0|000|13.387962|-1.000000|-1.000000|0.000000|-1|-1|0|1|-1|-1
193|609|43|HOH|A|648|1|0|000|16.370930|-1.000000|-1.000000|0.000000|-1|-1|0|1|-1|-1
193|610|43|HOH|A|649|1|0|000|11.853086|-1.000000|-1.000000|0.000000|-1|-1|0|1|-1|-1
193|611|43|HOH|A|650|1|0|000|17.608807|-1.000000|-1.000000|0.000000|-1|-1|0|1|-1|-1
193|612|43|HOH|A|651|1|0|000|8.574440|-1.000000|-1.000000|0.000000|-1|-1|0|1|-1|-1
193|613|43|HOH|A|652|1|0|000|13.228965|-1.000000|-1.000000|0.000000|-1|-1|0|1|-1|-1
193|614|43|HOH|A|653|1|0|000|21.975805|-1.000000|-1.000000|0.000000|-1|-1|0|1|-1|-1
193|615|43|HOH|A|654|1|0|000|28.475101|-1.000000|-1.000000|0.000000|-1|-1|0|1|-1|-1
193|616|43|HOH|A|655|1|0|000|15.204910|-1.000000|-1.000000|0.000000|-1|-1|0|1|-1|-1
193|617|43|HOH|A|656|1|0|000|29.162312|-1.000000|-1.000000|0.000000|-1|-1|0|1|-1|-1
193|618|43|HOH|A|657|1|0|000|10.576043|-1.000000|-1.000000|0.000000|-1|-1|0|1|-1|-1
193|619|43|HOH|A|658|1|0|000|12.434236|-1.000000|-1.000000|0.000000|-1|-1|0|1|-1|-1
193|620|43|HOH|A|659|1|0|000|13.115778|-1.000000|-1.000000|0.000000|-1|-1|0|1|-1|-1
193|621|43|HOH|A|660|1|0|000|14.929370|-1.000000|-1.000000|0.000000|-1|-1|0|1|-1|-1
193|622|43|HOH|A|661|1|0|000|22.261261|-1.000000|-1.000000|0.000000|-1|-1|0|1|-1|-1
193|623|43|HOH|A|662|1|0|000|11.670285|-1.000000|-1.000000|0.000000|-1|-1|0|1|-1|-1
193|624|43|HOH|A|663|1|0|000|25.386795|-1.000000|-1.000000|0.000000|-1|-1|0|1|-1|-1
193|625|43|HOH|A|664|1|0|000|29.505198|-1.000000|-1.000000|0.000000|-1|-1|0|1|-1|-1
193|626|43|HOH|A|665|1|0|000|23.408396|-1.000000|-1.000000|0.000000|-1|-1|0|1|-1|-1
193|627|43|HOH|A|666|1|0|000|22.093304|-1.000000|-1.000000|0.000000|-1|-1|0|1|-1|-1
193|628|43|HOH|A|667|1|0|000|12.460577|-1.000000|-1.000000|0.000000|-1|-1|0|1|-1|-1
193|629|43|HOH|A|668|1|0|000|13.251733|-1.000000|-1.000000|0.000000|-1|-1|0|1|-1|-1
193|630|43|HOH|A|669|1|0|000|32.249462|-1.000000|-1.000000|0.000000|-1|-1|0|1|-1|-1
193|631|43|HOH|A|670|1|0|000|16.414402|-1.000000|-1.000000|0.000000|-1|-1|0|1|-1|-1
193|632|43|HOH|A|671|1|0|000|22.535732|-1.000000|-1.000000|0.000000|-1|-1|0|1|-1|-1
193|633|43|HOH|A|672|1|0|000|9.648759|-1.000000|-1.000000|0.000000|-1|-1|0|1|-1|-1
193|634|43|HOH|A|673|1|0|000|14.495482|-1.000000|-1.000000|0.000000|-1|-1|0|1|-1|-1
193|635|43|HOH|A|674|1|0|000|16.228800|-1.000000|-1.000000|0.000000|-1|-1|0|1|-1|-1
193|636|43|HOH|A|675|1|0|000|7.126018|-1.000000|-1.000000|0.000000|-1|-1|0|1|-1|-1
193|637|43|HOH|A|676|1|0|000|8.115832|-1.000000|-1.000000|0.000000|-1|-1|0|1|-1|-1
193|638|43|HOH|A|677|1|0|000|30.423765|-1.000000|-1.000000|0.000000|-1|-1|0|1|-1|-1
193|639|43|HOH|A|678|1|0|000|11.771123|-1.000000|-1.000000|0.000000|-1|-1|0|1|-1|-1
193|640|43|HOH|A|679|1|0|000|13.226137|-1.000000|-1.000000|0.000000|-1|-1|0|1|-1|-1
193|641|43|HOH|A|680|1|0|000|13.194355|-1.000000|-1.000000|0.000000|-1|-1|0|1|-1|-1
193|642|43|HOH|A|681|1|0|000|24.839424|-1.000000|-1.000000|0.000000|-1|-1|0|1|-1|-1
193|643|43|HOH|A|682|1|0|000|10.043849|-1.000000|-1.000000|0.000000|-1|-1|0|1|-1|-1
193|644|43|HOH|A|683|1|0|000|14.724051|-1.000000|-1.000000|0.000000|-1|-1|0|1|-1|-1
193|645|43|HOH|A|684|1|0|000|16.573303|-1.000000|-1.000000|0.000000|-1|-1|0|1|-1|-1
193|646|43|HOH|A|685|1|0|000|11.566485|-1.000000|-1.000000|0.000000|-1|-1|0|1|-1|-1
193|647|43|HOH|A|686|1|0|000|10.121991|-1.000000|-1.000000|0.000000|-1|-1|0|1|-1|-1
193|648|43|HOH|A|687|1|0|000|15.913614|-1.000000|-1.000000|0.000000|-1|-1|0|1|-1|-1
193|649|43|HOH|A|688|1|0|000|24.757607|-1.000000|-1.000000|0.000000|-1|-1|0|1|-1|-1
193|650|43|HOH|A|689|1|0|000|28.915453|-1.000000|-1.000000|0.000000|-1|-1|0|1|-1|-1
193|651|43|HOH|A|690|1|0|000|18.961849|-1.000000|-1.000000|0.000000|-1|-1|0|1|-1|-1
193|652|43|HOH|A|691|1|0|000|26.270243|-1.000000|-1.000000|0.000000|-1|-1|0|1|-1|-1
193|653|43|HOH|A|692|1|0|000|24.109074|-1.000000|-1.000000|0.000000|-1|-1|0|1|-1|-1
193|654|43|HOH|A|693|1|0|000|20.164577|-1.000000|-1.000000|0.000000|-1|-1|0|1|-1|-1
193|655|43|HOH|A|694|1|0|000|18.594713|-1.000000|-1.000000|0.000000|-1|-1|0|1|-1|-1
193|656|43|HOH|A|695|1|0|000|18.410463|-1.000000|-1.000000|0.000000|-1|-1|0|1|-1|-1
193|657|43|HOH|A|696|1|0|000|22.085554|-1.000000|-1.000000|0.000000|-1|-1|0|1|-1|-1
193|658|43|HOH|A|697|1|0|000|16.489664|-1.000000|-1.000000|0.000000|-1|-1|0|1|-1|-1
193|659|43|HOH|A|698|1|0|000|12.430737|-1.000000|-1.000000|0.000000|-1|-1|0|1|-1|-1
193|660|43|HOH|A|699|1|0|000|12.388605|-1.000000|-1.000000|0.000000|-1|-1|0|1|-1|-1
193|661|43|HOH|A|700|1|0|000|9.443772|-1.000000|-1.000000|0.000000|-1|-1|0|1|-1|-1
193|662|43|HOH|A|701|1|0|000|25.246996|-1.000000|-1.000000|0.000000|-1|-1|0|1|-1|-1
193|663|43|HOH|A|702|1|0|000|16.975317|-1.000000|-1.000000|0.000000|-1|-1|0|1|-1|-1
193|664|43|HOH|A|703|1|0|000|31.480700|-1.000000|-1.000000|0.000000|-1|-1|0|1|-1|-1
193|665|43|HOH|A|704|1|0|000|17.689240|-1.000000|-1.000000|0.000000|-1|-1|0|1|-1|-1
193|666|43|HOH|A|705|1|0|000|15.057117|-1.000000|-1.000000|0.000000|-1|-1|0|1|-1|-1
193|667|43|HOH|A|706|1|0|000|14.362003|-1.000000|-1.000000|0.000000|-1|-1|0|1|-1|-1
193|668|43|HOH|A|707|1|0|000|28.349302|-1.000000|-1.000000|0.000000|-1|-1|0|1|-1|-1
193|669|43|HOH|A|708|1|0|000|19.911827|-1.000000|-1.000000|0.000000|-1|-1|0|1|-1|-1
193|670|43|HOH|A|709|1|0|000|15.778560|-1.000000|-1.000000|0.000000|-1|-1|0|1|-1|-1
193|671|43|HOH|A|710|1|0|000|23.813383|-1.000000|-1.000000|0.000000|-1|-1|0|1|-1|-1
193|672|43|HOH|A|711|1|0|000|19.813961|-1.000000|-1.000000|0.000000|-1|-1|0|1|-1|-1
193|673|43|HOH|A|712|1|0|000|19.834894|-1.000000|-1.000000|0.000000|-1|-1|0|1|-1|-1
193|674|43|HOH|A|713|1|0|000|16.899694|-1.000000|-1.000000|0.000000|-1|-1|0|1|-1|-1
193|675|43|HOH|A|714|1|0|000|31.484409|-1.000000|-1.000000|0.000000|-1|-1|0|1|-1|-1
193|676|43|HOH|A|715|1|0|000|19.026796|-1.000000|-1.000000|0.000000|-1|-1|0|1|-1|-1
193|677|43|HOH|A|716|1|0|000|16.223433|-1.000000|-1.000000|0.000000|-1|-1|0|1|-1|-1
193|678|43|HOH|A|717|1|0|000|25.819906|-1.000000|-1.000000|0.000000|-1|-1|0|1|-1|-1
193|679|43|HOH|A|718|1|0|000|16.242590|-1.000000|-1.000000|0.000000|-1|-1|0|1|-1|-1
193|680|43|HOH|A|719|1|0|000|22.168547|-1.000000|-1.000000|0.000000|-1|-1|0|1|-1|-1
193|681|43|HOH|A|720|1|0|000|27.070374|-1.000000|-1.000000|0.000000|-1|-1|0|1|-1|-1
193|682|43|HOH|A|721|1|0|000|26.047485|-1.000000|-1.000000|0.000000|-1|-1|0|1|-1|-1
193|683|43|HOH|A|722|1|0|000|31.058434|-1.000000|-1.000000|0.000000|-1|-1|0|1|-1|-1
193|684|43|HOH|A|723|1|0|000|26.612753|-1.000000|-1.000000|0.000000|-1|-1|0|1|-1|-1
193|685|43|HOH|A|724|1|0|000|14.178392|-1.000000|-1.000000|0.000000|-1|-1|0|1|-1|-1
193|686|43|HOH|A|725|1|0|000|19.629803|-1.000000|-1.000000|0.000000|-1|-1|0|1|-1|-1
193|687|43|HOH|A|726|1|0|000|13.922294|-1.000000|-1.000000|0.000000|-1|-1|0|1|-1|-1
193|688|43|HOH|A|727|1|0|000|17.012112|-1.000000|-1.000000|0.000000|-1|-1|0|1|-1|-1
193|689|43|HOH|A|728|1|0|000|14.553221|-1.000000|-1.000000|0.000000|-1|-1|0|1|-1|-1
193|690|43|HOH|A|729|1|0|000|26.789951|-1.000000|-1.000000|0.000000|-1|-1|0|1|-1|-1
193|691|43|HOH|A|730|1|0|000|7.921888|-1.000000|-1.000000|0.000000|-1|-1|0|1|-1|-1
193|692|43|HOH|A|731|1|0|000|21.306808|-1.000000|-1.000000|0.000000|-1|-1|0|1|-1|-1
193|693|43|HOH|A|732|1|0|000|23.716293|-1.000000|-1.000000|0.000000|-1|-1|0|1|-1|-1
193|694|43|HOH|A|733|1|0|000|29.771338|-1.000000|-1.000000|0.000000|-1|-1|0|1|-1|-1
193|695|43|HOH|A|734|1|0|000|22.155605|-1.000000|-1.000000|0.000000|-1|-1|0|1|-1|-1
193|696|43|HOH|A|735|1|0|000|22.574270|-1.000000|-1.000000|0.000000|-1|-1|0|1|-1|-1
193|697|43|HOH|A|736|1|0|000|28.652210|-1.000000|-1.000000|0.000000|-1|-1|0|1|-1|-1
193|698|43|HOH|A|737|1|0|000|20.063059|-1.000000|-1.000000|0.000000|-1|-1|0|1|-1|-1
193|699|43|HOH|A|738|1|0|000|16.431227|-1.000000|-1.000000|0.000000|-1|-1|0|1|-1|-1
193|700|43|HOH|A|739|1|0|000|34.077347|-1.000000|-1.000000|0.000000|-1|-1|0|1|-1|-1
193|701|43|HOH|A|740|1|0|000|25.534735|-1.000000|-1.000000|0.000000|-1|-1|0|1|-1|-1
193|702|43|HOH|A|741|1|0|000|14.964409|-1.000000|-1.000000|0.000000|-1|-1|0|1|-1|-1
193|703|43|HOH|A|742|1|0|000|17.308985|-1.000000|-1.000000|0.000000|-1|-1|0|1|-1|-1
193|704|43|HOH|A|743|1|0|000|26.956877|-1.000000|-1.000000|0.000000|-1|-1|0|1|-1|-1
193|705|43|HOH|A|744|1|0|000|11.363110|-1.000000|-1.000000|0.000000|-1|-1|0|1|-1|-1
193|706|43|HOH|A|745|1|0|000|33.120903|-1.000000|-1.000000|0.000000|-1|-1|0|1|-1|-1
193|707|43|HOH|A|746|1|0|000|19.059221|-1.000000|-1.000000|0.000000|-1|-1|0|1|-1|-1
193|708|43|HOH|A|747|1|0|000|32.524090|-1.000000|-1.000000|0.000000|-1|-1|0|1|-1|-1
193|709|43|HOH|A|748|1|0|000|24.493967|-1.000000|-1.000000|0.000000|-1|-1|0|1|-1|-1
193|710|43|HOH|A|749|1|0|000|25.271553|-1.000000|-1.000000|0.000000|-1|-1|0|1|-1|-1
193|711|43|HOH|A|750|1|0|000|13.743478|-1.000000|-1.000000|0.000000|-1|-1|0|1|-1|-1
193|712|43|HOH|A|751|1|0|000|25.683910|-1.000000|-1.000000|0.000000|-1|-1|0|1|-1|-1
193|713|43|HOH|A|752|1|0|000|20.230589|-1.000000|-1.000000|0.000000|-1|-1|0|1|-1|-1
193|714|43|HOH|A|753|1|0|000|26.764383|-1.000000|-1.000000|0.000000|-1|-1|0|1|-1|-1
193|715|43|HOH|A|754|1|0|000|22.190742|-1.000000|-1.000000|0.000000|-1|-1|0|1|-1|-1
193|716|43|HOH|A|755|1|0|000|27.457285|-1.000000|-1.000000|0.000000|-1|-1|0|1|-1|-1
193|717|43|HOH|A|756|1|0|000|16.678221|-1.000000|-1.000000|0.000000|-1|-1|0|1|-1|-1
193|718|43|HOH|A|757|1|0|000|34.168228|-1.000000|-1.000000|0.000000|-1|-1|0|1|-1|-1
193|719|43|HOH|A|758|1|0|000|21.192093|-1.000000|-1.000000|0.000000|-1|-1|0|1|-1|-1
193|720|43|HOH|A|759|1|0|000|30.342352|-1.000000|-1.000000|0.000000|-1|-1|0|1|-1|-1
193|721|43|HOH|A|760|1|0|000|29.580433|-1.000000|-1.000000|0.000000|-1|-1|0|1|-1|-1
193|722|43|HOH|A|761|1|0|000|21.941130|-1.000000|-1.000000|0.000000|-1|-1|0|1|-1|-1
193|723|43|HOH|A|762|1|0|000|15.750098|-1.000000|-1.000000|0.000000|-1|-1|0|1|-1|-1
193|724|43|HOH|A|763|1|0|000|23.324751|-1.000000|-1.000000|0.000000|-1|-1|0|1|-1|-1
193|725|43|HOH|A|764|1|0|000|32.119579|-1.000000|-1.000000|0.000000|-1|-1|0|1|-1|-1
193|726|43|HOH|A|765|1|0|000|25.608589|-1.000000|-1.000000|0.000000|-1|-1|0|1|-1|-1
193|727|43|HOH|A|766|1|0|000|25.004244|-1.000000|-1.000000|0.000000|-1|-1|0|1|-1|-1
193|728|43|HOH|A|767|1|0|000|13.532205|-1.000000|-1.000000|0.000000|-1|-1|0|1|-1|-1
193|729|43|HOH|A|768|1|0|000|28.369738|-1.000000|-1.000000|0.000000|-1|-1|0|1|-1|-1
