0|0|18|MSE|A|1|8|0|000|18.875746|-1.000000|-1.000000|0.000000|-1|-1|0|0|-1|1
0|1|29|LYS|A|2|9|0|000|18.296177|-1.000000|-1.000000|0.000000|-1|-1|0|0|0|2
0|2|19|PRO|A|3|7|0|000|14.779086|-1.000000|-1.000000|0.000000|-1|-1|0|0|1|3
0|3|3|ALA|A|4|5|0|000|11.126129|-1.000000|-1.000000|0.000000|-1|-1|0|0|2|4
0|4|7|LEU|A|5|8|0|000|8.383499|-1.000000|-1.000000|0.000000|-1|-1|0|0|3|5
0|5|5|VAL|A|6|7|0|000|4.997599|-1.000000|-1.000000|0.000000|-1|-1|0|0|4|6
0|6|5|VAL|A|7|7|0|000|4.369808|-1.000000|-1.000000|0.000000|-1|-1|0|0|5|7
0|7|5|VAL|A|8|7|0|000|1.568979|-1.000000|-1.000000|0.000000|-1|-1|0|0|6|8
0|8|21|ASP|A|9|8|0|000|5.824710|-1.000000|-1.000000|0.000000|-1|-1|0|0|7|9
0|9|18|MSE|A|10|8|0|000|7.376760|-1.000000|-1.000000|0.000000|-1|-1|0|0|8|10
0|10|5|VAL|A|11|7|0|000|10.205809|-1.000000|-1.000000|0.000000|-1|-1|0|0|9|11
0|11|23|ASN|A|12|8|0|000|14.608375|-1.000000|-1.000000|0.000000|-1|-1|0|0|10|12
0|12|25|GLU|A|13|9|0|000|15.107941|-1.000000|-1.000000|0.000000|-1|-1|0|0|11|13
0|13|35|PHE|A|14|11|0|000|11.442219|-1.000000|-1.000000|0.000000|-1|-1|0|0|12|14
0|14|9|ILE|A|15|8|0|000|13.126263|-1.000000|-1.000000|0.000000|-1|-1|0|0|13|15
0|15|33|HIS|A|16|10|0|000|16.793697|-1.000000|-1.000000|0.000000|-1|-1|0|0|14|16
0|16|1|GLY|A|17|4|0|000|17.930077|-1.000000|-1.000000|0.000000|-1|-1|0|0|15|17
0|17|31|ARG|A|18|11|0|000|19.239330|-1.000000|-1.000000|0.000000|-1|-1|0|0|16|18
0|18|7|LEU|A|19|8|0|000|16.106794|-1.000000|-1.000000|0.000000|-1|-1|0|0|17|19
0|19|3|ALA|A|20|5|0|000|16.818453|-1.000000|-1.000000|0.000000|-1|-1|0|0|18|20
0|20|13|THR|A|21|7|0|000|15.905385|-1.000000|-1.000000|0.000000|-1|-1|0|0|19|21
0|21|19|PRO|A|22|7|0|000|17.719400|-1.000000|-1.000000|0.000000|-1|-1|0|0|20|22
0|22|25|GLU|A|23|9|0|000|15.461915|-1.000000|-1.000000|0.000000|-1|-1|0|0|21|23
0|23|3|ALA|A|24|5|0|000|12.460466|-1.000000|-1.000000|0.000000|-1|-1|0|0|22|24
0|24|18|MSE|A|25|8|0|000|15.815681|-1.000000|-1.000000|0.000000|-1|-1|0|0|23|25
0|25|29|LYS|A|26|5|0|000|14.638293|-1.000000|-1.000000|0.000000|-1|-1|0|0|24|26
0|26|13|THR|A|27|7|0|000|10.876532|-1.000000|-1.000000|0.000000|-1|-1|0|0|25|27
0|27|5|VAL|A|28|7|0|000|12.869775|-1.000000|-1.000000|0.000000|-1|-1|0|0|26|28
0|28|1|GLY|A|29|4|0|000|14.503366|-1.000000|-1.000000|0.000000|-1|-1|0|0|27|29
0|29|19|PRO|A|30|7|0|000|13.242481|-1.000000|-1.000000|0.000000|-1|-1|0|0|28|30
0|30|3|ALA|A|31|5|0|000|10.547143|-1.000000|-1.000000|0.000000|-1|-1|0|0|29|31
0|31|31|ARG|A|32|11|0|000|15.209509|-1.000000|-1.000000|0.000000|-1|-1|0|0|30|32
0|32|29|LYS|A|33|9|0|000|16.033657|-1.000000|-1.000000|0.000000|-1|-1|0|0|31|33
0|33|5|VAL|A|34|7|0|000|11.875110|-1.000000|-1.000000|0.000000|-1|-1|0|0|32|34
0|34|9|ILE|A|35|8|0|000|11.572125|-1.000000|-1.000000|0.000000|-1|-1|0|0|33|35
0|35|25|GLU|A|36|5|0|000|15.876029|-1.000000|-1.000000|0.000000|-1|-1|0|0|34|36
0|36|13|THR|A|37|7|0|000|16.353296|-1.000000|-1.000000|0.000000|-1|-1|0|0|35|37
0|37|35|PHE|A|38|11|0|000|13.555376|-1.000000|-1.000000|0.000000|-1|-1|0|0|36|38
0|38|31|ARG|A|39|11|0|000|15.656580|-1.000000|-1.000000|0.000000|-1|-1|0|0|37|39
0|39|31|ARG|A|40|5|0|000|19.934166|-1.000000|-1.000000|0.000000|-1|-1|0|0|38|40
0|40|11|SER|A|41|6|0|000|19.385900|-1.000000|-1.000000|0.000000|-1|-1|0|0|39|41
0|41|1|GLY|A|42|4|0|000|18.597612|-1.000000|-1.000000|0.000000|-1|-1|0|0|40|42
0|42|7|LEU|A|43|8|0|000|16.112648|-1.000000|-1.000000|0.000000|-1|-1|0|0|41|43
0|43|19|PRO|A|44|7|0|000|13.658651|-1.000000|-1.000000|0.000000|-1|-1|0|0|42|44
0|44|5|VAL|A|45|7|0|000|10.940642|-1.000000|-1.000000|0.000000|-1|-1|0|0|43|45
0|45|5|VAL|A|46|7|0|000|8.345719|-1.000000|-1.000000|0.000000|-1|-1|0|0|44|46
0|46|37|TYR|A|47|12|0|000|8.331738|-1.000000|-1.000000|0.000000|-1|-1|0|0|45|47
0|47|5|VAL|A|48|7|0|000|5.458190|-1.000000|-1.000000|0.000000|-1|-1|0|0|46|48
0|48|23|ASN|A|49|8|0|000|8.270947|-1.000000|-1.000000|0.000000|-1|-1|0|0|47|49
0|49|21|ASP|A|50|8|0|000|10.076653|-1.000000|-1.000000|0.000000|-1|-1|0|0|48|50
0|50|11|SER|A|51|6|0|000|14.050959|-1.000000|-1.000000|0.000000|-1|-1|0|0|49|51
0|51|33|HIS|A|52|10|0|000|14.914640|-1.000000|-1.000000|0.000000|-1|-1|0|0|50|52
0|52|37|TYR|A|53|12|0|000|19.473780|-1.000000|-1.000000|0.000000|-1|-1|0|0|51|53
0|53|19|PRO|A|54|7|0|000|22.138035|-1.000000|-1.000000|0.000000|-1|-1|0|0|52|54
0|54|21|ASP|A|55|8|0|000|22.613165|-1.000000|-1.000000|0.000000|-1|-1|0|0|53|55
0|55|21|ASP|A|56|8|0|000|18.269272|-1.000000|-1.000000|0.000000|-1|-1|0|0|54|56
0|56|19|PRO|A|57|7|0|000|18.959881|-1.000000|-1.000000|0.000000|-1|-1|0|0|55|57
0|57|25|GLU|A|58|9|0|000|15.612120|-1.000000|-1.000000|0.000000|-1|-1|0|0|56|58
0|58|9|ILE|A|59|8|0|000|19.347181|-1.000000|-1.000000|0.000000|-1|-1|0|0|57|59
0|59|31|ARG|A|60|5|0|000|21.984816|-1.000000|-1.000000|0.000000|-1|-1|0|0|58|60
0|60|9|ILE|A|61|8|0|000|19.504215|-1.000000|-1.000000|0.000000|-1|-1|0|0|59|61
0|61|39|TRP|A|62|14|0|000|16.721920|-1.000000|-1.000000|0.000000|-1|-1|0|0|60|62
0|62|1|GLY|A|63|4|0|000|19.640720|-1.000000|-1.000000|0.000000|-1|-1|0|0|61|63
0|63|31|ARG|A|64|11|0|000|21.325405|-1.000000|-1.000000|0.000000|-1|-1|0|0|62|64
0|64|33|HIS|A|65|10|0|000|15.031154|-1.000000|-1.000000|0.000000|-1|-1|0|0|63|65
0|65|11|SER|A|66|6|0|000|13.667457|-1.000000|-1.000000|0.000000|-1|-1|0|0|64|66
0|66|18|MSE|A|67|8|0|000|17.595728|-1.000000|-1.000000|0.000000|-1|-1|0|0|65|67
0|67|29|LYS|A|68|9|0|000|18.277967|-1.000000|-1.000000|0.000000|-1|-1|0|0|66|68
0|68|1|GLY|A|69|4|0|000|19.601736|-1.000000|-1.000000|0.000000|-1|-1|0|0|67|69
0|69|21|ASP|A|70|8|0|000|18.808310|-1.000000|-1.000000|0.000000|-1|-1|0|0|68|70
0|70|21|ASP|A|71|5|0|000|17.859249|-1.000000|-1.000000|0.000000|-1|-1|0|0|69|71
0|71|1|GLY|A|72|4|0|000|15.205279|-1.000000|-1.000000|0.000000|-1|-1|0|0|70|72
0|72|11|SER|A|73|6|0|000|13.677596|-1.000000|-1.000000|0.000000|-1|-1|0|0|71|73
0|73|25|GLU|A|74|5|0|000|13.592915|-1.000000|-1.000000|0.000000|-1|-1|0|0|72|74
0|74|5|VAL|A|75|7|0|000|11.698196|-1.000000|-1.000000|0.000000|-1|-1|0|0|73|75
0|75|9|ILE|A|76|8|0|000|12.668906|-1.000000|-1.000000|0.000000|-1|-1|0|0|74|76
0|76|21|ASP|A|77|8|0|000|16.971508|-1.000000|-1.000000|0.000000|-1|-1|0|0|75|77
0|77|25|GLU|A|78|9|0|000|15.693235|-1.000000|-1.000000|0.000000|-1|-1|0|0|76|78
0|78|9|ILE|A|79|8|0|000|11.931201|-1.000000|-1.000000|0.000000|-1|-1|0|0|77|79
0|79|31|ARG|A|80|11|0|000|16.795822|-1.000000|-1.000000|0.000000|-1|-1|0|0|78|80
0|80|19|PRO|A|81|7|0|000|14.003468|-1.000000|-1.000000|0.000000|-1|-1|0|0|79|81
0|81|11|SER|A|82|6|0|000|16.593901|-1.000000|-1.000000|0.000000|-1|-1|0|0|80|82
0|82|3|ALA|A|83|5|0|000|18.855103|-1.000000|-1.000000|0.000000|-1|-1|0|0|81|83
0|83|1|GLY|A|84|4|0|000|16.817835|-1.000000|-1.000000|0.000000|-1|-1|0|0|82|84
0|84|21|ASP|A|85|8|0|000|13.781757|-1.000000|-1.000000|0.000000|-1|-1|0|0|83|85
0|85|37|TYR|A|86|12|0|000|13.689787|-1.000000|-1.000000|0.000000|-1|-1|0|0|84|86
0|86|5|VAL|A|87|7|0|000|11.946566|-1.000000|-1.000000|0.000000|-1|-1|0|0|85|87
0|87|7|LEU|A|88|8|0|000|10.417860|-1.000000|-1.000000|0.000000|-1|-1|0|0|86|88
0|88|25|GLU|A|89|9|0|000|13.398533|-1.000000|-1.000000|0.000000|-1|-1|0|0|87|89
0|89|29|LYS|A|90|9|0|000|9.288774|-1.000000|-1.000000|0.000000|-1|-1|0|0|88|90
0|90|33|HIS|A|91|10|0|000|14.531914|-1.000000|-1.000000|0.000000|-1|-1|0|0|89|91
0|91|3|ALA|A|92|5|0|000|11.495416|-1.000000|-1.000000|0.000000|-1|-1|0|0|90|92
0|92|37|TYR|A|93|12|0|000|11.181220|-1.000000|-1.000000|0.000000|-1|-1|0|0|91|93
0|93|11|SER|A|94|6|0|000|8.961748|-1.000000|-1.000000|0.000000|-1|-1|0|0|92|94
0|94|1|GLY|A|95|4|0|000|7.849123|-1.000000|-1.000000|0.000000|-1|-1|0|0|93|95
0|95|35|PHE|A|96|11|0|000|10.426414|-1.000000|-1.000000|0.000000|-1|-1|0|0|94|96
0|96|37|TYR|A|97|12|0|000|14.866153|-1.000000|-1.000000|0.000000|-1|-1|0|0|95|97
0|97|1|GLY|A|98|4|0|000|14.779135|-1.000000|-1.000000|0.000000|-1|-1|0|0|96|98
0|98|13|THR|A|99|7|0|000|12.787809|-1.000000|-1.000000|0.000000|-1|-1|0|0|97|99
0|99|23|ASN|A|100|8|0|000|14.379361|-1.000000|-1.000000|0.000000|-1|-1|0|0|98|100
0|100|7|LEU|A|101|8|0|000|10.578785|-1.000000|-1.000000|0.000000|-1|-1|0|0|99|101
0|101|21|ASP|A|102|8|0|000|14.792372|-1.000000|-1.000000|0.000000|-1|-1|0|0|100|102
0|102|18|MSE|A|103|8|0|000|17.299467|-1.000000|-1.000000|0.000000|-1|-1|0|0|101|103
0|103|9|ILE|A|104|8|0|000|14.300346|-1.000000|-1.000000|0.000000|-1|-1|0|0|102|104
0|104|7|LEU|A|105|8|0|000|13.497430|-1.000000|-1.000000|0.000000|-1|-1|0|0|103|105
0|105|31|ARG|A|106|11|0|000|18.701784|-1.000000|-1.000000|0.000000|-1|-1|0|0|104|106
0|106|3|ALA|A|107|5|0|000|19.354666|-1.000000|-1.000000|0.000000|-1|-1|0|0|105|107
0|107|23|ASN|A|108|8|0|000|17.793417|-1.000000|-1.000000|0.000000|-1|-1|0|0|106|108
0|108|1|GLY|A|109|4|0|000|19.129303|-1.000000|-1.000000|0.000000|-1|-1|0|0|107|109
0|109|9|ILE|A|110|8|0|000|15.741014|-1.000000|-1.000000|0.000000|-1|-1|0|0|108|110
0|110|21|ASP|A|111|8|0|000|17.353439|-1.000000|-1.000000|0.000000|-1|-1|0|0|109|111
0|111|13|THR|A|112|7|0|000|14.070236|-1.000000|-1.000000|0.000000|-1|-1|0|0|110|112
0|112|5|VAL|A|113|7|0|000|10.006734|-1.000000|-1.000000|0.000000|-1|-1|0|0|111|113
0|113|5|VAL|A|114|7|0|000|8.979623|-1.000000|-1.000000|0.000000|-1|-1|0|0|112|114
0|114|7|LEU|A|115|8|0|000|5.794652|-1.000000|-1.000000|0.000000|-1|-1|0|0|113|115
0|115|9|ILE|A|116|8|0|000|5.172845|-1.000000|-1.000000|0.000000|-1|-1|0|0|114|116
0|116|1|GLY|A|117|4|0|000|4.843915|-1.000000|-1.000000|0.000000|-1|-1|0|0|115|117
0|117|7|LEU|A|118|8|0|000|6.409722|-1.000000|-1.000000|0.000000|-1|-1|0|0|116|118
0|118|21|ASP|A|119|8|0|000|8.247366|-1.000000|-1.000000|0.000000|-1|-1|0|0|117|119
0|119|3|ALA|A|120|5|0|000|9.526529|-1.000000|-1.000000|0.000000|-1|-1|0|0|118|120
0|120|21|ASP|A|121|8|0|000|12.247336|-1.000000|-1.000000|0.000000|-1|-1|0|0|119|121
0|121|9|ILE|A|122|8|0|000|10.144287|-1.000000|-1.000000|0.000000|-1|-1|0|0|120|122
0|122|15|CYS|A|123|6|0|000|6.380053|-1.000000|-1.000000|0.000000|-1|-1|0|0|121|123
0|123|5|VAL|A|124|7|0|000|5.204477|-1.000000|-1.000000|0.000000|-1|-1|0|0|122|124
0|124|31|ARG|A|125|11|0|000|10.968209|-1.000000|-1.000000|0.000000|-1|-1|0|0|123|125
0|125|33|HIS|A|126|10|0|000|10.355721|-1.000000|-1.000000|0.000000|-1|-1|0|0|124|126
0|126|13|THR|A|127|7|0|000|6.744473|-1.000000|-1.000000|0.000000|-1|-1|0|0|125|127
0|127|3|ALA|A|128|5|0|000|9.512457|-1.000000|-1.000000|0.000000|-1|-1|0|0|126|128
0|128|3|ALA|A|129|5|0|000|12.258598|-1.000000|-1.000000|0.000000|-1|-1|0|0|127|129
0|129|21|ASP|A|130|8|0|000|12.194201|-1.000000|-1.000000|0.000000|-1|-1|0|0|128|130
0|130|3|ALA|A|131|5|0|000|12.157822|-1.000000|-1.000000|0.000000|-1|-1|0|0|129|131
0|131|7|LEU|A|132|8|0|000|15.531517|-1.000000|-1.000000|0.000000|-1|-1|0|0|130|132
0|132|37|TYR|A|133|12|0|000|16.433346|-1.000000|-1.000000|0.000000|-1|-1|0|0|131|133
0|133|31|ARG|A|134|11|0|000|15.294683|-1.000000|-1.000000|0.000000|-1|-1|0|0|132|134
0|134|23|ASN|A|135|8|0|000|18.743769|-1.000000|-1.000000|0.000000|-1|-1|0|0|133|135
0|135|37|TYR|A|136|12|0|000|14.194741|-1.000000|-1.000000|0.000000|-1|-1|0|0|134|136
0|136|31|ARG|A|137|11|0|000|16.624365|-1.000000|-1.000000|0.000000|-1|-1|0|0|135|137
0|137|9|ILE|A|138|8|0|000|12.124666|-1.000000|-1.000000|0.000000|-1|-1|0|0|136|138
0|138|9|ILE|A|139|8|0|000|11.844057|-1.000000|-1.000000|0.000000|-1|-1|0|0|137|139
0|139|5|VAL|A|140|7|0|000|9.996262|-1.000000|-1.000000|0.000000|-1|-1|0|0|138|140
0|140|5|VAL|A|141|7|0|000|10.330485|-1.000000|-1.000000|0.000000|-1|-1|0|0|139|141
0|141|25|GLU|A|142|9|0|000|13.873204|-1.000000|-1.000000|0.000000|-1|-1|0|0|140|142
0|142|21|ASP|A|143|8|0|000|13.284863|-1.000000|-1.000000|0.000000|-1|-1|0|0|141|143
0|143|3|ALA|A|144|5|0|000|9.238099|-1.000000|-1.000000|0.000000|-1|-1|0|0|142|144
0|144|5|VAL|A|145|7|0|000|8.651153|-1.000000|-1.000000|0.000000|-1|-1|0|0|143|145
0|145|3|ALA|A|146|5|0|000|10.234892|-1.000000|-1.000000|0.000000|-1|-1|0|0|144|146
0|146|3|ALA|A|147|5|0|000|12.845118|-1.000000|-1.000000|0.000000|-1|-1|0|0|145|147
0|147|31|ARG|A|148|11|0|000|13.871010|-1.000000|-1.000000|0.000000|-1|-1|0|0|146|148
0|148|9|ILE|A|149|5|0|000|17.147028|-1.000000|-1.000000|0.000000|-1|-1|0|0|147|149
0|149|21|ASP|A|150|8|0|000|16.872787|-1.000000|-1.000000|0.000000|-1|-1|0|0|148|150
0|150|19|PRO|A|151|7|0|000|18.994640|-1.000000|-1.000000|0.000000|-1|-1|0|0|149|151
0|151|23|ASN|A|152|8|0|000|19.491861|-1.000000|-1.000000|0.000000|-1|-1|0|0|150|152
0|152|39|TRP|A|153|14|0|000|13.460651|-1.000000|-1.000000|0.000000|-1|-1|0|0|151|153
0|153|29|LYS|A|154|9|0|000|16.171461|-1.000000|-1.000000|0.000000|-1|-1|0|0|152|154
0|154|21|ASP|A|155|8|0|000|19.267849|-1.000000|-1.000000|0.000000|-1|-1|0|0|153|155
0|155|37|TYR|A|156|12|0|000|16.127392|-1.000000|-1.000000|0.000000|-1|-1|0|0|154|156
0|156|35|PHE|A|157|11|0|000|12.133068|-1.000000|-1.000000|0.000000|-1|-1|0|0|155|157
0|157|13|THR|A|158|7|0|000|17.387959|-1.000000|-1.000000|0.000000|-1|-1|0|0|156|158
0|158|31|ARG|A|159|5|0|000|19.418587|-1.000000|-1.000000|0.000000|-1|-1|0|0|157|159
0|159|5|VAL|A|160|7|0|000|17.507837|-1.000000|-1.000000|0.000000|-1|-1|0|0|158|160
0|160|37|TYR|A|161|12|0|000|13.945090|-1.000000|-1.000000|0.000000|-1|-1|0|0|159|161
0|161|1|GLY|A|162|4|0|000|16.829851|-1.000000|-1.000000|0.000000|-1|-1|0|0|160|162
0|162|3|ALA|A|163|5|0|000|14.832182|-1.000000|-1.000000|0.000000|-1|-1|0|0|161|163
0|163|13|THR|A|164|7|0|000|15.522377|-1.000000|-1.000000|0.000000|-1|-1|0|0|162|164
0|164|5|VAL|A|165|7|0|000|15.084730|-1.000000|-1.000000|0.000000|-1|-1|0|0|163|165
0|165|29|LYS|A|166|9|0|000|15.781183|-1.000000|-1.000000|0.000000|-1|-1|0|0|164|166
0|166|31|ARG|A|167|11|0|000|16.863407|-1.000000|-1.000000|0.000000|-1|-1|0|0|165|167
0|167|11|SER|A|168|6|0|000|15.053584|-1.000000|-1.000000|0.000000|-1|-1|0|0|166|168
0|168|21|ASP|A|169|8|0|000|19.072176|-1.000000|-1.000000|0.000000|-1|-1|0|0|167|169
0|169|25|GLU|A|170|9|0|000|18.336754|-1.000000|-1.000000|0.000000|-1|-1|0|0|168|170
0|170|9|ILE|A|171|8|0|000|19.011366|-1.000000|-1.000000|0.000000|-1|-1|0|0|169|171
0|171|25|GLU|A|172|5|0|000|19.504717|-1.000000|-1.000000|0.000000|-1|-1|0|0|170|172
0|172|1|GLY|A|173|4|0|000|20.630932|-1.000000|-1.000000|0.000000|-1|-1|0|0|171|-1
0|173|18|MSE|B|1|8|0|000|18.723600|-1.000000|-1.000000|0.000000|-1|-1|0|1|-1|174
0|174|29|LYS|B|2|9|0|000|18.119267|-1.000000|-1.000000|0.000000|-1|-1|0|1|173|175
0|175|19|PRO|B|3|7|0|000|14.581060|-1.000000|-1.000000|0.000000|-1|-1|0|1|174|176
0|176|3|ALA|B|4|5|0|000|10.912554|-1.000000|-1.000000|0.000000|-1|-1|0|1|175|177
0|177|7|LEU|B|5|8|0|000|8.243132|-1.000000|-1.000000|0.000000|-1|-1|0|1|176|178
0|178|5|VAL|B|6|7|0|000|4.784606|-1.000000|-1.000000|0.000000|-1|-1|0|1|177|179
0|179|5|VAL|B|7|7|0|000|4.412835|-1.000000|-1.000000|0.000000|-1|-1|0|1|178|180
0|180|5|VAL|B|8|7|0|000|1.844754|-1.000000|-1.000000|0.000000|-1|-1|0|1|179|181
0|181|21|ASP|B|9|8|0|000|6.102863|-1.000000|-1.000000|0.000000|-1|-1|0|1|180|182
0|182|18|MSE|B|10|8|0|000|7.629709|-1.000000|-1.000000|0.000000|-1|-1|0|1|181|183
0|183|5|VAL|B|11|7|0|000|10.374885|-1.000000|-1.000000|0.000000|-1|-1|0|1|182|184
0|184|23|ASN|B|12|8|0|000|14.709794|-1.000000|-1.000000|0.000000|-1|-1|0|1|183|185
0|185|25|GLU|B|13|9|0|000|14.668950|-1.000000|-1.000000|0.000000|-1|-1|0|1|184|186
0|186|35|PHE|B|14|11|0|000|10.637036|-1.000000|-1.000000|0.000000|-1|-1|0|1|185|187
0|187|9|ILE|B|15|8|0|000|13.096794|-1.000000|-1.000000|0.000000|-1|-1|0|1|186|188
0|188|33|HIS|B|16|10|0|000|16.743464|-1.000000|-1.000000|0.000000|-1|-1|0|1|187|189
0|189|1|GLY|B|17|4|0|000|17.293274|-1.000000|-1.000000|0.000000|-1|-1|0|1|188|190
0|190|31|ARG|B|18|5|0|000|18.368351|-1.000000|-1.000000|0.000000|-1|-1|0|1|189|191
0|191|7|LEU|B|19|5|0|000|15.682112|-1.000000|-1.000000|0.000000|-1|-1|0|1|190|192
0|192|3|ALA|B|20|5|0|000|15.623883|-1.000000|-1.000000|0.000000|-1|-1|0|1|191|193
0|193|13|THR|B|21|5|0|000|14.962974|-1.000000|-1.000000|0.000000|-1|-1|0|1|192|194
0|194|19|PRO|B|22|7|0|000|17.655966|-1.000000|-1.000000|0.000000|-1|-1|0|1|193|195
0|195|25|GLU|B|23|5|0|000|15.298404|-1.000000|-1.000000|0.000000|-1|-1|0|1|194|196
0|196|3|ALA|B|24|5|0|000|12.971905|-1.000000|-1.000000|0.000000|-1|-1|0|1|195|197
0|197|18|MSE|B|25|8|0|000|15.764612|-1.000000|-1.000000|0.000000|-1|-1|0|1|196|198
0|198|29|LYS|B|26|5|0|000|15.043326|-1.000000|-1.000000|0.000000|-1|-1|0|1|197|199
0|199|13|THR|B|27|7|0|000|11.225848|-1.000000|-1.000000|0.000000|-1|-1|0|1|198|200
0|200|5|VAL|B|28|7|0|000|13.138438|-1.000000|-1.000000|0.000000|-1|-1|0|1|199|201
0|201|1|GLY|B|29|4|0|000|14.761347|-1.000000|-1.000000|0.000000|-1|-1|0|1|200|202
0|202|19|PRO|B|30|7|0|000|13.361663|-1.000000|-1.000000|0.000000|-1|-1|0|1|201|203
0|203|3|ALA|B|31|5|0|000|10.625791|-1.000000|-1.000000|0.000000|-1|-1|0|1|202|204
0|204|31|ARG|B|32|11|0|000|15.325489|-1.000000|-1.000000|0.000000|-1|-1|0|1|203|205
0|205|29|LYS|B|33|9|0|000|16.072687|-1.000000|-1.000000|0.000000|-1|-1|0|1|204|206
0|206|5|VAL|B|34|7|0|000|11.846227|-1.000000|-1.000000|0.000000|-1|-1|0|1|205|207
0|207|9|ILE|B|35|8|0|000|11.581923|-1.000000|-1.000000|0.000000|-1|-1|0|1|206|208
0|208|25|GLU|B|36|9|0|000|16.443892|-1.000000|-1.000000|0.000000|-1|-1|0|1|207|209
0|209|13|THR|B|37|7|0|000|16.245665|-1.000000|-1.000000|0.000000|-1|-1|0|1|208|210
0|210|35|PHE|B|38|11|0|000|13.412927|-1.000000|-1.000000|0.000000|-1|-1|0|1|209|211
0|211|31|ARG|B|39|11|0|000|15.601980|-1.000000|-1.000000|0.000000|-1|-1|0|1|210|212
0|212|31|ARG|B|40|5|0|000|19.834408|-1.000000|-1.000000|0.000000|-1|-1|0|1|211|213
0|213|11|SER|B|41|6|0|000|19.208038|-1.000000|-1.000000|0.000000|-1|-1|0|1|212|214
0|214|1|GLY|B|42|4|0|000|18.419418|-1.000000|-1.000000|0.000000|-1|-1|0|1|213|215
0|215|7|LEU|B|43|8|0|000|15.923417|-1.000000|-1.000000|0.000000|-1|-1|0|1|214|216
0|216|19|PRO|B|44|7|0|000|13.435246|-1.000000|-1.000000|0.000000|-1|-1|0|1|215|217
0|217|5|VAL|B|45|7|0|000|10.798371|-1.000000|-1.000000|0.000000|-1|-1|0|1|216|218
0|218|5|VAL|B|46|7|0|000|8.209832|-1.000000|-1.000000|0.000000|-1|-1|0|1|217|219
0|219|37|TYR|B|47|12|0|000|8.335061|-1.000000|-1.000000|0.000000|-1|-1|0|1|218|220
0|220|5|VAL|B|48|7|0|000|5.420825|-1.000000|-1.000000|0.000000|-1|-1|0|1|219|221
0|221|23|ASN|B|49|8|0|000|8.397853|-1.000000|-1.000000|0.000000|-1|-1|0|1|220|222
0|222|21|ASP|B|50|8|0|000|10.179453|-1.000000|-1.000000|0.000000|-1|-1|0|1|221|223
0|223|11|SER|B|51|6|0|000|14.116354|-1.000000|-1.000000|0.000000|-1|-1|0|1|222|224
0|224|33|HIS|B|52|10|0|000|15.034956|-1.000000|-1.000000|0.000000|-1|-1|0|1|223|225
0|225|37|TYR|B|53|12|0|000|19.473366|-1.000000|-1.000000|0.000000|-1|-1|0|1|224|226
0|226|19|PRO|B|54|7|0|000|22.256325|-1.000000|-1.000000|0.000000|-1|-1|0|1|225|227
0|227|21|ASP|B|55|8|0|000|22.585337|-1.000000|-1.000000|0.000000|-1|-1|0|1|226|228
0|228|21|ASP|B|56|8|0|000|18.278782|-1.000000|-1.000000|0.000000|-1|-1|0|1|227|229
0|229|19|PRO|B|57|7|0|000|18.896969|-1.000000|-1.000000|0.000000|-1|-1|0|1|228|230
0|230|25|GLU|B|58|9|0|000|15.691605|-1.000000|-1.000000|0.000000|-1|-1|0|1|229|231
0|231|9|ILE|B|59|8|0|000|19.542540|-1.000000|-1.000000|0.000000|-1|-1|0|1|230|232
0|232|31|ARG|B|60|11|0|000|23.495035|-1.000000|-1.000000|0.000000|-1|-1|0|1|231|233
0|233|9|ILE|B|61|8|0|000|19.566776|-1.000000|-1.000000|0.000000|-1|-1|0|1|232|234
0|234|39|TRP|B|62|14|0|000|16.782173|-1.000000|-1.000000|0.000000|-1|-1|0|1|233|235
0|235|1|GLY|B|63|4|0|000|19.775600|-1.000000|-1.000000|0.000000|-1|-1|0|1|234|236
0|236|31|ARG|B|64|5|0|000|19.702450|-1.000000|-1.000000|0.000000|-1|-1|0|1|235|237
0|237|33|HIS|B|65|10|0|000|15.256647|-1.000000|-1.000000|0.000000|-1|-1|0|1|236|238
0|238|11|SER|B|66|6|0|000|13.877509|-1.000000|-1.000000|0.000000|-1|-1|0|1|237|239
0|239|18|MSE|B|67|8|0|000|17.766636|-1.000000|-1.000000|0.000000|-1|-1|0|1|238|240
0|240|29|LYS|B|68|9|0|000|18.357933|-1.000000|-1.000000|0.000000|-1|-1|0|1|239|241
0|241|1|GLY|B|69|4|0|000|19.765230|-1.000000|-1.000000|0.000000|-1|-1|0|1|240|242
0|242|21|ASP|B|70|8|0|000|18.981171|-1.000000|-1.000000|0.000000|-1|-1|0|1|241|243
0|243|21|ASP|B|71|5|0|000|18.029892|-1.000000|-1.000000|0.000000|-1|-1|0|1|242|244
0|244|1|GLY|B|72|4|0|000|15.394062|-1.000000|-1.000000|0.000000|-1|-1|0|1|243|245
0|245|11|SER|B|73|6|0|000|13.845337|-1.000000|-1.000000|0.000000|-1|-1|0|1|244|246
0|246|25|GLU|B|74|9|0|000|15.399696|-1.000000|-1.000000|0.000000|-1|-1|0|1|245|247
0|247|5|VAL|B|75|7|0|000|11.835401|-1.000000|-1.000000|0.000000|-1|-1|0|1|246|248
0|248|9|ILE|B|76|8|0|000|12.837823|-1.000000|-1.000000|0.000000|-1|-1|0|1|247|249
0|249|21|ASP|B|77|8|0|000|17.155823|-1.000000|-1.000000|0.000000|-1|-1|0|1|248|250
0|250|25|GLU|B|78|9|0|000|15.849826|-1.000000|-1.000000|0.000000|-1|-1|0|1|249|251
0|251|9|ILE|B|79|8|0|000|12.066756|-1.000000|-1.000000|0.000000|-1|-1|0|1|250|252
0|252|31|ARG|B|80|5|0|000|14.733712|-1.000000|-1.000000|0.000000|-1|-1|0|1|251|253
0|253|19|PRO|B|81|7|0|000|13.955862|-1.000000|-1.000000|0.000000|-1|-1|0|1|252|254
0|254|11|SER|B|82|6|0|000|16.504200|-1.000000|-1.000000|0.000000|-1|-1|0|1|253|255
0|255|3|ALA|B|83|5|0|000|18.655167|-1.000000|-1.000000|0.000000|-1|-1|0|1|254|256
0|256|1|GLY|B|84|4|0|000|16.767691|-1.000000|-1.000000|0.000000|-1|-1|0|1|255|257
0|257|21|ASP|B|85|8|0|000|13.638490|-1.000000|-1.000000|0.000000|-1|-1|0|1|256|258
0|258|37|TYR|B|86|12|0|000|13.550534|-1.000000|-1.000000|0.000000|-1|-1|0|1|257|259
0|259|5|VAL|B|87|7|0|000|11.951635|-1.000000|-1.000000|0.000000|-1|-1|0|1|258|260
0|260|7|LEU|B|88|8|0|000|10.379937|-1.000000|-1.000000|0.000000|-1|-1|0|1|259|261
0|261|25|GLU|B|89|9|0|000|13.370232|-1.000000|-1.000000|0.000000|-1|-1|0|1|260|262
0|262|29|LYS|B|90|9|0|000|9.215713|-1.000000|-1.000000|0.000000|-1|-1|0|1|261|263
0|263|33|HIS|B|91|10|0|000|14.420072|-1.000000|-1.000000|0.000000|-1|-1|0|1|262|264
0|264|3|ALA|B|92|5|0|000|11.333496|-1.000000|-1.000000|0.000000|-1|-1|0|1|263|265
0|265|37|TYR|B|93|12|0|000|11.063030|-1.000000|-1.000000|0.000000|-1|-1|0|1|264|266
0|266|11|SER|B|94|6|0|000|8.781488|-1.000000|-1.000000|0.000000|-1|-1|0|1|265|267
0|267|1|GLY|B|95|4|0|000|7.646976|-1.000000|-1.000000|0.000000|-1|-1|0|1|266|268
0|268|35|PHE|B|96|11|0|000|10.222466|-1.000000|-1.000000|0.000000|-1|-1|0|1|267|269
0|269|37|TYR|B|97|12|0|000|14.674596|-1.000000|-1.000000|0.000000|-1|-1|0|1|268|270
0|270|1|GLY|B|98|4|0|000|14.643120|-1.000000|-1.000000|0.000000|-1|-1|0|1|269|271
0|271|13|THR|B|99|7|0|000|12.643530|-1.000000|-1.000000|0.000000|-1|-1|0|1|270|272
0|272|23|ASN|B|100|8|0|000|14.247729|-1.000000|-1.000000|0.000000|-1|-1|0|1|271|273
0|273|7|LEU|B|101|8|0|000|10.434054|-1.000000|-1.000000|0.000000|-1|-1|0|1|272|274
0|274|21|ASP|B|102|8|0|000|14.626994|-1.000000|-1.000000|0.000000|-1|-1|0|1|273|275
0|275|18|MSE|B|103|8|0|000|17.187536|-1.000000|-1.000000|0.000000|-1|-1|0|1|274|276
0|276|9|ILE|B|104|8|0|000|14.233414|-1.000000|-1.000000|0.000000|-1|-1|0|1|275|277
0|277|7|LEU|B|105|8|0|000|13.343686|-1.000000|-1.000000|0.000000|-1|-1|0|1|276|278
0|278|31|ARG|B|106|11|0|000|18.543619|-1.000000|-1.000000|0.000000|-1|-1|0|1|277|279
0|279|3|ALA|B|107|5|0|000|19.271811|-1.000000|-1.000000|0.000000|-1|-1|0|1|278|280
0|280|23|ASN|B|108|8|0|000|17.772572|-1.000000|-1.000000|0.000000|-1|-1|0|1|279|281
0|281|1|GLY|B|109|4|0|000|19.029955|-1.000000|-1.000000|0.000000|-1|-1|0|1|280|282
0|282|9|ILE|B|110|8|0|000|15.626323|-1.000000|-1.000000|0.000000|-1|-1|0|1|281|283
0|283|21|ASP|B|111|8|0|000|17.246307|-1.000000|-1.000000|0.000000|-1|-1|0|1|282|284
0|284|13|THR|B|112|7|0|000|13.956959|-1.000000|-1.000000|0.000000|-1|-1|0|1|283|285
0|285|5|VAL|B|113|7|0|000|9.843672|-1.000000|-1.000000|0.000000|-1|-1|0|1|284|286
0|286|5|VAL|B|114|7|0|000|8.897897|-1.000000|-1.000000|0.000000|-1|-1|0|1|285|287
0|287|7|LEU|B|115|8|0|000|5.702416|-1.000000|-1.000000|0.000000|-1|-1|0|1|286|288
0|288|9|ILE|B|116|8|0|000|5.160396|-1.000000|-1.000000|0.000000|-1|-1|0|1|287|289
0|289|1|GLY|B|117|4|0|000|4.982215|-1.000000|-1.000000|0.000000|-1|-1|0|1|288|290
0|290|7|LEU|B|118|8|0|000|6.746720|-1.000000|-1.000000|0.000000|-1|-1|0|1|289|291
0|291|21|ASP|B|119|8|0|000|8.553964|-1.000000|-1.000000|0.000000|-1|-1|0|1|290|292
0|292|3|ALA|B|120|5|0|000|8.957962|-1.000000|-1.000000|0.000000|-1|-1|0|1|291|293
0|293|21|ASP|B|121|8|0|000|11.750292|-1.000000|-1.000000|0.000000|-1|-1|0|1|292|294
0|294|9|ILE|B|122|8|0|000|10.163980|-1.000000|-1.000000|0.000000|-1|-1|0|1|293|295
0|295|15|CYS|B|123|6|0|000|6.397162|-1.000000|-1.000000|0.000000|-1|-1|0|1|294|296
0|296|5|VAL|B|124|7|0|000|5.113908|-1.000000|-1.000000|0.000000|-1|-1|0|1|295|297
0|297|31|ARG|B|125|11|0|000|10.987033|-1.000000|-1.000000|0.000000|-1|-1|0|1|296|298
0|298|33|HIS|B|126|10|0|000|10.221843|-1.000000|-1.000000|0.000000|-1|-1|0|1|297|299
0|299|13|THR|B|127|7|0|000|6.564251|-1.000000|-1.000000|0.000000|-1|-1|0|1|298|300
0|300|3|ALA|B|128|5|0|000|9.516275|-1.000000|-1.000000|0.000000|-1|-1|0|1|299|301
0|301|3|ALA|B|129|5|0|000|12.218688|-1.000000|-1.000000|0.000000|-1|-1|0|1|300|302
0|302|21|ASP|B|130|8|0|000|12.104403|-1.000000|-1.000000|0.000000|-1|-1|0|1|301|303
0|303|3|ALA|B|131|5|0|000|12.040134|-1.000000|-1.000000|0.000000|-1|-1|0|1|302|304
0|304|7|LEU|B|132|8|0|000|15.459120|-1.000000|-1.000000|0.000000|-1|-1|0|1|303|305
0|305|37|TYR|B|133|12|0|000|16.208279|-1.000000|-1.000000|0.000000|-1|-1|0|1|304|306
0|306|31|ARG|B|134|11|0|000|15.178373|-1.000000|-1.000000|0.000000|-1|-1|0|1|305|307
0|307|23|ASN|B|135|8|0|000|18.587988|-1.000000|-1.000000|0.000000|-1|-1|0|1|306|308
0|308|37|TYR|B|136|12|0|000|14.043239|-1.000000|-1.000000|0.000000|-1|-1|0|1|307|309
0|309|31|ARG|B|137|11|0|000|16.777565|-1.000000|-1.000000|0.000000|-1|-1|0|1|308|310
0|310|9|ILE|B|138|8|0|000|11.925659|-1.000000|-1.000000|0.000000|-1|-1|0|1|309|311
0|311|9|ILE|B|139|8|0|000|11.631448|-1.000000|-1.000000|0.000000|-1|-1|0|1|310|312
0|312|5|VAL|B|140|7|0|000|9.937766|-1.000000|-1.000000|0.000000|-1|-1|0|1|311|313
0|313|5|VAL|B|141|7|0|000|10.362167|-1.000000|-1.000000|0.000000|-1|-1|0|1|312|314
0|314|25|GLU|B|142|9|0|000|13.954041|-1.000000|-1.000000|0.000000|-1|-1|0|1|313|315
0|315|21|ASP|B|143|8|0|000|13.228977|-1.000000|-1.000000|0.000000|-1|-1|0|1|314|316
0|316|3|ALA|B|144|5|0|000|9.109286|-1.000000|-1.000000|0.000000|-1|-1|0|1|315|317
0|317|5|VAL|B|145|7|0|000|8.561204|-1.000000|-1.000000|0.000000|-1|-1|0|1|316|318
0|318|3|ALA|B|146|5|0|000|10.103524|-1.000000|-1.000000|0.000000|-1|-1|0|1|317|319
0|319|3|ALA|B|147|5|0|000|12.678496|-1.000000|-1.000000|0.000000|-1|-1|0|1|318|320
0|320|31|ARG|B|148|11|0|000|13.755075|-1.000000|-1.000000|0.000000|-1|-1|0|1|319|321
0|321|9|ILE|B|149|5|0|000|16.928171|-1.000000|-1.000000|0.000000|-1|-1|0|1|320|322
0|322|21|ASP|B|150|8|0|000|16.673603|-1.000000|-1.000000|0.000000|-1|-1|0|1|321|323
0|323|19|PRO|B|151|7|0|000|18.737804|-1.000000|-1.000000|0.000000|-1|-1|0|1|322|324
0|324|23|ASN|B|152|8|0|000|19.246761|-1.000000|-1.000000|0.000000|-1|-1|0|1|323|325
0|325|39|TRP|B|153|14|0|000|13.264141|-1.000000|-1.000000|0.000000|-1|-1|0|1|324|326
0|326|29|LYS|B|154|5|0|000|15.433888|-1.000000|-1.000000|0.000000|-1|-1|0|1|325|327
0|327|21|ASP|B|155|8|0|000|19.028543|-1.000000|-1.000000|0.000000|-1|-1|0|1|326|328
0|328|37|TYR|B|156|12|0|000|15.903378|-1.000000|-1.000000|0.000000|-1|-1|0|1|327|329
0|329|35|PHE|B|157|11|0|000|11.933628|-1.000000|-1.000000|0.000000|-1|-1|0|1|328|330
0|330|13|THR|B|158|7|0|000|17.218773|-1.000000|-1.000000|0.000000|-1|-1|0|1|329|331
0|331|31|ARG|B|159|5|0|000|19.280552|-1.000000|-1.000000|0.000000|-1|-1|0|1|330|332
0|332|5|VAL|B|160|7|0|000|17.400017|-1.000000|-1.000000|0.000000|-1|-1|0|1|331|333
0|333|37|TYR|B|161|12|0|000|13.906528|-1.000000|-1.000000|0.000000|-1|-1|0|1|332|334
0|334|1|GLY|B|162|4|0|000|16.792082|-1.000000|-1.000000|0.000000|-1|-1|0|1|333|335
0|335|3|ALA|B|163|5|0|000|14.754092|-1.000000|-1.000000|0.000000|-1|-1|0|1|334|336
0|336|13|THR|B|164|7|0|000|15.369168|-1.000000|-1.000000|0.000000|-1|-1|0|1|335|337
0|337|5|VAL|B|165|7|0|000|14.922766|-1.000000|-1.000000|0.000000|-1|-1|0|1|336|338
0|338|29|LYS|B|166|9|0|000|15.615796|-1.000000|-1.000000|0.000000|-1|-1|0|1|337|339
0|339|31|ARG|B|167|11|0|000|16.706188|-1.000000|-1.000000|0.000000|-1|-1|0|1|338|340
0|340|11|SER|B|168|6|0|000|14.907010|-1.000000|-1.000000|0.000000|-1|-1|0|1|339|341
0|341|21|ASP|B|169|8|0|000|18.937418|-1.000000|-1.000000|0.000000|-1|-1|0|1|340|342
0|342|25|GLU|B|170|9|0|000|18.205652|-1.000000|-1.000000|0.000000|-1|-1|0|1|341|343
0|343|9|ILE|B|171|8|0|000|18.927431|-1.000000|-1.000000|0.000000|-1|-1|0|1|342|344
0|344|25|GLU|B|172|5|0|000|19.383013|-1.000000|-1.000000|0.000000|-1|-1|0|1|343|345
0|345|1|GLY|B|173|4|0|000|20.592552|-1.000000|-1.000000|0.000000|-1|-1|0|1|344|-1
0|346|46|_ZN|C|183|1|1|000|0.000000|-1.000000|-1.000000|0.000000|-1|-1|0|2|-1|-1
0|347|46|_ZN|D|183|1|1|000|0.000000|-1.000000|-1.000000|0.000000|-1|-1|0|3|-1|-1
0|348|43|HOH|E|184|1|0|000|15.740909|-1.000000|-1.000000|0.000000|-1|-1|0|4|-1|-1
0|349|43|HOH|E|185|1|0|000|10.827396|-1.000000|-1.000000|0.000000|-1|-1|0|4|-1|-1
0|350|43|HOH|E|186|1|0|000|11.243320|-1.000000|-1.000000|0.000000|-1|-1|0|4|-1|-1
0|351|43|HOH|E|187|1|0|000|10.919927|-1.000000|-1.000000|0.000000|-1|-1|0|4|-1|-1
0|352|43|HOH|E|188|1|0|000|15.851182|-1.000000|-1.000000|0.000000|-1|-1|0|4|-1|-1
0|353|43|HOH|E|189|1|0|000|11.191146|-1.000000|-1.000000|0.000000|-1|-1|0|4|-1|-1
0|354|43|HOH|E|190|1|0|000|13.776989|-1.000000|-1.000000|0.000000|-1|-1|0|4|-1|-1
0|355|43|HOH|E|191|1|0|000|13.367389|-1.000000|-1.000000|0.000000|-1|-1|0|4|-1|-1
0|356|43|HOH|E|192|1|0|000|12.043832|-1.000000|-1.000000|0.000000|-1|-1|0|4|-1|-1
0|357|43|HOH|E|193|1|0|000|2.141071|-1.000000|-1.000000|0.000000|-1|-1|0|4|-1|-1
0|358|43|HOH|E|194|1|0|000|23.007359|-1.000000|-1.000000|0.000000|-1|-1|0|4|-1|-1
0|359|43|HOH|E|195|1|0|000|9.894382|-1.000000|-1.000000|0.000000|-1|-1|0|4|-1|-1
0|360|43|HOH|E|196|1|0|000|15.674732|-1.000000|-1.000000|0.000000|-1|-1|0|4|-1|-1
0|361|43|HOH|E|197|1|0|000|13.747209|-1.000000|-1.000000|0.000000|-1|-1|0|4|-1|-1
0|362|43|HOH|E|198|1|0|000|3.432736|-1.000000|-1.000000|0.000000|-1|-1|0|4|-1|-1
0|363|43|HOH|E|199|1|0|000|11.135961|-1.000000|-1.000000|0.000000|-1|-1|0|4|-1|-1
0|364|43|HOH|E|200|1|0|000|25.645802|-1.000000|-1.000000|0.000000|-1|-1|0|4|-1|-1
0|365|43|HOH|E|201|1|0|000|9.033467|-1.000000|-1.000000|0.000000|-1|-1|0|4|-1|-1
0|366|43|HOH|E|202|1|0|000|25.385399|-1.000000|-1.000000|0.000000|-1|-1|0|4|-1|-1
0|367|43|HOH|E|203|1|0|000|28.329988|-1.000000|-1.000000|0.000000|-1|-1|0|4|-1|-1
0|368|43|HOH|E|204|1|0|000|17.061342|-1.000000|-1.000000|0.000000|-1|-1|0|4|-1|-1
0|369|43|HOH|E|205|1|0|000|7.462914|-1.000000|-1.000000|0.000000|-1|-1|0|4|-1|-1
0|370|43|HOH|E|206|1|0|000|5.543420|-1.000000|-1.000000|0.000000|-1|-1|0|4|-1|-1
0|371|43|HOH|E|207|1|0|000|25.327099|-1.000000|-1.000000|0.000000|-1|-1|0|4|-1|-1
0|372|43|HOH|E|208|1|0|000|10.769907|-1.000000|-1.000000|0.000000|-1|-1|0|4|-1|-1
0|373|43|HOH|E|209|1|0|000|8.690295|-1.000000|-1.000000|0.000000|-1|-1|0|4|-1|-1
0|374|43|HOH|E|210|1|0|000|18.334297|-1.000000|-1.000000|0.000000|-1|-1|0|4|-1|-1
0|375|43|HOH|E|211|1|0|000|18.270044|-1.000000|-1.000000|0.000000|-1|-1|0|4|-1|-1
0|376|43|HOH|E|212|1|0|000|26.007296|-1.000000|-1.000000|0.000000|-1|-1|0|4|-1|-1
0|377|43|HOH|E|213|1|0|000|10.376146|-1.000000|-1.000000|0.000000|-1|-1|0|4|-1|-1
0|378|43|HOH|E|214|1|0|000|18.533129|-1.000000|-1.000000|0.000000|-1|-1|0|4|-1|-1
0|379|43|HOH|E|215|1|0|000|4.583921|-1.000000|-1.000000|0.000000|-1|-1|0|4|-1|-1
0|380|43|HOH|E|216|1|0|000|23.171667|-1.000000|-1.000000|0.000000|-1|-1|0|4|-1|-1
0|381|43|HOH|E|217|1|0|000|19.431002|-1.000000|-1.000000|0.000000|-1|-1|0|4|-1|-1
0|382|43|HOH|E|218|1|0|000|12.452679|-1.000000|-1.000000|0.000000|-1|-1|0|4|-1|-1
0|383|43|HOH|E|219|1|0|000|17.681711|-1.000000|-1.000000|0.000000|-1|-1|0|4|-1|-1
0|384|43|HOH|E|220|1|0|000|23.168358|-1.000000|-1.000000|0.000000|-1|-1|0|4|-1|-1
0|385|43|HOH|E|221|1|0|000|12.711885|-1.000000|-1.000000|0.000000|-1|-1|0|4|-1|-1
0|386|43|HOH|E|222|1|0|000|17.359446|-1.000000|-1.000000|0.000000|-1|-1|0|4|-1|-1
0|387|43|HOH|E|223|1|0|000|18.654325|-1.000000|-1.000000|0.000000|-1|-1|0|4|-1|-1
0|388|43|HOH|E|224|1|0|000|16.435091|-1.000000|-1.000000|0.000000|-1|-1|0|4|-1|-1
0|389|43|HOH|E|225|1|0|000|10.545658|-1.000000|-1.000000|0.000000|-1|-1|0|4|-1|-1
0|390|43|HOH|E|226|1|0|000|3.393675|-1.000000|-1.000000|0.000000|-1|-1|0|4|-1|-1
0|391|43|HOH|E|227|1|0|000|24.837881|-1.000000|-1.000000|0.000000|-1|-1|0|4|-1|-1
0|392|43|HOH|E|228|1|0|000|8.638765|-1.000000|-1.000000|0.000000|-1|-1|0|4|-1|-1
0|393|43|HOH|E|229|1|0|000|19.318621|-1.000000|-1.000000|0.000000|-1|-1|0|4|-1|-1
0|394|43|HOH|E|230|1|0|000|28.809139|-1.000000|-1.000000|0.000000|-1|-1|0|4|-1|-1
0|395|43|HOH|E|231|1|0|000|12.799181|-1.000000|-1.000000|0.000000|-1|-1|0|4|-1|-1
0|396|43|HOH|E|232|1|0|000|4.940966|-1.000000|-1.000000|0.000000|-1|-1|0|4|-1|-1
0|397|43|HOH|E|233|1|0|000|16.759504|-1.000000|-1.000000|0.000000|-1|-1|0|4|-1|-1
0|398|43|HOH|E|234|1|0|000|14.240412|-1.000000|-1.000000|0.000000|-1|-1|0|4|-1|-1
0|399|43|HOH|E|235|1|0|000|2.106453|-1.000000|-1.000000|0.000000|-1|-1|0|4|-1|-1
