1882|0|37|91|38|PRO|_CU|HIS|194633|279|693|289|-O--|CU--|-ND1|44013|1106|1141|3.840075|2.087332|3.419620|62.471687
1882|1|37|91|75|PRO|_CU|CYS|194615|279|693|582|-O--|CU--|-SG-|44011|1106|2193|3.840075|2.176323|4.582999|95.222206
1882|2|37|91|78|PRO|_CU|HIS|194633|279|693|605|-O--|CU--|-ND1|44013|1106|2282|3.840075|2.373631|3.662073|67.522934
1882|3|37|91|83|PRO|_CU|MET|194617|279|693|639|-O--|CU--|-SD-|44016|1106|2365|3.840075|2.796163|6.406061|149.339951
1882|4|75|91|38|CYS|_CU|HIS|154633|582|693|289|-SG-|CU--|-ND1|114013|2193|1141|2.176323|2.087332|4.009645|140.236877
1882|5|38|91|78|HIS|_CU|HIS|334633|289|693|605|-ND1|CU--|-ND1|134013|1141|2282|2.087332|2.373631|3.252186|93.388184
1882|6|38|91|83|HIS|_CU|MET|334617|289|693|639|-ND1|CU--|-SD-|134016|1141|2365|2.087332|2.796163|3.543153|91.857925
1882|7|75|91|78|CYS|_CU|HIS|154633|582|693|605|-SG-|CU--|-ND1|114013|2193|2282|2.176323|2.373631|3.695050|108.527069
1882|8|75|91|83|CYS|_CU|MET|154617|582|693|639|-SG-|CU--|-SD-|114016|2193|2365|2.176323|2.796163|4.216687|115.426590
1882|9|78|91|83|HIS|_CU|MET|334617|605|693|639|-ND1|CU--|-SD-|134016|2282|2365|2.373631|2.796163|3.967118|99.913872
