1882|0|0|119|GLN|HOH|2743|0|721|-N--|-O--|128|0011|555|0|2.895914|0.196000|-1.750000|-2.299000|19.866703
1882|1|26|0|ASP|GLN|2127|192|0|-OD1|-N--|1001|0001|555|0|2.976488|-2.796000|-0.994003|0.231998|12.206403
1882|2|1|0|THR|GLN|1327|9|2|-N--|-C--|103|0001|555|0|1.333016|0.603000|0.445999|-1.102001|2.664376
1882|3|0|110|GLN|HOH|2743|3|712|-O--|-O--|428|0011|555|0|3.986609|-1.495000|2.970997|-2.198000|14.939407
1882|4|27|0|THR|GLN|1327|194|3|-N--|-O--|104|0001|555|0|2.907427|-0.811000|-2.766998|-0.372999|12.511024
1882|5|0|121|GLN|HOH|2743|7|723|-OE1|-O--|828|0011|555|0|2.795133|2.005000|1.871998|-0.536999|5.908772
1882|6|0|146|GLN|HOH|2743|7|748|-OE1|-O--|828|0011|555|0|3.108236|1.588000|-2.566002|-0.744999|0.444149
1882|7|0|124|GLN|HOH|2743|7|726|-OE1|-O--|828|0011|555|0|3.898517|3.323999|1.165001|1.671000|15.479645
1882|8|2|1|VAL|THR|513|16|11|-N--|-C--|103|0001|555|0|1.329667|-0.956000|-0.607998|-0.696001|3.294247
1882|9|1|27|THR|THR|1313|10|197|-CA-|-O--|204|0001|555|0|3.179718|1.896000|2.487000|0.575001|11.184517
1882|10|1|29|THR|GLN|1327|15|212|-CG2|-CB-|605|0001|555|0|3.949857|0.350000|1.793003|3.502001|13.870288
1882|11|2|27|VAL|THR|513|16|197|-N--|-O--|104|0001|555|0|2.925646|0.192000|2.664001|-1.194000|6.068780
1882|12|3|2|ALA|VAL|305|23|18|-N--|-C--|103|0001|555|0|1.324842|0.051000|0.709000|-1.118000|1.950071
1882|13|2|99|VAL|HOH|543|17|701|-CA-|-O--|228|0011|555|0|3.582597|-0.153000|-2.899998|2.098000|39.062370
1882|14|2|29|VAL|GLN|527|19|208|-O--|-N--|401|0001|555|0|2.867762|-0.876000|2.717999|0.263000|7.194696
1882|15|2|28|VAL|VAL|505|19|202|-O--|-CA-|402|0001|555|0|3.644263|0.690000|3.238998|-1.521000|8.543205
1882|16|2|124|VAL|HOH|543|21|726|-CG1|-O--|628|0011|555|0|3.691830|3.038000|-1.398998|-1.563002|7.455953
1882|17|2|22|VAL|ILE|509|22|166|-CG2|-CG2|606|0001|555|0|3.757401|2.893000|0.382000|-2.367001|12.583385
1882|18|3|99|ALA|HOH|343|23|701|-N--|-O--|128|0011|555|0|2.894164|0.210000|-2.863998|-0.360001|59.881191
1882|19|3|4|ALA|ILE|309|25|28|-C--|-N--|301|0001|555|0|1.296638|0.069000|1.059002|0.744999|1.782005
1882|20|3|100|ALA|HOH|343|26|702|-O--|-O--|428|0011|555|0|2.900521|1.063000|-2.507000|-0.999001|34.834988
1882|21|3|29|ALA|GLN|327|24|211|-CA-|-O--|204|0001|555|0|3.191364|-0.617000|3.063999|0.645000|0.965117
1882|22|3|122|ALA|HOH|343|26|724|-O--|-O--|428|0011|555|0|2.939398|0.210000|-1.741001|2.358999|40.119732
1882|23|3|174|ALA|HOH|343|27|776|-CB-|-O--|528|0011|555|0|3.720820|-2.891000|-1.320000|1.934999|130.380096
1882|24|3|145|ALA|HOH|343|27|747|-CB-|-O--|528|0011|555|0|3.787892|-3.464000|-1.204998|-0.947001|193.750778
1882|25|4|29|ILE|GLN|927|28|211|-N--|-O--|104|0001|555|0|2.861692|-1.929000|1.864998|-0.994999|6.020226
1882|26|4|5|ILE|LYS|929|30|36|-C--|-N--|301|0001|555|0|1.325983|0.383000|-0.711998|1.051000|0.171889
1882|27|4|16|ILE|GLU|925|29|117|-CA-|-O--|204|0001|555|0|3.670511|2.006000|-2.090000|2.254000|0.080394
1882|28|31|4|VAL|ILE|509|231|31|-N--|-O--|104|0001|555|0|2.871501|2.560000|-1.267998|-0.290000|2.057583
1882|29|4|6|ILE|MET|917|31|45|-O--|-N--|401|0001|555|0|3.744639|0.599000|0.648998|3.639000|5.571167
1882|30|4|30|ILE|TRP|939|31|218|-O--|-CA-|402|0001|555|0|3.298503|-1.526000|2.468998|-1.567001|3.365432
1882|31|4|17|ILE|PRO|919|34|126|-CG2|-O--|604|0001|555|0|3.917838|3.524000|-1.710999|-0.058001|0.624692
1882|32|4|73|ILE|TYR|937|34|564|-CG2|-OH-|618|0001|555|0|3.506592|2.470000|2.397999|-0.667000|2.441172
1882|33|4|15|ILE|PHE|935|34|107|-CG2|-CB-|605|0001|555|0|3.865467|2.460999|1.386002|2.638999|0.691293
1882|34|28|4|VAL|ILE|509|206|35|-CG1|-CD1|606|0001|555|0|3.438986|2.261000|-1.246002|2.271999|2.136252
1882|35|4|20|ILE|ILE|909|35|149|-CD1|-CG2|606|0001|555|0|3.907439|2.550000|-1.792999|-2.355999|1.083072
1882|36|4|92|ILE|HOH|943|35|694|-CD1|-O--|628|0011|555|0|3.503061|3.340000|-0.105999|1.051001|0.314883
1882|37|6|5|MET|LYS|1729|45|38|-N--|-C--|103|0001|555|0|1.307346|0.756000|-0.841000|-0.656000|2.580569
1882|38|5|122|LYS|HOH|2943|36|724|-N--|-O--|128|0011|555|0|3.959941|0.188000|-3.560001|-1.724000|58.742554
1882|39|16|5|GLU|LYS|2529|117|36|-O--|-N--|401|0001|555|0|2.856156|-2.303000|1.684002|0.134000|0.986529
1882|40|31|5|VAL|LYS|529|234|37|-O--|-CA-|402|0001|555|0|3.517402|2.825000|-1.948997|-0.770000|0.807455
1882|41|7|5|GLY|LYS|129|53|39|-N--|-O--|104|0001|555|0|3.667459|0.302000|-1.139004|-3.473000|1.281858
1882|42|14|5|ALA|LYS|329|101|39|-O--|-O--|404|0001|555|0|3.920996|-2.505000|-0.871002|-2.888000|1.999180
1882|43|5|15|LYS|PHE|2935|39|104|-O--|-CA-|402|0001|555|0|3.229762|3.072000|0.984001|0.160999|0.192679
1882|44|33|5|ASN|LYS|2329|253|42|-ND2|-CD-|906|0001|555|0|3.684787|0.523000|-1.335999|-3.394000|2.541300
1882|45|9|5|ASP|LYS|2129|69|44|-OD2|-NZ-|1014|0001|555|0|2.995431|-2.037000|1.017998|-1.946000|2.104093
1882|46|5|172|LYS|HOH|2943|44|774|-NZ-|-O--|1428|0011|555|0|3.088849|-1.331000|-2.320000|-1.545000|30.774248
1882|47|31|6|VAL|MET|517|234|45|-O--|-N--|401|0001|555|0|2.841057|2.781000|0.049000|0.579000|4.307436
1882|48|7|6|GLY|MET|117|53|47|-N--|-C--|103|0001|555|0|1.328792|-1.177000|0.321999|-0.526000|0.161724
1882|49|6|33|MET|ASN|1723|48|246|-O--|-N--|401|0001|555|0|2.893365|-2.781000|-0.740002|-0.300000|7.184032
1882|50|6|38|MET|HIS|1733|48|292|-O--|-NE2|413|0001|555|0|3.535569|0.610000|2.879997|1.958000|1.370404
1882|51|6|34|MET|LYS|1729|48|254|-O--|-N--|401|0001|555|0|3.241696|-1.622000|-1.364002|2.453000|11.269004
1882|52|6|15|MET|PHE|1735|50|111|-CG-|-CE1|612|0001|555|0|3.808143|3.515000|1.395000|-0.448000|1.694852
1882|53|6|30|MET|TRP|1739|51|221|-SD-|-CB-|1605|0001|555|0|3.901280|-0.664000|-1.319000|-3.611001|5.090750
1882|54|6|61|MET|PHE|1735|52|467|-CE-|-CE2|612|0001|555|0|3.583907|-1.132000|2.521000|-2.282000|4.764204
1882|55|40|6|VAL|MET|517|307|51|-CG2|-SD-|616|0001|555|0|3.982009|-2.002000|-2.236000|2.617001|1.231234
1882|56|6|32|MET|ASN|1723|52|244|-CE-|-OD1|608|0001|555|0|3.735580|-0.955000|-0.619003|3.558001|7.562504
1882|57|7|8|GLY|ALA|103|55|57|-C--|-N--|301|0001|555|0|1.333577|1.100000|-0.572998|0.490000|2.709900
1882|58|7|83|GLY|MET|117|53|640|-N--|-CE-|106|0001|555|0|3.720331|1.742000|3.232998|-0.595000|0.110814
1882|59|7|14|GLY|ALA|103|53|101|-N--|-O--|104|0001|555|0|2.879808|2.807000|-0.268002|-0.585000|0.613440
1882|60|7|34|GLY|LYS|129|54|257|-CA-|-O--|204|0001|555|0|3.371881|-2.336000|1.382999|2.000000|1.204849
1882|61|7|12|GLY|MET|117|54|85|-CA-|-O--|204|0001|555|0|3.801811|3.074000|-0.696003|2.126000|1.210156
1882|62|7|33|GLY|ASN|123|56|253|-O--|-ND2|409|0001|555|0|2.831138|-2.067000|-1.915001|0.275001|4.766029
1882|63|7|9|GLY|ASP|121|56|62|-O--|-N--|401|0001|555|0|3.917972|1.202000|-3.514000|1.248000|6.707047
1882|64|8|9|ALA|ASP|321|59|62|-C--|-N--|301|0001|555|0|1.336881|-0.194000|-1.230999|-0.484000|5.563797
1882|65|8|14|ALA|ALA|303|57|101|-N--|-O--|104|0001|555|0|3.525615|1.416000|2.389000|-2.172000|1.923841
1882|66|8|12|ALA|MET|317|57|85|-N--|-O--|104|0001|555|0|2.970575|1.807000|1.391998|1.903000|1.336522
1882|67|8|16|ALA|GLU|325|58|121|-CA-|-OE1|210|0001|555|0|3.512148|-0.137000|-2.591999|-2.366000|12.610961
1882|68|8|33|ALA|ASN|323|59|253|-C--|-ND2|309|0001|555|0|3.775002|-3.463000|0.368000|-1.457000|3.742337
1882|69|8|10|ALA|ASN|323|59|70|-C--|-N--|301|0001|555|0|3.161396|1.125000|-2.431000|1.679000|11.642236
1882|70|11|8|GLY|ALA|103|78|60|-N--|-O--|104|0001|555|0|3.021358|-1.460000|0.714001|-2.547000|4.893463
1882|71|8|34|ALA|LYS|329|60|260|-O--|-CD-|406|0001|555|0|3.156602|-2.617000|0.206001|1.753000|17.642078
1882|72|8|101|ALA|HOH|343|61|703|-CB-|-O--|528|0011|555|0|3.841737|0.332999|-3.825001|-0.132000|16.269178
1882|73|9|33|ASP|ASN|2123|68|253|-OD1|-ND2|1009|0001|555|0|2.905207|-0.359000|2.876999|-0.184999|15.566453
1882|74|9|16|ASP|GLU|2125|62|121|-N--|-OE1|110|0001|555|0|2.911520|0.858000|-0.409000|-2.752000|3.569584
1882|75|9|10|ASP|ASN|2123|64|70|-C--|-N--|301|0001|555|0|1.339412|1.339000|0.022999|0.024000|0.886340
1882|76|9|101|ASP|HOH|2143|62|703|-N--|-O--|128|0011|555|0|3.461896|2.838000|-1.945000|-0.384000|6.697274
1882|77|9|34|ASP|LYS|2129|65|262|-O--|-NZ-|414|0001|555|0|3.032693|-2.864000|0.848000|0.525000|10.348930
1882|78|11|9|GLY|ASP|121|78|65|-N--|-O--|104|0001|555|0|3.107219|-1.911000|-2.263000|-0.939000|8.014060
1882|79|9|147|ASP|HOH|2143|66|749|-CB-|-O--|528|0011|555|0|3.960763|-0.115000|-3.958000|0.093000|42.362228
1882|80|11|10|GLY|ASN|123|78|72|-N--|-C--|103|0001|555|0|1.337278|0.776000|-1.063000|0.237000|3.902297
1882|81|10|101|ASN|HOH|2343|70|703|-N--|-O--|128|0011|555|0|3.057710|1.519000|-0.744999|-2.547000|1.881571
1882|82|12|10|MET|ASN|1723|82|76|-N--|-OD1|108|0001|555|0|3.036060|0.741000|-2.649998|-1.283000|7.840728
1882|83|10|123|ASN|HOH|2343|77|725|-ND2|-O--|928|0011|555|0|3.319630|0.422000|-3.096001|1.121000|21.351837
1882|84|11|12|GLY|MET|117|80|82|-C--|-N--|301|0001|555|0|1.318188|0.859000|-0.117001|-0.993000|4.754970
1882|85|11|155|GLY|HOH|143|79|757|-CA-|-O--|228|0011|555|0|3.149452|-2.139000|0.547001|2.246000|59.776413
1882|86|11|35|GLY|LEU|107|81|269|-O--|-CD1|406|0001|555|0|3.100813|-1.891000|2.336998|-0.760000|4.186448
1882|87|11|13|GLY|LEU|107|81|90|-O--|-N--|401|0001|555|0|3.889190|1.761001|2.245998|-2.642000|18.343708
1882|88|13|12|LEU|MET|717|90|84|-N--|-C--|103|0001|555|0|1.337779|-0.557000|-1.206001|-0.158000|2.340171
1882|89|12|98|MET|HOH|1743|83|700|-CA-|-O--|228|0011|555|0|3.484245|2.177999|2.443001|1.195000|45.907063
1882|90|35|12|LEU|MET|717|269|85|-CD1|-O--|604|0001|555|0|3.856475|2.148000|-1.513000|-2.823000|27.670168
1882|91|14|12|ALA|MET|317|98|85|-N--|-O--|104|0001|555|0|3.057903|-1.170000|-1.848000|2.137000|1.066979
1882|92|14|13|ALA|LEU|307|98|92|-N--|-C--|103|0001|555|0|1.323856|0.635000|0.633003|0.974000|3.012391
1882|93|13|98|LEU|HOH|743|90|700|-N--|-O--|128|0011|555|0|2.864867|2.209000|0.090000|1.822000|62.961628
1882|94|13|83|LEU|MET|717|93|637|-O--|-CB-|405|0001|555|0|3.813842|-0.779000|3.267002|-1.807000|5.806334
1882|95|13|154|LEU|HOH|743|93|756|-O--|-O--|428|0011|555|0|2.770052|2.386999|-0.134998|1.399000|18.885828
1882|96|13|35|LEU|LEU|707|97|269|-CD2|-CD1|606|0001|555|0|3.574061|-1.430000|-3.086002|1.098000|16.128111
1882|97|13|78|LEU|HIS|733|97|606|-CD2|-CD2|612|0001|555|0|3.697729|0.061000|3.696999|0.041000|0.962576
1882|98|81|13|ALA|LEU|307|628|96|-CB-|-CD1|506|0001|555|0|3.658871|-3.128000|-1.627998|0.976000|5.362876
1882|99|14|83|ALA|MET|317|101|640|-O--|-CE-|406|0001|555|0|3.659415|-1.065000|3.500999|-0.010000|0.495401
1882|100|14|15|ALA|PHE|335|100|103|-C--|-N--|301|0001|555|0|1.313612|0.376000|0.178001|-1.245999|1.374106
1882|101|14|104|ALA|HOH|343|99|706|-CA-|-O--|228|0011|555|0|3.331759|2.085999|0.655003|-2.514000|3.106147
1882|102|16|15|GLU|PHE|2535|114|105|-N--|-C--|103|0001|555|0|1.307918|0.921000|0.846001|0.383000|0.559557
1882|103|15|104|PHE|HOH|3543|103|706|-N--|-O--|128|0011|555|0|2.903840|2.794000|0.763000|-0.209001|5.517950
1882|104|17|15|PRO|PHE|1935|125|106|-C--|-O--|304|0001|555|0|3.522295|-0.309000|1.361000|3.234000|1.173728
1882|105|18|15|SER|PHE|1135|130|106|-N--|-O--|104|0001|555|0|3.302011|-1.502000|1.243000|2.665000|1.287025
1882|106|15|73|PHE|TYR|3537|110|562|-CD2|-CE2|1212|0001|555|0|3.441842|-0.730000|0.896000|-3.242000|0.517857
1882|107|83|15|MET|PHE|1735|636|112|-O--|-CE2|412|0001|555|0|3.607359|-2.457999|-1.791000|-1.940000|1.732107
1882|108|84|15|VAL|PHE|535|643|110|-C--|-CD2|312|0001|555|0|3.933087|-3.828000|-0.681999|0.592000|2.247207
1882|109|85|15|GLY|PHE|135|648|110|-N--|-CD2|112|0001|555|0|3.972183|-3.409000|-0.857002|1.849999|0.735000
1882|110|75|15|CYS|PHE|1535|581|113|-CB-|-CZ-|512|0001|555|0|3.920845|-0.214000|-2.700001|-2.835000|1.301266
1882|111|39|15|ASN|PHE|2335|296|113|-O--|-CZ-|412|0001|555|0|3.920042|2.314001|-3.145000|-0.348000|0.110858
1882|112|17|16|PRO|GLU|1925|123|116|-N--|-C--|103|0001|555|0|1.322883|-0.733001|0.308998|1.057000|0.710342
1882|113|18|16|SER|GLU|1125|130|115|-N--|-CA-|102|0001|555|0|3.872289|-3.301000|-0.704002|1.898000|4.106934
1882|114|16|122|GLU|HOH|2543|117|724|-O--|-O--|428|0011|555|0|3.243563|-2.115000|-1.875999|-1.590000|53.165276
1882|115|16|101|GLU|HOH|2543|122|703|-OE2|-O--|1028|0011|555|0|2.575762|-0.018001|-0.692001|2.481000|0.160862
1882|116|18|17|SER|PRO|1119|130|125|-N--|-C--|103|0001|555|0|1.327002|-1.193000|-0.118000|-0.569000|2.666072
1882|117|17|92|PRO|HOH|1943|126|694|-O--|-O--|428|0011|555|0|2.810492|0.252000|2.141998|-1.802000|5.833992
1882|118|19|17|THR|PRO|1319|136|125|-N--|-C--|103|0001|555|0|3.277341|-2.726000|-0.801998|1.632999|2.685296
1882|119|17|96|PRO|HOH|1943|127|698|-CB-|-O--|528|0011|555|0|3.822300|3.817000|-0.160000|-0.122000|31.202040
1882|120|20|17|ILE|PRO|919|150|128|-CD1|-CG-|606|0001|555|0|3.907436|1.176000|-0.610001|3.676001|10.697649
1882|121|17|122|PRO|HOH|1943|129|724|-CD-|-O--|628|0011|555|0|3.699164|-3.443000|-1.158001|0.698999|50.636368
1882|122|18|96|SER|HOH|1143|130|698|-N--|-O--|128|0011|555|0|3.827146|2.277000|-2.447002|-1.864000|44.999073
1882|123|18|19|SER|THR|1113|132|136|-C--|-N--|301|0001|555|0|1.325421|0.255000|-0.955002|-0.882999|2.218140
1882|124|18|92|SER|HOH|1143|133|694|-O--|-O--|428|0011|555|0|3.328724|-3.032000|0.114998|-1.368999|4.198078
1882|125|18|107|SER|HOH|1143|133|709|-O--|-O--|428|0011|555|0|3.298927|3.167001|0.400997|0.832001|28.078722
1882|126|18|106|SER|HOH|1143|135|708|-OG-|-O--|1728|0011|555|0|2.674301|2.064000|-0.431000|-1.645000|64.774849
1882|127|18|86|SER|LYS|1129|133|652|-O--|-N--|401|0001|555|0|2.907328|0.172000|2.529999|-1.421999|3.665744
1882|128|85|18|GLY|SER|111|649|133|-CA-|-O--|204|0001|555|0|3.345051|0.481999|-3.213997|-0.792000|1.532253
1882|129|20|19|ILE|THR|913|143|138|-N--|-C--|103|0001|555|0|1.311749|0.514999|-0.563000|1.067001|1.559036
1882|130|19|92|THR|HOH|1343|136|694|-N--|-O--|128|0011|555|0|3.879921|-3.065000|2.257999|-0.749001|2.313322
1882|131|19|96|THR|HOH|1343|139|698|-O--|-O--|428|0011|555|0|2.954256|1.398000|-1.325001|2.240000|26.653532
1882|132|19|106|THR|HOH|1343|141|708|-OG1|-O--|1728|0011|555|0|2.769106|0.457001|-1.550999|2.247999|52.392467
1882|133|19|86|THR|LYS|1329|137|655|-CA-|-O--|204|0001|555|0|3.369699|-1.153000|2.771000|-1.532000|0.977112
1882|134|19|107|THR|HOH|1343|141|709|-OG1|-O--|1728|0011|555|0|2.977230|0.328001|1.819000|2.334000|14.710151
1882|135|20|21|ILE|GLU|925|145|151|-C--|-N--|301|0001|555|0|1.333381|-0.032000|-0.954002|-0.931000|1.330928
1882|136|20|86|ILE|LYS|929|143|655|-N--|-O--|104|0001|555|0|3.148076|0.248000|3.107998|0.435001|3.056141
1882|137|88|20|VAL|ILE|509|669|146|-N--|-O--|104|0001|555|0|2.849400|-0.924001|-2.359001|1.304001|2.050155
1882|138|20|87|ILE|ILE|909|146|662|-O--|-CA-|402|0001|555|0|3.484087|-0.252000|3.431000|0.550999|3.558847
1882|139|20|92|ILE|HOH|943|149|694|-CG2|-O--|628|0011|555|0|3.883003|0.790000|1.687000|3.407000|1.431240
1882|140|20|100|ILE|HOH|943|150|702|-CD1|-O--|628|0011|555|0|3.996080|-2.602000|-2.350998|1.916000|16.491537
1882|141|22|21|ILE|GLU|925|160|153|-N--|-C--|103|0001|555|0|1.327518|0.351001|-0.927998|0.882000|1.580297
1882|142|88|21|VAL|GLU|525|672|152|-O--|-CA-|402|0001|555|0|3.248996|-0.166000|-2.816002|1.612001|0.653037
1882|143|21|90|GLU|GLN|2527|158|691|-OE1|-NE2|1009|0001|555|0|3.246235|-1.212001|-1.243000|-2.743000|0.405643
1882|144|21|124|GLU|HOH|2543|154|726|-O--|-O--|428|0011|555|0|2.899554|-2.358001|-1.667999|-0.255001|35.360088
1882|145|21|156|GLU|HOH|2543|154|758|-O--|-O--|428|0011|555|0|3.626638|-0.662001|-1.921001|-3.004000|47.146873
1882|146|22|23|ILE|GLN|927|162|168|-C--|-N--|301|0001|555|0|1.314911|-0.992000|-0.073002|-0.859999|1.991503
1882|147|88|22|VAL|ILE|509|672|160|-O--|-N--|401|0001|555|0|2.781279|-1.792001|-2.126003|-0.066000|3.721842
1882|148|22|90|ILE|GLN|927|163|683|-O--|-N--|401|0001|555|0|2.757089|1.911000|1.605003|-1.171999|6.596483
1882|149|22|121|ILE|HOH|943|161|723|-CA-|-O--|228|0011|555|0|3.934677|-2.803000|-2.701000|-0.573999|112.312668
1882|150|22|26|ILE|ASP|921|164|193|-CB-|-OD2|510|0001|555|0|3.555779|-2.205000|-1.361000|-2.434999|3.658926
1882|151|22|156|ILE|HOH|943|161|758|-CA-|-O--|228|0011|555|0|3.832895|0.212000|-3.660999|-1.115000|52.684097
1882|152|89|22|VAL|ILE|509|677|163|-CA-|-O--|204|0001|555|0|3.479456|-1.344000|-3.171001|-0.495001|1.456786
1882|153|28|22|VAL|ILE|509|207|167|-CG2|-CD1|606|0001|555|0|3.926006|2.092000|-0.649998|-3.257999|0.020021
1882|154|26|23|ASP|GLN|2127|193|168|-OD2|-N--|1001|0001|555|0|2.777513|2.658000|0.706997|-0.386999|0.908111
1882|155|24|23|ALA|GLN|327|177|170|-N--|-C--|103|0001|555|0|1.330230|-0.577000|-0.772999|0.916000|0.817763
1882|156|23|90|GLN|GLN|2727|176|690|-NE2|-OE1|908|0001|555|0|3.136026|1.834000|0.826000|2.405998|4.258605
1882|157|25|23|GLY|GLN|127|182|171|-N--|-O--|104|0001|555|0|3.167490|1.418000|-2.345997|1.587000|3.486760
1882|158|23|144|GLN|HOH|2743|173|746|-CG-|-O--|628|0011|555|0|3.503567|-3.458000|-0.561001|-0.049999|14.002843
1882|159|23|149|GLN|HOH|2743|175|751|-OE1|-O--|828|0011|555|0|2.969075|-2.051000|0.291000|-2.126999|36.951714
1882|160|23|148|GLN|HOH|2743|172|750|-CB-|-O--|528|0011|555|0|3.917840|-0.510000|1.661999|-3.511002|29.567467
1882|161|23|156|GLN|HOH|2743|176|758|-NE2|-O--|928|0011|555|0|3.186016|-1.176001|-0.858002|2.834000|2.141104
1882|162|23|108|GLN|HOH|2743|175|710|-OE1|-O--|828|0011|555|0|3.079602|0.282001|2.429001|-1.871998|9.120488
1882|163|24|148|ALA|HOH|343|180|750|-O--|-O--|428|0011|555|0|2.874759|1.300000|-1.725002|-1.896999|33.406624
1882|164|25|24|GLY|ALA|103|182|179|-N--|-C--|103|0001|555|0|1.331858|0.891000|-0.816998|-0.558998|3.815242
1882|165|24|108|ALA|HOH|343|177|710|-N--|-O--|128|0011|555|0|3.955096|1.884001|-2.021000|-2.829998|47.973602
1882|166|24|90|ALA|GLN|327|177|686|-N--|-O--|104|0001|555|0|2.776220|2.654000|-0.584000|-0.568001|13.001514
1882|167|24|89|ALA|VAL|305|178|682|-CA-|-CG2|206|0001|555|0|3.564688|2.359000|1.154999|2.410000|3.888508
1882|168|24|65|ALA|PHE|335|179|493|-C--|-O--|304|0001|555|0|3.635878|-0.244000|2.707001|2.414999|2.900019
1882|169|24|120|ALA|HOH|343|180|722|-O--|-O--|428|0011|555|0|3.104342|-2.160000|-2.161003|0.549000|27.181307
1882|170|24|26|ALA|ASP|321|179|186|-C--|-N--|301|0001|555|0|3.356157|-2.329000|-0.703003|2.311998|3.520806
1882|171|24|66|ALA|SER|311|181|504|-CB-|-O--|504|0001|555|0|3.762414|-0.822000|3.669003|-0.136002|4.500941
1882|172|25|65|GLY|PHE|135|182|493|-N--|-O--|104|0001|555|0|2.726804|0.647000|1.890003|1.856001|0.724377
1882|173|25|26|GLY|ASP|121|184|186|-C--|-N--|301|0001|555|0|1.345758|0.739000|-0.654003|0.914999|0.314729
1882|174|25|66|GLY|SER|111|182|502|-N--|-CA-|102|0001|555|0|3.937791|0.585000|3.894001|0.027000|2.043974
1882|175|25|120|GLY|HOH|143|184|722|-C--|-O--|328|0011|555|0|3.467828|0.564000|-3.016003|-1.616001|41.140083
1882|176|25|109|GLY|HOH|143|185|711|-O--|-O--|428|0011|555|0|2.732752|-1.620000|1.279003|-1.791000|24.347023
1882|177|25|110|GLY|HOH|143|185|712|-O--|-O--|428|0011|555|0|2.742528|-2.337000|-0.625000|1.292002|34.053322
1882|178|25|27|GLY|THR|113|185|194|-O--|-N--|401|0001|555|0|3.951073|-0.031000|-0.828999|3.863001|1.399426
1882|179|25|64|GLY|THR|113|185|489|-O--|-CG2|406|0001|555|0|3.773344|-0.556000|3.444000|1.438002|0.843321
1882|180|26|120|ASP|HOH|2143|192|722|-OD1|-O--|1028|0011|555|0|2.685245|-0.012000|0.873997|-2.539001|36.684105
1882|181|27|26|THR|ASP|1321|194|188|-N--|-C--|103|0001|555|0|1.324445|0.948000|0.441002|-0.813000|0.481510
1882|182|26|65|ASP|PHE|2135|189|490|-O--|-N--|401|0001|555|0|3.120713|0.931000|2.978001|0.059999|1.380332
1882|183|26|110|ASP|HOH|2143|188|712|-C--|-O--|328|0011|555|0|3.706110|-3.254000|-0.237003|-1.757999|37.157108
1882|184|64|26|THR|ASP|1321|484|189|-CA-|-O--|204|0001|555|0|3.592681|1.412000|-3.238998|-0.650000|0.192073
1882|185|26|144|ASP|HOH|2143|192|746|-OD1|-O--|1028|0011|555|0|2.805065|0.865000|-2.369003|-1.228001|41.630585
1882|186|26|121|ASP|HOH|2143|193|723|-OD2|-O--|1028|0011|555|0|2.701779|0.529000|-2.272003|1.363001|80.053459
1882|187|27|110|THR|HOH|1343|199|712|-OG1|-O--|1728|0011|555|0|2.776614|0.171000|-1.363003|-2.413000|31.095917
1882|188|28|27|VAL|THR|513|201|196|-N--|-C--|103|0001|555|0|1.323248|-0.397000|-0.903999|-0.881001|4.496180
1882|189|63|27|ALA|THR|313|481|195|-O--|-CA-|402|0001|555|0|3.491672|-0.657000|-3.077000|-1.514000|0.503134
1882|190|27|64|THR|THR|1313|199|488|-OG1|-OG1|1717|0001|555|0|2.761032|0.280000|2.703999|-0.483000|0.787027
1882|191|27|62|THR|GLU|1325|200|473|-CG2|-CB-|605|0001|555|0|3.755230|-1.229000|2.032001|2.909000|7.402453
1882|192|28|29|VAL|GLN|527|203|208|-C--|-N--|301|0001|555|0|1.316296|-0.436000|-0.913002|0.842001|0.010007
1882|193|63|28|ALA|VAL|305|481|201|-O--|-N--|401|0001|555|0|2.845959|0.189000|-2.750000|0.708000|3.222066
1882|194|28|62|VAL|GLU|525|204|470|-O--|-CA-|402|0001|555|0|3.081711|-2.179000|2.116001|0.521002|6.364920
1882|195|28|30|VAL|TRP|539|206|228|-CG1|-CZ2|612|0001|555|0|3.853752|1.240000|3.132000|1.872000|0.263743
1882|196|28|65|VAL|PHE|535|207|498|-CG2|-CE1|612|0001|555|0|3.766270|0.764000|3.617001|-0.719999|0.588610
1882|197|29|30|GLN|TRP|2739|210|217|-C--|-N--|301|0001|555|0|1.340367|-0.064000|1.086002|0.782999|2.852013
1882|198|29|61|GLN|PHE|2735|209|461|-CA-|-O--|204|0001|555|0|3.443384|-1.294000|2.959999|1.191999|1.323619
1882|199|31|29|VAL|GLN|527|231|211|-N--|-O--|104|0001|555|0|3.891433|1.057000|-0.876999|-3.641000|5.210899
1882|200|60|29|THR|GLN|1327|455|213|-CB-|-CG-|506|0001|555|0|3.945397|2.391000|-1.569000|-2.717999|5.124274
1882|201|62|29|GLU|GLN|2527|477|215|-OE2|-OE1|1008|0001|555|0|3.648607|-0.082000|-1.959000|3.077000|12.549507
1882|202|29|145|GLN|HOH|2743|216|747|-NE2|-O--|928|0011|555|0|3.280038|0.389000|-3.254997|-0.111000|109.439011
1882|203|61|30|PHE|TRP|3539|461|217|-O--|-N--|401|0001|555|0|2.898618|1.852000|-1.990997|1.004000|3.538172
1882|204|31|30|VAL|TRP|539|231|219|-N--|-C--|103|0001|555|0|1.301673|-0.176000|0.869003|-0.953000|0.212873
1882|205|60|30|THR|TRP|1339|452|220|-CA-|-O--|204|0001|555|0|3.170269|3.043000|-0.841999|-0.285999|0.420219
1882|206|59|30|GLU|TRP|2539|445|220|-O--|-O--|404|0001|555|0|3.809468|2.439000|-0.472000|-2.888000|0.718941
1882|207|40|30|VAL|TRP|539|306|228|-CG1|-CZ2|612|0001|555|0|3.886945|-0.016000|-3.273998|-2.094999|1.261237
1882|208|73|30|TYR|TRP|3739|562|225|-CE2|-NE1|1215|0001|555|0|3.348480|-3.042000|-1.043999|-0.931999|2.111166
1882|209|30|93|TRP|HOH|3943|229|695|-CZ3|-O--|1228|0011|555|0|3.317592|-0.857000|3.159000|0.541000|6.871907
1882|210|87|30|ILE|TRP|939|668|228|-CD1|-CZ2|612|0001|555|0|3.761337|-2.771000|1.163002|2.261999|2.145437
1882|211|63|30|ALA|TRP|339|482|229|-CB-|-CZ3|512|0001|555|0|3.875244|0.888000|-1.641998|3.396000|1.993329
1882|212|31|32|VAL|ASN|523|233|238|-C--|-N--|301|0001|555|0|1.310159|-0.809000|0.745998|0.711000|1.158864
1882|213|31|59|VAL|GLU|525|232|445|-CA-|-O--|204|0001|555|0|3.604999|-2.623000|2.338001|0.806000|0.202360
1882|214|31|33|VAL|ASN|523|234|246|-O--|-N--|401|0001|555|0|3.145206|-0.570000|-0.139000|3.090000|3.596721
1882|215|31|60|VAL|THR|513|237|457|-CG2|-CG2|606|0001|555|0|3.744275|-3.128000|2.036999|-0.292999|1.448371
1882|216|31|174|VAL|HOH|543|237|776|-CG2|-O--|628|0011|555|0|3.928789|-0.636000|-3.795002|-0.792999|108.003052
1882|217|32|59|ASN|GLU|2325|238|445|-N--|-O--|104|0001|555|0|2.927701|-2.211000|1.359001|-1.355000|2.723393
1882|218|32|33|ASN|ASN|2323|240|246|-C--|-N--|301|0001|555|0|1.331413|1.115000|-0.392002|0.613000|0.965214
1882|219|58|32|GLY|ASN|123|438|241|-N--|-O--|104|0001|555|0|2.821951|2.808000|-0.279999|0.012000|2.697141
1882|220|32|128|ASN|HOH|2343|241|730|-O--|-O--|428|0011|555|0|2.990495|-0.914000|-2.844002|-0.139001|38.968479
1882|221|57|32|PRO|ASN|1923|432|241|-CA-|-O--|204|0001|555|0|3.721016|2.742000|-1.014000|-2.302000|1.373090
1882|222|56|32|SER|ASN|1123|428|245|-O--|-ND2|409|0001|555|0|2.896642|2.633000|1.193001|0.186000|3.964932
1882|223|54|32|ALA|ASN|323|412|245|-O--|-ND2|409|0001|555|0|3.081341|-0.771000|-2.931999|-0.551001|2.424717
1882|224|36|32|ALA|ASN|323|275|245|-CB-|-ND2|509|0001|555|0|3.543957|-1.624000|-0.468002|-3.115000|2.875782
1882|225|32|38|ASN|HIS|2333|244|290|-OD1|-CD2|812|0001|555|0|3.121271|2.882000|0.379002|1.137000|12.390137
1882|226|32|55|ASN|PHE|2335|245|416|-ND2|-C--|903|0001|555|0|3.483514|-2.179000|1.615002|2.186000|0.712770
1882|227|33|34|ASN|LYS|2329|248|254|-C--|-N--|301|0001|555|0|1.307740|1.074000|0.501999|0.552000|1.166493
1882|228|33|128|ASN|HOH|2343|252|730|-OD1|-O--|828|0011|555|0|3.781468|-3.259000|1.092999|-1.576000|15.278004
1882|229|33|150|ASN|HOH|2343|249|752|-O--|-O--|428|0011|555|0|2.706710|-1.710000|-2.098000|-0.024000|40.654724
1882|230|33|127|ASN|HOH|2343|252|729|-OD1|-O--|828|0011|555|0|3.477568|-1.704000|-0.723000|-2.943999|38.257294
1882|231|35|34|LEU|LYS|729|263|256|-N--|-C--|103|0001|555|0|1.321203|0.193000|-0.510998|-1.203000|2.488466
1882|232|34|111|LYS|HOH|2943|255|713|-CA-|-O--|228|0011|555|0|3.929561|-1.250000|0.611000|3.675000|33.819870
1882|233|34|38|LYS|HIS|2933|257|292|-O--|-NE2|413|0001|555|0|2.690671|0.558000|2.261997|-1.346000|2.965761
1882|234|36|34|ALA|LYS|329|271|256|-N--|-C--|103|0001|555|0|3.328768|1.002000|-3.131001|-0.523000|0.754822
1882|235|35|111|LEU|HOH|743|263|713|-N--|-O--|128|0011|555|0|3.100485|-1.811000|-1.222000|2.200000|43.984673
1882|236|36|35|ALA|LEU|307|271|265|-N--|-C--|103|0001|555|0|1.314073|1.209000|-0.155003|0.491000|0.873034
1882|237|35|173|LEU|HOH|743|264|775|-CA-|-O--|228|0011|555|0|3.358227|-2.452000|1.066002|2.032000|135.602859
1882|238|35|38|LEU|HIS|733|266|291|-O--|-CE1|412|0001|555|0|3.204269|1.331000|-0.393997|-2.888000|7.299684
1882|239|35|103|LEU|HOH|743|266|705|-O--|-O--|428|0011|555|0|3.142182|0.670000|1.600002|2.620000|97.880783
1882|240|35|37|LEU|PRO|719|266|276|-O--|-N--|401|0001|555|0|3.854419|-2.537000|2.858002|-0.502000|0.480419
1882|241|35|78|LEU|HIS|733|266|607|-O--|-CE1|412|0001|555|0|3.428070|2.437000|2.318001|-0.663000|0.140932
1882|242|36|38|ALA|HIS|333|271|292|-N--|-NE2|113|0001|555|0|3.580212|2.295000|-0.369003|-2.723000|9.311510
1882|243|36|173|ALA|HOH|343|274|775|-O--|-O--|428|0011|555|0|3.022841|-0.486000|-2.493000|1.639000|113.586678
1882|244|36|37|ALA|PRO|319|273|276|-C--|-N--|301|0001|555|0|1.324068|0.016000|1.240002|-0.464000|3.061411
1882|245|36|103|ALA|HOH|343|274|705|-O--|-O--|428|0011|555|0|3.510605|3.191000|0.250000|1.442000|79.540009
1882|246|36|54|ALA|ALA|303|275|412|-CB-|-O--|504|0001|555|0|3.656909|-0.853000|2.463997|-2.564000|5.911818
1882|247|36|55|ALA|PHE|335|275|417|-CB-|-O--|504|0001|555|0|3.431229|-3.395000|0.495998|0.036000|2.251931
1882|248|37|38|PRO|HIS|1933|278|283|-C--|-N--|301|0001|555|0|1.333580|-0.188000|-0.105999|-1.316000|2.799301
1882|249|54|37|ALA|PRO|319|412|277|-O--|-CA-|402|0001|555|0|3.189494|2.124000|0.537003|2.318000|2.400247
1882|250|37|91|PRO|_CU|1946|279|693|-O--|CU--|440|0011|555|0|3.840075|3.094000|-1.348003|-1.832000|9.240003
1882|251|37|78|PRO|HIS|1933|279|607|-O--|-CE1|412|0001|555|0|3.210112|2.647000|-1.003002|1.514000|2.016150
1882|252|37|77|PRO|PRO|1919|279|597|-O--|-CG-|406|0001|555|0|3.860759|1.971000|3.162998|-1.008000|5.218643
1882|253|37|55|PRO|PHE|1935|281|422|-CG-|-CE1|612|0001|555|0|3.801121|-3.573000|1.284996|0.176000|0.911014
1882|254|37|165|PRO|HOH|1943|282|767|-CD-|-O--|628|0011|555|0|3.618215|-2.179000|1.079998|2.679000|77.862732
1882|255|54|38|ALA|HIS|333|409|286|-N--|-O--|104|0001|555|0|2.842272|2.759000|-0.614998|-0.297000|1.527639
1882|256|39|38|ASN|HIS|2333|293|285|-N--|-C--|103|0001|555|0|1.325807|-1.014000|-0.415997|0.746000|0.295370
1882|257|38|91|HIS|_CU|3346|289|693|-ND1|CU--|1340|0011|555|0|2.087332|1.580000|1.323997|-0.328001|14.322003
1882|258|75|38|CYS|HIS|1533|582|284|-SG-|-CA-|1102|0001|555|0|3.778671|-3.710000|-0.707001|0.120000|0.050155
1882|259|53|38|LEU|HIS|733|402|286|-CA-|-O--|204|0001|555|0|3.624384|2.097000|-2.937996|-0.327000|4.524445
1882|260|83|38|MET|HIS|1733|640|289|-CE-|-ND1|613|0001|555|0|3.502375|-2.331000|1.595001|2.071001|2.066309
1882|261|38|78|HIS|HIS|3333|289|605|-ND1|-ND1|1313|0001|555|0|3.252186|1.970000|1.653999|1.990000|6.923150
1882|262|40|39|VAL|ASN|523|301|295|-N--|-C--|103|0001|555|0|1.347137|0.079000|-0.478004|1.257000|0.529630
1882|263|75|39|CYS|ASN|1523|578|296|-CA-|-O--|204|0001|555|0|3.310529|-2.846000|-0.714001|-1.533000|0.648495
1882|264|39|74|ASN|TYR|2337|296|568|-O--|-O--|404|0001|555|0|3.698226|3.255001|1.270000|-1.212000|0.151595
1882|265|52|39|ASP|ASN|2123|396|297|-O--|-CB-|405|0001|555|0|3.661976|3.545000|-0.592995|0.700999|10.385418
1882|266|39|50|ASN|HIS|2333|297|377|-CB-|-O--|504|0001|555|0|3.416708|-0.960000|0.650002|-3.214000|4.366156
1882|267|39|51|ASN|LYS|2329|300|387|-ND2|-O--|904|0001|555|0|2.791268|-2.434000|1.127998|-0.771000|2.829641
1882|268|39|76|ASN|GLU|2325|299|583|-OD1|-N--|801|0001|555|0|2.802937|2.473001|-0.059998|1.318000|0.632470
1882|269|77|39|PRO|ASN|1923|598|299|-CD-|-OD1|608|0001|555|0|3.616675|-0.579000|-0.147003|-3.566999|7.160869
1882|270|39|117|ASN|HOH|2343|300|719|-ND2|-O--|928|0011|555|0|3.905256|-2.229000|3.057999|0.965000|25.665075
1882|271|40|50|VAL|HIS|533|304|374|-O--|-N--|401|0001|555|0|2.754192|-2.174000|0.765007|-1.507999|0.378953
1882|272|40|41|VAL|VAL|505|303|308|-C--|-N--|301|0001|555|0|1.310721|1.252000|0.372002|0.109999|0.080454
1882|273|40|74|VAL|TYR|537|302|568|-CA-|-O--|204|0001|555|0|3.518697|3.204000|0.398003|1.399000|1.955917
1882|274|40|49|VAL|SER|511|304|369|-O--|-CA-|402|0001|555|0|3.641795|-0.694000|1.048004|-3.417999|0.700705
1882|275|40|61|VAL|PHE|535|307|468|-CG2|-CZ-|612|0001|555|0|3.604722|-3.603000|0.052998|0.098001|4.011136
1882|276|40|93|VAL|HOH|543|306|695|-CG1|-O--|628|0011|555|0|3.934651|-3.036000|0.544003|-2.442999|8.151407
1882|277|40|73|VAL|TYR|537|306|560|-CG1|-CD2|612|0001|555|0|3.855141|3.117001|-2.162998|0.684000|1.740436
1882|278|41|42|VAL|VAL|505|310|315|-C--|-N--|301|0001|555|0|1.315358|-0.221000|0.083000|-1.294001|0.537478
1882|279|41|74|VAL|TYR|537|308|568|-N--|-O--|104|0001|555|0|2.889872|1.563000|-1.211998|2.107000|0.172051
1882|280|41|49|VAL|SER|511|309|373|-CA-|-OG-|217|0001|555|0|3.704657|-1.093999|1.243004|-3.313999|1.239967
1882|281|41|73|VAL|TYR|537|311|554|-O--|-CA-|402|0001|555|0|3.126709|1.703000|-2.603001|-0.317001|3.009622
1882|282|41|43|VAL|GLU|525|311|322|-O--|-N--|401|0001|555|0|3.603209|1.960000|1.121002|-2.808001|0.832456
1882|283|41|76|VAL|GLU|525|313|588|-CG1|-CG-|606|0001|555|0|3.829610|-0.814000|1.713005|3.327000|6.319422
1882|284|42|49|VAL|SER|511|315|373|-N--|-OG-|117|0001|555|0|2.865312|-1.923000|1.807999|-1.115000|0.141236
1882|285|42|43|VAL|GLU|525|317|322|-C--|-N--|301|0001|555|0|1.312635|1.259000|-0.126999|0.349001|2.145579
1882|286|42|73|VAL|TYR|537|316|557|-CA-|-CB-|205|0001|555|0|3.792650|0.700000|-3.236000|1.850000|3.746724
1882|287|42|72|VAL|THR|513|316|549|-CA-|-O--|204|0001|555|0|3.751472|3.341001|-1.675003|0.325001|0.474004
1882|288|44|42|GLY|VAL|105|331|318|-N--|-O--|104|0001|555|0|3.234503|-2.555000|-1.753998|0.926001|0.161605
1882|289|42|45|VAL|GLN|527|318|335|-O--|-N--|401|0001|555|0|2.982234|0.231000|1.533997|-2.547001|0.060226
1882|290|42|48|VAL|LEU|507|321|363|-CG2|-O--|604|0001|555|0|3.583327|-3.395999|0.668007|-0.928001|6.316257
1882|291|44|43|GLY|GLU|125|331|324|-N--|-C--|103|0001|555|0|1.351220|0.123000|-1.336998|0.152000|0.070304
1882|292|43|112|GLU|HOH|2543|325|714|-O--|-O--|428|0011|555|0|2.760321|1.054000|-2.548004|-0.127001|7.047834
1882|293|72|43|THR|GLU|1325|549|322|-O--|-N--|401|0001|555|0|2.941552|-1.117001|2.699005|-0.347000|0.421435
1882|294|43|45|GLU|GLN|2527|324|335|-C--|-N--|301|0001|555|0|3.221649|-2.447001|1.116997|-1.773001|0.171804
1882|295|43|113|GLU|HOH|2543|329|715|-OE1|-O--|1028|0011|555|0|3.221903|0.237000|-0.699997|-3.136000|14.671376
1882|296|43|74|GLU|TYR|2537|327|574|-CG-|-CE2|612|0001|555|0|3.886781|-1.662000|0.715004|3.440000|2.406986
1882|297|43|166|GLU|HOH|2543|330|768|-OE2|-O--|1028|0011|555|0|2.734135|2.672001|-0.455002|0.358999|37.942608
1882|298|44|45|GLY|GLN|127|333|335|-C--|-N--|301|0001|555|0|1.359668|-1.024000|-0.749001|0.488998|3.329931
1882|299|44|46|GLY|PRO|119|334|350|-O--|-CD-|406|0001|555|0|3.416805|-3.070001|1.095001|1.025000|0.737989
1882|300|46|45|PRO|GLN|1927|344|337|-N--|-C--|103|0001|555|0|1.318120|0.421000|-1.249001|-0.014000|0.795414
1882|301|47|45|GLU|GLN|2527|359|343|-OE2|-NE2|1009|0001|555|0|2.300334|2.271000|-0.347000|-0.117001|8.700089
1882|302|48|45|LEU|GLN|727|360|338|-N--|-O--|104|0001|555|0|3.049003|2.492000|1.128998|1.346001|1.368830
1882|303|49|45|SER|GLN|1127|373|338|-OG-|-O--|1704|0001|555|0|2.848070|0.464000|0.422997|-2.778000|0.483936
1882|304|45|71|GLN|TYR|2737|342|542|-OE1|-CE1|812|0001|555|0|3.990579|0.112000|-3.989006|0.003000|6.776588
1882|305|45|161|GLN|HOH|2743|343|763|-NE2|-O--|928|0011|555|0|3.502954|-1.285000|-2.142998|-2.455000|133.500824
1882|306|46|47|PRO|GLU|1925|346|351|-C--|-N--|301|0001|555|0|1.328614|-0.029000|-0.263000|-1.302000|2.340000
1882|307|46|151|PRO|HOH|1943|347|753|-O--|-O--|428|0011|555|0|2.694478|-1.256000|1.152000|2.087000|60.375420
1882|308|48|46|LEU|PRO|719|360|346|-N--|-C--|103|0001|555|0|3.209643|0.333000|3.029999|1.005001|1.004238
1882|309|49|46|SER|PRO|1119|368|347|-N--|-O--|104|0001|555|0|3.223522|-0.408000|3.082001|-0.851999|1.998715
1882|310|46|132|PRO|HOH|1943|347|734|-O--|-O--|428|0011|555|0|2.998047|-2.979000|-0.231995|0.244999|88.788399
1882|311|48|47|LEU|GLU|725|360|353|-N--|-C--|103|0001|555|0|1.327543|-1.032000|0.654999|-0.518000|4.735849
1882|312|47|132|GLU|HOH|2543|354|734|-O--|-O--|428|0011|555|0|3.875447|-1.432000|2.375000|2.706999|64.142769
1882|313|49|47|SER|GLU|1125|368|353|-N--|-C--|103|0001|555|0|3.386782|-0.855000|1.027000|-3.112000|5.083045
1882|314|47|131|GLU|HOH|2543|354|733|-O--|-O--|428|0011|555|0|2.903512|-1.814000|-2.250000|0.278000|57.540131
1882|315|47|105|GLU|HOH|2543|358|707|-OE1|-O--|1028|0011|555|0|2.556011|-0.598000|1.931999|-1.563000|7.808671
1882|316|47|161|GLU|HOH|2543|359|763|-OE2|-O--|1028|0011|555|0|3.713149|0.986000|-2.489998|-2.572001|91.348061
1882|317|48|49|LEU|SER|711|362|368|-C--|-N--|301|0001|555|0|1.324184|0.043000|1.129997|0.688999|1.260208
1882|318|48|131|LEU|HOH|743|361|733|-CA-|-O--|228|0011|555|0|3.966350|-3.809000|-0.738998|-0.823000|85.825233
1882|319|48|93|LEU|HOH|743|363|695|-O--|-O--|428|0011|555|0|2.746240|-1.366000|-1.350002|1.963001|3.446207
1882|320|63|48|ALA|LEU|307|482|363|-CB-|-O--|504|0001|555|0|3.750733|1.397000|2.867004|1.973999|0.502200
1882|321|48|65|LEU|PHE|735|366|499|-CD1|-CE2|612|0001|555|0|3.600365|1.194000|-3.161003|1.243000|0.565887
1882|322|48|161|LEU|HOH|743|366|763|-CD1|-O--|628|0011|555|0|3.982108|0.967000|1.332001|-3.625999|219.182404
1882|323|48|64|LEU|THR|713|367|486|-CD2|-O--|604|0001|555|0|3.391047|-0.797000|-2.569000|-2.065001|5.910619
1882|324|49|50|SER|HIS|1133|370|374|-C--|-N--|301|0001|555|0|1.340259|-0.100000|-0.370995|1.284000|2.872745
1882|325|49|93|SER|HOH|1143|370|695|-C--|-O--|328|0011|555|0|3.689683|-0.069000|-3.678997|-0.271999|6.424758
1882|326|49|114|SER|HOH|1143|371|716|-O--|-O--|428|0011|555|0|3.334897|-0.740000|2.753998|1.728998|19.269016
1882|327|49|51|SER|LYS|1129|370|384|-C--|-N--|301|0001|555|0|3.959488|-1.021000|1.602005|3.474001|1.942707
1882|328|49|171|SER|HOH|1143|371|773|-O--|-O--|428|0011|555|0|3.812930|-3.527000|-1.446999|-0.070002|235.772339
1882|329|49|116|SER|HOH|1143|371|718|-O--|-O--|428|0011|555|0|3.801875|-1.714000|-3.381004|-0.292002|43.184151
1882|330|49|151|SER|HOH|1143|371|753|-O--|-O--|428|0011|555|0|3.838214|0.696000|3.769997|-0.186001|62.049587
1882|331|49|132|SER|HOH|1143|371|734|-O--|-O--|428|0011|555|0|3.295531|-1.027000|2.386002|-2.028002|91.025734
1882|332|50|93|HIS|HOH|3343|378|695|-CB-|-O--|528|0011|555|0|3.641565|1.858000|-1.931995|-2.465000|6.838324
1882|333|50|114|HIS|HOH|3343|375|716|-CA-|-O--|228|0011|555|0|3.591357|-0.338000|3.450996|-0.935001|20.966934
1882|334|51|50|LYS|HIS|2933|384|376|-N--|-C--|103|0001|555|0|1.320369|-0.031000|-1.317001|-0.089001|2.511272
1882|335|50|115|HIS|HOH|3343|376|717|-C--|-O--|328|0011|555|0|3.549861|-3.156000|1.453995|-0.726000|23.833536
1882|336|52|50|ASP|HIS|2133|396|380|-O--|-ND1|413|0001|555|0|2.963730|-0.227000|-1.113998|-2.737000|0.733579
1882|337|50|171|HIS|HOH|3343|381|773|-CD2|-O--|1228|0011|555|0|3.028912|0.007000|0.938004|-2.880001|209.939941
1882|338|50|61|HIS|PHE|3335|381|463|-CD2|-CG-|1212|0001|555|0|3.393676|0.546000|-3.341000|0.237999|1.479238
1882|339|50|116|HIS|HOH|3343|378|718|-CB-|-O--|528|0011|555|0|3.469427|-0.758000|-1.265999|-3.140001|47.713531
1882|340|50|152|HIS|HOH|3343|382|754|-CE1|-O--|1228|0011|555|0|2.929499|-1.916000|-0.290001|2.197000|17.539988
1882|341|51|115|LYS|HOH|2943|384|717|-N--|-O--|128|0011|555|0|3.292410|-3.187000|0.136993|-0.815001|17.670679
1882|342|52|51|ASP|LYS|2129|393|386|-N--|-C--|103|0001|555|0|1.331621|1.273000|0.189003|0.342000|1.023575
1882|343|51|114|LYS|HOH|2943|384|716|-N--|-O--|128|0011|555|0|2.923439|-0.690000|1.519997|-2.400002|16.658361
1882|344|53|51|LEU|LYS|729|401|387|-N--|-O--|104|0001|555|0|3.384085|2.511000|1.541000|-1.665000|1.282300
1882|345|51|117|LYS|HOH|2943|387|719|-O--|-O--|428|0011|555|0|2.603963|0.205000|1.930000|1.736000|18.773756
1882|346|76|51|GLU|LYS|2529|591|392|-OE2|-NZ-|1014|0001|555|0|2.842621|-1.559000|1.731003|-1.629001|13.865041
1882|347|52|115|ASP|HOH|2143|393|717|-N--|-O--|128|0011|555|0|3.135765|-1.283000|-0.204002|-2.854000|12.948661
1882|348|53|52|LEU|ASP|721|401|395|-N--|-C--|103|0001|555|0|1.349420|0.142000|-0.125999|-1.335999|2.734006
1882|349|52|118|ASP|HOH|2143|394|720|-CA-|-O--|228|0011|555|0|3.546285|-0.871000|1.397003|3.141000|15.875715
1882|350|52|152|ASP|HOH|2143|396|754|-O--|-O--|428|0011|555|0|3.786321|-3.465000|-1.490997|-0.327001|19.311769
1882|351|54|52|ALA|ASP|321|409|396|-N--|-O--|104|0001|555|0|3.659854|0.897000|2.314995|-2.689000|3.584740
1882|352|53|135|LEU|HOH|743|404|737|-O--|-O--|428|0011|555|0|2.742731|-1.617000|2.194000|0.306999|23.804443
1882|353|54|53|ALA|LEU|307|409|403|-N--|-C--|103|0001|555|0|1.330264|-0.421000|1.256996|-0.111000|2.489166
1882|354|53|118|LEU|HOH|743|401|720|-N--|-O--|128|0011|555|0|2.878379|-1.009000|2.519005|0.960000|25.199726
1882|355|53|55|LEU|PHE|735|405|423|-CB-|-CE2|512|0001|555|0|3.579703|-2.854000|-0.171005|2.154000|6.279182
1882|356|53|152|LEU|HOH|743|404|754|-O--|-O--|428|0011|555|0|3.019688|-0.948000|-0.701004|-2.780001|19.237556
1882|357|53|136|LEU|HOH|743|404|738|-O--|-O--|428|0011|555|0|3.530384|-2.999000|-1.548004|1.035999|44.209881
1882|358|53|77|LEU|PRO|719|408|597|-CD2|-CG-|606|0001|555|0|3.740194|3.252000|-1.216003|1.391000|0.171239
1882|359|54|55|ALA|PHE|335|411|414|-C--|-N--|301|0001|555|0|1.334703|-1.172000|0.068001|0.635000|0.130873
1882|360|54|59|ALA|GLU|325|410|449|-CA-|-OE1|210|0001|555|0|3.600766|-3.295000|-1.402000|-0.378000|17.437365
1882|361|54|136|ALA|HOH|343|410|738|-CA-|-O--|228|0011|555|0|3.921217|-3.677000|1.104000|0.797999|56.039101
1882|362|54|152|ALA|HOH|343|410|754|-CA-|-O--|228|0011|555|0|3.944440|-1.626000|1.951000|-3.018001|26.388311
1882|363|54|56|ALA|SER|311|411|425|-C--|-N--|301|0001|555|0|3.898210|-2.877000|-2.217999|1.414000|1.353225
1882|364|59|55|GLU|PHE|2535|449|414|-OE1|-N--|1001|0001|555|0|3.322936|2.044000|0.949001|2.442000|15.861262
1882|365|56|55|SER|PHE|1135|425|416|-N--|-C--|103|0001|555|0|1.319893|0.929000|0.479000|0.806000|0.263274
1882|366|55|136|PHE|HOH|3543|414|738|-N--|-O--|128|0011|555|0|3.148409|-2.426000|1.556999|-1.266001|52.730164
1882|367|55|164|PHE|HOH|3543|418|766|-CB-|-O--|528|0011|555|0|3.935738|-2.948000|-2.069000|1.587000|83.603477
1882|368|55|165|PHE|HOH|3543|422|767|-CE1|-O--|1228|0011|555|0|3.965418|1.347000|-1.357002|3.474000|71.926285
1882|369|55|135|PHE|HOH|3543|423|737|-CE2|-O--|1228|0011|555|0|3.945737|-1.113000|1.155006|-3.605000|12.196317
1882|370|55|169|PHE|HOH|3543|423|771|-CE2|-O--|1228|0011|555|0|3.461650|0.294000|3.350006|-0.821000|23.565134
1882|371|56|57|SER|PRO|1119|427|431|-C--|-N--|301|0001|555|0|1.328909|0.002000|-1.153999|0.659000|2.966102
1882|372|56|59|SER|GLU|1125|428|442|-O--|-N--|401|0001|555|0|3.151057|-0.553000|-1.191998|-2.863999|0.935627
1882|373|56|164|SER|HOH|1143|430|766|-OG-|-O--|1728|0011|555|0|2.634071|0.305000|0.992001|2.421000|51.651852
1882|374|58|56|GLY|SER|111|438|428|-N--|-O--|104|0001|555|0|3.401408|-0.020000|3.224998|1.080999|1.911168
1882|375|58|57|GLY|PRO|119|438|433|-N--|-C--|103|0001|555|0|1.315570|-0.716000|0.375000|1.038000|0.718818
1882|376|57|59|PRO|GLU|1925|433|442|-C--|-N--|301|0001|555|0|3.275280|0.143000|1.658001|-2.821000|0.151309
1882|377|57|130|PRO|HOH|1943|436|732|-CG-|-O--|628|0011|555|0|3.946110|2.059000|-0.670002|3.299000|108.271683
1882|378|58|59|GLY|GLU|125|440|442|-C--|-N--|301|0001|555|0|1.329032|0.164000|1.239002|0.452001|0.222787
1882|379|58|128|GLY|HOH|143|438|730|-N--|-O--|128|0011|555|0|3.655509|1.894000|-3.124001|-0.127001|49.986824
1882|380|58|60|GLY|THR|113|441|457|-O--|-CG2|406|0001|555|0|3.258658|1.494000|0.000000|-2.896000|1.720719
1882|381|60|59|THR|GLU|1325|451|444|-N--|-C--|103|0001|555|0|1.328526|0.430000|-0.200001|1.241000|3.451876
1882|382|59|153|GLU|HOH|2543|447|755|-CG-|-O--|628|0011|555|0|3.416645|-0.183000|1.653999|-2.984000|43.146412
1882|383|59|136|GLU|HOH|2543|449|738|-OE1|-O--|1028|0011|555|0|2.794448|-0.382000|2.506001|1.176000|19.430355
1882|384|59|152|GLU|HOH|2543|450|754|-OE2|-O--|1028|0011|555|0|2.732118|1.414000|2.174999|-0.857000|2.047433
1882|385|60|61|THR|PHE|1335|453|458|-C--|-N--|301|0001|555|0|1.334861|1.109000|0.171001|-0.723001|2.824239
1882|386|60|153|THR|HOH|1343|454|755|-O--|-O--|428|0011|555|0|2.839962|-0.871000|2.342999|1.348000|54.071922
1882|387|62|61|GLU|PHE|2535|469|460|-N--|-C--|103|0001|555|0|1.315642|0.014000|-0.548000|1.195999|0.931735
1882|388|61|137|PHE|HOH|3543|459|739|-CA-|-O--|228|0011|555|0|3.441866|-1.200000|1.899998|-2.607000|22.081463
1882|389|61|116|PHE|HOH|3543|464|718|-CD1|-O--|1228|0011|555|0|3.707049|-0.012000|2.404999|-2.821001|45.666485
1882|390|61|93|PHE|HOH|3543|464|695|-CD1|-O--|1228|0011|555|0|3.796085|2.604000|1.739002|-2.146000|6.133980
1882|391|62|137|GLU|HOH|2543|469|739|-N--|-O--|128|0011|555|0|2.922393|-2.210000|1.874001|-0.380001|20.544590
1882|392|63|62|ALA|GLU|325|478|471|-N--|-C--|103|0001|555|0|1.317191|-0.971000|0.490002|0.743000|1.321397
1882|393|62|125|GLU|HOH|2543|471|727|-C--|-O--|328|0011|555|0|3.950490|-1.359000|0.052998|-3.709000|62.370255
1882|394|62|116|GLU|HOH|2543|472|718|-O--|-O--|428|0011|555|0|3.070931|0.733000|2.035999|2.178999|41.174767
1882|395|62|131|GLU|HOH|2543|472|733|-O--|-O--|428|0011|555|0|3.888619|1.038000|3.178005|-1.986000|79.224075
1882|396|63|125|ALA|HOH|343|480|727|-C--|-O--|328|0011|555|0|3.632366|-3.493000|0.524998|-0.847000|74.759850
1882|397|63|64|ALA|THR|313|480|483|-C--|-N--|301|0001|555|0|1.308148|-0.073000|0.510998|-1.202000|1.002686
1882|398|63|94|ALA|HOH|343|479|696|-CA-|-O--|228|0011|555|0|3.427182|-0.919000|2.182999|-2.477001|13.167898
1882|399|63|65|ALA|PHE|335|481|496|-O--|-CD1|412|0001|555|0|3.771869|3.728000|0.343998|-0.459000|0.673316
1882|400|64|125|THR|HOH|1343|488|727|-OG1|-O--|1728|0011|555|0|2.941767|-1.588000|1.257999|2.132999|52.494949
1882|401|64|94|THR|HOH|1343|483|696|-N--|-O--|128|0011|555|0|2.872119|-1.304000|2.556999|-0.102001|16.142315
1882|402|64|65|THR|PHE|1335|485|490|-C--|-N--|301|0001|555|0|1.331046|1.014000|-0.853001|-0.126001|1.357220
1882|403|66|64|SER|THR|1113|501|486|-N--|-O--|104|0001|555|0|3.669156|-2.441000|0.790001|2.622999|5.113752
1882|404|64|138|THR|HOH|1343|486|740|-O--|-O--|428|0011|555|0|2.895586|1.329000|1.754997|-1.881001|63.697033
1882|405|64|126|THR|HOH|1343|488|728|-OG1|-O--|1728|0011|555|0|3.183295|-2.133000|1.092999|-2.095001|86.930458
1882|406|66|65|SER|PHE|1135|501|492|-N--|-C--|103|0001|555|0|1.332516|0.036000|-1.070999|0.792000|1.630513
1882|407|65|95|PHE|HOH|3543|491|697|-CA-|-O--|228|0011|555|0|3.387116|2.107000|2.507999|-0.862000|20.399731
1882|408|65|138|PHE|HOH|3543|492|740|-C--|-O--|328|0011|555|0|3.794185|-1.148000|3.615997|-0.050001|49.358803
1882|409|67|65|GLU|PHE|2535|507|492|-N--|-C--|103|0001|555|0|3.479392|-2.416000|-1.553001|1.964001|4.959831
1882|410|89|65|VAL|PHE|535|681|494|-CG1|-CB-|605|0001|555|0|3.886524|-3.649000|1.336998|-0.048000|2.494715
1882|411|65|71|PHE|TYR|3537|497|541|-CD2|-CD2|1212|0001|555|0|3.834367|3.821000|0.313000|-0.066000|1.212522
1882|412|87|65|ILE|PHE|935|668|500|-CD1|-CZ-|612|0001|555|0|3.542470|-1.379000|2.368000|-2.245001|2.995955
1882|413|66|95|SER|HOH|1143|501|697|-N--|-O--|128|0011|555|0|2.955123|1.950000|1.707001|1.420000|14.618670
1882|414|66|138|SER|HOH|1143|506|740|-OG-|-O--|1728|0011|555|0|2.662393|-0.895000|0.425999|2.470999|26.918587
1882|415|66|67|SER|GLU|1125|503|507|-C--|-N--|301|0001|555|0|1.321854|0.908000|0.569000|0.773998|0.324452
1882|416|66|158|SER|HOH|1143|504|760|-O--|-O--|428|0011|555|0|2.689418|-1.814001|-1.074001|-1.669998|94.302025
1882|417|66|68|SER|PRO|1119|504|522|-O--|-CD-|406|0001|555|0|3.844751|3.806999|-0.528999|-0.094997|7.399203
1882|418|67|95|GLU|HOH|2543|507|697|-N--|-O--|128|0011|555|0|2.910514|-0.502000|1.224998|2.592001|9.600615
1882|419|68|67|PRO|GLU|1925|516|509|-N--|-C--|103|0001|555|0|1.321932|-0.799001|0.728001|0.760998|0.211738
1882|420|67|71|GLU|TYR|2537|510|545|-O--|-OH-|418|0001|555|0|2.581480|0.239000|1.993999|1.622000|3.940408
1882|421|89|67|VAL|GLU|525|682|510|-CG2|-O--|604|0001|555|0|3.461895|0.650000|3.378002|-0.389000|2.444361
1882|422|69|67|GLY|GLU|125|523|510|-N--|-O--|104|0001|555|0|3.608762|-3.265000|1.459000|-0.483999|1.299335
1882|423|67|161|GLU|HOH|2543|512|763|-CG-|-O--|628|0011|555|0|3.778041|-1.359000|1.334000|3.262999|88.771965
1882|424|89|68|VAL|PRO|519|679|517|-O--|-CA-|402|0001|555|0|3.325315|-0.863000|2.743000|-1.670000|6.835288
1882|425|69|68|GLY|PRO|119|523|518|-N--|-C--|103|0001|555|0|1.335779|-0.570001|0.627998|-1.032000|2.590944
1882|426|68|71|PRO|TYR|1937|519|545|-O--|-OH-|418|0001|555|0|3.959517|-2.689000|1.623001|2.410999|3.953609
1882|427|69|97|GLY|HOH|143|523|699|-N--|-O--|128|0011|555|0|3.682773|2.036000|-3.059002|-0.244999|30.398390
1882|428|69|89|GLY|VAL|105|526|676|-O--|-N--|401|0001|555|0|2.746212|-1.471000|-2.319000|-0.008999|1.022595
1882|429|69|70|GLY|THR|113|525|527|-C--|-N--|301|0001|555|0|1.327940|0.820999|0.569000|0.875000|0.586237
1882|430|69|139|GLY|HOH|143|525|741|-C--|-O--|328|0011|555|0|3.566635|2.815001|-2.087997|-0.661001|44.612049
1882|431|69|140|GLY|HOH|143|524|742|-CA-|-O--|228|0011|555|0|3.568588|2.447001|2.314003|1.180000|37.555939
1882|432|69|71|GLY|TYR|137|526|543|-O--|-CE2|412|0001|555|0|3.705454|-2.646000|2.578999|0.279001|3.125169
1882|433|69|88|GLY|VAL|105|526|670|-O--|-CA-|402|0001|555|0|3.655279|-0.481999|-2.929001|2.133001|2.452139
1882|434|69|87|GLY|ILE|109|526|664|-O--|-O--|404|0001|555|0|3.852006|-1.108000|-0.680000|3.626001|1.213342
1882|435|70|71|THR|TYR|1337|529|534|-C--|-N--|301|0001|555|0|1.310745|-0.999001|-0.293999|0.796000|5.101441
1882|436|70|139|THR|HOH|1343|532|741|-OG1|-O--|1728|0011|555|0|2.934671|0.198002|-0.667000|-2.851000|28.539471
1882|437|70|140|THR|HOH|1343|527|742|-N--|-O--|128|0011|555|0|3.085797|1.739000|2.279003|-1.142000|45.486568
1882|438|87|70|ILE|THR|913|664|528|-O--|-CA-|402|0001|555|0|3.527033|2.642000|1.715000|-1.587000|3.832415
1882|439|70|134|THR|HOH|1343|530|736|-O--|-O--|428|0011|555|0|3.207211|1.511000|1.014000|2.641001|63.058987
1882|440|70|160|THR|HOH|1343|532|762|-OG1|-O--|1728|0011|555|0|2.751647|1.955002|-1.771000|0.783001|49.069126
1882|441|70|86|THR|LYS|1329|533|658|-CG2|-CD-|606|0001|555|0|3.487942|0.218000|-1.643002|3.069000|10.304764
1882|442|87|71|ILE|TYR|937|664|534|-O--|-N--|401|0001|555|0|2.735257|1.027000|2.535000|0.025999|2.408101
1882|443|72|71|THR|TYR|1337|546|536|-N--|-C--|103|0001|555|0|1.297189|-0.375000|-0.992001|-0.747000|1.185497
1882|444|71|112|TYR|HOH|3743|535|714|-CA-|-O--|228|0011|555|0|3.304842|-0.039001|3.226997|0.712000|7.884948
1882|445|71|134|TYR|HOH|3743|536|736|-C--|-O--|328|0011|555|0|3.940986|3.535999|1.660000|-0.521999|90.609184
1882|446|86|71|LYS|TYR|2937|653|537|-CA-|-O--|204|0001|555|0|3.331538|-0.256001|2.584999|-2.085999|7.247552
1882|447|89|71|VAL|TYR|537|681|543|-CG1|-CE2|612|0001|555|0|3.355346|1.066000|3.146000|0.474001|1.531434
1882|448|71|95|TYR|HOH|3743|545|697|-OH-|-O--|1828|0011|555|0|3.243925|-3.203000|-0.076000|-0.507999|4.358193
1882|449|72|73|THR|TYR|1337|548|553|-C--|-N--|301|0001|555|0|1.320116|-0.589000|-0.584000|1.027000|3.008821
1882|450|72|112|THR|HOH|1343|546|714|-N--|-O--|128|0011|555|0|2.970698|-0.544001|2.486996|-1.531000|9.928237
1882|451|72|134|THR|HOH|1343|551|736|-OG1|-O--|1728|0011|555|0|2.874499|0.661999|0.916000|-2.643000|59.253616
1882|452|85|72|GLY|THR|113|651|547|-O--|-CA-|402|0001|555|0|3.494520|0.731999|2.600998|-2.216000|0.475179
1882|453|84|72|VAL|THR|513|646|552|-CG1|-CG2|606|0001|555|0|3.905563|0.455999|1.653000|-3.509000|0.010005
1882|454|73|74|TYR|TYR|3737|555|565|-C--|-N--|301|0001|555|0|1.315389|-0.710999|0.790001|0.775001|1.233142
1882|455|85|73|GLY|TYR|137|648|556|-N--|-O--|104|0001|555|0|2.784592|-0.624001|2.655998|-0.557000|0.151546
1882|456|84|73|VAL|TYR|537|642|556|-CA-|-O--|204|0001|555|0|3.360720|-1.113000|1.615002|-2.729000|0.799698
1882|457|87|73|ILE|TYR|937|668|561|-CD1|-CE1|612|0001|555|0|3.719526|1.335000|0.231003|3.463999|9.270044
1882|458|73|92|TYR|HOH|3743|564|694|-OH-|-O--|1828|0011|555|0|2.645368|1.306000|-1.966999|-1.193001|3.497883
1882|459|86|73|LYS|TYR|2937|652|561|-N--|-CE1|112|0001|555|0|3.646350|-3.459000|1.137001|-0.196001|0.703931
1882|460|75|74|CYS|TYR|1537|577|567|-N--|-C--|103|0001|555|0|1.307872|0.115001|0.334999|-1.259000|0.182555
1882|461|83|74|MET|TYR|1737|636|566|-O--|-CA-|402|0001|555|0|3.457259|-0.686000|1.935997|-2.781000|1.395323
1882|462|76|74|GLU|TYR|2537|588|573|-CG-|-CE1|612|0001|555|0|3.907644|3.311000|-1.128006|-1.742000|1.872859
1882|463|84|74|VAL|TYR|537|647|569|-CG2|-CB-|605|0001|555|0|3.922370|-2.953000|2.231003|-1.299001|7.144719
1882|464|79|74|ARG|TYR|3137|615|571|-CD-|-CD1|612|0001|555|0|3.500225|-3.021999|0.085999|-1.764001|55.496132
1882|465|74|102|TYR|HOH|3743|576|704|-OH-|-O--|1828|0011|555|0|2.718675|-1.447000|1.570000|1.683000|14.535861
1882|466|74|167|TYR|HOH|3743|576|769|-OH-|-O--|1828|0011|555|0|3.190240|2.147000|0.710999|-2.250000|50.178692
1882|467|75|76|CYS|GLU|1525|579|583|-C--|-N--|301|0001|555|0|1.333304|-0.742000|1.107002|-0.041000|1.998329
1882|468|75|83|CYS|MET|1517|577|636|-N--|-O--|104|0001|555|0|3.073716|2.137000|-2.018997|0.897000|1.407404
1882|469|75|77|CYS|PRO|1519|582|598|-SG-|-CD-|1106|0001|555|0|3.357399|-0.680000|3.190002|0.796000|8.067496
1882|470|75|79|CYS|ARG|1531|580|609|-O--|-N--|401|0001|555|0|2.832205|1.601000|-0.380997|2.305000|11.033275
1882|471|75|78|CYS|HIS|1533|582|599|-SG-|-N--|1101|0001|555|0|3.559737|2.033000|1.304001|2.615000|9.367044
1882|472|75|91|CYS|_CU|1546|582|693|-SG-|CU--|1140|0011|555|0|2.176323|-0.436000|-1.858002|1.046000|16.181772
1882|473|77|76|PRO|GLU|1925|592|585|-N--|-C--|103|0001|555|0|1.315033|1.068000|0.468002|-0.607999|0.366401
1882|474|76|141|GLU|HOH|2543|586|743|-O--|-O--|428|0011|555|0|2.553980|1.376000|2.125999|-0.331000|30.713625
1882|475|76|79|GLU|ARG|2531|586|609|-O--|-N--|401|0001|555|0|3.350386|1.908000|-2.752998|0.075000|0.893209
1882|476|76|78|GLU|HIS|2533|586|599|-O--|-N--|401|0001|555|0|3.194175|-0.684000|-2.891998|1.171000|0.427921
1882|477|76|102|GLU|HOH|2543|591|704|-OE2|-O--|1028|0011|555|0|2.688961|2.624001|0.086998|-0.581000|12.951653
1882|478|77|78|PRO|HIS|1933|594|599|-C--|-N--|301|0001|555|0|1.341504|0.365000|-1.042000|-0.762000|4.922697
1882|479|77|79|PRO|ARG|1931|594|609|-C--|-N--|301|0001|555|0|3.607135|2.957000|-0.903000|-1.858000|4.318290
1882|480|77|157|PRO|HOH|1943|595|759|-O--|-O--|428|0011|555|0|3.654291|-2.334000|-0.500000|2.767000|61.082413
1882|481|77|142|PRO|HOH|1943|595|744|-O--|-O--|428|0011|555|0|3.912965|1.442000|-2.543999|2.600000|51.672775
1882|482|79|78|ARG|HIS|3133|609|601|-N--|-C--|103|0001|555|0|1.343403|-0.296000|-1.078003|0.745000|0.689987
1882|483|81|78|ALA|HIS|333|624|602|-N--|-O--|104|0001|555|0|2.978567|-2.231999|-0.210999|-1.961000|3.430622
1882|484|80|78|GLY|HIS|133|620|601|-N--|-C--|103|0001|555|0|3.156285|-2.671000|-1.581001|-0.573000|4.177026
1882|485|83|78|MET|HIS|1733|633|602|-N--|-O--|104|0001|555|0|3.222958|-1.287000|2.316002|1.835000|7.011182
1882|486|82|78|GLY|HIS|133|629|602|-N--|-O--|104|0001|555|0|3.444273|-3.101000|1.498001|-0.053000|4.334547
1882|487|78|91|HIS|_CU|3346|605|693|-ND1|CU--|1340|0011|555|0|2.373631|-0.390000|-0.330002|-2.318000|4.684134
1882|488|78|157|HIS|HOH|3343|608|759|-NE2|-O--|1328|0011|555|0|3.716281|0.104000|3.279999|1.744000|85.356293
1882|489|78|142|HIS|HOH|3343|606|744|-CD2|-O--|1228|0011|555|0|3.359979|2.567000|1.020000|1.913000|78.842125
1882|490|78|103|HIS|HOH|3343|608|705|-NE2|-O--|1328|0011|555|0|3.443097|-2.451000|-1.035999|2.185000|94.233727
1882|491|80|79|GLY|ARG|131|620|611|-N--|-C--|103|0001|555|0|1.317034|0.079000|-0.612999|-1.163000|1.214040
1882|492|82|79|GLY|ARG|131|629|612|-N--|-O--|104|0001|555|0|2.962755|-0.179000|2.761997|-1.057000|11.371819
1882|493|81|79|ALA|ARG|331|624|611|-N--|-C--|103|0001|555|0|3.143798|-0.278999|1.715000|-2.620000|1.041841
1882|494|80|81|GLY|ALA|103|622|624|-C--|-N--|301|0001|555|0|1.326362|-0.976001|-0.896000|-0.062000|4.938076
1882|495|80|82|GLY|GLY|101|622|629|-C--|-N--|301|0001|555|0|3.267778|-0.107000|-2.605000|-1.970000|17.515831
1882|496|82|81|GLY|ALA|103|629|626|-N--|-C--|103|0001|555|0|1.326936|-0.276000|-0.566002|1.168000|3.600938
1882|497|81|154|ALA|HOH|343|627|756|-O--|-O--|428|0011|555|0|2.816364|-0.943001|-2.641998|-0.250000|15.944445
1882|498|81|83|ALA|MET|317|626|633|-C--|-N--|301|0001|555|0|3.430464|-1.538000|-0.251999|-3.056000|6.143542
1882|499|81|142|ALA|HOH|343|628|744|-CB-|-O--|528|0011|555|0|3.852262|-2.552999|2.304001|1.736000|56.218166
1882|500|82|83|GLY|MET|117|631|633|-C--|-N--|301|0001|555|0|1.341741|-1.233000|0.509998|0.141000|1.945687
1882|501|82|133|GLY|HOH|143|632|735|-O--|-O--|428|0011|555|0|2.783254|2.671000|-0.048000|-0.781000|49.043503
1882|502|82|84|GLY|VAL|105|632|641|-O--|-N--|401|0001|555|0|2.828277|-1.672999|0.896000|-2.097000|5.608563
1882|503|84|83|VAL|MET|517|641|635|-N--|-C--|103|0001|555|0|1.317848|-0.839001|0.619003|0.806000|0.285548
1882|504|83|91|MET|_CU|1746|639|693|-SD-|CU--|1640|0011|555|0|2.796163|-1.778000|2.100998|0.493000|16.024614
1882|505|84|104|VAL|HOH|543|644|706|-O--|-O--|428|0011|555|0|2.806656|-1.225000|-1.722000|1.847000|1.769088
1882|506|85|84|GLY|VAL|105|648|643|-N--|-C--|103|0001|555|0|1.337441|0.419000|-0.175003|1.257999|1.379722
1882|507|85|86|GLY|LYS|129|650|652|-C--|-N--|301|0001|555|0|1.328931|0.098000|-1.029999|-0.834000|3.321618
1882|508|87|86|ILE|LYS|929|661|654|-N--|-C--|103|0001|555|0|1.334766|0.265000|-0.646999|1.136999|1.056267
1882|509|86|92|LYS|HOH|2943|655|694|-O--|-O--|428|0011|555|0|3.277723|-2.364000|-0.778000|2.132999|6.453766
1882|510|88|87|VAL|ILE|509|669|663|-N--|-C--|103|0001|555|0|1.320862|-0.279000|1.139999|0.606001|0.643860
1882|511|88|89|VAL|VAL|505|671|676|-C--|-N--|301|0001|555|0|1.340297|-0.035000|0.905003|-0.987999|2.251729
1882|512|88|90|VAL|GLN|527|672|683|-O--|-N--|401|0001|555|0|3.781723|0.341000|0.049000|-3.765999|11.319101
1882|513|89|90|VAL|GLN|527|678|683|-C--|-N--|301|0001|555|0|1.310411|-0.267000|-1.208000|-0.431999|5.249961
1882|514|89|97|VAL|HOH|543|679|699|-O--|-O--|428|0011|555|0|2.702085|2.697001|-0.165001|-0.014999|37.931709
1882|515|90|143|GLN|HOH|2743|692|745|-OXT|-O--|828|0011|555|0|2.722570|2.576000|0.879002|-0.063000|24.822611
1882|516|90|108|GLN|HOH|2743|686|710|-O--|-O--|428|0011|555|0|2.788279|-0.770000|-1.437000|-2.261997|20.655756
1882|517|90|156|GLN|HOH|2743|690|758|-OE1|-O--|828|0011|555|0|3.475507|-3.010000|-1.684002|0.428001|6.878627
1882|518|93|116|HOH|HOH|4343|695|718|-O--|-O--|2828|0001|555|0|2.782559|-2.616000|0.665997|-0.675001|27.839231
1882|519|94|125|HOH|HOH|4343|696|727|-O--|-O--|2828|0001|555|0|3.339633|-2.116000|-2.542999|0.457001|33.760433
1882|520|94|131|HOH|HOH|4343|696|733|-O--|-O--|2828|0001|555|0|2.813863|-0.126000|1.741005|2.207001|41.649170
1882|521|95|161|HOH|HOH|4343|697|763|-O--|-O--|2828|0001|555|0|2.735692|-0.156000|2.731003|0.035999|114.890991
1882|522|95|138|HOH|HOH|4343|697|740|-O--|-O--|2828|0001|555|0|3.246193|-3.062000|0.837997|-0.678001|15.271772
1882|523|96|106|HOH|HOH|4343|698|708|-O--|-O--|2828|0001|555|0|3.565834|2.519000|2.305000|1.028000|19.628407
1882|524|97|143|HOH|HOH|4343|699|745|-O--|-O--|2828|0001|555|0|3.772075|-0.502001|-1.264999|-3.518000|19.161690
1882|525|97|139|HOH|HOH|4343|699|741|-O--|-O--|2828|0001|555|0|2.741758|1.607000|1.177002|1.883999|3.709076
1882|526|98|154|HOH|HOH|4343|700|756|-O--|-O--|2828|0001|555|0|3.383351|1.657000|1.254002|-2.670000|12.857805
1882|527|99|100|HOH|HOH|4343|701|702|-O--|-O--|2828|0001|555|0|3.012833|2.599000|0.269001|1.500000|8.566225
1882|528|100|122|HOH|HOH|4343|702|724|-O--|-O--|2828|0001|555|0|3.548313|-0.853000|0.765999|3.358000|1.855087
1882|529|103|129|HOH|HOH|4343|705|731|-O--|-O--|2828|0001|555|0|3.473624|-1.967000|-1.922001|2.122000|2.925683
1882|530|106|107|HOH|HOH|4343|708|709|-O--|-O--|2828|0001|555|0|3.373563|-0.129000|3.369999|0.086000|20.928490
1882|531|108|149|HOH|HOH|4343|710|751|-O--|-O--|2828|0001|555|0|3.174738|-2.333000|-2.138000|-0.255001|20.661556
1882|532|108|148|HOH|HOH|4343|710|750|-O--|-O--|2828|0001|555|0|3.118367|-3.039001|0.528999|-0.457001|2.266545
1882|533|109|168|HOH|HOH|4343|711|770|-O--|-O--|2828|0001|555|0|2.555084|-2.135000|0.209000|1.388000|26.272657
1882|534|109|110|HOH|HOH|4343|711|712|-O--|-O--|2828|0001|555|0|3.693808|-0.717000|-1.904003|3.083002|4.165901
1882|535|110|168|HOH|HOH|4343|712|770|-O--|-O--|2828|0001|555|0|3.057538|-1.418000|2.113003|-1.695002|18.615019
1882|536|110|170|HOH|HOH|4343|712|772|-O--|-O--|2828|0001|555|0|3.416288|-3.401000|-0.189999|-0.261000|71.515533
1882|537|111|130|HOH|HOH|4343|713|732|-O--|-O--|2828|0001|555|0|3.974142|-3.886000|-0.466999|-0.689000|34.651970
1882|538|111|173|HOH|HOH|4343|713|775|-O--|-O--|2828|0001|555|0|3.451480|0.051000|3.433002|0.353000|41.379616
1882|539|112|113|HOH|HOH|4343|714|715|-O--|-O--|2828|0001|555|0|3.233472|3.017000|0.904007|0.732000|20.599239
1882|540|113|134|HOH|HOH|4343|715|736|-O--|-O--|2828|0001|555|0|2.847629|0.688000|-2.723003|-0.469999|17.569269
1882|541|114|115|HOH|HOH|4343|716|717|-O--|-O--|2828|0001|555|0|3.264956|-2.497000|-1.383003|1.585001|0.487504
1882|542|114|151|HOH|HOH|4343|716|753|-O--|-O--|2828|0001|555|0|2.600302|1.436000|1.015999|-1.914999|20.804451
1882|543|114|132|HOH|HOH|4343|716|734|-O--|-O--|2828|0001|555|0|3.785874|-0.287000|-0.367996|-3.757000|35.906422
1882|544|116|171|HOH|HOH|4343|718|773|-O--|-O--|2828|0001|555|0|2.660194|-1.813000|1.934006|0.222000|72.522537
1882|545|117|118|HOH|HOH|4343|719|720|-O--|-O--|2828|0001|555|0|3.946168|-3.725000|-0.951996|0.889000|1.447691
1882|546|117|162|HOH|HOH|4343|719|764|-O--|-O--|2828|0001|555|0|2.828185|-1.757000|0.754005|2.084000|102.244041
1882|547|118|135|HOH|HOH|4343|720|737|-O--|-O--|2828|0001|555|0|3.518746|-2.665000|-2.295998|-0.088000|0.828808
1882|548|118|169|HOH|HOH|4343|720|771|-O--|-O--|2828|0001|555|0|2.976774|-1.258000|-0.100998|2.696000|8.084017
1882|549|118|162|HOH|HOH|4343|720|764|-O--|-O--|2828|0001|555|0|2.865570|1.968000|1.706001|1.195000|95.076698
1882|550|119|144|HOH|HOH|4343|721|746|-O--|-O--|2828|0001|555|0|3.584798|3.465000|0.375000|0.839001|1.328746
1882|551|120|144|HOH|HOH|4343|722|746|-O--|-O--|2828|0001|555|0|3.606231|0.877000|-3.243000|1.311001|1.802607
1882|552|121|124|HOH|HOH|4343|723|726|-O--|-O--|2828|0001|555|0|2.667370|1.319000|-0.706997|2.207998|25.076303
1882|553|121|156|HOH|HOH|4343|723|758|-O--|-O--|2828|0001|555|0|3.210063|3.015000|-0.959999|-0.541000|17.788143
1882|554|124|156|HOH|HOH|4343|726|758|-O--|-O--|2828|0001|555|0|3.239972|1.696000|-0.253002|-2.748999|4.062122
1882|555|126|168|HOH|HOH|4343|728|770|-O--|-O--|2828|0001|555|0|3.462994|0.606000|-3.046997|-1.530001|4.282759
1882|556|127|128|HOH|HOH|4343|729|730|-O--|-O--|2828|0001|555|0|2.754504|-1.555000|1.815998|1.367999|13.404655
1882|557|128|150|HOH|HOH|4343|730|752|-O--|-O--|2828|0001|555|0|3.653839|0.469000|-0.541000|3.583001|13.544442
1882|558|129|173|HOH|HOH|4343|731|775|-O--|-O--|2828|0001|555|0|2.702548|-1.710000|-0.820999|-1.925000|5.979175
1882|559|132|151|HOH|HOH|4343|734|753|-O--|-O--|2828|0001|555|0|2.877002|1.723000|1.383995|1.842001|8.103702
1882|560|135|169|HOH|HOH|4343|737|771|-O--|-O--|2828|0001|555|0|3.814227|1.407000|2.195000|2.784000|6.955286
1882|561|138|161|HOH|HOH|4343|740|763|-O--|-O--|2828|0001|555|0|3.540918|2.906000|1.893005|0.714001|63.482033
1882|562|145|174|HOH|HOH|4343|747|776|-O--|-O--|2828|0001|555|0|2.940660|0.573000|-0.115002|2.882000|12.873783
1882|563|148|149|HOH|HOH|4343|750|751|-O--|-O--|2828|0001|555|0|2.766248|0.706000|-2.667000|0.202000|24.709845
1882|564|159|174|HOH|HOH|4343|761|776|-O--|-O--|2828|0001|555|0|3.449198|3.014000|-1.463001|-0.820000|13.279444
1882|565|162|169|HOH|HOH|4343|764|771|-O--|-O--|2828|0001|555|0|3.990655|-3.226000|-1.806999|1.501000|67.007332
1882|566|162|163|HOH|HOH|4343|764|765|-O--|-O--|2828|0001|555|0|2.779691|-1.821000|2.096001|0.132001|4.946363
1882|567|168|170|HOH|HOH|4343|770|772|-O--|-O--|2828|0001|555|0|3.360426|-1.983000|-2.303001|1.434002|32.998177
1882|568|0|159|GLN|HOH|2743|7|761|-OE1|-O--|828|1011|464|3|3.958964|3.037244|-0.987240|-2.339638|3.702762
1882|569|8|46|ALA|PRO|319|61|349|-CB-|-CG-|506|1011|765|1|3.923706|3.536518|-0.219238|-1.685361|0.714643
1882|570|10|51|ASN|LYS|2329|73|391|-O--|-CE-|406|1011|765|1|3.648733|3.371520|-0.364239|1.346639|7.209727
1882|571|10|151|ASN|HOH|2343|77|753|-ND2|-O--|928|1011|765|1|3.113798|2.249519|-1.858238|-1.087361|30.790365
1882|572|46|10|PRO|ASN|1923|348|77|-CB-|-ND2|509|1011|765|1|4.027279|-0.881516|-1.479759|3.640360|10.807349
1882|573|10|114|ASN|HOH|2343|77|716|-ND2|-O--|928|1011|765|1|4.711757|3.265521|-3.294243|0.827639|4.665246
1882|574|12|46|MET|PRO|1719|88|345|-SD-|-CA-|1602|1011|765|1|3.790716|0.486524|-1.371239|-3.500361|9.190823
1882|575|12|51|MET|LYS|1729|87|391|-CG-|-CE-|606|1011|765|1|4.529865|0.005520|-3.171238|3.234640|23.753574
1882|576|41|12|VAL|MET|517|314|89|-CG2|-CE-|606|1011|765|1|3.781262|-1.998516|-0.216763|-3.202638|0.607081
1882|577|49|12|SER|MET|1117|373|89|-OG-|-CE-|1706|1011|765|1|3.662154|-2.785519|2.373241|0.141360|6.773903
1882|578|12|151|MET|HOH|1743|88|753|-SD-|-O--|1628|1011|765|1|4.960043|0.351520|-4.797237|-1.210361|42.687397
1882|579|12|45|MET|GLN|1727|89|337|-CE-|-C--|603|1011|765|1|3.952443|1.437519|-1.235241|-3.468361|5.991428
1882|580|42|12|VAL|MET|517|318|89|-O--|-CE-|406|1011|765|1|3.285748|-2.981516|-1.001759|0.950361|6.582687
1882|581|44|12|GLY|MET|117|331|89|-N--|-CE-|106|1011|765|1|4.204532|-1.227518|-3.556763|1.876361|6.309210
1882|582|12|43|MET|GLU|1725|89|324|-CE-|-C--|603|1011|765|1|4.805289|2.564518|3.679760|-1.724361|6.191264
1882|583|44|13|GLY|LEU|107|332|93|-CA-|-O--|204|1011|765|1|4.023621|-3.261516|1.091236|2.088360|1.569459
1882|584|13|167|LEU|HOH|743|94|769|-CB-|-O--|528|1011|765|1|4.854539|4.315520|-0.661240|2.122640|102.589172
1882|585|44|14|GLY|ALA|103|334|102|-O--|-CB-|405|1011|765|1|3.743591|-3.161517|-0.160759|1.998360|6.747905
1882|586|14|46|ALA|PRO|319|102|350|-CB-|-CD-|506|1011|765|1|3.698864|2.066514|-2.909241|-0.973360|5.562682
1882|587|14|45|ALA|GLN|327|102|335|-CB-|-N--|501|1011|765|1|4.541614|4.459523|-0.775242|-0.371361|2.631192
1882|588|44|15|GLY|PHE|135|334|106|-O--|-O--|404|1011|765|1|4.477431|-4.027517|-1.142757|-1.587640|5.976152
1882|589|46|15|PRO|PHE|1935|350|106|-CD-|-O--|604|1011|765|1|4.374904|-2.932514|1.927242|-2.612639|4.848359
1882|590|15|105|PHE|HOH|3543|106|707|-O--|-O--|428|1011|765|1|4.927899|2.528518|-3.906242|-1.622361|15.302822
1882|591|16|105|GLU|HOH|2543|115|707|-CA-|-O--|228|1011|765|1|4.826766|4.327518|-1.959240|-0.855361|10.307059
1882|592|46|16|PRO|GLU|1925|348|122|-CB-|-OE2|510|1011|765|1|4.223259|-3.605515|-1.617760|-1.489640|16.777905
1882|593|17|105|PRO|HOH|1943|124|707|-CA-|-O--|228|1011|765|1|3.440114|2.867517|-1.162239|1.503639|14.579220
1882|594|17|57|PRO|PRO|1919|127|436|-CB-|-CG-|506|1011|464|3|3.906464|1.439242|-2.337234|-2.779636|10.162974
1882|595|17|130|PRO|HOH|1943|127|732|-CB-|-O--|528|1011|464|3|4.493146|0.769241|-4.396236|0.519363|184.053345
1882|596|18|105|SER|HOH|1143|130|707|-N--|-O--|128|1011|765|1|3.038699|1.026518|-2.663242|1.042639|18.817680
1882|597|18|47|SER|GLU|1125|135|358|-OG-|-OE1|1710|1011|765|1|2.970126|0.226516|-2.354237|1.796638|17.545542
1882|598|44|18|GLY|SER|111|334|134|-O--|-CB-|405|1011|765|1|3.384268|-0.758517|-1.104759|-3.107640|2.127019
1882|599|18|45|SER|GLN|1127|135|343|-OG-|-NE2|1709|1011|765|1|3.003213|2.707520|0.366760|1.246638|13.332831
1882|600|18|46|SER|PRO|1119|134|350|-CB-|-CD-|506|1011|765|1|4.588475|-0.336486|-1.965240|4.132640|1.285664
1882|601|19|105|THR|HOH|1343|136|707|-N--|-O--|128|1011|765|1|4.689160|-0.506482|-3.347240|3.244638|7.776718
1882|602|56|19|SER|THR|1113|430|142|-OG-|-CG2|1706|1011|464|3|3.451018|-1.225239|3.174240|0.576639|19.258804
1882|603|19|67|THR|GLU|1325|141|515|-OG1|-OE2|1710|1011|765|1|2.418871|2.312515|0.003761|-0.709362|37.718887
1882|604|19|57|THR|PRO|1319|139|437|-O--|-CD-|406|1011|464|3|3.474339|0.465244|-3.380241|-0.654638|4.615089
1882|605|19|164|THR|HOH|1343|140|766|-CB-|-O--|528|1011|464|3|4.053553|2.504243|-3.166245|0.367361|110.148102
1882|606|19|161|THR|HOH|1343|141|763|-OG1|-O--|1728|1011|765|1|4.677830|3.243515|-2.038239|2.684639|199.753677
1882|607|20|57|ILE|PRO|919|144|434|-CA-|-O--|204|1011|464|3|3.739522|0.396240|-3.358238|-1.596638|2.147275
1882|608|20|56|ILE|SER|911|144|429|-CA-|-CB-|205|1011|464|3|4.975518|4.159241|-2.721237|-0.226639|8.589858
1882|609|57|21|PRO|GLU|1925|434|151|-O--|-N--|401|1011|464|3|2.944975|-0.085240|2.846237|-0.751362|0.719353
1882|610|58|21|GLY|GLU|125|439|154|-CA-|-O--|204|1011|464|3|3.453796|-0.859241|3.313240|-0.461361|0.181845
1882|611|21|59|GLU|GLU|2525|159|449|-OE2|-OE1|1010|1011|464|3|3.765663|1.405241|-3.487240|0.211363|3.713470
1882|612|56|21|SER|GLU|1125|429|156|-CB-|-CG-|506|1011|464|3|3.738384|-1.201241|1.683239|-3.114361|1.193044
1882|613|60|21|THR|GLU|1325|451|158|-N--|-OE1|110|1011|464|3|4.982238|1.276758|4.213238|2.332640|20.508509
1882|614|58|22|GLY|ILE|109|441|160|-O--|-N--|401|1011|464|3|4.985001|-1.360239|4.762238|0.566637|5.966875
1882|615|23|159|GLN|HOH|2743|173|761|-CG-|-O--|628|1011|464|3|4.385418|-0.992756|-3.774239|2.000362|28.320503
1882|616|23|29|GLN|GLN|2727|176|215|-NE2|-OE1|908|1011|464|3|4.735693|0.337238|-3.602238|-3.055641|5.980384
1882|617|60|23|THR|GLN|1327|456|176|-OG1|-NE2|1709|1011|464|3|3.485630|-2.817242|2.052242|0.032639|16.479630
1882|618|58|23|GLY|GLN|127|441|176|-O--|-NE2|409|1011|464|3|4.675539|-1.210238|1.785240|-4.148361|34.040718
1882|619|31|146|VAL|HOH|543|236|748|-CG1|-O--|628|1011|665|1|3.983482|-1.016240|-3.798237|-0.639360|64.212082
1882|620|31|156|VAL|HOH|543|236|758|-CG1|-O--|628|1011|665|1|4.612786|-4.494238|-0.366241|-0.972361|38.841000
1882|621|41|98|VAL|HOH|543|314|700|-CG2|-O--|628|1011|474|3|4.955258|3.000239|3.937515|-0.221638|40.013065
1882|622|42|154|VAL|HOH|543|318|756|-O--|-O--|428|1011|474|3|4.927195|3.469244|3.263519|1.261362|28.495771
1882|623|43|154|GLU|HOH|2543|323|756|-CA-|-O--|228|1011|474|3|3.499923|0.771244|3.358521|0.612362|27.224403
1882|624|81|43|ALA|GLU|325|627|326|-O--|-CB-|405|1011|474|3|3.583689|-1.989241|-2.933517|-0.529360|2.684145
1882|625|82|43|GLY|GLU|125|632|324|-O--|-C--|403|1011|474|3|4.131980|-3.025242|-2.053520|1.924637|2.549919
1882|626|43|133|GLU|HOH|2543|325|735|-O--|-O--|428|1011|474|3|3.415579|2.905240|0.173523|-1.787638|51.854580
1882|627|80|43|GLY|GLU|125|623|329|-O--|-OE1|410|1011|474|3|4.343238|-3.649240|-2.287521|-0.560362|3.644064
1882|628|44|104|GLY|HOH|143|334|706|-O--|-O--|428|1011|474|3|2.693811|1.816243|1.902519|-0.581636|2.214193
1882|629|44|82|GLY|GLY|101|332|632|-CA-|-O--|204|1011|474|3|3.226093|3.190242|0.081520|-0.472637|0.869142
1882|630|44|133|GLY|HOH|143|332|735|-CA-|-O--|228|1011|474|3|4.260360|3.142240|-2.589478|-1.253637|53.273838
1882|631|44|81|GLY|ALA|103|331|627|-N--|-O--|104|1011|474|3|4.348393|3.556241|0.566521|2.437361|5.188119
1882|632|44|154|GLY|HOH|143|331|756|-N--|-O--|128|1011|474|3|2.810525|0.914244|1.509521|2.187363|27.907721
1882|633|44|83|GLY|MET|117|332|633|-CA-|-N--|201|1011|474|3|4.856106|4.556237|1.602524|0.504362|2.192972
1882|634|44|84|GLY|VAL|105|334|644|-O--|-O--|404|1011|474|3|4.344707|3.538241|0.677521|-2.428640|4.426524
1882|635|45|104|GLN|HOH|2743|335|706|-N--|-O--|128|1011|474|3|4.764060|2.752244|3.200523|-2.208635|0.752359
1882|636|45|106|GLN|HOH|2743|343|708|-NE2|-O--|928|1011|474|3|3.067914|-0.797757|0.643517|-2.891638|28.937046
1882|637|45|107|GLN|HOH|2743|342|709|-OE1|-O--|828|1011|474|3|3.240147|0.401241|0.861511|-3.097637|1.532308
1882|638|84|45|VAL|GLN|527|644|342|-O--|-OE1|408|1011|474|3|4.838732|-3.097241|-3.680519|0.523640|27.922270
1882|639|45|133|GLN|HOH|2743|342|735|-OE1|-O--|828|1011|474|3|4.810167|4.047239|-0.029480|2.599363|15.419906
1882|640|46|101|PRO|HOH|1943|348|703|-CB-|-O--|528|1011|474|3|4.409952|-2.309758|3.623520|0.991362|17.120087
1882|641|47|96|GLU|HOH|2543|358|698|-OE1|-O--|1028|1011|474|3|4.537385|-0.381758|0.681519|-4.469637|2.055714
1882|642|47|106|GLU|HOH|2543|359|708|-OE2|-O--|1028|1011|474|3|3.363075|1.473243|0.296516|-3.008638|14.013749
1882|643|51|123|LYS|HOH|2943|389|725|-CG-|-O--|628|1011|474|3|3.740434|-2.297756|2.008522|-2.162638|12.108452
1882|644|56|96|SER|HOH|1143|430|698|-OG-|-O--|1728|1011|665|1|4.863697|0.170758|-2.682236|4.053640|1.852734
1882|645|57|96|PRO|HOH|1943|437|698|-CD-|-O--|628|1011|665|1|3.670559|-2.055242|0.932762|2.894640|16.119925
1882|646|58|124|GLY|HOH|143|439|726|-CA-|-O--|228|1011|665|1|3.683829|-1.645240|-3.217236|-0.716361|36.085831
1882|647|58|156|GLY|HOH|143|441|758|-O--|-O--|428|1011|665|1|2.877753|-0.927238|-2.386242|-1.314361|40.010006
1882|648|58|90|GLY|GLN|127|441|690|-O--|-OE1|408|1011|665|1|3.200546|-2.611245|0.623760|-1.742360|23.963346
1882|649|59|90|GLU|GLN|2527|443|691|-CA-|-NE2|209|1011|665|1|3.646942|-2.371240|0.089764|-2.769360|18.509150
1882|650|60|90|THR|GLN|1327|451|691|-N--|-NE2|109|1011|665|1|2.999152|-2.970240|0.064762|-0.410359|21.496958
1882|651|60|156|THR|HOH|1343|457|758|-CG2|-O--|628|1011|665|1|3.749417|-2.421238|-2.386242|1.581639|33.998695
1882|652|67|86|GLU|LYS|2529|514|660|-OE1|-NZ-|1014|1011|474|3|2.711365|2.707244|-0.033478|-0.145634|6.362812
1882|653|67|106|GLU|HOH|2543|515|708|-OE2|-O--|1028|1011|474|3|3.821805|-1.554757|1.855515|2.957361|5.307099
1882|654|67|107|GLU|HOH|2543|515|709|-OE2|-O--|1028|1011|474|3|4.061458|1.815242|1.984512|3.043362|12.513897
1882|655|74|98|TYR|HOH|3743|576|700|-OH-|-O--|1828|1011|474|3|3.831808|0.432240|2.860519|-2.512638|21.698494
1882|656|80|166|GLY|HOH|143|623|768|-O--|-O--|428|1011|765|1|3.318947|2.266523|-1.579243|1.839639|35.267658
1882|657|81|167|ALA|HOH|343|627|769|-O--|-O--|428|1011|765|1|3.486732|-0.450480|-2.181240|2.682640|81.076523
1882|658|81|166|ALA|HOH|343|625|768|-CA-|-O--|228|1011|765|1|4.643181|4.189523|0.431759|1.954639|58.672115
1882|659|82|113|GLY|HOH|143|630|715|-CA-|-O--|228|1011|765|1|3.694711|3.680517|-0.295238|-0.132360|35.570492
1882|660|90|153|GLN|HOH|2743|691|755|-NE2|-O--|928|1011|464|3|4.700136|4.141242|-2.211239|-0.227638|29.880188
1882|661|96|105|HOH|HOH|4343|698|707|-O--|-O--|2828|1011|765|1|3.171595|-1.250483|-0.216240|2.906639|10.914778
1882|662|96|164|HOH|HOH|4343|698|766|-O--|-O--|2828|1011|464|3|4.022883|3.674243|-0.134243|-1.632639|45.633770
1882|663|98|102|HOH|HOH|4343|700|704|-O--|-O--|2828|1011|765|1|4.774972|1.290519|-1.879238|4.195639|4.084023
1882|664|98|167|HOH|HOH|4343|700|769|-O--|-O--|2828|1011|765|1|2.762212|2.149520|1.714760|0.262640|14.576852
1882|665|100|150|HOH|HOH|4343|702|752|-O--|-O--|2828|1011|464|3|4.908786|2.434241|-4.098240|-1.172640|15.811904
1882|666|105|106|HOH|HOH|4343|707|708|-O--|-O--|2828|1011|474|3|4.908662|2.521243|-3.769485|-1.878637|42.066093
1882|667|106|164|HOH|HOH|4343|708|766|-O--|-O--|2828|1011|464|3|3.789920|1.155243|-2.439243|-2.660639|14.619104
1882|668|106|161|HOH|HOH|4343|708|763|-O--|-O--|2828|1011|765|1|2.862293|2.786514|-0.487240|0.436640|51.764427
1882|669|107|161|HOH|HOH|4343|709|763|-O--|-O--|2828|1011|765|1|4.847830|2.915514|-3.857239|0.350639|110.879631
1882|670|112|133|HOH|HOH|4343|714|735|-O--|-O--|2828|1011|474|3|3.686667|1.851240|2.721527|-1.660637|30.355272
1882|671|113|133|HOH|HOH|4343|715|735|-O--|-O--|2828|1011|474|3|3.222901|-1.165760|1.817520|-2.392637|4.708706
1882|672|114|123|HOH|HOH|4343|716|725|-O--|-O--|2828|1011|474|3|2.865480|0.198244|2.843521|0.293364|13.173788
1882|673|121|159|HOH|HOH|4343|723|761|-O--|-O--|2828|1011|464|3|3.534158|1.032244|-2.859238|-1.802639|1.928453
1882|674|123|151|HOH|HOH|4343|725|753|-O--|-O--|2828|1011|765|1|3.122297|1.827519|1.237762|-2.208361|4.718424
1882|675|124|159|HOH|HOH|4343|726|761|-O--|-O--|2828|1011|464|3|4.560656|-0.286756|-2.152241|-4.010637|21.533695
1882|676|124|128|HOH|HOH|4343|726|730|-O--|-O--|2828|1011|464|3|4.564591|0.445239|-4.150242|1.847363|2.928760
1882|677|127|146|HOH|HOH|4343|729|748|-O--|-O--|2828|1011|665|1|3.523371|-1.974240|-0.365238|-2.895361|2.107465
1882|678|128|146|HOH|HOH|4343|730|748|-O--|-O--|2828|1011|665|1|4.807265|-0.419240|-2.181236|-4.263360|10.378894
1882|679|144|159|HOH|HOH|4343|746|761|-O--|-O--|2828|1011|464|3|4.539417|2.465244|-3.213238|2.050362|8.931283
1882|680|146|174|HOH|HOH|4343|748|776|-O--|-O--|2828|1011|464|3|2.809019|-0.013762|-1.435238|-2.414640|19.511734
1882|681|146|159|HOH|HOH|4343|748|761|-O--|-O--|2828|1011|464|3|2.671268|1.449244|1.578762|-1.594639|4.214375
1882|682|154|167|HOH|HOH|4343|756|769|-O--|-O--|2828|1011|765|1|3.009194|0.492520|0.460758|2.932640|35.673321
1882|683|156|159|HOH|HOH|4343|758|761|-O--|-O--|2828|1011|464|3|3.021615|-1.982756|-1.899239|-1.261639|14.753756
