1882|0|27|GLN|A|-2|9|0|000|15.212197|-1.000000|-1.000000|0.000000|-1|-1|0|0|-1|1
1882|1|13|THR|A|-1|7|0|000|12.776542|-1.000000|-1.000000|0.000000|-1|-1|0|0|0|2
1882|2|5|VAL|A|1|7|0|000|9.979625|-1.000000|-1.000000|0.000000|-1|-1|0|0|1|3
1882|3|3|ALA|A|2|5|0|000|8.823298|-1.000000|-1.000000|0.000000|-1|-1|0|0|2|4
1882|4|9|ILE|A|3|8|0|000|5.246233|-1.000000|-1.000000|0.000000|-1|-1|0|0|3|5
1882|5|29|LYS|A|4|9|0|000|9.481843|-1.000000|-1.000000|0.000000|-1|-1|0|0|4|6
1882|6|17|MET|A|5|8|0|000|6.824764|-1.000000|-1.000000|0.000000|-1|-1|0|0|5|7
1882|7|1|GLY|A|6|4|0|000|10.259887|-1.000000|-1.000000|0.000000|-1|-1|0|0|6|8
1882|8|3|ALA|A|7|5|0|000|12.819551|-1.000000|-1.000000|0.000000|-1|-1|0|0|7|9
1882|9|21|ASP|A|8|8|0|000|15.383142|-1.000000|-1.000000|0.000000|-1|-1|0|0|8|10
1882|10|23|ASN|A|9|8|0|000|17.177422|-1.000000|-1.000000|0.000000|-1|-1|0|0|9|11
1882|11|1|GLY|A|10|4|0|000|16.471708|-1.000000|-1.000000|0.000000|-1|-1|0|0|10|12
1882|12|17|MET|A|11|8|0|000|14.883269|-1.000000|-1.000000|0.000000|-1|-1|0|0|11|13
1882|13|7|LEU|A|12|8|0|000|13.050951|-1.000000|-1.000000|0.000000|-1|-1|0|0|12|14
1882|14|3|ALA|A|13|5|0|000|9.672386|-1.000000|-1.000000|0.000000|-1|-1|0|0|13|15
1882|15|35|PHE|A|14|11|0|000|5.429058|-1.000000|-1.000000|0.000000|-1|-1|0|0|14|16
1882|16|25|GLU|A|15|9|0|000|10.355651|-1.000000|-1.000000|0.000000|-1|-1|0|0|15|17
1882|17|19|PRO|A|16|7|0|000|8.844229|-1.000000|-1.000000|0.000000|-1|-1|0|0|16|18
1882|18|11|SER|A|17|6|0|000|9.231970|-1.000000|-1.000000|0.000000|-1|-1|0|0|17|19
1882|19|13|THR|A|18|7|0|000|10.500064|-1.000000|-1.000000|0.000000|-1|-1|0|0|18|20
1882|20|9|ILE|A|19|8|0|000|9.441059|-1.000000|-1.000000|0.000000|-1|-1|0|0|19|21
1882|21|25|GLU|A|20|9|0|000|13.678451|-1.000000|-1.000000|0.000000|-1|-1|0|0|20|22
1882|22|9|ILE|A|21|8|0|000|12.261464|-1.000000|-1.000000|0.000000|-1|-1|0|0|21|23
1882|23|27|GLN|A|22|9|0|000|16.591404|-1.000000|-1.000000|0.000000|-1|-1|0|0|22|24
1882|24|3|ALA|A|23|5|0|000|16.621969|-1.000000|-1.000000|0.000000|-1|-1|0|0|23|25
1882|25|1|GLY|A|24|4|0|000|15.524319|-1.000000|-1.000000|0.000000|-1|-1|0|0|24|26
1882|26|21|ASP|A|25|8|0|000|13.623960|-1.000000|-1.000000|0.000000|-1|-1|0|0|25|27
1882|27|13|THR|A|26|7|0|000|11.137267|-1.000000|-1.000000|0.000000|-1|-1|0|0|26|28
1882|28|5|VAL|A|27|7|0|000|6.886533|-1.000000|-1.000000|0.000000|-1|-1|0|0|27|29
1882|29|27|GLN|A|28|9|0|000|8.669939|-1.000000|-1.000000|0.000000|-1|-1|0|0|28|30
1882|30|39|TRP|A|29|14|0|000|3.135448|-1.000000|-1.000000|0.000000|-1|-1|0|0|29|31
1882|31|5|VAL|A|30|7|0|000|8.690445|-1.000000|-1.000000|0.000000|-1|-1|0|0|30|32
1882|32|23|ASN|A|31|8|0|000|10.461440|-1.000000|-1.000000|0.000000|-1|-1|0|0|31|33
1882|33|23|ASN|A|32|8|0|000|12.292522|-1.000000|-1.000000|0.000000|-1|-1|0|0|32|34
1882|34|29|LYS|A|33|9|0|000|14.531310|-1.000000|-1.000000|0.000000|-1|-1|0|0|33|35
1882|35|7|LEU|A|34|8|0|000|14.570894|-1.000000|-1.000000|0.000000|-1|-1|0|0|34|36
1882|36|3|ALA|A|35|5|0|000|14.025480|-1.000000|-1.000000|0.000000|-1|-1|0|0|35|37
1882|37|19|PRO|A|36|7|0|000|13.578059|-1.000000|-1.000000|0.000000|-1|-1|0|0|36|38
1882|38|33|HIS|A|37|10|0|000|9.434579|-1.000000|-1.000000|0.000000|-1|-1|0|0|37|39
1882|39|23|ASN|A|38|8|0|000|8.350742|-1.000000|-1.000000|0.000000|-1|-1|0|0|38|40
1882|40|5|VAL|A|39|7|0|000|5.080042|-1.000000|-1.000000|0.000000|-1|-1|0|0|39|41
1882|41|5|VAL|A|40|7|0|000|8.206603|-1.000000|-1.000000|0.000000|-1|-1|0|0|40|42
1882|42|5|VAL|A|41|7|0|000|8.137133|-1.000000|-1.000000|0.000000|-1|-1|0|0|41|43
1882|43|25|GLU|A|42|9|0|000|11.556210|-1.000000|-1.000000|0.000000|-1|-1|0|0|42|44
1882|44|1|GLY|A|49|4|0|000|13.978357|-1.000000|-1.000000|0.000000|-1|-1|0|0|43|45
1882|45|27|GLN|A|52|9|0|000|12.434750|-1.000000|-1.000000|0.000000|-1|-1|0|0|44|46
1882|46|19|PRO|A|53|7|0|000|13.684016|-1.000000|-1.000000|0.000000|-1|-1|0|0|45|47
1882|47|25|GLU|A|54|9|0|000|13.372383|-1.000000|-1.000000|0.000000|-1|-1|0|0|46|48
1882|48|7|LEU|A|55|8|0|000|9.646366|-1.000000|-1.000000|0.000000|-1|-1|0|0|47|49
1882|49|11|SER|A|56|6|0|000|9.111143|-1.000000|-1.000000|0.000000|-1|-1|0|0|48|50
1882|50|33|HIS|A|57|10|0|000|9.013243|-1.000000|-1.000000|0.000000|-1|-1|0|0|49|51
1882|51|29|LYS|A|58|9|0|000|12.126755|-1.000000|-1.000000|0.000000|-1|-1|0|0|50|52
1882|52|21|ASP|A|59|8|0|000|13.095716|-1.000000|-1.000000|0.000000|-1|-1|0|0|51|53
1882|53|7|LEU|A|62|8|0|000|13.030351|-1.000000|-1.000000|0.000000|-1|-1|0|0|52|54
1882|54|3|ALA|A|63|5|0|000|11.586516|-1.000000|-1.000000|0.000000|-1|-1|0|0|53|55
1882|55|35|PHE|A|64|11|0|000|15.687809|-1.000000|-1.000000|0.000000|-1|-1|0|0|54|56
1882|56|11|SER|A|65|6|0|000|15.525229|-1.000000|-1.000000|0.000000|-1|-1|0|0|55|57
1882|57|19|PRO|A|66|7|0|000|15.713314|-1.000000|-1.000000|0.000000|-1|-1|0|0|56|58
1882|58|1|GLY|A|67|4|0|000|13.339653|-1.000000|-1.000000|0.000000|-1|-1|0|0|57|59
1882|59|25|GLU|A|68|9|0|000|12.196405|-1.000000|-1.000000|0.000000|-1|-1|0|0|58|60
1882|60|13|THR|A|69|7|0|000|10.699617|-1.000000|-1.000000|0.000000|-1|-1|0|0|59|61
1882|61|35|PHE|A|70|11|0|000|7.240438|-1.000000|-1.000000|0.000000|-1|-1|0|0|60|62
1882|62|25|GLU|A|71|9|0|000|9.933812|-1.000000|-1.000000|0.000000|-1|-1|0|0|61|63
1882|63|3|ALA|A|72|5|0|000|8.612961|-1.000000|-1.000000|0.000000|-1|-1|0|0|62|64
1882|64|13|THR|A|73|7|0|000|12.150819|-1.000000|-1.000000|0.000000|-1|-1|0|0|63|65
1882|65|35|PHE|A|74|11|0|000|10.113877|-1.000000|-1.000000|0.000000|-1|-1|0|0|64|66
1882|66|11|SER|A|75|6|0|000|16.002754|-1.000000|-1.000000|0.000000|-1|-1|0|0|65|67
1882|67|25|GLU|A|76|9|0|000|16.796825|-1.000000|-1.000000|0.000000|-1|-1|0|0|66|68
1882|68|19|PRO|A|77|7|0|000|17.292425|-1.000000|-1.000000|0.000000|-1|-1|0|0|67|69
1882|69|1|GLY|A|78|4|0|000|14.768415|-1.000000|-1.000000|0.000000|-1|-1|0|0|68|70
1882|70|13|THR|A|79|7|0|000|13.409521|-1.000000|-1.000000|0.000000|-1|-1|0|0|69|71
1882|71|37|TYR|A|80|12|0|000|10.796153|-1.000000|-1.000000|0.000000|-1|-1|0|0|70|72
1882|72|13|THR|A|81|7|0|000|9.625717|-1.000000|-1.000000|0.000000|-1|-1|0|0|71|73
1882|73|37|TYR|A|82|12|0|000|4.462730|-1.000000|-1.000000|0.000000|-1|-1|0|0|72|74
1882|74|37|TYR|A|83|12|0|000|9.227775|-1.000000|-1.000000|0.000000|-1|-1|0|0|73|75
1882|75|15|CYS|A|84|6|0|000|8.707570|-1.000000|-1.000000|0.000000|-1|-1|0|0|74|76
1882|76|25|GLU|A|85|9|0|000|12.016129|-1.000000|-1.000000|0.000000|-1|-1|0|0|75|77
1882|77|19|PRO|A|86|7|0|000|12.978166|-1.000000|-1.000000|0.000000|-1|-1|0|0|76|78
1882|78|33|HIS|A|87|10|0|000|12.559797|-1.000000|-1.000000|0.000000|-1|-1|0|0|77|79
1882|79|31|ARG|A|88|11|0|000|13.009562|-1.000000|-1.000000|0.000000|-1|-1|0|0|78|80
1882|80|1|GLY|A|89|4|0|000|15.996420|-1.000000|-1.000000|0.000000|-1|-1|0|0|79|81
1882|81|3|ALA|A|90|5|0|000|15.058362|-1.000000|-1.000000|0.000000|-1|-1|0|0|80|82
1882|82|1|GLY|A|91|4|0|000|12.685727|-1.000000|-1.000000|0.000000|-1|-1|0|0|81|83
1882|83|17|MET|A|92|8|0|000|8.943041|-1.000000|-1.000000|0.000000|-1|-1|0|0|82|84
1882|84|5|VAL|A|93|7|0|000|9.055058|-1.000000|-1.000000|0.000000|-1|-1|0|0|83|85
1882|85|1|GLY|A|94|4|0|000|7.079227|-1.000000|-1.000000|0.000000|-1|-1|0|0|84|86
1882|86|29|LYS|A|95|9|0|000|10.118085|-1.000000|-1.000000|0.000000|-1|-1|0|0|85|87
1882|87|9|ILE|A|96|8|0|000|7.911651|-1.000000|-1.000000|0.000000|-1|-1|0|0|86|88
1882|88|5|VAL|A|97|7|0|000|12.547464|-1.000000|-1.000000|0.000000|-1|-1|0|0|87|89
1882|89|5|VAL|A|98|7|0|000|13.749967|-1.000000|-1.000000|0.000000|-1|-1|0|0|88|90
1882|90|27|GLN|A|99|10|0|000|17.067701|-1.000000|-1.000000|0.000000|-1|-1|0|0|89|-1
1882|91|46|_CU|A|200|1|1|000|9.590380|-1.000000|-1.000000|0.000000|-1|-1|0|2|-1|-1
1882|92|43|HOH|A|300|1|0|000|5.825584|-1.000000|-1.000000|0.000000|-1|-1|0|1|-1|-1
1882|93|43|HOH|A|301|1|0|000|6.033325|-1.000000|-1.000000|0.000000|-1|-1|0|1|-1|-1
1882|94|43|HOH|A|302|1|0|000|11.996812|-1.000000|-1.000000|0.000000|-1|-1|0|1|-1|-1
1882|95|43|HOH|A|303|1|0|000|13.383809|-1.000000|-1.000000|0.000000|-1|-1|0|1|-1|-1
1882|96|43|HOH|A|304|1|0|000|12.301134|-1.000000|-1.000000|0.000000|-1|-1|0|1|-1|-1
1882|97|43|HOH|A|305|1|0|000|17.245434|-1.000000|-1.000000|0.000000|-1|-1|0|1|-1|-1
1882|98|43|HOH|A|306|1|0|000|16.020006|-1.000000|-1.000000|0.000000|-1|-1|0|1|-1|-1
1882|99|43|HOH|A|307|1|0|000|12.139735|-1.000000|-1.000000|0.000000|-1|-1|0|1|-1|-1
1882|100|43|HOH|A|308|1|0|000|11.003576|-1.000000|-1.000000|0.000000|-1|-1|0|1|-1|-1
1882|101|43|HOH|A|309|1|0|000|15.443649|-1.000000|-1.000000|0.000000|-1|-1|0|1|-1|-1
1882|102|43|HOH|A|310|1|0|000|13.752833|-1.000000|-1.000000|0.000000|-1|-1|0|1|-1|-1
1882|103|43|HOH|A|311|1|0|000|16.171923|-1.000000|-1.000000|0.000000|-1|-1|0|1|-1|-1
1882|104|43|HOH|A|312|1|0|000|8.919057|-1.000000|-1.000000|0.000000|-1|-1|0|1|-1|-1
1882|105|43|HOH|A|313|1|0|000|17.215704|-1.000000|-1.000000|0.000000|-1|-1|0|1|-1|-1
1882|106|43|HOH|A|314|1|0|000|12.689711|-1.000000|-1.000000|0.000000|-1|-1|0|1|-1|-1
1882|107|43|HOH|A|315|1|0|000|11.050253|-1.000000|-1.000000|0.000000|-1|-1|0|1|-1|-1
1882|108|43|HOH|A|316|1|0|000|19.801792|-1.000000|-1.000000|0.000000|-1|-1|0|1|-1|-1
1882|109|43|HOH|A|317|1|0|000|17.377684|-1.000000|-1.000000|0.000000|-1|-1|0|1|-1|-1
1882|110|43|HOH|A|318|1|0|000|15.099044|-1.000000|-1.000000|0.000000|-1|-1|0|1|-1|-1
1882|111|43|HOH|A|319|1|0|000|17.290316|-1.000000|-1.000000|0.000000|-1|-1|0|1|-1|-1
1882|112|43|HOH|A|320|1|0|000|11.098235|-1.000000|-1.000000|0.000000|-1|-1|0|1|-1|-1
1882|113|43|HOH|A|321|1|0|000|13.480672|-1.000000|-1.000000|0.000000|-1|-1|0|1|-1|-1
1882|114|43|HOH|A|322|1|0|000|12.203579|-1.000000|-1.000000|0.000000|-1|-1|0|1|-1|-1
1882|115|43|HOH|A|323|1|0|000|12.207273|-1.000000|-1.000000|0.000000|-1|-1|0|1|-1|-1
1882|116|43|HOH|A|324|1|0|000|8.400051|-1.000000|-1.000000|0.000000|-1|-1|0|1|-1|-1
1882|117|43|HOH|A|325|1|0|000|14.341872|-1.000000|-1.000000|0.000000|-1|-1|0|1|-1|-1
1882|118|43|HOH|A|326|1|0|000|15.535715|-1.000000|-1.000000|0.000000|-1|-1|0|1|-1|-1
1882|119|43|HOH|A|327|1|0|000|19.036741|-1.000000|-1.000000|0.000000|-1|-1|0|1|-1|-1
1882|120|43|HOH|A|328|1|0|000|17.467628|-1.000000|-1.000000|0.000000|-1|-1|0|1|-1|-1
1882|121|43|HOH|A|329|1|0|000|14.656377|-1.000000|-1.000000|0.000000|-1|-1|0|1|-1|-1
1882|122|43|HOH|A|330|1|0|000|10.143130|-1.000000|-1.000000|0.000000|-1|-1|0|1|-1|-1
1882|123|43|HOH|A|331|1|0|000|20.245829|-1.000000|-1.000000|0.000000|-1|-1|0|1|-1|-1
1882|124|43|HOH|A|332|1|0|000|13.674831|-1.000000|-1.000000|0.000000|-1|-1|0|1|-1|-1
1882|125|43|HOH|A|333|1|0|000|12.124575|-1.000000|-1.000000|0.000000|-1|-1|0|1|-1|-1
1882|126|43|HOH|A|334|1|0|000|15.859879|-1.000000|-1.000000|0.000000|-1|-1|0|1|-1|-1
1882|127|43|HOH|A|335|1|0|000|13.140400|-1.000000|-1.000000|0.000000|-1|-1|0|1|-1|-1
1882|128|43|HOH|A|336|1|0|000|13.624916|-1.000000|-1.000000|0.000000|-1|-1|0|1|-1|-1
1882|129|43|HOH|A|337|1|0|000|18.477657|-1.000000|-1.000000|0.000000|-1|-1|0|1|-1|-1
1882|130|43|HOH|A|338|1|0|000|18.486315|-1.000000|-1.000000|0.000000|-1|-1|0|1|-1|-1
1882|131|43|HOH|A|340|1|0|000|11.193625|-1.000000|-1.000000|0.000000|-1|-1|0|1|-1|-1
1882|132|43|HOH|A|341|1|0|000|12.969278|-1.000000|-1.000000|0.000000|-1|-1|0|1|-1|-1
1882|133|43|HOH|A|342|1|0|000|13.210788|-1.000000|-1.000000|0.000000|-1|-1|0|1|-1|-1
1882|134|43|HOH|A|343|1|0|000|13.126990|-1.000000|-1.000000|0.000000|-1|-1|0|1|-1|-1
1882|135|43|HOH|A|344|1|0|000|15.614991|-1.000000|-1.000000|0.000000|-1|-1|0|1|-1|-1
1882|136|43|HOH|A|345|1|0|000|15.288758|-1.000000|-1.000000|0.000000|-1|-1|0|1|-1|-1
1882|137|43|HOH|A|346|1|0|000|11.174908|-1.000000|-1.000000|0.000000|-1|-1|0|1|-1|-1
1882|138|43|HOH|A|347|1|0|000|14.156334|-1.000000|-1.000000|0.000000|-1|-1|0|1|-1|-1
1882|139|43|HOH|A|348|1|0|000|16.763016|-1.000000|-1.000000|0.000000|-1|-1|0|1|-1|-1
1882|140|43|HOH|A|349|1|0|000|16.610573|-1.000000|-1.000000|0.000000|-1|-1|0|1|-1|-1
1882|141|43|HOH|A|350|1|0|000|14.875731|-1.000000|-1.000000|0.000000|-1|-1|0|1|-1|-1
1882|142|43|HOH|A|351|1|0|000|16.465717|-1.000000|-1.000000|0.000000|-1|-1|0|1|-1|-1
1882|143|43|HOH|A|352|1|0|000|20.078411|-1.000000|-1.000000|0.000000|-1|-1|0|1|-1|-1
1882|144|43|HOH|A|353|1|0|000|17.609802|-1.000000|-1.000000|0.000000|-1|-1|0|1|-1|-1
1882|145|43|HOH|A|354|1|0|000|12.947809|-1.000000|-1.000000|0.000000|-1|-1|0|1|-1|-1
1882|146|43|HOH|A|355|1|0|000|17.979797|-1.000000|-1.000000|0.000000|-1|-1|0|1|-1|-1
1882|147|43|HOH|A|356|1|0|000|19.085575|-1.000000|-1.000000|0.000000|-1|-1|0|1|-1|-1
1882|148|43|HOH|A|357|1|0|000|19.610182|-1.000000|-1.000000|0.000000|-1|-1|0|1|-1|-1
1882|149|43|HOH|A|358|1|0|000|20.392698|-1.000000|-1.000000|0.000000|-1|-1|0|1|-1|-1
1882|150|43|HOH|A|359|1|0|000|15.805873|-1.000000|-1.000000|0.000000|-1|-1|0|1|-1|-1
1882|151|43|HOH|A|360|1|0|000|13.015869|-1.000000|-1.000000|0.000000|-1|-1|0|1|-1|-1
1882|152|43|HOH|A|361|1|0|000|12.343354|-1.000000|-1.000000|0.000000|-1|-1|0|1|-1|-1
1882|153|43|HOH|A|362|1|0|000|12.241977|-1.000000|-1.000000|0.000000|-1|-1|0|1|-1|-1
1882|154|43|HOH|A|363|1|0|000|14.234126|-1.000000|-1.000000|0.000000|-1|-1|0|1|-1|-1
1882|155|43|HOH|A|364|1|0|000|18.603136|-1.000000|-1.000000|0.000000|-1|-1|0|1|-1|-1
1882|156|43|HOH|A|365|1|0|000|16.050564|-1.000000|-1.000000|0.000000|-1|-1|0|1|-1|-1
1882|157|43|HOH|A|366|1|0|000|16.727531|-1.000000|-1.000000|0.000000|-1|-1|0|1|-1|-1
1882|158|43|HOH|A|367|1|0|000|18.825117|-1.000000|-1.000000|0.000000|-1|-1|0|1|-1|-1
1882|159|43|HOH|A|368|1|0|000|13.684454|-1.000000|-1.000000|0.000000|-1|-1|0|1|-1|-1
1882|160|43|HOH|A|369|1|0|000|16.095867|-1.000000|-1.000000|0.000000|-1|-1|0|1|-1|-1
1882|161|43|HOH|A|370|1|0|000|14.346080|-1.000000|-1.000000|0.000000|-1|-1|0|1|-1|-1
1882|162|43|HOH|A|371|1|0|000|16.537287|-1.000000|-1.000000|0.000000|-1|-1|0|1|-1|-1
1882|163|43|HOH|A|372|1|0|000|18.958426|-1.000000|-1.000000|0.000000|-1|-1|0|1|-1|-1
1882|164|43|HOH|A|373|1|0|000|18.903849|-1.000000|-1.000000|0.000000|-1|-1|0|1|-1|-1
1882|165|43|HOH|A|374|1|0|000|18.829317|-1.000000|-1.000000|0.000000|-1|-1|0|1|-1|-1
1882|166|43|HOH|A|375|1|0|000|14.517105|-1.000000|-1.000000|0.000000|-1|-1|0|1|-1|-1
1882|167|43|HOH|A|376|1|0|000|13.875985|-1.000000|-1.000000|0.000000|-1|-1|0|1|-1|-1
1882|168|43|HOH|A|377|1|0|000|16.883715|-1.000000|-1.000000|0.000000|-1|-1|0|1|-1|-1
1882|169|43|HOH|A|378|1|0|000|17.525215|-1.000000|-1.000000|0.000000|-1|-1|0|1|-1|-1
1882|170|43|HOH|A|379|1|0|000|17.008921|-1.000000|-1.000000|0.000000|-1|-1|0|1|-1|-1
1882|171|43|HOH|A|380|1|0|000|10.798203|-1.000000|-1.000000|0.000000|-1|-1|0|1|-1|-1
1882|172|43|HOH|A|381|1|0|000|15.818727|-1.000000|-1.000000|0.000000|-1|-1|0|1|-1|-1
1882|173|43|HOH|A|382|1|0|000|17.112350|-1.000000|-1.000000|0.000000|-1|-1|0|1|-1|-1
1882|174|43|HOH|A|383|1|0|000|12.443322|-1.000000|-1.000000|0.000000|-1|-1|0|1|-1|-1
