567|0|11|SER|A|129|13|0|000|31.022146|-1.000000|-1.000000|0.000000|-1|-1|0|0|-1|1
567|1|35|PHE|A|130|20|0|000|29.938757|-1.000000|-1.000000|0.000000|-1|-1|0|0|0|2
567|2|13|THR|A|131|14|0|000|26.208935|-1.000000|-1.000000|0.000000|-1|-1|0|0|1|3
567|3|1|GLY|A|132|7|0|000|27.159172|-1.000000|-1.000000|0.000000|-1|-1|0|0|2|4
567|4|29|LYS|A|133|22|0|000|21.674524|-1.000000|-1.000000|0.000000|-1|-1|0|0|3|5
567|5|19|PRO|A|134|14|0|000|20.893597|-1.000000|-1.000000|0.000000|-1|-1|0|0|4|6
567|6|7|LEU|A|135|19|0|000|18.739408|-1.000000|-1.000000|0.000000|-1|-1|0|0|5|7
567|7|7|LEU|A|136|19|0|000|14.039291|-1.000000|-1.000000|0.000000|-1|-1|0|0|6|8
567|8|1|GLY|A|137|7|0|000|11.983446|-1.000000|-1.000000|0.000000|-1|-1|0|0|7|9
567|9|1|GLY|A|138|7|0|000|14.711087|-1.000000|-1.000000|0.000000|-1|-1|0|0|8|10
567|10|19|PRO|A|139|14|0|000|17.092232|-1.000000|-1.000000|0.000000|-1|-1|0|0|9|11
567|11|35|PHE|A|140|20|0|000|12.449183|-1.000000|-1.000000|0.000000|-1|-1|0|0|10|12
567|12|11|SER|A|141|11|0|000|15.652553|-1.000000|-1.000000|0.000000|-1|-1|0|0|11|13
567|13|7|LEU|A|142|19|0|000|11.129058|-1.000000|-1.000000|0.000000|-1|-1|0|0|12|14
567|14|13|THR|A|143|14|0|000|14.877749|-1.000000|-1.000000|0.000000|-1|-1|0|0|13|15
567|15|13|THR|A|144|14|0|000|13.326128|-1.000000|-1.000000|0.000000|-1|-1|0|0|14|16
567|16|33|HIS|A|145|17|0|000|13.694501|-1.000000|-1.000000|0.000000|-1|-1|0|0|15|17
567|17|13|THR|A|146|14|0|000|16.749674|-1.000000|-1.000000|0.000000|-1|-1|0|0|16|18
567|18|1|GLY|A|147|7|0|000|18.148384|-1.000000|-1.000000|0.000000|-1|-1|0|0|17|19
567|19|25|GLU|A|148|15|0|000|16.953243|-1.000000|-1.000000|0.000000|-1|-1|0|0|18|20
567|20|31|ARG|A|149|24|0|000|17.190855|-1.000000|-1.000000|0.000000|-1|-1|0|0|19|21
567|21|29|LYS|A|150|22|0|000|13.471265|-1.000000|-1.000000|0.000000|-1|-1|0|0|20|22
567|22|13|THR|A|151|14|0|000|14.662669|-1.000000|-1.000000|0.000000|-1|-1|0|0|21|23
567|23|21|ASP|A|152|12|0|000|13.310987|-1.000000|-1.000000|0.000000|-1|-1|0|0|22|24
567|24|29|LYS|A|153|22|0|000|16.400543|-1.000000|-1.000000|0.000000|-1|-1|0|0|23|25
567|25|21|ASP|A|154|12|0|000|13.697389|-1.000000|-1.000000|0.000000|-1|-1|0|0|24|26
567|26|37|TYR|A|155|21|0|000|9.583302|-1.000000|-1.000000|0.000000|-1|-1|0|0|25|27
567|27|7|LEU|A|156|19|0|000|13.746450|-1.000000|-1.000000|0.000000|-1|-1|0|0|26|28
567|28|1|GLY|A|157|7|0|000|15.470960|-1.000000|-1.000000|0.000000|-1|-1|0|0|27|29
567|29|27|GLN|A|158|17|0|000|13.240323|-1.000000|-1.000000|0.000000|-1|-1|0|0|28|30
567|30|39|TRP|A|159|24|0|000|13.507196|-1.000000|-1.000000|0.000000|-1|-1|0|0|29|31
567|31|7|LEU|A|160|19|0|000|7.472109|-1.000000|-1.000000|0.000000|-1|-1|0|0|30|32
567|32|7|LEU|A|161|19|0|000|6.237320|-1.000000|-1.000000|0.000000|-1|-1|0|0|31|33
567|33|9|ILE|A|162|19|0|000|3.399547|-1.000000|-1.000000|0.000000|-1|-1|0|0|32|34
567|34|37|TYR|A|163|21|0|000|4.818731|-1.000000|-1.000000|0.000000|-1|-1|0|0|33|35
567|35|35|PHE|A|164|20|0|000|6.238918|-1.000000|-1.000000|0.000000|-1|-1|0|0|34|36
567|36|1|GLY|A|165|7|0|000|8.026345|-1.000000|-1.000000|0.000000|-1|-1|0|0|35|37
567|37|35|PHE|A|166|20|0|000|13.512072|-1.000000|-1.000000|0.000000|-1|-1|0|0|36|38
567|38|13|THR|A|167|14|0|000|13.922092|-1.000000|-1.000000|0.000000|-1|-1|0|0|37|39
567|39|33|HIS|A|168|18|0|000|17.614559|-1.000000|-1.000000|0.000000|-1|-1|0|0|38|40
567|40|15|CYS|A|169|10|0|000|16.085182|-1.000000|-1.000000|0.000000|-1|-1|0|0|39|41
567|41|19|PRO|A|170|14|0|000|19.415812|-1.000000|-1.000000|0.000000|-1|-1|0|0|40|42
567|42|21|ASP|A|171|12|0|000|17.469242|-1.000000|-1.000000|0.000000|-1|-1|0|0|41|43
567|43|5|VAL|A|172|16|0|000|13.973037|-1.000000|-1.000000|0.000000|-1|-1|0|0|42|44
567|44|15|CYS|A|173|10|0|000|11.123897|-1.000000|-1.000000|0.000000|-1|-1|0|0|43|45
567|45|7|LEU|A|174|19|0|000|14.944690|-1.000000|-1.000000|0.000000|-1|-1|0|0|44|46
567|46|25|GLU|A|175|15|0|000|15.080611|-1.000000|-1.000000|0.000000|-1|-1|0|0|45|47
567|47|25|GLU|A|176|15|0|000|10.844695|-1.000000|-1.000000|0.000000|-1|-1|0|0|46|48
567|48|7|LEU|A|177|19|0|000|9.087395|-1.000000|-1.000000|0.000000|-1|-1|0|0|47|49
567|49|25|GLU|A|178|15|0|000|14.740271|-1.000000|-1.000000|0.000000|-1|-1|0|0|48|50
567|50|29|LYS|A|179|22|0|000|14.233258|-1.000000|-1.000000|0.000000|-1|-1|0|0|49|51
567|51|17|MET|A|180|17|0|000|8.769435|-1.000000|-1.000000|0.000000|-1|-1|0|0|50|52
567|52|9|ILE|A|181|19|0|000|10.919116|-1.000000|-1.000000|0.000000|-1|-1|0|0|51|53
567|53|27|GLN|A|182|17|0|000|15.999194|-1.000000|-1.000000|0.000000|-1|-1|0|0|52|54
567|54|5|VAL|A|183|16|0|000|13.476269|-1.000000|-1.000000|0.000000|-1|-1|0|0|53|55
567|55|5|VAL|A|184|16|0|000|11.694236|-1.000000|-1.000000|0.000000|-1|-1|0|0|54|56
567|56|21|ASP|A|185|12|0|000|15.949660|-1.000000|-1.000000|0.000000|-1|-1|0|0|55|57
567|57|25|GLU|A|186|15|0|000|18.182571|-1.000000|-1.000000|0.000000|-1|-1|0|0|56|58
567|58|9|ILE|A|187|19|0|000|15.403154|-1.000000|-1.000000|0.000000|-1|-1|0|0|57|59
567|59|21|ASP|A|188|12|0|000|17.738298|-1.000000|-1.000000|0.000000|-1|-1|0|0|58|60
567|60|11|SER|A|189|11|0|000|21.129700|-1.000000|-1.000000|0.000000|-1|-1|0|0|59|61
567|61|9|ILE|A|190|19|0|000|21.646526|-1.000000|-1.000000|0.000000|-1|-1|0|0|60|62
567|62|13|THR|A|191|14|0|000|22.354221|-1.000000|-1.000000|0.000000|-1|-1|0|0|61|63
567|63|13|THR|A|192|14|0|000|23.036310|-1.000000|-1.000000|0.000000|-1|-1|0|0|62|64
567|64|7|LEU|A|193|19|0|000|18.527220|-1.000000|-1.000000|0.000000|-1|-1|0|0|63|65
567|65|19|PRO|A|194|14|0|000|16.189280|-1.000000|-1.000000|0.000000|-1|-1|0|0|64|66
567|66|21|ASP|A|195|12|0|000|15.015259|-1.000000|-1.000000|0.000000|-1|-1|0|0|65|67
567|67|7|LEU|A|196|19|0|000|10.648555|-1.000000|-1.000000|0.000000|-1|-1|0|0|66|68
567|68|13|THR|A|197|14|0|000|8.389691|-1.000000|-1.000000|0.000000|-1|-1|0|0|67|69
567|69|19|PRO|A|198|14|0|000|7.109577|-1.000000|-1.000000|0.000000|-1|-1|0|0|68|70
567|70|7|LEU|A|199|19|0|000|4.270324|-1.000000|-1.000000|0.000000|-1|-1|0|0|69|71
567|71|35|PHE|A|200|20|0|000|6.399473|-1.000000|-1.000000|0.000000|-1|-1|0|0|70|72
567|72|9|ILE|A|201|19|0|000|5.549394|-1.000000|-1.000000|0.000000|-1|-1|0|0|71|73
567|73|11|SER|A|202|11|0|000|10.062958|-1.000000|-1.000000|0.000000|-1|-1|0|0|72|74
567|74|9|ILE|A|203|19|0|000|10.969184|-1.000000|-1.000000|0.000000|-1|-1|0|0|73|75
567|75|21|ASP|A|204|12|0|000|14.986222|-1.000000|-1.000000|0.000000|-1|-1|0|0|74|76
567|76|19|PRO|A|205|14|0|000|15.702812|-1.000000|-1.000000|0.000000|-1|-1|0|0|75|77
567|77|25|GLU|A|206|15|0|000|19.609329|-1.000000|-1.000000|0.000000|-1|-1|0|0|76|78
567|78|31|ARG|A|207|24|0|000|22.204741|-1.000000|-1.000000|0.000000|-1|-1|0|0|77|79
567|79|21|ASP|A|208|12|0|000|15.981256|-1.000000|-1.000000|0.000000|-1|-1|0|0|78|80
567|80|13|THR|A|209|14|0|000|18.493893|-1.000000|-1.000000|0.000000|-1|-1|0|0|79|81
567|81|29|LYS|A|210|22|0|000|17.415174|-1.000000|-1.000000|0.000000|-1|-1|0|0|80|82
567|82|25|GLU|A|211|15|0|000|19.860645|-1.000000|-1.000000|0.000000|-1|-1|0|0|81|83
567|83|3|ALA|A|212|10|0|000|17.445402|-1.000000|-1.000000|0.000000|-1|-1|0|0|82|84
567|84|9|ILE|A|213|19|0|000|12.884286|-1.000000|-1.000000|0.000000|-1|-1|0|0|83|85
567|85|3|ALA|A|214|10|0|000|16.116224|-1.000000|-1.000000|0.000000|-1|-1|0|0|84|86
567|86|23|ASN|A|215|14|0|000|18.125847|-1.000000|-1.000000|0.000000|-1|-1|0|0|85|87
567|87|37|TYR|A|216|21|0|000|12.104742|-1.000000|-1.000000|0.000000|-1|-1|0|0|86|88
567|88|5|VAL|A|217|16|0|000|12.347768|-1.000000|-1.000000|0.000000|-1|-1|0|0|87|89
567|89|29|LYS|A|218|22|0|000|18.372026|-1.000000|-1.000000|0.000000|-1|-1|0|0|88|90
567|90|25|GLU|A|219|15|0|000|16.708647|-1.000000|-1.000000|0.000000|-1|-1|0|0|89|91
567|91|35|PHE|A|220|20|0|000|12.945518|-1.000000|-1.000000|0.000000|-1|-1|0|0|90|92
567|92|11|SER|A|221|11|0|000|13.532499|-1.000000|-1.000000|0.000000|-1|-1|0|0|91|93
567|93|19|PRO|A|222|14|0|000|15.249954|-1.000000|-1.000000|0.000000|-1|-1|0|0|92|94
567|94|29|LYS|A|223|22|0|000|13.144486|-1.000000|-1.000000|0.000000|-1|-1|0|0|93|95
567|95|7|LEU|A|224|19|0|000|8.585484|-1.000000|-1.000000|0.000000|-1|-1|0|0|94|96
567|96|5|VAL|A|225|16|0|000|9.247801|-1.000000|-1.000000|0.000000|-1|-1|0|0|95|97
567|97|1|GLY|A|226|7|0|000|9.345858|-1.000000|-1.000000|0.000000|-1|-1|0|0|96|98
567|98|7|LEU|A|227|19|0|000|8.418595|-1.000000|-1.000000|0.000000|-1|-1|0|0|97|99
567|99|13|THR|A|228|14|0|000|12.532906|-1.000000|-1.000000|0.000000|-1|-1|0|0|98|100
567|100|1|GLY|A|229|7|0|000|14.760226|-1.000000|-1.000000|0.000000|-1|-1|0|0|99|101
567|101|13|THR|A|230|14|0|000|17.522940|-1.000000|-1.000000|0.000000|-1|-1|0|0|100|102
567|102|31|ARG|A|231|24|0|000|16.546698|-1.000000|-1.000000|0.000000|-1|-1|0|0|101|103
567|103|25|GLU|A|232|15|0|000|18.797365|-1.000000|-1.000000|0.000000|-1|-1|0|0|102|104
567|104|25|GLU|A|233|15|0|000|15.008070|-1.000000|-1.000000|0.000000|-1|-1|0|0|103|105
567|105|5|VAL|A|234|16|0|000|12.145625|-1.000000|-1.000000|0.000000|-1|-1|0|0|104|106
567|106|21|ASP|A|235|12|0|000|15.498178|-1.000000|-1.000000|0.000000|-1|-1|0|0|105|107
567|107|27|GLN|A|236|17|0|000|14.962503|-1.000000|-1.000000|0.000000|-1|-1|0|0|106|108
567|108|5|VAL|A|237|16|0|000|9.765063|-1.000000|-1.000000|0.000000|-1|-1|0|0|107|109
567|109|3|ALA|A|238|10|0|000|11.079916|-1.000000|-1.000000|0.000000|-1|-1|0|0|108|110
567|110|31|ARG|A|239|24|0|000|16.496281|-1.000000|-1.000000|0.000000|-1|-1|0|0|109|111
567|111|3|ALA|A|240|10|0|000|13.094586|-1.000000|-1.000000|0.000000|-1|-1|0|0|110|112
567|112|37|TYR|A|241|21|0|000|8.840587|-1.000000|-1.000000|0.000000|-1|-1|0|0|111|113
567|113|31|ARG|A|242|24|0|000|16.073679|-1.000000|-1.000000|0.000000|-1|-1|0|0|112|114
567|114|5|VAL|A|243|16|0|000|10.730122|-1.000000|-1.000000|0.000000|-1|-1|0|0|113|115
567|115|37|TYR|A|244|21|0|000|17.773439|-1.000000|-1.000000|0.000000|-1|-1|0|0|114|116
567|116|37|TYR|A|245|21|0|000|13.985203|-1.000000|-1.000000|0.000000|-1|-1|0|0|115|117
567|117|11|SER|A|246|11|0|000|18.097826|-1.000000|-1.000000|0.000000|-1|-1|0|0|116|118
567|118|19|PRO|A|247|14|0|000|18.327040|-1.000000|-1.000000|0.000000|-1|-1|0|0|117|119
567|119|1|GLY|A|248|7|0|000|20.927456|-1.000000|-1.000000|0.000000|-1|-1|0|0|118|120
567|120|19|PRO|A|249|14|0|000|24.135120|-1.000000|-1.000000|0.000000|-1|-1|0|0|119|121
567|121|29|LYS|A|250|22|0|000|24.868010|-1.000000|-1.000000|0.000000|-1|-1|0|0|120|122
567|122|21|ASP|A|251|12|0|000|28.695942|-1.000000|-1.000000|0.000000|-1|-1|0|0|121|123
567|123|25|GLU|A|252|15|0|000|31.177137|-1.000000|-1.000000|0.000000|-1|-1|0|0|122|124
567|124|21|ASP|A|253|12|0|000|30.869684|-1.000000|-1.000000|0.000000|-1|-1|0|0|123|125
567|125|25|GLU|A|254|15|0|000|27.435959|-1.000000|-1.000000|0.000000|-1|-1|0|0|124|126
567|126|21|ASP|A|255|12|0|000|24.560472|-1.000000|-1.000000|0.000000|-1|-1|0|0|125|127
567|127|37|TYR|A|256|21|0|000|20.218626|-1.000000|-1.000000|0.000000|-1|-1|0|0|126|128
567|128|9|ILE|A|257|19|0|000|21.054613|-1.000000|-1.000000|0.000000|-1|-1|0|0|127|129
567|129|5|VAL|A|258|16|0|000|16.593880|-1.000000|-1.000000|0.000000|-1|-1|0|0|128|130
567|130|21|ASP|A|259|12|0|000|15.443027|-1.000000|-1.000000|0.000000|-1|-1|0|0|129|131
567|131|33|HIS|A|260|17|0|000|11.876865|-1.000000|-1.000000|0.000000|-1|-1|0|0|130|132
567|132|13|THR|A|261|14|0|000|12.078271|-1.000000|-1.000000|0.000000|-1|-1|0|0|131|133
567|133|9|ILE|A|262|19|0|000|12.110586|-1.000000|-1.000000|0.000000|-1|-1|0|0|132|134
567|134|9|ILE|A|263|19|0|000|9.706725|-1.000000|-1.000000|0.000000|-1|-1|0|0|133|135
567|135|17|MET|A|264|17|0|000|4.675490|-1.000000|-1.000000|0.000000|-1|-1|0|0|134|136
567|136|37|TYR|A|265|21|0|000|7.965147|-1.000000|-1.000000|0.000000|-1|-1|0|0|135|137
567|137|7|LEU|A|266|19|0|000|9.916373|-1.000000|-1.000000|0.000000|-1|-1|0|0|136|138
567|138|9|ILE|A|267|19|0|000|9.042788|-1.000000|-1.000000|0.000000|-1|-1|0|0|137|139
567|139|1|GLY|A|268|7|0|000|12.949511|-1.000000|-1.000000|0.000000|-1|-1|0|0|138|140
567|140|19|PRO|A|269|14|0|000|15.622633|-1.000000|-1.000000|0.000000|-1|-1|0|0|139|141
567|141|21|ASP|A|270|12|0|000|17.939686|-1.000000|-1.000000|0.000000|-1|-1|0|0|140|142
567|142|1|GLY|A|271|7|0|000|15.153571|-1.000000|-1.000000|0.000000|-1|-1|0|0|141|143
567|143|25|GLU|A|272|15|0|000|14.984693|-1.000000|-1.000000|0.000000|-1|-1|0|0|142|144
567|144|35|PHE|A|273|20|0|000|12.054689|-1.000000|-1.000000|0.000000|-1|-1|0|0|143|145
567|145|7|LEU|A|274|19|0|000|14.850384|-1.000000|-1.000000|0.000000|-1|-1|0|0|144|146
567|146|21|ASP|A|275|12|0|000|12.334868|-1.000000|-1.000000|0.000000|-1|-1|0|0|145|147
567|147|37|TYR|A|276|21|0|000|12.507885|-1.000000|-1.000000|0.000000|-1|-1|0|0|146|148
567|148|35|PHE|A|277|20|0|000|10.105474|-1.000000|-1.000000|0.000000|-1|-1|0|0|147|149
567|149|1|GLY|A|278|7|0|000|11.210370|-1.000000|-1.000000|0.000000|-1|-1|0|0|148|150
567|150|27|GLN|A|279|17|0|000|14.500035|-1.000000|-1.000000|0.000000|-1|-1|0|0|149|151
567|151|23|ASN|A|280|14|0|000|17.275124|-1.000000|-1.000000|0.000000|-1|-1|0|0|150|152
567|152|29|LYS|A|281|22|0|000|14.841730|-1.000000|-1.000000|0.000000|-1|-1|0|0|151|153
567|153|31|ARG|A|282|24|0|000|19.539480|-1.000000|-1.000000|0.000000|-1|-1|0|0|152|154
567|154|29|LYS|A|283|22|0|000|17.224403|-1.000000|-1.000000|0.000000|-1|-1|0|0|153|155
567|155|1|GLY|A|284|7|0|000|18.787138|-1.000000|-1.000000|0.000000|-1|-1|0|0|154|156
567|156|25|GLU|A|285|15|0|000|18.489254|-1.000000|-1.000000|0.000000|-1|-1|0|0|155|157
567|157|9|ILE|A|286|19|0|000|13.194031|-1.000000|-1.000000|0.000000|-1|-1|0|0|156|158
567|158|3|ALA|A|287|10|0|000|16.949551|-1.000000|-1.000000|0.000000|-1|-1|0|0|157|159
567|159|3|ALA|A|288|10|0|000|19.276140|-1.000000|-1.000000|0.000000|-1|-1|0|0|158|160
567|160|11|SER|A|289|11|0|000|15.980416|-1.000000|-1.000000|0.000000|-1|-1|0|0|159|161
567|161|9|ILE|A|290|19|0|000|14.155372|-1.000000|-1.000000|0.000000|-1|-1|0|0|160|162
567|162|3|ALA|A|291|10|0|000|19.633522|-1.000000|-1.000000|0.000000|-1|-1|0|0|161|163
567|163|13|THR|A|292|14|0|000|20.012178|-1.000000|-1.000000|0.000000|-1|-1|0|0|162|164
567|164|33|HIS|A|293|17|0|000|16.314281|-1.000000|-1.000000|0.000000|-1|-1|0|0|163|165
567|165|17|MET|A|294|17|0|000|20.791122|-1.000000|-1.000000|0.000000|-1|-1|0|0|164|166
567|166|31|ARG|A|295|24|0|000|24.656282|-1.000000|-1.000000|0.000000|-1|-1|0|0|165|167
567|167|19|PRO|A|296|14|0|000|22.554258|-1.000000|-1.000000|0.000000|-1|-1|0|0|166|168
567|168|37|TYR|A|297|21|0|000|20.355080|-1.000000|-1.000000|0.000000|-1|-1|0|0|167|169
567|169|31|ARG|A|298|24|0|000|24.652916|-1.000000|-1.000000|0.000000|-1|-1|0|0|168|170
567|170|29|LYS|A|299|22|0|000|20.254539|-1.000000|-1.000000|0.000000|-1|-1|0|0|169|171
567|171|29|LYS|A|300|22|0|000|26.527491|-1.000000|-1.000000|0.000000|-1|-1|0|0|170|172
567|172|11|SER|A|301|12|0|000|25.511141|-1.000000|-1.000000|0.000000|-1|-1|0|0|171|-1
567|173|46|CU1|A|302|1|1|000|12.769622|-1.000000|-1.000000|0.000000|-1|-1|0|1|-1|-1
