331|0|-1|1393|36|344|HIS|_CU|3346|306|2737|-NE2|CU--|1340|7|29|3|0011|2.084458|-0.948928|0.224999|-0.221160|14.294922|0.277394|1.161968
331|1|-1|1991|52|344|HIS|_CU|3346|430|2737|-NE2|CU--|1340|7|29|3|0011|2.158113|0.154302|-0.534727|-0.830818|6.297912|0.227322|0.952225
331|2|-1|2387|61|344|HIS|_CU|3346|510|2737|-NE2|CU--|1340|7|29|3|0011|2.374618|0.021477|-0.674214|0.738224|34.511463|0.126624|0.530411
331|3|-1|6734|188|345|HIS|_CU|3346|1509|2738|-NE2|CU--|1340|7|29|3|0011|2.057622|0.989006|-0.083592|0.121985|14.116806|0.298260|1.249374
331|4|-1|6909|192|345|HIS|_CU|3346|1545|2738|-NE2|CU--|1340|7|29|3|0011|2.089115|-0.051218|0.996595|-0.064621|5.380565|0.273924|1.147433
331|5|-1|7545|214|345|HIS|_CU|3346|1717|2738|-NE2|CU--|1340|7|29|3|0011|2.176297|-0.248128|-0.476957|0.843175|7.297835|0.216420|0.906558
331|6|-1|10248|304|351|HIS|_CU|3346|2446|2754|-NE2|CU--|1340|7|29|3|0011|2.124552|0.020240|0.817114|0.576121|22.657629|0.248906|1.042637
331|7|-1|10741|320|345|TYR|_CU|3746|2573|2738|-OH-|CU--|1840|8|29|3|0011|3.994999|-0.453066|0.322654|-0.831039|1.328948|0.001912|0.004165
331|8|-1|11378|345|344|_CU|_CU|4646|2738|2737|CU--|CU--|4040|29|29|1|0011|3.551283|0.501509|0.692426|0.518686|15.290582|-0.001000|-0.001000
331|9|-1|11378|344|345|_CU|_CU|4646|2737|2738|CU--|CU--|4040|29|29|1|0011|3.551283|-0.501509|-0.692426|-0.518686|15.290582|-0.001000|-0.001000
331|10|-1|11379|350|344|PER|_CU|5346|2752|2737|-O1-|CU--|3140|8|29|1|0011|2.042295|0.826032|0.541548|0.156197|2.855473|0.374607|0.815871
331|11|-1|11380|350|344|PER|_CU|5346|2753|2737|-O2-|CU--|3140|8|29|1|0011|2.038436|0.217814|0.950238|0.222720|5.351819|0.378534|0.824423
331|12|-1|11381|350|345|PER|_CU|5346|2752|2738|-O1-|CU--|3140|8|29|1|0011|2.039357|-0.046093|-0.663444|-0.746804|9.994781|0.377594|0.822375
331|13|-1|11382|350|345|PER|_CU|5346|2753|2738|-O2-|CU--|3140|8|29|1|0011|1.996647|-0.669623|-0.261438|-0.695166|6.717920|0.423796|0.923000
331|14|-1|11383|576|346|HOH|_CU|4346|2985|2739|-O--|CU--|2840|8|29|3|0011|2.779000|-0.000000|-0.000000|-1.000000|45.835667|0.051151|0.111404
331|15|-1|11412|613|351|HOH|_CU|4346|3022|2754|-O--|CU--|2840|8|29|3|0011|3.437696|0.437793|-0.770283|0.463682|32.371845|0.008624|0.018782
331|16|-1|12744|576|346|HOH|_CU|4346|2985|2739|-O--|CU--|2840|8|29|3|1011|2.779000|-0.000188|-0.000000|-1.000000|45.835667|0.051151|0.111404
331|17|-1|12745|592|346|HOH|_CU|4346|3001|2739|-O--|CU--|2840|8|29|3|1011|4.866680|0.012015|-0.439108|-0.898354|39.706493|0.000181|0.000395
