274|0|30|102|152|HIS|_ZN|HOH|334643|245|830|880|-NE2|ZN--|-O--|134028|860|2722|2.105703|3.315194|4.704118|118.697795
274|1|30|102|137|HIS|_ZN|HOH|334643|245|830|865|-NE2|ZN--|-O--|134028|860|2723|2.105703|2.193268|3.045639|90.195416
274|2|30|102|30|HIS|_ZN|HIS|334633|245|830|245|-NE2|ZN--|-NE2|134013|860|6750|2.105703|2.101912|3.196876|98.890157
274|3|30|102|30|HIS|_ZN|HIS|334633|245|830|245|-NE2|ZN--|-NE2|134013|860|6751|2.105703|2.108676|3.196855|98.674605
274|4|30|102|137|HIS|_ZN|HOH|334643|245|830|865|-NE2|ZN--|-O--|134028|860|6753|2.105703|2.187828|3.138226|93.907501
274|5|30|102|137|HIS|_ZN|HOH|334643|245|830|865|-NE2|ZN--|-O--|134028|860|6754|2.105703|2.190490|4.249355|163.060216
274|6|30|102|152|HIS|_ZN|HOH|334643|245|830|880|-NE2|ZN--|-O--|134028|860|6756|2.105703|3.315269|4.719497|119.374975
274|7|30|102|152|HIS|_ZN|HOH|334643|245|830|880|-NE2|ZN--|-O--|134028|860|6757|2.105703|3.315282|4.692247|118.173691
274|8|137|102|152|HOH|_ZN|HOH|434643|865|830|880|-O--|ZN--|-O--|284028|2723|2722|2.193268|3.315194|2.353241|45.109710
274|9|30|102|152|HIS|_ZN|HOH|334643|245|830|880|-NE2|ZN--|-O--|134028|6750|2722|2.101912|3.315194|4.692251|118.307222
274|10|30|102|152|HIS|_ZN|HOH|334643|245|830|880|-NE2|ZN--|-O--|134028|6751|2722|2.108676|3.315194|4.719496|119.273665
274|11|137|102|152|HOH|_ZN|HOH|434643|865|830|880|-O--|ZN--|-O--|284028|6753|2722|2.187828|3.315194|2.307699|43.904526
274|12|137|102|152|HOH|_ZN|HOH|434643|865|830|880|-O--|ZN--|-O--|284028|6754|2722|2.190490|3.315194|2.335858|44.649400
274|13|152|102|152|HOH|_ZN|HOH|434643|880|830|880|-O--|ZN--|-O--|284028|2722|6756|3.315194|3.315269|0.069670|1.204105
274|14|152|102|152|HOH|_ZN|HOH|434643|880|830|880|-O--|ZN--|-O--|284028|2722|6757|3.315194|3.315282|0.069671|1.204111
274|15|30|102|137|HIS|_ZN|HOH|334643|245|830|865|-NE2|ZN--|-O--|134028|6750|2723|2.101912|2.193268|4.249373|163.245460
274|16|30|102|137|HIS|_ZN|HOH|334643|245|830|865|-NE2|ZN--|-O--|134028|6751|2723|2.108676|2.193268|3.138218|93.666251
274|17|137|102|137|HOH|_ZN|HOH|434643|865|830|865|-O--|ZN--|-O--|284028|2723|6753|2.193268|2.187828|2.661781|74.826516
274|18|137|102|137|HOH|_ZN|HOH|434643|865|830|865|-O--|ZN--|-O--|284028|2723|6754|2.193268|2.190490|2.661779|74.773313
274|19|137|102|152|HOH|_ZN|HOH|434643|865|830|880|-O--|ZN--|-O--|284028|2723|6756|2.193268|3.315269|2.335865|44.653328
274|20|137|102|152|HOH|_ZN|HOH|434643|865|830|880|-O--|ZN--|-O--|284028|2723|6757|2.193268|3.315282|2.307706|43.915211
274|21|30|102|30|HIS|_ZN|HIS|334633|245|830|245|-NE2|ZN--|-NE2|134013|6750|6751|2.101912|2.108676|3.196876|98.795566
274|22|30|102|137|HIS|_ZN|HOH|334643|245|830|865|-NE2|ZN--|-O--|134028|6750|6753|2.101912|2.187828|3.045641|90.444199
274|23|30|102|137|HIS|_ZN|HOH|334643|245|830|865|-NE2|ZN--|-O--|134028|6750|6754|2.101912|2.190490|3.138221|93.936367
274|24|30|102|152|HIS|_ZN|HOH|334643|245|830|880|-NE2|ZN--|-O--|134028|6750|6756|2.101912|3.315269|4.704124|118.826426
274|25|30|102|152|HIS|_ZN|HOH|334643|245|830|880|-NE2|ZN--|-O--|134028|6750|6757|2.101912|3.315282|4.719501|119.508133
274|26|30|102|137|HIS|_ZN|HOH|334643|245|830|865|-NE2|ZN--|-O--|134028|6751|6753|2.108676|2.187828|4.249355|163.005287
274|27|30|102|137|HIS|_ZN|HOH|334643|245|830|865|-NE2|ZN--|-O--|134028|6751|6754|2.108676|2.190490|3.045645|90.193486
274|28|30|102|152|HIS|_ZN|HOH|334643|245|830|880|-NE2|ZN--|-O--|134028|6751|6756|2.108676|3.315269|4.692247|118.072793
274|29|30|102|152|HIS|_ZN|HOH|334643|245|830|880|-NE2|ZN--|-O--|134028|6751|6757|2.108676|3.315282|4.704119|118.591569
274|30|137|102|137|HOH|_ZN|HOH|434643|865|830|865|-O--|ZN--|-O--|284028|6753|6754|2.187828|2.190490|2.661762|74.881623
274|31|137|102|152|HOH|_ZN|HOH|434643|865|830|880|-O--|ZN--|-O--|284028|6753|6756|2.187828|3.315269|2.353235|45.099031
274|32|137|102|152|HOH|_ZN|HOH|434643|865|830|880|-O--|ZN--|-O--|284028|6753|6757|2.187828|3.315282|2.335860|44.642638
274|33|137|102|152|HOH|_ZN|HOH|434643|865|830|880|-O--|ZN--|-O--|284028|6754|6756|2.190490|3.315269|2.307699|43.909092
274|34|137|102|152|HOH|_ZN|HOH|434643|865|830|880|-O--|ZN--|-O--|284028|6754|6757|2.190490|3.315282|2.353235|45.103229
274|35|152|102|152|HOH|_ZN|HOH|434643|880|830|880|-O--|ZN--|-O--|284028|6756|6757|3.315269|3.315282|0.069670|1.204092
274|36|81|103|399|HIS|_ZN|HOH|334643|660|831|1127|-NE2|ZN--|-O--|134028|2211|6763|2.079300|3.836061|5.543868|137.150769
274|37|81|103|390|HIS|_ZN|HOH|334643|660|831|1118|-NE2|ZN--|-O--|134028|2211|6769|2.079300|3.757730|5.005759|115.038004
274|38|81|103|390|HIS|_ZN|HOH|334643|660|831|1118|-NE2|ZN--|-O--|134028|2211|6770|2.079300|3.757730|5.005759|115.038004
274|39|81|103|390|HIS|_ZN|HOH|334643|660|831|1118|-NE2|ZN--|-O--|134028|2211|6771|2.079300|3.757730|5.005759|115.038004
274|40|81|103|399|HIS|_ZN|HOH|334643|660|831|1127|-NE2|ZN--|-O--|134028|2211|6773|2.079300|3.836071|5.184608|119.441274
274|41|81|103|81|HIS|_ZN|HIS|334633|660|831|660|-NE2|ZN--|-NE2|134013|2211|6779|2.079300|2.079288|3.263000|103.375029
274|42|81|103|81|HIS|_ZN|HIS|334633|660|831|660|-NE2|ZN--|-NE2|134013|2211|6780|2.079300|2.079300|3.263022|103.375613
274|43|81|103|408|HIS|_ZN|HOH|334643|660|831|1136|-NE2|ZN--|-O--|134028|2211|6782|2.079300|2.315689|3.049101|87.685619
274|44|81|103|408|HIS|_ZN|HOH|334643|660|831|1136|-NE2|ZN--|-O--|134028|2211|6783|2.079300|2.315696|4.282636|153.994572
274|45|81|103|399|HIS|_ZN|HOH|334643|660|831|1127|-NE2|ZN--|-O--|134028|2211|6789|2.079300|3.836077|3.681137|69.877416
274|46|81|103|408|HIS|_ZN|HOH|334643|660|831|1136|-NE2|ZN--|-O--|134028|2211|6791|2.079300|2.315694|3.286473|96.648682
274|47|390|103|399|HOH|_ZN|HOH|434643|1118|831|1127|-O--|ZN--|-O--|284028|6769|6763|3.757730|3.836061|2.973095|46.083470
274|48|390|103|399|HOH|_ZN|HOH|434643|1118|831|1127|-O--|ZN--|-O--|284028|6770|6763|3.757730|3.836061|2.973095|46.083470
274|49|390|103|399|HOH|_ZN|HOH|434643|1118|831|1127|-O--|ZN--|-O--|284028|6771|6763|3.757730|3.836061|2.973095|46.083470
274|50|399|103|399|HOH|_ZN|HOH|434643|1127|831|1127|-O--|ZN--|-O--|284028|6763|6773|3.836061|3.836071|4.786197|77.194459
274|51|81|103|399|HIS|_ZN|HOH|334643|660|831|1127|-NE2|ZN--|-O--|134028|6779|6763|2.079288|3.836061|3.681135|69.877804
274|52|81|103|399|HIS|_ZN|HOH|334643|660|831|1127|-NE2|ZN--|-O--|134028|6780|6763|2.079300|3.836061|5.184587|119.440719
274|53|399|103|408|HOH|_ZN|HOH|434643|1127|831|1136|-O--|ZN--|-O--|284028|6763|6782|3.836061|2.315689|4.337769|85.928120
274|54|399|103|408|HOH|_ZN|HOH|434643|1127|831|1136|-O--|ZN--|-O--|284028|6763|6783|3.836061|2.315696|2.470417|38.131727
274|55|399|103|399|HOH|_ZN|HOH|434643|1127|831|1127|-O--|ZN--|-O--|284028|6763|6789|3.836061|3.836077|4.786212|77.194674
274|56|399|103|408|HOH|_ZN|HOH|434643|1127|831|1136|-O--|ZN--|-O--|284028|6763|6791|3.836061|2.315694|2.636253|42.359986
274|57|390|103|390|HOH|_ZN|HOH|434643|1118|831|1118|-O--|ZN--|-O--|284028|6769|6770|3.757730|3.757730|0.000000|0.000000
274|58|390|103|390|HOH|_ZN|HOH|434643|1118|831|1118|-O--|ZN--|-O--|284028|6769|6771|3.757730|3.757730|0.000000|0.000000
274|59|390|103|399|HOH|_ZN|HOH|434643|1118|831|1127|-O--|ZN--|-O--|284028|6769|6773|3.757730|3.836071|2.973107|46.083597
274|60|81|103|390|HIS|_ZN|HOH|334643|660|831|1118|-NE2|ZN--|-O--|134028|6779|6769|2.079288|3.757730|5.005754|115.038143
274|61|81|103|390|HIS|_ZN|HOH|334643|660|831|1118|-NE2|ZN--|-O--|134028|6780|6769|2.079300|3.757730|5.005759|115.038004
274|62|390|103|408|HOH|_ZN|HOH|434643|1118|831|1136|-O--|ZN--|-O--|284028|6769|6782|3.757730|2.315689|2.475886|39.891766
274|63|390|103|408|HOH|_ZN|HOH|434643|1118|831|1136|-O--|ZN--|-O--|284028|6769|6783|3.757730|2.315696|2.475893|39.891983
274|64|390|103|399|HOH|_ZN|HOH|434643|1118|831|1127|-O--|ZN--|-O--|284028|6769|6789|3.757730|3.836077|2.973115|46.083690
274|65|390|103|408|HOH|_ZN|HOH|434643|1118|831|1136|-O--|ZN--|-O--|284028|6769|6791|3.757730|2.315694|2.475890|39.891916
274|66|390|103|390|HOH|_ZN|HOH|434643|1118|831|1118|-O--|ZN--|-O--|284028|6770|6771|3.757730|3.757730|0.000000|0.000000
274|67|390|103|399|HOH|_ZN|HOH|434643|1118|831|1127|-O--|ZN--|-O--|284028|6770|6773|3.757730|3.836071|2.973107|46.083597
274|68|81|103|390|HIS|_ZN|HOH|334643|660|831|1118|-NE2|ZN--|-O--|134028|6779|6770|2.079288|3.757730|5.005754|115.038143
274|69|81|103|390|HIS|_ZN|HOH|334643|660|831|1118|-NE2|ZN--|-O--|134028|6780|6770|2.079300|3.757730|5.005759|115.038004
274|70|390|103|408|HOH|_ZN|HOH|434643|1118|831|1136|-O--|ZN--|-O--|284028|6770|6782|3.757730|2.315689|2.475886|39.891766
274|71|390|103|408|HOH|_ZN|HOH|434643|1118|831|1136|-O--|ZN--|-O--|284028|6770|6783|3.757730|2.315696|2.475893|39.891983
274|72|390|103|399|HOH|_ZN|HOH|434643|1118|831|1127|-O--|ZN--|-O--|284028|6770|6789|3.757730|3.836077|2.973115|46.083690
274|73|390|103|408|HOH|_ZN|HOH|434643|1118|831|1136|-O--|ZN--|-O--|284028|6770|6791|3.757730|2.315694|2.475890|39.891916
274|74|390|103|399|HOH|_ZN|HOH|434643|1118|831|1127|-O--|ZN--|-O--|284028|6771|6773|3.757730|3.836071|2.973107|46.083597
274|75|81|103|390|HIS|_ZN|HOH|334643|660|831|1118|-NE2|ZN--|-O--|134028|6779|6771|2.079288|3.757730|5.005754|115.038143
274|76|81|103|390|HIS|_ZN|HOH|334643|660|831|1118|-NE2|ZN--|-O--|134028|6780|6771|2.079300|3.757730|5.005759|115.038004
274|77|390|103|408|HOH|_ZN|HOH|434643|1118|831|1136|-O--|ZN--|-O--|284028|6771|6782|3.757730|2.315689|2.475886|39.891766
274|78|390|103|408|HOH|_ZN|HOH|434643|1118|831|1136|-O--|ZN--|-O--|284028|6771|6783|3.757730|2.315696|2.475893|39.891983
274|79|390|103|399|HOH|_ZN|HOH|434643|1118|831|1127|-O--|ZN--|-O--|284028|6771|6789|3.757730|3.836077|2.973115|46.083690
274|80|390|103|408|HOH|_ZN|HOH|434643|1118|831|1136|-O--|ZN--|-O--|284028|6771|6791|3.757730|2.315694|2.475890|39.891916
274|81|81|103|399|HIS|_ZN|HOH|334643|660|831|1127|-NE2|ZN--|-O--|134028|6779|6773|2.079288|3.836071|5.543867|137.150779
274|82|81|103|399|HIS|_ZN|HOH|334643|660|831|1127|-NE2|ZN--|-O--|134028|6780|6773|2.079300|3.836071|3.681134|69.877510
274|83|399|103|408|HOH|_ZN|HOH|434643|1127|831|1136|-O--|ZN--|-O--|284028|6773|6782|3.836071|2.315689|2.470433|38.131902
274|84|399|103|408|HOH|_ZN|HOH|434643|1127|831|1136|-O--|ZN--|-O--|284028|6773|6783|3.836071|2.315696|2.636245|42.359596
274|85|399|103|399|HOH|_ZN|HOH|434643|1127|831|1127|-O--|ZN--|-O--|284028|6773|6789|3.836071|3.836077|4.786234|77.194985
274|86|399|103|408|HOH|_ZN|HOH|434643|1127|831|1136|-O--|ZN--|-O--|284028|6773|6791|3.836071|2.315694|4.337789|85.928387
274|87|81|103|81|HIS|_ZN|HIS|334633|660|831|660|-NE2|ZN--|-NE2|134013|6779|6780|2.079288|2.079300|3.263000|103.375040
274|88|81|103|408|HIS|_ZN|HOH|334643|660|831|1136|-NE2|ZN--|-O--|134028|6779|6782|2.079288|2.315689|4.282618|153.994488
274|89|81|103|408|HIS|_ZN|HOH|334643|660|831|1136|-NE2|ZN--|-O--|134028|6779|6783|2.079288|2.315696|3.286478|96.649119
274|90|81|103|399|HIS|_ZN|HOH|334643|660|831|1127|-NE2|ZN--|-O--|134028|6779|6789|2.079288|3.836077|5.184597|119.440893
274|91|81|103|408|HIS|_ZN|HOH|334643|660|831|1136|-NE2|ZN--|-O--|134028|6779|6791|2.079288|2.315694|3.049099|87.685682
274|92|81|103|408|HIS|_ZN|HOH|334643|660|831|1136|-NE2|ZN--|-O--|134028|6780|6782|2.079300|2.315689|3.286482|96.649183
274|93|81|103|408|HIS|_ZN|HOH|334643|660|831|1136|-NE2|ZN--|-O--|134028|6780|6783|2.079300|2.315696|3.049096|87.685230
274|94|81|103|399|HIS|_ZN|HOH|334643|660|831|1127|-NE2|ZN--|-O--|134028|6780|6789|2.079300|3.836077|5.543889|137.151148
274|95|81|103|408|HIS|_ZN|HOH|334643|660|831|1136|-NE2|ZN--|-O--|134028|6780|6791|2.079300|2.315694|4.282634|153.994538
274|96|408|103|408|HOH|_ZN|HOH|434643|1136|831|1136|-O--|ZN--|-O--|284028|6782|6783|2.315689|2.315696|2.572351|67.478907
274|97|399|103|408|HOH|_ZN|HOH|434643|1127|831|1136|-O--|ZN--|-O--|284028|6789|6782|3.836077|2.315689|2.636263|42.359887
274|98|408|103|408|HOH|_ZN|HOH|434643|1136|831|1136|-O--|ZN--|-O--|284028|6782|6791|2.315689|2.315694|2.572345|67.478772
274|99|399|103|408|HOH|_ZN|HOH|434643|1127|831|1136|-O--|ZN--|-O--|284028|6789|6783|3.836077|2.315696|4.337801|85.928553
274|100|408|103|408|HOH|_ZN|HOH|434643|1136|831|1136|-O--|ZN--|-O--|284028|6783|6791|2.315696|2.315694|2.572365|67.479229
274|101|399|103|408|HOH|_ZN|HOH|434643|1127|831|1136|-O--|ZN--|-O--|284028|6789|6791|3.836077|2.315694|2.470423|38.131527
