274|0|1|GLY|A|1|4|0|000|7.025410|-1.000000|-1.000000|0.000000|-1|-1|0|0|-1|1
274|1|9|ILE|A|2|8|0|000|2.995150|-1.000000|-1.000000|0.000000|-1|-1|0|0|0|2
274|2|5|VAL|A|3|7|0|000|6.723006|-1.000000|-1.000000|0.000000|-1|-1|0|0|1|3
274|3|25|GLU|A|4|9|0|000|8.560600|-1.000000|-1.000000|0.000000|-1|-1|0|0|2|4
274|4|27|GLN|A|5|9|0|000|5.977327|-1.000000|-1.000000|0.000000|-1|-1|0|0|3|5
274|5|15|CYS|A|6|6|0|000|5.978072|-1.000000|-1.000000|0.000000|-1|-1|0|0|4|6
274|6|15|CYS|A|7|6|0|000|10.118211|-1.000000|-1.000000|0.000000|-1|-1|0|0|5|7
274|7|13|THR|A|8|7|0|000|11.427641|-1.000000|-1.000000|0.000000|-1|-1|0|0|6|8
274|8|11|SER|A|9|6|0|000|10.243980|-1.000000|-1.000000|0.000000|-1|-1|0|0|7|9
274|9|9|ILE|A|10|8|0|000|9.424879|-1.000000|-1.000000|0.000000|-1|-1|0|0|8|10
274|10|15|CYS|A|11|6|0|000|5.739077|-1.000000|-1.000000|0.000000|-1|-1|0|0|9|11
274|11|11|SER|A|12|6|0|000|6.522370|-1.000000|-1.000000|0.000000|-1|-1|0|0|10|12
274|12|7|LEU|A|13|8|0|000|8.188216|-1.000000|-1.000000|0.000000|-1|-1|0|0|11|13
274|13|37|TYR|A|14|12|0|000|10.194269|-1.000000|-1.000000|0.000000|-1|-1|0|0|12|14
274|14|27|GLN|A|15|9|0|000|4.547255|-1.000000|-1.000000|0.000000|-1|-1|0|0|13|15
274|15|7|LEU|A|16|8|0|000|4.068191|-1.000000|-1.000000|0.000000|-1|-1|0|0|14|16
274|16|25|GLU|A|17|9|0|000|8.978252|-1.000000|-1.000000|0.000000|-1|-1|0|0|15|17
274|17|23|ASN|A|18|8|0|000|7.077775|-1.000000|-1.000000|0.000000|-1|-1|0|0|16|18
274|18|37|TYR|A|19|12|0|000|5.776856|-1.000000|-1.000000|0.000000|-1|-1|0|0|17|19
274|19|15|CYS|A|20|6|0|000|10.350529|-1.000000|-1.000000|0.000000|-1|-1|0|0|18|20
274|20|23|ASN|A|21|9|0|000|14.478436|-1.000000|-1.000000|0.000000|-1|-1|0|0|19|-1
274|21|35|PHE|B|1|11|0|000|16.094702|-1.000000|-1.000000|0.000000|-1|-1|0|2|-1|22
274|22|5|VAL|B|2|7|0|000|15.510579|-1.000000|-1.000000|0.000000|-1|-1|0|2|21|23
274|23|23|ASN|B|3|8|0|000|14.126382|-1.000000|-1.000000|0.000000|-1|-1|0|2|22|24
274|24|27|GLN|B|4|13|0|000|10.988214|-1.000000|-1.000000|0.000000|-1|-1|0|2|23|25
274|25|33|HIS|B|5|10|0|000|11.437809|-1.000000|-1.000000|0.000000|-1|-1|0|2|24|26
274|26|7|LEU|B|6|8|0|000|6.952067|-1.000000|-1.000000|0.000000|-1|-1|0|2|25|27
274|27|15|CYS|B|7|6|0|000|8.364514|-1.000000|-1.000000|0.000000|-1|-1|0|2|26|28
274|28|1|GLY|B|8|4|0|000|7.048836|-1.000000|-1.000000|0.000000|-1|-1|0|2|27|29
274|29|11|SER|B|9|6|0|000|8.245431|-1.000000|-1.000000|0.000000|-1|-1|0|2|28|30
274|30|33|HIS|B|10|10|0|000|8.988997|-1.000000|-1.000000|0.000000|-1|-1|0|2|29|31
274|31|7|LEU|B|11|8|0|000|2.768985|-1.000000|-1.000000|0.000000|-1|-1|0|2|30|32
274|32|5|VAL|B|12|9|0|000|5.261660|-1.000000|-1.000000|0.000000|-1|-1|0|2|31|33
274|33|25|GLU|B|13|9|0|000|8.728361|-1.000000|-1.000000|0.000000|-1|-1|0|2|32|34
274|34|3|ALA|B|14|5|0|000|6.459267|-1.000000|-1.000000|0.000000|-1|-1|0|2|33|35
274|35|7|LEU|B|15|8|0|000|4.827302|-1.000000|-1.000000|0.000000|-1|-1|0|2|34|36
274|36|37|TYR|B|16|12|0|000|10.952952|-1.000000|-1.000000|0.000000|-1|-1|0|2|35|37
274|37|7|LEU|B|17|8|0|000|10.946230|-1.000000|-1.000000|0.000000|-1|-1|0|2|36|38
274|38|5|VAL|B|18|7|0|000|9.896899|-1.000000|-1.000000|0.000000|-1|-1|0|2|37|39
274|39|15|CYS|B|19|6|0|000|10.615840|-1.000000|-1.000000|0.000000|-1|-1|0|2|38|40
274|40|1|GLY|B|20|4|0|000|12.758472|-1.000000|-1.000000|0.000000|-1|-1|0|2|39|41
274|41|25|GLU|B|21|13|0|000|17.551804|-1.000000|-1.000000|0.000000|-1|-1|0|2|40|42
274|42|31|ARG|B|22|15|0|000|14.019476|-1.000000|-1.000000|0.000000|-1|-1|0|2|41|43
274|43|1|GLY|B|23|4|0|000|11.684115|-1.000000|-1.000000|0.000000|-1|-1|0|2|42|44
274|44|35|PHE|B|24|11|0|000|7.831601|-1.000000|-1.000000|0.000000|-1|-1|0|2|43|45
274|45|35|PHE|B|25|11|0|000|10.141182|-1.000000|-1.000000|0.000000|-1|-1|0|2|44|46
274|46|37|TYR|B|26|12|0|000|5.356619|-1.000000|-1.000000|0.000000|-1|-1|0|2|45|47
274|47|13|THR|B|27|9|0|000|8.347534|-1.000000|-1.000000|0.000000|-1|-1|0|2|46|48
274|48|19|PRO|B|28|7|0|000|8.537194|-1.000000|-1.000000|0.000000|-1|-1|0|2|47|49
274|49|29|LYS|B|29|9|0|000|12.670545|-1.000000|-1.000000|0.000000|-1|-1|0|2|48|50
274|50|3|ALA|B|30|6|0|000|15.146408|-1.000000|-1.000000|0.000000|-1|-1|0|2|49|-1
274|51|1|GLY|C|1|4|0|000|8.076790|-1.000000|-1.000000|0.000000|-1|-1|0|5|-1|52
274|52|9|ILE|C|2|8|0|000|5.383051|-1.000000|-1.000000|0.000000|-1|-1|0|5|51|53
274|53|5|VAL|C|3|7|0|000|8.819128|-1.000000|-1.000000|0.000000|-1|-1|0|5|52|54
274|54|25|GLU|C|4|9|0|000|9.739804|-1.000000|-1.000000|0.000000|-1|-1|0|5|53|55
274|55|27|GLN|C|5|9|0|000|5.430128|-1.000000|-1.000000|0.000000|-1|-1|0|5|54|56
274|56|15|CYS|C|6|6|0|000|5.528896|-1.000000|-1.000000|0.000000|-1|-1|0|5|55|57
274|57|15|CYS|C|7|6|0|000|9.864601|-1.000000|-1.000000|0.000000|-1|-1|0|5|56|58
274|58|13|THR|C|8|7|0|000|11.708694|-1.000000|-1.000000|0.000000|-1|-1|0|5|57|59
274|59|11|SER|C|9|6|0|000|9.828111|-1.000000|-1.000000|0.000000|-1|-1|0|5|58|60
274|60|9|ILE|C|10|8|0|000|9.272232|-1.000000|-1.000000|0.000000|-1|-1|0|5|59|61
274|61|15|CYS|C|11|6|0|000|5.326478|-1.000000|-1.000000|0.000000|-1|-1|0|5|60|62
274|62|11|SER|C|12|6|0|000|5.895560|-1.000000|-1.000000|0.000000|-1|-1|0|5|61|63
274|63|7|LEU|C|13|8|0|000|7.323334|-1.000000|-1.000000|0.000000|-1|-1|0|5|62|64
274|64|37|TYR|C|14|12|0|000|9.087806|-1.000000|-1.000000|0.000000|-1|-1|0|5|63|65
274|65|27|GLN|C|15|9|0|000|3.811346|-1.000000|-1.000000|0.000000|-1|-1|0|5|64|66
274|66|7|LEU|C|16|8|0|000|3.258840|-1.000000|-1.000000|0.000000|-1|-1|0|5|65|67
274|67|25|GLU|C|17|9|0|000|7.742854|-1.000000|-1.000000|0.000000|-1|-1|0|5|66|68
274|68|23|ASN|C|18|8|0|000|6.123321|-1.000000|-1.000000|0.000000|-1|-1|0|5|67|69
274|69|37|TYR|C|19|12|0|000|5.268829|-1.000000|-1.000000|0.000000|-1|-1|0|5|68|70
274|70|15|CYS|C|20|6|0|000|9.576926|-1.000000|-1.000000|0.000000|-1|-1|0|5|69|71
274|71|23|ASN|C|21|9|0|000|13.511485|-1.000000|-1.000000|0.000000|-1|-1|0|5|70|-1
274|72|35|PHE|D|1|11|0|000|13.415640|-1.000000|-1.000000|0.000000|-1|-1|0|7|-1|73
274|73|5|VAL|D|2|7|0|000|16.627216|-1.000000|-1.000000|0.000000|-1|-1|0|7|72|74
274|74|23|ASN|D|3|8|0|000|18.538458|-1.000000|-1.000000|0.000000|-1|-1|0|7|73|75
274|75|27|GLN|D|4|9|0|000|16.773293|-1.000000|-1.000000|0.000000|-1|-1|0|7|74|76
274|76|33|HIS|D|5|10|0|000|21.230459|-1.000000|-1.000000|0.000000|-1|-1|0|7|75|77
274|77|7|LEU|D|6|8|0|000|16.126934|-1.000000|-1.000000|0.000000|-1|-1|0|7|76|78
274|78|15|CYS|D|7|6|0|000|19.197592|-1.000000|-1.000000|0.000000|-1|-1|0|7|77|79
274|79|1|GLY|D|8|4|0|000|18.082991|-1.000000|-1.000000|0.000000|-1|-1|0|7|78|80
274|80|11|SER|D|9|6|0|000|16.377197|-1.000000|-1.000000|0.000000|-1|-1|0|7|79|81
274|81|33|HIS|D|10|10|0|000|15.933311|-1.000000|-1.000000|0.000000|-1|-1|0|7|80|82
274|82|7|LEU|D|11|8|0|000|14.488778|-1.000000|-1.000000|0.000000|-1|-1|0|7|81|83
274|83|5|VAL|D|12|7|0|000|12.765616|-1.000000|-1.000000|0.000000|-1|-1|0|7|82|84
274|84|25|GLU|D|13|9|0|000|10.591363|-1.000000|-1.000000|0.000000|-1|-1|0|7|83|85
274|85|3|ALA|D|14|5|0|000|9.100699|-1.000000|-1.000000|0.000000|-1|-1|0|7|84|86
274|86|7|LEU|D|15|8|0|000|9.741782|-1.000000|-1.000000|0.000000|-1|-1|0|7|85|87
274|87|37|TYR|D|16|12|0|000|5.962991|-1.000000|-1.000000|0.000000|-1|-1|0|7|86|88
274|88|7|LEU|D|17|8|0|000|4.384778|-1.000000|-1.000000|0.000000|-1|-1|0|7|87|89
274|89|5|VAL|D|18|7|0|000|6.026335|-1.000000|-1.000000|0.000000|-1|-1|0|7|88|90
274|90|15|CYS|D|19|6|0|000|6.361687|-1.000000|-1.000000|0.000000|-1|-1|0|7|89|91
274|91|1|GLY|D|20|4|0|000|5.357196|-1.000000|-1.000000|0.000000|-1|-1|0|7|90|92
274|92|25|GLU|D|21|9|0|000|7.250111|-1.000000|-1.000000|0.000000|-1|-1|0|7|91|93
274|93|31|ARG|D|22|15|0|000|9.105158|-1.000000|-1.000000|0.000000|-1|-1|0|7|92|94
274|94|1|GLY|D|23|4|0|000|9.893718|-1.000000|-1.000000|0.000000|-1|-1|0|7|93|95
274|95|35|PHE|D|24|11|0|000|11.287040|-1.000000|-1.000000|0.000000|-1|-1|0|7|94|96
274|96|35|PHE|D|25|11|0|000|15.935318|-1.000000|-1.000000|0.000000|-1|-1|0|7|95|97
274|97|37|TYR|D|26|12|0|000|17.333223|-1.000000|-1.000000|0.000000|-1|-1|0|7|96|98
274|98|13|THR|D|27|7|0|000|20.146431|-1.000000|-1.000000|0.000000|-1|-1|0|7|97|99
274|99|19|PRO|D|28|7|0|000|22.076708|-1.000000|-1.000000|0.000000|-1|-1|0|7|98|100
274|100|29|LYS|D|29|13|0|000|26.963385|-1.000000|-1.000000|0.000000|-1|-1|0|7|99|101
274|101|3|ALA|D|30|6|0|000|24.260471|-1.000000|-1.000000|0.000000|-1|-1|0|7|100|-1
274|102|46|_ZN|B|31|1|1|000|13.508162|-1.000000|-1.000000|0.000000|-1|-1|0|4|-1|-1
274|103|46|_ZN|D|31|1|1|000|20.323734|-1.000000|-1.000000|0.000000|-1|-1|0|9|-1|-1
274|104|43|HOH|A|22|1|0|000|13.388174|-1.000000|-1.000000|0.000000|-1|-1|0|1|-1|-1
274|105|43|HOH|A|23|1|0|000|11.003120|-1.000000|-1.000000|0.000000|-1|-1|0|1|-1|-1
274|106|43|HOH|A|24|1|0|000|12.323191|-1.000000|-1.000000|0.000000|-1|-1|0|1|-1|-1
274|107|43|HOH|A|25|1|0|000|13.945914|-1.000000|-1.000000|0.000000|-1|-1|0|1|-1|-1
274|108|43|HOH|A|26|1|0|000|10.116244|-1.000000|-1.000000|0.000000|-1|-1|0|1|-1|-1
274|109|43|HOH|A|27|1|0|000|7.324922|-1.000000|-1.000000|0.000000|-1|-1|0|1|-1|-1
274|110|43|HOH|A|28|1|0|000|8.148020|-1.000000|-1.000000|0.000000|-1|-1|0|1|-1|-1
274|111|43|HOH|A|29|1|0|000|7.778157|-1.000000|-1.000000|0.000000|-1|-1|0|1|-1|-1
274|112|43|HOH|A|30|1|0|000|12.246599|-1.000000|-1.000000|0.000000|-1|-1|0|1|-1|-1
274|113|43|HOH|A|31|1|0|000|13.788535|-1.000000|-1.000000|0.000000|-1|-1|0|1|-1|-1
274|114|43|HOH|A|32|1|0|000|11.211494|-1.000000|-1.000000|0.000000|-1|-1|0|1|-1|-1
274|115|43|HOH|A|33|1|0|000|11.657262|-1.000000|-1.000000|0.000000|-1|-1|0|1|-1|-1
274|116|43|HOH|A|34|1|0|000|10.634229|-1.000000|-1.000000|0.000000|-1|-1|0|1|-1|-1
274|117|43|HOH|A|35|1|0|000|13.397518|-1.000000|-1.000000|0.000000|-1|-1|0|1|-1|-1
274|118|43|HOH|A|36|1|0|000|12.216647|-1.000000|-1.000000|0.000000|-1|-1|0|1|-1|-1
274|119|43|HOH|A|37|1|0|000|13.191731|-1.000000|-1.000000|0.000000|-1|-1|0|1|-1|-1
274|120|43|HOH|A|38|1|0|000|11.320236|-1.000000|-1.000000|0.000000|-1|-1|0|1|-1|-1
274|121|43|HOH|A|39|1|0|000|12.013273|-1.000000|-1.000000|0.000000|-1|-1|0|1|-1|-1
274|122|43|HOH|B|62|1|0|000|10.871903|-1.000000|-1.000000|0.000000|-1|-1|0|3|-1|-1
274|123|43|HOH|B|101|1|0|000|11.632622|-1.000000|-1.000000|0.000000|-1|-1|0|3|-1|-1
274|124|43|HOH|B|111|1|0|000|4.919785|-1.000000|-1.000000|0.000000|-1|-1|0|3|-1|-1
274|125|43|HOH|B|122|1|0|000|9.601266|-1.000000|-1.000000|0.000000|-1|-1|0|3|-1|-1
274|126|43|HOH|B|123|1|0|000|8.911661|-1.000000|-1.000000|0.000000|-1|-1|0|3|-1|-1
274|127|43|HOH|B|132|1|0|000|11.456722|-1.000000|-1.000000|0.000000|-1|-1|0|3|-1|-1
274|128|43|HOH|B|133|1|0|000|11.556887|-1.000000|-1.000000|0.000000|-1|-1|0|3|-1|-1
274|129|43|HOH|B|156|1|0|000|12.549371|-1.000000|-1.000000|0.000000|-1|-1|0|3|-1|-1
274|130|43|HOH|B|161|1|0|000|10.958633|-1.000000|-1.000000|0.000000|-1|-1|0|3|-1|-1
274|131|43|HOH|B|166|1|0|000|13.149734|-1.000000|-1.000000|0.000000|-1|-1|0|3|-1|-1
274|132|43|HOH|B|171|1|0|000|4.991949|-1.000000|-1.000000|0.000000|-1|-1|0|3|-1|-1
274|133|43|HOH|B|172|1|0|000|12.452741|-1.000000|-1.000000|0.000000|-1|-1|0|3|-1|-1
274|134|43|HOH|B|181|1|0|000|10.822642|-1.000000|-1.000000|0.000000|-1|-1|0|3|-1|-1
274|135|43|HOH|B|186|1|0|000|13.485084|-1.000000|-1.000000|0.000000|-1|-1|0|3|-1|-1
274|136|43|HOH|B|191|1|0|000|9.722763|-1.000000|-1.000000|0.000000|-1|-1|0|3|-1|-1
274|137|43|HOH|B|201|1|0|000|12.602533|-1.000000|-1.000000|0.000000|-1|-1|0|3|-1|-1
274|138|43|HOH|B|203|1|0|000|8.666320|-1.000000|-1.000000|0.000000|-1|-1|0|3|-1|-1
274|139|43|HOH|B|207|1|0|000|8.137386|-1.000000|-1.000000|0.000000|-1|-1|0|3|-1|-1
274|140|43|HOH|B|209|1|0|000|17.322958|-1.000000|-1.000000|0.000000|-1|-1|0|3|-1|-1
274|141|43|HOH|B|211|1|0|000|14.734457|-1.000000|-1.000000|0.000000|-1|-1|0|3|-1|-1
274|142|43|HOH|B|219|1|0|000|12.615386|-1.000000|-1.000000|0.000000|-1|-1|0|3|-1|-1
274|143|43|HOH|B|223|1|0|000|15.985433|-1.000000|-1.000000|0.000000|-1|-1|0|3|-1|-1
274|144|43|HOH|B|227|1|0|000|12.429173|-1.000000|-1.000000|0.000000|-1|-1|0|3|-1|-1
274|145|43|HOH|B|228|1|0|000|10.536711|-1.000000|-1.000000|0.000000|-1|-1|0|3|-1|-1
274|146|43|HOH|B|234|1|0|000|12.966969|-1.000000|-1.000000|0.000000|-1|-1|0|3|-1|-1
274|147|43|HOH|B|243|1|0|000|12.953503|-1.000000|-1.000000|0.000000|-1|-1|0|3|-1|-1
274|148|43|HOH|B|244|1|0|000|15.257471|-1.000000|-1.000000|0.000000|-1|-1|0|3|-1|-1
274|149|43|HOH|B|246|1|0|000|9.959754|-1.000000|-1.000000|0.000000|-1|-1|0|3|-1|-1
274|150|43|HOH|B|247|1|0|000|8.969912|-1.000000|-1.000000|0.000000|-1|-1|0|3|-1|-1
274|151|43|HOH|B|249|1|0|000|12.311413|-1.000000|-1.000000|0.000000|-1|-1|0|3|-1|-1
274|152|43|HOH|B|251|1|0|000|14.450488|-1.000000|-1.000000|0.000000|-1|-1|0|3|-1|-1
274|153|43|HOH|B|254|1|0|000|11.219837|-1.000000|-1.000000|0.000000|-1|-1|0|3|-1|-1
274|154|43|HOH|B|261|1|0|000|8.742685|-1.000000|-1.000000|0.000000|-1|-1|0|3|-1|-1
274|155|43|HOH|B|271|1|0|000|15.294598|-1.000000|-1.000000|0.000000|-1|-1|0|3|-1|-1
274|156|43|HOH|B|275|1|0|000|16.927723|-1.000000|-1.000000|0.000000|-1|-1|0|3|-1|-1
274|157|43|HOH|B|284|1|0|000|14.728236|-1.000000|-1.000000|0.000000|-1|-1|0|3|-1|-1
274|158|43|HOH|B|285|1|0|000|8.458354|-1.000000|-1.000000|0.000000|-1|-1|0|3|-1|-1
274|159|43|HOH|B|288|1|0|000|13.629249|-1.000000|-1.000000|0.000000|-1|-1|0|3|-1|-1
274|160|43|HOH|B|291|1|0|000|17.025318|-1.000000|-1.000000|0.000000|-1|-1|0|3|-1|-1
274|161|43|HOH|B|296|1|0|000|12.442657|-1.000000|-1.000000|0.000000|-1|-1|0|3|-1|-1
274|162|43|HOH|B|297|1|0|000|13.194334|-1.000000|-1.000000|0.000000|-1|-1|0|3|-1|-1
274|163|43|HOH|B|299|1|0|000|15.792793|-1.000000|-1.000000|0.000000|-1|-1|0|3|-1|-1
274|164|43|HOH|B|305|1|0|000|11.358971|-1.000000|-1.000000|0.000000|-1|-1|0|3|-1|-1
274|165|43|HOH|B|321|1|0|000|12.562057|-1.000000|-1.000000|0.000000|-1|-1|0|3|-1|-1
274|166|43|HOH|B|322|1|0|000|18.100220|-1.000000|-1.000000|0.000000|-1|-1|0|3|-1|-1
274|167|43|HOH|B|331|1|0|000|10.405138|-1.000000|-1.000000|0.000000|-1|-1|0|3|-1|-1
274|168|43|HOH|B|344|1|0|000|15.990740|-1.000000|-1.000000|0.000000|-1|-1|0|3|-1|-1
274|169|43|HOH|B|362|1|0|000|12.081203|-1.000000|-1.000000|0.000000|-1|-1|0|3|-1|-1
274|170|43|HOH|B|367|1|0|000|13.094783|-1.000000|-1.000000|0.000000|-1|-1|0|3|-1|-1
274|171|43|HOH|B|368|1|0|000|16.110273|-1.000000|-1.000000|0.000000|-1|-1|0|3|-1|-1
274|172|43|HOH|B|374|1|0|000|16.273848|-1.000000|-1.000000|0.000000|-1|-1|0|3|-1|-1
274|173|43|HOH|B|376|1|0|000|15.827217|-1.000000|-1.000000|0.000000|-1|-1|0|3|-1|-1
274|174|43|HOH|B|381|1|0|000|19.376102|-1.000000|-1.000000|0.000000|-1|-1|0|3|-1|-1
274|175|43|HOH|B|383|1|0|000|13.494558|-1.000000|-1.000000|0.000000|-1|-1|0|3|-1|-1
274|176|43|HOH|B|401|1|0|000|14.305052|-1.000000|-1.000000|0.000000|-1|-1|0|3|-1|-1
274|177|43|HOH|B|402|1|0|000|18.814159|-1.000000|-1.000000|0.000000|-1|-1|0|3|-1|-1
274|178|43|HOH|B|403|1|0|000|18.833948|-1.000000|-1.000000|0.000000|-1|-1|0|3|-1|-1
274|179|43|HOH|B|411|1|0|000|13.753298|-1.000000|-1.000000|0.000000|-1|-1|0|3|-1|-1
274|180|43|HOH|B|421|1|0|000|17.351597|-1.000000|-1.000000|0.000000|-1|-1|0|3|-1|-1
274|181|43|HOH|B|425|1|0|000|18.520729|-1.000000|-1.000000|0.000000|-1|-1|0|3|-1|-1
274|182|43|HOH|B|447|1|0|000|21.425505|-1.000000|-1.000000|0.000000|-1|-1|0|3|-1|-1
274|183|43|HOH|B|451|1|0|000|15.846034|-1.000000|-1.000000|0.000000|-1|-1|0|3|-1|-1
274|184|43|HOH|B|453|1|0|000|16.038076|-1.000000|-1.000000|0.000000|-1|-1|0|3|-1|-1
274|185|43|HOH|B|461|1|0|000|17.736904|-1.000000|-1.000000|0.000000|-1|-1|0|3|-1|-1
274|186|43|HOH|B|491|1|0|000|22.233557|-1.000000|-1.000000|0.000000|-1|-1|0|3|-1|-1
274|187|43|HOH|B|492|1|0|000|18.022736|-1.000000|-1.000000|0.000000|-1|-1|0|3|-1|-1
274|188|43|HOH|B|512|1|0|000|18.481173|-1.000000|-1.000000|0.000000|-1|-1|0|3|-1|-1
274|189|43|HOH|B|515|1|0|000|22.167343|-1.000000|-1.000000|0.000000|-1|-1|0|3|-1|-1
274|190|43|HOH|B|517|1|0|000|22.160294|-1.000000|-1.000000|0.000000|-1|-1|0|3|-1|-1
274|191|43|HOH|B|531|1|0|000|21.998108|-1.000000|-1.000000|0.000000|-1|-1|0|3|-1|-1
274|192|43|HOH|B|532|1|0|000|20.956083|-1.000000|-1.000000|0.000000|-1|-1|0|3|-1|-1
274|193|43|HOH|B|536|1|0|000|20.050653|-1.000000|-1.000000|0.000000|-1|-1|0|3|-1|-1
274|194|43|HOH|B|541|1|0|000|23.847008|-1.000000|-1.000000|0.000000|-1|-1|0|3|-1|-1
274|195|43|HOH|B|563|1|0|000|22.573729|-1.000000|-1.000000|0.000000|-1|-1|0|3|-1|-1
274|196|43|HOH|B|571|1|0|000|24.515348|-1.000000|-1.000000|0.000000|-1|-1|0|3|-1|-1
274|197|43|HOH|B|591|1|0|000|23.871258|-1.000000|-1.000000|0.000000|-1|-1|0|3|-1|-1
274|198|43|HOH|B|673|1|0|000|29.297680|-1.000000|-1.000000|0.000000|-1|-1|0|3|-1|-1
274|199|43|HOH|C|22|1|0|000|11.511739|-1.000000|-1.000000|0.000000|-1|-1|0|6|-1|-1
274|200|43|HOH|C|23|1|0|000|13.062140|-1.000000|-1.000000|0.000000|-1|-1|0|6|-1|-1
274|201|43|HOH|C|24|1|0|000|14.227701|-1.000000|-1.000000|0.000000|-1|-1|0|6|-1|-1
274|202|43|HOH|C|25|1|0|000|15.493249|-1.000000|-1.000000|0.000000|-1|-1|0|6|-1|-1
274|203|43|HOH|C|26|1|0|000|17.165171|-1.000000|-1.000000|0.000000|-1|-1|0|6|-1|-1
274|204|43|HOH|C|27|1|0|000|18.947138|-1.000000|-1.000000|0.000000|-1|-1|0|6|-1|-1
274|205|43|HOH|C|28|1|0|000|16.565290|-1.000000|-1.000000|0.000000|-1|-1|0|6|-1|-1
274|206|43|HOH|C|29|1|0|000|10.191919|-1.000000|-1.000000|0.000000|-1|-1|0|6|-1|-1
274|207|43|HOH|D|32|1|0|000|14.391951|-1.000000|-1.000000|0.000000|-1|-1|0|8|-1|-1
274|208|43|HOH|D|33|1|0|000|23.596458|-1.000000|-1.000000|0.000000|-1|-1|0|8|-1|-1
274|209|43|HOH|D|34|1|0|000|12.302773|-1.000000|-1.000000|0.000000|-1|-1|0|8|-1|-1
274|210|43|HOH|D|35|1|0|000|9.846160|-1.000000|-1.000000|0.000000|-1|-1|0|8|-1|-1
274|211|43|HOH|D|36|1|0|000|13.458117|-1.000000|-1.000000|0.000000|-1|-1|0|8|-1|-1
274|212|43|HOH|D|37|1|0|000|8.040550|-1.000000|-1.000000|0.000000|-1|-1|0|8|-1|-1
274|213|43|HOH|D|38|1|0|000|12.724848|-1.000000|-1.000000|0.000000|-1|-1|0|8|-1|-1
274|214|43|HOH|D|39|1|0|000|10.155186|-1.000000|-1.000000|0.000000|-1|-1|0|8|-1|-1
274|215|43|HOH|D|40|1|0|000|11.828905|-1.000000|-1.000000|0.000000|-1|-1|0|8|-1|-1
274|216|43|HOH|D|41|1|0|000|13.101156|-1.000000|-1.000000|0.000000|-1|-1|0|8|-1|-1
274|217|43|HOH|D|42|1|0|000|19.996391|-1.000000|-1.000000|0.000000|-1|-1|0|8|-1|-1
274|218|43|HOH|D|43|1|0|000|7.666262|-1.000000|-1.000000|0.000000|-1|-1|0|8|-1|-1
274|219|43|HOH|D|44|1|0|000|14.575768|-1.000000|-1.000000|0.000000|-1|-1|0|8|-1|-1
274|220|43|HOH|D|45|1|0|000|8.148159|-1.000000|-1.000000|0.000000|-1|-1|0|8|-1|-1
274|221|43|HOH|D|46|1|0|000|12.508171|-1.000000|-1.000000|0.000000|-1|-1|0|8|-1|-1
274|222|43|HOH|D|47|1|0|000|3.922132|-1.000000|-1.000000|0.000000|-1|-1|0|8|-1|-1
274|223|43|HOH|D|48|1|0|000|20.150593|-1.000000|-1.000000|0.000000|-1|-1|0|8|-1|-1
274|224|43|HOH|D|49|1|0|000|6.574332|-1.000000|-1.000000|0.000000|-1|-1|0|8|-1|-1
274|225|43|HOH|D|50|1|0|000|7.058469|-1.000000|-1.000000|0.000000|-1|-1|0|8|-1|-1
274|226|43|HOH|D|51|1|0|000|12.725264|-1.000000|-1.000000|0.000000|-1|-1|0|8|-1|-1
274|227|43|HOH|D|52|1|0|000|9.793403|-1.000000|-1.000000|0.000000|-1|-1|0|8|-1|-1
274|228|43|HOH|D|53|1|0|000|10.869643|-1.000000|-1.000000|0.000000|-1|-1|0|8|-1|-1
274|229|43|HOH|D|54|1|0|000|6.025701|-1.000000|-1.000000|0.000000|-1|-1|0|8|-1|-1
274|230|43|HOH|D|55|1|0|000|19.931581|-1.000000|-1.000000|0.000000|-1|-1|0|8|-1|-1
274|231|43|HOH|D|56|1|0|000|3.707585|-1.000000|-1.000000|0.000000|-1|-1|0|8|-1|-1
274|232|43|HOH|D|57|1|0|000|12.184388|-1.000000|-1.000000|0.000000|-1|-1|0|8|-1|-1
274|233|43|HOH|D|58|1|0|000|8.328814|-1.000000|-1.000000|0.000000|-1|-1|0|8|-1|-1
274|234|43|HOH|D|59|1|0|000|12.741327|-1.000000|-1.000000|0.000000|-1|-1|0|8|-1|-1
274|235|43|HOH|D|60|1|0|000|9.953569|-1.000000|-1.000000|0.000000|-1|-1|0|8|-1|-1
274|236|43|HOH|D|61|1|0|000|13.206165|-1.000000|-1.000000|0.000000|-1|-1|0|8|-1|-1
274|237|43|HOH|D|62|1|0|000|9.208169|-1.000000|-1.000000|0.000000|-1|-1|0|8|-1|-1
274|238|43|HOH|D|63|1|0|000|10.456745|-1.000000|-1.000000|0.000000|-1|-1|0|8|-1|-1
274|239|43|HOH|D|64|1|0|000|9.106770|-1.000000|-1.000000|0.000000|-1|-1|0|8|-1|-1
274|240|43|HOH|D|65|1|0|000|9.995070|-1.000000|-1.000000|0.000000|-1|-1|0|8|-1|-1
274|241|43|HOH|D|66|1|0|000|9.738081|-1.000000|-1.000000|0.000000|-1|-1|0|8|-1|-1
274|242|43|HOH|D|67|1|0|000|21.052057|-1.000000|-1.000000|0.000000|-1|-1|0|8|-1|-1
274|243|43|HOH|D|68|1|0|000|17.396620|-1.000000|-1.000000|0.000000|-1|-1|0|8|-1|-1
274|244|43|HOH|D|69|1|0|000|11.766994|-1.000000|-1.000000|0.000000|-1|-1|0|8|-1|-1
274|245|43|HOH|D|70|1|0|000|10.786810|-1.000000|-1.000000|0.000000|-1|-1|0|8|-1|-1
274|246|43|HOH|D|71|1|0|000|12.296753|-1.000000|-1.000000|0.000000|-1|-1|0|8|-1|-1
274|247|43|HOH|D|72|1|0|000|12.402371|-1.000000|-1.000000|0.000000|-1|-1|0|8|-1|-1
274|248|43|HOH|D|73|1|0|000|15.299004|-1.000000|-1.000000|0.000000|-1|-1|0|8|-1|-1
274|249|43|HOH|D|74|1|0|000|11.841475|-1.000000|-1.000000|0.000000|-1|-1|0|8|-1|-1
274|250|43|HOH|D|75|1|0|000|11.640138|-1.000000|-1.000000|0.000000|-1|-1|0|8|-1|-1
274|251|43|HOH|D|76|1|0|000|6.875031|-1.000000|-1.000000|0.000000|-1|-1|0|8|-1|-1
274|252|43|HOH|D|77|1|0|000|9.307967|-1.000000|-1.000000|0.000000|-1|-1|0|8|-1|-1
274|253|43|HOH|D|78|1|0|000|10.184765|-1.000000|-1.000000|0.000000|-1|-1|0|8|-1|-1
274|254|43|HOH|D|79|1|0|000|8.821157|-1.000000|-1.000000|0.000000|-1|-1|0|8|-1|-1
274|255|43|HOH|D|80|1|0|000|8.626705|-1.000000|-1.000000|0.000000|-1|-1|0|8|-1|-1
274|256|43|HOH|D|81|1|0|000|10.478943|-1.000000|-1.000000|0.000000|-1|-1|0|8|-1|-1
274|257|43|HOH|D|82|1|0|000|3.818422|-1.000000|-1.000000|0.000000|-1|-1|0|8|-1|-1
274|258|43|HOH|D|83|1|0|000|12.178234|-1.000000|-1.000000|0.000000|-1|-1|0|8|-1|-1
274|259|43|HOH|D|84|1|0|000|20.197216|-1.000000|-1.000000|0.000000|-1|-1|0|8|-1|-1
274|260|43|HOH|D|85|1|0|000|11.464976|-1.000000|-1.000000|0.000000|-1|-1|0|8|-1|-1
274|261|43|HOH|D|86|1|0|000|4.959575|-1.000000|-1.000000|0.000000|-1|-1|0|8|-1|-1
274|262|43|HOH|D|87|1|0|000|7.734777|-1.000000|-1.000000|0.000000|-1|-1|0|8|-1|-1
274|263|43|HOH|D|88|1|0|000|9.370845|-1.000000|-1.000000|0.000000|-1|-1|0|8|-1|-1
274|264|43|HOH|D|89|1|0|000|9.811337|-1.000000|-1.000000|0.000000|-1|-1|0|8|-1|-1
274|265|43|HOH|D|90|1|0|000|7.336700|-1.000000|-1.000000|0.000000|-1|-1|0|8|-1|-1
274|266|43|HOH|D|91|1|0|000|12.213919|-1.000000|-1.000000|0.000000|-1|-1|0|8|-1|-1
274|267|43|HOH|D|92|1|0|000|18.802843|-1.000000|-1.000000|0.000000|-1|-1|0|8|-1|-1
274|268|43|HOH|D|93|1|0|000|11.411156|-1.000000|-1.000000|0.000000|-1|-1|0|8|-1|-1
274|269|43|HOH|D|94|1|0|000|14.688526|-1.000000|-1.000000|0.000000|-1|-1|0|8|-1|-1
274|270|43|HOH|D|95|1|0|000|8.296550|-1.000000|-1.000000|0.000000|-1|-1|0|8|-1|-1
274|271|43|HOH|D|96|1|0|000|9.532295|-1.000000|-1.000000|0.000000|-1|-1|0|8|-1|-1
274|272|43|HOH|D|97|1|0|000|12.481300|-1.000000|-1.000000|0.000000|-1|-1|0|8|-1|-1
274|273|43|HOH|D|98|1|0|000|10.139072|-1.000000|-1.000000|0.000000|-1|-1|0|8|-1|-1
274|274|43|HOH|D|99|1|0|000|10.373274|-1.000000|-1.000000|0.000000|-1|-1|0|8|-1|-1
274|275|43|HOH|D|100|1|0|000|11.216807|-1.000000|-1.000000|0.000000|-1|-1|0|8|-1|-1
274|276|43|HOH|D|101|1|0|000|18.456316|-1.000000|-1.000000|0.000000|-1|-1|0|8|-1|-1
274|277|43|HOH|D|102|1|0|000|11.997930|-1.000000|-1.000000|0.000000|-1|-1|0|8|-1|-1
274|278|43|HOH|D|103|1|0|000|7.613821|-1.000000|-1.000000|0.000000|-1|-1|0|8|-1|-1
274|279|43|HOH|D|104|1|0|000|13.651238|-1.000000|-1.000000|0.000000|-1|-1|0|8|-1|-1
274|280|43|HOH|D|105|1|0|000|11.468910|-1.000000|-1.000000|0.000000|-1|-1|0|8|-1|-1
274|281|43|HOH|D|106|1|0|000|11.786808|-1.000000|-1.000000|0.000000|-1|-1|0|8|-1|-1
274|282|43|HOH|D|107|1|0|000|9.072993|-1.000000|-1.000000|0.000000|-1|-1|0|8|-1|-1
274|283|43|HOH|D|108|1|0|000|8.558087|-1.000000|-1.000000|0.000000|-1|-1|0|8|-1|-1
274|284|43|HOH|D|109|1|0|000|9.552186|-1.000000|-1.000000|0.000000|-1|-1|0|8|-1|-1
274|285|43|HOH|D|110|1|0|000|12.369243|-1.000000|-1.000000|0.000000|-1|-1|0|8|-1|-1
274|286|43|HOH|D|111|1|0|000|7.761274|-1.000000|-1.000000|0.000000|-1|-1|0|8|-1|-1
274|287|43|HOH|D|112|1|0|000|17.863665|-1.000000|-1.000000|0.000000|-1|-1|0|8|-1|-1
274|288|43|HOH|D|113|1|0|000|16.305370|-1.000000|-1.000000|0.000000|-1|-1|0|8|-1|-1
274|289|43|HOH|D|114|1|0|000|11.570454|-1.000000|-1.000000|0.000000|-1|-1|0|8|-1|-1
274|290|43|HOH|D|115|1|0|000|12.431081|-1.000000|-1.000000|0.000000|-1|-1|0|8|-1|-1
274|291|43|HOH|D|116|1|0|000|22.616434|-1.000000|-1.000000|0.000000|-1|-1|0|8|-1|-1
274|292|43|HOH|D|117|1|0|000|10.414182|-1.000000|-1.000000|0.000000|-1|-1|0|8|-1|-1
274|293|43|HOH|D|118|1|0|000|9.705427|-1.000000|-1.000000|0.000000|-1|-1|0|8|-1|-1
274|294|43|HOH|D|119|1|0|000|20.603212|-1.000000|-1.000000|0.000000|-1|-1|0|8|-1|-1
274|295|43|HOH|D|120|1|0|000|9.486920|-1.000000|-1.000000|0.000000|-1|-1|0|8|-1|-1
274|296|43|HOH|D|121|1|0|000|16.687084|-1.000000|-1.000000|0.000000|-1|-1|0|8|-1|-1
274|297|43|HOH|D|122|1|0|000|11.669057|-1.000000|-1.000000|0.000000|-1|-1|0|8|-1|-1
274|298|43|HOH|D|123|1|0|000|13.829148|-1.000000|-1.000000|0.000000|-1|-1|0|8|-1|-1
274|299|43|HOH|D|124|1|0|000|11.162413|-1.000000|-1.000000|0.000000|-1|-1|0|8|-1|-1
274|300|43|HOH|D|125|1|0|000|11.803428|-1.000000|-1.000000|0.000000|-1|-1|0|8|-1|-1
274|301|43|HOH|D|126|1|0|000|9.529764|-1.000000|-1.000000|0.000000|-1|-1|0|8|-1|-1
274|302|43|HOH|D|127|1|0|000|12.195415|-1.000000|-1.000000|0.000000|-1|-1|0|8|-1|-1
274|303|43|HOH|D|128|1|0|000|16.673080|-1.000000|-1.000000|0.000000|-1|-1|0|8|-1|-1
274|304|43|HOH|D|129|1|0|000|12.470600|-1.000000|-1.000000|0.000000|-1|-1|0|8|-1|-1
274|305|43|HOH|D|130|1|0|000|9.967310|-1.000000|-1.000000|0.000000|-1|-1|0|8|-1|-1
274|306|43|HOH|D|131|1|0|000|20.477673|-1.000000|-1.000000|0.000000|-1|-1|0|8|-1|-1
274|307|43|HOH|D|132|1|0|000|13.445549|-1.000000|-1.000000|0.000000|-1|-1|0|8|-1|-1
274|308|43|HOH|D|133|1|0|000|21.421476|-1.000000|-1.000000|0.000000|-1|-1|0|8|-1|-1
274|309|43|HOH|D|134|1|0|000|16.822203|-1.000000|-1.000000|0.000000|-1|-1|0|8|-1|-1
274|310|43|HOH|D|135|1|0|000|15.174865|-1.000000|-1.000000|0.000000|-1|-1|0|8|-1|-1
274|311|43|HOH|D|136|1|0|000|17.166197|-1.000000|-1.000000|0.000000|-1|-1|0|8|-1|-1
274|312|43|HOH|D|137|1|0|000|14.946729|-1.000000|-1.000000|0.000000|-1|-1|0|8|-1|-1
274|313|43|HOH|D|138|1|0|000|14.290379|-1.000000|-1.000000|0.000000|-1|-1|0|8|-1|-1
274|314|43|HOH|D|139|1|0|000|12.989921|-1.000000|-1.000000|0.000000|-1|-1|0|8|-1|-1
274|315|43|HOH|D|140|1|0|000|11.084910|-1.000000|-1.000000|0.000000|-1|-1|0|8|-1|-1
274|316|43|HOH|D|141|1|0|000|12.011166|-1.000000|-1.000000|0.000000|-1|-1|0|8|-1|-1
274|317|43|HOH|D|142|1|0|000|13.371006|-1.000000|-1.000000|0.000000|-1|-1|0|8|-1|-1
274|318|43|HOH|D|143|1|0|000|14.041416|-1.000000|-1.000000|0.000000|-1|-1|0|8|-1|-1
274|319|43|HOH|D|144|1|0|000|18.640270|-1.000000|-1.000000|0.000000|-1|-1|0|8|-1|-1
274|320|43|HOH|D|145|1|0|000|11.819766|-1.000000|-1.000000|0.000000|-1|-1|0|8|-1|-1
274|321|43|HOH|D|146|1|0|000|15.360724|-1.000000|-1.000000|0.000000|-1|-1|0|8|-1|-1
274|322|43|HOH|D|147|1|0|000|14.233857|-1.000000|-1.000000|0.000000|-1|-1|0|8|-1|-1
274|323|43|HOH|D|148|1|0|000|16.337551|-1.000000|-1.000000|0.000000|-1|-1|0|8|-1|-1
274|324|43|HOH|D|149|1|0|000|15.756445|-1.000000|-1.000000|0.000000|-1|-1|0|8|-1|-1
274|325|43|HOH|D|150|1|0|000|17.607735|-1.000000|-1.000000|0.000000|-1|-1|0|8|-1|-1
274|326|43|HOH|D|151|1|0|000|15.836837|-1.000000|-1.000000|0.000000|-1|-1|0|8|-1|-1
274|327|43|HOH|D|152|1|0|000|13.202878|-1.000000|-1.000000|0.000000|-1|-1|0|8|-1|-1
274|328|43|HOH|D|153|1|0|000|13.000442|-1.000000|-1.000000|0.000000|-1|-1|0|8|-1|-1
274|329|43|HOH|D|154|1|0|000|19.541340|-1.000000|-1.000000|0.000000|-1|-1|0|8|-1|-1
274|330|43|HOH|D|155|1|0|000|13.680939|-1.000000|-1.000000|0.000000|-1|-1|0|8|-1|-1
274|331|43|HOH|D|156|1|0|000|19.697289|-1.000000|-1.000000|0.000000|-1|-1|0|8|-1|-1
274|332|43|HOH|D|157|1|0|000|22.014559|-1.000000|-1.000000|0.000000|-1|-1|0|8|-1|-1
274|333|43|HOH|D|158|1|0|000|15.090038|-1.000000|-1.000000|0.000000|-1|-1|0|8|-1|-1
274|334|43|HOH|D|159|1|0|000|14.603319|-1.000000|-1.000000|0.000000|-1|-1|0|8|-1|-1
274|335|43|HOH|D|160|1|0|000|17.146507|-1.000000|-1.000000|0.000000|-1|-1|0|8|-1|-1
274|336|43|HOH|D|161|1|0|000|16.421900|-1.000000|-1.000000|0.000000|-1|-1|0|8|-1|-1
274|337|43|HOH|D|162|1|0|000|13.686877|-1.000000|-1.000000|0.000000|-1|-1|0|8|-1|-1
274|338|43|HOH|D|163|1|0|000|15.449254|-1.000000|-1.000000|0.000000|-1|-1|0|8|-1|-1
274|339|43|HOH|D|164|1|0|000|14.199347|-1.000000|-1.000000|0.000000|-1|-1|0|8|-1|-1
274|340|43|HOH|D|165|1|0|000|19.714521|-1.000000|-1.000000|0.000000|-1|-1|0|8|-1|-1
274|341|43|HOH|D|166|1|0|000|13.171248|-1.000000|-1.000000|0.000000|-1|-1|0|8|-1|-1
274|342|43|HOH|D|167|1|0|000|13.000518|-1.000000|-1.000000|0.000000|-1|-1|0|8|-1|-1
274|343|43|HOH|D|168|1|0|000|24.961761|-1.000000|-1.000000|0.000000|-1|-1|0|8|-1|-1
274|344|43|HOH|D|169|1|0|000|18.200190|-1.000000|-1.000000|0.000000|-1|-1|0|8|-1|-1
274|345|43|HOH|D|170|1|0|000|22.782963|-1.000000|-1.000000|0.000000|-1|-1|0|8|-1|-1
274|346|43|HOH|D|171|1|0|000|15.653805|-1.000000|-1.000000|0.000000|-1|-1|0|8|-1|-1
274|347|43|HOH|D|172|1|0|000|14.601739|-1.000000|-1.000000|0.000000|-1|-1|0|8|-1|-1
274|348|43|HOH|D|173|1|0|000|23.147617|-1.000000|-1.000000|0.000000|-1|-1|0|8|-1|-1
274|349|43|HOH|D|174|1|0|000|17.429689|-1.000000|-1.000000|0.000000|-1|-1|0|8|-1|-1
274|350|43|HOH|D|175|1|0|000|15.318705|-1.000000|-1.000000|0.000000|-1|-1|0|8|-1|-1
274|351|43|HOH|D|176|1|0|000|15.722154|-1.000000|-1.000000|0.000000|-1|-1|0|8|-1|-1
274|352|43|HOH|D|177|1|0|000|17.019049|-1.000000|-1.000000|0.000000|-1|-1|0|8|-1|-1
274|353|43|HOH|D|178|1|0|000|13.239417|-1.000000|-1.000000|0.000000|-1|-1|0|8|-1|-1
274|354|43|HOH|D|179|1|0|000|14.873333|-1.000000|-1.000000|0.000000|-1|-1|0|8|-1|-1
274|355|43|HOH|D|180|1|0|000|15.875869|-1.000000|-1.000000|0.000000|-1|-1|0|8|-1|-1
274|356|43|HOH|D|181|1|0|000|17.074810|-1.000000|-1.000000|0.000000|-1|-1|0|8|-1|-1
274|357|43|HOH|D|182|1|0|000|14.230254|-1.000000|-1.000000|0.000000|-1|-1|0|8|-1|-1
274|358|43|HOH|D|183|1|0|000|15.410567|-1.000000|-1.000000|0.000000|-1|-1|0|8|-1|-1
274|359|43|HOH|D|184|1|0|000|15.779763|-1.000000|-1.000000|0.000000|-1|-1|0|8|-1|-1
274|360|43|HOH|D|185|1|0|000|20.619102|-1.000000|-1.000000|0.000000|-1|-1|0|8|-1|-1
274|361|43|HOH|D|186|1|0|000|16.964878|-1.000000|-1.000000|0.000000|-1|-1|0|8|-1|-1
274|362|43|HOH|D|187|1|0|000|16.750935|-1.000000|-1.000000|0.000000|-1|-1|0|8|-1|-1
274|363|43|HOH|D|188|1|0|000|18.043480|-1.000000|-1.000000|0.000000|-1|-1|0|8|-1|-1
274|364|43|HOH|D|189|1|0|000|18.750658|-1.000000|-1.000000|0.000000|-1|-1|0|8|-1|-1
274|365|43|HOH|D|190|1|0|000|21.689840|-1.000000|-1.000000|0.000000|-1|-1|0|8|-1|-1
274|366|43|HOH|D|191|1|0|000|19.851416|-1.000000|-1.000000|0.000000|-1|-1|0|8|-1|-1
274|367|43|HOH|D|192|1|0|000|20.528872|-1.000000|-1.000000|0.000000|-1|-1|0|8|-1|-1
274|368|43|HOH|D|193|1|0|000|16.806324|-1.000000|-1.000000|0.000000|-1|-1|0|8|-1|-1
274|369|43|HOH|D|194|1|0|000|17.679855|-1.000000|-1.000000|0.000000|-1|-1|0|8|-1|-1
274|370|43|HOH|D|195|1|0|000|16.226465|-1.000000|-1.000000|0.000000|-1|-1|0|8|-1|-1
274|371|43|HOH|D|196|1|0|000|15.576948|-1.000000|-1.000000|0.000000|-1|-1|0|8|-1|-1
274|372|43|HOH|D|197|1|0|000|22.794687|-1.000000|-1.000000|0.000000|-1|-1|0|8|-1|-1
274|373|43|HOH|D|198|1|0|000|21.966595|-1.000000|-1.000000|0.000000|-1|-1|0|8|-1|-1
274|374|43|HOH|D|199|1|0|000|17.073765|-1.000000|-1.000000|0.000000|-1|-1|0|8|-1|-1
274|375|43|HOH|D|200|1|0|000|16.315395|-1.000000|-1.000000|0.000000|-1|-1|0|8|-1|-1
274|376|43|HOH|D|201|1|0|000|16.209093|-1.000000|-1.000000|0.000000|-1|-1|0|8|-1|-1
274|377|43|HOH|D|202|1|0|000|16.522955|-1.000000|-1.000000|0.000000|-1|-1|0|8|-1|-1
274|378|43|HOH|D|203|1|0|000|18.852610|-1.000000|-1.000000|0.000000|-1|-1|0|8|-1|-1
274|379|43|HOH|D|204|1|0|000|16.068121|-1.000000|-1.000000|0.000000|-1|-1|0|8|-1|-1
274|380|43|HOH|D|205|1|0|000|17.685957|-1.000000|-1.000000|0.000000|-1|-1|0|8|-1|-1
274|381|43|HOH|D|206|1|0|000|18.247454|-1.000000|-1.000000|0.000000|-1|-1|0|8|-1|-1
274|382|43|HOH|D|207|1|0|000|18.257261|-1.000000|-1.000000|0.000000|-1|-1|0|8|-1|-1
274|383|43|HOH|D|208|1|0|000|18.152592|-1.000000|-1.000000|0.000000|-1|-1|0|8|-1|-1
274|384|43|HOH|D|209|1|0|000|20.796490|-1.000000|-1.000000|0.000000|-1|-1|0|8|-1|-1
274|385|43|HOH|D|210|1|0|000|21.979252|-1.000000|-1.000000|0.000000|-1|-1|0|8|-1|-1
274|386|43|HOH|D|211|1|0|000|23.214962|-1.000000|-1.000000|0.000000|-1|-1|0|8|-1|-1
274|387|43|HOH|D|212|1|0|000|16.800537|-1.000000|-1.000000|0.000000|-1|-1|0|8|-1|-1
274|388|43|HOH|D|213|1|0|000|19.110235|-1.000000|-1.000000|0.000000|-1|-1|0|8|-1|-1
274|389|43|HOH|D|214|1|0|000|18.891029|-1.000000|-1.000000|0.000000|-1|-1|0|8|-1|-1
274|390|43|HOH|D|215|1|0|000|20.938486|-1.000000|-1.000000|0.000000|-1|-1|0|8|-1|-1
274|391|43|HOH|D|216|1|0|000|19.931334|-1.000000|-1.000000|0.000000|-1|-1|0|8|-1|-1
274|392|43|HOH|D|217|1|0|000|19.768272|-1.000000|-1.000000|0.000000|-1|-1|0|8|-1|-1
274|393|43|HOH|D|218|1|0|000|18.973009|-1.000000|-1.000000|0.000000|-1|-1|0|8|-1|-1
274|394|43|HOH|D|219|1|0|000|19.789413|-1.000000|-1.000000|0.000000|-1|-1|0|8|-1|-1
274|395|43|HOH|D|220|1|0|000|19.569311|-1.000000|-1.000000|0.000000|-1|-1|0|8|-1|-1
274|396|43|HOH|D|221|1|0|000|20.568031|-1.000000|-1.000000|0.000000|-1|-1|0|8|-1|-1
274|397|43|HOH|D|222|1|0|000|18.432102|-1.000000|-1.000000|0.000000|-1|-1|0|8|-1|-1
274|398|43|HOH|D|223|1|0|000|26.220375|-1.000000|-1.000000|0.000000|-1|-1|0|8|-1|-1
274|399|43|HOH|D|224|1|0|000|20.150944|-1.000000|-1.000000|0.000000|-1|-1|0|8|-1|-1
274|400|43|HOH|D|225|1|0|000|18.853271|-1.000000|-1.000000|0.000000|-1|-1|0|8|-1|-1
274|401|43|HOH|D|226|1|0|000|20.511129|-1.000000|-1.000000|0.000000|-1|-1|0|8|-1|-1
274|402|43|HOH|D|227|1|0|000|20.934584|-1.000000|-1.000000|0.000000|-1|-1|0|8|-1|-1
274|403|43|HOH|D|228|1|0|000|22.115957|-1.000000|-1.000000|0.000000|-1|-1|0|8|-1|-1
274|404|43|HOH|D|229|1|0|000|20.575548|-1.000000|-1.000000|0.000000|-1|-1|0|8|-1|-1
274|405|43|HOH|D|230|1|0|000|18.514317|-1.000000|-1.000000|0.000000|-1|-1|0|8|-1|-1
274|406|43|HOH|D|231|1|0|000|18.959467|-1.000000|-1.000000|0.000000|-1|-1|0|8|-1|-1
274|407|43|HOH|D|232|1|0|000|21.388874|-1.000000|-1.000000|0.000000|-1|-1|0|8|-1|-1
274|408|43|HOH|D|233|1|0|000|21.887890|-1.000000|-1.000000|0.000000|-1|-1|0|8|-1|-1
274|409|43|HOH|D|234|1|0|000|18.990490|-1.000000|-1.000000|0.000000|-1|-1|0|8|-1|-1
274|410|43|HOH|D|235|1|0|000|21.729931|-1.000000|-1.000000|0.000000|-1|-1|0|8|-1|-1
274|411|43|HOH|D|236|1|0|000|21.998812|-1.000000|-1.000000|0.000000|-1|-1|0|8|-1|-1
274|412|43|HOH|D|237|1|0|000|23.799259|-1.000000|-1.000000|0.000000|-1|-1|0|8|-1|-1
274|413|43|HOH|D|238|1|0|000|20.237070|-1.000000|-1.000000|0.000000|-1|-1|0|8|-1|-1
274|414|43|HOH|D|239|1|0|000|22.515577|-1.000000|-1.000000|0.000000|-1|-1|0|8|-1|-1
274|415|43|HOH|D|240|1|0|000|19.946207|-1.000000|-1.000000|0.000000|-1|-1|0|8|-1|-1
274|416|43|HOH|D|241|1|0|000|22.119320|-1.000000|-1.000000|0.000000|-1|-1|0|8|-1|-1
274|417|43|HOH|D|242|1|0|000|24.075945|-1.000000|-1.000000|0.000000|-1|-1|0|8|-1|-1
274|418|43|HOH|D|243|1|0|000|22.062176|-1.000000|-1.000000|0.000000|-1|-1|0|8|-1|-1
274|419|43|HOH|D|244|1|0|000|20.406805|-1.000000|-1.000000|0.000000|-1|-1|0|8|-1|-1
274|420|43|HOH|D|245|1|0|000|29.614918|-1.000000|-1.000000|0.000000|-1|-1|0|8|-1|-1
274|421|43|HOH|D|246|1|0|000|27.077534|-1.000000|-1.000000|0.000000|-1|-1|0|8|-1|-1
274|422|43|HOH|D|247|1|0|000|20.909990|-1.000000|-1.000000|0.000000|-1|-1|0|8|-1|-1
274|423|43|HOH|D|248|1|0|000|22.244921|-1.000000|-1.000000|0.000000|-1|-1|0|8|-1|-1
274|424|43|HOH|D|249|1|0|000|21.678619|-1.000000|-1.000000|0.000000|-1|-1|0|8|-1|-1
274|425|43|HOH|D|250|1|0|000|21.520029|-1.000000|-1.000000|0.000000|-1|-1|0|8|-1|-1
274|426|43|HOH|D|251|1|0|000|26.723335|-1.000000|-1.000000|0.000000|-1|-1|0|8|-1|-1
274|427|43|HOH|D|252|1|0|000|22.500450|-1.000000|-1.000000|0.000000|-1|-1|0|8|-1|-1
274|428|43|HOH|D|253|1|0|000|22.960306|-1.000000|-1.000000|0.000000|-1|-1|0|8|-1|-1
274|429|43|HOH|D|254|1|0|000|20.622871|-1.000000|-1.000000|0.000000|-1|-1|0|8|-1|-1
274|430|43|HOH|D|255|1|0|000|23.399427|-1.000000|-1.000000|0.000000|-1|-1|0|8|-1|-1
274|431|43|HOH|D|256|1|0|000|31.187248|-1.000000|-1.000000|0.000000|-1|-1|0|8|-1|-1
274|432|43|HOH|D|257|1|0|000|24.922119|-1.000000|-1.000000|0.000000|-1|-1|0|8|-1|-1
274|433|43|HOH|D|258|1|0|000|23.527355|-1.000000|-1.000000|0.000000|-1|-1|0|8|-1|-1
274|434|43|HOH|D|259|1|0|000|22.379488|-1.000000|-1.000000|0.000000|-1|-1|0|8|-1|-1
274|435|43|HOH|D|260|1|0|000|23.388105|-1.000000|-1.000000|0.000000|-1|-1|0|8|-1|-1
274|436|43|HOH|D|261|1|0|000|25.235149|-1.000000|-1.000000|0.000000|-1|-1|0|8|-1|-1
274|437|43|HOH|D|262|1|0|000|25.541258|-1.000000|-1.000000|0.000000|-1|-1|0|8|-1|-1
274|438|43|HOH|D|263|1|0|000|23.870749|-1.000000|-1.000000|0.000000|-1|-1|0|8|-1|-1
274|439|43|HOH|D|264|1|0|000|28.079504|-1.000000|-1.000000|0.000000|-1|-1|0|8|-1|-1
274|440|43|HOH|D|265|1|0|000|26.550823|-1.000000|-1.000000|0.000000|-1|-1|0|8|-1|-1
274|441|43|HOH|D|266|1|0|000|25.766230|-1.000000|-1.000000|0.000000|-1|-1|0|8|-1|-1
274|442|43|HOH|D|267|1|0|000|26.696648|-1.000000|-1.000000|0.000000|-1|-1|0|8|-1|-1
274|443|43|HOH|D|268|1|0|000|24.485538|-1.000000|-1.000000|0.000000|-1|-1|0|8|-1|-1
274|444|43|HOH|D|269|1|0|000|28.042051|-1.000000|-1.000000|0.000000|-1|-1|0|8|-1|-1
274|445|43|HOH|D|270|1|0|000|26.024513|-1.000000|-1.000000|0.000000|-1|-1|0|8|-1|-1
274|446|43|HOH|D|271|1|0|000|27.379089|-1.000000|-1.000000|0.000000|-1|-1|0|8|-1|-1
274|447|43|HOH|D|272|1|0|000|26.377745|-1.000000|-1.000000|0.000000|-1|-1|0|8|-1|-1
274|448|43|HOH|D|273|1|0|000|27.384415|-1.000000|-1.000000|0.000000|-1|-1|0|8|-1|-1
274|449|43|HOH|D|274|1|0|000|27.165436|-1.000000|-1.000000|0.000000|-1|-1|0|8|-1|-1
274|450|43|HOH|D|275|1|0|000|33.456127|-1.000000|-1.000000|0.000000|-1|-1|0|8|-1|-1
274|451|43|HOH|D|276|1|0|000|28.896805|-1.000000|-1.000000|0.000000|-1|-1|0|8|-1|-1
274|452|43|HOH|D|277|1|0|000|28.098751|-1.000000|-1.000000|0.000000|-1|-1|0|8|-1|-1
274|453|43|HOH|D|278|1|0|000|32.769707|-1.000000|-1.000000|0.000000|-1|-1|0|8|-1|-1
