244|0|-1|1408|49|346|ASP|_ZN|2146|372|2633|-OD1|ZN--|1040|8|30|2|0011|3.511124|0.948130|0.309873|0.070918|10.033083|0.007285|0.014317
244|1|-1|1411|49|346|ASP|_ZN|2146|373|2633|-OD2|ZN--|1040|8|30|2|0011|2.025776|0.621490|0.618529|0.480804|20.631348|0.403531|0.793084
244|2|-1|1513|51|346|HIS|_ZN|3346|389|2633|-NE2|ZN--|1340|7|30|3|0011|2.213470|0.591379|-0.757182|0.277393|3.811093|0.289642|0.716267
244|3|-1|1712|57|346|GLU|_ZN|2546|439|2633|-OE1|ZN--|1040|8|30|2|0011|1.995149|-0.384432|-0.425031|-0.819488|0.120324|0.438355|0.861526
244|4|-1|1721|57|346|GLU|_ZN|2546|440|2633|-OE2|ZN--|1040|8|30|2|0011|3.550962|0.193750|-0.426645|-0.883422|4.481452|0.006541|0.012856
244|5|-1|1874|64|346|HIS|_ZN|3346|500|2633|-NE2|ZN--|1340|7|30|3|0011|2.195088|-0.814090|-0.224137|0.535742|14.059798|0.304396|0.752750
244|6|-1|5854|222|347|ASP|_ZN|2146|1686|2634|-OD1|ZN--|1040|8|30|2|0011|3.411927|0.137752|-0.990349|-0.015240|3.440142|0.009525|0.018720
244|7|-1|5863|222|347|ASP|_ZN|2146|1687|2634|-OD2|ZN--|1040|8|30|2|0011|2.012497|-0.378137|-0.847206|-0.373168|4.793991|0.418276|0.822063
244|8|-1|5962|224|347|HIS|_ZN|3346|1703|2634|-NE2|ZN--|1340|7|30|3|0011|2.174950|0.955424|-0.190809|-0.225292|9.178770|0.321422|0.794855
244|9|-1|6159|230|347|GLU|_ZN|2546|1753|2634|-OE1|ZN--|1040|8|30|2|0011|2.017404|0.228016|0.477346|0.848616|13.413742|0.412766|0.811234
244|10|-1|6169|230|347|GLU|_ZN|2546|1754|2634|-OE2|ZN--|1040|8|30|2|0011|3.718844|0.423788|0.013714|0.905658|22.726589|0.004155|0.008167
244|11|-1|6312|237|347|HIS|_ZN|3346|1814|2634|-NE2|ZN--|1340|7|30|3|0011|2.173935|-0.154098|0.884112|-0.441135|0.382608|0.322305|0.797039
244|12|-1|8848|354|347|HOH|_ZN|4346|2641|2634|-O--|ZN--|2840|8|30|3|0011|2.993810|-0.075823|-0.655686|0.751217|6.031214|0.029487|0.057952
