244|0|18|MSE|A|1|8|0|000|18.903664|-1.000000|-1.000000|0.000000|-1|-1|0|0|-1|1
244|1|29|LYS|A|2|9|0|000|18.294046|-1.000000|-1.000000|0.000000|-1|-1|0|0|0|2
244|2|19|PRO|A|3|7|0|000|14.843769|-1.000000|-1.000000|0.000000|-1|-1|0|0|1|3
244|3|3|ALA|A|4|5|0|000|11.167235|-1.000000|-1.000000|0.000000|-1|-1|0|0|2|4
244|4|7|LEU|A|5|8|0|000|8.615949|-1.000000|-1.000000|0.000000|-1|-1|0|0|3|5
244|5|5|VAL|A|6|7|0|000|5.029938|-1.000000|-1.000000|0.000000|-1|-1|0|0|4|6
244|6|5|VAL|A|7|7|0|000|4.751453|-1.000000|-1.000000|0.000000|-1|-1|0|0|5|7
244|7|5|VAL|A|8|7|0|000|1.742278|-1.000000|-1.000000|0.000000|-1|-1|0|0|6|8
244|8|21|ASP|A|9|8|0|000|5.894800|-1.000000|-1.000000|0.000000|-1|-1|0|0|7|9
244|9|18|MSE|A|10|8|0|000|7.792608|-1.000000|-1.000000|0.000000|-1|-1|0|0|8|10
244|10|5|VAL|A|11|7|0|000|10.438787|-1.000000|-1.000000|0.000000|-1|-1|0|0|9|11
244|11|23|ASN|A|12|8|0|000|14.886076|-1.000000|-1.000000|0.000000|-1|-1|0|0|10|12
244|12|25|GLU|A|13|9|0|000|15.232025|-1.000000|-1.000000|0.000000|-1|-1|0|0|11|13
244|13|35|PHE|A|14|11|0|000|11.577662|-1.000000|-1.000000|0.000000|-1|-1|0|0|12|14
244|14|9|ILE|A|15|8|0|000|13.475113|-1.000000|-1.000000|0.000000|-1|-1|0|0|13|15
244|15|33|HIS|A|16|10|0|000|17.147486|-1.000000|-1.000000|0.000000|-1|-1|0|0|14|16
244|16|1|GLY|A|17|4|0|000|18.160711|-1.000000|-1.000000|0.000000|-1|-1|0|0|15|17
244|17|31|ARG|A|18|11|0|000|19.323294|-1.000000|-1.000000|0.000000|-1|-1|0|0|16|18
244|18|7|LEU|A|19|8|0|000|16.209146|-1.000000|-1.000000|0.000000|-1|-1|0|0|17|19
244|19|3|ALA|A|20|5|0|000|17.052429|-1.000000|-1.000000|0.000000|-1|-1|0|0|18|20
244|20|13|THR|A|21|7|0|000|16.158850|-1.000000|-1.000000|0.000000|-1|-1|0|0|19|21
244|21|19|PRO|A|22|7|0|000|18.035383|-1.000000|-1.000000|0.000000|-1|-1|0|0|20|22
244|22|25|GLU|A|23|9|0|000|15.728344|-1.000000|-1.000000|0.000000|-1|-1|0|0|21|23
244|23|3|ALA|A|24|5|0|000|12.807666|-1.000000|-1.000000|0.000000|-1|-1|0|0|22|24
244|24|18|MSE|A|25|8|0|000|16.216204|-1.000000|-1.000000|0.000000|-1|-1|0|0|23|25
244|25|29|LYS|A|26|5|0|000|15.061920|-1.000000|-1.000000|0.000000|-1|-1|0|0|24|26
244|26|13|THR|A|27|7|0|000|11.325727|-1.000000|-1.000000|0.000000|-1|-1|0|0|25|27
244|27|5|VAL|A|28|7|0|000|13.368000|-1.000000|-1.000000|0.000000|-1|-1|0|0|26|28
244|28|1|GLY|A|29|4|0|000|15.010319|-1.000000|-1.000000|0.000000|-1|-1|0|0|27|29
244|29|19|PRO|A|30|7|0|000|13.723930|-1.000000|-1.000000|0.000000|-1|-1|0|0|28|30
244|30|3|ALA|A|31|5|0|000|11.052515|-1.000000|-1.000000|0.000000|-1|-1|0|0|29|31
244|31|31|ARG|A|32|11|0|000|15.720862|-1.000000|-1.000000|0.000000|-1|-1|0|0|30|32
244|32|29|LYS|A|33|9|0|000|16.502272|-1.000000|-1.000000|0.000000|-1|-1|0|0|31|33
244|33|5|VAL|A|34|7|0|000|12.298917|-1.000000|-1.000000|0.000000|-1|-1|0|0|32|34
244|34|9|ILE|A|35|8|0|000|12.008224|-1.000000|-1.000000|0.000000|-1|-1|0|0|33|35
244|35|25|GLU|A|36|5|0|000|16.303091|-1.000000|-1.000000|0.000000|-1|-1|0|0|34|36
244|36|13|THR|A|37|7|0|000|16.732275|-1.000000|-1.000000|0.000000|-1|-1|0|0|35|37
244|37|35|PHE|A|38|11|0|000|13.837949|-1.000000|-1.000000|0.000000|-1|-1|0|0|36|38
244|38|31|ARG|A|39|11|0|000|16.019676|-1.000000|-1.000000|0.000000|-1|-1|0|0|37|39
244|39|31|ARG|A|40|5|0|000|20.276272|-1.000000|-1.000000|0.000000|-1|-1|0|0|38|40
244|40|11|SER|A|41|6|0|000|19.652058|-1.000000|-1.000000|0.000000|-1|-1|0|0|39|41
244|41|1|GLY|A|42|4|0|000|18.812174|-1.000000|-1.000000|0.000000|-1|-1|0|0|40|42
244|42|7|LEU|A|43|8|0|000|16.289848|-1.000000|-1.000000|0.000000|-1|-1|0|0|41|43
244|43|19|PRO|A|44|7|0|000|13.765197|-1.000000|-1.000000|0.000000|-1|-1|0|0|42|44
244|44|5|VAL|A|45|7|0|000|11.159765|-1.000000|-1.000000|0.000000|-1|-1|0|0|43|45
244|45|5|VAL|A|46|7|0|000|8.401261|-1.000000|-1.000000|0.000000|-1|-1|0|0|44|46
244|46|37|TYR|A|47|12|0|000|8.594033|-1.000000|-1.000000|0.000000|-1|-1|0|0|45|47
244|47|5|VAL|A|48|7|0|000|5.334339|-1.000000|-1.000000|0.000000|-1|-1|0|0|46|48
244|48|23|ASN|A|49|8|0|000|8.275232|-1.000000|-1.000000|0.000000|-1|-1|0|0|47|49
244|49|21|ASP|A|50|8|0|000|9.928428|-1.000000|-1.000000|0.000000|-1|-1|0|0|48|50
244|50|11|SER|A|51|6|0|000|13.908245|-1.000000|-1.000000|0.000000|-1|-1|0|0|49|51
244|51|33|HIS|A|52|10|0|000|14.706540|-1.000000|-1.000000|0.000000|-1|-1|0|0|50|52
244|52|37|TYR|A|53|12|0|000|19.229677|-1.000000|-1.000000|0.000000|-1|-1|0|0|51|53
244|53|19|PRO|A|54|7|0|000|21.918169|-1.000000|-1.000000|0.000000|-1|-1|0|0|52|54
244|54|21|ASP|A|55|8|0|000|22.308168|-1.000000|-1.000000|0.000000|-1|-1|0|0|53|55
244|55|21|ASP|A|56|8|0|000|17.951683|-1.000000|-1.000000|0.000000|-1|-1|0|0|54|56
244|56|19|PRO|A|57|7|0|000|18.580679|-1.000000|-1.000000|0.000000|-1|-1|0|0|55|57
244|57|25|GLU|A|58|9|0|000|15.298431|-1.000000|-1.000000|0.000000|-1|-1|0|0|56|58
244|58|9|ILE|A|59|8|0|000|19.098631|-1.000000|-1.000000|0.000000|-1|-1|0|0|57|59
244|59|31|ARG|A|60|5|0|000|21.702257|-1.000000|-1.000000|0.000000|-1|-1|0|0|58|60
244|60|9|ILE|A|61|8|0|000|19.224054|-1.000000|-1.000000|0.000000|-1|-1|0|0|59|61
244|61|39|TRP|A|62|14|0|000|16.528912|-1.000000|-1.000000|0.000000|-1|-1|0|0|60|62
244|62|1|GLY|A|63|4|0|000|19.476160|-1.000000|-1.000000|0.000000|-1|-1|0|0|61|63
244|63|31|ARG|A|64|11|0|000|21.211359|-1.000000|-1.000000|0.000000|-1|-1|0|0|62|64
244|64|33|HIS|A|65|10|0|000|14.921195|-1.000000|-1.000000|0.000000|-1|-1|0|0|63|65
244|65|11|SER|A|66|6|0|000|13.631482|-1.000000|-1.000000|0.000000|-1|-1|0|0|64|66
244|66|18|MSE|A|67|8|0|000|17.517439|-1.000000|-1.000000|0.000000|-1|-1|0|0|65|67
244|67|29|LYS|A|68|9|0|000|18.185896|-1.000000|-1.000000|0.000000|-1|-1|0|0|66|68
244|68|1|GLY|A|69|4|0|000|19.624313|-1.000000|-1.000000|0.000000|-1|-1|0|0|67|69
244|69|21|ASP|A|70|8|0|000|18.871473|-1.000000|-1.000000|0.000000|-1|-1|0|0|68|70
244|70|21|ASP|A|71|5|0|000|18.024656|-1.000000|-1.000000|0.000000|-1|-1|0|0|69|71
244|71|1|GLY|A|72|4|0|000|15.341659|-1.000000|-1.000000|0.000000|-1|-1|0|0|70|72
244|72|11|SER|A|73|6|0|000|13.756063|-1.000000|-1.000000|0.000000|-1|-1|0|0|71|73
244|73|25|GLU|A|74|5|0|000|13.801067|-1.000000|-1.000000|0.000000|-1|-1|0|0|72|74
244|74|5|VAL|A|75|7|0|000|12.007408|-1.000000|-1.000000|0.000000|-1|-1|0|0|73|75
244|75|9|ILE|A|76|8|0|000|13.076413|-1.000000|-1.000000|0.000000|-1|-1|0|0|74|76
244|76|21|ASP|A|77|8|0|000|17.376724|-1.000000|-1.000000|0.000000|-1|-1|0|0|75|77
244|77|25|GLU|A|78|9|0|000|16.164293|-1.000000|-1.000000|0.000000|-1|-1|0|0|76|78
244|78|9|ILE|A|79|8|0|000|12.398337|-1.000000|-1.000000|0.000000|-1|-1|0|0|77|79
244|79|31|ARG|A|80|11|0|000|17.189232|-1.000000|-1.000000|0.000000|-1|-1|0|0|78|80
244|80|19|PRO|A|81|7|0|000|14.325217|-1.000000|-1.000000|0.000000|-1|-1|0|0|79|81
244|81|11|SER|A|82|6|0|000|16.908876|-1.000000|-1.000000|0.000000|-1|-1|0|0|80|82
244|82|3|ALA|A|83|5|0|000|19.108229|-1.000000|-1.000000|0.000000|-1|-1|0|0|81|83
244|83|1|GLY|A|84|4|0|000|16.999254|-1.000000|-1.000000|0.000000|-1|-1|0|0|82|84
244|84|21|ASP|A|85|8|0|000|14.012892|-1.000000|-1.000000|0.000000|-1|-1|0|0|83|85
244|85|37|TYR|A|86|12|0|000|13.729835|-1.000000|-1.000000|0.000000|-1|-1|0|0|84|86
244|86|5|VAL|A|87|7|0|000|12.013098|-1.000000|-1.000000|0.000000|-1|-1|0|0|85|87
244|87|7|LEU|A|88|8|0|000|10.293731|-1.000000|-1.000000|0.000000|-1|-1|0|0|86|88
244|88|25|GLU|A|89|9|0|000|13.252575|-1.000000|-1.000000|0.000000|-1|-1|0|0|87|89
244|89|29|LYS|A|90|9|0|000|8.990329|-1.000000|-1.000000|0.000000|-1|-1|0|0|88|90
244|90|33|HIS|A|91|10|0|000|14.219341|-1.000000|-1.000000|0.000000|-1|-1|0|0|89|91
244|91|3|ALA|A|92|5|0|000|11.083976|-1.000000|-1.000000|0.000000|-1|-1|0|0|90|92
244|92|37|TYR|A|93|12|0|000|10.792109|-1.000000|-1.000000|0.000000|-1|-1|0|0|91|93
244|93|11|SER|A|94|6|0|000|8.457614|-1.000000|-1.000000|0.000000|-1|-1|0|0|92|94
244|94|1|GLY|A|95|4|0|000|7.399001|-1.000000|-1.000000|0.000000|-1|-1|0|0|93|95
244|95|35|PHE|A|96|11|0|000|9.973659|-1.000000|-1.000000|0.000000|-1|-1|0|0|94|96
244|96|37|TYR|A|97|12|0|000|14.388271|-1.000000|-1.000000|0.000000|-1|-1|0|0|95|97
244|97|1|GLY|A|98|4|0|000|14.370732|-1.000000|-1.000000|0.000000|-1|-1|0|0|96|98
244|98|13|THR|A|99|7|0|000|12.419936|-1.000000|-1.000000|0.000000|-1|-1|0|0|97|99
244|99|23|ASN|A|100|8|0|000|14.115619|-1.000000|-1.000000|0.000000|-1|-1|0|0|98|100
244|100|7|LEU|A|101|8|0|000|10.282867|-1.000000|-1.000000|0.000000|-1|-1|0|0|99|101
244|101|21|ASP|A|102|8|0|000|14.453168|-1.000000|-1.000000|0.000000|-1|-1|0|0|100|102
244|102|18|MSE|A|103|8|0|000|17.030941|-1.000000|-1.000000|0.000000|-1|-1|0|0|101|103
244|103|9|ILE|A|104|8|0|000|14.150209|-1.000000|-1.000000|0.000000|-1|-1|0|0|102|104
244|104|7|LEU|A|105|8|0|000|13.305432|-1.000000|-1.000000|0.000000|-1|-1|0|0|103|105
244|105|31|ARG|A|106|11|0|000|18.418869|-1.000000|-1.000000|0.000000|-1|-1|0|0|104|106
244|106|3|ALA|A|107|5|0|000|19.212904|-1.000000|-1.000000|0.000000|-1|-1|0|0|105|107
244|107|23|ASN|A|108|8|0|000|17.735695|-1.000000|-1.000000|0.000000|-1|-1|0|0|106|108
244|108|1|GLY|A|109|4|0|000|19.012403|-1.000000|-1.000000|0.000000|-1|-1|0|0|107|109
244|109|9|ILE|A|110|8|0|000|15.627295|-1.000000|-1.000000|0.000000|-1|-1|0|0|108|110
244|110|21|ASP|A|111|8|0|000|17.228683|-1.000000|-1.000000|0.000000|-1|-1|0|0|109|111
244|111|13|THR|A|112|7|0|000|13.994534|-1.000000|-1.000000|0.000000|-1|-1|0|0|110|112
244|112|5|VAL|A|113|7|0|000|9.886202|-1.000000|-1.000000|0.000000|-1|-1|0|0|111|113
244|113|5|VAL|A|114|7|0|000|9.094197|-1.000000|-1.000000|0.000000|-1|-1|0|0|112|114
244|114|7|LEU|A|115|8|0|000|5.804373|-1.000000|-1.000000|0.000000|-1|-1|0|0|113|115
244|115|9|ILE|A|116|8|0|000|5.592566|-1.000000|-1.000000|0.000000|-1|-1|0|0|114|116
244|116|1|GLY|A|117|4|0|000|5.204871|-1.000000|-1.000000|0.000000|-1|-1|0|0|115|117
244|117|7|LEU|A|118|8|0|000|6.614180|-1.000000|-1.000000|0.000000|-1|-1|0|0|116|118
244|118|21|ASP|A|119|8|0|000|8.223639|-1.000000|-1.000000|0.000000|-1|-1|0|0|117|119
244|119|3|ALA|A|120|5|0|000|9.465063|-1.000000|-1.000000|0.000000|-1|-1|0|0|118|120
244|120|21|ASP|A|121|8|0|000|12.098895|-1.000000|-1.000000|0.000000|-1|-1|0|0|119|121
244|121|9|ILE|A|122|8|0|000|9.886724|-1.000000|-1.000000|0.000000|-1|-1|0|0|120|122
244|122|15|CYS|A|123|6|0|000|6.040311|-1.000000|-1.000000|0.000000|-1|-1|0|0|121|123
244|123|5|VAL|A|124|7|0|000|4.977680|-1.000000|-1.000000|0.000000|-1|-1|0|0|122|124
244|124|31|ARG|A|125|11|0|000|10.683634|-1.000000|-1.000000|0.000000|-1|-1|0|0|123|125
244|125|33|HIS|A|126|10|0|000|9.909049|-1.000000|-1.000000|0.000000|-1|-1|0|0|124|126
244|126|13|THR|A|127|7|0|000|6.262347|-1.000000|-1.000000|0.000000|-1|-1|0|0|125|127
244|127|3|ALA|A|128|5|0|000|9.130755|-1.000000|-1.000000|0.000000|-1|-1|0|0|126|128
244|128|3|ALA|A|129|5|0|000|11.815447|-1.000000|-1.000000|0.000000|-1|-1|0|0|127|129
244|129|21|ASP|A|130|8|0|000|11.707249|-1.000000|-1.000000|0.000000|-1|-1|0|0|128|130
244|130|3|ALA|A|131|5|0|000|11.773823|-1.000000|-1.000000|0.000000|-1|-1|0|0|129|131
244|131|7|LEU|A|132|8|0|000|15.157886|-1.000000|-1.000000|0.000000|-1|-1|0|0|130|132
244|132|37|TYR|A|133|12|0|000|15.970644|-1.000000|-1.000000|0.000000|-1|-1|0|0|131|133
244|133|31|ARG|A|134|11|0|000|14.864777|-1.000000|-1.000000|0.000000|-1|-1|0|0|132|134
244|134|23|ASN|A|135|8|0|000|18.423168|-1.000000|-1.000000|0.000000|-1|-1|0|0|133|135
244|135|37|TYR|A|136|12|0|000|13.911621|-1.000000|-1.000000|0.000000|-1|-1|0|0|134|136
244|136|31|ARG|A|137|11|0|000|16.471066|-1.000000|-1.000000|0.000000|-1|-1|0|0|135|137
244|137|9|ILE|A|138|8|0|000|11.957668|-1.000000|-1.000000|0.000000|-1|-1|0|0|136|138
244|138|9|ILE|A|139|8|0|000|11.886222|-1.000000|-1.000000|0.000000|-1|-1|0|0|137|139
244|139|5|VAL|A|140|7|0|000|10.085327|-1.000000|-1.000000|0.000000|-1|-1|0|0|138|140
244|140|5|VAL|A|141|7|0|000|10.626939|-1.000000|-1.000000|0.000000|-1|-1|0|0|139|141
244|141|25|GLU|A|142|9|0|000|14.119839|-1.000000|-1.000000|0.000000|-1|-1|0|0|140|142
244|142|21|ASP|A|143|8|0|000|13.665404|-1.000000|-1.000000|0.000000|-1|-1|0|0|141|143
244|143|3|ALA|A|144|5|0|000|9.645844|-1.000000|-1.000000|0.000000|-1|-1|0|0|142|144
244|144|5|VAL|A|145|7|0|000|8.915618|-1.000000|-1.000000|0.000000|-1|-1|0|0|143|145
244|145|3|ALA|A|146|5|0|000|10.443415|-1.000000|-1.000000|0.000000|-1|-1|0|0|144|146
244|146|3|ALA|A|147|5|0|000|12.950164|-1.000000|-1.000000|0.000000|-1|-1|0|0|145|147
244|147|31|ARG|A|148|11|0|000|13.878281|-1.000000|-1.000000|0.000000|-1|-1|0|0|146|148
244|148|9|ILE|A|149|5|0|000|17.089476|-1.000000|-1.000000|0.000000|-1|-1|0|0|147|149
244|149|21|ASP|A|150|8|0|000|16.790224|-1.000000|-1.000000|0.000000|-1|-1|0|0|148|150
244|150|19|PRO|A|151|7|0|000|18.993490|-1.000000|-1.000000|0.000000|-1|-1|0|0|149|151
244|151|23|ASN|A|152|8|0|000|19.429497|-1.000000|-1.000000|0.000000|-1|-1|0|0|150|152
244|152|39|TRP|A|153|14|0|000|13.483547|-1.000000|-1.000000|0.000000|-1|-1|0|0|151|153
244|153|29|LYS|A|154|9|0|000|16.214106|-1.000000|-1.000000|0.000000|-1|-1|0|0|152|154
244|154|21|ASP|A|155|8|0|000|19.174639|-1.000000|-1.000000|0.000000|-1|-1|0|0|153|155
244|155|37|TYR|A|156|12|0|000|15.887083|-1.000000|-1.000000|0.000000|-1|-1|0|0|154|156
244|156|35|PHE|A|157|11|0|000|11.985190|-1.000000|-1.000000|0.000000|-1|-1|0|0|155|157
244|157|13|THR|A|158|7|0|000|17.271717|-1.000000|-1.000000|0.000000|-1|-1|0|0|156|158
244|158|31|ARG|A|159|5|0|000|19.210354|-1.000000|-1.000000|0.000000|-1|-1|0|0|157|159
244|159|5|VAL|A|160|7|0|000|17.216185|-1.000000|-1.000000|0.000000|-1|-1|0|0|158|160
244|160|37|TYR|A|161|12|0|000|13.634223|-1.000000|-1.000000|0.000000|-1|-1|0|0|159|161
244|161|1|GLY|A|162|4|0|000|16.645016|-1.000000|-1.000000|0.000000|-1|-1|0|0|160|162
244|162|3|ALA|A|163|5|0|000|14.724024|-1.000000|-1.000000|0.000000|-1|-1|0|0|161|163
244|163|13|THR|A|164|7|0|000|15.527079|-1.000000|-1.000000|0.000000|-1|-1|0|0|162|164
244|164|5|VAL|A|165|7|0|000|15.187266|-1.000000|-1.000000|0.000000|-1|-1|0|0|163|165
244|165|29|LYS|A|166|9|0|000|15.977799|-1.000000|-1.000000|0.000000|-1|-1|0|0|164|166
244|166|31|ARG|A|167|11|0|000|17.188419|-1.000000|-1.000000|0.000000|-1|-1|0|0|165|167
244|167|11|SER|A|168|6|0|000|15.456207|-1.000000|-1.000000|0.000000|-1|-1|0|0|166|168
244|168|21|ASP|A|169|8|0|000|19.455612|-1.000000|-1.000000|0.000000|-1|-1|0|0|167|169
244|169|25|GLU|A|170|9|0|000|18.636854|-1.000000|-1.000000|0.000000|-1|-1|0|0|168|170
244|170|9|ILE|A|171|8|0|000|19.313604|-1.000000|-1.000000|0.000000|-1|-1|0|0|169|171
244|171|25|GLU|A|172|5|0|000|19.706617|-1.000000|-1.000000|0.000000|-1|-1|0|0|170|172
244|172|1|GLY|A|173|4|0|000|20.864998|-1.000000|-1.000000|0.000000|-1|-1|0|0|171|-1
244|173|18|MSE|B|1|8|0|000|18.732086|-1.000000|-1.000000|0.000000|-1|-1|0|3|-1|174
244|174|29|LYS|B|2|9|0|000|18.126970|-1.000000|-1.000000|0.000000|-1|-1|0|3|173|175
244|175|19|PRO|B|3|7|0|000|14.589471|-1.000000|-1.000000|0.000000|-1|-1|0|3|174|176
244|176|3|ALA|B|4|5|0|000|10.920379|-1.000000|-1.000000|0.000000|-1|-1|0|3|175|177
244|177|7|LEU|B|5|8|0|000|8.251410|-1.000000|-1.000000|0.000000|-1|-1|0|3|176|178
244|178|5|VAL|B|6|7|0|000|4.791725|-1.000000|-1.000000|0.000000|-1|-1|0|3|177|179
244|179|5|VAL|B|7|7|0|000|4.416953|-1.000000|-1.000000|0.000000|-1|-1|0|3|178|180
244|180|5|VAL|B|8|7|0|000|1.837797|-1.000000|-1.000000|0.000000|-1|-1|0|3|179|181
244|181|21|ASP|B|9|8|0|000|6.095148|-1.000000|-1.000000|0.000000|-1|-1|0|3|180|182
244|182|18|MSE|B|10|8|0|000|7.627741|-1.000000|-1.000000|0.000000|-1|-1|0|3|181|183
244|183|5|VAL|B|11|7|0|000|10.369344|-1.000000|-1.000000|0.000000|-1|-1|0|3|182|184
244|184|23|ASN|B|12|8|0|000|14.704895|-1.000000|-1.000000|0.000000|-1|-1|0|3|183|185
244|185|25|GLU|B|13|9|0|000|14.661681|-1.000000|-1.000000|0.000000|-1|-1|0|3|184|186
244|186|35|PHE|B|14|11|0|000|10.630029|-1.000000|-1.000000|0.000000|-1|-1|0|3|185|187
244|187|9|ILE|B|15|8|0|000|13.093155|-1.000000|-1.000000|0.000000|-1|-1|0|3|186|188
244|188|33|HIS|B|16|10|0|000|16.739691|-1.000000|-1.000000|0.000000|-1|-1|0|3|187|189
244|189|1|GLY|B|17|4|0|000|17.287313|-1.000000|-1.000000|0.000000|-1|-1|0|3|188|190
244|190|31|ARG|B|18|5|0|000|18.361341|-1.000000|-1.000000|0.000000|-1|-1|0|3|189|191
244|191|7|LEU|B|19|5|0|000|15.675001|-1.000000|-1.000000|0.000000|-1|-1|0|3|190|192
244|192|3|ALA|B|20|5|0|000|15.618310|-1.000000|-1.000000|0.000000|-1|-1|0|3|191|193
244|193|13|THR|B|21|5|0|000|14.958700|-1.000000|-1.000000|0.000000|-1|-1|0|3|192|194
244|194|19|PRO|B|22|7|0|000|17.652842|-1.000000|-1.000000|0.000000|-1|-1|0|3|193|195
244|195|25|GLU|B|23|5|0|000|15.297095|-1.000000|-1.000000|0.000000|-1|-1|0|3|194|196
244|196|3|ALA|B|24|5|0|000|12.969909|-1.000000|-1.000000|0.000000|-1|-1|0|3|195|197
244|197|18|MSE|B|25|8|0|000|15.763703|-1.000000|-1.000000|0.000000|-1|-1|0|3|196|198
244|198|29|LYS|B|26|5|0|000|15.044504|-1.000000|-1.000000|0.000000|-1|-1|0|3|197|199
244|199|13|THR|B|27|7|0|000|11.227560|-1.000000|-1.000000|0.000000|-1|-1|0|3|198|200
244|200|5|VAL|B|28|7|0|000|13.140255|-1.000000|-1.000000|0.000000|-1|-1|0|3|199|201
244|201|1|GLY|B|29|4|0|000|14.765432|-1.000000|-1.000000|0.000000|-1|-1|0|3|200|202
244|202|19|PRO|B|30|7|0|000|13.366696|-1.000000|-1.000000|0.000000|-1|-1|0|3|201|203
244|203|3|ALA|B|31|5|0|000|10.630979|-1.000000|-1.000000|0.000000|-1|-1|0|3|202|204
244|204|31|ARG|B|32|11|0|000|15.329862|-1.000000|-1.000000|0.000000|-1|-1|0|3|203|205
244|205|29|LYS|B|33|9|0|000|16.079519|-1.000000|-1.000000|0.000000|-1|-1|0|3|204|206
244|206|5|VAL|B|34|7|0|000|11.854058|-1.000000|-1.000000|0.000000|-1|-1|0|3|205|207
244|207|9|ILE|B|35|8|0|000|11.588368|-1.000000|-1.000000|0.000000|-1|-1|0|3|206|208
244|208|25|GLU|B|36|9|0|000|16.450335|-1.000000|-1.000000|0.000000|-1|-1|0|3|207|209
244|209|13|THR|B|37|7|0|000|16.253819|-1.000000|-1.000000|0.000000|-1|-1|0|3|208|210
244|210|35|PHE|B|38|11|0|000|13.421381|-1.000000|-1.000000|0.000000|-1|-1|0|3|209|211
244|211|31|ARG|B|39|11|0|000|15.608138|-1.000000|-1.000000|0.000000|-1|-1|0|3|210|212
244|212|31|ARG|B|40|5|0|000|19.842024|-1.000000|-1.000000|0.000000|-1|-1|0|3|211|213
244|213|11|SER|B|41|6|0|000|19.216232|-1.000000|-1.000000|0.000000|-1|-1|0|3|212|214
244|214|1|GLY|B|42|4|0|000|18.426807|-1.000000|-1.000000|0.000000|-1|-1|0|3|213|215
244|215|7|LEU|B|43|8|0|000|15.931352|-1.000000|-1.000000|0.000000|-1|-1|0|3|214|216
244|216|19|PRO|B|44|7|0|000|13.442009|-1.000000|-1.000000|0.000000|-1|-1|0|3|215|217
244|217|5|VAL|B|45|7|0|000|10.804152|-1.000000|-1.000000|0.000000|-1|-1|0|3|216|218
244|218|5|VAL|B|46|7|0|000|8.213490|-1.000000|-1.000000|0.000000|-1|-1|0|3|217|219
244|219|37|TYR|B|47|12|0|000|8.336480|-1.000000|-1.000000|0.000000|-1|-1|0|3|218|220
244|220|5|VAL|B|48|7|0|000|5.416919|-1.000000|-1.000000|0.000000|-1|-1|0|3|219|221
244|221|23|ASN|B|49|8|0|000|8.392073|-1.000000|-1.000000|0.000000|-1|-1|0|3|220|222
244|222|21|ASP|B|50|8|0|000|10.170884|-1.000000|-1.000000|0.000000|-1|-1|0|3|221|223
244|223|11|SER|B|51|6|0|000|14.108819|-1.000000|-1.000000|0.000000|-1|-1|0|3|222|224
244|224|33|HIS|B|52|10|0|000|15.026241|-1.000000|-1.000000|0.000000|-1|-1|0|3|223|225
244|225|37|TYR|B|53|12|0|000|19.465406|-1.000000|-1.000000|0.000000|-1|-1|0|3|224|226
244|226|19|PRO|B|54|7|0|000|22.247536|-1.000000|-1.000000|0.000000|-1|-1|0|3|225|227
244|227|21|ASP|B|55|8|0|000|22.576761|-1.000000|-1.000000|0.000000|-1|-1|0|3|226|228
244|228|21|ASP|B|56|8|0|000|18.270172|-1.000000|-1.000000|0.000000|-1|-1|0|3|227|229
244|229|19|PRO|B|57|7|0|000|18.888529|-1.000000|-1.000000|0.000000|-1|-1|0|3|228|230
244|230|25|GLU|B|58|9|0|000|15.682693|-1.000000|-1.000000|0.000000|-1|-1|0|3|229|231
244|231|9|ILE|B|59|8|0|000|19.533413|-1.000000|-1.000000|0.000000|-1|-1|0|3|230|232
244|232|31|ARG|B|60|11|0|000|23.486238|-1.000000|-1.000000|0.000000|-1|-1|0|3|231|233
244|233|9|ILE|B|61|8|0|000|19.558161|-1.000000|-1.000000|0.000000|-1|-1|0|3|232|234
244|234|39|TRP|B|62|14|0|000|16.773596|-1.000000|-1.000000|0.000000|-1|-1|0|3|233|235
244|235|1|GLY|B|63|4|0|000|19.766544|-1.000000|-1.000000|0.000000|-1|-1|0|3|234|236
244|236|31|ARG|B|64|5|0|000|19.693535|-1.000000|-1.000000|0.000000|-1|-1|0|3|235|237
244|237|33|HIS|B|65|10|0|000|15.247707|-1.000000|-1.000000|0.000000|-1|-1|0|3|236|238
244|238|11|SER|B|66|6|0|000|13.869220|-1.000000|-1.000000|0.000000|-1|-1|0|3|237|239
244|239|18|MSE|B|67|8|0|000|17.758320|-1.000000|-1.000000|0.000000|-1|-1|0|3|238|240
244|240|29|LYS|B|68|9|0|000|18.350893|-1.000000|-1.000000|0.000000|-1|-1|0|3|239|241
244|241|1|GLY|B|69|4|0|000|19.758612|-1.000000|-1.000000|0.000000|-1|-1|0|3|240|242
244|242|21|ASP|B|70|8|0|000|18.974092|-1.000000|-1.000000|0.000000|-1|-1|0|3|241|243
244|243|21|ASP|B|71|5|0|000|18.023985|-1.000000|-1.000000|0.000000|-1|-1|0|3|242|244
244|244|1|GLY|B|72|4|0|000|15.387396|-1.000000|-1.000000|0.000000|-1|-1|0|3|243|245
244|245|11|SER|B|73|6|0|000|13.838733|-1.000000|-1.000000|0.000000|-1|-1|0|3|244|246
244|246|25|GLU|B|74|9|0|000|15.395199|-1.000000|-1.000000|0.000000|-1|-1|0|3|245|247
244|247|5|VAL|B|75|7|0|000|11.832923|-1.000000|-1.000000|0.000000|-1|-1|0|3|246|248
244|248|9|ILE|B|76|8|0|000|12.836226|-1.000000|-1.000000|0.000000|-1|-1|0|3|247|249
244|249|21|ASP|B|77|8|0|000|17.154934|-1.000000|-1.000000|0.000000|-1|-1|0|3|248|250
244|250|25|GLU|B|78|9|0|000|15.850307|-1.000000|-1.000000|0.000000|-1|-1|0|3|249|251
244|251|9|ILE|B|79|8|0|000|12.068637|-1.000000|-1.000000|0.000000|-1|-1|0|3|250|252
244|252|31|ARG|B|80|5|0|000|14.735042|-1.000000|-1.000000|0.000000|-1|-1|0|3|251|253
244|253|19|PRO|B|81|7|0|000|13.957146|-1.000000|-1.000000|0.000000|-1|-1|0|3|252|254
244|254|11|SER|B|82|6|0|000|16.507254|-1.000000|-1.000000|0.000000|-1|-1|0|3|253|255
244|255|3|ALA|B|83|5|0|000|18.658215|-1.000000|-1.000000|0.000000|-1|-1|0|3|254|256
244|256|1|GLY|B|84|4|0|000|16.771370|-1.000000|-1.000000|0.000000|-1|-1|0|3|255|257
244|257|21|ASP|B|85|8|0|000|13.642025|-1.000000|-1.000000|0.000000|-1|-1|0|3|256|258
244|258|37|TYR|B|86|12|0|000|13.553351|-1.000000|-1.000000|0.000000|-1|-1|0|3|257|259
244|259|5|VAL|B|87|7|0|000|11.950703|-1.000000|-1.000000|0.000000|-1|-1|0|3|258|260
244|260|7|LEU|B|88|8|0|000|10.377732|-1.000000|-1.000000|0.000000|-1|-1|0|3|259|261
244|261|25|GLU|B|89|9|0|000|13.364900|-1.000000|-1.000000|0.000000|-1|-1|0|3|260|262
244|262|29|LYS|B|90|9|0|000|9.208241|-1.000000|-1.000000|0.000000|-1|-1|0|3|261|263
244|263|33|HIS|B|91|10|0|000|14.412381|-1.000000|-1.000000|0.000000|-1|-1|0|3|262|264
244|264|3|ALA|B|92|5|0|000|11.325602|-1.000000|-1.000000|0.000000|-1|-1|0|3|263|265
244|265|37|TYR|B|93|12|0|000|11.055077|-1.000000|-1.000000|0.000000|-1|-1|0|3|264|266
244|266|11|SER|B|94|6|0|000|8.776170|-1.000000|-1.000000|0.000000|-1|-1|0|3|265|267
244|267|1|GLY|B|95|4|0|000|7.643167|-1.000000|-1.000000|0.000000|-1|-1|0|3|266|268
244|268|35|PHE|B|96|11|0|000|10.221433|-1.000000|-1.000000|0.000000|-1|-1|0|3|267|269
244|269|37|TYR|B|97|12|0|000|14.669227|-1.000000|-1.000000|0.000000|-1|-1|0|3|268|270
244|270|1|GLY|B|98|4|0|000|14.638465|-1.000000|-1.000000|0.000000|-1|-1|0|3|269|271
244|271|13|THR|B|99|7|0|000|12.640368|-1.000000|-1.000000|0.000000|-1|-1|0|3|270|272
244|272|23|ASN|B|100|8|0|000|14.246897|-1.000000|-1.000000|0.000000|-1|-1|0|3|271|273
244|273|7|LEU|B|101|8|0|000|10.434997|-1.000000|-1.000000|0.000000|-1|-1|0|3|272|274
244|274|21|ASP|B|102|8|0|000|14.628614|-1.000000|-1.000000|0.000000|-1|-1|0|3|273|275
244|275|18|MSE|B|103|8|0|000|17.188732|-1.000000|-1.000000|0.000000|-1|-1|0|3|274|276
244|276|9|ILE|B|104|8|0|000|14.236310|-1.000000|-1.000000|0.000000|-1|-1|0|3|275|277
244|277|7|LEU|B|105|8|0|000|13.348131|-1.000000|-1.000000|0.000000|-1|-1|0|3|276|278
244|278|31|ARG|B|106|11|0|000|18.546749|-1.000000|-1.000000|0.000000|-1|-1|0|3|277|279
244|279|3|ALA|B|107|5|0|000|19.275995|-1.000000|-1.000000|0.000000|-1|-1|0|3|278|280
244|280|23|ASN|B|108|8|0|000|17.778049|-1.000000|-1.000000|0.000000|-1|-1|0|3|279|281
244|281|1|GLY|B|109|4|0|000|19.036013|-1.000000|-1.000000|0.000000|-1|-1|0|3|280|282
244|282|9|ILE|B|110|8|0|000|15.632726|-1.000000|-1.000000|0.000000|-1|-1|0|3|281|283
244|283|21|ASP|B|111|8|0|000|17.253286|-1.000000|-1.000000|0.000000|-1|-1|0|3|282|284
244|284|13|THR|B|112|7|0|000|13.964558|-1.000000|-1.000000|0.000000|-1|-1|0|3|283|285
244|285|5|VAL|B|113|7|0|000|9.850798|-1.000000|-1.000000|0.000000|-1|-1|0|3|284|286
244|286|5|VAL|B|114|7|0|000|8.906834|-1.000000|-1.000000|0.000000|-1|-1|0|3|285|287
244|287|7|LEU|B|115|8|0|000|5.709987|-1.000000|-1.000000|0.000000|-1|-1|0|3|286|288
244|288|9|ILE|B|116|8|0|000|5.167539|-1.000000|-1.000000|0.000000|-1|-1|0|3|287|289
244|289|1|GLY|B|117|4|0|000|4.982713|-1.000000|-1.000000|0.000000|-1|-1|0|3|288|290
244|290|7|LEU|B|118|8|0|000|6.742410|-1.000000|-1.000000|0.000000|-1|-1|0|3|289|291
244|291|21|ASP|B|119|8|0|000|8.548395|-1.000000|-1.000000|0.000000|-1|-1|0|3|290|292
244|292|3|ALA|B|120|5|0|000|8.956281|-1.000000|-1.000000|0.000000|-1|-1|0|3|291|293
244|293|21|ASP|B|121|8|0|000|11.746505|-1.000000|-1.000000|0.000000|-1|-1|0|3|292|294
244|294|9|ILE|B|122|8|0|000|10.157848|-1.000000|-1.000000|0.000000|-1|-1|0|3|293|295
244|295|15|CYS|B|123|6|0|000|6.390061|-1.000000|-1.000000|0.000000|-1|-1|0|3|294|296
244|296|5|VAL|B|124|7|0|000|5.112510|-1.000000|-1.000000|0.000000|-1|-1|0|3|295|297
244|297|31|ARG|B|125|11|0|000|10.984964|-1.000000|-1.000000|0.000000|-1|-1|0|3|296|298
244|298|33|HIS|B|126|10|0|000|10.217276|-1.000000|-1.000000|0.000000|-1|-1|0|3|297|299
244|299|13|THR|B|127|7|0|000|6.563225|-1.000000|-1.000000|0.000000|-1|-1|0|3|298|300
244|300|3|ALA|B|128|5|0|000|9.517742|-1.000000|-1.000000|0.000000|-1|-1|0|3|299|301
244|301|3|ALA|B|129|5|0|000|12.218509|-1.000000|-1.000000|0.000000|-1|-1|0|3|300|302
244|302|21|ASP|B|130|8|0|000|12.103433|-1.000000|-1.000000|0.000000|-1|-1|0|3|301|303
244|303|3|ALA|B|131|5|0|000|12.042779|-1.000000|-1.000000|0.000000|-1|-1|0|3|302|304
244|304|7|LEU|B|132|8|0|000|15.461547|-1.000000|-1.000000|0.000000|-1|-1|0|3|303|305
244|305|37|TYR|B|133|12|0|000|16.208244|-1.000000|-1.000000|0.000000|-1|-1|0|3|304|306
244|306|31|ARG|B|134|11|0|000|15.179575|-1.000000|-1.000000|0.000000|-1|-1|0|3|305|307
244|307|23|ASN|B|135|8|0|000|18.592121|-1.000000|-1.000000|0.000000|-1|-1|0|3|306|308
244|308|37|TYR|B|136|12|0|000|14.047909|-1.000000|-1.000000|0.000000|-1|-1|0|3|307|309
244|309|31|ARG|B|137|11|0|000|16.784082|-1.000000|-1.000000|0.000000|-1|-1|0|3|308|310
244|310|9|ILE|B|138|8|0|000|11.931550|-1.000000|-1.000000|0.000000|-1|-1|0|3|309|311
244|311|9|ILE|B|139|8|0|000|11.639434|-1.000000|-1.000000|0.000000|-1|-1|0|3|310|312
244|312|5|VAL|B|140|7|0|000|9.944130|-1.000000|-1.000000|0.000000|-1|-1|0|3|311|313
244|313|5|VAL|B|141|7|0|000|10.369212|-1.000000|-1.000000|0.000000|-1|-1|0|3|312|314
244|314|25|GLU|B|142|9|0|000|13.959040|-1.000000|-1.000000|0.000000|-1|-1|0|3|313|315
244|315|21|ASP|B|143|8|0|000|13.233910|-1.000000|-1.000000|0.000000|-1|-1|0|3|314|316
244|316|3|ALA|B|144|5|0|000|9.113792|-1.000000|-1.000000|0.000000|-1|-1|0|3|315|317
244|317|5|VAL|B|145|7|0|000|8.563355|-1.000000|-1.000000|0.000000|-1|-1|0|3|316|318
244|318|3|ALA|B|146|5|0|000|10.102087|-1.000000|-1.000000|0.000000|-1|-1|0|3|317|319
244|319|3|ALA|B|147|5|0|000|12.676049|-1.000000|-1.000000|0.000000|-1|-1|0|3|318|320
244|320|31|ARG|B|148|11|0|000|13.749371|-1.000000|-1.000000|0.000000|-1|-1|0|3|319|321
244|321|9|ILE|B|149|5|0|000|16.923931|-1.000000|-1.000000|0.000000|-1|-1|0|3|320|322
244|322|21|ASP|B|150|8|0|000|16.671288|-1.000000|-1.000000|0.000000|-1|-1|0|3|321|323
244|323|19|PRO|B|151|7|0|000|18.736544|-1.000000|-1.000000|0.000000|-1|-1|0|3|322|324
244|324|23|ASN|B|152|8|0|000|19.246469|-1.000000|-1.000000|0.000000|-1|-1|0|3|323|325
244|325|39|TRP|B|153|14|0|000|13.265011|-1.000000|-1.000000|0.000000|-1|-1|0|3|324|326
244|326|29|LYS|B|154|5|0|000|15.436271|-1.000000|-1.000000|0.000000|-1|-1|0|3|325|327
244|327|21|ASP|B|155|8|0|000|19.030380|-1.000000|-1.000000|0.000000|-1|-1|0|3|326|328
244|328|37|TYR|B|156|12|0|000|15.903193|-1.000000|-1.000000|0.000000|-1|-1|0|3|327|329
244|329|35|PHE|B|157|11|0|000|11.935986|-1.000000|-1.000000|0.000000|-1|-1|0|3|328|330
244|330|13|THR|B|158|7|0|000|17.222475|-1.000000|-1.000000|0.000000|-1|-1|0|3|329|331
244|331|31|ARG|B|159|5|0|000|19.282917|-1.000000|-1.000000|0.000000|-1|-1|0|3|330|332
244|332|5|VAL|B|160|7|0|000|17.401234|-1.000000|-1.000000|0.000000|-1|-1|0|3|331|333
244|333|37|TYR|B|161|12|0|000|13.908179|-1.000000|-1.000000|0.000000|-1|-1|0|3|332|334
244|334|1|GLY|B|162|4|0|000|16.796656|-1.000000|-1.000000|0.000000|-1|-1|0|3|333|335
244|335|3|ALA|B|163|5|0|000|14.759327|-1.000000|-1.000000|0.000000|-1|-1|0|3|334|336
244|336|13|THR|B|164|7|0|000|15.376020|-1.000000|-1.000000|0.000000|-1|-1|0|3|335|337
244|337|5|VAL|B|165|7|0|000|14.929003|-1.000000|-1.000000|0.000000|-1|-1|0|3|336|338
244|338|29|LYS|B|166|9|0|000|15.623535|-1.000000|-1.000000|0.000000|-1|-1|0|3|337|339
244|339|31|ARG|B|167|11|0|000|16.712576|-1.000000|-1.000000|0.000000|-1|-1|0|3|338|340
244|340|11|SER|B|168|6|0|000|14.914224|-1.000000|-1.000000|0.000000|-1|-1|0|3|339|341
244|341|21|ASP|B|169|8|0|000|18.944803|-1.000000|-1.000000|0.000000|-1|-1|0|3|340|342
244|342|25|GLU|B|170|9|0|000|18.213741|-1.000000|-1.000000|0.000000|-1|-1|0|3|341|343
244|343|9|ILE|B|171|8|0|000|18.936335|-1.000000|-1.000000|0.000000|-1|-1|0|3|342|344
244|344|25|GLU|B|172|5|0|000|19.392117|-1.000000|-1.000000|0.000000|-1|-1|0|3|343|345
244|345|1|GLY|B|173|4|0|000|20.601685|-1.000000|-1.000000|0.000000|-1|-1|0|3|344|-1
244|346|46|_ZN|A|183|1|1|000|11.646711|-1.000000|-1.000000|0.000000|-1|-1|0|2|-1|-1
244|347|46|_ZN|B|183|1|1|000|11.967819|-1.000000|-1.000000|0.000000|-1|-1|0|4|-1|-1
244|348|43|HOH|A|184|1|0|000|23.651962|-1.000000|-1.000000|0.000000|-1|-1|0|1|-1|-1
244|349|43|HOH|A|185|1|0|000|22.231236|-1.000000|-1.000000|0.000000|-1|-1|0|1|-1|-1
244|350|43|HOH|A|186|1|0|000|20.276789|-1.000000|-1.000000|0.000000|-1|-1|0|1|-1|-1
244|351|43|HOH|A|187|1|0|000|15.238740|-1.000000|-1.000000|0.000000|-1|-1|0|1|-1|-1
244|352|43|HOH|A|188|1|0|000|13.796442|-1.000000|-1.000000|0.000000|-1|-1|0|1|-1|-1
244|353|43|HOH|A|189|1|0|000|15.312336|-1.000000|-1.000000|0.000000|-1|-1|0|1|-1|-1
244|354|43|HOH|A|190|1|0|000|22.699144|-1.000000|-1.000000|0.000000|-1|-1|0|1|-1|-1
244|355|43|HOH|A|191|1|0|000|7.870227|-1.000000|-1.000000|0.000000|-1|-1|0|1|-1|-1
244|356|43|HOH|A|192|1|0|000|14.917333|-1.000000|-1.000000|0.000000|-1|-1|0|1|-1|-1
244|357|43|HOH|A|193|1|0|000|13.764391|-1.000000|-1.000000|0.000000|-1|-1|0|1|-1|-1
244|358|43|HOH|A|194|1|0|000|18.860647|-1.000000|-1.000000|0.000000|-1|-1|0|1|-1|-1
244|359|43|HOH|A|195|1|0|000|13.122611|-1.000000|-1.000000|0.000000|-1|-1|0|1|-1|-1
244|360|43|HOH|A|196|1|0|000|20.764032|-1.000000|-1.000000|0.000000|-1|-1|0|1|-1|-1
244|361|43|HOH|A|197|1|0|000|21.493616|-1.000000|-1.000000|0.000000|-1|-1|0|1|-1|-1
244|362|43|HOH|A|198|1|0|000|11.667242|-1.000000|-1.000000|0.000000|-1|-1|0|1|-1|-1
244|363|43|HOH|A|199|1|0|000|18.823460|-1.000000|-1.000000|0.000000|-1|-1|0|1|-1|-1
244|364|43|HOH|A|200|1|0|000|14.392786|-1.000000|-1.000000|0.000000|-1|-1|0|1|-1|-1
244|365|43|HOH|A|201|1|0|000|13.305670|-1.000000|-1.000000|0.000000|-1|-1|0|1|-1|-1
244|366|43|HOH|A|202|1|0|000|15.046748|-1.000000|-1.000000|0.000000|-1|-1|0|1|-1|-1
244|367|43|HOH|A|203|1|0|000|38.733959|-1.000000|-1.000000|0.000000|-1|-1|0|1|-1|-1
244|368|43|HOH|A|204|1|0|000|17.297436|-1.000000|-1.000000|0.000000|-1|-1|0|1|-1|-1
244|369|43|HOH|A|205|1|0|000|10.691748|-1.000000|-1.000000|0.000000|-1|-1|0|1|-1|-1
244|370|43|HOH|A|206|1|0|000|13.177629|-1.000000|-1.000000|0.000000|-1|-1|0|1|-1|-1
244|371|43|HOH|A|207|1|0|000|37.558056|-1.000000|-1.000000|0.000000|-1|-1|0|1|-1|-1
244|372|43|HOH|A|208|1|0|000|23.757265|-1.000000|-1.000000|0.000000|-1|-1|0|1|-1|-1
244|373|43|HOH|A|209|1|0|000|12.926593|-1.000000|-1.000000|0.000000|-1|-1|0|1|-1|-1
244|374|43|HOH|A|210|1|0|000|12.215544|-1.000000|-1.000000|0.000000|-1|-1|0|1|-1|-1
244|375|43|HOH|A|211|1|0|000|29.129532|-1.000000|-1.000000|0.000000|-1|-1|0|1|-1|-1
244|376|43|HOH|A|212|1|0|000|38.447178|-1.000000|-1.000000|0.000000|-1|-1|0|1|-1|-1
244|377|43|HOH|A|213|1|0|000|20.070530|-1.000000|-1.000000|0.000000|-1|-1|0|1|-1|-1
244|378|43|HOH|A|214|1|0|000|22.816349|-1.000000|-1.000000|0.000000|-1|-1|0|1|-1|-1
244|379|43|HOH|A|215|1|0|000|17.376978|-1.000000|-1.000000|0.000000|-1|-1|0|1|-1|-1
244|380|43|HOH|A|216|1|0|000|19.458305|-1.000000|-1.000000|0.000000|-1|-1|0|1|-1|-1
244|381|43|HOH|A|217|1|0|000|26.093552|-1.000000|-1.000000|0.000000|-1|-1|0|1|-1|-1
244|382|43|HOH|A|218|1|0|000|19.580618|-1.000000|-1.000000|0.000000|-1|-1|0|1|-1|-1
244|383|43|HOH|A|219|1|0|000|19.357010|-1.000000|-1.000000|0.000000|-1|-1|0|1|-1|-1
244|384|43|HOH|A|220|1|0|000|18.330811|-1.000000|-1.000000|0.000000|-1|-1|0|1|-1|-1
244|385|43|HOH|A|221|1|0|000|14.181563|-1.000000|-1.000000|0.000000|-1|-1|0|1|-1|-1
244|386|43|HOH|A|222|1|0|000|6.027955|-1.000000|-1.000000|0.000000|-1|-1|0|1|-1|-1
244|387|43|HOH|A|223|1|0|000|11.994218|-1.000000|-1.000000|0.000000|-1|-1|0|1|-1|-1
244|388|43|HOH|A|224|1|0|000|22.187384|-1.000000|-1.000000|0.000000|-1|-1|0|1|-1|-1
244|389|43|HOH|A|225|1|0|000|22.929726|-1.000000|-1.000000|0.000000|-1|-1|0|1|-1|-1
244|390|43|HOH|A|226|1|0|000|15.334581|-1.000000|-1.000000|0.000000|-1|-1|0|1|-1|-1
244|391|43|HOH|A|227|1|0|000|37.518326|-1.000000|-1.000000|0.000000|-1|-1|0|1|-1|-1
244|392|43|HOH|A|228|1|0|000|20.736807|-1.000000|-1.000000|0.000000|-1|-1|0|1|-1|-1
244|393|43|HOH|A|229|1|0|000|32.176338|-1.000000|-1.000000|0.000000|-1|-1|0|1|-1|-1
244|394|43|HOH|A|230|1|0|000|16.255646|-1.000000|-1.000000|0.000000|-1|-1|0|1|-1|-1
244|395|43|HOH|A|231|1|0|000|24.153852|-1.000000|-1.000000|0.000000|-1|-1|0|1|-1|-1
244|396|43|HOH|A|232|1|0|000|15.333082|-1.000000|-1.000000|0.000000|-1|-1|0|1|-1|-1
244|397|43|HOH|A|233|1|0|000|16.830240|-1.000000|-1.000000|0.000000|-1|-1|0|1|-1|-1
244|398|43|HOH|A|234|1|0|000|26.450384|-1.000000|-1.000000|0.000000|-1|-1|0|1|-1|-1
244|399|43|HOH|A|235|1|0|000|12.965474|-1.000000|-1.000000|0.000000|-1|-1|0|1|-1|-1
