244|0|-1|201|6|386|VAL|543|47|2673|-O--|428|8|2|0011|2.643115|0.404447|0.283756|-0.869428|9.432235|0.097029|0.149522
244|1|-1|715|24|394|MSE|1843|186|2681|-O--|428|8|2|0011|2.808881|-0.450357|-0.867961|-0.209336|8.199395|0.061991|0.095529
244|2|-1|737|25|394|LYS|2943|194|2681|-O--|428|8|2|0011|3.058220|-0.139624|0.013079|-0.990118|1.134278|0.031598|0.048693
244|3|-1|743|25|364|LYS|2943|194|2651|-O--|428|8|2|0011|3.725023|0.292884|-0.189529|0.937175|0.210872|0.005212|0.008031
244|4|-1|1317|47|386|VAL|543|354|2673|-O--|428|8|2|0011|3.919781|0.027042|-0.698508|-0.715091|13.405040|0.003079|0.004745
244|5|-1|1343|48|374|ASN|2343|361|2661|-O--|428|8|2|0011|3.801677|0.047084|0.115475|-0.992194|2.090640|0.004237|0.006529
244|6|-1|1362|48|386|ASN|2343|364|2673|-OD1|828|8|2|0011|2.654459|0.076852|-0.970819|0.227165|13.803333|0.094099|0.145007
244|7|-1|1383|49|374|ASP|2143|369|2661|-O--|428|8|2|0011|2.867536|-0.735824|-0.158325|-0.658405|2.752267|0.052903|0.081524
244|8|-1|1568|52|397|TYR|3743|401|2684|-OH-|1828|8|3|0011|3.443068|-0.217248|-0.961061|-0.170778|18.343525|0.011167|0.017209
244|9|-1|1723|57|365|GLU|2543|440|2652|-OE2|1028|8|2|0011|2.655187|-0.084740|0.021845|0.996164|2.498342|0.093915|0.144722
244|10|-1|1724|57|351|GLU|2543|440|2638|-OE2|1028|8|2|0011|3.287540|-0.302050|0.897328|0.321821|4.220450|0.017002|0.026200
244|11|-1|2011|72|374|SER|1143|548|2661|-O--|428|8|2|0011|2.617517|-0.531038|0.586815|0.611266|14.621325|0.103980|0.160233
244|12|-1|2018|72|374|SER|1143|550|2661|-OG-|1728|8|3|0011|3.666437|-0.603856|-0.483303|0.633858|6.922479|0.006106|0.009409
244|13|-1|2264|85|380|TYR|3743|648|2667|-OH-|1828|8|3|0011|2.647819|-0.727769|0.635618|-0.257571|2.018331|0.095803|0.147633
244|14|-1|2294|87|387|LEU|743|659|2674|-O--|428|8|2|0011|3.932097|0.239821|0.158694|-0.957759|29.663742|0.002978|0.004589
244|15|-1|2315|88|352|GLU|2543|667|2639|-O--|428|8|2|0011|3.775439|-0.858444|-0.019865|-0.512523|4.380335|0.004548|0.007008
244|16|-1|2317|88|385|GLU|2543|667|2672|-O--|428|8|2|0011|2.889787|-0.187904|0.888301|0.419062|4.934660|0.049816|0.076766
244|17|-1|2324|88|397|GLU|2543|671|2684|-OE1|1028|8|2|0011|3.144051|-0.071564|0.656479|0.750942|25.470200|0.025056|0.038612
244|18|-1|2377|90|351|HIS|3343|685|2638|-O--|428|8|2|0011|2.797847|0.757011|0.280573|0.590096|1.166160|0.063868|0.098421
244|19|-1|2401|91|369|ALA|343|695|2656|-O--|428|8|2|0011|3.092373|-0.865032|0.422653|0.270343|6.076785|0.028812|0.044400
244|20|-1|2473|93|369|SER|1143|712|2656|-O--|428|8|2|0011|2.736507|0.066873|0.939153|-0.336926|9.532659|0.075384|0.116167
244|21|-1|2491|93|399|SER|1143|714|2686|-OG-|1728|8|3|0011|3.978526|-0.320722|0.742235|0.588409|1.130515|0.002627|0.004048
244|22|-1|2528|95|373|PHE|3543|722|2660|-O--|428|8|2|0011|3.118814|-0.883028|-0.468768|0.022765|5.180707|0.026825|0.041338
244|23|-1|2582|96|369|TYR|3743|733|2656|-O--|428|8|2|0011|2.708660|0.873125|-0.392814|-0.288703|0.643139|0.081277|0.125248
244|24|-1|2583|96|359|TYR|3743|733|2646|-O--|428|8|2|0011|2.630829|0.129237|0.517707|-0.845740|3.118871|0.100305|0.154571
244|25|-1|2603|96|377|TYR|3743|741|2664|-OH-|1828|8|3|0011|2.589308|0.154868|0.940019|-0.303942|8.859335|0.112217|0.172927
244|26|-1|2622|97|385|GLY|143|745|2672|-O--|428|8|2|0011|3.140583|0.384323|0.044578|-0.922122|3.506520|0.025292|0.038976
244|27|-1|2623|97|359|GLY|143|745|2646|-O--|428|8|2|0011|3.446022|0.983453|-0.091410|-0.156412|1.776390|0.011078|0.017072
244|28|-1|2637|98|373|THR|1343|749|2660|-O--|428|8|2|0011|3.145177|0.158020|-0.779606|0.606007|1.397883|0.024980|0.038495
244|29|-1|2641|98|353|THR|1343|749|2640|-O--|428|8|2|0011|3.077953|-0.708263|-0.464593|0.531523|11.280213|0.029957|0.046164
244|30|-1|2647|98|373|THR|1343|751|2660|-OG1|1728|8|3|0011|3.691793|-0.523052|-0.104014|0.845930|7.321066|0.005702|0.008786
244|31|-1|2770|102|383|MSE|1843|780|2670|-O--|428|8|2|0011|2.627575|-0.738324|0.523296|0.425487|22.624493|0.101191|0.155936
244|32|-1|2781|102|368|MSE|1843|783|2655|SE--|1928|34|3|0011|3.547073|0.000000|-0.530860|-0.847459|43.324093|0.042670|0.069407
244|33|-1|3115|117|355|LEU|743|889|2642|-O--|428|8|2|0011|3.247771|0.601335|0.695554|0.393192|2.485891|0.018931|0.029173
244|34|-1|3161|118|355|ASP|2143|901|2642|-OD2|1028|8|2|0011|3.863064|-0.767525|0.621528|0.156870|12.472875|0.003589|0.005531
244|35|-1|3298|122|355|CYS|1543|928|2642|-SG-|1128|16|3|0011|2.488066|0.751186|-0.614936|-0.239945|2.701255|0.554678|0.831968
244|36|-1|3392|125|362|HIS|3343|950|2649|-O--|428|8|2|0011|3.170548|0.330227|0.864835|0.378168|17.957968|0.023325|0.035944
244|37|-1|3527|129|390|ASP|2143|980|2677|-OD1|1028|8|2|0011|2.654844|-0.456900|0.730364|0.507751|162.443192|0.094002|0.144857
244|38|-1|3528|129|357|ASP|2143|980|2644|-OD1|1028|8|2|0011|2.894970|0.892237|0.425221|0.151987|0.769257|0.049123|0.075698
244|39|-1|3531|129|399|ASP|2143|980|2686|-OD1|1028|8|2|0011|3.362018|-0.149910|0.769776|-0.620461|16.099112|0.013902|0.021423
244|40|-1|3532|129|357|ASP|2143|981|2644|-OD2|1028|8|2|0011|3.617344|0.641354|0.256265|0.723182|4.827226|0.006972|0.010744
244|41|-1|3533|129|399|ASP|2143|981|2686|-OD2|1028|8|2|0011|2.411026|-0.318122|0.947315|0.037329|7.818663|0.181686|0.279978
244|42|-1|3534|129|362|ASP|2143|981|2649|-OD2|1028|8|2|0011|3.821679|0.972347|-0.093415|0.214042|10.273903|0.004014|0.006185
244|43|-1|3603|132|382|TYR|3743|998|2669|-O--|428|8|2|0011|2.769875|-0.977301|-0.091701|0.190983|2.601804|0.068883|0.106150
244|44|-1|3631|132|396|TYR|3743|1006|2683|-OH-|1828|8|3|0011|2.673234|0.410364|0.633316|-0.656135|2.555973|0.089444|0.137833
244|45|-1|3680|134|388|ASN|2343|1024|2675|-OD1|828|8|2|0011|2.562350|-0.204890|0.434757|0.876930|27.955738|0.120698|0.185997
244|46|-1|3880|142|364|ASP|2143|1091|2651|-O--|428|8|2|0011|2.709283|0.986977|-0.067176|-0.146164|1.855726|0.081140|0.125037
244|47|-1|4050|151|358|ASN|2343|1152|2645|-O--|428|8|2|0011|3.707948|0.011327|-0.984642|-0.174220|0.586838|0.005458|0.008411
244|48|-1|4146|154|358|ASP|2143|1187|2645|-OD2|1028|8|2|0011|3.999927|0.039751|0.158753|-0.986518|43.995876|0.002479|0.003821
244|49|-1|4187|155|356|TYR|3743|1199|2643|-OH-|1828|8|3|0011|2.710727|0.193675|0.396942|-0.897177|11.705050|0.080824|0.124550
244|50|-1|4463|169|366|GLU|2543|1302|2653|-O--|428|8|2|0011|2.727383|-0.412117|0.892797|-0.181859|11.958702|0.077266|0.119068
244|51|-1|4552|174|371|LYS|2943|1341|2658|-NZ-|1428|7|5|0011|2.637169|-0.345067|-0.200594|0.916892|33.506229|0.132738|0.227903
244|52|-1|4781|181|348|ASP|2143|1390|2635|-OD2|1028|8|2|0011|3.983833|0.501778|-0.603941|-0.619253|9.698798|0.002589|0.003990
244|53|-1|5616|214|376|GLY|143|1623|2663|-O--|428|8|2|0011|2.528367|-0.832553|-0.226629|-0.505465|25.289215|0.132309|0.203889
244|54|-1|5645|216|376|PRO|1943|1632|2663|-N--|128|7|4|0011|3.315435|-0.478369|0.858409|0.185194|15.532435|0.021226|0.036444
244|55|-1|5666|217|391|VAL|543|1639|2678|-N--|128|7|4|0011|3.017885|-0.604066|0.522882|0.601414|2.805161|0.047438|0.081447
244|56|-1|5688|217|391|VAL|543|1642|2678|-O--|428|8|2|0011|3.591105|-0.010303|0.981313|0.192141|4.210074|0.007485|0.011534
244|57|-1|5853|222|354|ASP|2143|1686|2641|-OD1|1028|8|2|0011|2.790244|0.249799|-0.507483|-0.824659|10.183057|0.065194|0.100464
244|58|-1|5862|222|354|ASP|2143|1687|2641|-OD2|1028|8|2|0011|3.058058|-0.174620|0.084367|-0.981015|1.068334|0.031612|0.048715
244|59|-1|5961|224|354|HIS|3343|1703|2641|-NE2|1328|7|3|0011|3.900184|0.590998|0.396904|-0.702274|17.108900|0.004370|0.007503
244|60|-1|6041|227|388|ASP|2143|1726|2675|-O--|428|8|2|0011|2.733512|-0.171574|0.369854|-0.913110|30.946184|0.075997|0.117112
244|61|-1|6066|228|378|ASP|2143|1734|2665|-O--|428|8|2|0011|2.734828|0.018649|-0.920716|-0.389788|44.448868|0.075727|0.116696
244|62|-1|6090|229|388|PRO|1943|1739|2675|-N--|128|7|4|0011|3.542740|-0.964226|-0.004234|-0.265049|24.993427|0.011483|0.019716
244|63|-1|6092|229|361|PRO|1943|1739|2648|-N--|128|7|4|0011|3.539773|0.789316|0.591563|0.164418|6.340446|0.011576|0.019875
244|64|-1|6105|229|378|PRO|1943|1742|2665|-O--|428|8|2|0011|2.866352|-0.605299|-0.465400|0.645768|51.203697|0.053073|0.081786
244|65|-1|6116|230|378|GLU|2543|1746|2665|-N--|128|7|4|0011|3.982712|-0.622189|-0.765559|0.163708|47.490314|0.003497|0.006003
244|66|-1|6118|230|361|GLU|2543|1746|2648|-N--|128|7|4|0011|3.195986|0.044117|0.976850|0.209326|6.455917|0.029314|0.050330
244|67|-1|6158|230|354|GLU|2543|1753|2641|-OE1|1028|8|2|0011|3.053163|0.225013|0.958350|-0.175883|22.220007|0.032033|0.049363
244|68|-1|6160|230|361|GLU|2543|1754|2648|-OE2|1028|8|2|0011|3.092865|-0.993901|-0.031363|-0.105727|0.060092|0.028774|0.044341
244|69|-1|6162|230|363|GLU|2543|1754|2650|-OE2|1028|8|2|0011|2.725490|-0.019446|0.215374|-0.976338|13.089010|0.077663|0.119679
244|70|-1|6168|230|354|GLU|2543|1754|2641|-OE2|1028|8|2|0011|2.925605|0.616283|0.688405|0.382485|33.459507|0.045219|0.069683
244|71|-1|6170|231|378|ILE|943|1755|2665|-N--|128|7|4|0011|3.414344|-0.809526|-0.396270|-0.433172|40.327900|0.016247|0.027895
244|72|-1|6199|232|378|ARG|3143|1763|2665|-N--|128|7|4|0011|2.735596|-0.773140|0.498977|-0.391505|38.777096|0.101734|0.174670
244|73|-1|6667|256|391|GLY|143|1940|2678|-O--|428|8|2|0011|2.672307|0.605469|-0.058751|-0.793697|8.464518|0.089668|0.138179
244|74|-1|6788|262|354|LYS|2943|1993|2641|-NZ-|1428|7|5|0011|3.143227|-0.250380|-0.958251|-0.138074|33.988884|0.033807|0.058044
244|75|-1|6792|263|395|HIS|3343|1994|2682|-N--|128|7|4|0011|2.835891|-0.519766|0.666105|-0.534928|1.112519|0.077579|0.133198
244|76|-1|6793|263|349|HIS|3343|1994|2636|-N--|128|7|4|0011|3.397802|0.411737|0.380246|-0.828182|6.725704|0.016990|0.029170
244|77|-1|6804|263|361|HIS|3343|1997|2648|-O--|428|8|2|0011|2.460975|0.060138|-0.906958|-0.416907|4.032618|0.158742|0.244622
244|78|-1|6812|264|349|ALA|343|2004|2636|-N--|128|7|4|0011|3.000845|0.087309|0.951732|-0.294250|3.709006|0.049673|0.085286
244|79|-1|6829|264|349|ALA|343|2007|2636|-O--|428|8|2|0011|3.356855|-0.711678|0.668483|-0.215975|6.051680|0.014097|0.021724
244|80|-1|6832|264|354|ALA|343|2007|2641|-O--|428|8|2|0011|3.018293|0.377035|-0.855120|0.355831|41.508404|0.035199|0.054242
244|81|-1|6839|265|363|TYR|3743|2009|2650|-N--|128|7|4|0011|3.052865|-0.341319|-0.896535|-0.282358|24.490454|0.043158|0.074100
244|82|-1|6840|265|354|TYR|3743|2009|2641|-N--|128|7|4|0011|3.300518|0.246628|-0.396908|0.884103|50.584476|0.022099|0.037943
244|83|-1|6891|266|349|SER|1143|2024|2636|-O--|428|8|2|0011|2.625856|-0.853436|-0.360263|0.376640|8.625463|0.101662|0.156662
244|84|-1|6948|268|392|PHE|3543|2034|2679|-O--|428|8|2|0011|3.389065|-0.822646|-0.197399|-0.533186|0.120429|0.012922|0.019913
244|85|-1|6954|268|389|PHE|3543|2034|2676|-O--|428|8|2|0011|3.423021|-0.890734|0.417760|-0.179082|35.564640|0.011789|0.018167
244|86|-1|6957|268|372|PHE|3543|2034|2659|-O--|428|8|2|0011|3.195119|0.093580|0.995581|0.007824|3.256707|0.021826|0.033634
244|87|-1|6978|269|349|TYR|3743|2042|2636|-N--|128|7|4|0011|3.914108|-0.019672|-0.686235|0.727113|2.642017|0.004209|0.007226
244|88|-1|6979|269|379|TYR|3743|2042|2666|-N--|128|7|4|0011|3.773544|0.049026|-0.117131|-0.991906|6.637058|0.006154|0.010566
244|89|-1|6992|269|395|TYR|3743|2045|2682|-O--|428|8|2|0011|2.660188|-0.361252|-0.357493|0.861218|5.554883|0.092654|0.142780
244|90|-1|6997|269|349|TYR|3743|2045|2636|-O--|428|8|2|0011|2.653315|0.720608|-0.583421|0.374626|0.201289|0.094391|0.145456
244|91|-1|7009|270|392|GLY|143|2054|2679|-N--|128|7|4|0011|2.797729|-0.159415|0.479676|-0.862843|1.242807|0.086007|0.147669
244|92|-1|7011|270|389|GLY|143|2054|2676|-N--|128|7|4|0011|3.718702|-0.190120|0.925323|-0.328072|32.128067|0.007137|0.012254
244|93|-1|7023|270|395|GLY|143|2057|2682|-O--|428|8|2|0011|3.744004|0.524572|-0.836805|0.156784|1.773559|0.004951|0.007630
244|94|-1|7029|271|389|THR|1343|2058|2676|-N--|128|7|4|0011|3.578118|-0.245101|0.414464|-0.876439|28.365068|0.010436|0.017918
244|95|-1|7040|271|389|THR|1343|2061|2676|-O--|428|8|2|0011|2.867824|-0.306853|-0.397514|-0.864768|21.348543|0.052862|0.081461
244|96|-1|7044|271|372|THR|1343|2061|2659|-O--|428|8|2|0011|3.139637|0.786078|0.194608|-0.586693|3.527529|0.025357|0.039075
244|97|-1|7049|271|372|THR|1343|2063|2659|-OG1|1728|8|3|0011|3.700571|-0.078637|0.511272|-0.855814|4.797097|0.005568|0.008580
244|98|-1|7081|272|393|ASN|2343|2072|2680|-ND2|928|7|4|0011|3.054506|-0.244229|0.858730|-0.450482|19.415228|0.042967|0.073772
244|99|-1|7083|273|372|LEU|743|2073|2659|-N--|128|7|4|0011|3.430358|-0.106403|-0.355066|-0.928766|2.273243|0.015559|0.026713
244|100|-1|7113|274|372|ASP|2143|2081|2659|-N--|128|7|4|0011|2.979252|-0.437358|-0.847864|-0.299740|2.672246|0.052659|0.090411
244|101|-1|7153|274|398|ASP|2143|2088|2685|-OD2|1028|8|2|0011|2.909310|-0.832843|0.310039|0.458528|20.171005|0.047255|0.072821
244|102|-1|7158|275|398|MSE|1843|2089|2685|-N--|128|7|4|0011|3.470819|-0.544540|0.103145|-0.832368|32.270374|0.013947|0.023946
244|103|-1|7186|275|393|MSE|1843|2095|2680|SE--|1928|34|3|0011|3.658075|0.494249|0.227715|0.838966|2.371504|0.031611|0.051418
244|104|-1|7269|278|398|ARG|3143|2120|2685|-NE-|728|7|4|0011|3.757540|-0.591876|-0.502191|0.630466|11.847942|0.006426|0.011033
244|105|-1|7270|278|375|ARG|3143|2120|2662|-NE-|728|7|4|0011|3.997710|-0.011506|0.956298|-0.292167|36.931755|0.003358|0.005765
244|106|-1|7272|278|375|ARG|3143|2122|2662|-NH1|728|7|4|0011|2.995596|0.252704|0.937043|0.241020|40.660332|0.050383|0.086505
244|107|-1|7304|280|371|ASN|2343|2135|2658|-OD1|828|8|2|0011|3.736904|0.945168|0.302390|-0.123364|5.293877|0.005047|0.007778
244|108|-1|7521|290|348|LEU|743|2201|2635|-O--|428|8|2|0011|3.817047|-0.442751|-0.790402|-0.423364|15.675072|0.004064|0.006263
244|109|-1|7533|291|348|ASP|2143|2206|2635|-N--|128|7|4|0011|3.261268|-0.874813|-0.466689|-0.130011|12.665328|0.024572|0.042189
244|110|-1|7578|291|348|ASP|2143|2213|2635|-OD2|1028|8|2|0011|2.869255|-0.745838|0.635706|-0.199006|17.085464|0.052658|0.081147
244|111|-1|7606|292|360|ALA|343|2217|2647|-O--|428|8|2|0011|3.202373|0.478395|0.009056|-0.878098|5.555287|0.021402|0.032981
244|112|-1|7698|295|348|CYS|1543|2235|2635|-N--|128|7|4|0011|3.162310|-0.159061|-0.457260|0.874993|28.999378|0.032107|0.055126
244|113|-1|7726|295|354|CYS|1543|2240|2641|-SG-|1128|16|3|0011|3.658088|-0.951590|-0.285668|0.113447|24.570108|0.023480|0.035218
244|114|-1|7727|295|348|CYS|1543|2240|2635|-SG-|1128|16|3|0011|2.417862|0.783337|-0.566616|0.255598|14.974510|0.670571|1.005796
244|115|-1|7785|297|356|ARG|3143|2255|2643|-NE-|728|7|4|0011|3.934556|-0.680890|-0.545678|-0.488492|17.808617|0.003983|0.006838
244|116|-1|7787|297|360|ARG|3143|2255|2647|-NE-|728|7|4|0011|2.903369|0.766351|0.554873|0.323763|3.173888|0.064646|0.110992
244|117|-1|7793|297|356|ARG|3143|2257|2643|-NH1|728|7|4|0011|3.230955|-0.977110|-0.088519|-0.193441|17.931177|0.026670|0.045791
244|118|-1|7803|297|360|ARG|3143|2258|2647|-NH2|728|7|4|0011|2.841178|0.089400|0.968612|0.231946|9.745454|0.076478|0.131308
244|119|-1|7817|298|396|HIS|3343|2262|2683|-O--|428|8|2|0011|2.927924|-0.613745|-0.640385|-0.461761|2.260372|0.044937|0.069248
244|120|-1|7953|302|357|ASP|2143|2292|2644|-OD1|1028|8|2|0011|2.683245|0.004472|-0.975684|-0.219138|8.532968|0.087056|0.134154
244|121|-1|7954|302|379|ASP|2143|2292|2666|-OD1|1028|8|2|0011|3.433466|-0.800066|-0.106597|0.590366|2.669423|0.011461|0.017661
244|122|-1|7958|302|357|ASP|2143|2293|2644|-OD2|1028|8|2|0011|3.600426|0.082768|-0.632425|-0.770187|13.807321|0.007299|0.011247
244|123|-1|7959|302|379|ASP|2143|2293|2666|-OD2|1028|8|2|0011|2.466194|-0.997894|-0.010136|-0.064067|0.868345|0.156519|0.241196
244|124|-1|7960|302|396|ASP|2143|2293|2683|-OD2|1028|8|2|0011|3.692022|0.546313|-0.816896|-0.184994|3.606674|0.005698|0.008781
244|125|-1|8021|305|377|TYR|3743|2310|2664|-O--|428|8|2|0011|3.761057|-0.852952|0.509963|0.111405|6.562434|0.004728|0.007286
244|126|-1|8023|305|350|TYR|3743|2310|2637|-O--|428|8|2|0011|2.695040|-0.322073|0.938763|-0.122448|17.151316|0.084325|0.129945
244|127|-1|8033|305|362|TYR|3743|2318|2649|-OH-|1828|8|3|0011|2.616612|-0.346249|-0.637465|0.688295|10.002837|0.104234|0.160625
244|128|-1|8034|306|350|ARG|3143|2319|2637|-N--|128|7|4|0011|3.956574|-0.422082|0.661178|-0.620234|19.195257|0.003752|0.006443
244|129|-1|8046|306|350|ARG|3143|2322|2637|-O--|428|8|2|0011|3.827274|-0.477886|-0.246389|-0.843159|25.501528|0.003953|0.006092
244|130|-1|8058|306|379|ARG|3143|2329|2666|-NH2|728|7|4|0011|3.994978|0.078348|-0.910392|0.406260|2.378522|0.003383|0.005808
244|131|-1|8059|307|350|ASN|2343|2330|2637|-N--|128|7|4|0011|3.723192|-0.841214|0.107435|-0.529922|22.805511|0.007051|0.012106
244|132|-1|8102|309|381|ARG|3143|2360|2668|-NH2|728|7|4|0011|3.761545|0.147546|-0.855499|0.496338|14.029965|0.006357|0.010914
244|133|-1|8117|310|381|ILE|943|2364|2668|-O--|428|8|2|0011|3.888967|0.462334|0.304966|-0.832613|143.754166|0.003346|0.005157
244|134|-1|8456|325|360|TRP|3943|2472|2647|-O--|428|8|2|0011|3.030073|-0.923410|-0.128380|0.361708|13.925395|0.034096|0.052542
244|135|-1|8674|334|381|GLY|143|2553|2668|-O--|428|8|2|0011|2.632526|0.256028|0.849374|0.461533|117.928734|0.099846|0.153863
244|136|-1|8691|336|381|THR|1343|2559|2668|-N--|128|7|4|0011|3.306585|-0.253434|0.717055|-0.649310|96.019852|0.021740|0.037326
244|137|-1|8845|345|367|GLY|143|2629|2654|-N--|128|7|4|0011|3.085549|-0.649803|-0.319554|0.689667|14.713804|0.039510|0.067835
244|138|-1|8848|347|354|_ZN|4643|2634|2641|ZN--|4028|30|1|0011|2.993810|0.075823|0.655686|-0.751217|6.031214|-0.001000|-0.001000
244|139|-1|8849|395|349|HOH|4343|2682|2636|-O--|2828|8|3|0001|3.208231|0.895509|-0.186084|-0.404273|5.289848|0.021066|0.032463
244|140|-1|8849|349|395|HOH|4343|2636|2682|-O--|2828|8|3|0001|3.208231|-0.895509|0.186084|0.404273|5.289848|0.021066|0.032463
244|141|-1|8850|377|350|HOH|4343|2664|2637|-O--|2828|8|3|0001|2.532025|0.924162|0.241705|-0.295811|29.376518|0.131008|0.201883
244|142|-1|8850|350|377|HOH|4343|2637|2664|-O--|2828|8|3|0001|2.532025|-0.924162|-0.241705|0.295811|29.376518|0.131008|0.201883
244|143|-1|8851|365|351|HOH|4343|2652|2638|-O--|2828|8|3|0001|3.387041|-0.226747|0.853842|-0.468551|7.228090|0.012993|0.020022
244|144|-1|8851|351|365|HOH|4343|2638|2652|-O--|2828|8|3|0001|3.387041|0.226747|-0.853842|0.468551|7.228090|0.012993|0.020022
244|145|-1|8852|373|353|HOH|4343|2660|2640|-O--|2828|8|3|0001|2.878145|-0.930113|0.355090|-0.093810|9.216883|0.051408|0.079220
244|146|-1|8852|353|373|HOH|4343|2640|2660|-O--|2828|8|3|0001|2.878145|0.930113|-0.355090|0.093810|9.216883|0.051408|0.079220
244|147|-1|8853|390|357|HOH|4343|2677|2644|-O--|2828|8|3|0001|3.966780|0.956947|-0.178482|-0.228901|156.248352|0.002712|0.004179
244|148|-1|8853|357|390|HOH|4343|2644|2677|-O--|2828|8|3|0001|3.966780|-0.956947|0.178482|0.228901|156.248352|0.002712|0.004179
244|149|-1|8854|370|357|HOH|4343|2657|2644|-O--|2828|8|3|0001|3.793037|-0.826515|0.562874|-0.006855|0.643249|0.004337|0.006683
244|150|-1|8854|357|370|HOH|4343|2644|2657|-O--|2828|8|3|0001|3.793037|0.826515|-0.562874|0.006855|0.643249|0.004337|0.006683
244|151|-1|8855|362|357|HOH|4343|2649|2644|-O--|2828|8|3|0001|2.613479|-0.534154|0.491299|0.687971|4.182318|0.105121|0.161991
244|152|-1|8855|357|362|HOH|4343|2644|2649|-O--|2828|8|3|0001|2.613479|0.534154|-0.491299|-0.687971|4.182318|0.105121|0.161991
244|153|-1|8856|396|357|HOH|4343|2683|2644|-O--|2828|8|3|0001|2.805206|-0.612789|0.263439|-0.745043|8.591527|0.062610|0.096482
244|154|-1|8856|357|396|HOH|4343|2644|2683|-O--|2828|8|3|0001|2.805206|0.612789|-0.263439|0.745043|8.591527|0.062610|0.096482
244|155|-1|8857|385|359|HOH|4343|2672|2646|-O--|2828|8|3|0001|3.244011|0.672625|-0.140259|0.726570|5.626252|0.019124|0.029471
244|156|-1|8857|359|385|HOH|4343|2646|2672|-O--|2828|8|3|0001|3.244011|-0.672625|0.140259|-0.726570|5.626252|0.019124|0.029471
244|157|-1|8858|369|359|HOH|4343|2656|2646|-O--|2828|8|3|0001|3.473952|-0.582910|0.698340|-0.415377|2.379807|0.010273|0.015831
244|158|-1|8858|359|369|HOH|4343|2646|2656|-O--|2828|8|3|0001|3.473952|0.582910|-0.698340|0.415377|2.379807|0.010273|0.015831
244|159|-1|8859|363|361|HOH|4343|2650|2648|-O--|2828|8|3|0001|3.878383|-0.778933|-0.176362|0.601797|12.993564|0.003443|0.005306
244|160|-1|8859|361|363|HOH|4343|2648|2650|-O--|2828|8|3|0001|3.878383|0.778933|0.176362|-0.601797|12.993564|0.003443|0.005306
244|161|-1|8860|370|362|HOH|4343|2657|2649|-O--|2828|8|3|0001|2.659943|-0.653774|0.319932|-0.685729|5.003308|0.092715|0.142874
244|162|-1|8860|362|370|HOH|4343|2649|2657|-O--|2828|8|3|0001|2.659943|0.653774|-0.319932|0.685729|5.003308|0.092715|0.142874
244|163|-1|8861|396|362|HOH|4343|2683|2649|-O--|2828|8|3|0001|3.939275|-0.081995|-0.138350|-0.986983|14.946184|0.002921|0.004501
244|164|-1|8861|362|396|HOH|4343|2649|2683|-O--|2828|8|3|0001|3.939275|0.081995|0.138350|0.986983|14.946184|0.002921|0.004501
244|165|-1|8862|396|370|HOH|4343|2683|2657|-O--|2828|8|3|0001|2.866002|0.494068|-0.487090|-0.720167|7.654011|0.053123|0.081863
244|166|-1|8862|370|396|HOH|4343|2657|2683|-O--|2828|8|3|0001|2.866002|-0.494068|0.487090|0.720167|7.654011|0.053123|0.081863
244|167|-1|8863|376|371|HOH|4343|2663|2658|-O--|2828|8|3|0001|2.658875|-0.037610|0.377604|-0.925203|6.691302|0.092983|0.143287
244|168|-1|8863|371|376|HOH|4343|2658|2663|-O--|2828|8|3|0001|2.658875|0.037610|-0.377604|0.925203|6.691302|0.092983|0.143287
244|169|-1|8864|389|372|HOH|4343|2676|2659|-O--|2828|8|3|0001|3.831729|0.873757|0.456974|0.166505|28.136354|0.003906|0.006019
244|170|-1|8864|372|389|HOH|4343|2659|2676|-O--|2828|8|3|0001|3.831729|-0.873757|-0.456974|-0.166505|28.136354|0.003906|0.006019
244|171|-1|8865|387|374|HOH|4343|2674|2661|-O--|2828|8|3|0001|2.872720|0.908894|0.411804|0.065791|28.678686|0.052167|0.080390
244|172|-1|8865|374|387|HOH|4343|2661|2674|-O--|2828|8|3|0001|2.872720|-0.908894|-0.411804|-0.065791|28.678686|0.052167|0.080390
244|173|-1|8866|390|379|HOH|4343|2677|2666|-O--|2828|8|3|0001|2.524511|0.410772|0.611604|0.676171|98.488510|0.133695|0.206024
244|174|-1|8866|379|390|HOH|4343|2666|2677|-O--|2828|8|3|0001|2.524511|-0.410772|-0.611604|-0.676171|98.488510|0.133695|0.206024
244|175|-1|8867|392|389|HOH|4343|2679|2676|-O--|2828|8|3|0001|2.428900|-0.107456|0.864177|0.491581|35.241081|0.173118|0.266775
244|176|-1|8867|389|392|HOH|4343|2676|2679|-O--|2828|8|3|0001|2.428900|0.107456|-0.864177|-0.491581|35.241081|0.173118|0.266775
244|177|-1|8868|399|390|HOH|4343|2686|2677|-O--|2828|8|3|0001|3.565984|-0.198823|-0.181998|0.962988|92.364044|0.008011|0.012344
244|178|-1|8868|390|399|HOH|4343|2677|2686|-O--|2828|8|3|0001|3.565984|0.198823|0.181998|-0.962988|92.364044|0.008011|0.012344
244|179|-1|8887|17|378|ARG|3143|134|2665|-O--|428|8|2|1011|4.768862|0.639261|-0.693800|-0.331643|48.630325|0.000310|0.000478
244|180|-1|8955|19|378|ALA|343|153|2665|-O--|428|8|2|1011|4.294461|0.713605|0.401765|-0.573893|40.566589|0.001118|0.001723
244|181|-1|9132|54|380|ASP|2143|415|2667|-OD1|1028|8|2|1011|2.865302|-0.214309|0.304775|-0.928000|15.446143|0.053224|0.082018
244|182|-1|9137|54|380|ASP|2143|416|2667|-OD2|1028|8|2|1011|3.472402|-0.222630|-0.369983|-0.901969|7.072751|0.010316|0.015897
244|183|-1|9148|55|368|ASP|2143|423|2655|-OD1|1028|8|2|1011|3.130826|-0.959510|0.051512|0.276924|11.653793|0.025968|0.040017
244|184|-1|9150|55|368|ASP|2143|424|2655|-OD2|1028|8|2|1011|4.490659|-0.787648|0.428060|0.443142|3.649475|0.000658|0.001014
244|185|-1|9183|63|371|ARG|3143|483|2658|-O--|428|8|2|1011|4.654840|0.498719|0.714424|-0.490792|11.151362|0.000422|0.000651
244|186|-1|9273|96|353|TYR|3743|741|2640|-OH-|1828|8|3|1011|4.453146|-0.621820|0.304564|-0.721512|5.578238|0.000728|0.001122
244|187|-1|9311|99|397|ASN|2343|759|2684|-OD1|828|8|2|1011|4.468228|-0.307741|0.345611|-0.886481|3.443138|0.000699|0.001078
244|188|-1|9312|99|385|ASN|2343|759|2672|-OD1|828|8|2|1011|4.004235|-0.136370|0.989020|-0.056939|0.475821|0.002451|0.003776
244|189|-1|9318|101|350|ASP|2143|772|2637|-O--|428|8|2|1011|4.846041|-0.723077|0.639546|0.261038|20.825516|0.000252|0.000388
244|190|-1|9319|101|377|ASP|2143|772|2664|-O--|428|8|2|1011|4.380042|-0.265764|0.847314|0.459813|4.230550|0.000887|0.001368
244|191|-1|9332|101|377|ASP|2143|776|2664|-OD2|1028|8|2|1011|3.221318|-0.695385|0.608221|-0.382762|0.251460|0.020334|0.031335
244|192|-1|9339|102|350|MSE|1843|780|2637|-O--|428|8|2|1011|4.464711|-0.208537|0.651166|0.729722|16.142481|0.000706|0.001088
244|193|-1|9346|102|359|MSE|1843|783|2646|SE--|1928|34|3|1011|4.274017|0.453892|0.759303|-0.466306|48.472931|0.005982|0.009731
244|194|-1|9451|109|375|ILE|943|832|2662|-O--|428|8|2|1011|4.812109|0.214862|0.604573|0.767024|5.773418|0.000276|0.000425
244|195|-1|9453|132|398|TYR|3743|998|2685|-O--|428|8|2|1011|4.179909|-0.789983|0.610366|-0.058135|34.191353|0.001524|0.002349
244|196|-1|9470|133|375|ARG|3143|1010|2662|-O--|428|8|2|1011|3.073095|-0.917010|-0.290173|-0.273665|5.722408|0.030353|0.046774
244|197|-1|9487|134|375|ASN|2343|1021|2662|-O--|428|8|2|1011|4.387451|-0.643439|0.667647|-0.374477|0.700705|0.000870|0.001340
244|198|-1|9517|135|375|TYR|3743|1037|2662|-OH-|1828|8|3|1011|4.319369|-0.246346|-0.319660|0.914949|2.447696|0.001046|0.001611
244|199|-1|9640|383|350|HOH|4343|2670|2637|-O--|2828|8|3|1011|2.818760|-0.357938|-0.543597|0.759199|55.723412|0.060358|0.093012
244|200|-1|9640|350|383|HOH|4343|2637|2670|-O--|2828|8|3|1011|2.818760|0.357938|0.543597|-0.759199|55.723412|0.060358|0.093012
244|201|-1|9641|397|352|HOH|4343|2684|2639|-O--|2828|8|3|1011|4.008676|0.989120|0.014151|0.146432|3.466598|0.002421|0.003731
244|202|-1|9641|352|397|HOH|4343|2639|2684|-O--|2828|8|3|1011|4.008676|-0.989120|-0.014151|-0.146432|3.466598|0.002421|0.003731
244|203|-1|9642|377|353|HOH|4343|2664|2640|-O--|2828|8|3|1011|4.134760|0.766685|0.260651|-0.586733|16.985901|0.001722|0.002654
244|204|-1|9642|353|377|HOH|4343|2640|2664|-O--|2828|8|3|1011|4.134760|-0.766685|-0.260651|0.586733|16.985901|0.001722|0.002654
244|205|-1|9644|383|377|HOH|4343|2670|2664|-O--|2828|8|3|1011|4.915246|-0.681338|-0.436249|0.587763|11.724311|0.000209|0.000322
244|206|-1|9644|377|383|HOH|4343|2664|2670|-O--|2828|8|3|1011|4.915246|0.681338|0.436249|-0.587763|11.724311|0.000209|0.000322
244|207|-1|9647|278|382|ARG|3143|2120|2669|-NE-|728|7|4|1011|4.319279|0.652668|-0.212598|0.727205|67.902283|0.001408|0.002417
244|208|-1|9650|275|382|MSE|1843|2092|2669|-O--|428|8|2|1011|4.463146|0.639696|0.029290|-0.768069|1.370695|0.000709|0.001092
244|209|-1|9652|274|382|ASP|2143|2084|2669|-O--|428|8|2|1011|4.849443|0.868565|-0.438251|-0.231367|5.457563|0.000250|0.000385
244|210|-1|9653|275|382|MSE|1843|2089|2669|-N--|128|7|4|1011|4.545709|0.546682|-0.695880|-0.465714|3.509803|0.000764|0.001311
244|211|-1|9656|398|382|HOH|4343|2685|2669|-O--|2828|8|3|1011|2.969787|0.200371|-0.944604|0.259951|40.734844|0.040130|0.061840
244|212|-1|9656|382|398|HOH|4343|2669|2685|-O--|2828|8|3|1011|2.969787|-0.200371|0.944604|-0.259951|40.734844|0.040130|0.061840
244|213|-1|9659|307|383|ASN|2343|2337|2670|-ND2|928|7|4|1011|3.727859|0.746290|0.547158|-0.379039|4.052782|0.006963|0.011955
244|214|-1|9660|305|383|TYR|3743|2310|2670|-O--|428|8|2|1011|4.756347|-0.029632|-0.854074|-0.519306|21.553291|0.000321|0.000495
244|215|-1|9664|307|383|ASN|2343|2336|2670|-OD1|828|8|2|1011|4.475969|0.943720|0.069868|-0.323283|2.780120|0.000685|0.001055
244|216|-1|9665|275|388|MSE|1843|2092|2675|-O--|428|8|2|1011|4.860094|0.559878|-0.825349|-0.073045|48.384892|0.000242|0.000374
244|217|-1|9666|279|388|ALA|343|2124|2675|-N--|128|7|4|1011|4.464116|0.915537|-0.378636|0.135750|38.794914|0.000952|0.001634
244|218|-1|9670|392|389|HOH|4343|2679|2676|-O--|2828|8|3|1011|3.375191|0.901596|-0.248956|0.353758|35.241081|0.013416|0.020674
244|219|-1|9670|389|392|HOH|4343|2676|2679|-O--|2828|8|3|1011|3.375191|-0.901596|0.248956|-0.353758|35.241081|0.013416|0.020674
244|220|-1|9671|270|389|GLY|143|2054|2676|-N--|128|7|4|1011|4.292349|0.812855|-0.508411|-0.284227|32.128067|0.001514|0.002600
244|221|-1|9674|270|389|GLY|143|2057|2676|-O--|428|8|2|1011|4.835833|0.403045|-0.225664|-0.886922|33.813175|0.000259|0.000399
244|222|-1|9675|271|389|THR|1343|2058|2676|-N--|128|7|4|1011|4.824266|0.758470|-0.046489|-0.650048|28.365068|0.000360|0.000617
244|223|-1|9676|389|389|HOH|4343|2676|2676|-O--|2828|8|3|1011|3.053565|0.911086|0.412216|-0.000001|0.000000|0.031998|0.049310
244|224|-1|9676|389|389|HOH|4343|2676|2676|-O--|2828|8|3|1011|3.053565|-0.911086|-0.412216|0.000001|0.000000|0.031998|0.049310
244|225|-1|9677|392|392|HOH|4343|2679|2679|-O--|2828|8|3|1011|4.422233|0.747148|-0.664658|-0.000000|0.000000|0.000792|0.001220
244|226|-1|9677|392|392|HOH|4343|2679|2679|-O--|2828|8|3|1011|4.422233|-0.747148|0.664658|0.000000|0.000000|0.000792|0.001220
244|227|-1|9680|263|393|HIS|3343|2000|2680|-ND1|1328|7|3|1011|3.435548|0.726539|-0.099045|-0.679949|24.854376|0.015342|0.026341
244|228|-1|9683|263|393|HIS|3343|2003|2680|-NE2|1328|7|3|1011|4.022804|0.484751|0.390207|-0.782787|28.345041|0.003137|0.005387
244|229|-1|9688|228|393|ASP|2143|1737|2680|-OD1|1028|8|2|1011|3.460139|0.422833|-0.887906|-0.181206|17.828671|0.010664|0.016433
244|230|-1|9689|228|393|ASP|2143|1738|2680|-OD2|1028|8|2|1011|4.700893|0.701793|-0.606326|-0.373972|29.345266|0.000373|0.000575
244|231|-1|9691|275|395|MSE|1843|2095|2682|SE--|1928|34|3|1011|4.052616|0.572978|0.663455|0.481170|38.251183|0.010883|0.017702
244|232|-1|9695|269|398|TYR|3743|2053|2685|-OH-|1828|8|3|1011|2.627860|0.863463|0.307369|0.399945|38.453236|0.101113|0.155816
