368|0|0|1|GLY|SER|111|2|9|-C--|-N--|301|0001|555|0|1.338184|0.434000|-0.603001|-1.113001|0.000000
368|1|0|3|GLY|THR|113|0|45|-N--|-OG1|117|0001|555|0|2.848083|2.781000|0.321001|0.524000|0.000000
368|2|0|2|GLY|PHE|135|3|23|-O--|-O--|404|0001|555|0|3.515666|3.152000|1.358000|0.761999|0.000000
368|3|1|2|SER|PHE|1135|11|20|-C--|-N--|301|0001|555|0|1.339568|0.991000|0.830999|-0.348999|0.000000
368|4|1|3|SER|THR|1113|12|45|-O--|-OG1|417|0001|555|0|2.858677|-0.424000|0.570000|2.768999|0.000000
368|5|3|2|THR|PHE|1335|40|22|-N--|-C--|103|0001|555|0|1.335141|-0.533000|0.514000|-1.110998|0.000000
368|6|3|4|THR|MET|1317|42|54|-C--|-N--|301|0001|555|0|1.335881|-0.099000|0.802999|1.063000|0.000000
368|7|3|5|THR|PRO|1319|43|77|-O--|-CD-|406|0001|555|0|3.484102|-0.991000|-1.021999|3.180000|0.000000
368|8|4|5|MET|PRO|1719|56|71|-C--|-N--|301|0001|555|0|1.349314|-0.385000|-1.247999|0.339001|0.000000
368|9|6|4|GLY|MET|117|85|57|-N--|-O--|104|0001|555|0|2.932063|-1.172000|1.712999|-2.071000|0.000000
368|10|7|4|LEU|MET|717|99|57|-CD2|-O--|604|0001|555|0|3.351632|-0.562000|-2.917000|-1.552000|0.000000
368|11|6|5|GLY|PRO|119|85|73|-N--|-C--|103|0001|555|0|1.339821|-1.067000|-0.810001|0.023001|0.000000
368|12|6|7|GLY|LEU|107|87|92|-C--|-N--|301|0001|555|0|1.341159|0.400000|1.041000|-0.745000|0.000000
368|13|8|7|VAL|LEU|507|111|94|-N--|-C--|103|0001|555|0|1.337185|-0.218000|-1.176998|-0.596000|0.000000
368|14|8|9|VAL|ASP|521|113|127|-C--|-N--|301|0001|555|0|1.334861|-0.473000|-0.090000|1.245000|0.000000
368|15|10|9|SER|ASP|1121|139|129|-N--|-C--|103|0001|555|0|1.336532|0.404000|-0.949000|-0.850000|0.000000
368|16|10|11|SER|ASN|1123|141|150|-C--|-N--|301|0001|555|0|1.333840|0.087000|-0.510999|1.229000|0.000000
368|17|10|12|SER|PRO|1119|142|170|-O--|-CD-|406|0001|555|0|3.514038|-1.702000|0.931000|2.930000|0.000000
368|18|12|11|PRO|ASN|1923|164|152|-N--|-C--|103|0001|555|0|1.347085|0.803000|-1.078001|-0.088000|0.000000
368|19|13|12|ALA|PRO|319|178|166|-N--|-C--|103|0001|555|0|1.336583|0.427000|-0.645000|-1.090000|0.000000
368|20|12|31|PRO|GLU|1925|169|448|-CG-|-OE1|610|0001|555|0|3.233451|-1.974000|2.175000|1.352000|0.000000
368|21|13|14|ALA|PRO|319|180|188|-C--|-N--|301|0001|555|0|1.352218|-1.301000|-0.156000|0.334000|0.000000
368|22|13|31|ALA|GLU|325|181|449|-O--|-OE2|410|0001|555|0|3.821245|-1.643000|2.448000|-2.431000|0.000000
368|23|14|15|PRO|PRO|1919|190|202|-C--|-N--|301|0001|555|0|1.355966|-0.577000|1.210000|0.204000|0.000000
368|24|15|16|PRO|GLU|1925|204|216|-C--|-N--|301|0001|555|0|1.344446|0.056000|0.924000|0.974999|0.000000
368|25|17|15|SER|PRO|1119|231|205|-N--|-O--|104|0001|555|0|3.030731|2.444000|-1.146000|-1.377999|0.000000
368|26|15|30|PRO|PRO|1919|206|433|-CB-|-CD-|506|0001|555|0|3.656100|2.477000|1.766000|-2.028000|0.000000
368|27|17|16|SER|GLU|1125|231|218|-N--|-C--|103|0001|555|0|1.338883|0.830999|1.040000|-0.143000|0.000000
368|28|16|21|GLU|LYS|2529|223|304|-OE1|-NZ-|1014|0001|555|0|2.740525|-2.305000|0.493000|1.398001|0.000000
368|29|16|24|GLU|LYS|2529|224|359|-OE2|-NZ-|1014|0001|555|0|3.501457|2.067000|2.822000|0.155001|0.000000
368|30|17|18|SER|GLN|1127|233|242|-C--|-N--|301|0001|555|0|1.332465|-0.698000|0.006000|1.134999|0.000000
368|31|17|19|SER|GLU|1125|233|259|-C--|-N--|301|0001|555|0|3.853046|-2.964000|1.224000|2.136000|0.000000
368|32|19|18|GLU|GLN|2527|259|244|-N--|-C--|103|0001|555|0|1.335993|0.112000|-1.322001|0.157000|0.000000
368|33|19|20|GLU|LYS|2529|261|274|-C--|-N--|301|0001|555|0|1.343030|0.056001|1.052001|0.833000|0.000000
368|34|19|21|GLU|LYS|2529|266|304|-OE1|-NZ-|1014|0001|555|0|2.699669|2.144000|1.570000|-0.476000|0.000000
368|35|20|21|LYS|LYS|2929|276|296|-C--|-N--|301|0001|555|0|1.327910|1.210000|-0.099000|0.538000|0.000000
368|36|22|21|PRO|LYS|1929|318|298|-N--|-C--|103|0001|555|0|1.348719|-0.608000|-1.184000|-0.217999|0.000000
368|37|23|22|LEU|PRO|719|332|320|-N--|-C--|103|0001|555|0|1.329507|-0.580000|-0.630000|1.017000|0.000000
368|38|23|24|LEU|LYS|729|334|351|-C--|-N--|301|0001|555|0|1.330405|1.303000|-0.212000|-0.165000|0.000000
368|39|23|64|LEU|PHE|735|334|957|-C--|-CZ-|312|0001|555|0|3.809297|-0.160000|0.492000|-3.774000|0.000000
368|40|23|62|LEU|LEU|707|338|928|-CD1|-CD2|606|0001|555|0|3.696513|-1.363000|0.790000|-3.344000|0.000000
368|41|28|23|ALA|LEU|307|407|339|-N--|-CD2|106|0001|555|0|3.631784|-2.560000|-0.544000|2.518000|0.000000
368|42|24|64|LYS|PHE|2935|354|957|-O--|-CZ-|412|0001|555|0|3.743186|-3.269000|0.839000|-1.619000|0.000000
368|43|25|24|PRO|LYS|1929|373|353|-N--|-C--|103|0001|555|0|1.338385|-0.312000|-1.127000|0.651000|0.000000
368|44|28|24|ALA|LYS|329|407|354|-N--|-O--|104|0001|555|0|2.761353|-0.637000|2.399000|1.210000|0.000000
368|45|27|24|CYS|LYS|1529|397|354|-N--|-O--|104|0001|555|0|3.002198|-2.864000|0.899000|0.050000|0.000000
368|46|26|24|CYS|LYS|1529|387|353|-N--|-C--|103|0001|555|0|3.264908|-2.956000|-0.706000|1.193000|0.000000
368|47|24|67|LYS|CU1|2946|357|1009|-CD-|CU--|640|0011|555|0|3.584145|3.050000|0.326000|-1.854000|0.000000
368|48|25|64|PRO|PHE|1935|374|955|-CA-|-CE1|212|0001|555|0|3.468643|-3.436000|-0.125000|-0.458000|0.000000
368|49|26|25|CYS|PRO|1519|387|375|-N--|-C--|103|0001|555|0|1.331086|-0.775000|0.021000|-1.082000|0.000000
368|50|59|25|MET|PRO|1719|876|376|-SD-|-O--|1604|0001|555|0|3.189986|2.323000|0.484000|2.132000|0.000000
368|51|27|25|CYS|PRO|1519|397|375|-N--|-C--|103|0001|555|0|3.313700|-0.825000|2.724000|-1.697000|0.000000
368|52|26|27|CYS|CYS|1515|389|397|-C--|-N--|301|0001|555|0|1.342639|-1.162000|-0.534000|0.408999|0.000000
368|53|26|33|CYS|LYS|1529|390|477|-O--|-CE-|406|0001|555|0|3.151090|1.666000|1.111000|-2.433000|0.000000
368|54|26|67|CYS|CU1|1546|392|1009|-SG-|CU--|1140|0011|555|0|2.191442|0.577000|-1.844000|1.033999|0.000000
368|55|28|27|ALA|CYS|315|407|399|-N--|-C--|103|0001|555|0|1.335962|1.019000|-0.672000|0.543000|0.000000
368|56|27|67|CYS|CU1|1546|402|1009|-SG-|CU--|1140|0011|555|0|2.194366|0.822000|2.022000|0.226000|0.000000
368|57|27|29|CYS|CYS|1515|400|417|-O--|-N--|401|0001|555|0|3.942535|-2.143000|-0.122000|-3.307000|0.000000
368|58|27|30|CYS|PRO|1519|400|431|-O--|-CB-|405|0001|555|0|3.507102|1.777000|-2.497000|-1.704999|0.000000
368|59|28|29|ALA|CYS|315|409|417|-C--|-N--|301|0001|555|0|1.340271|-0.658000|-0.920000|-0.719000|0.000000
368|60|28|30|ALA|PRO|319|410|427|-O--|-N--|401|0001|555|0|3.191813|0.775000|-3.055000|-0.504000|0.000000
368|61|28|55|ALA|HIS|333|410|814|-O--|-CE1|412|0001|555|0|3.354700|1.067000|1.536000|-2.785000|0.000000
368|62|28|62|ALA|LEU|307|411|928|-CB-|-CD2|506|0001|555|0|3.983647|-3.670000|-1.168000|-1.018000|0.000000
368|63|28|64|ALA|PHE|335|411|957|-CB-|-CZ-|512|0001|555|0|3.436344|-1.760000|2.864000|0.712999|0.000000
368|64|28|59|ALA|MET|317|411|875|-CB-|-CG-|506|0001|555|0|3.962181|0.492000|1.925000|-3.428000|0.000000
368|65|29|30|CYS|PRO|1519|419|427|-C--|-N--|301|0001|555|0|1.347820|0.467000|-0.729000|1.033000|0.000000
368|66|32|29|THR|CYS|1315|456|420|-N--|-O--|104|0001|555|0|3.049233|-1.446000|1.508000|2.221000|0.000000
368|67|29|31|CYS|GLU|1525|420|441|-O--|-N--|401|0001|555|0|3.159133|1.437000|-2.773000|0.475000|0.000000
368|68|29|55|CYS|HIS|1533|420|812|-O--|-ND1|413|0001|555|0|3.419095|-0.048000|2.982000|-1.672000|0.000000
368|69|29|33|CYS|LYS|1529|420|470|-O--|-N--|401|0001|555|0|2.834030|2.452000|0.896000|-1.103000|0.000000
368|70|29|58|CYS|CYS|1515|422|865|-SG-|-SG-|1111|0001|555|0|2.044652|0.043000|-0.607000|-1.952000|0.000000
368|71|29|59|CYS|MET|1517|422|870|-SG-|-N--|1101|0001|555|0|3.342056|-0.899000|3.084000|-0.922000|0.000000
368|72|30|31|PRO|GLU|1925|429|441|-C--|-N--|301|0001|555|0|1.328053|-0.564000|-0.902000|-0.795000|0.000000
368|73|30|33|PRO|LYS|1929|430|470|-O--|-N--|401|0001|555|0|3.453683|-0.735000|2.474000|-2.295000|0.000000
368|74|32|30|THR|PRO|1319|456|429|-N--|-C--|103|0001|555|0|3.553432|0.555000|-0.363000|3.491000|0.000000
368|75|30|34|PRO|LYS|1929|430|492|-O--|-N--|401|0001|555|0|2.776176|1.839000|1.603000|-1.325000|0.000000
368|76|32|31|THR|GLU|1325|456|443|-N--|-C--|103|0001|555|0|1.338987|0.927000|-0.884000|0.390000|0.000000
368|77|31|34|GLU|LYS|2529|444|496|-O--|-CB-|405|0001|555|0|3.413594|2.616000|0.209000|2.183000|0.000000
368|78|31|33|GLU|LYS|2529|443|470|-C--|-N--|301|0001|555|0|3.368556|0.079000|3.288000|0.728000|0.000000
368|79|35|31|ALA|GLU|325|514|444|-N--|-O--|104|0001|555|0|3.209650|-2.665000|-1.749000|0.375000|0.000000
368|80|32|33|THR|LYS|1329|458|470|-C--|-N--|301|0001|555|0|1.338926|-0.168000|0.220000|1.310000|0.000000
368|81|32|55|THR|HIS|1333|460|812|-CB-|-ND1|513|0001|555|0|3.386873|-0.542000|2.667000|2.016000|0.000000
368|82|32|34|THR|LYS|1329|458|492|-C--|-N--|301|0001|555|0|3.378023|2.406000|-0.651000|2.280000|0.000000
368|83|32|36|THR|ARG|1331|459|524|-O--|-N--|401|0001|555|0|2.779808|2.557000|0.800000|-0.741000|0.000000
368|84|35|32|ALA|THR|313|514|459|-N--|-O--|104|0001|555|0|3.261809|-2.673000|1.828000|-0.391000|0.000000
368|85|32|58|THR|CYS|1315|461|865|-OG1|-SG-|1711|0001|555|0|3.704398|-3.687000|0.236000|0.270000|0.000000
368|86|33|55|LYS|HIS|2933|470|812|-N--|-ND1|113|0001|555|0|3.305322|-2.500000|2.086000|-0.569000|0.000000
368|87|33|34|LYS|LYS|2929|472|492|-C--|-N--|301|0001|555|0|1.337541|0.251000|-1.304000|0.160000|0.000000
368|88|33|36|LYS|ARG|2931|473|524|-O--|-N--|401|0001|555|0|3.292597|0.409000|-0.117000|-3.265000|0.000000
368|89|35|33|ALA|LYS|329|514|472|-N--|-C--|103|0001|555|0|3.360347|-1.413000|1.929000|2.361000|0.000000
368|90|37|33|ASP|LYS|2129|555|478|-OD2|-NZ-|1014|0001|555|0|2.676459|-1.990000|0.737000|1.631000|0.000000
368|91|35|34|ALA|LYS|329|514|494|-N--|-C--|103|0001|555|0|1.328022|0.784000|0.243000|1.044000|0.000000
368|92|34|36|LYS|ARG|2931|494|524|-C--|-N--|301|0001|555|0|3.351597|-0.900000|2.385000|-2.176000|0.000000
368|93|37|34|ASP|LYS|2129|548|495|-N--|-O--|104|0001|555|0|3.481351|0.301000|-3.452000|0.336000|0.000000
368|94|38|34|ALA|LYS|329|560|495|-N--|-O--|104|0001|555|0|2.851723|-2.056000|-1.879000|0.612000|0.000000
368|95|35|36|ALA|ARG|331|516|524|-C--|-N--|301|0001|555|0|1.338398|-0.795000|0.919000|0.561000|0.000000
368|96|35|51|ALA|LEU|307|516|749|-C--|-CD1|306|0001|555|0|3.479302|-1.809000|0.730000|-2.881000|0.000000
368|97|35|37|ALA|ASP|321|516|548|-C--|-N--|301|0001|555|0|3.470480|0.952000|2.401000|2.318000|0.000000
368|98|35|38|ALA|ALA|303|517|560|-O--|-N--|401|0001|555|0|3.624631|2.335000|0.510000|2.725000|0.000000
368|99|35|39|ALA|CYS|315|517|570|-O--|-N--|401|0001|555|0|3.105373|2.883999|1.151000|-0.033000|0.000000
368|100|51|36|LEU|ARG|731|749|524|-CD1|-N--|601|0001|555|0|3.593227|1.014000|0.189000|3.442000|0.000000
368|101|37|36|ASP|ARG|2131|548|526|-N--|-C--|103|0001|555|0|1.326771|-0.196000|0.356000|-1.263000|0.000000
368|102|40|36|ILE|ARG|931|587|534|-CD1|-NH2|607|0001|555|0|3.104257|-1.844000|0.825000|2.357000|0.000000
368|103|39|36|CYS|ARG|1531|570|527|-N--|-O--|104|0001|555|0|3.104553|-2.248000|1.843000|1.090000|0.000000
368|104|38|36|ALA|ARG|331|560|526|-N--|-C--|103|0001|555|0|3.348585|-2.553000|1.929000|-0.987000|0.000000
368|105|52|36|ILE|ARG|931|767|529|-CG1|-CG-|606|0001|555|0|3.532102|0.282000|-2.890000|2.011000|0.000000
368|106|36|55|ARG|HIS|3133|530|813|-CD-|-CD2|612|0001|555|0|3.786879|-3.288000|-1.648000|0.902000|0.000000
368|107|45|36|GLU|ARG|2531|669|533|-OE1|-NH1|1007|0001|555|0|2.725858|-1.335000|-2.294000|0.621000|0.000000
368|108|38|37|ALA|ASP|321|560|550|-N--|-C--|103|0001|555|0|1.338027|0.097000|1.209000|0.565000|0.000000
368|109|40|37|ILE|ASP|921|580|551|-N--|-O--|104|0001|555|0|3.231358|-0.105000|-1.485000|2.868000|0.000000
368|110|39|37|CYS|ASP|1521|570|550|-N--|-C--|103|0001|555|0|3.401361|-0.452000|0.568000|3.323000|0.000000
368|111|41|37|ILE|ASP|921|599|551|-N--|-O--|104|0001|555|0|2.891376|-2.373000|-1.130000|1.205000|0.000000
368|112|38|39|ALA|CYS|315|562|570|-C--|-N--|301|0001|555|0|1.338191|-0.968000|0.500000|-0.777000|0.000000
368|113|38|40|ALA|ILE|309|562|580|-C--|-N--|301|0001|555|0|3.159712|-0.238000|3.138000|-0.283000|0.000000
368|114|38|41|ALA|ILE|309|563|599|-O--|-N--|401|0001|555|0|3.138961|0.846000|2.559000|1.609000|0.000000
368|115|38|42|ALA|GLU|325|563|618|-O--|-N--|401|0001|555|0|2.943902|2.466000|1.538000|-0.469000|0.000000
368|116|40|39|ILE|CYS|915|580|572|-N--|-C--|103|0001|555|0|1.329731|0.292000|-0.478000|-1.206000|0.000000
368|117|39|48|CYS|CYS|1515|575|714|-SG-|-SG-|1111|0001|555|0|2.029395|0.795000|1.867000|0.027000|0.000000
368|118|41|39|ILE|CYS|915|599|572|-N--|-C--|103|0001|555|0|3.485809|-1.976000|-0.123000|-2.869000|0.000000
368|119|39|42|CYS|GLU|1525|573|622|-O--|-CB-|405|0001|555|0|3.426736|2.460000|-2.274000|-0.721000|0.000000
368|120|39|43|CYS|LYS|1529|573|633|-O--|-N--|401|0001|555|0|3.077478|2.949000|0.829000|-0.295000|0.000000
368|121|44|39|GLY|CYS|115|655|573|-N--|-O--|104|0001|555|0|3.627759|-1.464001|-3.276000|-0.534000|0.000000
368|122|51|39|LEU|CYS|715|748|574|-CG-|-CB-|605|0001|555|0|3.938901|3.633000|1.025000|1.125000|0.000000
368|123|40|41|ILE|ILE|909|582|599|-C--|-N--|301|0001|555|0|1.334867|0.238000|-1.215000|0.499000|0.000000
368|124|44|40|GLY|ILE|109|655|583|-N--|-O--|104|0001|555|0|2.958009|0.302999|-1.619000|2.457000|0.000000
368|125|40|43|ILE|LYS|929|583|635|-O--|-C--|403|0001|555|0|3.387206|0.984000|1.641000|-2.795000|0.000000
368|126|40|42|ILE|GLU|925|582|618|-C--|-N--|301|0001|555|0|3.308338|1.858000|-2.236000|-1.579000|0.000000
368|127|40|45|ILE|GLU|925|587|670|-CD1|-OE2|610|0001|555|0|3.327493|-0.356000|2.991000|1.414000|0.000000
368|128|41|42|ILE|GLU|925|601|618|-C--|-N--|301|0001|555|0|1.336257|-0.594001|-0.368000|-1.139000|0.000000
368|129|41|43|ILE|LYS|929|601|633|-C--|-N--|301|0001|555|0|3.514719|-0.388000|1.885000|-2.941000|0.000000
368|130|42|43|GLU|LYS|2529|620|633|-C--|-N--|301|0001|555|0|1.341117|-0.845000|1.031000|0.147000|0.000000
368|131|44|43|GLY|LYS|129|655|635|-N--|-C--|103|0001|555|0|1.330825|1.287000|0.022000|-0.338000|0.000000
368|132|43|47|LYS|HIS|2933|637|699|-CB-|-CD2|512|0001|555|0|3.611005|-0.876000|3.216000|-1.389000|0.000000
368|133|48|43|CYS|LYS|1529|714|640|-SG-|-CE-|1106|0001|555|0|3.277620|3.026999|-0.751000|-1.008000|0.000000
368|134|44|45|GLY|GLU|125|657|662|-C--|-N--|301|0001|555|0|1.334824|-0.967000|0.688000|0.611000|0.000000
368|135|44|46|GLY|GLU|125|657|677|-C--|-N--|301|0001|555|0|3.314670|-1.917000|2.308000|-1.409000|0.000000
368|136|44|48|GLY|CYS|115|658|713|-O--|-CB-|405|0001|555|0|3.396372|-2.617000|-1.787000|-1.222000|0.000000
368|137|44|47|GLY|HIS|133|658|692|-O--|-N--|401|0001|555|0|3.401133|-0.834000|1.730000|-2.807000|0.000000
368|138|45|46|GLU|GLU|2525|664|677|-C--|-N--|301|0001|555|0|1.326710|0.764000|1.040000|-0.308000|0.000000
368|139|48|45|CYS|GLU|1525|709|665|-N--|-O--|104|0001|555|0|2.892206|-0.666000|1.774000|2.185000|0.000000
368|140|45|47|GLU|HIS|2533|664|692|-C--|-N--|301|0001|555|0|3.179021|1.617000|-0.182000|-2.731000|0.000000
368|141|49|45|GLY|GLU|125|719|665|-N--|-O--|104|0001|555|0|3.152594|2.097000|1.448000|1.856000|0.000000
368|142|52|45|ILE|GLU|925|769|666|-CD1|-CB-|605|0001|555|0|3.375595|3.022000|0.912000|1.196000|0.000000
368|143|46|47|GLU|HIS|2533|679|692|-C--|-N--|301|0001|555|0|1.346267|0.831000|-1.057000|0.068000|0.000000
368|144|48|46|CYS|GLU|1525|709|679|-N--|-C--|103|0001|555|0|3.244936|0.991000|3.087000|0.134000|0.000000
368|145|48|47|CYS|HIS|1533|709|694|-N--|-C--|103|0001|555|0|1.333344|1.005000|-0.086000|-0.872000|0.000000
368|146|49|47|GLY|HIS|133|719|694|-N--|-C--|103|0001|555|0|3.976175|3.768000|-0.412000|-1.201000|0.000000
368|147|47|50|HIS|HIS|3333|695|734|-O--|-CE1|412|0001|555|0|3.448131|-2.714000|-1.951000|-0.847001|0.000000
368|148|49|48|GLY|CYS|115|719|711|-N--|-C--|103|0001|555|0|1.335081|0.554000|-1.102000|0.511000|0.000000
368|149|48|50|CYS|HIS|1533|711|726|-C--|-N--|301|0001|555|0|3.301616|-2.697000|-0.234000|-1.890000|0.000000
368|150|51|48|LEU|CYS|715|743|712|-N--|-O--|104|0001|555|0|2.866788|1.982000|1.810000|1.007000|0.000000
368|151|52|48|ILE|CYS|915|762|712|-N--|-O--|104|0001|555|0|3.136631|2.713000|0.702000|-1.409000|0.000000
368|152|49|50|GLY|HIS|133|721|726|-C--|-N--|301|0001|555|0|1.332137|0.272000|-0.702000|-1.099000|0.000000
368|153|49|52|GLY|ILE|109|722|762|-O--|-N--|401|0001|555|0|2.851154|0.576000|-1.651000|2.252000|0.000000
368|154|49|53|GLY|GLU|125|722|781|-O--|-N--|401|0001|555|0|2.701076|-2.005000|-0.757000|1.644000|0.000000
368|155|49|51|GLY|LEU|107|722|743|-O--|-N--|401|0001|555|0|3.057323|1.307000|-2.759000|-0.164000|0.000000
368|156|51|50|LEU|HIS|733|743|728|-N--|-C--|103|0001|555|0|1.338424|-0.990000|0.092000|-0.896000|0.000000
368|157|52|50|ILE|HIS|933|762|728|-N--|-C--|103|0001|555|0|3.474001|-0.259000|-1.016000|-3.312000|0.000000
368|158|54|50|ALA|HIS|333|796|729|-N--|-O--|104|0001|555|0|3.493991|2.922000|-0.336000|-1.886000|0.000000
368|159|51|52|LEU|ILE|709|745|762|-C--|-N--|301|0001|555|0|1.334363|0.095000|1.326000|0.115000|0.000000
368|160|51|53|LEU|GLU|725|745|781|-C--|-N--|301|0001|555|0|3.369220|-2.486000|2.220000|-0.493000|0.000000
368|161|51|55|LEU|HIS|733|746|810|-O--|-CB-|405|0001|555|0|3.312138|-2.060000|-0.457000|2.553000|0.000000
368|162|52|53|ILE|GLU|925|764|781|-C--|-N--|301|0001|555|0|1.324446|-0.352000|0.158000|-1.267000|0.000000
368|163|54|52|ALA|ILE|309|796|764|-N--|-C--|103|0001|555|0|3.561384|1.923000|2.170000|2.068000|0.000000
368|164|52|56|ILE|LYS|929|765|823|-O--|-N--|401|0001|555|0|2.700716|-2.157000|-1.024000|1.262000|0.000000
368|165|52|55|ILE|HIS|933|765|806|-O--|-N--|401|0001|555|0|3.313962|-1.051000|-3.123000|-0.353000|0.000000
368|166|54|53|ALA|GLU|325|796|783|-N--|-C--|103|0001|555|0|1.336342|-0.555000|1.119000|0.475000|0.000000
368|167|53|56|GLU|LYS|2529|788|830|-OE1|-CE-|1006|0001|555|0|3.002275|-2.647000|0.451000|1.343000|0.000000
368|168|53|55|GLU|HIS|2533|784|806|-O--|-N--|401|0001|555|0|3.196799|1.666000|-2.294000|1.477000|0.000000
368|169|53|57|GLU|GLU|2525|784|845|-O--|-N--|401|0001|555|0|2.977312|-2.139000|-0.005000|2.071000|0.000000
368|170|54|55|ALA|HIS|333|798|806|-C--|-N--|301|0001|555|0|1.334231|0.916000|0.421000|0.874000|0.000000
368|171|54|56|ALA|LYS|329|798|823|-C--|-N--|301|0001|555|0|3.547058|-0.190000|2.520000|2.489000|0.000000
368|172|54|58|ALA|CYS|315|799|860|-O--|-N--|401|0001|555|0|3.292414|-2.782000|0.713000|1.610000|0.000000
368|173|54|57|ALA|GLU|325|799|845|-O--|-N--|401|0001|555|0|3.927208|-1.861000|3.279000|1.099000|0.000000
368|174|56|55|LYS|HIS|2933|823|808|-N--|-C--|103|0001|555|0|1.326556|-0.045000|-1.246000|0.453000|0.000000
368|175|58|55|CYS|HIS|1533|864|809|-CB-|-O--|504|0001|555|0|3.275032|1.639000|2.728000|0.773000|0.000000
368|176|57|55|GLU|HIS|2533|845|808|-N--|-C--|103|0001|555|0|3.358346|2.654000|-1.436000|1.474000|0.000000
368|177|59|55|MET|HIS|1733|870|809|-N--|-O--|104|0001|555|0|3.008275|2.678000|0.555000|-1.253000|0.000000
368|178|57|56|GLU|LYS|2529|845|825|-N--|-C--|103|0001|555|0|1.323069|0.324000|0.456000|1.199000|0.000000
368|179|66|56|ILE|LYS|929|997|831|-OXT|-NZ-|2014|0001|555|0|2.751612|1.006000|-1.087000|-2.319000|0.000000
368|180|59|56|MET|LYS|1729|870|826|-N--|-O--|104|0001|555|0|3.237120|0.366000|2.875000|-1.442000|0.000000
368|181|58|56|CYS|LYS|1529|860|825|-N--|-C--|103|0001|555|0|3.340038|1.245000|3.022000|0.688000|0.000000
368|182|56|60|LYS|ARG|2931|826|887|-O--|-N--|401|0001|555|0|2.867041|-2.362000|-0.772000|1.430000|0.000000
368|183|58|57|CYS|GLU|1525|860|847|-N--|-C--|103|0001|555|0|1.336307|-0.924000|0.944000|-0.202000|0.000000
368|184|57|60|GLU|ARG|2531|853|896|-OE2|-NH1|1007|0001|555|0|2.807533|-1.430000|2.046000|1.285000|0.000000
368|185|59|57|MET|GLU|1725|870|847|-N--|-C--|103|0001|555|0|3.482845|-0.996000|0.737000|-3.255000|0.000000
368|186|61|57|ALA|GLU|325|911|848|-N--|-O--|104|0001|555|0|3.242678|2.377000|-0.195000|-2.197000|0.000000
368|187|58|59|CYS|MET|1517|862|870|-C--|-N--|301|0001|555|0|1.345686|0.741001|0.858000|0.725000|0.000000
368|188|62|58|LEU|CYS|715|927|863|-CD1|-O--|604|0001|555|0|2.995656|1.103000|0.911000|-2.632000|0.000000
368|189|58|60|CYS|ARG|1531|862|887|-C--|-N--|301|0001|555|0|3.294072|-1.254999|2.961000|0.713000|0.000000
368|190|61|58|ALA|CYS|315|911|863|-N--|-O--|104|0001|555|0|3.393025|2.667000|-2.081000|0.263000|0.000000
368|191|59|60|MET|ARG|1731|872|887|-C--|-N--|301|0001|555|0|1.331429|-0.198000|0.763000|-1.073000|0.000000
368|192|62|59|LEU|MET|717|921|873|-N--|-O--|104|0001|555|0|2.833637|2.558001|1.217000|-0.071000|0.000000
368|193|61|59|ALA|MET|317|911|873|-N--|-O--|104|0001|555|0|3.113916|1.838000|0.297000|2.496000|0.000000
368|194|59|64|MET|PHE|1735|873|951|-O--|-CB-|405|0001|555|0|3.082160|0.033999|2.773000|1.345000|0.000000
368|195|66|59|ILE|MET|917|996|877|-CD1|-CE-|606|0001|555|0|3.622835|1.859000|-2.955000|-0.968000|0.000000
368|196|61|60|ALA|ARG|331|911|889|-N--|-C--|103|0001|555|0|1.339222|0.015000|1.249000|0.483000|0.000000
368|197|60|64|ARG|PHE|3135|890|947|-O--|-N--|401|0001|555|0|3.313935|0.436000|1.890000|2.687000|0.000000
368|198|62|60|LEU|ARG|731|921|890|-N--|-O--|104|0001|555|0|3.076331|-0.202000|2.691000|-1.477000|0.000000
368|199|63|60|GLY|ARG|131|940|890|-N--|-O--|104|0001|555|0|3.004973|1.006001|0.592000|-2.769000|0.000000
368|200|66|60|ILE|ARG|931|992|897|-O--|-NH2|407|0001|555|0|2.671406|-1.971000|-0.554000|-1.716000|0.000000
368|201|61|62|ALA|LEU|307|913|921|-C--|-N--|301|0001|555|0|1.333321|0.920000|0.108000|0.959000|0.000000
368|202|63|61|GLY|ALA|103|940|913|-N--|-C--|103|0001|555|0|3.165564|0.288000|-2.207000|-2.251000|0.000000
368|203|63|62|GLY|LEU|107|940|923|-N--|-C--|103|0001|555|0|1.342424|0.385000|-1.014000|0.791000|0.000000
368|204|62|64|LEU|PHE|735|925|954|-CB-|-CD2|512|0001|555|0|3.521057|1.860000|2.860000|0.871000|0.000000
368|205|63|64|GLY|PHE|135|942|947|-C--|-N--|301|0001|555|0|1.332250|1.019000|0.132000|-0.848000|0.000000
368|206|63|65|GLY|LYS|129|943|975|-O--|-NZ-|414|0001|555|0|2.750056|0.538000|1.968000|1.844000|0.000000
368|207|65|64|LYS|PHE|2935|967|949|-N--|-C--|103|0001|555|0|1.339061|-0.693000|-0.853000|-0.765000|0.000000
368|208|66|64|ILE|PHE|935|989|950|-N--|-O--|104|0001|555|0|3.240966|-2.725000|-1.695000|0.453000|0.000000
368|209|66|65|ILE|LYS|929|989|969|-N--|-C--|103|0001|555|0|1.334072|0.040000|0.318000|1.295000|0.000000
