368|0|1|GLY|A|1|9|0|000|31.470400|-1.000000|-1.000000|0.000000|-1|-1|0|0|-1|1
368|1|11|SER|A|2|11|0|000|33.746418|-1.000000|-1.000000|0.000000|-1|-1|0|0|0|2
368|2|35|PHE|A|3|20|0|000|30.696463|-1.000000|-1.000000|0.000000|-1|-1|0|0|1|3
368|3|13|THR|A|4|14|0|000|28.698812|-1.000000|-1.000000|0.000000|-1|-1|0|0|2|4
368|4|17|MET|A|5|17|0|000|25.515158|-1.000000|-1.000000|0.000000|-1|-1|0|0|3|5
368|5|19|PRO|A|6|14|0|000|26.144478|-1.000000|-1.000000|0.000000|-1|-1|0|0|4|6
368|6|1|GLY|A|7|7|0|000|22.848560|-1.000000|-1.000000|0.000000|-1|-1|0|0|5|7
368|7|7|LEU|A|8|19|0|000|19.795984|-1.000000|-1.000000|0.000000|-1|-1|0|0|6|8
368|8|5|VAL|A|9|16|0|000|18.354996|-1.000000|-1.000000|0.000000|-1|-1|0|0|7|9
368|9|21|ASP|A|10|12|0|000|14.192521|-1.000000|-1.000000|0.000000|-1|-1|0|0|8|10
368|10|11|SER|A|11|11|0|000|11.571141|-1.000000|-1.000000|0.000000|-1|-1|0|0|9|11
368|11|23|ASN|A|12|14|0|000|14.195824|-1.000000|-1.000000|0.000000|-1|-1|0|0|10|12
368|12|19|PRO|A|13|14|0|000|9.902343|-1.000000|-1.000000|0.000000|-1|-1|0|0|11|13
368|13|3|ALA|A|14|10|0|000|11.694366|-1.000000|-1.000000|0.000000|-1|-1|0|0|12|14
368|14|19|PRO|A|15|14|0|000|12.042174|-1.000000|-1.000000|0.000000|-1|-1|0|0|13|15
368|15|19|PRO|A|16|14|0|000|10.277214|-1.000000|-1.000000|0.000000|-1|-1|0|0|14|16
368|16|25|GLU|A|17|15|0|000|14.044998|-1.000000|-1.000000|0.000000|-1|-1|0|0|15|17
368|17|11|SER|A|18|11|0|000|15.015470|-1.000000|-1.000000|0.000000|-1|-1|0|0|16|18
368|18|27|GLN|A|19|17|0|000|20.248354|-1.000000|-1.000000|0.000000|-1|-1|0|0|17|19
368|19|25|GLU|A|20|15|0|000|20.158789|-1.000000|-1.000000|0.000000|-1|-1|0|0|18|20
368|20|29|LYS|A|21|22|0|000|21.410574|-1.000000|-1.000000|0.000000|-1|-1|0|0|19|21
368|21|29|LYS|A|22|22|0|000|19.382517|-1.000000|-1.000000|0.000000|-1|-1|0|0|20|22
368|22|19|PRO|A|23|14|0|000|18.310225|-1.000000|-1.000000|0.000000|-1|-1|0|0|21|23
368|23|7|LEU|A|24|19|0|000|12.719178|-1.000000|-1.000000|0.000000|-1|-1|0|0|22|24
368|24|29|LYS|A|25|22|0|000|13.917562|-1.000000|-1.000000|0.000000|-1|-1|0|0|23|25
368|25|19|PRO|A|26|14|0|000|11.612679|-1.000000|-1.000000|0.000000|-1|-1|0|0|24|26
368|26|15|CYS|A|27|10|0|000|11.092647|-1.000000|-1.000000|0.000000|-1|-1|0|0|25|27
368|27|15|CYS|A|28|10|0|000|10.322964|-1.000000|-1.000000|0.000000|-1|-1|0|0|26|28
368|28|3|ALA|A|29|10|0|000|8.154704|-1.000000|-1.000000|0.000000|-1|-1|0|0|27|29
368|29|15|CYS|A|30|10|0|000|4.670968|-1.000000|-1.000000|0.000000|-1|-1|0|0|28|30
368|30|19|PRO|A|31|14|0|000|6.460742|-1.000000|-1.000000|0.000000|-1|-1|0|0|29|31
368|31|25|GLU|A|32|15|0|000|4.989731|-1.000000|-1.000000|0.000000|-1|-1|0|0|30|32
368|32|13|THR|A|33|14|0|000|0.722640|-1.000000|-1.000000|0.000000|-1|-1|0|0|31|33
368|33|29|LYS|A|34|22|0|000|6.497144|-1.000000|-1.000000|0.000000|-1|-1|0|0|32|34
368|34|29|LYS|A|35|22|0|000|8.221486|-1.000000|-1.000000|0.000000|-1|-1|0|0|33|35
368|35|3|ALA|A|36|10|0|000|5.748719|-1.000000|-1.000000|0.000000|-1|-1|0|0|34|36
368|36|31|ARG|A|37|24|0|000|7.610836|-1.000000|-1.000000|0.000000|-1|-1|0|0|35|37
368|37|21|ASP|A|38|12|0|000|9.200609|-1.000000|-1.000000|0.000000|-1|-1|0|0|36|38
368|38|3|ALA|A|39|10|0|000|10.498834|-1.000000|-1.000000|0.000000|-1|-1|0|0|37|39
368|39|15|CYS|A|40|10|0|000|10.914739|-1.000000|-1.000000|0.000000|-1|-1|0|0|38|40
368|40|9|ILE|A|41|19|0|000|12.293569|-1.000000|-1.000000|0.000000|-1|-1|0|0|39|41
368|41|9|ILE|A|42|19|0|000|14.701138|-1.000000|-1.000000|0.000000|-1|-1|0|0|40|42
368|42|25|GLU|A|43|15|0|000|15.248575|-1.000000|-1.000000|0.000000|-1|-1|0|0|41|43
368|43|29|LYS|A|44|22|0|000|16.264517|-1.000000|-1.000000|0.000000|-1|-1|0|0|42|44
368|44|1|GLY|A|45|7|0|000|15.537729|-1.000000|-1.000000|0.000000|-1|-1|0|0|43|45
368|45|25|GLU|A|46|15|0|000|13.437138|-1.000000|-1.000000|0.000000|-1|-1|0|0|44|46
368|46|25|GLU|A|47|15|0|000|17.681173|-1.000000|-1.000000|0.000000|-1|-1|0|0|45|47
368|47|33|HIS|A|48|17|0|000|17.519630|-1.000000|-1.000000|0.000000|-1|-1|0|0|46|48
368|48|15|CYS|A|49|10|0|000|12.158838|-1.000000|-1.000000|0.000000|-1|-1|0|0|47|49
368|49|1|GLY|A|50|7|0|000|11.715971|-1.000000|-1.000000|0.000000|-1|-1|0|0|48|50
368|50|33|HIS|A|51|17|0|000|11.209112|-1.000000|-1.000000|0.000000|-1|-1|0|0|49|51
368|51|7|LEU|A|52|19|0|000|7.395216|-1.000000|-1.000000|0.000000|-1|-1|0|0|50|52
368|52|9|ILE|A|53|19|0|000|9.102782|-1.000000|-1.000000|0.000000|-1|-1|0|0|51|53
368|53|25|GLU|A|54|15|0|000|9.953182|-1.000000|-1.000000|0.000000|-1|-1|0|0|52|54
368|54|3|ALA|A|55|10|0|000|6.248082|-1.000000|-1.000000|0.000000|-1|-1|0|0|53|55
368|55|33|HIS|A|56|17|0|000|3.806733|-1.000000|-1.000000|0.000000|-1|-1|0|0|54|56
368|56|29|LYS|A|57|22|0|000|9.517289|-1.000000|-1.000000|0.000000|-1|-1|0|0|55|57
368|57|25|GLU|A|58|15|0|000|9.534648|-1.000000|-1.000000|0.000000|-1|-1|0|0|56|58
368|58|15|CYS|A|59|10|0|000|6.042742|-1.000000|-1.000000|0.000000|-1|-1|0|0|57|59
368|59|17|MET|A|60|17|0|000|7.453348|-1.000000|-1.000000|0.000000|-1|-1|0|0|58|60
368|60|31|ARG|A|61|24|0|000|12.574582|-1.000000|-1.000000|0.000000|-1|-1|0|0|59|61
368|61|3|ALA|A|62|10|0|000|11.735127|-1.000000|-1.000000|0.000000|-1|-1|0|0|60|62
368|62|7|LEU|A|63|19|0|000|11.148031|-1.000000|-1.000000|0.000000|-1|-1|0|0|61|63
368|63|1|GLY|A|64|7|0|000|15.250168|-1.000000|-1.000000|0.000000|-1|-1|0|0|62|64
368|64|35|PHE|A|65|20|0|000|12.125922|-1.000000|-1.000000|0.000000|-1|-1|0|0|63|65
368|65|29|LYS|A|66|22|0|000|16.668825|-1.000000|-1.000000|0.000000|-1|-1|0|0|64|66
368|66|9|ILE|A|67|20|0|000|11.788202|-1.000000|-1.000000|0.000000|-1|-1|0|0|65|-1
368|67|46|CU1|A|68|1|1|000|13.329087|-1.000000|-1.000000|0.000000|-1|-1|0|1|-1|-1
