1873|0|0|1|-N--|N_|7|1| |1.000000|19.440001|0.000000|000|12.160689|-1.000000|-1.000000|0.000000|-1|0
1873|0|1|2|-CA-|C_|6|2| |1.000000|17.570000|0.000000|000|11.883391|-1.000000|-1.000000|0.000000|-1|0
1873|0|2|3|-C--|C_|6|3| |1.000000|16.309999|0.000000|000|10.818335|-1.000000|-1.000000|0.000000|-1|0
1873|0|3|4|-O--|O_|8|4| |1.000000|16.820000|0.000000|000|9.954752|-1.000000|-1.000000|0.000000|-1|0
1873|0|4|5|-CB-|C_|6|5| |1.000000|19.740000|0.000000|000|11.608270|-1.000000|-1.000000|0.000000|-1|0
1873|0|5|6|-CG1|C_|6|6| |1.000000|18.110001|0.000000|000|10.368851|-1.000000|-1.000000|0.000000|-1|0
1873|0|6|6|-CG2|C_|6|7| |1.000000|28.320000|0.000000|000|11.804420|-1.000000|-1.000000|0.000000|-1|0
1873|1|7|1|-N--|N_|7|8| |1.000000|15.400000|0.000000|000|11.104761|-1.000000|-1.000000|0.000000|-1|0
1873|1|8|2|-CA-|C_|6|9| |1.000000|15.670000|0.000000|000|10.457556|-1.000000|-1.000000|0.000000|-1|0
1873|1|9|3|-C--|C_|6|10| |1.000000|14.160000|0.000000|000|9.662323|-1.000000|-1.000000|0.000000|-1|0
1873|1|10|4|-O--|O_|8|11| |1.000000|14.340000|0.000000|000|10.191781|-1.000000|-1.000000|0.000000|-1|0
1873|1|11|5|-CB-|C_|6|12| |1.000000|16.840000|0.000000|000|11.599116|-1.000000|-1.000000|0.000000|-1|0
1873|1|12|6|-CG-|C_|6|13| |1.000000|23.340000|0.000000|000|12.441919|-1.000000|-1.000000|0.000000|-1|0
1873|1|13|10|-OD1|O_|8|14| |1.000000|23.330000|0.000000|000|12.356180|-1.000000|-1.000000|0.000000|-1|0
1873|1|14|10|-OD2|O_|8|15| |1.000000|35.090000|0.000000|000|13.419292|-1.000000|-1.000000|0.000000|-1|0
1873|2|15|1|-N--|N_|7|16| |1.000000|10.890000|0.000000|000|8.538634|-1.000000|-1.000000|0.000000|-1|0
1873|2|16|2|-CA-|C_|6|17| |1.000000|10.810000|0.000000|000|7.935268|-1.000000|-1.000000|0.000000|-1|0
1873|2|17|3|-C--|C_|6|18| |1.000000|9.620000|0.000000|000|8.076454|-1.000000|-1.000000|0.000000|-1|0
1873|2|18|4|-O--|O_|8|19| |1.000000|12.330000|0.000000|000|7.688080|-1.000000|-1.000000|0.000000|-1|0
1873|2|19|5|-CB-|C_|6|20| |1.000000|10.580000|0.000000|000|6.528235|-1.000000|-1.000000|0.000000|-1|0
1873|2|20|6|-CG1|C_|6|21| |1.000000|10.950000|0.000000|000|6.154356|-1.000000|-1.000000|0.000000|-1|0
1873|2|21|6|-CG2|C_|6|22| |1.000000|11.110000|0.000000|000|6.691450|-1.000000|-1.000000|0.000000|-1|0
1873|3|22|1|-N--|N_|7|23| |1.000000|8.650000|0.000000|000|8.873075|-1.000000|-1.000000|0.000000|-1|0
1873|3|23|2|-CA-|C_|6|24| |1.000000|10.020000|0.000000|000|9.389544|-1.000000|-1.000000|0.000000|-1|0
1873|3|24|3|-C--|C_|6|25| |1.000000|8.660000|0.000000|000|8.645679|-1.000000|-1.000000|0.000000|-1|0
1873|3|25|4|-O--|O_|8|26| |1.000000|10.680000|0.000000|000|8.212297|-1.000000|-1.000000|0.000000|-1|0
1873|3|26|5|-CB-|C_|6|27| |1.000000|11.130000|0.000000|000|10.829224|-1.000000|-1.000000|0.000000|-1|0
1873|3|27|6|-CG-|C_|6|28| |1.000000|12.280000|0.000000|000|11.803464|-1.000000|-1.000000|0.000000|-1|0
1873|3|28|6|-CD1|C_|6|29| |1.000000|14.940000|0.000000|000|13.124635|-1.000000|-1.000000|0.000000|-1|0
1873|3|29|6|-CD2|C_|6|30| |1.000000|17.250000|0.000000|000|12.111687|-1.000000|-1.000000|0.000000|-1|0
1873|4|30|1|-N--|N_|7|31| |1.000000|8.780000|0.000000|000|8.827608|-1.000000|-1.000000|0.000000|-1|0
1873|4|31|2|-CA-|C_|6|32| |1.000000|8.390000|0.000000|000|8.582617|-1.000000|-1.000000|0.000000|-1|0
1873|4|32|3|-C--|C_|6|33| |1.000000|7.780000|0.000000|000|9.980260|-1.000000|-1.000000|0.000000|-1|0
1873|4|33|4|-O--|O_|8|34| |1.000000|8.150000|0.000000|000|10.889731|-1.000000|-1.000000|0.000000|-1|0
1873|4|34|5|-CB-|C_|6|35| |1.000000|9.700000|0.000000|000|8.260780|-1.000000|-1.000000|0.000000|-1|0
1873|4|35|6|-CG-|C_|6|36| |1.000000|9.270000|0.000000|000|7.139715|-1.000000|-1.000000|0.000000|-1|0
1873|4|36|6|-CD1|C_|6|37| |1.000000|12.190000|0.000000|000|7.371738|-1.000000|-1.000000|0.000000|-1|0
1873|4|37|6|-CD2|C_|6|38| |1.000000|10.760000|0.000000|000|5.817469|-1.000000|-1.000000|0.000000|-1|0
1873|5|38|1|-N--|N_|7|39| |1.000000|8.210000|0.000000|000|10.242221|-1.000000|-1.000000|0.000000|-1|0
1873|5|39|2|-CA-|C_|6|40| |1.000000|9.470000|0.000000|000|11.627223|-1.000000|-1.000000|0.000000|-1|0
1873|5|40|3|-C--|C_|6|41| |1.000000|10.480000|0.000000|000|12.392307|-1.000000|-1.000000|0.000000|-1|0
1873|5|41|4|-O--|O_|8|42| |1.000000|11.950000|0.000000|000|12.385838|-1.000000|-1.000000|0.000000|-1|0
1873|6|42|1|-N--|N_|7|43| |1.000000|11.280000|0.000000|000|13.210483|-1.000000|-1.000000|0.000000|-1|0
1873|6|43|2|-CA-|C_|6|44| |1.000000|11.420000|0.000000|000|14.209607|-1.000000|-1.000000|0.000000|-1|0
1873|6|44|3|-C--|C_|6|45| |1.000000|12.000000|0.000000|000|15.395720|-1.000000|-1.000000|0.000000|-1|0
1873|6|45|4|-O--|O_|8|46| |1.000000|11.970000|0.000000|000|15.715999|-1.000000|-1.000000|0.000000|-1|0
1873|6|46|5|-CB-|C_|6|47| |1.000000|12.670000|0.000000|000|14.778024|-1.000000|-1.000000|0.000000|-1|0
1873|7|47|1|-N--|N_|7|48| |1.000000|14.350000|0.000000|000|16.239502|-1.000000|-1.000000|0.000000|-1|0
1873|7|48|2|-CA-|C_|6|49| |1.000000|15.190000|0.000000|000|17.408167|-1.000000|-1.000000|0.000000|-1|0
1873|7|49|3|-C--|C_|6|50| |1.000000|13.290000|0.000000|000|18.341614|-1.000000|-1.000000|0.000000|-1|0
1873|7|50|4|-O--|O_|8|51| |1.000000|15.740000|0.000000|000|19.183825|-1.000000|-1.000000|0.000000|-1|0
1873|7|51|5|-CB-|C_|6|52| |1.000000|17.700001|0.000000|000|18.341640|-1.000000|-1.000000|0.000000|-1|0
1873|7|52|6|-CG-|C_|6|53| |1.000000|23.870001|0.000000|000|17.833080|-1.000000|-1.000000|0.000000|-1|0
1873|7|53|10|-OD1|O_|8|54| |1.000000|21.100000|0.000000|000|16.751617|-1.000000|-1.000000|0.000000|-1|0
1873|7|54|10|-OD2|O_|8|55| |1.000000|25.879999|0.000000|000|18.659679|-1.000000|-1.000000|0.000000|-1|0
1873|8|55|1|-N--|N_|7|56| |1.000000|12.400000|0.000000|000|18.403988|-1.000000|-1.000000|0.000000|-1|0
1873|8|56|2|-CA-|C_|6|57| |1.000000|12.350000|0.000000|000|19.427975|-1.000000|-1.000000|0.000000|-1|0
1873|8|57|3|-C--|C_|6|58| |1.000000|11.840000|0.000000|000|18.998388|-1.000000|-1.000000|0.000000|-1|0
1873|8|58|4|-O--|O_|8|59| |1.000000|12.900000|0.000000|000|19.765274|-1.000000|-1.000000|0.000000|-1|0
1873|8|59|5|-CB-|C_|6|60| |1.000000|13.860000|0.000000|000|19.932224|-1.000000|-1.000000|0.000000|-1|0
1873|8|60|6|-CG-|C_|6|61| |1.000000|15.250000|0.000000|000|19.040102|-1.000000|-1.000000|0.000000|-1|0
1873|8|61|10|-OD1|O_|8|62| |1.000000|15.010000|0.000000|000|17.781927|-1.000000|-1.000000|0.000000|-1|0
1873|8|62|10|-OD2|O_|8|63| |1.000000|21.290001|0.000000|000|19.621115|-1.000000|-1.000000|0.000000|-1|0
1873|9|63|1|-N--|N_|7|64| |1.000000|10.980000|0.000000|000|17.900814|-1.000000|-1.000000|0.000000|-1|0
1873|9|64|2|-CA-|C_|6|65| |1.000000|12.280000|0.000000|000|17.561939|-1.000000|-1.000000|0.000000|-1|0
1873|9|65|3|-C--|C_|6|66| |1.000000|12.780000|0.000000|000|16.744730|-1.000000|-1.000000|0.000000|-1|0
1873|9|66|4|-O--|O_|8|67| |1.000000|15.220000|0.000000|000|16.553087|-1.000000|-1.000000|0.000000|-1|0
1873|10|67|1|-N--|N_|7|68| |1.000000|11.170000|0.000000|000|16.417330|-1.000000|-1.000000|0.000000|-1|0
1873|10|68|2|-CA-|C_|6|69| |1.000000|11.830000|0.000000|000|15.720500|-1.000000|-1.000000|0.000000|-1|0
1873|10|69|3|-C--|C_|6|70| |1.000000|11.160000|0.000000|000|14.327426|-1.000000|-1.000000|0.000000|-1|0
1873|10|70|4|-O--|O_|8|71| |1.000000|11.520000|0.000000|000|13.648094|-1.000000|-1.000000|0.000000|-1|0
1873|10|71|5|-CB-|C_|6|72| |1.000000|13.760000|0.000000|000|15.719134|-1.000000|-1.000000|0.000000|-1|0
1873|10|72|17|-OG-|O_|8|73| |1.000000|17.500000|0.000000|000|17.035162|-1.000000|-1.000000|0.000000|-1|0
1873|11|73|1|-N--|N_|7|74| |1.000000|10.060000|0.000000|000|14.059875|-1.000000|-1.000000|0.000000|-1|0
1873|11|74|2|-CA-|C_|6|75| |1.000000|11.250000|0.000000|000|12.799157|-1.000000|-1.000000|0.000000|-1|0
1873|11|75|3|-C--|C_|6|76| |1.000000|10.560000|0.000000|000|11.769042|-1.000000|-1.000000|0.000000|-1|0
1873|11|76|4|-O--|O_|8|77| |1.000000|15.010000|0.000000|000|11.689908|-1.000000|-1.000000|0.000000|-1|0
1873|11|77|5|-CB-|C_|6|78| |1.000000|14.150000|0.000000|000|13.175008|-1.000000|-1.000000|0.000000|-1|0
1873|11|78|6|-CG-|C_|6|79| |1.000000|16.930000|0.000000|000|14.314494|-1.000000|-1.000000|0.000000|-1|0
1873|11|79|6|-CD1|C_|6|80| |1.000000|19.110001|0.000000|000|14.894929|-1.000000|-1.000000|0.000000|-1|0
1873|11|80|6|-CD2|C_|6|81| |1.000000|16.309999|0.000000|000|14.132865|-1.000000|-1.000000|0.000000|-1|0
1873|12|81|1|-N--|N_|7|82| |1.000000|10.210000|0.000000|000|11.215569|-1.000000|-1.000000|0.000000|-1|0
1873|12|82|2|-CA-|C_|6|83| |1.000000|8.200000|0.000000|000|10.493032|-1.000000|-1.000000|0.000000|-1|0
1873|12|83|3|-C--|C_|6|84| |1.000000|8.170000|0.000000|000|9.437181|-1.000000|-1.000000|0.000000|-1|0
1873|12|84|4|-O--|O_|8|85| |1.000000|8.930000|0.000000|000|9.681216|-1.000000|-1.000000|0.000000|-1|0
1873|12|85|5|-CB-|C_|6|86| |1.000000|10.630000|0.000000|000|11.545520|-1.000000|-1.000000|0.000000|-1|0
1873|13|86|1|-N--|N_|7|87| |1.000000|8.330000|0.000000|000|8.438334|-1.000000|-1.000000|0.000000|-1|0
1873|13|87|2|-CA-|C_|6|88| |1.000000|7.880000|0.000000|000|7.688456|-1.000000|-1.000000|0.000000|-1|0
1873|13|88|3|-C--|C_|6|89| |1.000000|9.530000|0.000000|000|8.718296|-1.000000|-1.000000|0.000000|-1|0
1873|13|89|4|-O--|O_|8|90| |1.000000|9.360000|0.000000|000|9.503787|-1.000000|-1.000000|0.000000|-1|0
1873|13|90|5|-CB-|C_|6|91| |1.000000|8.870000|0.000000|000|6.437426|-1.000000|-1.000000|0.000000|-1|0
1873|13|91|12|-CG-|C_|6|92| |1.000000|8.120000|0.000000|000|5.363799|-1.000000|-1.000000|0.000000|-1|0
1873|13|92|12|-CD1|C_|6|93| |1.000000|8.900000|0.000000|000|4.480246|-1.000000|-1.000000|0.000000|-1|0
1873|13|93|12|-CD2|C_|6|94| |1.000000|8.370000|0.000000|000|5.602665|-1.000000|-1.000000|0.000000|-1|0
1873|13|94|12|-CE1|C_|6|95| |1.000000|8.800000|0.000000|000|3.738380|-1.000000|-1.000000|0.000000|-1|0
1873|13|95|12|-CE2|C_|6|96| |1.000000|9.060000|0.000000|000|5.034911|-1.000000|-1.000000|0.000000|-1|0
1873|13|96|12|-CZ-|C_|6|97| |1.000000|8.380000|0.000000|000|4.118370|-1.000000|-1.000000|0.000000|-1|0
1873|14|97|1|-N--|N_|7|98| |1.000000|9.240000|0.000000|000|8.964511|-1.000000|-1.000000|0.000000|-1|0
1873|14|98|2|-CA-|C_|6|99| |1.000000|9.250000|0.000000|000|10.181192|-1.000000|-1.000000|0.000000|-1|0
1873|14|99|3|-C--|C_|6|100| |1.000000|8.430000|0.000000|000|9.934139|-1.000000|-1.000000|0.000000|-1|0
1873|14|100|4|-O--|O_|8|101| |1.000000|9.380000|0.000000|000|9.892116|-1.000000|-1.000000|0.000000|-1|0
1873|14|101|5|-CB-|C_|6|102| |1.000000|9.460000|0.000000|000|11.330195|-1.000000|-1.000000|0.000000|-1|0
1873|14|102|6|-CG1|C_|6|103| |1.000000|10.950000|0.000000|000|12.630011|-1.000000|-1.000000|0.000000|-1|0
1873|14|103|6|-CG2|C_|6|104| |1.000000|11.650000|0.000000|000|11.612906|-1.000000|-1.000000|0.000000|-1|0
1873|15|104|1|-N--|N_|7|105| |1.000000|9.410000|0.000000|000|9.975284|-1.000000|-1.000000|0.000000|-1|0
1873|15|105|2|-CA-|C_|6|106| |1.000000|10.930000|0.000000|000|10.311841|-1.000000|-1.000000|0.000000|-1|0
1873|15|106|3|-C--|C_|6|107| |1.000000|11.170000|0.000000|000|9.198829|-1.000000|-1.000000|0.000000|-1|0
1873|15|107|4|-O--|O_|8|108| |1.000000|12.190000|0.000000|000|8.036466|-1.000000|-1.000000|0.000000|-1|0
1873|15|108|5|-CB-|C_|6|109| |1.000000|11.370000|0.000000|000|11.020153|-1.000000|-1.000000|0.000000|-1|0
1873|15|109|6|-CG-|C_|6|110| |1.000000|12.420000|0.000000|000|10.366510|-1.000000|-1.000000|0.000000|-1|0
1873|15|110|6|-CD-|C_|6|111| |1.000000|11.350000|0.000000|000|9.964705|-1.000000|-1.000000|0.000000|-1|0
1873|16|111|1|-N--|N_|7|112| |1.000000|11.050000|0.000000|000|9.750088|-1.000000|-1.000000|0.000000|-1|0
1873|16|112|2|-CA-|C_|6|113|A|0.500000|12.100000|0.000000|000|8.963142|-1.000000|-1.000000|0.000000|-1|0
1873|16|113|2|-CA-|C_|6|114|B|0.500000|11.900000|0.000000|000|9.253866|-1.000000|-1.000000|0.000000|-1|0
1873|16|114|3|-C--|C_|6|115| |1.000000|13.000000|0.000000|000|9.104591|-1.000000|-1.000000|0.000000|-1|0
1873|16|115|4|-O--|O_|8|116| |1.000000|15.720000|0.000000|000|8.518136|-1.000000|-1.000000|0.000000|-1|0
1873|16|116|5|-CB-|C_|6|117|A|0.500000|12.980000|0.000000|000|9.620330|-1.000000|-1.000000|0.000000|-1|0
1873|16|117|5|-CB-|C_|6|118|B|0.500000|12.140000|0.000000|000|10.412797|-1.000000|-1.000000|0.000000|-1|0
1873|16|118|17|-OG-|O_|8|119|A|0.500000|13.100000|0.000000|000|10.984336|-1.000000|-1.000000|0.000000|-1|0
1873|16|119|17|-OG-|O_|8|120|B|0.500000|13.040000|0.000000|000|10.711514|-1.000000|-1.000000|0.000000|-1|0
1873|17|120|1|-N--|N_|7|121| |1.000000|11.550000|0.000000|000|9.926105|-1.000000|-1.000000|0.000000|-1|0
1873|17|121|2|-CA-|C_|6|122| |1.000000|12.000000|0.000000|000|10.209477|-1.000000|-1.000000|0.000000|-1|0
1873|17|122|3|-C--|C_|6|123| |1.000000|12.650000|0.000000|000|10.725158|-1.000000|-1.000000|0.000000|-1|0
1873|17|123|4|-O--|O_|8|124| |1.000000|13.530000|0.000000|000|11.546123|-1.000000|-1.000000|0.000000|-1|0
1873|17|124|5|-CB-|C_|6|125| |1.000000|12.710000|0.000000|000|11.386174|-1.000000|-1.000000|0.000000|-1|0
1873|17|125|6|-CG-|C_|6|126| |1.000000|13.940000|0.000000|000|11.869576|-1.000000|-1.000000|0.000000|-1|0
1873|17|126|6|-CD-|C_|6|127|A|0.600000|14.690000|0.000000|000|12.772499|-1.000000|-1.000000|0.000000|-1|0
1873|17|127|6|-CD-|C_|6|128|B|0.400000|16.600000|0.000000|000|13.144254|-1.000000|-1.000000|0.000000|-1|0
1873|17|128|10|-OE1|O_|8|129|A|0.600000|13.240000|0.000000|000|13.394966|-1.000000|-1.000000|0.000000|-1|0
1873|17|129|10|-OE1|O_|8|130|B|0.400000|20.320000|0.000000|000|13.123115|-1.000000|-1.000000|0.000000|-1|0
1873|17|130|10|-OE2|O_|8|131|A|0.600000|16.129999|0.000000|000|13.003458|-1.000000|-1.000000|0.000000|-1|0
1873|17|131|10|-OE2|O_|8|132|B|0.400000|18.580000|0.000000|000|14.235941|-1.000000|-1.000000|0.000000|-1|0
1873|18|132|1|-N--|N_|7|133| |1.000000|12.180000|0.000000|000|10.475212|-1.000000|-1.000000|0.000000|-1|0
1873|18|133|2|-CA-|C_|6|134| |1.000000|11.680000|0.000000|000|11.187601|-1.000000|-1.000000|0.000000|-1|0
1873|18|134|3|-C--|C_|6|135| |1.000000|12.690000|0.000000|000|11.357044|-1.000000|-1.000000|0.000000|-1|0
1873|18|135|4|-O--|O_|8|136| |1.000000|12.470000|0.000000|000|10.756507|-1.000000|-1.000000|0.000000|-1|0
1873|18|136|5|-CB-|C_|6|137| |1.000000|13.600000|0.000000|000|10.735920|-1.000000|-1.000000|0.000000|-1|0
1873|18|137|12|-CG-|C_|6|138| |1.000000|12.420000|0.000000|000|9.355468|-1.000000|-1.000000|0.000000|-1|0
1873|18|138|12|-CD1|C_|6|139| |1.000000|12.040000|0.000000|000|8.259290|-1.000000|-1.000000|0.000000|-1|0
1873|18|139|12|-CD2|C_|6|140| |1.000000|13.870000|0.000000|000|9.300692|-1.000000|-1.000000|0.000000|-1|0
1873|18|140|12|-CE1|C_|6|141| |1.000000|12.860000|0.000000|000|6.988134|-1.000000|-1.000000|0.000000|-1|0
1873|18|141|12|-CE2|C_|6|142| |1.000000|15.460000|0.000000|000|8.212445|-1.000000|-1.000000|0.000000|-1|0
1873|18|142|12|-CZ-|C_|6|143| |1.000000|13.660000|0.000000|000|6.969645|-1.000000|-1.000000|0.000000|-1|0
1873|19|143|1|-N--|N_|7|144| |1.000000|14.120000|0.000000|000|12.361870|-1.000000|-1.000000|0.000000|-1|0
1873|19|144|2|-CA-|C_|6|145|A|0.500000|14.350000|0.000000|000|12.802705|-1.000000|-1.000000|0.000000|-1|0
1873|19|145|2|-CA-|C_|6|146|B|0.500000|14.250000|0.000000|000|12.784537|-1.000000|-1.000000|0.000000|-1|0
1873|19|146|3|-C--|C_|6|147| |1.000000|15.820000|0.000000|000|12.822468|-1.000000|-1.000000|0.000000|-1|0
1873|19|147|4|-O--|O_|8|148| |1.000000|18.930000|0.000000|000|13.107435|-1.000000|-1.000000|0.000000|-1|0
1873|19|148|5|-CB-|C_|6|149|A|0.500000|14.980000|0.000000|000|14.254843|-1.000000|-1.000000|0.000000|-1|0
1873|19|149|5|-CB-|C_|6|150|B|0.500000|14.610000|0.000000|000|14.217322|-1.000000|-1.000000|0.000000|-1|0
1873|19|150|17|-OG-|O_|8|151|A|0.500000|19.770000|0.000000|000|14.497418|-1.000000|-1.000000|0.000000|-1|0
1873|19|151|17|-OG-|O_|8|152|B|0.500000|19.240000|0.000000|000|15.122515|-1.000000|-1.000000|0.000000|-1|0
1873|20|152|1|-N--|N_|7|153| |1.000000|15.020000|0.000000|000|12.745117|-1.000000|-1.000000|0.000000|-1|0
1873|20|153|2|-CA-|C_|6|154| |1.000000|17.370001|0.000000|000|13.042497|-1.000000|-1.000000|0.000000|-1|0
1873|20|154|3|-C--|C_|6|155| |1.000000|16.590000|0.000000|000|13.987542|-1.000000|-1.000000|0.000000|-1|0
1873|20|155|4|-O--|O_|8|156| |1.000000|16.000000|0.000000|000|13.940376|-1.000000|-1.000000|0.000000|-1|0
1873|20|156|5|-CB-|C_|6|157| |1.000000|20.000000|0.000000|000|11.744689|-1.000000|-1.000000|0.000000|-1|0
1873|20|157|6|-CG1|C_|6|158| |1.000000|16.610001|0.000000|000|11.165254|-1.000000|-1.000000|0.000000|-1|0
1873|20|158|6|-CG2|C_|6|159| |1.000000|29.910000|0.000000|000|12.001571|-1.000000|-1.000000|0.000000|-1|0
1873|21|159|1|-N--|N_|7|160| |1.000000|19.410000|0.000000|000|14.987226|-1.000000|-1.000000|0.000000|-1|0
1873|21|160|2|-CA-|C_|6|161| |1.000000|15.380000|0.000000|000|15.837707|-1.000000|-1.000000|0.000000|-1|0
1873|21|161|3|-C--|C_|6|162| |1.000000|17.190001|0.000000|000|15.205340|-1.000000|-1.000000|0.000000|-1|0
1873|21|162|4|-O--|O_|8|163| |1.000000|17.180000|0.000000|000|14.358111|-1.000000|-1.000000|0.000000|-1|0
1873|21|163|5|-CB-|C_|6|164| |1.000000|19.700001|0.000000|000|16.942888|-1.000000|-1.000000|0.000000|-1|0
1873|21|164|6|-CG-|C_|6|165| |1.000000|22.270000|0.000000|000|16.548580|-1.000000|-1.000000|0.000000|-1|0
1873|21|165|6|-CD-|C_|6|166| |1.000000|18.730000|0.000000|000|15.444018|-1.000000|-1.000000|0.000000|-1|0
1873|22|166|1|-N--|N_|7|167| |1.000000|17.549999|0.000000|000|15.786189|-1.000000|-1.000000|0.000000|-1|0
1873|22|167|2|-CA-|C_|6|168| |1.000000|18.240000|0.000000|000|15.544633|-1.000000|-1.000000|0.000000|-1|0
1873|22|168|3|-C--|C_|6|169| |1.000000|15.080000|0.000000|000|15.631843|-1.000000|-1.000000|0.000000|-1|0
1873|22|169|4|-O--|O_|8|170| |1.000000|17.510000|0.000000|000|16.584635|-1.000000|-1.000000|0.000000|-1|0
1873|22|170|5|-CB-|C_|6|171| |1.000000|17.650000|0.000000|000|16.644009|-1.000000|-1.000000|0.000000|-1|0
1873|23|171|1|-N--|N_|7|172| |1.000000|14.750000|0.000000|000|14.697478|-1.000000|-1.000000|0.000000|-1|0
1873|23|172|2|-CA-|C_|6|173| |1.000000|14.650000|0.000000|000|14.862420|-1.000000|-1.000000|0.000000|-1|0
1873|23|173|3|-C--|C_|6|174| |1.000000|15.520000|0.000000|000|14.492017|-1.000000|-1.000000|0.000000|-1|0
1873|23|174|4|-O--|O_|8|175| |1.000000|18.240000|0.000000|000|14.585618|-1.000000|-1.000000|0.000000|-1|0
1873|24|175|1|-N--|N_|7|176| |1.000000|15.260000|0.000000|000|14.089654|-1.000000|-1.000000|0.000000|-1|0
1873|24|176|2|-CA-|C_|6|177| |1.000000|16.059999|0.000000|000|13.843464|-1.000000|-1.000000|0.000000|-1|0
1873|24|177|3|-C--|C_|6|178| |1.000000|14.850000|0.000000|000|12.582042|-1.000000|-1.000000|0.000000|-1|0
1873|24|178|4|-O--|O_|8|179| |1.000000|15.320000|0.000000|000|11.528697|-1.000000|-1.000000|0.000000|-1|0
1873|24|179|5|-CB-|C_|6|180| |1.000000|19.219999|0.000000|000|13.845614|-1.000000|-1.000000|0.000000|-1|0
1873|24|180|6|-CG-|C_|6|181| |1.000000|20.959999|0.000000|000|13.872643|-1.000000|-1.000000|0.000000|-1|0
1873|24|181|6|-CD-|C_|6|182| |1.000000|27.799999|0.000000|000|14.133705|-1.000000|-1.000000|0.000000|-1|0
1873|24|182|10|-OE1|O_|8|183| |1.000000|32.639999|0.000000|000|15.059332|-1.000000|-1.000000|0.000000|-1|0
1873|24|183|10|-OE2|O_|8|184| |1.000000|39.639999|0.000000|000|13.586899|-1.000000|-1.000000|0.000000|-1|0
1873|25|184|1|-N--|N_|7|185| |1.000000|15.230000|0.000000|000|12.838594|-1.000000|-1.000000|0.000000|-1|0
1873|25|185|2|-CA-|C_|6|186| |1.000000|15.620000|0.000000|000|11.853365|-1.000000|-1.000000|0.000000|-1|0
1873|25|186|3|-C--|C_|6|187| |1.000000|14.890000|0.000000|000|10.783313|-1.000000|-1.000000|0.000000|-1|0
1873|25|187|4|-O--|O_|8|188| |1.000000|17.610001|0.000000|000|11.178045|-1.000000|-1.000000|0.000000|-1|0
1873|25|188|5|-CB-|C_|6|189| |1.000000|17.680000|0.000000|000|12.626427|-1.000000|-1.000000|0.000000|-1|0
1873|25|189|6|-CG-|C_|6|190| |1.000000|25.950001|0.000000|000|13.194449|-1.000000|-1.000000|0.000000|-1|0
1873|25|190|6|-CD-|C_|6|191| |1.000000|26.820000|0.000000|000|13.840502|-1.000000|-1.000000|0.000000|-1|0
1873|25|191|6|-CE-|C_|6|192| |1.000000|33.849998|0.000000|000|14.812232|-1.000000|-1.000000|0.000000|-1|0
1873|25|192|14|-NZ-|N_|7|193| |1.000000|36.189999|0.000000|000|16.025488|-1.000000|-1.000000|0.000000|-1|0
1873|26|193|1|-N--|N_|7|194| |1.000000|11.750000|0.000000|000|9.536281|-1.000000|-1.000000|0.000000|-1|0
1873|26|194|2|-CA-|C_|6|195| |1.000000|11.610000|0.000000|000|8.500692|-1.000000|-1.000000|0.000000|-1|0
1873|26|195|3|-C--|C_|6|196| |1.000000|11.500000|0.000000|000|8.202131|-1.000000|-1.000000|0.000000|-1|0
1873|26|196|4|-O--|O_|8|197| |1.000000|12.600000|0.000000|000|7.890540|-1.000000|-1.000000|0.000000|-1|0
1873|26|197|5|-CB-|C_|6|198| |1.000000|11.440000|0.000000|000|7.357478|-1.000000|-1.000000|0.000000|-1|0
1873|26|198|6|-CG1|C_|6|199| |1.000000|13.010000|0.000000|000|8.100008|-1.000000|-1.000000|0.000000|-1|0
1873|26|199|6|-CG2|C_|6|200| |1.000000|12.600000|0.000000|000|6.344621|-1.000000|-1.000000|0.000000|-1|0
1873|26|200|6|-CD1|C_|6|201| |1.000000|14.670000|0.000000|000|7.423954|-1.000000|-1.000000|0.000000|-1|0
1873|27|201|1|-N--|N_|7|202| |1.000000|12.080000|0.000000|000|8.573530|-1.000000|-1.000000|0.000000|-1|0
1873|27|202|2|-CA-|C_|6|203| |1.000000|10.770000|0.000000|000|8.771013|-1.000000|-1.000000|0.000000|-1|0
1873|27|203|3|-C--|C_|6|204| |1.000000|10.850000|0.000000|000|7.950621|-1.000000|-1.000000|0.000000|-1|0
1873|27|204|4|-O--|O_|8|205| |1.000000|11.230000|0.000000|000|8.368191|-1.000000|-1.000000|0.000000|-1|0
1873|27|205|5|-CB-|C_|6|206| |1.000000|11.630000|0.000000|000|10.264153|-1.000000|-1.000000|0.000000|-1|0
1873|27|206|6|-CG1|C_|6|207| |1.000000|13.100000|0.000000|000|10.629825|-1.000000|-1.000000|0.000000|-1|0
1873|27|207|6|-CG2|C_|6|208| |1.000000|13.900000|0.000000|000|11.211683|-1.000000|-1.000000|0.000000|-1|0
1873|28|208|1|-N--|N_|7|209| |1.000000|10.700000|0.000000|000|7.031004|-1.000000|-1.000000|0.000000|-1|0
1873|28|209|2|-CA-|C_|6|210| |1.000000|9.790000|0.000000|000|6.574523|-1.000000|-1.000000|0.000000|-1|0
1873|28|210|3|-C--|C_|6|211| |1.000000|12.390000|0.000000|000|7.789594|-1.000000|-1.000000|0.000000|-1|0
1873|28|211|4|-O--|O_|8|212| |1.000000|12.940000|0.000000|000|8.305438|-1.000000|-1.000000|0.000000|-1|0
1873|28|212|5|-CB-|C_|6|213| |1.000000|10.020000|0.000000|000|5.341626|-1.000000|-1.000000|0.000000|-1|0
1873|28|213|12|-CG-|C_|6|214| |1.000000|9.740000|0.000000|000|4.088509|-1.000000|-1.000000|0.000000|-1|0
1873|28|214|12|-CD1|C_|6|215| |1.000000|9.430000|0.000000|000|3.448887|-1.000000|-1.000000|0.000000|-1|0
1873|28|215|12|-CD2|C_|6|216| |1.000000|10.490000|0.000000|000|4.023460|-1.000000|-1.000000|0.000000|-1|0
1873|28|216|12|-CE1|C_|6|217| |1.000000|9.390000|0.000000|000|2.629707|-1.000000|-1.000000|0.000000|-1|0
1873|28|217|12|-CE2|C_|6|218| |1.000000|10.890000|0.000000|000|3.344677|-1.000000|-1.000000|0.000000|-1|0
1873|28|218|12|-CZ-|C_|6|219| |1.000000|11.450000|0.000000|000|2.560705|-1.000000|-1.000000|0.000000|-1|0
1873|29|219|1|-N--|N_|7|220| |1.000000|10.790000|0.000000|000|8.451762|-1.000000|-1.000000|0.000000|-1|0
1873|29|220|2|-CA-|C_|6|221| |1.000000|10.430000|0.000000|000|9.787143|-1.000000|-1.000000|0.000000|-1|0
1873|29|221|3|-C--|C_|6|222| |1.000000|9.220000|0.000000|000|10.040622|-1.000000|-1.000000|0.000000|-1|0
1873|29|222|4|-O--|O_|8|223| |1.000000|10.210000|0.000000|000|9.970005|-1.000000|-1.000000|0.000000|-1|0
1873|29|223|5|-CB-|C_|6|224| |1.000000|13.380000|0.000000|000|10.814273|-1.000000|-1.000000|0.000000|-1|0
1873|29|224|6|-CG-|C_|6|225| |1.000000|20.730000|0.000000|000|12.239829|-1.000000|-1.000000|0.000000|-1|0
1873|29|225|6|-CD-|C_|6|226| |1.000000|28.350000|0.000000|000|13.174510|-1.000000|-1.000000|0.000000|-1|0
1873|29|226|6|-CE-|C_|6|227| |1.000000|37.709999|0.000000|000|13.711909|-1.000000|-1.000000|0.000000|-1|0
1873|29|227|14|-NZ-|N_|7|228| |1.000000|38.090000|0.000000|000|15.064067|-1.000000|-1.000000|0.000000|-1|0
1873|30|228|1|-N--|N_|7|229| |1.000000|10.110000|0.000000|000|10.582928|-1.000000|-1.000000|0.000000|-1|0
1873|30|229|2|-CA-|C_|6|230| |1.000000|10.760000|0.000000|000|11.070112|-1.000000|-1.000000|0.000000|-1|0
1873|30|230|3|-C--|C_|6|231| |1.000000|10.730000|0.000000|000|12.220287|-1.000000|-1.000000|0.000000|-1|0
1873|30|231|4|-O--|O_|8|232| |1.000000|12.430000|0.000000|000|13.145317|-1.000000|-1.000000|0.000000|-1|0
1873|30|232|5|-CB-|C_|6|233| |1.000000|10.010000|0.000000|000|11.632147|-1.000000|-1.000000|0.000000|-1|0
1873|30|233|6|-CG-|C_|6|234| |1.000000|10.070000|0.000000|000|11.737202|-1.000000|-1.000000|0.000000|-1|0
1873|30|234|8|-OD1|O_|8|235| |1.000000|11.160000|0.000000|000|11.080037|-1.000000|-1.000000|0.000000|-1|0
1873|30|235|9|-ND2|N_|7|236| |1.000000|9.790000|0.000000|000|12.725070|-1.000000|-1.000000|0.000000|-1|0
1873|31|236|1|-N--|N_|7|237| |1.000000|9.890000|0.000000|000|12.279408|-1.000000|-1.000000|0.000000|-1|0
1873|31|237|2|-CA-|C_|6|238| |1.000000|11.820000|0.000000|000|13.368307|-1.000000|-1.000000|0.000000|-1|0
1873|31|238|3|-C--|C_|6|239| |1.000000|13.690000|0.000000|000|14.387177|-1.000000|-1.000000|0.000000|-1|0
1873|31|239|4|-O--|O_|8|240| |1.000000|14.240000|0.000000|000|15.547099|-1.000000|-1.000000|0.000000|-1|0
1873|31|240|5|-CB-|C_|6|241| |1.000000|12.330000|0.000000|000|12.965910|-1.000000|-1.000000|0.000000|-1|0
1873|31|241|6|-CG-|C_|6|242| |1.000000|12.530000|0.000000|000|14.245681|-1.000000|-1.000000|0.000000|-1|0
1873|31|242|8|-OD1|O_|8|243| |1.000000|17.549999|0.000000|000|15.101689|-1.000000|-1.000000|0.000000|-1|0
1873|31|243|9|-ND2|N_|7|244| |1.000000|11.910000|0.000000|000|14.423635|-1.000000|-1.000000|0.000000|-1|0
1873|32|244|1|-N--|N_|7|245| |1.000000|11.350000|0.000000|000|14.063641|-1.000000|-1.000000|0.000000|-1|0
1873|32|245|2|-CA-|C_|6|246| |1.000000|10.970000|0.000000|000|15.143885|-1.000000|-1.000000|0.000000|-1|0
1873|32|246|3|-C--|C_|6|247| |1.000000|12.110000|0.000000|000|14.681260|-1.000000|-1.000000|0.000000|-1|0
1873|32|247|4|-O--|O_|8|248| |1.000000|12.870000|0.000000|000|13.608891|-1.000000|-1.000000|0.000000|-1|0
1873|32|248|5|-CB-|C_|6|249| |1.000000|13.690000|0.000000|000|15.906774|-1.000000|-1.000000|0.000000|-1|0
1873|33|249|1|-N--|N_|7|250| |1.000000|14.450000|0.000000|000|15.626375|-1.000000|-1.000000|0.000000|-1|0
1873|33|250|2|-CA-|C_|6|251| |1.000000|16.610001|0.000000|000|15.442029|-1.000000|-1.000000|0.000000|-1|0
1873|33|251|3|-C--|C_|6|252| |1.000000|14.750000|0.000000|000|14.704865|-1.000000|-1.000000|0.000000|-1|0
1873|33|252|4|-O--|O_|8|253| |1.000000|15.060000|0.000000|000|14.164186|-1.000000|-1.000000|0.000000|-1|0
1873|34|253|1|-N--|N_|7|254| |1.000000|15.720000|0.000000|000|14.902062|-1.000000|-1.000000|0.000000|-1|0
1873|34|254|2|-CA-|C_|6|255| |1.000000|15.230000|0.000000|000|14.558398|-1.000000|-1.000000|0.000000|-1|0
1873|34|255|3|-C--|C_|6|256| |1.000000|15.480000|0.000000|000|15.128736|-1.000000|-1.000000|0.000000|-1|0
1873|34|256|4|-O--|O_|8|257| |1.000000|21.160000|0.000000|000|16.076624|-1.000000|-1.000000|0.000000|-1|0
1873|34|257|5|-CB-|C_|6|258| |1.000000|16.340000|0.000000|000|15.376474|-1.000000|-1.000000|0.000000|-1|0
1873|34|258|12|-CG-|C_|6|259| |1.000000|14.600000|0.000000|000|15.478399|-1.000000|-1.000000|0.000000|-1|0
1873|34|259|12|-CD1|C_|6|260| |1.000000|18.639999|0.000000|000|16.748302|-1.000000|-1.000000|0.000000|-1|0
1873|34|260|12|-CD2|C_|6|261| |1.000000|14.650000|0.000000|000|14.449398|-1.000000|-1.000000|0.000000|-1|0
1873|34|261|12|-CE1|C_|6|262| |1.000000|17.160000|0.000000|000|16.979147|-1.000000|-1.000000|0.000000|-1|0
1873|34|262|12|-CE2|C_|6|263| |1.000000|14.930000|0.000000|000|14.722063|-1.000000|-1.000000|0.000000|-1|0
1873|34|263|12|-CZ-|C_|6|264| |1.000000|17.280001|0.000000|000|16.018604|-1.000000|-1.000000|0.000000|-1|0
1873|35|264|1|-N--|N_|7|265| |1.000000|11.730000|0.000000|000|14.747246|-1.000000|-1.000000|0.000000|-1|0
1873|35|265|2|-CA-|C_|6|266| |1.000000|10.290000|0.000000|000|13.732711|-1.000000|-1.000000|0.000000|-1|0
1873|35|266|3|-C--|C_|6|267| |1.000000|9.910000|0.000000|000|12.313479|-1.000000|-1.000000|0.000000|-1|0
1873|35|267|4|-O--|O_|8|268| |1.000000|11.320000|0.000000|000|12.241840|-1.000000|-1.000000|0.000000|-1|0
1873|35|268|5|-CB-|C_|6|269| |1.000000|11.700000|0.000000|000|14.264838|-1.000000|-1.000000|0.000000|-1|0
1873|35|269|6|-CG-|C_|6|270| |1.000000|15.070000|0.000000|000|14.861292|-1.000000|-1.000000|0.000000|-1|0
1873|35|270|6|-CD-|C_|6|271| |1.000000|11.720000|0.000000|000|15.485717|-1.000000|-1.000000|0.000000|-1|0
1873|36|271|1|-N--|N_|7|272| |1.000000|10.090000|0.000000|000|11.313785|-1.000000|-1.000000|0.000000|-1|0
1873|36|272|2|-CA-|C_|6|273| |1.000000|9.300000|0.000000|000|9.908973|-1.000000|-1.000000|0.000000|-1|0
1873|36|273|3|-C--|C_|6|274| |1.000000|8.750000|0.000000|000|9.306974|-1.000000|-1.000000|0.000000|-1|0
1873|36|274|4|-O--|O_|8|275| |1.000000|9.990000|0.000000|000|9.814120|-1.000000|-1.000000|0.000000|-1|0
1873|36|275|5|-CB-|C_|6|276| |1.000000|10.510000|0.000000|000|9.250252|-1.000000|-1.000000|0.000000|-1|0
1873|36|276|12|-CG-|C_|6|277| |1.000000|9.230000|0.000000|000|10.012823|-1.000000|-1.000000|0.000000|-1|0
1873|36|277|13|-ND1|N_|7|278| |1.000000|10.310000|0.000000|000|10.223878|-1.000000|-1.000000|0.000000|-1|0
1873|36|278|12|-CD2|C_|6|279| |1.000000|9.520000|0.000000|000|10.823089|-1.000000|-1.000000|0.000000|-1|0
1873|36|279|12|-CE1|C_|6|280| |1.000000|10.390000|0.000000|000|11.135237|-1.000000|-1.000000|0.000000|-1|0
1873|36|280|13|-NE2|N_|7|281| |1.000000|9.810000|0.000000|000|11.444199|-1.000000|-1.000000|0.000000|-1|0
1873|37|281|1|-N--|N_|7|282| |1.000000|9.520000|0.000000|000|8.259453|-1.000000|-1.000000|0.000000|-1|0
1873|37|282|2|-CA-|C_|6|283| |1.000000|8.630000|0.000000|000|7.573581|-1.000000|-1.000000|0.000000|-1|0
1873|37|283|3|-C--|C_|6|284| |1.000000|8.600000|0.000000|000|6.193467|-1.000000|-1.000000|0.000000|-1|0
1873|37|284|4|-O--|O_|8|285| |1.000000|9.130000|0.000000|000|5.810673|-1.000000|-1.000000|0.000000|-1|0
1873|37|285|5|-CB-|C_|6|286| |1.000000|10.570000|0.000000|000|8.557310|-1.000000|-1.000000|0.000000|-1|0
1873|37|286|6|-CG-|C_|6|287| |1.000000|10.460000|0.000000|000|8.897217|-1.000000|-1.000000|0.000000|-1|0
1873|37|287|8|-OD1|O_|8|288| |1.000000|10.190000|0.000000|000|8.405918|-1.000000|-1.000000|0.000000|-1|0
1873|37|288|9|-ND2|N_|7|289| |1.000000|15.100000|0.000000|000|10.021441|-1.000000|-1.000000|0.000000|-1|0
1873|38|289|1|-N--|N_|7|290| |1.000000|8.780000|0.000000|000|5.658322|-1.000000|-1.000000|0.000000|-1|0
1873|38|290|2|-CA-|C_|6|291| |1.000000|10.170000|0.000000|000|4.344259|-1.000000|-1.000000|0.000000|-1|0
1873|38|291|3|-C--|C_|6|292| |1.000000|9.230000|0.000000|000|4.785455|-1.000000|-1.000000|0.000000|-1|0
1873|38|292|4|-O--|O_|8|293| |1.000000|10.250000|0.000000|000|5.577377|-1.000000|-1.000000|0.000000|-1|0
1873|38|293|5|-CB-|C_|6|294| |1.000000|10.400000|0.000000|000|3.504025|-1.000000|-1.000000|0.000000|-1|0
1873|38|294|6|-CG1|C_|6|295| |1.000000|12.830000|0.000000|000|2.194355|-1.000000|-1.000000|0.000000|-1|0
1873|38|295|6|-CG2|C_|6|296| |1.000000|11.990000|0.000000|000|3.875891|-1.000000|-1.000000|0.000000|-1|0
1873|39|296|1|-N--|N_|7|297| |1.000000|9.710000|0.000000|000|4.833744|-1.000000|-1.000000|0.000000|-1|0
1873|39|297|2|-CA-|C_|6|298| |1.000000|10.350000|0.000000|000|5.727966|-1.000000|-1.000000|0.000000|-1|0
1873|39|298|3|-C--|C_|6|299| |1.000000|10.640000|0.000000|000|5.383358|-1.000000|-1.000000|0.000000|-1|0
1873|39|299|4|-O--|O_|8|300| |1.000000|12.420000|0.000000|000|4.753298|-1.000000|-1.000000|0.000000|-1|0
1873|39|300|5|-CB-|C_|6|301| |1.000000|12.560000|0.000000|000|7.093373|-1.000000|-1.000000|0.000000|-1|0
1873|39|301|6|-CG-|C_|6|302| |1.000000|13.140000|0.000000|000|7.945179|-1.000000|-1.000000|0.000000|-1|0
1873|39|302|6|-CD1|C_|6|303| |1.000000|13.830000|0.000000|000|7.861786|-1.000000|-1.000000|0.000000|-1|0
1873|39|303|6|-CD2|C_|6|304| |1.000000|16.150000|0.000000|000|9.410570|-1.000000|-1.000000|0.000000|-1|0
1873|40|304|1|-N--|N_|7|305| |1.000000|10.630000|0.000000|000|6.185435|-1.000000|-1.000000|0.000000|-1|0
1873|40|305|2|-CA-|C_|6|306| |1.000000|9.570000|0.000000|000|6.507327|-1.000000|-1.000000|0.000000|-1|0
1873|40|306|3|-C--|C_|6|307| |1.000000|10.310000|0.000000|000|7.861331|-1.000000|-1.000000|0.000000|-1|0
1873|40|307|4|-O--|O_|8|308| |1.000000|11.100000|0.000000|000|8.743470|-1.000000|-1.000000|0.000000|-1|0
1873|40|308|5|-CB-|C_|6|309| |1.000000|10.700000|0.000000|000|6.826044|-1.000000|-1.000000|0.000000|-1|0
1873|40|309|12|-CG-|C_|6|310| |1.000000|10.210000|0.000000|000|5.772766|-1.000000|-1.000000|0.000000|-1|0
1873|40|310|12|-CD1|C_|6|311| |1.000000|10.230000|0.000000|000|5.166003|-1.000000|-1.000000|0.000000|-1|0
1873|40|311|12|-CD2|C_|6|312| |1.000000|12.080000|0.000000|000|5.670187|-1.000000|-1.000000|0.000000|-1|0
1873|40|312|12|-CE1|C_|6|313| |1.000000|10.890000|0.000000|000|4.499650|-1.000000|-1.000000|0.000000|-1|0
1873|40|313|12|-CE2|C_|6|314| |1.000000|11.940000|0.000000|000|5.112781|-1.000000|-1.000000|0.000000|-1|0
1873|40|314|12|-CZ-|C_|6|315| |1.000000|12.490000|0.000000|000|4.404824|-1.000000|-1.000000|0.000000|-1|0
1873|41|315|1|-N--|N_|7|316| |1.000000|11.370000|0.000000|000|8.292767|-1.000000|-1.000000|0.000000|-1|0
1873|41|316|2|-CA-|C_|6|317| |1.000000|11.610000|0.000000|000|9.644467|-1.000000|-1.000000|0.000000|-1|0
1873|41|317|3|-C--|C_|6|318| |1.000000|12.120000|0.000000|000|10.680369|-1.000000|-1.000000|0.000000|-1|0
1873|41|318|4|-O--|O_|8|319| |1.000000|12.660000|0.000000|000|10.824477|-1.000000|-1.000000|0.000000|-1|0
1873|41|319|5|-CB-|C_|6|320| |1.000000|13.600000|0.000000|000|9.791652|-1.000000|-1.000000|0.000000|-1|0
1873|41|320|6|-CG-|C_|6|321| |1.000000|17.400000|0.000000|000|11.189688|-1.000000|-1.000000|0.000000|-1|0
1873|41|321|10|-OD1|O_|8|322| |1.000000|16.299999|0.000000|000|12.083620|-1.000000|-1.000000|0.000000|-1|0
1873|41|322|10|-OD2|O_|8|323| |1.000000|23.530001|0.000000|000|11.438829|-1.000000|-1.000000|0.000000|-1|0
1873|42|323|1|-N--|N_|7|324| |1.000000|14.300000|0.000000|000|11.597397|-1.000000|-1.000000|0.000000|-1|0
1873|42|324|2|-CA-|C_|6|325| |1.000000|14.770000|0.000000|000|12.729242|-1.000000|-1.000000|0.000000|-1|0
1873|42|325|3|-C--|C_|6|326| |1.000000|16.850000|0.000000|000|13.631965|-1.000000|-1.000000|0.000000|-1|0
1873|42|326|4|-O--|O_|8|327| |1.000000|17.959999|0.000000|000|14.352187|-1.000000|-1.000000|0.000000|-1|0
1873|42|327|5|-CB-|C_|6|328| |1.000000|20.200001|0.000000|000|13.652424|-1.000000|-1.000000|0.000000|-1|0
1873|42|328|6|-CG-|C_|6|329| |1.000000|25.389999|0.000000|000|14.455569|-1.000000|-1.000000|0.000000|-1|0
1873|42|329|6|-CD-|C_|6|330| |1.000000|37.400002|0.000000|000|15.491102|-1.000000|-1.000000|0.000000|-1|0
1873|42|330|10|-OE1|O_|8|331| |1.000000|49.820000|0.000000|000|16.224705|-1.000000|-1.000000|0.000000|-1|0
1873|42|331|10|-OE2|O_|8|332| |1.000000|47.509998|0.000000|000|15.671176|-1.000000|-1.000000|0.000000|-1|0
1873|43|332|1|-N--|N_|7|333| |1.000000|16.150000|0.000000|000|13.644843|-1.000000|-1.000000|0.000000|-1|0
1873|43|333|2|-CA-|C_|6|334| |1.000000|19.150000|0.000000|000|14.605994|-1.000000|-1.000000|0.000000|-1|0
1873|43|334|3|-C--|C_|6|335| |1.000000|18.049999|0.000000|000|14.126959|-1.000000|-1.000000|0.000000|-1|0
1873|43|335|4|-O--|O_|8|336| |1.000000|21.240000|0.000000|000|14.949968|-1.000000|-1.000000|0.000000|-1|0
1873|43|336|5|-CB-|C_|6|337| |1.000000|22.680000|0.000000|000|15.348310|-1.000000|-1.000000|0.000000|-1|0
1873|43|337|6|-CG-|C_|6|338| |1.000000|33.580002|0.000000|000|15.947043|-1.000000|-1.000000|0.000000|-1|0
1873|43|338|10|-OD1|O_|8|339| |1.000000|44.080002|0.000000|000|15.984484|-1.000000|-1.000000|0.000000|-1|0
1873|43|339|10|-OD2|O_|8|340| |1.000000|38.400002|0.000000|000|16.519884|-1.000000|-1.000000|0.000000|-1|0
1873|44|340|1|-N--|N_|7|341| |1.000000|14.070000|0.000000|000|12.896897|-1.000000|-1.000000|0.000000|-1|0
1873|44|341|2|-CA-|C_|6|342| |1.000000|13.900000|0.000000|000|12.581194|-1.000000|-1.000000|0.000000|-1|0
1873|44|342|3|-C--|C_|6|343| |1.000000|12.530000|0.000000|000|11.729798|-1.000000|-1.000000|0.000000|-1|0
1873|44|343|4|-O--|O_|8|344| |1.000000|13.580000|0.000000|000|10.741392|-1.000000|-1.000000|0.000000|-1|0
1873|44|344|5|-CB-|C_|6|345| |1.000000|16.340000|0.000000|000|12.102419|-1.000000|-1.000000|0.000000|-1|0
1873|45|345|1|-N--|N_|7|346| |1.000000|12.280000|0.000000|000|12.338590|-1.000000|-1.000000|0.000000|-1|0
1873|45|346|2|-CA-|C_|6|347| |1.000000|12.030000|0.000000|000|12.060163|-1.000000|-1.000000|0.000000|-1|0
1873|45|347|3|-C--|C_|6|348| |1.000000|10.490000|0.000000|000|13.478223|-1.000000|-1.000000|0.000000|-1|0
1873|45|348|4|-O--|O_|8|349| |1.000000|13.600000|0.000000|000|14.456001|-1.000000|-1.000000|0.000000|-1|0
1873|45|349|5|-CB-|C_|6|350| |1.000000|11.490000|0.000000|000|11.402101|-1.000000|-1.000000|0.000000|-1|0
1873|45|350|6|-CG1|C_|6|351| |1.000000|11.250000|0.000000|000|9.959771|-1.000000|-1.000000|0.000000|-1|0
1873|45|351|6|-CG2|C_|6|352| |1.000000|11.500000|0.000000|000|12.290496|-1.000000|-1.000000|0.000000|-1|0
1873|46|352|1|-N--|N_|7|353| |1.000000|11.820000|0.000000|000|13.600304|-1.000000|-1.000000|0.000000|-1|0
1873|46|353|2|-CA-|C_|6|354| |1.000000|12.370000|0.000000|000|15.019361|-1.000000|-1.000000|0.000000|-1|0
1873|46|354|3|-C--|C_|6|355| |1.000000|14.110000|0.000000|000|15.763417|-1.000000|-1.000000|0.000000|-1|0
1873|46|355|4|-O--|O_|8|356| |1.000000|13.020000|0.000000|000|15.258738|-1.000000|-1.000000|0.000000|-1|0
1873|46|356|5|-CB-|C_|6|357| |1.000000|12.850000|0.000000|000|14.991606|-1.000000|-1.000000|0.000000|-1|0
1873|46|357|6|-CG-|C_|6|358| |1.000000|14.200000|0.000000|000|13.686652|-1.000000|-1.000000|0.000000|-1|0
1873|46|358|6|-CD-|C_|6|359| |1.000000|12.420000|0.000000|000|12.707942|-1.000000|-1.000000|0.000000|-1|0
1873|47|359|1|-N--|N_|7|360| |1.000000|15.890000|0.000000|000|17.059893|-1.000000|-1.000000|0.000000|-1|0
1873|47|360|2|-CA-|C_|6|361|A|0.500000|15.530000|0.000000|000|18.060757|-1.000000|-1.000000|0.000000|-1|0
1873|47|361|2|-CA-|C_|6|362|B|0.500000|15.480000|0.000000|000|18.003714|-1.000000|-1.000000|0.000000|-1|0
1873|47|362|3|-C--|C_|6|363| |1.000000|14.020000|0.000000|000|17.950392|-1.000000|-1.000000|0.000000|-1|0
1873|47|363|4|-O--|O_|8|364| |1.000000|14.910000|0.000000|000|17.927969|-1.000000|-1.000000|0.000000|-1|0
1873|47|364|5|-CB-|C_|6|365|A|0.500000|17.680000|0.000000|000|19.463469|-1.000000|-1.000000|0.000000|-1|0
1873|47|365|5|-CB-|C_|6|366|B|0.500000|17.510000|0.000000|000|19.444679|-1.000000|-1.000000|0.000000|-1|0
1873|47|366|17|-OG-|O_|8|367|A|0.500000|20.660000|0.000000|000|20.344118|-1.000000|-1.000000|0.000000|-1|0
1873|47|367|17|-OG-|O_|8|368|B|0.500000|20.020000|0.000000|000|19.667360|-1.000000|-1.000000|0.000000|-1|0
1873|48|368|1|-N--|N_|7|369| |1.000000|14.700000|0.000000|000|18.002565|-1.000000|-1.000000|0.000000|-1|0
1873|48|369|2|-CA-|C_|6|370| |1.000000|14.770000|0.000000|000|18.133469|-1.000000|-1.000000|0.000000|-1|0
1873|48|370|3|-C--|C_|6|371| |1.000000|11.820000|0.000000|000|16.909328|-1.000000|-1.000000|0.000000|-1|0
1873|48|371|4|-O--|O_|8|372| |1.000000|12.950000|0.000000|000|17.075752|-1.000000|-1.000000|0.000000|-1|0
1873|49|372|1|-N--|N_|7|373| |1.000000|12.570000|0.000000|000|15.755909|-1.000000|-1.000000|0.000000|-1|0
1873|49|373|2|-CA-|C_|6|374| |1.000000|13.200000|0.000000|000|14.533072|-1.000000|-1.000000|0.000000|-1|0
1873|49|374|3|-C--|C_|6|375| |1.000000|11.650000|0.000000|000|14.459032|-1.000000|-1.000000|0.000000|-1|0
1873|49|375|4|-O--|O_|8|376| |1.000000|13.590000|0.000000|000|14.703880|-1.000000|-1.000000|0.000000|-1|0
1873|49|376|5|-CB-|C_|6|377| |1.000000|12.290000|0.000000|000|13.298748|-1.000000|-1.000000|0.000000|-1|0
1873|49|377|6|-CG1|C_|6|378| |1.000000|13.170000|0.000000|000|11.999232|-1.000000|-1.000000|0.000000|-1|0
1873|49|378|6|-CG2|C_|6|379| |1.000000|12.780000|0.000000|000|13.458125|-1.000000|-1.000000|0.000000|-1|0
1873|50|379|1|-N--|N_|7|380| |1.000000|12.790000|0.000000|000|14.336561|-1.000000|-1.000000|0.000000|-1|0
1873|50|380|2|-CA-|C_|6|381| |1.000000|12.220000|0.000000|000|14.336138|-1.000000|-1.000000|0.000000|-1|0
1873|50|381|3|-C--|C_|6|382| |1.000000|11.970000|0.000000|000|12.944198|-1.000000|-1.000000|0.000000|-1|0
1873|50|382|4|-O--|O_|8|383| |1.000000|12.810000|0.000000|000|12.496461|-1.000000|-1.000000|0.000000|-1|0
1873|50|383|5|-CB-|C_|6|384| |1.000000|13.770000|0.000000|000|15.312978|-1.000000|-1.000000|0.000000|-1|0
1873|50|384|6|-CG-|C_|6|385| |1.000000|15.350000|0.000000|000|15.452610|-1.000000|-1.000000|0.000000|-1|0
1873|50|385|10|-OD1|O_|8|386| |1.000000|15.990000|0.000000|000|14.977715|-1.000000|-1.000000|0.000000|-1|0
1873|50|386|10|-OD2|O_|8|387| |1.000000|18.860001|0.000000|000|16.240267|-1.000000|-1.000000|0.000000|-1|0
1873|51|387|1|-N--|N_|7|388| |1.000000|11.680000|0.000000|000|12.351220|-1.000000|-1.000000|0.000000|-1|0
1873|51|388|2|-CA-|C_|6|389| |1.000000|11.690000|0.000000|000|11.001322|-1.000000|-1.000000|0.000000|-1|0
1873|51|389|3|-C--|C_|6|390| |1.000000|14.010000|0.000000|000|10.988018|-1.000000|-1.000000|0.000000|-1|0
1873|51|390|4|-O--|O_|8|391| |1.000000|11.770000|0.000000|000|9.996545|-1.000000|-1.000000|0.000000|-1|0
1873|51|391|5|-CB-|C_|6|392| |1.000000|11.900000|0.000000|000|10.483210|-1.000000|-1.000000|0.000000|-1|0
1873|51|392|6|-CG1|C_|6|393| |1.000000|12.830000|0.000000|000|10.567955|-1.000000|-1.000000|0.000000|-1|0
1873|51|393|6|-CG2|C_|6|394| |1.000000|12.480000|0.000000|000|11.486047|-1.000000|-1.000000|0.000000|-1|0
1873|52|394|1|-N--|N_|7|395| |1.000000|12.330000|0.000000|000|12.193422|-1.000000|-1.000000|0.000000|-1|0
1873|52|395|2|-CA-|C_|6|396| |1.000000|12.930000|0.000000|000|12.481141|-1.000000|-1.000000|0.000000|-1|0
1873|52|396|3|-C--|C_|6|397| |1.000000|15.170000|0.000000|000|12.255123|-1.000000|-1.000000|0.000000|-1|0
1873|52|397|4|-O--|O_|8|398| |1.000000|16.360001|0.000000|000|12.153549|-1.000000|-1.000000|0.000000|-1|0
1873|52|398|5|-CB-|C_|6|399| |1.000000|13.640000|0.000000|000|13.919766|-1.000000|-1.000000|0.000000|-1|0
1873|52|399|17|-OG-|O_|8|400| |1.000000|19.270000|0.000000|000|14.746052|-1.000000|-1.000000|0.000000|-1|0
1873|53|400|1|-N--|N_|7|401| |1.000000|13.210000|0.000000|000|12.340911|-1.000000|-1.000000|0.000000|-1|0
1873|53|401|2|-CA-|C_|6|402| |1.000000|13.900000|0.000000|000|12.428158|-1.000000|-1.000000|0.000000|-1|0
1873|53|402|3|-C--|C_|6|403| |1.000000|14.170000|0.000000|000|11.165240|-1.000000|-1.000000|0.000000|-1|0
1873|53|403|4|-O--|O_|8|404| |1.000000|15.940000|0.000000|000|11.316553|-1.000000|-1.000000|0.000000|-1|0
1873|53|404|5|-CB-|C_|6|405| |1.000000|20.580000|0.000000|000|13.198308|-1.000000|-1.000000|0.000000|-1|0
1873|53|405|6|-CG-|C_|6|406| |1.000000|21.510000|0.000000|000|14.656843|-1.000000|-1.000000|0.000000|-1|0
1873|53|406|6|-CD-|C_|6|407| |1.000000|24.540001|0.000000|000|15.424126|-1.000000|-1.000000|0.000000|-1|0
1873|53|407|6|-CE-|C_|6|408| |1.000000|23.889999|0.000000|000|16.860491|-1.000000|-1.000000|0.000000|-1|0
1873|53|408|14|-NZ-|N_|7|409| |1.000000|25.559999|0.000000|000|17.097488|-1.000000|-1.000000|0.000000|-1|0
1873|54|409|1|-N--|N_|7|410| |1.000000|12.760000|0.000000|000|10.047275|-1.000000|-1.000000|0.000000|-1|0
1873|54|410|2|-CA-|C_|6|411| |1.000000|12.940000|0.000000|000|8.816082|-1.000000|-1.000000|0.000000|-1|0
1873|54|411|3|-C--|C_|6|412| |1.000000|11.810000|0.000000|000|7.755610|-1.000000|-1.000000|0.000000|-1|0
1873|54|412|4|-O--|O_|8|413| |1.000000|13.400000|0.000000|000|6.554257|-1.000000|-1.000000|0.000000|-1|0
1873|54|413|5|-CB-|C_|6|414| |1.000000|12.510000|0.000000|000|8.544133|-1.000000|-1.000000|0.000000|-1|0
1873|54|414|6|-CG1|C_|6|415| |1.000000|11.710000|0.000000|000|8.688522|-1.000000|-1.000000|0.000000|-1|0
1873|54|415|6|-CG2|C_|6|416| |1.000000|14.730000|0.000000|000|9.708450|-1.000000|-1.000000|0.000000|-1|0
1873|54|416|6|-CD1|C_|6|417|A|0.730000|8.550000|0.000000|000|8.558101|-1.000000|-1.000000|0.000000|-1|0
1873|54|417|6|-CD1|C_|6|418|B|0.270000|13.080000|0.000000|000|10.080168|-1.000000|-1.000000|0.000000|-1|0
1873|55|418|1|-N--|N_|7|419| |1.000000|11.440000|0.000000|000|8.335199|-1.000000|-1.000000|0.000000|-1|0
1873|55|419|2|-CA-|C_|6|420| |1.000000|11.840000|0.000000|000|7.767343|-1.000000|-1.000000|0.000000|-1|0
1873|55|420|3|-C--|C_|6|421| |1.000000|13.060000|0.000000|000|8.516578|-1.000000|-1.000000|0.000000|-1|0
1873|55|421|4|-O--|O_|8|422| |1.000000|15.060000|0.000000|000|9.648690|-1.000000|-1.000000|0.000000|-1|0
1873|55|422|5|-CB-|C_|6|423| |1.000000|11.380000|0.000000|000|8.299796|-1.000000|-1.000000|0.000000|-1|0
1873|55|423|17|-OG-|O_|8|424| |1.000000|10.590000|0.000000|000|7.925567|-1.000000|-1.000000|0.000000|-1|0
1873|56|424|1|-N--|N_|7|425| |1.000000|11.760000|0.000000|000|8.052091|-1.000000|-1.000000|0.000000|-1|0
1873|56|425|2|-CA-|C_|6|426| |1.000000|12.130000|0.000000|000|9.118708|-1.000000|-1.000000|0.000000|-1|0
1873|56|426|3|-C--|C_|6|427| |1.000000|15.290000|0.000000|000|10.097003|-1.000000|-1.000000|0.000000|-1|0
1873|56|427|4|-O--|O_|8|428| |1.000000|16.559999|0.000000|000|9.836482|-1.000000|-1.000000|0.000000|-1|0
1873|56|428|5|-CB-|C_|6|429| |1.000000|12.550000|0.000000|000|8.635635|-1.000000|-1.000000|0.000000|-1|0
1873|56|429|6|-CG-|C_|6|430| |1.000000|11.810000|0.000000|000|8.076614|-1.000000|-1.000000|0.000000|-1|0
1873|56|430|16|-SD-|S_|16|431| |1.000000|11.770000|0.000000|000|7.845790|-1.000000|-1.000000|0.000000|-1|0
1873|56|431|6|-CE-|C_|6|432| |1.000000|14.680000|0.000000|000|9.593193|-1.000000|-1.000000|0.000000|-1|0
1873|57|432|1|-N--|N_|7|433| |1.000000|17.799999|0.000000|000|11.331712|-1.000000|-1.000000|0.000000|-1|0
1873|57|433|2|-CA-|C_|6|434|A|0.500000|19.020000|0.000000|000|12.183254|-1.000000|-1.000000|0.000000|-1|0
1873|57|434|2|-CA-|C_|6|435|B|0.500000|19.059999|0.000000|000|12.213320|-1.000000|-1.000000|0.000000|-1|0
1873|57|435|3|-C--|C_|6|436| |1.000000|21.170000|0.000000|000|11.948371|-1.000000|-1.000000|0.000000|-1|0
1873|57|436|4|-O--|O_|8|437| |1.000000|17.080000|0.000000|000|11.517480|-1.000000|-1.000000|0.000000|-1|0
1873|57|437|5|-CB-|C_|6|438|A|0.500000|20.990000|0.000000|000|13.603769|-1.000000|-1.000000|0.000000|-1|0
1873|57|438|5|-CB-|C_|6|439|B|0.500000|20.820000|0.000000|000|13.631899|-1.000000|-1.000000|0.000000|-1|0
1873|57|439|17|-OG-|O_|8|440|A|0.500000|20.930000|0.000000|000|13.765671|-1.000000|-1.000000|0.000000|-1|0
1873|57|440|17|-OG-|O_|8|441|B|0.500000|21.660000|0.000000|000|14.514853|-1.000000|-1.000000|0.000000|-1|0
1873|58|441|1|-N--|N_|7|442| |1.000000|18.100000|0.000000|000|12.377124|-1.000000|-1.000000|0.000000|-1|0
1873|58|442|2|-CA-|C_|6|443| |1.000000|19.660000|0.000000|000|12.435536|-1.000000|-1.000000|0.000000|-1|0
1873|58|443|3|-C--|C_|6|444| |1.000000|19.100000|0.000000|000|13.263962|-1.000000|-1.000000|0.000000|-1|0
1873|58|444|4|-O--|O_|8|445| |1.000000|18.980000|0.000000|000|13.279659|-1.000000|-1.000000|0.000000|-1|0
1873|58|445|5|-CB-|C_|6|446| |1.000000|22.150000|0.000000|000|13.190699|-1.000000|-1.000000|0.000000|-1|0
1873|58|446|6|-CG-|C_|6|447| |1.000000|18.450001|0.000000|000|12.604776|-1.000000|-1.000000|0.000000|-1|0
1873|58|447|6|-CD-|C_|6|448| |1.000000|22.090000|0.000000|000|12.924637|-1.000000|-1.000000|0.000000|-1|0
1873|58|448|10|-OE1|O_|8|449| |1.000000|23.990000|0.000000|000|13.478403|-1.000000|-1.000000|0.000000|-1|0
1873|58|449|10|-OE2|O_|8|450| |1.000000|23.990000|0.000000|000|12.749910|-1.000000|-1.000000|0.000000|-1|0
1873|59|450|1|-N--|N_|7|451| |1.000000|15.860000|0.000000|000|14.156447|-1.000000|-1.000000|0.000000|-1|0
1873|59|451|2|-CA-|C_|6|452| |1.000000|15.550000|0.000000|000|15.149068|-1.000000|-1.000000|0.000000|-1|0
1873|59|452|3|-C--|C_|6|453| |1.000000|14.980000|0.000000|000|14.709954|-1.000000|-1.000000|0.000000|-1|0
1873|59|453|4|-O--|O_|8|454| |1.000000|18.510000|0.000000|000|15.557824|-1.000000|-1.000000|0.000000|-1|0
1873|59|454|5|-CB-|C_|6|455| |1.000000|15.660000|0.000000|000|16.408806|-1.000000|-1.000000|0.000000|-1|0
1873|59|455|6|-CG-|C_|6|456| |1.000000|20.309999|0.000000|000|17.077879|-1.000000|-1.000000|0.000000|-1|0
1873|59|456|6|-CD-|C_|6|457| |1.000000|27.309999|0.000000|000|18.392170|-1.000000|-1.000000|0.000000|-1|0
1873|59|457|10|-OE1|O_|8|458| |1.000000|35.310001|0.000000|000|18.967230|-1.000000|-1.000000|0.000000|-1|0
1873|59|458|10|-OE2|O_|8|459| |1.000000|29.750000|0.000000|000|18.915894|-1.000000|-1.000000|0.000000|-1|0
1873|60|459|1|-N--|N_|7|460|A|0.590000|12.830000|0.000000|000|13.649952|-1.000000|-1.000000|0.000000|-1|0
1873|60|460|1|-N--|N_|7|461|B|0.410000|13.400000|0.000000|000|13.649600|-1.000000|-1.000000|0.000000|-1|0
1873|60|461|2|-CA-|C_|6|462|A|0.590000|11.550000|0.000000|000|13.403760|-1.000000|-1.000000|0.000000|-1|0
1873|60|462|2|-CA-|C_|6|463|B|0.410000|12.090000|0.000000|000|13.486279|-1.000000|-1.000000|0.000000|-1|0
1873|60|463|3|-C--|C_|6|464|A|0.590000|12.770000|0.000000|000|12.583899|-1.000000|-1.000000|0.000000|-1|0
1873|60|464|3|-C--|C_|6|465|B|0.410000|11.670000|0.000000|000|12.532972|-1.000000|-1.000000|0.000000|-1|0
1873|60|465|4|-O--|O_|8|466|A|0.590000|13.910000|0.000000|000|11.504385|-1.000000|-1.000000|0.000000|-1|0
1873|60|466|4|-O--|O_|8|467|B|0.410000|10.220000|0.000000|000|11.309481|-1.000000|-1.000000|0.000000|-1|0
1873|60|467|5|-CB-|C_|6|468|A|0.590000|12.380000|0.000000|000|12.739191|-1.000000|-1.000000|0.000000|-1|0
1873|60|468|5|-CB-|C_|6|469|B|0.410000|13.250000|0.000000|000|13.147381|-1.000000|-1.000000|0.000000|-1|0
1873|60|469|6|-CG-|C_|6|470|A|0.590000|12.130000|0.000000|000|12.846940|-1.000000|-1.000000|0.000000|-1|0
1873|60|470|6|-CG-|C_|6|471|B|0.410000|16.540001|0.000000|000|14.321541|-1.000000|-1.000000|0.000000|-1|0
1873|60|471|10|-OD1|O_|8|472|A|0.590000|16.389999|0.000000|000|12.470159|-1.000000|-1.000000|0.000000|-1|0
1873|60|472|10|-OD1|O_|8|473|B|0.410000|18.629999|0.000000|000|15.498282|-1.000000|-1.000000|0.000000|-1|0
1873|60|473|10|-OD2|O_|8|474|A|0.590000|15.260000|0.000000|000|13.432756|-1.000000|-1.000000|0.000000|-1|0
1873|60|474|10|-OD2|O_|8|475|B|0.410000|20.840000|0.000000|000|14.167560|-1.000000|-1.000000|0.000000|-1|0
1873|61|475|1|-N--|N_|7|476| |1.000000|11.820000|0.000000|000|13.256365|-1.000000|-1.000000|0.000000|-1|0
1873|61|476|2|-CA-|C_|6|477| |1.000000|12.810000|0.000000|000|12.844000|-1.000000|-1.000000|0.000000|-1|0
1873|61|477|3|-C--|C_|6|478| |1.000000|13.090000|0.000000|000|12.999828|-1.000000|-1.000000|0.000000|-1|0
1873|61|478|4|-O--|O_|8|479| |1.000000|16.600000|0.000000|000|14.013481|-1.000000|-1.000000|0.000000|-1|0
1873|61|479|5|-CB-|C_|6|480| |1.000000|15.010000|0.000000|000|13.828999|-1.000000|-1.000000|0.000000|-1|0
1873|61|480|6|-CG-|C_|6|481| |1.000000|20.969999|0.000000|000|13.918663|-1.000000|-1.000000|0.000000|-1|0
1873|61|481|6|-CD1|C_|6|482| |1.000000|24.600000|0.000000|000|15.226526|-1.000000|-1.000000|0.000000|-1|0
1873|61|482|6|-CD2|C_|6|483| |1.000000|24.600000|0.000000|000|12.752205|-1.000000|-1.000000|0.000000|-1|0
1873|62|483|1|-N--|N_|7|484| |1.000000|11.710000|0.000000|000|12.165086|-1.000000|-1.000000|0.000000|-1|0
1873|62|484|2|-CA-|C_|6|485| |1.000000|9.550000|0.000000|000|12.437398|-1.000000|-1.000000|0.000000|-1|0
1873|62|485|3|-C--|C_|6|486| |1.000000|8.820000|0.000000|000|13.284638|-1.000000|-1.000000|0.000000|-1|0
1873|62|486|4|-O--|O_|8|487| |1.000000|10.410000|0.000000|000|12.956791|-1.000000|-1.000000|0.000000|-1|0
1873|62|487|5|-CB-|C_|6|488| |1.000000|10.020000|0.000000|000|11.269906|-1.000000|-1.000000|0.000000|-1|0
1873|62|488|6|-CG-|C_|6|489| |1.000000|10.870000|0.000000|000|10.399268|-1.000000|-1.000000|0.000000|-1|0
1873|62|489|6|-CD1|C_|6|490| |1.000000|14.360000|0.000000|000|9.389382|-1.000000|-1.000000|0.000000|-1|0
1873|62|490|6|-CD2|C_|6|491| |1.000000|12.450000|0.000000|000|11.414021|-1.000000|-1.000000|0.000000|-1|0
1873|63|491|1|-N--|N_|7|492| |1.000000|10.950000|0.000000|000|14.539587|-1.000000|-1.000000|0.000000|-1|0
1873|63|492|2|-CA-|C_|6|493| |1.000000|11.280000|0.000000|000|15.580947|-1.000000|-1.000000|0.000000|-1|0
1873|63|493|3|-C--|C_|6|494| |1.000000|12.240000|0.000000|000|16.243265|-1.000000|-1.000000|0.000000|-1|0
1873|63|494|4|-O--|O_|8|495| |1.000000|15.270000|0.000000|000|17.295370|-1.000000|-1.000000|0.000000|-1|0
1873|63|495|5|-CB-|C_|6|496| |1.000000|13.210000|0.000000|000|16.756414|-1.000000|-1.000000|0.000000|-1|0
1873|63|496|6|-CG-|C_|6|497| |1.000000|14.550000|0.000000|000|16.539314|-1.000000|-1.000000|0.000000|-1|0
1873|63|497|8|-OD1|O_|8|498| |1.000000|20.110001|0.000000|000|16.553547|-1.000000|-1.000000|0.000000|-1|0
1873|63|498|9|-ND2|N_|7|499| |1.000000|16.610001|0.000000|000|16.531994|-1.000000|-1.000000|0.000000|-1|0
1873|64|499|1|-N--|N_|7|500| |1.000000|9.880000|0.000000|000|15.806911|-1.000000|-1.000000|0.000000|-1|0
1873|64|500|2|-CA-|C_|6|501| |1.000000|11.250000|0.000000|000|16.631727|-1.000000|-1.000000|0.000000|-1|0
1873|64|501|3|-C--|C_|6|502| |1.000000|11.080000|0.000000|000|15.861378|-1.000000|-1.000000|0.000000|-1|0
1873|64|502|4|-O--|O_|8|503| |1.000000|10.640000|0.000000|000|14.792318|-1.000000|-1.000000|0.000000|-1|0
1873|64|503|5|-CB-|C_|6|504| |1.000000|10.810000|0.000000|000|17.594400|-1.000000|-1.000000|0.000000|-1|0
1873|65|504|1|-N--|N_|7|505| |1.000000|11.620000|0.000000|000|16.474857|-1.000000|-1.000000|0.000000|-1|0
1873|65|505|2|-CA-|C_|6|506| |1.000000|12.840000|0.000000|000|16.018417|-1.000000|-1.000000|0.000000|-1|0
1873|65|506|3|-C--|C_|6|507| |1.000000|13.280000|0.000000|000|16.014868|-1.000000|-1.000000|0.000000|-1|0
1873|65|507|4|-O--|O_|8|508| |1.000000|15.910000|0.000000|000|16.919104|-1.000000|-1.000000|0.000000|-1|0
1873|65|508|5|-CB-|C_|6|509| |1.000000|12.910000|0.000000|000|17.034174|-1.000000|-1.000000|0.000000|-1|0
1873|65|509|6|-CG-|C_|6|510| |1.000000|14.180000|0.000000|000|16.788107|-1.000000|-1.000000|0.000000|-1|0
1873|65|510|6|-CD-|C_|6|511| |1.000000|14.970000|0.000000|000|17.923576|-1.000000|-1.000000|0.000000|-1|0
1873|65|511|6|-CE-|C_|6|512| |1.000000|17.090000|0.000000|000|17.731970|-1.000000|-1.000000|0.000000|-1|0
1873|65|512|14|-NZ-|N_|7|513| |1.000000|21.639999|0.000000|000|19.111414|-1.000000|-1.000000|0.000000|-1|0
1873|66|513|1|-N--|N_|7|514| |1.000000|11.130000|0.000000|000|15.016525|-1.000000|-1.000000|0.000000|-1|0
1873|66|514|2|-CA-|C_|6|515| |1.000000|11.980000|0.000000|000|15.129463|-1.000000|-1.000000|0.000000|-1|0
1873|66|515|3|-C--|C_|6|516| |1.000000|11.860000|0.000000|000|14.500361|-1.000000|-1.000000|0.000000|-1|0
1873|66|516|4|-O--|O_|8|517| |1.000000|15.050000|0.000000|000|14.511392|-1.000000|-1.000000|0.000000|-1|0
1873|67|517|1|-N--|N_|7|518| |1.000000|11.210000|0.000000|000|14.044909|-1.000000|-1.000000|0.000000|-1|0
1873|67|518|2|-CA-|C_|6|519| |1.000000|11.510000|0.000000|000|13.452003|-1.000000|-1.000000|0.000000|-1|0
1873|67|519|3|-C--|C_|6|520| |1.000000|10.390000|0.000000|000|12.121134|-1.000000|-1.000000|0.000000|-1|0
1873|67|520|4|-O--|O_|8|521| |1.000000|11.950000|0.000000|000|11.431017|-1.000000|-1.000000|0.000000|-1|0
1873|67|521|5|-CB-|C_|6|522| |1.000000|9.940000|0.000000|000|13.318925|-1.000000|-1.000000|0.000000|-1|0
1873|67|522|6|-CG-|C_|6|523| |1.000000|10.320000|0.000000|000|14.767871|-1.000000|-1.000000|0.000000|-1|0
1873|67|523|6|-CD-|C_|6|524| |1.000000|11.460000|0.000000|000|14.835002|-1.000000|-1.000000|0.000000|-1|0
1873|67|524|10|-OE1|O_|8|525| |1.000000|15.790000|0.000000|000|15.745013|-1.000000|-1.000000|0.000000|-1|0
1873|67|525|10|-OE2|O_|8|526| |1.000000|11.880000|0.000000|000|14.168484|-1.000000|-1.000000|0.000000|-1|0
1873|68|526|1|-N--|N_|7|527| |1.000000|11.060000|0.000000|000|11.883404|-1.000000|-1.000000|0.000000|-1|0
1873|68|527|2|-CA-|C_|6|528| |1.000000|13.280000|0.000000|000|10.717350|-1.000000|-1.000000|0.000000|-1|0
1873|68|528|3|-C--|C_|6|529| |1.000000|13.300000|0.000000|000|10.131358|-1.000000|-1.000000|0.000000|-1|0
1873|68|529|4|-O--|O_|8|530| |1.000000|15.050000|0.000000|000|10.837289|-1.000000|-1.000000|0.000000|-1|0
1873|68|530|5|-CB-|C_|6|531| |1.000000|13.970000|0.000000|000|11.295701|-1.000000|-1.000000|0.000000|-1|0
1873|68|531|17|-OG1|O_|8|532| |1.000000|16.670000|0.000000|000|12.291625|-1.000000|-1.000000|0.000000|-1|0
1873|68|532|6|-CG2|C_|6|533| |1.000000|13.540000|0.000000|000|12.112574|-1.000000|-1.000000|0.000000|-1|0
1873|69|533|1|-N--|N_|7|534| |1.000000|11.860000|0.000000|000|8.888312|-1.000000|-1.000000|0.000000|-1|0
1873|69|534|2|-CA-|C_|6|535| |1.000000|11.170000|0.000000|000|8.423818|-1.000000|-1.000000|0.000000|-1|0
1873|69|535|3|-C--|C_|6|536| |1.000000|12.830000|0.000000|000|7.975121|-1.000000|-1.000000|0.000000|-1|0
1873|69|536|4|-O--|O_|8|537| |1.000000|12.380000|0.000000|000|7.190597|-1.000000|-1.000000|0.000000|-1|0
1873|69|537|5|-CB-|C_|6|538| |1.000000|11.950000|0.000000|000|7.445559|-1.000000|-1.000000|0.000000|-1|0
1873|69|538|12|-CG-|C_|6|539| |1.000000|11.930000|0.000000|000|7.083369|-1.000000|-1.000000|0.000000|-1|0
1873|69|539|12|-CD1|C_|6|540| |1.000000|12.830000|0.000000|000|8.243285|-1.000000|-1.000000|0.000000|-1|0
1873|69|540|12|-CD2|C_|6|541| |1.000000|13.510000|0.000000|000|5.858651|-1.000000|-1.000000|0.000000|-1|0
1873|69|541|12|-CE1|C_|6|542| |1.000000|13.770000|0.000000|000|8.359731|-1.000000|-1.000000|0.000000|-1|0
1873|69|542|12|-CE2|C_|6|543| |1.000000|14.800000|0.000000|000|6.009286|-1.000000|-1.000000|0.000000|-1|0
1873|69|543|12|-CZ-|C_|6|544| |1.000000|14.170000|0.000000|000|7.338137|-1.000000|-1.000000|0.000000|-1|0
1873|70|544|1|-N--|N_|7|545| |1.000000|12.260000|0.000000|000|8.771064|-1.000000|-1.000000|0.000000|-1|0
1873|70|545|2|-CA-|C_|6|546| |1.000000|13.850000|0.000000|000|8.923642|-1.000000|-1.000000|0.000000|-1|0
1873|70|546|3|-C--|C_|6|547| |1.000000|13.290000|0.000000|000|8.838255|-1.000000|-1.000000|0.000000|-1|0
1873|70|547|4|-O--|O_|8|548| |1.000000|13.320000|0.000000|000|9.387436|-1.000000|-1.000000|0.000000|-1|0
1873|70|548|5|-CB-|C_|6|549| |1.000000|16.270000|0.000000|000|10.395364|-1.000000|-1.000000|0.000000|-1|0
1873|70|549|6|-CG-|C_|6|550| |1.000000|19.120001|0.000000|000|10.875605|-1.000000|-1.000000|0.000000|-1|0
1873|70|550|6|-CD-|C_|6|551| |1.000000|20.959999|0.000000|000|11.531999|-1.000000|-1.000000|0.000000|-1|0
1873|70|551|10|-OE1|O_|8|552| |1.000000|22.600000|0.000000|000|12.002206|-1.000000|-1.000000|0.000000|-1|0
1873|70|552|10|-OE2|O_|8|553| |1.000000|22.799999|0.000000|000|11.776023|-1.000000|-1.000000|0.000000|-1|0
1873|71|553|1|-N--|N_|7|554| |1.000000|13.100000|0.000000|000|8.422662|-1.000000|-1.000000|0.000000|-1|0
1873|71|554|2|-CA-|C_|6|555|A|0.500000|12.460000|0.000000|000|8.702905|-1.000000|-1.000000|0.000000|-1|0
1873|71|555|2|-CA-|C_|6|556|B|0.500000|12.850000|0.000000|000|8.719737|-1.000000|-1.000000|0.000000|-1|0
1873|71|556|3|-C--|C_|6|557| |1.000000|12.530000|0.000000|000|9.313372|-1.000000|-1.000000|0.000000|-1|0
1873|71|557|4|-O--|O_|8|558| |1.000000|13.590000|0.000000|000|9.113503|-1.000000|-1.000000|0.000000|-1|0
1873|71|558|5|-CB-|C_|6|559|A|0.500000|13.790000|0.000000|000|7.524676|-1.000000|-1.000000|0.000000|-1|0
1873|71|559|5|-CB-|C_|6|560|B|0.500000|14.400000|0.000000|000|7.624696|-1.000000|-1.000000|0.000000|-1|0
1873|71|560|6|-CG1|C_|6|561|A|0.500000|11.700000|0.000000|000|6.639241|-1.000000|-1.000000|0.000000|-1|0
1873|71|561|6|-CG1|C_|6|562|B|0.500000|17.570000|0.000000|000|8.340779|-1.000000|-1.000000|0.000000|-1|0
1873|71|562|6|-CG2|C_|6|563|A|0.500000|14.490000|0.000000|000|8.264414|-1.000000|-1.000000|0.000000|-1|0
1873|71|563|6|-CG2|C_|6|564|B|0.500000|13.880000|0.000000|000|7.129856|-1.000000|-1.000000|0.000000|-1|0
1873|72|564|1|-N--|N_|7|565| |1.000000|13.130000|0.000000|000|10.188791|-1.000000|-1.000000|0.000000|-1|0
1873|72|565|2|-CA-|C_|6|566| |1.000000|11.760000|0.000000|000|10.955715|-1.000000|-1.000000|0.000000|-1|0
1873|72|566|3|-C--|C_|6|567| |1.000000|12.970000|0.000000|000|11.186727|-1.000000|-1.000000|0.000000|-1|0
1873|72|567|4|-O--|O_|8|568| |1.000000|16.139999|0.000000|000|11.749337|-1.000000|-1.000000|0.000000|-1|0
1873|72|568|5|-CB-|C_|6|569| |1.000000|12.450000|0.000000|000|12.359140|-1.000000|-1.000000|0.000000|-1|0
1873|73|569|1|-N--|N_|7|570| |1.000000|13.180000|0.000000|000|10.965522|-1.000000|-1.000000|0.000000|-1|0
1873|73|570|2|-CA-|C_|6|571| |1.000000|14.380000|0.000000|000|11.203754|-1.000000|-1.000000|0.000000|-1|0
1873|73|571|3|-C--|C_|6|572| |1.000000|15.490000|0.000000|000|12.639392|-1.000000|-1.000000|0.000000|-1|0
1873|73|572|4|-O--|O_|8|573| |1.000000|17.570000|0.000000|000|12.952251|-1.000000|-1.000000|0.000000|-1|0
1873|73|573|5|-CB-|C_|6|574| |1.000000|12.080000|0.000000|000|10.235746|-1.000000|-1.000000|0.000000|-1|0
1873|73|574|6|-CG-|C_|6|575| |1.000000|11.840000|0.000000|000|8.710466|-1.000000|-1.000000|0.000000|-1|0
1873|73|575|6|-CD1|C_|6|576| |1.000000|12.840000|0.000000|000|8.029958|-1.000000|-1.000000|0.000000|-1|0
1873|73|576|6|-CD2|C_|6|577| |1.000000|14.820000|0.000000|000|8.556678|-1.000000|-1.000000|0.000000|-1|0
1873|74|577|1|-N--|N_|7|578| |1.000000|17.549999|0.000000|000|13.511971|-1.000000|-1.000000|0.000000|-1|0
1873|74|578|2|-CA-|C_|6|579|A|0.500000|21.500000|0.000000|000|14.911283|-1.000000|-1.000000|0.000000|-1|0
1873|74|579|2|-CA-|C_|6|580|B|0.500000|20.070000|0.000000|000|14.946959|-1.000000|-1.000000|0.000000|-1|0
1873|74|580|3|-C--|C_|6|581| |1.000000|20.930000|0.000000|000|15.396605|-1.000000|-1.000000|0.000000|-1|0
1873|74|581|4|-O--|O_|8|582| |1.000000|22.820000|0.000000|000|16.411163|-1.000000|-1.000000|0.000000|-1|0
1873|74|582|5|-CB-|C_|6|583|A|0.500000|21.750000|0.000000|000|15.849190|-1.000000|-1.000000|0.000000|-1|0
1873|74|583|5|-CB-|C_|6|584|B|0.500000|18.410000|0.000000|000|15.837610|-1.000000|-1.000000|0.000000|-1|0
1873|74|584|17|-OG-|O_|8|585|A|0.500000|22.670000|0.000000|000|15.598153|-1.000000|-1.000000|0.000000|-1|0
1873|74|585|17|-OG-|O_|8|586|B|0.500000|17.090000|0.000000|000|15.678969|-1.000000|-1.000000|0.000000|-1|0
1873|75|586|1|-N--|N_|7|587| |1.000000|15.900000|0.000000|000|14.866085|-1.000000|-1.000000|0.000000|-1|0
1873|75|587|2|-CA-|C_|6|588| |1.000000|15.700000|0.000000|000|15.542331|-1.000000|-1.000000|0.000000|-1|0
1873|75|588|3|-C--|C_|6|589| |1.000000|18.440001|0.000000|000|15.080321|-1.000000|-1.000000|0.000000|-1|0
1873|75|589|4|-O--|O_|8|590| |1.000000|17.120001|0.000000|000|13.923315|-1.000000|-1.000000|0.000000|-1|0
1873|75|590|5|-CB-|C_|6|591| |1.000000|18.330000|0.000000|000|15.471642|-1.000000|-1.000000|0.000000|-1|0
1873|75|591|6|-CG-|C_|6|592| |1.000000|23.860001|0.000000|000|16.210934|-1.000000|-1.000000|0.000000|-1|0
1873|75|592|10|-OD1|O_|8|593| |1.000000|31.020000|0.000000|000|16.836201|-1.000000|-1.000000|0.000000|-1|0
1873|75|593|10|-OD2|O_|8|594| |1.000000|33.110001|0.000000|000|16.231491|-1.000000|-1.000000|0.000000|-1|0
1873|76|594|1|-N--|N_|7|595| |1.000000|14.770000|0.000000|000|16.088619|-1.000000|-1.000000|0.000000|-1|0
1873|76|595|2|-CA-|C_|6|596| |1.000000|14.900000|0.000000|000|15.932799|-1.000000|-1.000000|0.000000|-1|0
1873|76|596|3|-C--|C_|6|597| |1.000000|13.110000|0.000000|000|15.657769|-1.000000|-1.000000|0.000000|-1|0
1873|76|597|4|-O--|O_|8|598| |1.000000|15.710000|0.000000|000|16.094492|-1.000000|-1.000000|0.000000|-1|0
1873|76|598|5|-CB-|C_|6|599| |1.000000|15.080000|0.000000|000|17.297026|-1.000000|-1.000000|0.000000|-1|0
1873|76|599|6|-CG-|C_|6|600| |1.000000|18.620001|0.000000|000|17.564888|-1.000000|-1.000000|0.000000|-1|0
1873|76|600|6|-CD-|C_|6|601| |1.000000|21.219999|0.000000|000|19.028784|-1.000000|-1.000000|0.000000|-1|0
1873|76|601|6|-CE-|C_|6|602| |1.000000|27.170000|0.000000|000|19.457592|-1.000000|-1.000000|0.000000|-1|0
1873|76|602|14|-NZ-|N_|7|603| |1.000000|29.040001|0.000000|000|20.801222|-1.000000|-1.000000|0.000000|-1|0
1873|77|603|1|-N--|N_|7|604| |1.000000|13.830000|0.000000|000|15.089203|-1.000000|-1.000000|0.000000|-1|0
1873|77|604|2|-CA-|C_|6|605| |1.000000|12.740000|0.000000|000|14.987667|-1.000000|-1.000000|0.000000|-1|0
1873|77|605|3|-C--|C_|6|606| |1.000000|11.840000|0.000000|000|13.596420|-1.000000|-1.000000|0.000000|-1|0
1873|77|606|4|-O--|O_|8|607| |1.000000|12.040000|0.000000|000|12.849119|-1.000000|-1.000000|0.000000|-1|0
1873|78|607|1|-N--|N_|7|608| |1.000000|11.220000|0.000000|000|13.473839|-1.000000|-1.000000|0.000000|-1|0
1873|78|608|2|-CA-|C_|6|609| |1.000000|11.330000|0.000000|000|12.406293|-1.000000|-1.000000|0.000000|-1|0
1873|78|609|3|-C--|C_|6|610| |1.000000|11.260000|0.000000|000|11.424613|-1.000000|-1.000000|0.000000|-1|0
1873|78|610|4|-O--|O_|8|611| |1.000000|11.890000|0.000000|000|11.930657|-1.000000|-1.000000|0.000000|-1|0
1873|78|611|5|-CB-|C_|6|612| |1.000000|12.480000|0.000000|000|13.132898|-1.000000|-1.000000|0.000000|-1|0
1873|78|612|6|-CG-|C_|6|613| |1.000000|14.690000|0.000000|000|14.268187|-1.000000|-1.000000|0.000000|-1|0
1873|78|613|6|-CD-|C_|6|614| |1.000000|14.530000|0.000000|000|14.980017|-1.000000|-1.000000|0.000000|-1|0
1873|78|614|10|-OE1|O_|8|615| |1.000000|13.780000|0.000000|000|14.810015|-1.000000|-1.000000|0.000000|-1|0
1873|78|615|10|-OE2|O_|8|616| |1.000000|14.450000|0.000000|000|15.838275|-1.000000|-1.000000|0.000000|-1|0
1873|79|616|1|-N--|N_|7|617| |1.000000|11.360000|0.000000|000|10.143445|-1.000000|-1.000000|0.000000|-1|0
1873|79|617|2|-CA-|C_|6|618| |1.000000|11.310000|0.000000|000|9.116746|-1.000000|-1.000000|0.000000|-1|0
1873|79|618|3|-C--|C_|6|619| |1.000000|11.650000|0.000000|000|8.309959|-1.000000|-1.000000|0.000000|-1|0
1873|79|619|4|-O--|O_|8|620| |1.000000|12.160000|0.000000|000|7.908858|-1.000000|-1.000000|0.000000|-1|0
1873|79|620|5|-CB-|C_|6|621| |1.000000|12.460000|0.000000|000|8.287263|-1.000000|-1.000000|0.000000|-1|0
1873|79|621|12|-CG-|C_|6|622| |1.000000|11.330000|0.000000|000|9.163154|-1.000000|-1.000000|0.000000|-1|0
1873|79|622|12|-CD1|C_|6|623| |1.000000|11.480000|0.000000|000|10.144382|-1.000000|-1.000000|0.000000|-1|0
1873|79|623|12|-CD2|C_|6|624| |1.000000|11.900000|0.000000|000|9.171250|-1.000000|-1.000000|0.000000|-1|0
1873|79|624|12|-CE1|C_|6|625| |1.000000|11.990000|0.000000|000|11.035959|-1.000000|-1.000000|0.000000|-1|0
1873|79|625|12|-CE2|C_|6|626| |1.000000|12.930000|0.000000|000|10.108662|-1.000000|-1.000000|0.000000|-1|0
1873|79|626|12|-CZ-|C_|6|627| |1.000000|11.840000|0.000000|000|11.021649|-1.000000|-1.000000|0.000000|-1|0
1873|79|627|18|-OH-|O_|8|628| |1.000000|13.810000|0.000000|000|12.044215|-1.000000|-1.000000|0.000000|-1|0
1873|80|628|1|-N--|N_|7|629| |1.000000|11.020000|0.000000|000|8.303467|-1.000000|-1.000000|0.000000|-1|0
1873|80|629|2|-CA-|C_|6|630| |1.000000|11.630000|0.000000|000|7.690718|-1.000000|-1.000000|0.000000|-1|0
1873|80|630|3|-C--|C_|6|631| |1.000000|11.250000|0.000000|000|6.512680|-1.000000|-1.000000|0.000000|-1|0
1873|80|631|4|-O--|O_|8|632| |1.000000|12.380000|0.000000|000|6.824172|-1.000000|-1.000000|0.000000|-1|0
1873|80|632|5|-CB-|C_|6|633| |1.000000|11.000000|0.000000|000|8.812394|-1.000000|-1.000000|0.000000|-1|0
1873|80|633|17|-OG1|O_|8|634| |1.000000|13.540000|0.000000|000|9.911199|-1.000000|-1.000000|0.000000|-1|0
1873|80|634|6|-CG2|C_|6|635| |1.000000|11.780000|0.000000|000|8.575719|-1.000000|-1.000000|0.000000|-1|0
1873|81|635|1|-N--|N_|7|636| |1.000000|10.850000|0.000000|000|5.449012|-1.000000|-1.000000|0.000000|-1|0
1873|81|636|2|-CA-|C_|6|637| |1.000000|11.620000|0.000000|000|4.423565|-1.000000|-1.000000|0.000000|-1|0
1873|81|637|3|-C--|C_|6|638| |1.000000|10.760000|0.000000|000|4.851998|-1.000000|-1.000000|0.000000|-1|0
1873|81|638|4|-O--|O_|8|639| |1.000000|10.490000|0.000000|000|5.570132|-1.000000|-1.000000|0.000000|-1|0
1873|81|639|5|-CB-|C_|6|640| |1.000000|11.600000|0.000000|000|2.973481|-1.000000|-1.000000|0.000000|-1|0
1873|81|640|12|-CG-|C_|6|641| |1.000000|12.780000|0.000000|000|2.959440|-1.000000|-1.000000|0.000000|-1|0
1873|81|641|12|-CD1|C_|6|642| |1.000000|14.420000|0.000000|000|2.898840|-1.000000|-1.000000|0.000000|-1|0
1873|81|642|12|-CD2|C_|6|643| |1.000000|13.210000|0.000000|000|3.869613|-1.000000|-1.000000|0.000000|-1|0
1873|81|643|12|-CE1|C_|6|644| |1.000000|16.230000|0.000000|000|3.800994|-1.000000|-1.000000|0.000000|-1|0
1873|81|644|12|-CE2|C_|6|645| |1.000000|11.940000|0.000000|000|4.560022|-1.000000|-1.000000|0.000000|-1|0
1873|81|645|12|-CZ-|C_|6|646| |1.000000|14.580000|0.000000|000|4.590673|-1.000000|-1.000000|0.000000|-1|0
1873|82|646|1|-N--|N_|7|647| |1.000000|9.650000|0.000000|000|4.803311|-1.000000|-1.000000|0.000000|-1|0
1873|82|647|2|-CA-|C_|6|648| |1.000000|8.640000|0.000000|000|5.720253|-1.000000|-1.000000|0.000000|-1|0
1873|82|648|3|-C--|C_|6|649| |1.000000|8.520000|0.000000|000|5.633391|-1.000000|-1.000000|0.000000|-1|0
1873|82|649|4|-O--|O_|8|650| |1.000000|9.090000|0.000000|000|5.161286|-1.000000|-1.000000|0.000000|-1|0
1873|82|650|5|-CB-|C_|6|651| |1.000000|9.740000|0.000000|000|7.111562|-1.000000|-1.000000|0.000000|-1|0
1873|82|651|12|-CG-|C_|6|652| |1.000000|10.190000|0.000000|000|7.594093|-1.000000|-1.000000|0.000000|-1|0
1873|82|652|12|-CD1|C_|6|653| |1.000000|12.070000|0.000000|000|7.549075|-1.000000|-1.000000|0.000000|-1|0
1873|82|653|12|-CD2|C_|6|654| |1.000000|12.350000|0.000000|000|8.365218|-1.000000|-1.000000|0.000000|-1|0
1873|82|654|12|-CE1|C_|6|655| |1.000000|13.470000|0.000000|000|8.323264|-1.000000|-1.000000|0.000000|-1|0
1873|82|655|12|-CE2|C_|6|656| |1.000000|13.070000|0.000000|000|9.093265|-1.000000|-1.000000|0.000000|-1|0
1873|82|656|12|-CZ-|C_|6|657| |1.000000|14.490000|0.000000|000|9.017487|-1.000000|-1.000000|0.000000|-1|0
1873|82|657|18|-OH-|O_|8|658| |1.000000|17.180000|0.000000|000|9.933059|-1.000000|-1.000000|0.000000|-1|0
1873|83|658|1|-N--|N_|7|659| |1.000000|7.980000|0.000000|000|6.523359|-1.000000|-1.000000|0.000000|-1|0
1873|83|659|2|-CA-|C_|6|660| |1.000000|7.450000|0.000000|000|7.100357|-1.000000|-1.000000|0.000000|-1|0
1873|83|660|3|-C--|C_|6|661| |1.000000|8.920000|0.000000|000|8.411291|-1.000000|-1.000000|0.000000|-1|0
1873|83|661|4|-O--|O_|8|662| |1.000000|10.370000|0.000000|000|9.193318|-1.000000|-1.000000|0.000000|-1|0
1873|83|662|5|-CB-|C_|6|663| |1.000000|8.770000|0.000000|000|7.597743|-1.000000|-1.000000|0.000000|-1|0
1873|83|663|11|-SG-|S_|16|664| |1.000000|9.450000|0.000000|000|8.872642|-1.000000|-1.000000|0.000000|-1|0
1873|84|664|1|-N--|N_|7|665| |1.000000|8.900000|0.000000|000|8.836075|-1.000000|-1.000000|0.000000|-1|0
1873|84|665|2|-CA-|C_|6|666| |1.000000|8.870000|0.000000|000|10.121936|-1.000000|-1.000000|0.000000|-1|0
1873|84|666|3|-C--|C_|6|667| |1.000000|11.350000|0.000000|000|11.300694|-1.000000|-1.000000|0.000000|-1|0
1873|84|667|4|-O--|O_|8|668| |1.000000|12.820000|0.000000|000|12.103772|-1.000000|-1.000000|0.000000|-1|0
1873|84|668|5|-CB-|C_|6|669| |1.000000|11.420000|0.000000|000|10.450274|-1.000000|-1.000000|0.000000|-1|0
1873|84|669|17|-OG-|O_|8|670| |1.000000|14.230000|0.000000|000|11.792808|-1.000000|-1.000000|0.000000|-1|0
1873|85|670|1|-N--|N_|7|671| |1.000000|11.610000|0.000000|000|11.515916|-1.000000|-1.000000|0.000000|-1|0
1873|85|671|2|-CA-|C_|6|672| |1.000000|14.140000|0.000000|000|12.745845|-1.000000|-1.000000|0.000000|-1|0
1873|85|672|3|-C--|C_|6|673| |1.000000|16.170000|0.000000|000|12.823686|-1.000000|-1.000000|0.000000|-1|0
1873|85|673|4|-O--|O_|8|674| |1.000000|16.129999|0.000000|000|13.917368|-1.000000|-1.000000|0.000000|-1|0
1873|85|674|5|-CB-|C_|6|675| |1.000000|18.910000|0.000000|000|12.909427|-1.000000|-1.000000|0.000000|-1|0
1873|85|675|6|-CG-|C_|6|676| |1.000000|16.270000|0.000000|000|12.020559|-1.000000|-1.000000|0.000000|-1|0
1873|85|676|6|-CD-|C_|6|677| |1.000000|13.090000|0.000000|000|11.000613|-1.000000|-1.000000|0.000000|-1|0
1873|86|677|1|-N--|N_|7|678| |1.000000|13.130000|0.000000|000|11.768597|-1.000000|-1.000000|0.000000|-1|0
1873|86|678|2|-CA-|C_|6|679| |1.000000|12.110000|0.000000|000|12.035204|-1.000000|-1.000000|0.000000|-1|0
1873|86|679|3|-C--|C_|6|680| |1.000000|14.470000|0.000000|000|11.708852|-1.000000|-1.000000|0.000000|-1|0
1873|86|680|4|-O--|O_|8|681| |1.000000|13.450000|0.000000|000|11.910563|-1.000000|-1.000000|0.000000|-1|0
1873|86|681|5|-CB-|C_|6|682| |1.000000|12.250000|0.000000|000|11.591725|-1.000000|-1.000000|0.000000|-1|0
1873|86|682|12|-CG-|C_|6|683| |1.000000|10.410000|0.000000|000|12.324497|-1.000000|-1.000000|0.000000|-1|0
1873|86|683|13|-ND1|N_|7|684| |1.000000|11.990000|0.000000|000|11.939272|-1.000000|-1.000000|0.000000|-1|0
1873|86|684|12|-CD2|C_|6|685| |1.000000|14.510000|0.000000|000|13.666407|-1.000000|-1.000000|0.000000|-1|0
1873|86|685|12|-CE1|C_|6|686| |1.000000|14.280000|0.000000|000|13.033991|-1.000000|-1.000000|0.000000|-1|0
1873|86|686|13|-NE2|N_|7|687| |1.000000|14.350000|0.000000|000|14.043253|-1.000000|-1.000000|0.000000|-1|0
1873|87|687|1|-N--|N_|7|688| |1.000000|15.060000|0.000000|000|11.466533|-1.000000|-1.000000|0.000000|-1|0
1873|87|688|2|-CA-|C_|6|689|A|0.500000|17.260000|0.000000|000|11.236588|-1.000000|-1.000000|0.000000|-1|0
1873|87|689|2|-CA-|C_|6|690|B|0.500000|16.250000|0.000000|000|11.268336|-1.000000|-1.000000|0.000000|-1|0
1873|87|690|3|-C--|C_|6|691| |1.000000|16.330000|0.000000|000|12.536609|-1.000000|-1.000000|0.000000|-1|0
1873|87|691|4|-O--|O_|8|692| |1.000000|20.139999|0.000000|000|12.591312|-1.000000|-1.000000|0.000000|-1|0
1873|87|692|5|-CB-|C_|6|693|A|0.500000|20.280001|0.000000|000|11.102194|-1.000000|-1.000000|0.000000|-1|0
1873|87|693|5|-CB-|C_|6|694|B|0.500000|17.260000|0.000000|000|11.265440|-1.000000|-1.000000|0.000000|-1|0
1873|87|694|6|-CG-|C_|6|695|A|0.500000|24.040001|0.000000|000|10.595824|-1.000000|-1.000000|0.000000|-1|0
1873|87|695|6|-CG-|C_|6|696|B|0.500000|19.190001|0.000000|000|12.485379|-1.000000|-1.000000|0.000000|-1|0
1873|87|696|6|-CD-|C_|6|697|A|0.500000|31.600000|0.000000|000|11.547824|-1.000000|-1.000000|0.000000|-1|0
1873|87|697|6|-CD-|C_|6|698|B|0.500000|18.290001|0.000000|000|12.486161|-1.000000|-1.000000|0.000000|-1|0
1873|87|698|8|-OE1|O_|8|699|A|0.500000|26.459999|0.000000|000|11.254951|-1.000000|-1.000000|0.000000|-1|0
1873|87|699|8|-OE1|O_|8|700|B|0.500000|20.889999|0.000000|000|12.238688|-1.000000|-1.000000|0.000000|-1|0
1873|87|700|9|-NE2|N_|7|701|A|0.500000|35.299999|0.000000|000|12.831594|-1.000000|-1.000000|0.000000|-1|0
1873|87|701|9|-NE2|N_|7|702|B|0.500000|25.610001|0.000000|000|12.909308|-1.000000|-1.000000|0.000000|-1|0
1873|88|702|1|-N--|N_|7|703| |1.000000|16.459999|0.000000|000|13.648911|-1.000000|-1.000000|0.000000|-1|0
1873|88|703|2|-CA-|C_|6|704| |1.000000|17.260000|0.000000|000|14.961561|-1.000000|-1.000000|0.000000|-1|0
1873|88|704|3|-C--|C_|6|705| |1.000000|22.100000|0.000000|000|15.303008|-1.000000|-1.000000|0.000000|-1|0
1873|88|705|4|-O--|O_|8|706| |1.000000|19.610001|0.000000|000|16.398462|-1.000000|-1.000000|0.000000|-1|0
1873|89|706|1|-N--|N_|7|707| |1.000000|16.750000|0.000000|000|14.537107|-1.000000|-1.000000|0.000000|-1|0
1873|89|707|2|-CA-|C_|6|708| |1.000000|15.490000|0.000000|000|14.949663|-1.000000|-1.000000|0.000000|-1|0
1873|89|708|3|-C--|C_|6|709| |1.000000|13.740000|0.000000|000|14.173990|-1.000000|-1.000000|0.000000|-1|0
1873|89|709|4|-O--|O_|8|710| |1.000000|14.970000|0.000000|000|14.455752|-1.000000|-1.000000|0.000000|-1|0
1873|89|710|5|-CB-|C_|6|711| |1.000000|17.260000|0.000000|000|14.926973|-1.000000|-1.000000|0.000000|-1|0
1873|90|711|1|-N--|N_|7|712| |1.000000|12.200000|0.000000|000|13.379369|-1.000000|-1.000000|0.000000|-1|0
1873|90|712|2|-CA-|C_|6|713| |1.000000|13.110000|0.000000|000|12.852999|-1.000000|-1.000000|0.000000|-1|0
1873|90|713|3|-C--|C_|6|714| |1.000000|11.540000|0.000000|000|11.529616|-1.000000|-1.000000|0.000000|-1|0
1873|90|714|4|-O--|O_|8|715| |1.000000|10.500000|0.000000|000|11.263744|-1.000000|-1.000000|0.000000|-1|0
1873|91|715|1|-N--|N_|7|716| |1.000000|8.960000|0.000000|000|10.858123|-1.000000|-1.000000|0.000000|-1|0
1873|91|716|2|-CA-|C_|6|717| |1.000000|10.250000|0.000000|000|9.572547|-1.000000|-1.000000|0.000000|-1|0
1873|91|717|3|-C--|C_|6|718| |1.000000|9.460000|0.000000|000|8.406195|-1.000000|-1.000000|0.000000|-1|0
1873|91|718|4|-O--|O_|8|719| |1.000000|9.190000|0.000000|000|7.875166|-1.000000|-1.000000|0.000000|-1|0
1873|91|719|5|-CB-|C_|6|720| |1.000000|8.940000|0.000000|000|9.516459|-1.000000|-1.000000|0.000000|-1|0
1873|91|720|6|-CG-|C_|6|721| |1.000000|8.680000|0.000000|000|8.490324|-1.000000|-1.000000|0.000000|-1|0
1873|91|721|16|-SD-|S_|16|722| |1.000000|9.770000|0.000000|000|9.114970|-1.000000|-1.000000|0.000000|-1|0
1873|91|722|6|-CE-|C_|6|723| |1.000000|12.130000|0.000000|000|7.927814|-1.000000|-1.000000|0.000000|-1|0
1873|92|723|1|-N--|N_|7|724| |1.000000|9.510000|0.000000|000|8.394336|-1.000000|-1.000000|0.000000|-1|0
1873|92|724|2|-CA-|C_|6|725|A|0.500000|10.770000|0.000000|000|7.729232|-1.000000|-1.000000|0.000000|-1|0
1873|92|725|2|-CA-|C_|6|726|B|0.500000|10.240000|0.000000|000|7.869176|-1.000000|-1.000000|0.000000|-1|0
1873|92|726|3|-C--|C_|6|727| |1.000000|11.240000|0.000000|000|7.527080|-1.000000|-1.000000|0.000000|-1|0
1873|92|727|4|-O--|O_|8|728| |1.000000|12.960000|0.000000|000|8.259445|-1.000000|-1.000000|0.000000|-1|0
1873|92|728|5|-CB-|C_|6|729|A|0.500000|10.860000|0.000000|000|8.784422|-1.000000|-1.000000|0.000000|-1|0
1873|92|729|5|-CB-|C_|6|730|B|0.500000|10.040000|0.000000|000|9.110122|-1.000000|-1.000000|0.000000|-1|0
1873|92|730|6|-CG1|C_|6|731|A|0.500000|10.690000|0.000000|000|9.353574|-1.000000|-1.000000|0.000000|-1|0
1873|92|731|6|-CG1|C_|6|732|B|0.500000|9.740000|0.000000|000|8.959390|-1.000000|-1.000000|0.000000|-1|0
1873|92|732|6|-CG2|C_|6|733|A|0.500000|11.250000|0.000000|000|9.963741|-1.000000|-1.000000|0.000000|-1|0
1873|92|733|6|-CG2|C_|6|734|B|0.500000|9.910000|0.000000|000|9.895957|-1.000000|-1.000000|0.000000|-1|0
1873|93|734|1|-N--|N_|7|735| |1.000000|10.580000|0.000000|000|6.748518|-1.000000|-1.000000|0.000000|-1|0
1873|93|735|2|-CA-|C_|6|736| |1.000000|12.290000|0.000000|000|6.902475|-1.000000|-1.000000|0.000000|-1|0
1873|93|736|3|-C--|C_|6|737| |1.000000|10.040000|0.000000|000|7.010243|-1.000000|-1.000000|0.000000|-1|0
1873|93|737|4|-O--|O_|8|738| |1.000000|11.120000|0.000000|000|6.795388|-1.000000|-1.000000|0.000000|-1|0
1873|94|738|1|-N--|N_|7|739| |1.000000|11.820000|0.000000|000|7.626054|-1.000000|-1.000000|0.000000|-1|0
1873|94|739|2|-CA-|C_|6|740| |1.000000|10.750000|0.000000|000|8.182810|-1.000000|-1.000000|0.000000|-1|0
1873|94|740|3|-C--|C_|6|741| |1.000000|10.580000|0.000000|000|8.204542|-1.000000|-1.000000|0.000000|-1|0
1873|94|741|4|-O--|O_|8|742| |1.000000|12.130000|0.000000|000|8.678639|-1.000000|-1.000000|0.000000|-1|0
1873|94|742|5|-CB-|C_|6|743| |1.000000|12.630000|0.000000|000|9.679364|-1.000000|-1.000000|0.000000|-1|0
1873|94|743|6|-CG-|C_|6|744| |1.000000|20.100000|0.000000|000|10.524545|-1.000000|-1.000000|0.000000|-1|0
1873|94|744|6|-CD-|C_|6|745| |1.000000|21.490000|0.000000|000|11.935151|-1.000000|-1.000000|0.000000|-1|0
1873|94|745|6|-CE-|C_|6|746| |1.000000|22.360001|0.000000|000|11.998422|-1.000000|-1.000000|0.000000|-1|0
1873|94|746|14|-NZ-|N_|7|747| |1.000000|20.180000|0.000000|000|12.983469|-1.000000|-1.000000|0.000000|-1|0
1873|95|747|1|-N--|N_|7|748| |1.000000|11.140000|0.000000|000|7.984095|-1.000000|-1.000000|0.000000|-1|0
1873|95|748|2|-CA-|C_|6|749| |1.000000|11.460000|0.000000|000|8.498066|-1.000000|-1.000000|0.000000|-1|0
1873|95|749|3|-C--|C_|6|750| |1.000000|10.480000|0.000000|000|9.741579|-1.000000|-1.000000|0.000000|-1|0
1873|95|750|4|-O--|O_|8|751| |1.000000|12.490000|0.000000|000|9.807154|-1.000000|-1.000000|0.000000|-1|0
1873|95|751|5|-CB-|C_|6|752| |1.000000|11.610000|0.000000|000|7.605220|-1.000000|-1.000000|0.000000|-1|0
1873|95|752|6|-CG1|C_|6|753| |1.000000|12.810000|0.000000|000|6.913402|-1.000000|-1.000000|0.000000|-1|0
1873|95|753|6|-CG2|C_|6|754| |1.000000|12.020000|0.000000|000|8.620056|-1.000000|-1.000000|0.000000|-1|0
1873|96|754|1|-N--|N_|7|755| |1.000000|11.140000|0.000000|000|10.794409|-1.000000|-1.000000|0.000000|-1|0
1873|96|755|2|-CA-|C_|6|756| |1.000000|12.460000|0.000000|000|12.068211|-1.000000|-1.000000|0.000000|-1|0
1873|96|756|3|-C--|C_|6|757| |1.000000|11.180000|0.000000|000|12.369956|-1.000000|-1.000000|0.000000|-1|0
1873|96|757|4|-O--|O_|8|758| |1.000000|12.650000|0.000000|000|12.510776|-1.000000|-1.000000|0.000000|-1|0
1873|96|758|5|-CB-|C_|6|759|A|0.540000|12.530000|0.000000|000|13.294630|-1.000000|-1.000000|0.000000|-1|0
1873|96|759|5|-CB-|C_|6|760|B|0.460000|13.420000|0.000000|000|13.259204|-1.000000|-1.000000|0.000000|-1|0
1873|96|760|6|-CG1|C_|6|761|A|0.540000|14.070000|0.000000|000|13.110197|-1.000000|-1.000000|0.000000|-1|0
1873|96|761|6|-CG1|C_|6|762|B|0.460000|15.110000|0.000000|000|13.290940|-1.000000|-1.000000|0.000000|-1|0
1873|96|762|6|-CG2|C_|6|763|A|0.540000|13.020000|0.000000|000|14.527694|-1.000000|-1.000000|0.000000|-1|0
1873|96|763|6|-CG2|C_|6|764|B|0.460000|12.950000|0.000000|000|14.538233|-1.000000|-1.000000|0.000000|-1|0
1873|96|764|6|-CD1|C_|6|765|A|0.540000|9.070000|0.000000|000|12.933626|-1.000000|-1.000000|0.000000|-1|0
1873|96|765|6|-CD1|C_|6|766|B|0.460000|15.860000|0.000000|000|12.636593|-1.000000|-1.000000|0.000000|-1|0
1873|97|766|1|-N--|N_|7|767| |1.000000|12.530000|0.000000|000|12.593713|-1.000000|-1.000000|0.000000|-1|0
1873|97|767|2|-CA-|C_|6|768| |1.000000|12.660000|0.000000|000|13.161303|-1.000000|-1.000000|0.000000|-1|0
1873|97|768|3|-C--|C_|6|769| |1.000000|13.080000|0.000000|000|14.673908|-1.000000|-1.000000|0.000000|-1|0
1873|97|769|4|-O--|O_|8|770| |1.000000|13.940000|0.000000|000|15.211021|-1.000000|-1.000000|0.000000|-1|0
1873|97|770|5|-CB-|C_|6|771| |1.000000|14.040000|0.000000|000|12.648742|-1.000000|-1.000000|0.000000|-1|0
1873|97|771|6|-CG1|C_|6|772| |1.000000|13.200000|0.000000|000|13.366241|-1.000000|-1.000000|0.000000|-1|0
1873|97|772|6|-CG2|C_|6|773| |1.000000|13.780000|0.000000|000|11.160108|-1.000000|-1.000000|0.000000|-1|0
1873|98|773|1|-N--|N_|7|774| |1.000000|16.230000|0.000000|000|15.369115|-1.000000|-1.000000|0.000000|-1|0
1873|98|774|2|-CA-|C_|6|775| |1.000000|17.920000|0.000000|000|16.814896|-1.000000|-1.000000|0.000000|-1|0
1873|98|775|3|-C--|C_|6|776| |1.000000|23.670000|0.000000|000|17.681055|-1.000000|-1.000000|0.000000|-1|0
1873|98|776|4|-O--|O_|8|777| |1.000000|23.129999|0.000000|000|17.305956|-1.000000|-1.000000|0.000000|-1|0
1873|98|777|5|-CB-|C_|6|778| |1.000000|20.830000|0.000000|000|17.272568|-1.000000|-1.000000|0.000000|-1|0
1873|98|778|6|-CG-|C_|6|779| |1.000000|22.520000|0.000000|000|17.016554|-1.000000|-1.000000|0.000000|-1|0
1873|98|779|8|-OD1|O_|8|780| |1.000000|22.969999|0.000000|000|16.917810|-1.000000|-1.000000|0.000000|-1|0
1873|98|780|9|-ND2|N_|7|781| |1.000000|24.870001|0.000000|000|17.022345|-1.000000|-1.000000|0.000000|-1|0
1873|98|781|8|-OXT|O_|8|782| |1.000000|25.520000|0.000000|000|18.913189|-1.000000|-1.000000|0.000000|-1|0
1873|99|782|40|CU--|Cu|29|784| |1.000000|16.660000|1.000000|000|9.684610|-1.000000|-1.000000|0.000000|-1|2
1873|100|783|33|-S--|S_|16|785| |1.000000|25.389999|0.000000|000|17.747332|-1.000000|-1.000000|0.000000|-1|3
1873|100|784|31|-O1-|O_|8|786| |1.000000|28.830000|0.000000|000|16.435965|-1.000000|-1.000000|0.000000|-1|3
1873|100|785|31|-O2-|O_|8|787| |1.000000|25.530001|0.000000|000|18.479454|-1.000000|-1.000000|0.000000|-1|3
1873|100|786|31|-O3-|O_|8|788| |1.000000|23.459999|0.000000|000|18.422758|-1.000000|-1.000000|0.000000|-1|3
1873|100|787|31|-O4-|O_|8|789| |1.000000|25.770000|0.000000|000|17.550798|-1.000000|-1.000000|0.000000|-1|3
1873|101|788|29|-C1-|C_|6|790| |0.750000|24.230000|0.000000|000|19.364225|-1.000000|-1.000000|0.000000|-1|4
1873|101|789|31|-O1-|O_|8|791| |0.750000|18.889999|0.000000|000|19.706478|-1.000000|-1.000000|0.000000|-1|4
1873|101|790|29|-C2-|C_|6|792| |0.750000|26.799999|0.000000|000|18.386194|-1.000000|-1.000000|0.000000|-1|4
1873|101|791|31|-O2-|O_|8|793| |0.750000|27.690001|0.000000|000|19.100300|-1.000000|-1.000000|0.000000|-1|4
1873|101|792|29|-C3-|C_|6|794| |0.750000|30.820000|0.000000|000|18.083319|-1.000000|-1.000000|0.000000|-1|4
1873|101|793|31|-O3-|O_|8|795| |0.750000|32.540001|0.000000|000|17.384426|-1.000000|-1.000000|0.000000|-1|4
1873|102|794|29|-C--|C_|6|796| |1.000000|35.830002|0.000000|000|16.207113|-1.000000|-1.000000|0.000000|-1|5
1873|102|795|31|-O--|O_|8|797| |1.000000|27.790001|0.000000|000|16.158449|-1.000000|-1.000000|0.000000|-1|5
1873|102|796|31|-OXT|O_|8|798| |1.000000|35.200001|0.000000|000|17.114035|-1.000000|-1.000000|0.000000|-1|5
1873|102|797|29|-CH3|C_|6|799| |1.000000|30.790001|0.000000|000|15.367572|-1.000000|-1.000000|0.000000|-1|5
1873|103|798|28|-O--|O_|8|800| |1.000000|35.840000|0.000000|000|18.836143|-1.000000|-1.000000|0.000000|-1|1
1873|104|799|28|-O--|O_|8|801| |1.000000|26.389999|0.000000|000|14.029400|-1.000000|-1.000000|0.000000|-1|1
1873|105|800|28|-O--|O_|8|802| |1.000000|43.529999|0.000000|000|17.760448|-1.000000|-1.000000|0.000000|-1|1
1873|106|801|28|-O--|O_|8|803| |1.000000|27.360001|0.000000|000|15.965013|-1.000000|-1.000000|0.000000|-1|1
1873|107|802|28|-O--|O_|8|804| |1.000000|23.969999|0.000000|000|15.053991|-1.000000|-1.000000|0.000000|-1|1
1873|108|803|28|-O--|O_|8|805| |1.000000|28.209999|0.000000|000|14.672149|-1.000000|-1.000000|0.000000|-1|1
1873|109|804|28|-O--|O_|8|806| |1.000000|36.320000|0.000000|000|16.869635|-1.000000|-1.000000|0.000000|-1|1
1873|110|805|28|-O--|O_|8|807| |1.000000|28.170000|0.000000|000|13.006824|-1.000000|-1.000000|0.000000|-1|1
1873|111|806|28|-O--|O_|8|808| |1.000000|32.860001|0.000000|000|10.729697|-1.000000|-1.000000|0.000000|-1|1
1873|112|807|28|-O--|O_|8|809| |1.000000|26.860001|0.000000|000|16.185408|-1.000000|-1.000000|0.000000|-1|1
1873|113|808|28|-O--|O_|8|810| |1.000000|36.660000|0.000000|000|16.379822|-1.000000|-1.000000|0.000000|-1|1
1873|114|809|28|-O--|O_|8|811| |1.000000|42.310001|0.000000|000|14.745293|-1.000000|-1.000000|0.000000|-1|1
1873|115|810|28|-O--|O_|8|812| |1.000000|43.529999|0.000000|000|19.393326|-1.000000|-1.000000|0.000000|-1|1
1873|116|811|28|-O--|O_|8|813| |1.000000|39.950001|0.000000|000|12.249351|-1.000000|-1.000000|0.000000|-1|1
1873|117|812|28|-O--|O_|8|814| |1.000000|27.889999|0.000000|000|10.062643|-1.000000|-1.000000|0.000000|-1|1
1873|118|813|28|-O--|O_|8|815| |1.000000|29.469999|0.000000|000|19.214302|-1.000000|-1.000000|0.000000|-1|1
1873|119|814|28|-O--|O_|8|816| |1.000000|28.520000|0.000000|000|17.442806|-1.000000|-1.000000|0.000000|-1|1
1873|120|815|28|-O--|O_|8|817| |1.000000|26.080000|0.000000|000|14.830044|-1.000000|-1.000000|0.000000|-1|1
1873|121|816|28|-O--|O_|8|818| |1.000000|38.040001|0.000000|000|16.219017|-1.000000|-1.000000|0.000000|-1|1
1873|122|817|28|-O--|O_|8|819| |1.000000|16.250000|0.000000|000|12.147811|-1.000000|-1.000000|0.000000|-1|1
1873|123|818|28|-O--|O_|8|820| |1.000000|25.219999|0.000000|000|18.845524|-1.000000|-1.000000|0.000000|-1|1
1873|124|819|28|-O--|O_|8|821| |1.000000|18.690001|0.000000|000|16.473209|-1.000000|-1.000000|0.000000|-1|1
1873|125|820|28|-O--|O_|8|822| |1.000000|18.020000|0.000000|000|11.391131|-1.000000|-1.000000|0.000000|-1|1
1873|126|821|28|-O--|O_|8|823| |1.000000|23.490000|0.000000|000|12.790674|-1.000000|-1.000000|0.000000|-1|1
1873|127|822|28|-O--|O_|8|824| |1.000000|17.260000|0.000000|000|19.131294|-1.000000|-1.000000|0.000000|-1|1
1873|128|823|28|-O--|O_|8|825| |1.000000|28.730000|0.000000|000|18.085985|-1.000000|-1.000000|0.000000|-1|1
1873|129|824|28|-O--|O_|8|826| |1.000000|27.120001|0.000000|000|13.244202|-1.000000|-1.000000|0.000000|-1|1
1873|130|825|28|-O--|O_|8|827| |1.000000|26.629999|0.000000|000|16.559710|-1.000000|-1.000000|0.000000|-1|1
1873|131|826|28|-O--|O_|8|828| |1.000000|22.620001|0.000000|000|11.124413|-1.000000|-1.000000|0.000000|-1|1
1873|132|827|28|-O--|O_|8|829| |1.000000|32.430000|0.000000|000|16.385387|-1.000000|-1.000000|0.000000|-1|1
1873|133|828|28|-O--|O_|8|830| |1.000000|27.790001|0.000000|000|12.035916|-1.000000|-1.000000|0.000000|-1|1
1873|134|829|28|-O--|O_|8|831| |1.000000|14.980000|0.000000|000|10.911910|-1.000000|-1.000000|0.000000|-1|1
1873|135|830|28|-O--|O_|8|832| |1.000000|25.150000|0.000000|000|17.030998|-1.000000|-1.000000|0.000000|-1|1
1873|136|831|28|-O--|O_|8|833| |1.000000|18.559999|0.000000|000|11.416826|-1.000000|-1.000000|0.000000|-1|1
1873|137|832|28|-O--|O_|8|834| |1.000000|29.309999|0.000000|000|13.781846|-1.000000|-1.000000|0.000000|-1|1
1873|138|833|28|-O--|O_|8|835| |1.000000|15.590000|0.000000|000|15.998759|-1.000000|-1.000000|0.000000|-1|1
1873|139|834|28|-O--|O_|8|836| |1.000000|28.860001|0.000000|000|15.564057|-1.000000|-1.000000|0.000000|-1|1
1873|140|835|28|-O--|O_|8|837| |1.000000|18.680000|0.000000|000|9.993226|-1.000000|-1.000000|0.000000|-1|1
1873|141|836|28|-O--|O_|8|838| |1.000000|25.280001|0.000000|000|15.014836|-1.000000|-1.000000|0.000000|-1|1
1873|142|837|28|-O--|O_|8|839| |1.000000|32.759998|0.000000|000|14.719234|-1.000000|-1.000000|0.000000|-1|1
1873|143|838|28|-O--|O_|8|840| |1.000000|15.800000|0.000000|000|9.028628|-1.000000|-1.000000|0.000000|-1|1
1873|144|839|28|-O--|O_|8|841| |1.000000|32.820000|0.000000|000|18.904819|-1.000000|-1.000000|0.000000|-1|1
1873|145|840|28|-O--|O_|8|842| |1.000000|44.209999|0.000000|000|14.747862|-1.000000|-1.000000|0.000000|-1|1
1873|146|841|28|-O--|O_|8|843| |1.000000|25.309999|0.000000|000|16.156645|-1.000000|-1.000000|0.000000|-1|1
1873|147|842|28|-O--|O_|8|844| |1.000000|18.590000|0.000000|000|14.570924|-1.000000|-1.000000|0.000000|-1|1
1873|148|843|28|-O--|O_|8|845| |1.000000|20.059999|0.000000|000|11.603374|-1.000000|-1.000000|0.000000|-1|1
1873|149|844|28|-O--|O_|8|846| |1.000000|24.900000|0.000000|000|14.243888|-1.000000|-1.000000|0.000000|-1|1
1873|150|845|28|-O--|O_|8|847| |1.000000|23.940001|0.000000|000|11.096962|-1.000000|-1.000000|0.000000|-1|1
1873|151|846|28|-O--|O_|8|848| |1.000000|35.360001|0.000000|000|13.333952|-1.000000|-1.000000|0.000000|-1|1
1873|152|847|28|-O--|O_|8|849| |1.000000|24.299999|0.000000|000|15.760536|-1.000000|-1.000000|0.000000|-1|1
1873|153|848|28|-O--|O_|8|850| |1.000000|32.450001|0.000000|000|18.388344|-1.000000|-1.000000|0.000000|-1|1
1873|154|849|28|-O--|O_|8|851| |1.000000|30.240000|0.000000|000|12.508688|-1.000000|-1.000000|0.000000|-1|1
1873|155|850|28|-O--|O_|8|852| |1.000000|38.209999|0.000000|000|13.034941|-1.000000|-1.000000|0.000000|-1|1
1873|156|851|28|-O--|O_|8|853| |1.000000|27.750000|0.000000|000|20.604502|-1.000000|-1.000000|0.000000|-1|1
1873|157|852|28|-O--|O_|8|854| |1.000000|21.469999|0.000000|000|18.079433|-1.000000|-1.000000|0.000000|-1|1
1873|158|853|28|-O--|O_|8|855| |1.000000|23.090000|0.000000|000|14.422174|-1.000000|-1.000000|0.000000|-1|1
1873|159|854|28|-O--|O_|8|856| |1.000000|28.660000|0.000000|000|13.623455|-1.000000|-1.000000|0.000000|-1|1
1873|160|855|28|-O--|O_|8|857| |1.000000|27.770000|0.000000|000|14.990989|-1.000000|-1.000000|0.000000|-1|1
1873|161|856|28|-O--|O_|8|858| |1.000000|40.209999|0.000000|000|13.515511|-1.000000|-1.000000|0.000000|-1|1
1873|162|857|28|-O--|O_|8|859| |1.000000|21.120001|0.000000|000|18.858583|-1.000000|-1.000000|0.000000|-1|1
1873|163|858|28|-O--|O_|8|860| |1.000000|19.309999|0.000000|000|12.489486|-1.000000|-1.000000|0.000000|-1|1
1873|164|859|28|-O--|O_|8|861| |1.000000|32.209999|0.000000|000|11.098257|-1.000000|-1.000000|0.000000|-1|1
1873|165|860|28|-O--|O_|8|862| |1.000000|44.980000|0.000000|000|14.590621|-1.000000|-1.000000|0.000000|-1|1
1873|166|861|28|-O--|O_|8|863| |1.000000|51.820000|0.000000|000|15.543309|-1.000000|-1.000000|0.000000|-1|1
1873|167|862|28|-O--|O_|8|864| |1.000000|30.600000|0.000000|000|17.980253|-1.000000|-1.000000|0.000000|-1|1
1873|168|863|28|-O--|O_|8|865| |1.000000|17.410000|0.000000|000|14.199265|-1.000000|-1.000000|0.000000|-1|1
1873|169|864|28|-O--|O_|8|866| |1.000000|42.389999|0.000000|000|19.377905|-1.000000|-1.000000|0.000000|-1|1
1873|170|865|28|-O--|O_|8|867| |1.000000|51.200001|0.000000|000|17.786039|-1.000000|-1.000000|0.000000|-1|1
1873|171|866|28|-O--|O_|8|868| |1.000000|35.230000|0.000000|000|19.145174|-1.000000|-1.000000|0.000000|-1|1
1873|172|867|28|-O--|O_|8|869| |1.000000|38.490002|0.000000|000|13.732577|-1.000000|-1.000000|0.000000|-1|1
1873|173|868|28|-O--|O_|8|870| |1.000000|30.580000|0.000000|000|16.666061|-1.000000|-1.000000|0.000000|-1|1
1873|174|869|28|-O--|O_|8|871| |1.000000|45.299999|0.000000|000|19.840448|-1.000000|-1.000000|0.000000|-1|1
1873|175|870|28|-O--|O_|8|872| |1.000000|22.000000|0.000000|000|14.075500|-1.000000|-1.000000|0.000000|-1|1
1873|176|871|28|-O--|O_|8|873| |1.000000|26.100000|0.000000|000|11.995180|-1.000000|-1.000000|0.000000|-1|1
1873|177|872|28|-O--|O_|8|874| |1.000000|28.690001|0.000000|000|17.885454|-1.000000|-1.000000|0.000000|-1|1
1873|178|873|28|-O--|O_|8|875| |1.000000|47.680000|0.000000|000|16.015989|-1.000000|-1.000000|0.000000|-1|1
1873|179|874|28|-O--|O_|8|876| |1.000000|25.360001|0.000000|000|12.383062|-1.000000|-1.000000|0.000000|-1|1
1873|180|875|28|-O--|O_|8|877| |1.000000|27.059999|0.000000|000|14.621458|-1.000000|-1.000000|0.000000|-1|1
1873|181|876|28|-O--|O_|8|878| |1.000000|26.680000|0.000000|000|18.661516|-1.000000|-1.000000|0.000000|-1|1
1873|182|877|28|-O--|O_|8|879| |1.000000|20.980000|0.000000|000|11.887666|-1.000000|-1.000000|0.000000|-1|1
1873|183|878|28|-O--|O_|8|880| |1.000000|45.110001|0.000000|000|14.257528|-1.000000|-1.000000|0.000000|-1|1
1873|184|879|28|-O--|O_|8|881|A|0.500000|20.799999|0.000000|000|17.138844|-1.000000|-1.000000|0.000000|-1|1
1873|184|880|28|-O--|O_|8|882|B|0.500000|34.169998|0.000000|000|16.407747|-1.000000|-1.000000|0.000000|-1|1
1873|185|881|28|-O--|O_|8|883| |1.000000|28.430000|0.000000|000|20.679409|-1.000000|-1.000000|0.000000|-1|1
1873|186|882|28|-O--|O_|8|884| |1.000000|32.860001|0.000000|000|17.831062|-1.000000|-1.000000|0.000000|-1|1
1873|187|883|28|-O--|O_|8|885| |1.000000|40.380001|0.000000|000|12.663811|-1.000000|-1.000000|0.000000|-1|1
1873|188|884|28|-O--|O_|8|886| |1.000000|44.380001|0.000000|000|15.409942|-1.000000|-1.000000|0.000000|-1|1
1873|189|885|28|-O--|O_|8|887| |1.000000|45.070000|0.000000|000|17.179876|-1.000000|-1.000000|0.000000|-1|1
1873|190|886|28|-O--|O_|8|888| |1.000000|48.540001|0.000000|000|14.199368|-1.000000|-1.000000|0.000000|-1|1
1873|191|887|28|-O--|O_|8|889| |1.000000|47.380001|0.000000|000|13.889629|-1.000000|-1.000000|0.000000|-1|1
1873|192|888|28|-O--|O_|8|890| |1.000000|41.790001|0.000000|000|15.182799|-1.000000|-1.000000|0.000000|-1|1
1873|193|889|28|-O--|O_|8|891| |1.000000|40.240002|0.000000|000|19.152920|-1.000000|-1.000000|0.000000|-1|1
1873|194|890|28|-O--|O_|8|892| |1.000000|18.520000|0.000000|000|12.979322|-1.000000|-1.000000|0.000000|-1|1
1873|195|891|28|-O--|O_|8|893| |1.000000|45.150002|0.000000|000|15.688936|-1.000000|-1.000000|0.000000|-1|1
1873|196|892|28|-O--|O_|8|894| |1.000000|34.270000|0.000000|000|17.920376|-1.000000|-1.000000|0.000000|-1|1
1873|197|893|28|-O--|O_|8|895| |1.000000|37.959999|0.000000|000|11.074484|-1.000000|-1.000000|0.000000|-1|1
1873|198|894|28|-O--|O_|8|896| |1.000000|43.689999|0.000000|000|17.400085|-1.000000|-1.000000|0.000000|-1|1
1873|199|895|28|-O--|O_|8|897| |1.000000|36.529999|0.000000|000|14.832727|-1.000000|-1.000000|0.000000|-1|1
1873|200|896|28|-O--|O_|8|898| |1.000000|22.910000|0.000000|000|15.621611|-1.000000|-1.000000|0.000000|-1|1
1873|201|897|28|-O--|O_|8|899| |1.000000|44.860001|0.000000|000|12.375648|-1.000000|-1.000000|0.000000|-1|1
1873|202|898|28|-O--|O_|8|900| |1.000000|21.840000|0.000000|000|11.519006|-1.000000|-1.000000|0.000000|-1|1
1873|203|899|28|-O--|O_|8|901| |1.000000|36.349998|0.000000|000|19.456804|-1.000000|-1.000000|0.000000|-1|1
1873|204|900|28|-O--|O_|8|902| |1.000000|36.959999|0.000000|000|14.246599|-1.000000|-1.000000|0.000000|-1|1
1873|205|901|28|-O--|O_|8|903| |1.000000|29.780001|0.000000|000|16.710630|-1.000000|-1.000000|0.000000|-1|1
1873|206|902|28|-O--|O_|8|904| |1.000000|30.510000|0.000000|000|10.453994|-1.000000|-1.000000|0.000000|-1|1
1873|207|903|28|-O--|O_|8|905| |1.000000|39.049999|0.000000|000|15.373851|-1.000000|-1.000000|0.000000|-1|1
1873|208|904|28|-O--|O_|8|906| |1.000000|36.570000|0.000000|000|14.923305|-1.000000|-1.000000|0.000000|-1|1
1873|209|905|28|-O--|O_|8|907| |1.000000|45.959999|0.000000|000|16.033556|-1.000000|-1.000000|0.000000|-1|1
1873|210|906|28|-O--|O_|8|908| |1.000000|47.389999|0.000000|000|19.443144|-1.000000|-1.000000|0.000000|-1|1
1873|211|907|28|-O--|O_|8|909| |1.000000|51.270000|0.000000|000|15.491049|-1.000000|-1.000000|0.000000|-1|1
1873|212|908|28|-O--|O_|8|910| |1.000000|45.660000|0.000000|000|18.030304|-1.000000|-1.000000|0.000000|-1|1
1873|213|909|28|-O--|O_|8|911| |1.000000|38.080002|0.000000|000|13.529268|-1.000000|-1.000000|0.000000|-1|1
1873|214|910|28|-O--|O_|8|912| |1.000000|48.450001|0.000000|000|17.591747|-1.000000|-1.000000|0.000000|-1|1
1873|215|911|28|-O--|O_|8|913| |0.500000|27.200001|0.000000|000|14.727648|-1.000000|-1.000000|0.000000|-1|1
1873|216|912|28|-O--|O_|8|914| |0.500000|26.129999|0.000000|000|17.775793|-1.000000|-1.000000|0.000000|-1|1
1873|217|913|28|-O--|O_|8|915| |0.500000|20.400000|0.000000|000|16.480610|-1.000000|-1.000000|0.000000|-1|1
1873|218|914|28|-O--|O_|8|916| |0.500000|19.610001|0.000000|000|13.743157|-1.000000|-1.000000|0.000000|-1|1
1873|219|915|28|-O--|O_|8|917| |0.500000|18.260000|0.000000|000|12.349188|-1.000000|-1.000000|0.000000|-1|1
1873|220|916|28|-O--|O_|8|918| |1.000000|30.360001|0.000000|000|10.175116|-1.000000|-1.000000|0.000000|-1|1
1873|221|917|28|-O--|O_|8|919| |1.000000|39.040001|0.000000|000|16.042011|-1.000000|-1.000000|0.000000|-1|1
