1873|0|35|99|36|PRO|CU1|HIS|194633|267|782|277|-O--|CU--|-ND1|44013|1131|1172|3.683030|1.996317|3.368463|65.047928
1873|1|35|99|83|PRO|CU1|CYS|194615|267|782|663|-O--|CU--|-SG-|44011|1131|2761|3.683030|2.148570|4.361555|93.050034
1873|2|35|99|86|PRO|CU1|HIS|194633|267|782|683|-O--|CU--|-ND1|44013|1131|2860|3.683030|2.364400|3.519114|67.122032
1873|3|35|99|91|PRO|CU1|MET|194617|267|782|721|-O--|CU--|-SD-|44016|1131|2971|3.683030|2.610099|6.108592|151.759048
1873|4|83|99|36|CYS|CU1|HIS|154633|663|782|277|-SG-|CU--|-ND1|114013|2761|1172|2.148570|1.996317|3.846104|136.193222
1873|5|36|99|86|HIS|CU1|HIS|334633|277|782|683|-ND1|CU--|-ND1|134013|1172|2860|1.996317|2.364400|3.316930|98.690331
1873|6|36|99|91|HIS|CU1|MET|334617|277|782|721|-ND1|CU--|-SD-|134016|1172|2971|1.996317|2.610099|3.311527|90.925453
1873|7|83|99|86|CYS|CU1|HIS|154633|663|782|683|-SG-|CU--|-ND1|114013|2761|2860|2.148570|2.364400|3.632229|107.093239
1873|8|83|99|91|CYS|CU1|MET|154617|663|782|721|-SG-|CU--|-SD-|114016|2761|2971|2.148570|2.610099|4.022362|115.058372
1873|9|86|99|91|HIS|CU1|MET|334617|683|782|721|-ND1|CU--|-SD-|134016|2860|2971|2.364400|2.610099|3.939856|104.639626
1873|10|86|100|101|HIS|SO4|GOL|334749|686|783|789|-NE2|-S--|-O1-|133331|2866|3109|3.779713|3.666488|6.343563|116.833923
1873|11|86|100|100|HIS|SO4|SO4|334747|686|783|785|-NE2|-S--|-O2-|133331|2866|3110|3.779713|1.550179|4.558031|110.408493
1873|12|86|100|100|HIS|SO4|SO4|334747|686|783|784|-NE2|-S--|-O1-|133331|2866|3111|3.779713|1.516999|2.726038|37.018532
1873|13|86|100|100|HIS|SO4|SO4|334747|686|783|787|-NE2|-S--|-O4-|133331|2866|3112|3.779713|1.525276|3.636902|72.924461
1873|14|86|100|132|HIS|SO4|HOH|334743|686|783|827|-NE2|-S--|-O--|133328|2866|3113|3.779713|3.716906|4.395323|71.785248
1873|15|86|100|100|HIS|SO4|SO4|334747|686|783|786|-NE2|-S--|-O3-|133331|2866|3114|3.779713|1.522569|4.789420|123.389252
1873|16|16|100|86|SER|SO4|HIS|114733|111|783|686|-N--|-S--|-NE2|13313|3607|2866|3.789577|3.779713|5.742849|98.700035
1873|17|86|100|53|HIS|SO4|LYS|334729|686|783|408|-NE2|-S--|-NZ-|133314|2866|4073|3.779713|3.577963|7.186446|155.220078
1873|18|86|100|124|HIS|SO4|HOH|334743|686|783|819|-NE2|-S--|-O--|133328|2866|4509|3.779713|3.411831|6.710293|137.782639
1873|19|101|100|100|GOL|SO4|SO4|494747|789|783|785|-O1-|-S--|-O2-|313331|3109|3110|3.666488|1.550179|2.397740|27.346710
1873|20|100|100|101|SO4|SO4|GOL|474749|784|783|789|-O1-|-S--|-O1-|313331|3111|3109|1.516999|3.666488|4.127376|96.663414
1873|21|101|100|100|GOL|SO4|SO4|494747|789|783|787|-O1-|-S--|-O4-|313331|3109|3112|3.666488|1.525276|4.834851|132.847153
1873|22|132|100|101|HOH|SO4|GOL|434749|827|783|789|-O--|-S--|-O1-|283331|3113|3109|3.716906|3.666488|4.762604|80.334579
1873|23|101|100|100|GOL|SO4|SO4|494747|789|783|786|-O1-|-S--|-O3-|313331|3109|3114|3.666488|1.522569|4.174185|98.563210
1873|24|16|100|101|SER|SO4|GOL|114749|111|783|789|-N--|-S--|-O1-|13331|3607|3109|3.789577|3.666488|3.547818|56.797909
1873|25|53|100|101|LYS|SO4|GOL|294749|408|783|789|-NZ-|-S--|-O1-|143331|4073|3109|3.577963|3.666488|3.138832|51.333214
1873|26|124|100|101|HOH|SO4|GOL|434749|819|783|789|-O--|-S--|-O1-|283331|4509|3109|3.411831|3.666488|2.918857|48.542809
1873|27|100|100|100|SO4|SO4|SO4|474747|784|783|785|-O1-|-S--|-O2-|313331|3111|3110|1.516999|1.550179|2.471403|107.362122
1873|28|100|100|100|SO4|SO4|SO4|474747|785|783|787|-O2-|-S--|-O4-|313331|3110|3112|1.550179|1.525276|2.451685|105.720108
1873|29|132|100|100|HOH|SO4|SO4|434747|827|783|785|-O--|-S--|-O2-|283331|3113|3110|3.716906|1.550179|4.341709|103.202774
1873|30|100|100|100|SO4|SO4|SO4|474747|785|783|786|-O2-|-S--|-O3-|313331|3110|3114|1.550179|1.522569|2.656317|119.643204
1873|31|16|100|100|SER|SO4|SO4|114747|111|783|785|-N--|-S--|-O2-|13331|3607|3110|3.789577|1.550179|3.926503|83.419044
1873|32|53|100|100|LYS|SO4|SO4|294747|408|783|785|-NZ-|-S--|-O2-|143331|4073|3110|3.577963|1.550179|3.352288|69.046051
1873|33|124|100|100|HOH|SO4|SO4|434747|819|783|785|-O--|-S--|-O2-|283331|4509|3110|3.411831|1.550179|3.292652|72.379242
1873|34|100|100|100|SO4|SO4|SO4|474747|784|783|787|-O1-|-S--|-O4-|313331|3111|3112|1.516999|1.525276|2.477751|109.063728
1873|35|132|100|100|HOH|SO4|SO4|434747|827|783|784|-O--|-S--|-O1-|283331|3113|3111|3.716906|1.516999|2.623815|35.047638
1873|36|100|100|100|SO4|SO4|SO4|474747|784|783|786|-O1-|-S--|-O3-|313331|3111|3114|1.516999|1.522569|2.337350|100.523560
1873|37|16|100|100|SER|SO4|SO4|114747|111|783|784|-N--|-S--|-O1-|13331|3607|3111|3.789577|1.516999|3.353176|61.883610
1873|38|53|100|100|LYS|SO4|SO4|294747|408|783|784|-NZ-|-S--|-O1-|143331|4073|3111|3.577963|1.516999|4.501108|118.362251
1873|39|124|100|100|HOH|SO4|SO4|434747|819|783|784|-O--|-S--|-O1-|283331|4509|3111|3.411831|1.516999|3.987321|100.896759
1873|40|132|100|100|HOH|SO4|SO4|434747|827|783|787|-O--|-S--|-O4-|283331|3113|3112|3.716906|1.525276|4.986169|140.269196
1873|41|100|100|100|SO4|SO4|SO4|474747|786|783|787|-O3-|-S--|-O4-|313331|3114|3112|1.522569|1.525276|2.555590|113.962151
1873|42|16|100|100|SER|SO4|SO4|114747|111|783|787|-N--|-S--|-O4-|13331|3607|3112|3.789577|1.525276|5.295527|169.192108
1873|43|53|100|100|LYS|SO4|SO4|294747|408|783|787|-NZ-|-S--|-O4-|143331|4073|3112|3.577963|1.525276|4.732393|131.745163
1873|44|124|100|100|HOH|SO4|SO4|434747|819|783|787|-O--|-S--|-O4-|283331|4509|3112|3.411831|1.525276|4.782129|148.790329
1873|45|132|100|100|HOH|SO4|SO4|434747|827|783|786|-O--|-S--|-O3-|283331|3113|3114|3.716906|1.522569|3.571349|72.629822
1873|46|16|100|132|SER|SO4|HOH|114743|111|783|827|-N--|-S--|-O--|13328|3607|3113|3.789577|3.716906|1.895016|29.224564
1873|47|53|100|132|LYS|SO4|HOH|294743|408|783|827|-NZ-|-S--|-O--|143328|4073|3113|3.577963|3.716906|4.886461|84.087784
1873|48|124|100|132|HOH|SO4|HOH|434743|819|783|827|-O--|-S--|-O--|283328|4509|3113|3.411831|3.716906|3.934267|66.834373
1873|49|16|100|100|SER|SO4|SO4|114747|111|783|786|-N--|-S--|-O3-|13331|3607|3114|3.789577|1.522569|3.422719|64.521477
1873|50|53|100|100|LYS|SO4|SO4|294747|408|783|786|-NZ-|-S--|-O3-|143331|4073|3114|3.577963|1.522569|2.864471|50.605404
1873|51|124|100|100|HOH|SO4|SO4|434747|819|783|786|-O--|-S--|-O3-|283331|4509|3114|3.411831|1.522569|2.700830|50.100071
1873|52|16|100|53|SER|SO4|LYS|114729|111|783|408|-N--|-S--|-NZ-|13314|3607|4073|3.789577|3.577963|3.494461|56.540363
1873|53|16|100|124|SER|SO4|HOH|114743|111|783|819|-N--|-S--|-O--|13328|3607|4509|3.789577|3.411831|2.434962|39.083050
1873|54|53|100|124|LYS|SO4|HOH|294743|408|783|819|-NZ-|-S--|-O--|143328|4073|4509|3.577963|3.411831|1.074036|17.468449
1873|55|86|100|100|HIS|SO4|SO4|334747|686|784|783|-NE2|-O1-|-S--|133133|2865|3111|2.726038|1.516999|3.779713|123.406204
1873|56|86|100|100|HIS|SO4|SO4|334747|686|784|785|-NE2|-O1-|-O2-|133131|2865|3115|2.726038|2.471403|4.558031|122.483871
1873|57|86|100|100|HIS|SO4|SO4|334747|686|784|787|-NE2|-O1-|-O4-|133131|2865|3116|2.726038|2.477751|3.636902|88.543053
1873|58|86|100|132|HIS|SO4|HOH|334743|686|784|827|-NE2|-O1-|-O--|133128|2865|3117|2.726038|2.623815|4.395323|110.471657
1873|59|86|100|100|HIS|SO4|SO4|334747|686|784|786|-NE2|-O1-|-O3-|133131|2865|3118|2.726038|2.337350|4.789420|142.015427
1873|60|86|100|124|HIS|SO4|HOH|334743|686|784|819|-NE2|-O1-|-O--|133128|2865|4512|2.726038|3.987321|6.710293|176.473740
1873|61|100|100|100|SO4|SO4|SO4|474747|785|784|783|-O2-|-O1-|-S--|313133|3115|3111|2.471403|1.516999|1.550179|36.774532
1873|62|100|100|100|SO4|SO4|SO4|474747|787|784|783|-O4-|-O1-|-S--|313133|3116|3111|2.477751|1.516999|1.525276|35.579193
1873|63|132|100|100|HOH|SO4|SO4|434747|827|784|783|-O--|-O1-|-S--|283133|3117|3111|2.623815|1.516999|3.716906|125.561195
1873|64|100|100|100|SO4|SO4|SO4|474747|786|784|783|-O3-|-O1-|-S--|313133|3118|3111|2.337350|1.516999|1.522569|39.825508
1873|65|124|100|100|HOH|SO4|SO4|434747|819|784|783|-O--|-O1-|-S--|283133|4512|3111|3.987321|1.516999|3.411831|57.165676
1873|66|100|100|100|SO4|SO4|SO4|474747|785|784|787|-O2-|-O1-|-O4-|313131|3115|3116|2.471403|2.477751|2.451685|59.388756
1873|67|132|100|100|HOH|SO4|SO4|434747|827|784|785|-O--|-O1-|-O2-|283131|3117|3115|2.623815|2.471403|4.341709|116.853279
1873|68|100|100|100|SO4|SO4|SO4|474747|785|784|786|-O2-|-O1-|-O3-|313131|3115|3118|2.471403|2.337350|2.656317|66.995300
1873|69|124|100|100|HOH|SO4|SO4|434747|819|784|785|-O--|-O1-|-O2-|283131|4512|3115|3.987321|2.471403|3.292652|55.493103
1873|70|132|100|100|HOH|SO4|SO4|434747|827|784|787|-O--|-O1-|-O4-|283131|3117|3116|2.623815|2.477751|4.986169|155.570480
1873|71|100|100|100|SO4|SO4|SO4|474747|786|784|787|-O3-|-O1-|-O4-|313131|3118|3116|2.337350|2.477751|2.555590|64.033730
1873|72|124|100|100|HOH|SO4|SO4|434747|819|784|787|-O--|-O1-|-O4-|283131|4512|3116|3.987321|2.477751|4.782129|92.409737
1873|73|132|100|100|HOH|SO4|SO4|434747|827|784|786|-O--|-O1-|-O3-|283131|3117|3118|2.623815|2.337350|3.571349|91.901207
1873|74|124|100|132|HOH|SO4|HOH|434743|819|784|827|-O--|-O1-|-O--|283128|4512|3117|3.987321|2.623815|3.934267|69.567383
1873|75|124|100|100|HOH|SO4|SO4|434747|819|784|786|-O--|-O1-|-O3-|283131|4512|3118|3.987321|2.337350|2.700830|40.999905
1873|76|100|100|100|SO4|SO4|SO4|474747|784|785|783|-O1-|-O2-|-S--|313133|3115|3110|2.471403|1.550179|1.516999|35.863346
1873|77|101|100|100|GOL|SO4|SO4|494747|789|785|783|-O1-|-O2-|-S--|313133|3120|3110|2.397740|1.550179|3.666488|135.376205
1873|78|100|100|100|SO4|SO4|SO4|474747|787|785|783|-O4-|-O2-|-S--|313133|3122|3110|2.451685|1.550179|1.525276|36.788574
1873|79|100|100|100|SO4|SO4|SO4|474747|786|785|783|-O3-|-O2-|-S--|313133|3123|3110|2.656317|1.550179|1.522569|29.879030
1873|80|53|100|100|LYS|SO4|SO4|294747|408|785|783|-NZ-|-O2-|-S--|143133|4074|3110|2.651457|1.550179|3.214466|96.282082
1873|81|124|100|100|HOH|SO4|SO4|434747|819|785|783|-O--|-O2-|-S--|283133|4515|3110|3.292652|1.550179|3.411831|80.959816
1873|82|100|100|101|SO4|SO4|GOL|474749|784|785|789|-O1-|-O2-|-O1-|313131|3115|3120|2.471403|2.397740|4.127376|115.907822
1873|83|100|100|100|SO4|SO4|SO4|474747|784|785|787|-O1-|-O2-|-O4-|313131|3115|3122|2.471403|2.451685|2.477751|60.434479
1873|84|100|100|100|SO4|SO4|SO4|474747|784|785|786|-O1-|-O2-|-O3-|313131|3115|3123|2.471403|2.656317|2.337350|54.090412
1873|85|53|100|100|LYS|SO4|SO4|294747|408|785|784|-NZ-|-O2-|-O1-|143131|4074|3115|2.651457|2.471403|3.881300|98.452675
1873|86|124|100|100|HOH|SO4|SO4|434747|819|785|784|-O--|-O2-|-O1-|283131|4515|3115|3.292652|2.471403|3.987321|86.298576
1873|87|101|100|100|GOL|SO4|SO4|494747|789|785|787|-O1-|-O2-|-O4-|313131|3120|3122|2.397740|2.451685|4.834851|171.112991
1873|88|101|100|100|GOL|SO4|SO4|494747|789|785|786|-O1-|-O2-|-O3-|313131|3120|3123|2.397740|2.656317|4.174185|111.258652
1873|89|53|100|101|LYS|SO4|GOL|294749|408|785|789|-NZ-|-O2-|-O1-|143131|4074|3120|2.651457|2.397740|1.945206|44.970123
1873|90|124|100|101|HOH|SO4|GOL|434749|819|785|789|-O--|-O2-|-O1-|283131|4515|3120|3.292652|2.397740|2.918857|59.259499
1873|91|100|100|100|SO4|SO4|SO4|474747|786|785|787|-O3-|-O2-|-O4-|313131|3123|3122|2.656317|2.451685|2.555590|59.881641
1873|92|53|100|100|LYS|SO4|SO4|294747|408|785|787|-NZ-|-O2-|-O4-|143131|4074|3122|2.651457|2.451685|4.553905|126.301422
1873|93|124|100|100|HOH|SO4|SO4|434747|819|785|787|-O--|-O2-|-O4-|283131|4515|3122|3.292652|2.451685|4.782129|111.879028
1873|94|53|100|100|LYS|SO4|SO4|294747|408|785|786|-NZ-|-O2-|-O3-|143131|4074|3123|2.651457|2.656317|2.962799|67.862732
1873|95|124|100|100|HOH|SO4|SO4|434747|819|785|786|-O--|-O2-|-O3-|283131|4515|3123|3.292652|2.656317|2.700830|52.688671
1873|96|53|100|124|LYS|SO4|HOH|294743|408|785|819|-NZ-|-O2-|-O--|143128|4074|4515|2.651457|3.292652|1.016062|15.329819
1873|97|100|100|100|SO4|SO4|SO4|474747|784|786|783|-O1-|-O3-|-S--|313133|3118|3114|2.337350|1.522569|1.516999|39.650936
1873|98|100|100|100|SO4|SO4|SO4|474747|785|786|783|-O2-|-O3-|-S--|313133|3123|3114|2.656317|1.522569|1.550179|30.477764
1873|99|100|100|100|SO4|SO4|SO4|474747|787|786|783|-O4-|-O3-|-S--|313133|3124|3114|2.555590|1.522569|1.525276|33.051991
1873|100|132|100|100|HOH|SO4|SO4|434747|827|786|783|-O--|-O3-|-S--|283133|3125|3114|3.571349|1.522569|3.716906|83.360771
1873|101|16|100|100|SER|SO4|SO4|114747|111|786|783|-N--|-O3-|-S--|13133|3605|3114|3.731530|1.522569|4.124354|93.874214
1873|102|124|100|100|HOH|SO4|SO4|434747|819|786|783|-O--|-O3-|-S--|283133|4516|3114|2.700830|1.522569|3.411831|104.274673
1873|103|128|100|100|HOH|SO4|SO4|434747|823|786|783|-O--|-O3-|-S--|283133|4517|3114|3.536771|1.522569|4.678087|130.942261
1873|104|122|100|100|HOH|SO4|SO4|434747|817|786|783|-O--|-O3-|-S--|283133|4518|3114|2.873435|1.522569|4.048492|131.653275
1873|105|100|100|100|SO4|SO4|SO4|474747|784|786|785|-O1-|-O3-|-O2-|313131|3118|3123|2.337350|2.656317|2.471403|58.914291
1873|106|100|100|100|SO4|SO4|SO4|474747|784|786|787|-O1-|-O3-|-O4-|313131|3118|3124|2.337350|2.555590|2.477751|60.653057
1873|107|132|100|100|HOH|SO4|SO4|434747|827|786|784|-O--|-O3-|-O1-|283131|3125|3118|3.571349|2.337350|2.623815|47.246422
1873|108|16|100|100|SER|SO4|SO4|114747|111|786|784|-N--|-O3-|-O1-|13131|3605|3118|3.731530|2.337350|3.479841|65.339577
1873|109|124|100|100|HOH|SO4|SO4|434747|819|786|784|-O--|-O3-|-O1-|283131|4516|3118|2.700830|2.337350|3.987321|104.405579
1873|110|128|100|100|HOH|SO4|SO4|434747|823|786|784|-O--|-O3-|-O1-|283131|4517|3118|3.536771|2.337350|4.360926|93.626343
1873|111|122|100|100|HOH|SO4|SO4|434747|817|786|784|-O--|-O3-|-O1-|283131|4518|3118|2.873435|2.337350|4.451626|116.994911
1873|112|100|100|100|SO4|SO4|SO4|474747|785|786|787|-O2-|-O3-|-O4-|313131|3123|3124|2.656317|2.555590|2.451685|56.080460
1873|113|132|100|100|HOH|SO4|SO4|434747|827|786|785|-O--|-O3-|-O2-|283131|3125|3123|3.571349|2.656317|4.341709|87.099373
1873|114|16|100|100|SER|SO4|SO4|114747|111|786|785|-N--|-O3-|-O2-|13131|3605|3123|3.731530|2.656317|4.411485|85.605080
1873|115|124|100|100|HOH|SO4|SO4|434747|819|786|785|-O--|-O3-|-O2-|283131|4516|3123|2.700830|2.656317|3.292652|75.844696
1873|116|128|100|100|HOH|SO4|SO4|434747|823|786|785|-O--|-O3-|-O2-|283131|4517|3123|3.536771|2.656317|5.531362|125.950851
1873|117|122|100|100|HOH|SO4|SO4|434747|817|786|785|-O--|-O3-|-O2-|283131|4518|3123|2.873435|2.656317|5.430428|158.231110
1873|118|132|100|100|HOH|SO4|SO4|434747|827|786|787|-O--|-O3-|-O4-|283131|3125|3124|3.571349|2.555590|4.986169|107.787476
1873|119|16|100|100|SER|SO4|SO4|114747|111|786|787|-N--|-O3-|-O4-|13131|3605|3124|3.731530|2.555590|5.587954|124.380035
1873|120|124|100|100|HOH|SO4|SO4|434747|819|786|787|-O--|-O3-|-O4-|283131|4516|3124|2.700830|2.555590|4.782129|130.926971
1873|121|128|100|100|HOH|SO4|SO4|434747|823|786|787|-O--|-O3-|-O4-|283131|4517|3124|3.536771|2.555590|5.889941|149.977264
1873|122|122|100|100|HOH|SO4|SO4|434747|817|786|787|-O--|-O3-|-O4-|283131|4518|3124|2.873435|2.555590|4.239805|102.537971
1873|123|16|100|132|SER|SO4|HOH|114743|111|786|827|-N--|-O3-|-O--|13128|3605|3125|3.731530|3.571349|1.494803|23.490097
1873|124|124|100|132|HOH|SO4|HOH|434743|819|786|827|-O--|-O3-|-O--|283128|4516|3125|2.700830|3.571349|3.934267|76.294899
1873|125|128|100|132|HOH|SO4|HOH|434743|823|786|827|-O--|-O3-|-O--|283128|4517|3125|3.536771|3.571349|2.870105|47.626118
1873|126|122|100|132|HOH|SO4|HOH|434743|817|786|827|-O--|-O3-|-O--|283128|4518|3125|2.873435|3.571349|5.138566|105.236153
1873|127|16|100|124|SER|SO4|HOH|114743|111|786|819|-N--|-O3-|-O--|13128|3605|4516|3.731530|2.700830|3.023398|53.186962
1873|128|16|100|128|SER|SO4|HOH|114743|111|786|823|-N--|-O3-|-O--|13128|3605|4517|3.731530|3.536771|2.536333|40.736526
1873|129|16|100|122|SER|SO4|HOH|114743|111|786|817|-N--|-O3-|-O--|13128|3605|4518|3.731530|2.873435|5.523876|112.864143
1873|130|124|100|128|HOH|SO4|HOH|434743|819|786|823|-O--|-O3-|-O--|283128|4516|4517|2.700830|3.536771|3.512384|66.994499
1873|131|122|100|124|HOH|SO4|HOH|434743|817|786|819|-O--|-O3-|-O--|283128|4518|4516|2.873435|2.700830|4.923706|124.055023
1873|132|122|100|128|HOH|SO4|HOH|434743|817|786|823|-O--|-O3-|-O--|283128|4518|4517|2.873435|3.536771|3.901278|74.167160
1873|133|86|100|100|HIS|SO4|SO4|334747|686|787|783|-NE2|-O4-|-S--|133133|2867|3112|3.636902|1.525276|3.779713|83.440987
1873|134|86|100|100|HIS|SO4|SO4|334747|686|787|784|-NE2|-O4-|-O1-|133131|2867|3116|3.636902|2.477751|2.726038|48.530396
1873|135|86|100|100|HIS|SO4|SO4|334747|686|787|785|-NE2|-O4-|-O2-|133131|2867|3122|3.636902|2.451685|4.558031|94.947006
1873|136|86|100|100|HIS|SO4|SO4|334747|686|787|786|-NE2|-O4-|-O3-|133131|2867|3124|3.636902|2.555590|4.789420|99.851433
1873|137|16|100|86|SER|SO4|HIS|114733|111|787|686|-N--|-O4-|-NE2|13113|3606|2867|2.857102|3.636902|4.506582|87.018867
1873|138|86|100|16|HIS|SO4|SER|334711|686|787|118|-NE2|-O4-|-OG-|133117|2867|3647|3.636902|3.389194|5.449993|101.675201
1873|139|17|100|86|GLU|SO4|HIS|254733|120|787|686|-N--|-O4-|-NE2|13113|3653|2867|3.553215|3.636902|2.721967|44.471355
1873|140|86|100|53|HIS|SO4|LYS|334729|686|787|408|-NE2|-O4-|-NZ-|133114|2867|4076|3.636902|3.249787|6.725180|155.093536
1873|141|100|100|100|SO4|SO4|SO4|474747|784|787|783|-O1-|-O4-|-S--|313133|3116|3112|2.477751|1.525276|1.516999|35.357079
1873|142|100|100|100|SO4|SO4|SO4|474747|785|787|783|-O2-|-O4-|-S--|313133|3122|3112|2.451685|1.525276|1.550179|37.491318
1873|143|100|100|100|SO4|SO4|SO4|474747|786|787|783|-O3-|-O4-|-S--|313133|3124|3112|2.555590|1.525276|1.522569|32.985859
1873|144|16|100|100|SER|SO4|SO4|114747|111|787|783|-N--|-O4-|-S--|13133|3606|3112|2.857102|1.525276|1.612178|25.135908
1873|145|16|100|100|SER|SO4|SO4|114747|118|787|783|-OG-|-O4-|-S--|173133|3647|3112|3.389194|1.525276|2.272144|33.207806
1873|146|17|100|100|GLU|SO4|SO4|254747|120|787|783|-N--|-O4-|-S--|13133|3653|3112|3.553215|1.525276|2.557192|39.093311
1873|147|53|100|100|LYS|SO4|SO4|294747|408|787|783|-NZ-|-O4-|-S--|143133|4076|3112|3.249787|1.525276|3.143864|72.362930
1873|148|100|100|100|SO4|SO4|SO4|474747|784|787|785|-O1-|-O4-|-O2-|313131|3116|3122|2.477751|2.451685|2.471403|60.176765
1873|149|100|100|100|SO4|SO4|SO4|474747|784|787|786|-O1-|-O4-|-O3-|313131|3116|3124|2.477751|2.555590|2.337350|55.313213
1873|150|16|100|100|SER|SO4|SO4|114747|111|787|784|-N--|-O4-|-O1-|13131|3606|3116|2.857102|2.477751|1.943741|41.985294
1873|151|16|100|100|SER|SO4|SO4|114747|118|787|784|-OG-|-O4-|-O1-|173131|3647|3116|3.389194|2.477751|3.111689|61.774010
1873|152|17|100|100|GLU|SO4|SO4|254747|120|787|784|-N--|-O4-|-O1-|13131|3653|3116|3.553215|2.477751|1.156591|8.224139
1873|153|53|100|100|LYS|SO4|SO4|294747|408|787|784|-NZ-|-O4-|-O1-|143131|4076|3116|3.249787|2.477751|4.647100|107.696014
1873|154|100|100|100|SO4|SO4|SO4|474747|785|787|786|-O2-|-O4-|-O3-|313131|3122|3124|2.451685|2.555590|2.656317|64.037895
1873|155|16|100|100|SER|SO4|SO4|114747|111|787|785|-N--|-O4-|-O2-|13131|3606|3122|2.857102|2.451685|2.723843|61.174892
1873|156|16|100|100|SER|SO4|SO4|114747|118|787|785|-OG-|-O4-|-O2-|173131|3647|3122|3.389194|2.451685|1.070101|10.268855
1873|157|17|100|100|GLU|SO4|SO4|254747|120|787|785|-N--|-O4-|-O2-|13131|3653|3122|3.553215|2.451685|3.068302|58.042732
1873|158|53|100|100|LYS|SO4|SO4|294747|408|787|785|-NZ-|-O4-|-O2-|143131|4076|3122|3.249787|2.451685|3.021826|62.164986
1873|159|16|100|100|SER|SO4|SO4|114747|111|787|786|-N--|-O4-|-O3-|13131|3606|3124|2.857102|2.555590|0.697472|13.366079
1873|160|16|100|100|SER|SO4|SO4|114747|118|787|786|-OG-|-O4-|-O3-|173131|3647|3124|3.389194|2.555590|2.867671|55.570587
1873|161|17|100|100|GLU|SO4|SO4|254747|120|787|786|-N--|-O4-|-O3-|13131|3653|3124|3.553215|2.555590|3.283135|62.530140
1873|162|53|100|100|LYS|SO4|SO4|294747|408|787|786|-NZ-|-O4-|-O3-|143131|4076|3124|3.249787|2.555590|3.069510|62.498020
1873|163|16|100|16|SER|SO4|SER|114711|111|787|118|-N--|-O4-|-OG-|13117|3606|3647|2.857102|3.389194|2.901999|54.565899
1873|164|16|100|17|SER|SO4|GLU|114725|111|787|120|-N--|-O4-|-N--|13101|3606|3653|2.857102|3.553215|2.749167|49.335812
1873|165|16|100|53|SER|SO4|LYS|114729|111|787|408|-N--|-O4-|-NZ-|13114|3606|4076|2.857102|3.249787|3.673842|73.651566
1873|166|17|100|16|GLU|SO4|SER|254711|120|787|118|-N--|-O4-|-OG-|13117|3653|3647|3.553215|3.389194|3.540135|61.264198
1873|167|53|100|16|LYS|SO4|SER|294711|408|787|118|-NZ-|-O4-|-OG-|143117|4076|3647|3.249787|3.389194|3.033108|54.320576
1873|168|17|100|53|GLU|SO4|LYS|254729|120|787|408|-N--|-O4-|-NZ-|13114|3653|4076|3.553215|3.249787|5.605802|110.899803
1873|169|100|101|100|SO4|GOL|SO4|474947|785|789|783|-O2-|-O1-|-S--|313133|3120|3109|2.397740|3.666488|1.550179|17.277077
1873|170|101|101|100|GOL|GOL|SO4|494947|791|789|783|-O2-|-O1-|-S--|313133|3133|3109|2.815128|3.666488|4.695077|91.875664
1873|171|48|101|100|GLY|GOL|SO4|14947|371|789|783|-O--|-O1-|-S--|43133|3960|3109|3.975355|3.666488|6.526430|117.250290
1873|172|50|101|100|ASP|GOL|SO4|214947|379|789|783|-N--|-O1-|-S--|13133|3989|3109|2.953943|3.666488|6.475364|155.824615
1873|173|50|101|100|ASP|GOL|SO4|214947|382|789|783|-O--|-O1-|-S--|43133|3998|3109|3.810776|3.666488|6.585046|123.436523
1873|174|124|101|100|HOH|GOL|SO4|434947|819|789|783|-O--|-O1-|-S--|283133|4526|3109|2.918857|3.666488|3.411831|61.166828
1873|175|100|101|101|SO4|GOL|GOL|474949|785|789|791|-O2-|-O1-|-O2-|313131|3120|3133|2.397740|2.815128|4.231227|108.256729
1873|176|48|101|100|GLY|GOL|SO4|14947|371|789|785|-O--|-O1-|-O2-|43131|3960|3120|3.975355|2.397740|5.235212|107.885727
1873|177|50|101|100|ASP|GOL|SO4|214947|379|789|785|-N--|-O1-|-O2-|13131|3989|3120|2.953943|2.397740|5.024560|139.498001
1873|178|50|101|100|ASP|GOL|SO4|214947|382|789|785|-O--|-O1-|-O2-|43131|3998|3120|3.810776|2.397740|5.477553|122.179153
1873|179|124|101|100|HOH|GOL|SO4|434947|819|789|785|-O--|-O1-|-O2-|283131|4526|3120|2.918857|2.397740|3.292652|75.826691
1873|180|48|101|101|GLY|GOL|GOL|14949|371|789|791|-O--|-O1-|-O2-|43131|3960|3133|3.975355|2.815128|5.225412|99.194901
1873|181|50|101|101|ASP|GOL|GOL|214949|379|789|791|-N--|-O1-|-O2-|13131|3989|3133|2.953943|2.815128|4.787611|112.149612
1873|182|50|101|101|ASP|GOL|GOL|214949|382|789|791|-O--|-O1-|-O2-|43131|3998|3133|3.810776|2.815128|5.215382|102.799400
1873|183|124|101|101|HOH|GOL|GOL|434949|819|789|791|-O--|-O1-|-O2-|283131|4526|3133|2.918857|2.815128|2.807882|58.607166
1873|184|50|101|48|ASP|GOL|GLY|214901|379|789|371|-N--|-O1-|-O--|13104|3989|3960|2.953943|3.975355|3.736037|63.249260
1873|185|48|101|50|GLY|GOL|ASP|14921|371|789|382|-O--|-O1-|-O--|43104|3960|3998|3.975355|3.810776|6.520821|113.735703
1873|186|48|101|124|GLY|GOL|HOH|14943|371|789|819|-O--|-O1-|-O--|43128|3960|4526|3.975355|2.918857|6.754851|156.640640
1873|187|50|101|50|ASP|GOL|ASP|214921|379|789|382|-N--|-O1-|-O--|13104|3989|3998|2.953943|3.810776|2.988715|50.516663
1873|188|50|101|124|ASP|GOL|HOH|214943|379|789|819|-N--|-O1-|-O--|13128|3989|4526|2.953943|2.918857|5.298181|128.884857
1873|189|50|101|124|ASP|GOL|HOH|214943|382|789|819|-O--|-O1-|-O--|43128|3998|4526|3.810776|2.918857|4.416863|80.861809
1873|190|101|101|101|GOL|GOL|GOL|494949|789|791|793|-O1-|-O2-|-O3-|313131|3133|3138|2.815128|2.531499|4.551057|116.585556
1873|191|132|101|101|HOH|GOL|GOL|434949|827|791|789|-O--|-O2-|-O1-|283131|3140|3133|3.359190|2.815128|4.762604|100.582130
1873|192|74|101|101|SER|GOL|GOL|114949|584|791|789|-OG-|-O2-|-O1-|173131|4376|3133|3.462164|2.815128|4.640204|94.767105
1873|193|75|101|101|ASP|GOL|GOL|214949|593|791|789|-OD2|-O2-|-O1-|103131|4418|3133|3.407322|2.815128|3.839677|75.535927
1873|194|126|101|101|HOH|GOL|GOL|434949|821|791|789|-O--|-O2-|-O1-|283131|4531|3133|2.386896|2.815128|4.966259|145.246506
1873|195|124|101|101|HOH|GOL|GOL|434949|819|791|789|-O--|-O2-|-O1-|283131|4532|3133|2.807882|2.815128|2.918857|62.542507
1873|196|132|101|101|HOH|GOL|GOL|434949|827|791|793|-O--|-O2-|-O3-|283131|3140|3138|3.359190|2.531499|3.569035|73.063042
1873|197|74|101|101|SER|GOL|GOL|114949|584|791|793|-OG-|-O2-|-O3-|173131|4376|3138|3.462164|2.531499|3.649594|73.168892
1873|198|75|101|101|ASP|GOL|GOL|214949|593|791|793|-OD2|-O2-|-O3-|103131|4418|3138|3.407322|2.531499|2.273656|41.857704
1873|199|126|101|101|HOH|GOL|GOL|434949|821|791|793|-O--|-O2-|-O3-|283131|4531|3138|2.386896|2.531499|2.601295|63.781551
1873|200|124|101|101|HOH|GOL|GOL|434949|819|791|793|-O--|-O2-|-O3-|283131|4532|3138|2.807882|2.531499|5.171073|151.112106
1873|201|74|101|132|SER|GOL|HOH|114943|584|791|827|-OG-|-O2-|-O--|173128|4376|3140|3.462164|3.359190|0.394140|6.395220
1873|202|75|101|132|ASP|GOL|HOH|214943|593|791|827|-OD2|-O2-|-O--|103128|4418|3140|3.407322|3.359190|4.681413|87.550484
1873|203|126|101|132|HOH|GOL|HOH|434943|821|791|827|-O--|-O2-|-O--|283128|4531|3140|2.386896|3.359190|4.783960|111.606018
1873|204|124|101|132|HOH|GOL|HOH|434943|819|791|827|-O--|-O2-|-O--|283128|4532|3140|2.807882|3.359190|3.934267|78.720154
1873|205|75|101|74|ASP|GOL|SER|214911|593|791|584|-OD2|-O2-|-OG-|103117|4418|4376|3.407322|3.462164|4.572359|83.453308
1873|206|74|101|126|SER|GOL|HOH|114943|584|791|821|-OG-|-O2-|-O--|173128|4376|4531|3.462164|2.386896|5.007784|116.575348
1873|207|74|101|124|SER|GOL|HOH|114943|584|791|819|-OG-|-O2-|-O--|173128|4376|4532|3.462164|2.807882|3.982543|78.097092
1873|208|75|101|126|ASP|GOL|HOH|214943|593|791|821|-OD2|-O2-|-O--|103128|4418|4531|3.407322|2.386896|4.248912|92.629158
1873|209|75|101|124|ASP|GOL|HOH|214943|593|791|819|-OD2|-O2-|-O--|103128|4418|4532|3.407322|2.807882|5.683321|132.009949
1873|210|124|101|126|HOH|GOL|HOH|434943|819|791|821|-O--|-O2-|-O--|283128|4532|4531|2.807882|2.386896|4.805786|135.217239
1873|211|132|101|101|HOH|GOL|GOL|434949|827|793|791|-O--|-O3-|-O2-|283131|3142|3138|3.569035|2.531499|3.359190|64.208076
1873|212|72|101|101|ALA|GOL|GOL|34949|567|793|791|-O--|-O3-|-O2-|43131|4335|3138|3.472703|2.531499|2.485002|45.639969
1873|213|74|101|101|SER|GOL|GOL|114949|577|793|791|-N--|-O3-|-O2-|13131|4357|3138|3.268030|2.531499|4.360903|96.694885
1873|214|74|101|101|SER|GOL|GOL|114949|584|793|791|-OG-|-O3-|-O2-|173131|4380|3138|3.153059|2.531499|5.440076|146.060776
1873|215|74|101|101|SER|GOL|GOL|114949|585|793|791|-OG-|-O3-|-O2-|173131|4381|3138|3.427559|2.531499|5.353853|127.262398
1873|216|219|101|101|HOH|GOL|GOL|434949|915|793|791|-O--|-O3-|-O2-|283131|4537|3138|2.437230|2.531499|4.616312|136.573303
1873|217|126|101|101|HOH|GOL|GOL|434949|821|793|791|-O--|-O3-|-O2-|283131|4539|3138|2.601295|2.531499|2.386896|55.403980
1873|218|72|101|132|ALA|GOL|HOH|34943|567|793|827|-O--|-O3-|-O--|43128|4335|3142|3.472703|3.569035|1.140023|18.568338
1873|219|74|101|132|SER|GOL|HOH|114943|577|793|827|-N--|-O3-|-O--|13128|4357|3142|3.268030|3.569035|3.390894|59.270824
1873|220|74|101|132|SER|GOL|HOH|114943|584|793|827|-OG-|-O3-|-O--|173128|4380|3142|3.153059|3.569035|4.640217|87.075798
1873|221|74|101|132|SER|GOL|HOH|114943|585|793|827|-OG-|-O3-|-O--|173128|4381|3142|3.427559|3.569035|3.670173|63.239967
1873|222|132|101|219|HOH|GOL|HOH|434943|827|793|915|-O--|-O3-|-O--|283128|3142|4537|3.569035|2.437230|4.968156|110.190445
1873|223|126|101|132|HOH|GOL|HOH|434943|821|793|827|-O--|-O3-|-O--|283128|4539|3142|2.601295|3.569035|4.783960|100.492889
1873|224|74|101|72|SER|GOL|ALA|114903|577|793|567|-N--|-O3-|-O--|13104|4357|4335|3.268030|3.472703|3.800147|68.554794
1873|225|72|101|74|ALA|GOL|SER|34911|567|793|584|-O--|-O3-|-OG-|43117|4335|4380|3.472703|3.153059|5.246896|104.622543
1873|226|72|101|74|ALA|GOL|SER|34911|567|793|585|-O--|-O3-|-OG-|43117|4335|4381|3.472703|3.427559|4.515717|81.749580
1873|227|72|101|219|ALA|GOL|HOH|34943|567|793|915|-O--|-O3-|-O--|43128|4335|4537|3.472703|2.437230|5.193307|122.001785
1873|228|72|101|126|ALA|GOL|HOH|34943|567|793|821|-O--|-O3-|-O--|43128|4335|4539|3.472703|2.601295|4.222347|86.832863
1873|229|74|101|74|SER|GOL|SER|114911|577|793|584|-N--|-O3-|-OG-|13117|4357|4380|3.268030|3.153059|2.765995|50.994007
1873|230|74|101|74|SER|GOL|SER|114911|577|793|585|-N--|-O3-|-OG-|13117|4357|4381|3.268030|3.427559|2.920985|51.663208
1873|231|74|101|219|SER|GOL|HOH|114943|577|793|915|-N--|-O3-|-O--|13128|4357|4537|3.268030|2.437230|2.672048|53.478447
1873|232|74|101|126|SER|GOL|HOH|114943|577|793|821|-N--|-O3-|-O--|13128|4357|4539|3.268030|2.601295|5.696157|151.909470
1873|233|74|101|74|SER|GOL|SER|114911|584|793|585|-OG-|-O3-|-OG-|173117|4380|4381|3.153059|3.427559|1.580885|27.394371
1873|234|74|101|219|SER|GOL|HOH|114943|584|793|915|-OG-|-O3-|-O--|173128|4380|4537|3.153059|2.437230|1.863571|36.159389
1873|235|74|101|126|SER|GOL|HOH|114943|584|793|821|-OG-|-O3-|-O--|173128|4380|4539|3.153059|2.601295|5.615640|154.669403
1873|236|74|101|219|SER|GOL|HOH|114943|585|793|915|-OG-|-O3-|-O--|173128|4381|4537|3.427559|2.437230|3.154511|62.412411
1873|237|74|101|126|SER|GOL|HOH|114943|585|793|821|-OG-|-O3-|-O--|173128|4381|4539|3.427559|2.601295|5.677779|140.311081
1873|238|126|101|219|HOH|GOL|HOH|434943|821|793|915|-O--|-O3-|-O--|283128|4539|4537|2.601295|2.437230|4.856270|149.067825
1873|239|7|102|7|ASP|ACT|ASP|214721|47|795|53|-N--|-O--|-OD1|13110|246|271|2.870248|3.750064|3.011403|52.069977
1873|240|7|102|178|ASP|ACT|HOH|214743|47|795|873|-N--|-O--|-O--|13128|246|3147|2.870248|3.537242|5.656205|123.618118
1873|241|7|102|102|ASP|ACT|ACT|214747|47|795|796|-N--|-O--|-OXT|13131|246|3148|2.870248|2.147215|4.791433|145.097748
1873|242|7|102|157|ASP|ACT|HOH|214743|47|795|852|-N--|-O--|-O--|13128|246|3149|2.870248|2.779172|3.396918|73.904350
1873|243|7|102|162|ASP|ACT|HOH|214743|47|795|857|-N--|-O--|-O--|13128|246|4545|2.870248|3.503417|5.358177|114.055489
1873|244|7|102|178|ASP|ACT|HOH|214743|53|795|873|-OD1|-O--|-O--|103128|271|3147|3.750064|3.537242|7.273911|173.048019
1873|245|7|102|102|ASP|ACT|ACT|214747|53|795|796|-OD1|-O--|-OXT|103131|271|3148|3.750064|2.147215|4.533170|96.689995
1873|246|7|102|157|ASP|ACT|HOH|214743|53|795|852|-OD1|-O--|-O--|103128|271|3149|3.750064|2.779172|5.333303|108.625854
1873|247|7|102|162|ASP|ACT|HOH|214743|53|795|857|-OD1|-O--|-O--|103128|271|4545|3.750064|3.503417|5.277481|93.305115
1873|248|178|102|102|HOH|ACT|ACT|434747|873|795|796|-O--|-O--|-OXT|283131|3147|3148|3.537242|2.147215|4.102829|88.908333
1873|249|157|102|178|HOH|ACT|HOH|434743|852|795|873|-O--|-O--|-O--|283128|3149|3147|2.779172|3.537242|3.816103|73.228851
1873|250|162|102|178|HOH|ACT|HOH|434743|857|795|873|-O--|-O--|-O--|283128|4545|3147|3.503417|3.537242|5.131534|93.577705
1873|251|157|102|102|HOH|ACT|ACT|434747|852|795|796|-O--|-O--|-OXT|283131|3149|3148|2.779172|2.147215|4.015751|108.524879
1873|252|162|102|102|HOH|ACT|ACT|434747|857|795|796|-O--|-O--|-OXT|283131|4545|3148|3.503417|2.147215|2.483493|44.577408
1873|253|157|102|162|HOH|ACT|HOH|434743|852|795|857|-O--|-O--|-O--|283128|3149|4545|2.779172|3.503417|3.548977|67.657822
1873|254|75|102|102|ASP|ACT|ACT|214747|592|796|795|-OD1|-OXT|-O--|103131|4405|3148|3.477679|2.147215|3.510685|72.946205
1873|255|162|102|102|HOH|ACT|ACT|434747|857|796|795|-O--|-OXT|-O--|283131|4549|3148|2.483493|2.147215|3.503417|98.061592
1873|256|186|102|102|HOH|ACT|ACT|434747|882|796|795|-O--|-OXT|-O--|283131|4550|3148|2.857359|2.147215|4.611784|133.802734
1873|257|217|102|102|HOH|ACT|ACT|434747|913|796|795|-O--|-OXT|-O--|283131|4551|3148|3.577478|2.147215|5.201165|128.879395
1873|258|75|102|162|ASP|ACT|HOH|214743|592|796|857|-OD1|-OXT|-O--|103128|4405|4549|3.477679|2.483493|3.832436|78.057487
1873|259|75|102|186|ASP|ACT|HOH|214743|592|796|882|-OD1|-OXT|-O--|103128|4405|4550|3.477679|2.857359|3.324461|62.402657
1873|260|75|102|217|ASP|ACT|HOH|214743|592|796|913|-OD1|-OXT|-O--|103128|4405|4551|3.477679|3.577478|6.000800|116.537102
1873|261|162|102|186|HOH|ACT|HOH|434743|857|796|882|-O--|-OXT|-O--|283128|4549|4550|2.483493|2.857359|3.596349|84.344948
1873|262|162|102|217|HOH|ACT|HOH|434743|857|796|913|-O--|-OXT|-O--|283128|4549|4551|2.483493|3.577478|5.570956|132.783661
1873|263|186|102|217|HOH|ACT|HOH|434743|882|796|913|-O--|-OXT|-O--|283128|4550|4551|2.857359|3.577478|3.633229|67.685493
