1873|0|5|VAL|X|1|7|0|000|11.127930|-1.000000|-1.000000|0.000000|-1|-1|0|0|-1|1
1873|1|21|ASP|X|2|8|0|000|11.286066|-1.000000|-1.000000|0.000000|-1|-1|0|0|0|2
1873|2|5|VAL|X|3|7|0|000|7.216343|-1.000000|-1.000000|0.000000|-1|-1|0|0|1|3
1873|3|7|LEU|X|4|8|0|000|10.303034|-1.000000|-1.000000|0.000000|-1|-1|0|0|2|4
1873|4|7|LEU|X|5|8|0|000|8.236866|-1.000000|-1.000000|0.000000|-1|-1|0|0|3|5
1873|5|1|GLY|X|6|4|0|000|11.626493|-1.000000|-1.000000|0.000000|-1|-1|0|0|4|6
1873|6|3|ALA|X|7|5|0|000|14.619454|-1.000000|-1.000000|0.000000|-1|-1|0|0|5|7
1873|7|21|ASP|X|8|8|0|000|17.751474|-1.000000|-1.000000|0.000000|-1|-1|0|0|6|8
1873|8|21|ASP|X|9|8|0|000|19.048439|-1.000000|-1.000000|0.000000|-1|-1|0|0|7|9
1873|9|1|GLY|X|10|4|0|000|17.142586|-1.000000|-1.000000|0.000000|-1|-1|0|0|8|10
1873|10|11|SER|X|11|6|0|000|15.433481|-1.000000|-1.000000|0.000000|-1|-1|0|0|9|11
1873|11|7|LEU|X|12|8|0|000|13.239251|-1.000000|-1.000000|0.000000|-1|-1|0|0|10|12
1873|12|3|ALA|X|13|5|0|000|10.413894|-1.000000|-1.000000|0.000000|-1|-1|0|0|11|13
1873|13|35|PHE|X|14|11|0|000|6.047470|-1.000000|-1.000000|0.000000|-1|-1|0|0|12|14
1873|14|5|VAL|X|15|7|0|000|10.567654|-1.000000|-1.000000|0.000000|-1|-1|0|0|13|15
1873|15|19|PRO|X|16|7|0|000|9.749929|-1.000000|-1.000000|0.000000|-1|-1|0|0|14|16
1873|16|11|SER|X|17|9|0|000|9.607835|-1.000000|-1.000000|0.000000|-1|-1|0|0|15|17
1873|17|25|GLU|X|18|12|0|000|11.958241|-1.000000|-1.000000|0.000000|-1|-1|0|0|16|18
1873|18|35|PHE|X|19|11|0|000|9.280704|-1.000000|-1.000000|0.000000|-1|-1|0|0|17|19
1873|19|11|SER|X|20|9|0|000|13.493773|-1.000000|-1.000000|0.000000|-1|-1|0|0|18|20
1873|20|5|VAL|X|21|7|0|000|12.581274|-1.000000|-1.000000|0.000000|-1|-1|0|0|19|21
1873|21|19|PRO|X|22|7|0|000|15.557494|-1.000000|-1.000000|0.000000|-1|-1|0|0|20|22
1873|22|3|ALA|X|23|5|0|000|15.981096|-1.000000|-1.000000|0.000000|-1|-1|0|0|21|23
1873|23|1|GLY|X|24|4|0|000|14.594027|-1.000000|-1.000000|0.000000|-1|-1|0|0|22|24
1873|24|25|GLU|X|25|9|0|000|13.444715|-1.000000|-1.000000|0.000000|-1|-1|0|0|23|25
1873|25|29|LYS|X|26|9|0|000|12.868886|-1.000000|-1.000000|0.000000|-1|-1|0|0|24|26
1873|26|9|ILE|X|27|8|0|000|7.710836|-1.000000|-1.000000|0.000000|-1|-1|0|0|25|27
1873|27|5|VAL|X|28|7|0|000|9.304653|-1.000000|-1.000000|0.000000|-1|-1|0|0|26|28
1873|28|35|PHE|X|29|11|0|000|4.780413|-1.000000|-1.000000|0.000000|-1|-1|0|0|27|29
1873|29|29|LYS|X|30|9|0|000|11.364870|-1.000000|-1.000000|0.000000|-1|-1|0|0|28|30
1873|30|23|ASN|X|31|8|0|000|11.635934|-1.000000|-1.000000|0.000000|-1|-1|0|0|29|31
1873|31|23|ASN|X|32|8|0|000|13.943543|-1.000000|-1.000000|0.000000|-1|-1|0|0|30|32
1873|32|3|ALA|X|33|5|0|000|14.636156|-1.000000|-1.000000|0.000000|-1|-1|0|0|31|33
1873|33|1|GLY|X|34|4|0|000|14.930626|-1.000000|-1.000000|0.000000|-1|-1|0|0|32|34
1873|34|35|PHE|X|35|11|0|000|15.325873|-1.000000|-1.000000|0.000000|-1|-1|0|0|33|35
1873|35|19|PRO|X|36|7|0|000|13.910828|-1.000000|-1.000000|0.000000|-1|-1|0|0|34|36
1873|36|33|HIS|X|37|10|0|000|10.073380|-1.000000|-1.000000|0.000000|-1|-1|0|0|35|37
1873|37|23|ASN|X|38|8|0|000|7.847469|-1.000000|-1.000000|0.000000|-1|-1|0|0|36|38
1873|38|5|VAL|X|39|7|0|000|4.058414|-1.000000|-1.000000|0.000000|-1|-1|0|0|37|39
1873|39|7|LEU|X|40|8|0|000|6.471273|-1.000000|-1.000000|0.000000|-1|-1|0|0|38|40
1873|40|35|PHE|X|41|11|0|000|5.654576|-1.000000|-1.000000|0.000000|-1|-1|0|0|39|41
1873|41|21|ASP|X|42|8|0|000|10.377914|-1.000000|-1.000000|0.000000|-1|-1|0|0|40|42
1873|42|25|GLU|X|43|9|0|000|14.081762|-1.000000|-1.000000|0.000000|-1|-1|0|0|41|43
1873|43|21|ASP|X|44|8|0|000|15.040185|-1.000000|-1.000000|0.000000|-1|-1|0|0|42|44
1873|44|3|ALA|X|45|5|0|000|11.946979|-1.000000|-1.000000|0.000000|-1|-1|0|0|43|45
1873|45|5|VAL|X|46|7|0|000|12.229253|-1.000000|-1.000000|0.000000|-1|-1|0|0|44|46
1873|46|19|PRO|X|47|7|0|000|14.370813|-1.000000|-1.000000|0.000000|-1|-1|0|0|45|47
1873|47|11|SER|X|48|9|0|000|18.620192|-1.000000|-1.000000|0.000000|-1|-1|0|0|46|48
1873|48|1|GLY|X|49|4|0|000|17.483715|-1.000000|-1.000000|0.000000|-1|-1|0|0|47|49
1873|49|5|VAL|X|50|7|0|000|13.964592|-1.000000|-1.000000|0.000000|-1|-1|0|0|48|50
1873|50|21|ASP|X|51|8|0|000|14.441117|-1.000000|-1.000000|0.000000|-1|-1|0|0|49|51
1873|51|5|VAL|X|52|7|0|000|10.861011|-1.000000|-1.000000|0.000000|-1|-1|0|0|50|52
1873|52|11|SER|X|53|6|0|000|12.900308|-1.000000|-1.000000|0.000000|-1|-1|0|0|51|53
1873|53|29|LYS|X|54|9|0|000|13.749921|-1.000000|-1.000000|0.000000|-1|-1|0|0|52|54
1873|54|9|ILE|X|55|9|0|000|8.582354|-1.000000|-1.000000|0.000000|-1|-1|0|0|53|55
1873|55|11|SER|X|56|6|0|000|8.272012|-1.000000|-1.000000|0.000000|-1|-1|0|0|54|56
1873|56|17|MET|X|57|8|0|000|8.617818|-1.000000|-1.000000|0.000000|-1|-1|0|0|55|57
1873|57|11|SER|X|58|9|0|000|12.699516|-1.000000|-1.000000|0.000000|-1|-1|0|0|56|58
1873|58|25|GLU|X|59|9|0|000|12.726925|-1.000000|-1.000000|0.000000|-1|-1|0|0|57|59
1873|59|25|GLU|X|60|9|0|000|16.508612|-1.000000|-1.000000|0.000000|-1|-1|0|0|58|60
1873|60|21|ASP|X|61|16|0|000|13.049299|-1.000000|-1.000000|0.000000|-1|-1|0|0|59|61
1873|61|7|LEU|X|62|8|0|000|13.463527|-1.000000|-1.000000|0.000000|-1|-1|0|0|60|62
1873|62|7|LEU|X|63|8|0|000|11.540202|-1.000000|-1.000000|0.000000|-1|-1|0|0|61|63
1873|63|23|ASN|X|64|8|0|000|16.151041|-1.000000|-1.000000|0.000000|-1|-1|0|0|62|64
1873|64|3|ALA|X|65|5|0|000|16.101706|-1.000000|-1.000000|0.000000|-1|-1|0|0|63|65
1873|65|29|LYS|X|66|9|0|000|16.927746|-1.000000|-1.000000|0.000000|-1|-1|0|0|64|66
1873|66|1|GLY|X|67|4|0|000|14.726459|-1.000000|-1.000000|0.000000|-1|-1|0|0|65|67
1873|67|25|GLU|X|68|9|0|000|13.613671|-1.000000|-1.000000|0.000000|-1|-1|0|0|66|68
1873|68|13|THR|X|69|7|0|000|11.215499|-1.000000|-1.000000|0.000000|-1|-1|0|0|67|69
1873|69|35|PHE|X|70|11|0|000|7.209801|-1.000000|-1.000000|0.000000|-1|-1|0|0|68|70
1873|70|25|GLU|X|71|9|0|000|10.144750|-1.000000|-1.000000|0.000000|-1|-1|0|0|69|71
1873|71|5|VAL|X|72|11|0|000|8.032134|-1.000000|-1.000000|0.000000|-1|-1|0|0|70|72
1873|72|3|ALA|X|73|5|0|000|11.223423|-1.000000|-1.000000|0.000000|-1|-1|0|0|71|73
1873|73|7|LEU|X|74|8|0|000|10.348621|-1.000000|-1.000000|0.000000|-1|-1|0|0|72|74
1873|74|11|SER|X|75|9|0|000|15.286748|-1.000000|-1.000000|0.000000|-1|-1|0|0|73|75
1873|75|21|ASP|X|76|8|0|000|15.413749|-1.000000|-1.000000|0.000000|-1|-1|0|0|74|76
1873|76|29|LYS|X|77|9|0|000|17.408680|-1.000000|-1.000000|0.000000|-1|-1|0|0|75|77
1873|77|1|GLY|X|78|4|0|000|14.106675|-1.000000|-1.000000|0.000000|-1|-1|0|0|76|78
1873|78|25|GLU|X|79|9|0|000|13.445084|-1.000000|-1.000000|0.000000|-1|-1|0|0|77|79
1873|79|37|TYR|X|80|12|0|000|9.391621|-1.000000|-1.000000|0.000000|-1|-1|0|0|78|80
1873|80|13|THR|X|81|7|0|000|7.975378|-1.000000|-1.000000|0.000000|-1|-1|0|0|79|81
1873|81|35|PHE|X|82|11|0|000|3.610197|-1.000000|-1.000000|0.000000|-1|-1|0|0|80|82
1873|82|37|TYR|X|83|12|0|000|7.128958|-1.000000|-1.000000|0.000000|-1|-1|0|0|81|83
1873|83|15|CYS|X|84|6|0|000|7.834122|-1.000000|-1.000000|0.000000|-1|-1|0|0|82|84
1873|84|11|SER|X|85|6|0|000|10.698592|-1.000000|-1.000000|0.000000|-1|-1|0|0|83|85
1873|85|19|PRO|X|86|7|0|000|12.326927|-1.000000|-1.000000|0.000000|-1|-1|0|0|84|86
1873|86|33|HIS|X|87|10|0|000|12.209578|-1.000000|-1.000000|0.000000|-1|-1|0|0|85|87
1873|87|27|GLN|X|88|15|0|000|11.629301|-1.000000|-1.000000|0.000000|-1|-1|0|0|86|88
1873|88|1|GLY|X|89|4|0|000|15.043499|-1.000000|-1.000000|0.000000|-1|-1|0|0|87|89
1873|89|3|ALA|X|90|5|0|000|14.538385|-1.000000|-1.000000|0.000000|-1|-1|0|0|88|90
1873|90|1|GLY|X|91|4|0|000|12.209394|-1.000000|-1.000000|0.000000|-1|-1|0|0|89|91
1873|91|17|MET|X|92|8|0|000|8.706779|-1.000000|-1.000000|0.000000|-1|-1|0|0|90|92
1873|92|5|VAL|X|93|11|0|000|8.585464|-1.000000|-1.000000|0.000000|-1|-1|0|0|91|93
1873|93|1|GLY|X|94|4|0|000|6.749969|-1.000000|-1.000000|0.000000|-1|-1|0|0|92|94
1873|94|29|LYS|X|95|9|0|000|9.821301|-1.000000|-1.000000|0.000000|-1|-1|0|0|93|95
1873|95|5|VAL|X|96|7|0|000|8.333921|-1.000000|-1.000000|0.000000|-1|-1|0|0|94|96
1873|96|9|ILE|X|97|12|0|000|12.843553|-1.000000|-1.000000|0.000000|-1|-1|0|0|95|97
1873|97|5|VAL|X|98|7|0|000|13.199243|-1.000000|-1.000000|0.000000|-1|-1|0|0|96|98
1873|98|23|ASN|X|99|9|0|000|17.057344|-1.000000|-1.000000|0.000000|-1|-1|0|0|97|-1
1873|99|46|CU1|X|100|1|1|000|9.684610|-1.000000|-1.000000|0.000000|-1|-1|0|2|-1|-1
1873|100|47|SO4|X|101|5|0|000|17.690086|-1.000000|-1.000000|0.000000|-1|-1|0|3|-1|-1
1873|101|49|GOL|X|102|6|0|000|18.614832|-1.000000|-1.000000|0.000000|-1|-1|0|4|-1|-1
1873|102|47|ACT|X|103|4|0|000|16.183451|-1.000000|-1.000000|0.000000|-1|-1|0|5|-1|-1
1873|103|43|HOH|X|201|1|0|000|18.836143|-1.000000|-1.000000|0.000000|-1|-1|0|1|-1|-1
1873|104|43|HOH|X|202|1|0|000|14.029400|-1.000000|-1.000000|0.000000|-1|-1|0|1|-1|-1
1873|105|43|HOH|X|203|1|0|000|17.760448|-1.000000|-1.000000|0.000000|-1|-1|0|1|-1|-1
1873|106|43|HOH|X|204|1|0|000|15.965013|-1.000000|-1.000000|0.000000|-1|-1|0|1|-1|-1
1873|107|43|HOH|X|205|1|0|000|15.053991|-1.000000|-1.000000|0.000000|-1|-1|0|1|-1|-1
1873|108|43|HOH|X|206|1|0|000|14.672149|-1.000000|-1.000000|0.000000|-1|-1|0|1|-1|-1
1873|109|43|HOH|X|207|1|0|000|16.869635|-1.000000|-1.000000|0.000000|-1|-1|0|1|-1|-1
1873|110|43|HOH|X|208|1|0|000|13.006824|-1.000000|-1.000000|0.000000|-1|-1|0|1|-1|-1
1873|111|43|HOH|X|209|1|0|000|10.729697|-1.000000|-1.000000|0.000000|-1|-1|0|1|-1|-1
1873|112|43|HOH|X|210|1|0|000|16.185408|-1.000000|-1.000000|0.000000|-1|-1|0|1|-1|-1
1873|113|43|HOH|X|211|1|0|000|16.379822|-1.000000|-1.000000|0.000000|-1|-1|0|1|-1|-1
1873|114|43|HOH|X|212|1|0|000|14.745293|-1.000000|-1.000000|0.000000|-1|-1|0|1|-1|-1
1873|115|43|HOH|X|213|1|0|000|19.393326|-1.000000|-1.000000|0.000000|-1|-1|0|1|-1|-1
1873|116|43|HOH|X|214|1|0|000|12.249351|-1.000000|-1.000000|0.000000|-1|-1|0|1|-1|-1
1873|117|43|HOH|X|215|1|0|000|10.062643|-1.000000|-1.000000|0.000000|-1|-1|0|1|-1|-1
1873|118|43|HOH|X|216|1|0|000|19.214302|-1.000000|-1.000000|0.000000|-1|-1|0|1|-1|-1
1873|119|43|HOH|X|217|1|0|000|17.442806|-1.000000|-1.000000|0.000000|-1|-1|0|1|-1|-1
1873|120|43|HOH|X|218|1|0|000|14.830044|-1.000000|-1.000000|0.000000|-1|-1|0|1|-1|-1
1873|121|43|HOH|X|219|1|0|000|16.219017|-1.000000|-1.000000|0.000000|-1|-1|0|1|-1|-1
1873|122|43|HOH|X|220|1|0|000|12.147811|-1.000000|-1.000000|0.000000|-1|-1|0|1|-1|-1
1873|123|43|HOH|X|221|1|0|000|18.845524|-1.000000|-1.000000|0.000000|-1|-1|0|1|-1|-1
1873|124|43|HOH|X|222|1|0|000|16.473209|-1.000000|-1.000000|0.000000|-1|-1|0|1|-1|-1
1873|125|43|HOH|X|223|1|0|000|11.391131|-1.000000|-1.000000|0.000000|-1|-1|0|1|-1|-1
1873|126|43|HOH|X|224|1|0|000|12.790674|-1.000000|-1.000000|0.000000|-1|-1|0|1|-1|-1
1873|127|43|HOH|X|225|1|0|000|19.131294|-1.000000|-1.000000|0.000000|-1|-1|0|1|-1|-1
1873|128|43|HOH|X|226|1|0|000|18.085985|-1.000000|-1.000000|0.000000|-1|-1|0|1|-1|-1
1873|129|43|HOH|X|227|1|0|000|13.244202|-1.000000|-1.000000|0.000000|-1|-1|0|1|-1|-1
1873|130|43|HOH|X|228|1|0|000|16.559710|-1.000000|-1.000000|0.000000|-1|-1|0|1|-1|-1
1873|131|43|HOH|X|229|1|0|000|11.124413|-1.000000|-1.000000|0.000000|-1|-1|0|1|-1|-1
1873|132|43|HOH|X|230|1|0|000|16.385387|-1.000000|-1.000000|0.000000|-1|-1|0|1|-1|-1
1873|133|43|HOH|X|231|1|0|000|12.035916|-1.000000|-1.000000|0.000000|-1|-1|0|1|-1|-1
1873|134|43|HOH|X|232|1|0|000|10.911910|-1.000000|-1.000000|0.000000|-1|-1|0|1|-1|-1
1873|135|43|HOH|X|233|1|0|000|17.030998|-1.000000|-1.000000|0.000000|-1|-1|0|1|-1|-1
1873|136|43|HOH|X|234|1|0|000|11.416826|-1.000000|-1.000000|0.000000|-1|-1|0|1|-1|-1
1873|137|43|HOH|X|235|1|0|000|13.781846|-1.000000|-1.000000|0.000000|-1|-1|0|1|-1|-1
1873|138|43|HOH|X|236|1|0|000|15.998759|-1.000000|-1.000000|0.000000|-1|-1|0|1|-1|-1
1873|139|43|HOH|X|237|1|0|000|15.564057|-1.000000|-1.000000|0.000000|-1|-1|0|1|-1|-1
1873|140|43|HOH|X|238|1|0|000|9.993226|-1.000000|-1.000000|0.000000|-1|-1|0|1|-1|-1
1873|141|43|HOH|X|239|1|0|000|15.014836|-1.000000|-1.000000|0.000000|-1|-1|0|1|-1|-1
1873|142|43|HOH|X|240|1|0|000|14.719234|-1.000000|-1.000000|0.000000|-1|-1|0|1|-1|-1
1873|143|43|HOH|X|241|1|0|000|9.028628|-1.000000|-1.000000|0.000000|-1|-1|0|1|-1|-1
1873|144|43|HOH|X|242|1|0|000|18.904819|-1.000000|-1.000000|0.000000|-1|-1|0|1|-1|-1
1873|145|43|HOH|X|243|1|0|000|14.747862|-1.000000|-1.000000|0.000000|-1|-1|0|1|-1|-1
1873|146|43|HOH|X|244|1|0|000|16.156645|-1.000000|-1.000000|0.000000|-1|-1|0|1|-1|-1
1873|147|43|HOH|X|245|1|0|000|14.570924|-1.000000|-1.000000|0.000000|-1|-1|0|1|-1|-1
1873|148|43|HOH|X|246|1|0|000|11.603374|-1.000000|-1.000000|0.000000|-1|-1|0|1|-1|-1
1873|149|43|HOH|X|247|1|0|000|14.243888|-1.000000|-1.000000|0.000000|-1|-1|0|1|-1|-1
1873|150|43|HOH|X|248|1|0|000|11.096962|-1.000000|-1.000000|0.000000|-1|-1|0|1|-1|-1
1873|151|43|HOH|X|249|1|0|000|13.333952|-1.000000|-1.000000|0.000000|-1|-1|0|1|-1|-1
1873|152|43|HOH|X|250|1|0|000|15.760536|-1.000000|-1.000000|0.000000|-1|-1|0|1|-1|-1
1873|153|43|HOH|X|251|1|0|000|18.388344|-1.000000|-1.000000|0.000000|-1|-1|0|1|-1|-1
1873|154|43|HOH|X|252|1|0|000|12.508688|-1.000000|-1.000000|0.000000|-1|-1|0|1|-1|-1
1873|155|43|HOH|X|253|1|0|000|13.034941|-1.000000|-1.000000|0.000000|-1|-1|0|1|-1|-1
1873|156|43|HOH|X|254|1|0|000|20.604502|-1.000000|-1.000000|0.000000|-1|-1|0|1|-1|-1
1873|157|43|HOH|X|255|1|0|000|18.079433|-1.000000|-1.000000|0.000000|-1|-1|0|1|-1|-1
1873|158|43|HOH|X|256|1|0|000|14.422174|-1.000000|-1.000000|0.000000|-1|-1|0|1|-1|-1
1873|159|43|HOH|X|257|1|0|000|13.623455|-1.000000|-1.000000|0.000000|-1|-1|0|1|-1|-1
1873|160|43|HOH|X|258|1|0|000|14.990989|-1.000000|-1.000000|0.000000|-1|-1|0|1|-1|-1
1873|161|43|HOH|X|259|1|0|000|13.515511|-1.000000|-1.000000|0.000000|-1|-1|0|1|-1|-1
1873|162|43|HOH|X|260|1|0|000|18.858583|-1.000000|-1.000000|0.000000|-1|-1|0|1|-1|-1
1873|163|43|HOH|X|261|1|0|000|12.489486|-1.000000|-1.000000|0.000000|-1|-1|0|1|-1|-1
1873|164|43|HOH|X|262|1|0|000|11.098257|-1.000000|-1.000000|0.000000|-1|-1|0|1|-1|-1
1873|165|43|HOH|X|263|1|0|000|14.590621|-1.000000|-1.000000|0.000000|-1|-1|0|1|-1|-1
1873|166|43|HOH|X|264|1|0|000|15.543309|-1.000000|-1.000000|0.000000|-1|-1|0|1|-1|-1
1873|167|43|HOH|X|265|1|0|000|17.980253|-1.000000|-1.000000|0.000000|-1|-1|0|1|-1|-1
1873|168|43|HOH|X|266|1|0|000|14.199265|-1.000000|-1.000000|0.000000|-1|-1|0|1|-1|-1
1873|169|43|HOH|X|267|1|0|000|19.377905|-1.000000|-1.000000|0.000000|-1|-1|0|1|-1|-1
1873|170|43|HOH|X|268|1|0|000|17.786039|-1.000000|-1.000000|0.000000|-1|-1|0|1|-1|-1
1873|171|43|HOH|X|269|1|0|000|19.145174|-1.000000|-1.000000|0.000000|-1|-1|0|1|-1|-1
1873|172|43|HOH|X|270|1|0|000|13.732577|-1.000000|-1.000000|0.000000|-1|-1|0|1|-1|-1
1873|173|43|HOH|X|271|1|0|000|16.666061|-1.000000|-1.000000|0.000000|-1|-1|0|1|-1|-1
1873|174|43|HOH|X|272|1|0|000|19.840448|-1.000000|-1.000000|0.000000|-1|-1|0|1|-1|-1
1873|175|43|HOH|X|273|1|0|000|14.075500|-1.000000|-1.000000|0.000000|-1|-1|0|1|-1|-1
1873|176|43|HOH|X|274|1|0|000|11.995180|-1.000000|-1.000000|0.000000|-1|-1|0|1|-1|-1
1873|177|43|HOH|X|275|1|0|000|17.885454|-1.000000|-1.000000|0.000000|-1|-1|0|1|-1|-1
1873|178|43|HOH|X|276|1|0|000|16.015989|-1.000000|-1.000000|0.000000|-1|-1|0|1|-1|-1
1873|179|43|HOH|X|277|1|0|000|12.383062|-1.000000|-1.000000|0.000000|-1|-1|0|1|-1|-1
1873|180|43|HOH|X|278|1|0|000|14.621458|-1.000000|-1.000000|0.000000|-1|-1|0|1|-1|-1
1873|181|43|HOH|X|279|1|0|000|18.661516|-1.000000|-1.000000|0.000000|-1|-1|0|1|-1|-1
1873|182|43|HOH|X|280|1|0|000|11.887666|-1.000000|-1.000000|0.000000|-1|-1|0|1|-1|-1
1873|183|43|HOH|X|281|1|0|000|14.257528|-1.000000|-1.000000|0.000000|-1|-1|0|1|-1|-1
1873|184|43|HOH|X|282|2|0|000|7.830370|-1.000000|-1.000000|0.000000|-1|-1|0|1|-1|-1
1873|185|43|HOH|X|283|1|0|000|20.679409|-1.000000|-1.000000|0.000000|-1|-1|0|1|-1|-1
1873|186|43|HOH|X|284|1|0|000|17.831062|-1.000000|-1.000000|0.000000|-1|-1|0|1|-1|-1
1873|187|43|HOH|X|285|1|0|000|12.663811|-1.000000|-1.000000|0.000000|-1|-1|0|1|-1|-1
1873|188|43|HOH|X|286|1|0|000|15.409942|-1.000000|-1.000000|0.000000|-1|-1|0|1|-1|-1
1873|189|43|HOH|X|287|1|0|000|17.179876|-1.000000|-1.000000|0.000000|-1|-1|0|1|-1|-1
1873|190|43|HOH|X|288|1|0|000|14.199368|-1.000000|-1.000000|0.000000|-1|-1|0|1|-1|-1
1873|191|43|HOH|X|289|1|0|000|13.889629|-1.000000|-1.000000|0.000000|-1|-1|0|1|-1|-1
1873|192|43|HOH|X|290|1|0|000|15.182799|-1.000000|-1.000000|0.000000|-1|-1|0|1|-1|-1
1873|193|43|HOH|X|291|1|0|000|19.152920|-1.000000|-1.000000|0.000000|-1|-1|0|1|-1|-1
1873|194|43|HOH|X|292|1|0|000|12.979322|-1.000000|-1.000000|0.000000|-1|-1|0|1|-1|-1
1873|195|43|HOH|X|293|1|0|000|15.688936|-1.000000|-1.000000|0.000000|-1|-1|0|1|-1|-1
1873|196|43|HOH|X|294|1|0|000|17.920376|-1.000000|-1.000000|0.000000|-1|-1|0|1|-1|-1
1873|197|43|HOH|X|295|1|0|000|11.074484|-1.000000|-1.000000|0.000000|-1|-1|0|1|-1|-1
1873|198|43|HOH|X|296|1|0|000|17.400085|-1.000000|-1.000000|0.000000|-1|-1|0|1|-1|-1
1873|199|43|HOH|X|297|1|0|000|14.832727|-1.000000|-1.000000|0.000000|-1|-1|0|1|-1|-1
1873|200|43|HOH|X|298|1|0|000|15.621611|-1.000000|-1.000000|0.000000|-1|-1|0|1|-1|-1
1873|201|43|HOH|X|299|1|0|000|12.375648|-1.000000|-1.000000|0.000000|-1|-1|0|1|-1|-1
1873|202|43|HOH|X|300|1|0|000|11.519006|-1.000000|-1.000000|0.000000|-1|-1|0|1|-1|-1
1873|203|43|HOH|X|301|1|0|000|19.456804|-1.000000|-1.000000|0.000000|-1|-1|0|1|-1|-1
1873|204|43|HOH|X|302|1|0|000|14.246599|-1.000000|-1.000000|0.000000|-1|-1|0|1|-1|-1
1873|205|43|HOH|X|303|1|0|000|16.710630|-1.000000|-1.000000|0.000000|-1|-1|0|1|-1|-1
1873|206|43|HOH|X|304|1|0|000|10.453994|-1.000000|-1.000000|0.000000|-1|-1|0|1|-1|-1
1873|207|43|HOH|X|305|1|0|000|15.373851|-1.000000|-1.000000|0.000000|-1|-1|0|1|-1|-1
1873|208|43|HOH|X|306|1|0|000|14.923305|-1.000000|-1.000000|0.000000|-1|-1|0|1|-1|-1
1873|209|43|HOH|X|307|1|0|000|16.033556|-1.000000|-1.000000|0.000000|-1|-1|0|1|-1|-1
1873|210|43|HOH|X|308|1|0|000|19.443144|-1.000000|-1.000000|0.000000|-1|-1|0|1|-1|-1
1873|211|43|HOH|X|309|1|0|000|15.491049|-1.000000|-1.000000|0.000000|-1|-1|0|1|-1|-1
1873|212|43|HOH|X|310|1|0|000|18.030304|-1.000000|-1.000000|0.000000|-1|-1|0|1|-1|-1
1873|213|43|HOH|X|311|1|0|000|13.529268|-1.000000|-1.000000|0.000000|-1|-1|0|1|-1|-1
1873|214|43|HOH|X|312|1|0|000|17.591747|-1.000000|-1.000000|0.000000|-1|-1|0|1|-1|-1
1873|215|43|HOH|X|313|1|0|000|14.727648|-1.000000|-1.000000|0.000000|-1|-1|0|1|-1|-1
1873|216|43|HOH|X|314|1|0|000|17.775793|-1.000000|-1.000000|0.000000|-1|-1|0|1|-1|-1
1873|217|43|HOH|X|315|1|0|000|16.480610|-1.000000|-1.000000|0.000000|-1|-1|0|1|-1|-1
1873|218|43|HOH|X|316|1|0|000|13.743157|-1.000000|-1.000000|0.000000|-1|-1|0|1|-1|-1
1873|219|43|HOH|X|317|1|0|000|12.349188|-1.000000|-1.000000|0.000000|-1|-1|0|1|-1|-1
1873|220|43|HOH|X|318|1|0|000|10.175116|-1.000000|-1.000000|0.000000|-1|-1|0|1|-1|-1
1873|221|43|HOH|X|319|1|0|000|16.042011|-1.000000|-1.000000|0.000000|-1|-1|0|1|-1|-1
