1873|0|-1|26|0|129|VAL|543|3|824|-O--|428|8|2|0011|3.578766|0.388681|0.879912|0.273279|16.607374|0.008168|0.012828
1873|1|-1|58|1|116|ASP|2143|10|811|-O--|428|8|2|0011|3.385977|-0.849976|0.157709|0.502661|71.347244|0.013754|0.021600
1873|2|-1|64|1|110|ASP|2143|10|805|-O--|428|8|2|0011|2.859792|0.000000|0.342333|0.939579|27.168139|0.057023|0.089551
1873|3|-1|70|1|129|ASP|2143|13|824|-OD1|1028|8|2|0011|2.916835|-0.516313|0.760070|-0.394606|4.405694|0.048876|0.076756
1873|4|-1|71|1|209|ASP|2143|13|905|-OD1|1028|8|2|0011|3.848417|-0.085750|0.807865|0.583097|44.581001|0.003941|0.006189
1873|5|-1|73|1|190|ASP|2143|13|886|-OD1|1028|8|2|0011|3.293442|0.841369|0.505247|-0.191896|52.451500|0.017662|0.027737
1873|6|-1|74|1|190|ASP|2143|14|886|-OD2|1028|8|2|0011|3.617641|0.438407|0.620570|-0.650148|18.605387|0.007354|0.011549
1873|7|-1|273|7|205|ASP|2143|53|901|-OD1|1028|8|2|0011|2.740149|-0.108388|0.993742|0.027006|12.250731|0.078792|0.123738
1873|8|-1|279|7|205|ASP|2143|54|901|-OD2|1028|8|2|0011|3.211312|-0.057920|0.765731|-0.640548|4.487714|0.022052|0.034631
1873|9|-1|303|8|157|ASP|2143|61|852|-OD1|1028|8|2|0011|3.404792|-0.200012|0.839699|0.504877|9.240252|0.013072|0.020529
1873|10|-1|306|8|157|ASP|2143|62|852|-OD2|1028|8|2|0011|3.940913|0.057347|0.998246|-0.014717|0.181520|0.003069|0.004820
1873|11|-1|322|9|213|GLY|143|66|909|-O--|428|8|2|0011|3.559313|0.069676|0.714183|-0.696483|57.195065|0.008609|0.013521
1873|12|-1|340|10|213|SER|1143|70|909|-O--|428|8|2|0011|2.944442|0.848718|0.068604|-0.524377|87.795563|0.045362|0.071238
1873|13|-1|357|11|202|LEU|743|76|898|-O--|428|8|2|0011|3.752459|-0.983622|0.165491|0.071420|9.937855|0.005108|0.008022
1873|14|-1|414|13|143|PHE|3543|89|838|-O--|428|8|2|0011|3.880419|-0.187351|-0.738580|-0.647611|10.870941|0.003615|0.005677
1873|15|-1|420|13|122|PHE|3543|89|817|-O--|428|8|2|0011|2.717243|-0.380901|-0.316129|0.868894|11.961806|0.083824|0.131640
1873|16|-1|519|16|206|SER|1143|115|902|-O--|428|8|2|0011|2.955881|-0.308199|-0.946249|0.098110|28.705019|0.043981|0.069069
1873|17|-1|534|16|206|SER|1143|118|902|-OG-|1728|8|3|0011|3.045449|-0.477105|-0.256448|-0.840598|40.548023|0.034525|0.054219
1873|18|-1|536|16|143|SER|1143|119|838|-OG-|1728|8|3|0011|3.328855|0.597503|-0.375805|-0.708351|3.344172|0.016050|0.025206
1873|19|-1|537|16|122|SER|1143|119|817|-OG-|1728|8|3|0011|3.118902|0.538972|0.242393|0.806694|4.000192|0.028308|0.044456
1873|20|-1|560|17|180|GLU|2543|128|875|-OE1|1028|8|2|0011|3.189558|-0.529227|0.804814|-0.268689|28.245407|0.023387|0.036728
1873|21|-1|561|17|192|GLU|2543|128|888|-OE1|1028|8|2|0011|2.881804|-0.184607|0.733221|0.654452|90.113640|0.053729|0.084378
1873|22|-1|566|17|180|GLU|2543|130|875|-OE2|1028|8|2|0011|2.609940|-0.355564|0.829521|0.430661|18.336380|0.112026|0.175929
1873|23|-1|633|19|158|SER|1143|147|853|-O--|428|8|2|0011|3.556387|-0.312958|-0.556182|0.769882|5.074189|0.008678|0.013628
1873|24|-1|634|19|121|SER|1143|147|816|-O--|428|8|2|0011|3.677554|-0.744788|0.651792|-0.143030|38.401714|0.006254|0.009822
1873|25|-1|635|19|113|SER|1143|147|808|-O--|428|8|2|0011|3.635819|-0.517627|0.246437|0.819348|34.336067|0.007001|0.010995
1873|26|-1|637|19|155|SER|1143|147|850|-O--|428|8|2|0011|2.877872|0.720324|0.039265|0.692526|38.916466|0.054303|0.085280
1873|27|-1|656|19|173|SER|1143|150|868|-OG-|1728|8|3|0011|2.952703|-0.954718|-0.286856|-0.078911|16.720778|0.044360|0.069665
1873|28|-1|657|19|170|SER|1143|150|865|-OG-|1728|8|3|0011|3.604406|-0.530462|0.612861|0.585672|81.396866|0.007622|0.011969
1873|29|-1|659|19|180|SER|1143|150|875|-OG-|1728|8|3|0011|2.458548|-0.025218|-0.825284|0.564155|9.978117|0.168662|0.264872
1873|30|-1|661|19|170|SER|1143|151|865|-OG-|1728|8|3|0011|2.830459|-0.908333|0.103517|0.405234|85.049484|0.061728|0.096939
1873|31|-1|662|19|158|SER|1143|151|853|-OG-|1728|8|3|0011|3.129881|0.582770|-0.404488|0.704818|4.620401|0.027481|0.043157
1873|32|-1|663|19|121|SER|1143|151|816|-OG-|1728|8|3|0011|3.290054|0.060181|0.944969|-0.321576|37.170067|0.017825|0.027992
1873|33|-1|664|19|113|SER|1143|151|808|-OG-|1728|8|3|0011|3.112313|0.338976|0.516658|0.786232|33.192162|0.028817|0.045255
1873|34|-1|732|21|134|PRO|1943|162|829|-O--|428|8|2|0011|3.980271|0.704475|-0.587146|-0.398717|2.523098|0.002760|0.004334
1873|35|-1|762|22|123|ALA|343|169|818|-O--|428|8|2|0011|2.733574|-0.757616|0.523125|0.390331|11.104864|0.080205|0.125956
1873|36|-1|807|24|134|GLU|2543|178|829|-O--|428|8|2|0011|2.714456|-0.698851|-0.559965|-0.445025|0.347717|0.084458|0.132635
1873|37|-1|979|30|142|ASN|2343|231|837|-O--|428|8|2|0011|3.042683|-0.116673|0.651070|0.749997|53.580910|0.034784|0.054626
1873|38|-1|1022|31|196|ASN|2343|239|892|-O--|428|8|2|0011|3.297907|-0.031232|-0.037296|0.998816|48.204224|0.017450|0.027405
1873|39|-1|1034|31|205|ASN|2343|242|901|-OD1|828|8|2|0011|3.926835|-0.565850|0.319341|0.760154|20.752676|0.003189|0.005007
1873|40|-1|1035|31|196|ASN|2343|242|892|-OD1|828|8|2|0011|3.515149|0.680768|-0.570957|0.458872|32.649258|0.009701|0.015235
1873|41|-1|1036|31|215|ASN|2343|242|911|-OD1|828|8|2|0011|2.958823|-0.017913|0.962207|-0.271730|14.956129|0.043632|0.068522
1873|42|-1|1037|31|142|ASN|2343|242|837|-OD1|828|8|2|0011|3.938347|0.327295|0.791957|-0.515444|28.391998|0.003091|0.004854
1873|43|-1|1053|32|213|ALA|343|247|909|-O--|428|8|2|0011|2.837119|-0.633036|-0.772614|-0.048287|74.591835|0.060626|0.095210
1873|44|-1|1078|33|213|GLY|143|252|909|-O--|428|8|2|0011|3.504530|-0.735049|0.164644|0.657720|58.207283|0.009983|0.015678
1873|45|-1|1319|40|176|PHE|3543|307|871|-O--|428|8|2|0011|3.557550|-0.061559|-0.731964|-0.678556|35.270271|0.008651|0.013585
1873|46|-1|1327|40|140|PHE|3543|307|835|-O--|428|8|2|0011|2.678407|0.789275|-0.372236|-0.488349|12.756252|0.093101|0.146208
1873|47|-1|1387|41|218|ASP|2143|321|914|-OD1|1028|8|2|0011|3.598608|-0.676373|-0.552714|0.486855|3.982155|0.007742|0.012158
1873|48|-1|1396|41|218|ASP|2143|322|914|-OD2|1028|8|2|0011|2.542478|-0.835012|-0.534125|-0.132155|4.703600|0.134432|0.211116
1873|49|-1|1397|41|187|ASP|2143|322|883|-OD2|1028|8|2|0011|3.004807|-0.705204|-0.328474|0.628325|28.916405|0.038533|0.060514
1873|50|-1|1398|41|117|ASP|2143|322|812|-OD2|1028|8|2|0011|2.932242|0.646604|-0.233951|0.726065|5.167886|0.046882|0.073626
1873|51|-1|1416|42|105|GLU|2543|326|800|-O--|428|8|2|0011|3.485815|-0.410808|-0.432897|-0.802395|61.974506|0.010501|0.016492
1873|52|-1|1418|42|107|GLU|2543|326|802|-O--|428|8|2|0011|2.794415|-0.893568|0.257299|0.367877|8.021142|0.068044|0.106858
1873|53|-1|1422|42|141|GLU|2543|326|836|-O--|428|8|2|0011|2.722986|0.176644|0.780760|-0.599341|10.303432|0.082533|0.129613
1873|54|-1|1436|42|214|GLU|2543|330|910|-OE1|1028|8|2|0011|3.221896|0.763526|-0.055247|-0.643410|1.408738|0.021430|0.033654
1873|55|-1|1437|42|214|GLU|2543|331|910|-OE2|1028|8|2|0011|3.227675|0.549002|-0.689041|-0.473096|0.958601|0.021098|0.033133
1873|56|-1|1449|43|107|ASP|2143|335|802|-O--|428|8|2|0011|3.421361|0.014322|0.867199|-0.497756|3.080889|0.012500|0.019630
1873|57|-1|1450|43|195|ASP|2143|335|891|-O--|428|8|2|0011|3.849400|-0.669195|0.707383|0.227568|50.825642|0.003931|0.006173
1873|58|-1|1455|43|211|ASP|2143|338|907|-OD1|1028|8|2|0011|3.611600|-0.276886|-0.371857|0.886034|8.362777|0.007475|0.011739
1873|59|-1|1456|43|105|ASP|2143|339|800|-OD2|1028|8|2|0011|3.382746|-0.401449|0.717169|-0.569655|5.815332|0.013875|0.021789
1873|60|-1|1472|44|125|ALA|343|343|820|-O--|428|8|2|0011|3.065378|-0.536312|-0.112874|0.836438|5.891665|0.032714|0.051376
1873|61|-1|1510|45|109|VAL|543|348|804|-O--|428|8|2|0011|2.728130|-0.940938|-0.293608|-0.168613|60.675762|0.081394|0.127823
1873|62|-1|1511|45|112|VAL|543|348|807|-O--|428|8|2|0011|2.736256|0.037277|-0.082595|-0.995886|26.188499|0.079625|0.125046
1873|63|-1|1512|45|107|VAL|543|348|802|-O--|428|8|2|0011|2.898791|0.264248|-0.843800|-0.467091|18.277122|0.051318|0.080592
1873|64|-1|1513|45|195|VAL|543|348|891|-O--|428|8|2|0011|3.491792|-0.532391|-0.770378|0.350823|104.741364|0.010333|0.016227
1873|65|-1|1514|45|149|VAL|543|348|844|-O--|428|8|2|0011|3.468735|-0.449732|-0.008649|0.893122|20.688969|0.010997|0.017271
1873|66|-1|1555|46|112|PRO|1943|355|807|-O--|428|8|2|0011|3.171553|-0.122653|-0.930459|-0.345257|28.551643|0.024554|0.038560
1873|67|-1|1556|46|106|PRO|1943|355|801|-O--|428|8|2|0011|3.401876|0.452103|-0.510601|-0.731362|30.133825|0.013176|0.020691
1873|68|-1|1611|47|181|SER|1143|363|876|-O--|428|8|2|0011|2.654022|-0.790121|0.120572|0.600975|21.061275|0.099443|0.156169
1873|69|-1|1615|47|217|SER|1143|363|913|-O--|428|8|2|0011|2.798054|0.570754|0.648308|0.503922|7.511468|0.067378|0.105812
1873|70|-1|1624|47|169|SER|1143|366|864|-OG-|1728|8|3|0011|3.550216|0.400821|-0.915156|-0.042814|44.585415|0.008824|0.013857
1873|71|-1|1626|47|153|SER|1143|367|848|-OG-|1728|8|3|0011|3.946149|-0.232632|0.250877|0.939650|20.147528|0.003026|0.004753
1873|72|-1|1627|47|169|SER|1143|367|864|-OG-|1728|8|3|0011|2.938714|0.569297|-0.685674|-0.453599|47.365845|0.046069|0.072349
1873|73|-1|1646|48|124|GLY|143|371|819|-O--|428|8|2|0011|2.812904|0.357993|0.808062|0.467843|8.284218|0.064727|0.101649
1873|74|-1|1658|49|106|VAL|543|375|801|-O--|428|8|2|0011|2.719859|-0.822837|-0.564367|-0.066547|27.722385|0.083233|0.130713
1873|75|-1|1659|49|168|VAL|543|375|863|-O--|428|8|2|0011|3.240207|0.609837|-0.776802|-0.157089|4.893760|0.020395|0.032029
1873|76|-1|1660|49|141|VAL|543|375|836|-O--|428|8|2|0011|3.601014|-0.145237|-0.989166|-0.021383|21.745638|0.007692|0.012079
1873|77|-1|1704|50|199|ASP|2143|385|895|-OD1|1028|8|2|0011|3.192662|0.125914|-0.991962|-0.012528|46.924713|0.023192|0.036421
1873|78|-1|1771|52|179|SER|1143|397|874|-O--|428|8|2|0011|2.843556|0.683299|-0.730072|-0.009847|13.951100|0.059581|0.093568
1873|79|-1|1794|53|220|LYS|2943|403|916|-O--|428|8|2|0011|2.752379|0.724464|-0.051228|0.687406|27.464947|0.076230|0.119714
1873|80|-1|1839|55|179|SER|1143|421|874|-O--|428|8|2|0011|3.246005|-0.016636|-0.275416|-0.961181|17.344488|0.020078|0.031531
1873|81|-1|1842|55|197|SER|1143|421|893|-O--|428|8|2|0011|2.837472|0.308021|0.945207|-0.108195|57.721375|0.060569|0.095119
1873|82|-1|1848|55|150|SER|1143|423|845|-OG-|1728|8|3|0011|3.664894|0.248848|-0.579553|-0.776011|30.179321|0.006472|0.010164
1873|83|-1|1865|56|136|MET|1743|427|831|-O--|428|8|2|0011|2.726341|-0.486733|-0.106003|-0.867095|2.241546|0.081788|0.128442
1873|84|-1|1937|57|165|SER|1143|439|860|-OG-|1728|8|3|0011|3.617630|-0.672816|0.037041|-0.738882|51.685089|0.007354|0.011549
1873|85|-1|1938|57|207|SER|1143|439|903|-OG-|1728|8|3|0011|3.912709|-0.410457|-0.563548|-0.716895|33.807259|0.003313|0.005202
1873|86|-1|1939|57|133|SER|1143|439|828|-OG-|1728|8|3|0011|3.210906|-0.015572|0.633466|0.773614|9.108429|0.022076|0.034669
1873|87|-1|1940|57|189|SER|1143|439|885|-OG-|1728|8|3|0011|3.600131|0.711918|-0.375264|-0.593590|51.982311|0.007710|0.012108
1873|88|-1|1944|57|207|SER|1143|440|903|-OG-|1728|8|3|0011|2.884221|-0.577972|0.113029|-0.808191|31.351776|0.053380|0.083829
1873|89|-1|1948|57|189|SER|1143|440|885|-OG-|1728|8|3|0011|3.227689|0.775168|0.365587|-0.515230|48.711388|0.021097|0.033132
1873|90|-1|1962|58|194|GLU|2543|444|890|-O--|428|8|2|0011|2.685030|-0.412286|-0.727366|0.548597|0.471425|0.091449|0.143615
1873|91|-1|1967|58|221|GLU|2543|444|917|-O--|428|8|2|0011|3.667521|0.935509|-0.285751|0.207770|41.261459|0.006426|0.010092
1873|92|-1|1978|58|172|GLU|2543|448|867|-OE1|1028|8|2|0011|3.639476|-0.912769|0.028576|-0.407476|23.264072|0.006932|0.010887
1873|93|-1|1979|58|159|GLU|2543|448|854|-OE1|1028|8|2|0011|2.682029|-0.130125|0.857932|-0.497010|5.579083|0.092194|0.144784
1873|94|-1|1980|58|182|GLU|2543|449|877|-OE2|1028|8|2|0011|2.640161|-0.620417|-0.469290|0.628371|3.441845|0.103239|0.162131
1873|95|-1|1981|58|172|GLU|2543|449|867|-OE2|1028|8|2|0011|2.744953|-0.529699|0.353011|-0.771234|23.264072|0.077776|0.122141
1873|96|-1|2004|59|221|GLU|2543|453|917|-O--|428|8|2|0011|3.050622|-0.047859|-0.919812|0.389429|43.300446|0.034045|0.053466
1873|97|-1|2005|59|146|GLU|2543|453|841|-O--|428|8|2|0011|3.382091|0.613526|0.381717|0.691288|9.298108|0.013899|0.021828
1873|98|-1|2053|60|133|ASP|2143|471|828|-OD1|1028|8|2|0011|2.701202|-0.693765|0.074411|-0.716347|19.329229|0.087538|0.137473
1873|99|-1|2055|60|160|ASP|2143|473|855|-OD2|1028|8|2|0011|2.811005|0.772677|0.033084|0.633936|22.765577|0.065060|0.102172
1873|100|-1|2056|60|133|ASP|2143|474|828|-OD2|1028|8|2|0011|2.683651|-0.849216|0.464293|0.251524|9.267779|0.091790|0.144151
1873|101|-1|2071|61|146|LEU|743|478|841|-O--|428|8|2|0011|3.484903|0.379350|-0.307613|-0.872621|13.280125|0.010527|0.016532
1873|102|-1|2076|61|160|LEU|743|478|855|-O--|428|8|2|0011|2.813496|0.343345|0.803982|-0.485517|18.686199|0.064623|0.101487
1873|103|-1|2122|63|171|ASN|2343|497|866|-OD1|828|8|2|0011|3.177917|0.560115|-0.770631|-0.303973|26.488192|0.024135|0.037902
1873|104|-1|2123|63|177|ASN|2343|497|872|-OD1|828|8|2|0011|2.757904|0.171145|-0.581239|0.795532|12.240686|0.075100|0.117940
1873|105|-1|2170|65|193|LYS|2943|507|889|-O--|428|8|2|0011|3.668463|0.084504|0.490396|0.867393|61.536098|0.006410|0.010066
1873|106|-1|2171|65|203|LYS|2943|507|899|-O--|428|8|2|0011|2.999111|0.831246|-0.421792|0.362107|46.699806|0.039131|0.061453
1873|107|-1|2203|66|166|GLY|143|516|861|-O--|428|8|2|0011|3.759130|0.234363|0.620888|-0.748045|126.606071|0.005017|0.007879
1873|108|-1|2204|66|139|GLY|143|516|834|-O--|428|8|2|0011|2.802620|-0.288302|0.714688|0.637262|26.482166|0.066551|0.104514
1873|109|-1|2235|68|164|THR|1343|529|859|-O--|428|8|2|0011|2.994121|0.141277|-0.371060|-0.917799|36.725815|0.039662|0.062287
1873|110|-1|2237|68|104|THR|1343|529|799|-O--|428|8|2|0011|3.408506|0.913010|0.257297|0.316561|19.884556|0.012942|0.020324
1873|111|-1|2240|68|104|THR|1343|531|799|-OG1|1728|8|3|0011|3.649902|0.869065|-0.406312|-0.282200|15.387569|0.006740|0.010584
1873|112|-1|2241|68|166|THR|1343|531|861|-OG1|1728|8|3|0011|3.693763|0.968931|0.116954|0.217934|109.266525|0.005986|0.009401
1873|113|-1|2289|70|111|GLU|2543|547|806|-O--|428|8|2|0011|2.873131|-0.049075|0.021579|-0.998562|48.204540|0.055004|0.086380
1873|114|-1|2290|70|201|GLU|2543|547|897|-O--|428|8|2|0011|3.269840|0.752025|0.652326|-0.094501|106.222557|0.018826|0.029564
1873|115|-1|2291|70|131|GLU|2543|547|826|-O--|428|8|2|0011|3.692744|0.994383|-0.053619|0.091260|15.793246|0.006003|0.009427
1873|116|-1|2303|70|201|GLU|2543|551|897|-OE1|1028|8|2|0011|2.920589|0.850513|-0.358489|-0.384854|44.185116|0.048382|0.075981
1873|117|-1|2357|72|219|ALA|343|567|915|-O--|428|8|2|0011|2.853681|0.241443|-0.312228|-0.918814|2.398464|0.057973|0.091042
1873|118|-1|2359|72|147|ALA|343|567|842|-O--|428|8|2|0011|2.973449|-0.473524|0.862971|-0.176227|2.821903|0.041941|0.065866
1873|119|-1|2360|72|148|ALA|343|567|843|-O--|428|8|2|0011|3.122659|0.954635|-0.078459|-0.287256|4.872069|0.028022|0.044007
1873|120|-1|2387|73|134|LEU|743|572|829|-O--|428|8|2|0011|3.385937|0.524522|-0.206147|0.826063|3.037804|0.013755|0.021602
1873|121|-1|2422|74|103|SER|1143|581|798|-O--|428|8|2|0011|2.795409|-0.775200|0.613148|0.152035|20.448589|0.067861|0.106571
1873|122|-1|2434|74|126|SER|1143|584|821|-OG-|1728|8|3|0011|3.415310|0.048312|-0.950719|0.306267|0.849660|0.012706|0.019953
1873|123|-1|2435|74|128|SER|1143|584|823|-OG-|1728|8|3|0011|3.229743|-0.521713|0.035297|-0.852390|7.679920|0.020980|0.032948
1873|124|-1|2436|74|147|SER|1143|585|842|-OG-|1728|8|3|0011|2.706287|0.619299|0.191037|0.761560|1.631656|0.086343|0.135596
1873|125|-1|2471|75|217|ASP|2143|592|913|-OD1|1028|8|2|0011|3.703814|-0.352609|-0.914193|-0.199795|16.148649|0.005826|0.009149
1873|126|-1|2472|75|128|ASP|2143|592|823|-OD1|1028|8|2|0011|2.556281|0.464346|0.540238|-0.701802|2.472532|0.129509|0.203385
1873|127|-1|2473|75|124|ASP|2143|592|819|-OD1|1028|8|2|0011|3.933777|0.545278|-0.475370|-0.690431|20.464237|0.003129|0.004914
1873|128|-1|2474|75|217|ASP|2143|593|913|-OD2|1028|8|2|0011|2.127121|-0.732446|-0.673210|0.101545|20.628830|0.413081|0.648716
1873|129|-1|2475|75|128|ASP|2143|593|823|-OD2|1028|8|2|0011|3.563523|0.262381|0.935872|-0.235161|5.047750|0.008512|0.013368
1873|130|-1|2476|75|124|ASP|2143|593|819|-OD2|1028|8|2|0011|2.586138|0.731979|0.032481|-0.680552|25.545544|0.119469|0.187618
1873|131|-1|2490|76|186|LYS|2943|597|882|-O--|428|8|2|0011|2.692171|-0.195753|0.245527|-0.949419|35.871994|0.089701|0.140869
1873|132|-1|2560|78|152|GLU|2543|610|847|-O--|428|8|2|0011|3.956783|-0.975540|0.192075|-0.106905|25.362738|0.002941|0.004618
1873|133|-1|2561|78|149|GLU|2543|610|844|-O--|428|8|2|0011|2.623001|-0.717499|-0.402592|-0.568432|27.245497|0.108140|0.169827
1873|134|-1|2562|78|125|GLU|2543|610|820|-O--|428|8|2|0011|3.562341|0.130532|-0.895198|0.426125|9.290379|0.008539|0.013410
1873|135|-1|2580|78|183|GLU|2543|614|878|-OE1|1028|8|2|0011|2.968325|0.393151|-0.440316|-0.807189|102.561424|0.042526|0.066784
1873|136|-1|2599|79|125|TYR|3743|619|820|-O--|428|8|2|0011|3.932473|-0.739992|-0.535795|-0.406614|8.683982|0.003140|0.004932
1873|137|-1|2619|79|126|TYR|3743|627|821|-OH-|1828|8|3|0011|2.800431|0.578126|0.639544|-0.506709|16.465111|0.066946|0.105134
1873|138|-1|2639|80|125|THR|1343|633|820|-OG1|1728|8|3|0011|2.827721|-0.752196|0.610385|-0.248256|5.962305|0.062186|0.097659
1873|139|-1|2722|82|191|TYR|3743|657|887|-OH-|1828|8|3|0011|3.999332|0.075263|-0.771629|-0.631605|83.287315|0.002621|0.004116
1873|140|-1|2723|82|182|TYR|3743|657|877|-OH-|1828|8|3|0011|2.616655|0.701659|-0.616436|-0.357325|4.640511|0.110011|0.172765
1873|141|-1|2724|82|140|TYR|3743|657|835|-OH-|1828|8|3|0011|3.036357|-0.171258|0.819403|-0.547037|1.630966|0.035384|0.055568
1873|142|-1|2795|84|163|SER|1143|669|858|-OG-|1728|8|3|0011|2.777941|-0.788714|-0.395257|-0.470853|6.893521|0.071142|0.111723
1873|143|-1|2798|84|194|SER|1143|669|890|-OG-|1728|8|3|0011|2.666460|0.991202|0.108008|0.076505|5.583333|0.096156|0.151007
1873|144|-1|2813|85|120|PRO|1943|673|815|-O--|428|8|2|0011|2.942902|-0.783920|-0.612660|0.100581|16.087790|0.045551|0.071535
1873|145|-1|2855|86|120|HIS|3343|680|815|-O--|428|8|2|0011|3.784589|0.450775|-0.734822|-0.506792|24.489992|0.004683|0.007355
1873|146|-1|2881|87|204|GLN|2743|691|900|-O--|428|8|2|0011|2.614485|-0.782563|-0.507175|0.361066|30.867289|0.110658|0.173781
1873|147|-1|2894|87|117|GLN|2743|698|812|-OE1|828|8|2|0011|2.864611|-0.713186|0.681419|0.164420|1.507283|0.056285|0.088392
1873|148|-1|2895|87|163|GLN|2743|699|858|-OE1|828|8|2|0011|2.468163|0.365049|0.440003|-0.820449|1.709280|0.164335|0.258078
1873|149|-1|2910|88|204|GLY|143|705|900|-O--|428|8|2|0011|3.940920|-0.776722|0.607726|-0.165444|32.700455|0.003069|0.004820
1873|150|-1|2945|90|202|GLY|143|714|898|-O--|428|8|2|0011|2.895975|0.004489|0.472034|0.881569|23.587200|0.051710|0.081208
1873|151|-1|2984|92|206|VAL|543|727|902|-O--|428|8|2|0011|3.632589|-0.865774|0.210043|0.454222|41.315624|0.007063|0.011091
1873|152|-1|2986|92|143|VAL|543|727|838|-O--|428|8|2|0011|2.713896|0.641513|-0.032425|0.766426|3.462346|0.084586|0.132836
1873|153|-1|3086|97|135|VAL|543|769|830|-O--|428|8|2|0011|2.803264|-0.911081|-0.382768|0.153036|20.224642|0.066435|0.104332
1873|154|-1|3096|98|174|ASN|2343|776|869|-O--|428|8|2|0011|3.839077|-0.343572|0.514968|0.785345|43.419846|0.004042|0.006348
1873|155|-1|3097|98|118|ASN|2343|776|813|-O--|428|8|2|0011|2.627019|-0.036163|0.990476|-0.132850|8.077812|0.106972|0.167993
1873|156|-1|3103|98|174|ASN|2343|779|869|-OD1|828|8|2|0011|3.482174|-0.309290|0.950268|-0.036472|44.037834|0.010605|0.016655
1873|157|-1|3104|98|121|ASN|2343|779|816|-OD1|828|8|2|0011|3.008952|0.520447|-0.112331|0.846473|24.957026|0.038104|0.059840
1873|158|-1|3107|98|174|ASN|2343|781|869|-OXT|828|8|2|0011|3.254650|0.255942|0.635091|0.728803|35.111046|0.019614|0.030803
1873|159|-1|3108|98|118|ASN|2343|781|813|-OXT|828|8|2|0011|3.530181|0.582690|0.762567|-0.281006|4.561382|0.009315|0.014628
1873|160|-1|3113|100|132|SO4|4743|783|827|-S--|3328|16|1|0011|3.716906|0.124566|0.433694|-0.892408|8.992014|0.020578|0.032580
1873|161|-1|3117|100|132|SO4|4743|784|827|-O1-|3128|8|1|0011|2.623815|0.399037|0.238584|-0.885351|4.049532|0.107902|0.169454
1873|162|-1|3125|100|132|SO4|4743|786|827|-O3-|3128|8|1|0011|3.571349|-0.286446|0.370168|-0.883699|12.399708|0.008334|0.013088
1873|163|-1|3140|101|132|GOL|4943|791|827|-O2-|3128|8|2|0011|3.359190|-0.125626|0.944275|0.304241|5.551397|0.014787|0.023222
1873|164|-1|3142|101|132|GOL|4943|793|827|-O3-|3128|8|2|0011|3.569035|0.341269|0.586713|0.734373|0.110374|0.008386|0.013170
1873|165|-1|3147|102|178|ACT|4743|795|873|-O--|3128|8|2|0011|3.537242|-0.882043|-0.468161|-0.053149|34.125771|0.009139|0.014352
1873|166|-1|3149|102|157|ACT|4743|795|852|-O--|3128|8|2|0011|2.779172|0.104707|-0.868604|0.484317|8.180385|0.070905|0.111352
1873|167|-1|3153|162|103|HOH|4343|857|798|-O--|2828|8|3|0001|3.813132|0.475462|0.770495|0.424585|24.979391|0.004336|0.006809
1873|168|-1|3153|103|162|HOH|4343|798|857|-O--|2828|8|3|0001|3.813132|-0.475462|-0.770495|-0.424585|24.979391|0.004336|0.006809
1873|169|-1|3154|156|103|HOH|4343|851|798|-O--|2828|8|3|0001|2.694960|0.847137|0.135067|0.513922|10.448490|0.089027|0.139812
1873|170|-1|3154|103|156|HOH|4343|798|851|-O--|2828|8|3|0001|2.694960|-0.847137|-0.135067|-0.513922|10.448490|0.089027|0.139812
1873|171|-1|3155|115|103|HOH|4343|810|798|-O--|2828|8|3|0001|3.132486|-0.541423|-0.783403|-0.305189|9.340001|0.027288|0.042854
1873|172|-1|3155|103|115|HOH|4343|798|810|-O--|2828|8|3|0001|3.132486|0.541423|0.783403|0.305189|9.340001|0.027288|0.042854
1873|173|-1|3156|166|104|HOH|4343|861|799|-O--|2828|8|3|0001|2.683299|-0.151679|-0.713674|-0.683859|49.934925|0.091878|0.144288
1873|174|-1|3156|104|166|HOH|4343|799|861|-O--|2828|8|3|0001|2.683299|0.151679|0.713674|0.683859|49.934925|0.091878|0.144288
1873|175|-1|3157|112|106|HOH|4343|807|801|-O--|2828|8|3|0001|2.669751|0.721790|0.454724|-0.521771|0.509308|0.095304|0.149669
1873|176|-1|3157|106|112|HOH|4343|801|807|-O--|2828|8|3|0001|2.669751|-0.721790|-0.454724|0.521771|0.509308|0.095304|0.149669
1873|177|-1|3158|141|106|HOH|4343|836|801|-O--|2828|8|3|0001|2.657211|-0.645414|0.762830|-0.039139|2.251139|0.098590|0.154829
1873|178|-1|3158|106|141|HOH|4343|801|836|-O--|2828|8|3|0001|2.657211|0.645414|-0.762830|0.039139|2.251139|0.098590|0.154829
1873|179|-1|3159|109|107|HOH|4343|804|802|-O--|2828|8|3|0001|3.822846|0.871864|-0.430308|-0.233857|18.713058|0.004223|0.006632
1873|180|-1|3159|107|109|HOH|4343|802|804|-O--|2828|8|3|0001|3.822846|-0.871864|0.430308|0.233857|18.713058|0.004223|0.006632
1873|181|-1|3160|112|107|HOH|4343|807|802|-O--|2828|8|3|0001|2.692384|0.246622|-0.824548|0.509213|3.238441|0.089649|0.140788
1873|182|-1|3160|107|112|HOH|4343|802|807|-O--|2828|8|3|0001|2.692384|-0.246622|0.824548|-0.509213|3.238441|0.089649|0.140788
1873|183|-1|3161|195|107|HOH|4343|891|802|-O--|2828|8|3|0001|3.688010|0.711766|0.066160|-0.699294|39.894749|0.006080|0.009548
1873|184|-1|3161|107|195|HOH|4343|802|891|-O--|2828|8|3|0001|3.688010|-0.711766|-0.066160|0.699294|39.894749|0.006080|0.009548
1873|185|-1|3162|183|108|HOH|4343|878|803|-O--|2828|8|3|0001|2.542906|0.184828|-0.979195|-0.083763|27.024427|0.134276|0.210872
1873|186|-1|3162|108|183|HOH|4343|803|878|-O--|2828|8|3|0001|2.542906|-0.184828|0.979195|0.083763|27.024427|0.134276|0.210872
1873|187|-1|3163|125|108|HOH|4343|820|803|-O--|2828|8|3|0001|3.888995|-0.587555|-0.782464|-0.206223|15.952267|0.003532|0.005547
1873|188|-1|3163|108|125|HOH|4343|803|820|-O--|2828|8|3|0001|3.888995|0.587555|0.782464|0.206223|15.952267|0.003532|0.005547
1873|189|-1|3164|153|109|HOH|4343|848|804|-O--|2828|8|3|0001|3.759196|0.512344|-0.855236|-0.077942|4.331536|0.005016|0.007877
1873|190|-1|3164|109|153|HOH|4343|804|848|-O--|2828|8|3|0001|3.759196|-0.512344|0.855236|0.077942|4.331536|0.005016|0.007877
1873|191|-1|3165|112|109|HOH|4343|807|804|-O--|2828|8|3|0001|3.547451|-0.752371|-0.162088|0.638487|12.791778|0.008890|0.013961
1873|192|-1|3165|109|112|HOH|4343|804|807|-O--|2828|8|3|0001|3.547451|0.752371|0.162088|-0.638487|12.791778|0.008890|0.013961
1873|193|-1|3166|195|109|HOH|4343|891|804|-O--|2828|8|3|0001|2.628462|-0.269359|0.718671|-0.641060|10.976724|0.106556|0.167339
1873|194|-1|3166|109|195|HOH|4343|804|891|-O--|2828|8|3|0001|2.628462|0.269359|-0.718671|0.641060|10.976724|0.106556|0.167339
1873|195|-1|3167|149|109|HOH|4343|844|804|-O--|2828|8|3|0001|3.777284|-0.266594|-0.204115|-0.941947|16.657606|0.004777|0.007501
1873|196|-1|3167|109|149|HOH|4343|804|844|-O--|2828|8|3|0001|3.777284|0.266594|0.204115|0.941947|16.657606|0.004777|0.007501
1873|197|-1|3168|116|110|HOH|4343|811|805|-O--|2828|8|3|0001|3.074270|0.936157|0.144750|0.320402|16.706106|0.031938|0.050156
1873|198|-1|3168|110|116|HOH|4343|805|811|-O--|2828|8|3|0001|3.074270|-0.936157|-0.144750|-0.320402|16.706106|0.031938|0.050156
1873|199|-1|3169|137|110|HOH|4343|832|805|-O--|2828|8|3|0001|3.215679|0.151134|-0.918624|0.365086|1.186134|0.021793|0.034225
1873|200|-1|3169|110|137|HOH|4343|805|832|-O--|2828|8|3|0001|3.215679|-0.151134|0.918624|-0.365086|1.186134|0.021793|0.034225
1873|201|-1|3170|220|111|HOH|4343|916|806|-O--|2828|8|3|0001|2.443839|0.116620|0.822067|0.557320|2.705863|0.175502|0.275614
1873|202|-1|3170|111|220|HOH|4343|806|916|-O--|2828|8|3|0001|2.443839|-0.116620|-0.822067|-0.557320|2.705863|0.175502|0.275614
1873|203|-1|3171|169|112|HOH|4343|864|807|-O--|2828|8|3|0001|3.211624|0.623983|0.113650|0.773129|24.509182|0.022033|0.034602
1873|204|-1|3171|112|169|HOH|4343|807|864|-O--|2828|8|3|0001|3.211624|-0.623983|-0.113650|-0.773129|24.509182|0.022033|0.034602
1873|205|-1|3172|141|112|HOH|4343|836|807|-O--|2828|8|3|0001|3.947994|-0.922494|0.205927|0.326495|1.678750|0.003011|0.004729
1873|206|-1|3172|112|141|HOH|4343|807|836|-O--|2828|8|3|0001|3.947994|0.922494|-0.205927|-0.326495|1.678750|0.003011|0.004729
1873|207|-1|3173|158|113|HOH|4343|853|808|-O--|2828|8|3|0001|2.984848|-0.257635|0.962863|0.080742|21.545092|0.040669|0.063868
1873|208|-1|3173|113|158|HOH|4343|808|853|-O--|2828|8|3|0001|2.984848|0.257635|-0.962863|-0.080742|21.545092|0.040669|0.063868
1873|209|-1|3174|121|113|HOH|4343|816|808|-O--|2828|8|3|0001|3.908002|0.219293|-0.384084|0.896878|1.431949|0.003355|0.005269
1873|210|-1|3174|113|121|HOH|4343|808|816|-O--|2828|8|3|0001|3.908002|-0.219293|0.384084|-0.896878|1.431949|0.003355|0.005269
1873|211|-1|3175|218|114|HOH|4343|914|809|-O--|2828|8|3|0001|2.504302|-0.851335|-0.039931|0.523100|48.976902|0.149043|0.234063
1873|212|-1|3175|114|218|HOH|4343|809|914|-O--|2828|8|3|0001|2.504302|0.851335|0.039931|-0.523100|48.976902|0.149043|0.234063
1873|213|-1|3176|211|114|HOH|4343|907|809|-O--|2828|8|3|0001|3.797862|-0.561895|0.402332|0.722775|10.857460|0.004518|0.007096
1873|214|-1|3176|114|211|HOH|4343|809|907|-O--|2828|8|3|0001|3.797862|0.561895|-0.402332|-0.722775|10.857460|0.004518|0.007096
1873|215|-1|3177|187|114|HOH|4343|883|809|-O--|2828|8|3|0001|2.370596|-0.901039|-0.198684|-0.385556|2.022247|0.213920|0.335947
1873|216|-1|3177|114|187|HOH|4343|809|883|-O--|2828|8|3|0001|2.370596|0.901039|0.198684|0.385556|2.022247|0.213920|0.335947
1873|217|-1|3178|154|116|HOH|4343|849|811|-O--|2828|8|3|0001|2.299495|0.949339|-0.112199|0.293542|12.827862|0.259244|0.407125
1873|218|-1|3178|116|154|HOH|4343|811|849|-O--|2828|8|3|0001|2.299495|-0.949339|0.112199|-0.293542|12.827862|0.259244|0.407125
1873|219|-1|3179|174|118|HOH|4343|869|813|-O--|2828|8|3|0001|3.633908|0.336827|0.171991|-0.925725|24.333187|0.007037|0.011052
1873|220|-1|3179|118|174|HOH|4343|813|869|-O--|2828|8|3|0001|3.633908|-0.336827|-0.171991|0.925725|24.333187|0.007037|0.011052
1873|221|-1|3180|123|118|HOH|4343|818|813|-O--|2828|8|3|0001|2.977740|-0.856354|-0.512134|-0.066157|4.966197|0.041458|0.065107
1873|222|-1|3180|118|123|HOH|4343|813|818|-O--|2828|8|3|0001|2.977740|0.856354|0.512134|0.066157|4.966197|0.041458|0.065107
1873|223|-1|3181|146|119|HOH|4343|841|814|-O--|2828|8|3|0001|2.881540|0.390416|-0.766604|0.509797|3.617117|0.053768|0.084439
1873|224|-1|3181|119|146|HOH|4343|814|841|-O--|2828|8|3|0001|2.881540|-0.390416|0.766604|-0.509797|3.617117|0.053768|0.084439
1873|225|-1|3182|175|122|HOH|4343|870|817|-O--|2828|8|3|0001|2.764631|-0.637698|0.237283|-0.732829|7.784616|0.073747|0.115815
1873|226|-1|3182|122|175|HOH|4343|817|870|-O--|2828|8|3|0001|2.764631|0.637698|-0.237283|0.732829|7.784616|0.073747|0.115815
1873|227|-1|3183|128|124|HOH|4343|823|819|-O--|2828|8|3|0001|3.512385|0.272749|-0.925582|-0.262500|15.433342|0.009774|0.015349
1873|228|-1|3183|124|128|HOH|4343|819|823|-O--|2828|8|3|0001|3.512385|-0.272749|0.925582|0.262500|15.433342|0.009774|0.015349
1873|229|-1|3184|183|125|HOH|4343|878|820|-O--|2828|8|3|0001|2.871020|0.959589|0.192614|0.205154|67.815201|0.055318|0.086874
1873|230|-1|3184|125|183|HOH|4343|820|878|-O--|2828|8|3|0001|2.871020|-0.959589|-0.192614|-0.205154|67.815201|0.055318|0.086874
1873|231|-1|3185|203|127|HOH|4343|899|822|-O--|2828|8|3|0001|2.899249|-0.076227|-0.993706|-0.082090|40.204021|0.051255|0.080492
1873|232|-1|3185|127|203|HOH|4343|822|899|-O--|2828|8|3|0001|2.899249|0.076227|0.993706|0.082090|40.204021|0.051255|0.080492
1873|233|-1|3186|209|129|HOH|4343|905|824|-O--|2828|8|3|0001|3.701982|-0.317668|-0.240952|-0.917076|31.927959|0.005855|0.009195
1873|234|-1|3186|129|209|HOH|4343|824|905|-O--|2828|8|3|0001|3.701982|0.317668|0.240952|0.917076|31.927959|0.005855|0.009195
1873|235|-1|3187|135|130|HOH|4343|830|825|-O--|2828|8|3|0001|2.854476|-0.127518|-0.990725|-0.046945|1.567093|0.057848|0.090846
1873|236|-1|3187|130|135|HOH|4343|825|830|-O--|2828|8|3|0001|2.854476|0.127518|0.990725|0.046945|1.567093|0.057848|0.090846
1873|237|-1|3188|167|130|HOH|4343|862|825|-O--|2828|8|3|0001|3.742640|0.165659|-0.740654|-0.651145|4.561849|0.005246|0.008238
1873|238|-1|3188|130|167|HOH|4343|825|862|-O--|2828|8|3|0001|3.742640|-0.165659|0.740654|0.651145|4.561849|0.005246|0.008238
1873|239|-1|3189|201|131|HOH|4343|897|826|-O--|2828|8|3|0001|2.705965|0.448269|-0.861430|0.238732|44.106380|0.086418|0.135714
1873|240|-1|3189|131|201|HOH|4343|826|897|-O--|2828|8|3|0001|2.705965|-0.448269|0.861430|-0.238732|44.106380|0.086418|0.135714
1873|241|-1|3190|167|135|HOH|4343|862|830|-O--|2828|8|3|0001|2.505033|0.392809|0.022355|-0.919348|6.631015|0.148749|0.233601
1873|242|-1|3190|135|167|HOH|4343|830|862|-O--|2828|8|3|0001|2.505033|-0.392809|-0.022355|0.919348|6.631015|0.148749|0.233601
1873|243|-1|3191|150|136|HOH|4343|845|831|-O--|2828|8|3|0001|2.649373|0.977212|0.202690|0.063034|6.939506|0.100701|0.158144
1873|244|-1|3191|136|150|HOH|4343|831|845|-O--|2828|8|3|0001|2.649373|-0.977212|-0.202690|-0.063034|6.939506|0.100701|0.158144
1873|245|-1|3192|165|136|HOH|4343|860|831|-O--|2828|8|3|0001|3.937758|-0.729603|-0.329375|0.599326|64.028641|0.003096|0.004862
1873|246|-1|3192|136|165|HOH|4343|831|860|-O--|2828|8|3|0001|3.937758|0.729603|0.329375|-0.599326|64.028641|0.003096|0.004862
1873|247|-1|3193|159|136|HOH|4343|854|831|-O--|2828|8|3|0001|2.720920|-0.501301|0.686532|0.526660|15.596230|0.082995|0.130338
1873|248|-1|3193|136|159|HOH|4343|831|854|-O--|2828|8|3|0001|2.720920|0.501301|-0.686532|-0.526660|15.596230|0.082995|0.130338
1873|249|-1|3194|179|136|HOH|4343|874|831|-O--|2828|8|3|0001|2.873356|-0.122853|-0.923659|0.362990|9.291382|0.054970|0.086327
1873|250|-1|3194|136|179|HOH|4343|831|874|-O--|2828|8|3|0001|2.873356|0.122853|0.923659|-0.362990|9.291382|0.054970|0.086327
1873|251|-1|3195|176|140|HOH|4343|871|835|-O--|2828|8|3|0001|3.041147|0.767145|0.528419|0.363678|10.367345|0.034929|0.054853
1873|252|-1|3195|140|176|HOH|4343|835|871|-O--|2828|8|3|0001|3.041147|-0.767145|-0.528419|-0.363678|10.367345|0.034929|0.054853
1873|253|-1|3196|150|140|HOH|4343|845|835|-O--|2828|8|3|0001|2.788687|-0.559403|-0.586297|0.585938|6.741135|0.069105|0.108525
1873|254|-1|3196|140|150|HOH|4343|835|845|-O--|2828|8|3|0001|2.788687|0.559403|0.586297|-0.585938|6.741135|0.069105|0.108525
1873|255|-1|3197|168|141|HOH|4343|863|836|-O--|2828|8|3|0001|2.742928|-0.911070|-0.380980|0.157496|11.427549|0.078203|0.122812
1873|256|-1|3197|141|168|HOH|4343|836|863|-O--|2828|8|3|0001|2.742928|0.911070|0.380980|-0.157496|11.427549|0.078203|0.122812
1873|257|-1|3198|215|142|HOH|4343|911|837|-O--|2828|8|3|0001|1.837939|0.730166|0.147992|-0.667050|6.696526|0.902544|1.417386
1873|258|-1|3198|142|215|HOH|4343|837|911|-O--|2828|8|3|0001|1.837939|-0.730166|-0.147992|0.667050|6.696526|0.902544|1.417386
1873|259|-1|3199|184|142|HOH|4343|879|837|-O--|2828|8|3|0001|2.742925|-0.809355|-0.513685|-0.284732|18.836998|0.078203|0.122813
1873|260|-1|3199|142|184|HOH|4343|837|879|-O--|2828|8|3|0001|2.742925|0.809355|0.513685|0.284732|18.836998|0.078203|0.122813
1873|261|-1|3200|202|143|HOH|4343|898|838|-O--|2828|8|3|0001|2.647308|0.128810|0.909226|-0.395874|8.348962|0.101264|0.159029
1873|262|-1|3200|143|202|HOH|4343|838|898|-O--|2828|8|3|0001|2.647308|-0.128810|-0.909226|0.395874|8.348962|0.101264|0.159029
1873|263|-1|3201|190|145|HOH|4343|886|840|-O--|2828|8|3|0001|2.991513|0.098278|0.573957|-0.812966|4.754089|0.039943|0.062728
1873|264|-1|3201|145|190|HOH|4343|840|886|-O--|2828|8|3|0001|2.991513|-0.098278|-0.573957|0.812966|4.754089|0.039943|0.062728
1873|265|-1|3202|160|146|HOH|4343|855|841|-O--|2828|8|3|0001|3.748055|0.094983|-0.889528|-0.446898|2.699100|0.005169|0.008118
1873|266|-1|3202|146|160|HOH|4343|841|855|-O--|2828|8|3|0001|3.748055|-0.094983|0.889528|0.446898|2.699100|0.005169|0.008118
1873|267|-1|3203|219|148|HOH|4343|915|843|-O--|2828|8|3|0001|2.940442|0.779475|0.219695|0.586646|1.977436|0.045855|0.072012
1873|268|-1|3203|148|219|HOH|4343|843|915|-O--|2828|8|3|0001|2.940442|-0.779475|-0.219695|-0.586646|1.977436|0.045855|0.072012
1873|269|-1|3204|183|149|HOH|4343|878|844|-O--|2828|8|3|0001|3.638331|0.112139|0.738251|-0.665140|36.613380|0.006954|0.010921
1873|270|-1|3204|149|183|HOH|4343|844|878|-O--|2828|8|3|0001|3.638331|-0.112139|-0.738251|0.665140|36.613380|0.006954|0.010921
1873|271|-1|3205|152|149|HOH|4343|847|844|-O--|2828|8|3|0001|2.889803|0.684476|-0.628417|-0.369574|0.614815|0.052580|0.082574
1873|272|-1|3205|149|152|HOH|4343|844|847|-O--|2828|8|3|0001|2.889803|-0.684476|0.628417|0.369574|0.614815|0.052580|0.082574
1873|273|-1|3206|195|149|HOH|4343|891|844|-O--|2828|8|3|0001|3.266976|0.091522|0.814209|0.573313|36.718380|0.018972|0.029794
1873|274|-1|3206|149|195|HOH|4343|844|891|-O--|2828|8|3|0001|3.266976|-0.091522|-0.814209|-0.573313|36.718380|0.018972|0.029794
1873|275|-1|3207|172|150|HOH|4343|867|845|-O--|2828|8|3|0001|3.925843|-0.249628|0.898661|0.360687|23.393047|0.003197|0.005021
1873|276|-1|3207|150|172|HOH|4343|845|867|-O--|2828|8|3|0001|3.925843|0.249628|-0.898661|-0.360687|23.393047|0.003197|0.005021
1873|277|-1|3208|161|150|HOH|4343|856|845|-O--|2828|8|3|0001|2.587054|0.250865|0.049864|0.966737|27.327343|0.119174|0.187154
1873|278|-1|3208|150|161|HOH|4343|845|856|-O--|2828|8|3|0001|2.587054|-0.250865|-0.049864|-0.966737|27.327343|0.119174|0.187154
1873|279|-1|3209|204|151|HOH|4343|900|846|-O--|2828|8|3|0001|3.390670|-0.759732|0.509929|-0.403460|1.672397|0.013581|0.021328
1873|280|-1|3209|151|204|HOH|4343|846|900|-O--|2828|8|3|0001|3.390670|0.759732|-0.509929|0.403460|1.672397|0.013581|0.021328
1873|281|-1|3210|198|152|HOH|4343|894|847|-O--|2828|8|3|0001|2.520027|0.349599|-0.438091|0.828165|34.862103|0.142842|0.224323
1873|282|-1|3210|152|198|HOH|4343|847|894|-O--|2828|8|3|0001|2.520027|-0.349599|0.438091|-0.828165|34.862103|0.142842|0.224323
1873|283|-1|3211|198|153|HOH|4343|894|848|-O--|2828|8|3|0001|2.297080|-0.032215|-0.207220|-0.977764|15.133297|0.260941|0.409791
1873|284|-1|3211|153|198|HOH|4343|848|894|-O--|2828|8|3|0001|2.297080|0.032215|0.207220|0.977764|15.133297|0.260941|0.409791
1873|285|-1|3212|181|153|HOH|4343|876|848|-O--|2828|8|3|0001|3.427454|-0.298181|-0.894250|0.333775|7.017860|0.012295|0.019309
1873|286|-1|3212|153|181|HOH|4343|848|876|-O--|2828|8|3|0001|3.427454|0.298181|0.894250|-0.333775|7.017860|0.012295|0.019309
1873|287|-1|3213|155|154|HOH|4343|850|849|-O--|2828|8|3|0001|2.797484|0.626277|-0.543703|0.558716|10.070558|0.067481|0.105975
1873|288|-1|3213|154|155|HOH|4343|849|850|-O--|2828|8|3|0001|2.797484|-0.626277|0.543703|-0.558716|10.070558|0.067481|0.105975
1873|289|-1|3214|158|155|HOH|4343|853|850|-O--|2828|8|3|0001|3.883027|0.820494|0.538497|-0.191860|25.021011|0.003589|0.005637
1873|290|-1|3214|155|158|HOH|4343|850|853|-O--|2828|8|3|0001|3.883027|-0.820494|-0.538497|0.191860|25.021011|0.003589|0.005637
1873|291|-1|3215|185|156|HOH|4343|881|851|-O--|2828|8|3|0001|3.955602|0.629487|0.761452|-0.154717|0.696663|0.002950|0.004633
1873|292|-1|3215|156|185|HOH|4343|851|881|-O--|2828|8|3|0001|3.955602|-0.629487|-0.761452|0.154717|0.696663|0.002950|0.004633
1873|293|-1|3216|162|156|HOH|4343|857|851|-O--|2828|8|3|0001|2.627001|-0.178912|0.979825|0.089075|8.711291|0.106977|0.168001
1873|294|-1|3216|156|162|HOH|4343|851|857|-O--|2828|8|3|0001|2.627001|0.178912|-0.979825|-0.089075|8.711291|0.106977|0.168001
1873|295|-1|3217|178|157|HOH|4343|873|852|-O--|2828|8|3|0001|3.816103|0.893844|-0.198632|0.401981|58.206470|0.004301|0.006754
1873|296|-1|3217|157|178|HOH|4343|852|873|-O--|2828|8|3|0001|3.816103|-0.893844|0.198632|-0.401981|58.206470|0.004301|0.006754
1873|297|-1|3218|192|158|HOH|4343|888|853|-O--|2828|8|3|0001|3.559019|0.390276|0.880299|-0.269738|33.844654|0.008616|0.013531
1873|298|-1|3218|158|192|HOH|4343|853|888|-O--|2828|8|3|0001|3.559019|-0.390276|-0.880299|0.269738|33.844654|0.008616|0.013531
1873|299|-1|3219|172|159|HOH|4343|867|854|-O--|2828|8|3|0001|3.699735|0.803571|0.593826|0.040544|13.201563|0.005890|0.009251
1873|300|-1|3219|159|172|HOH|4343|854|867|-O--|2828|8|3|0001|3.699735|-0.803571|-0.593826|-0.040544|13.201563|0.005890|0.009251
1873|301|-1|3220|165|159|HOH|4343|860|854|-O--|2828|8|3|0001|3.626794|-0.416070|-0.872671|0.255598|25.613174|0.007174|0.011266
1873|302|-1|3220|159|165|HOH|4343|854|860|-O--|2828|8|3|0001|3.626794|0.416070|0.872671|-0.255598|25.613174|0.007174|0.011266
1873|303|-1|3221|207|159|HOH|4343|903|854|-O--|2828|8|3|0001|2.695428|-0.867024|-0.306445|0.392888|14.156646|0.088915|0.139635
1873|304|-1|3221|159|207|HOH|4343|854|903|-O--|2828|8|3|0001|2.695428|0.867024|0.306445|-0.392888|14.156646|0.088915|0.139635
1873|305|-1|3222|199|161|HOH|4343|895|856|-O--|2828|8|3|0001|3.319514|0.773005|-0.471756|0.424158|4.050720|0.016460|0.025850
1873|306|-1|3222|161|199|HOH|4343|856|895|-O--|2828|8|3|0001|3.319514|-0.773005|0.471756|-0.424158|4.050720|0.016460|0.025850
1873|307|-1|3223|172|161|HOH|4343|867|856|-O--|2828|8|3|0001|3.922253|-0.415322|0.866594|-0.276627|1.796859|0.003228|0.005070
1873|308|-1|3223|161|172|HOH|4343|856|867|-O--|2828|8|3|0001|3.922253|0.415322|-0.866594|0.276627|1.796859|0.003228|0.005070
1873|309|-1|3224|184|161|HOH|4343|880|856|-O--|2828|8|3|0001|3.611844|-0.461537|-0.350790|0.814819|7.107651|0.007470|0.011731
1873|310|-1|3224|161|184|HOH|4343|856|880|-O--|2828|8|3|0001|3.611844|0.461537|0.350790|-0.814819|7.107651|0.007470|0.011731
1873|311|-1|3225|186|162|HOH|4343|882|857|-O--|2828|8|3|0001|3.596349|0.057002|0.963477|0.261654|18.265926|0.007789|0.012233
1873|312|-1|3225|162|186|HOH|4343|857|882|-O--|2828|8|3|0001|3.596349|-0.057002|-0.963477|-0.261654|18.265926|0.007789|0.012233
1873|313|-1|3226|185|162|HOH|4343|881|857|-O--|2828|8|3|0001|3.109529|0.951913|0.140857|-0.272067|9.840117|0.029035|0.045597
1873|314|-1|3226|162|185|HOH|4343|857|881|-O--|2828|8|3|0001|3.109529|-0.951913|-0.140857|0.272067|9.840117|0.029035|0.045597
1873|315|-1|3227|182|163|HOH|4343|877|858|-O--|2828|8|3|0001|2.711325|0.508607|-0.635851|0.580527|1.814428|0.085175|0.133762
1873|316|-1|3227|163|182|HOH|4343|858|877|-O--|2828|8|3|0001|2.711325|-0.508607|0.635851|-0.580527|1.814428|0.085175|0.133762
1873|317|-1|3228|208|165|HOH|4343|904|860|-O--|2828|8|3|0001|2.527494|0.858954|-0.104451|0.501287|10.344047|0.139988|0.219841
1873|318|-1|3228|165|208|HOH|4343|860|904|-O--|2828|8|3|0001|2.527494|-0.858954|0.104451|-0.501287|10.344047|0.139988|0.219841
1873|319|-1|3229|179|165|HOH|4343|874|860|-O--|2828|8|3|0001|3.150610|0.799845|-0.430710|-0.418015|34.799194|0.025983|0.040805
1873|320|-1|3229|165|179|HOH|4343|860|874|-O--|2828|8|3|0001|3.150610|-0.799845|0.430710|0.418015|34.799194|0.025983|0.040805
1873|321|-1|3230|207|165|HOH|4343|903|860|-O--|2828|8|3|0001|2.484739|-0.333234|0.941346|0.053124|6.830510|0.157136|0.246771
1873|322|-1|3230|165|207|HOH|4343|860|903|-O--|2828|8|3|0001|2.484739|0.333234|-0.941346|-0.053124|6.830510|0.157136|0.246771
1873|323|-1|3231|216|167|HOH|4343|912|862|-O--|2828|8|3|0001|2.322734|-0.241095|0.031859|-0.969979|5.234674|0.243462|0.382341
1873|324|-1|3231|167|216|HOH|4343|862|912|-O--|2828|8|3|0001|2.322734|0.241095|-0.031859|0.969979|5.234674|0.243462|0.382341
1873|325|-1|3232|199|168|HOH|4343|895|863|-O--|2828|8|3|0001|3.622077|-0.906110|0.092764|0.412746|40.117950|0.007266|0.011411
1873|326|-1|3232|168|199|HOH|4343|863|895|-O--|2828|8|3|0001|3.622077|0.906110|-0.092764|-0.412746|40.117950|0.007266|0.011411
1873|327|-1|3233|173|170|HOH|4343|868|865|-O--|2828|8|3|0001|3.956783|0.229227|0.772345|0.592401|34.524006|0.002941|0.004618
1873|328|-1|3233|170|173|HOH|4343|865|868|-O--|2828|8|3|0001|3.956783|-0.229227|-0.772345|-0.592401|34.524006|0.002941|0.004618
1873|329|-1|3234|177|171|HOH|4343|872|866|-O--|2828|8|3|0001|3.523092|0.371265|-0.240130|-0.896939|8.030818|0.009495|0.014911
1873|330|-1|3234|171|177|HOH|4343|866|872|-O--|2828|8|3|0001|3.523092|-0.371265|0.240130|0.896939|8.030818|0.009495|0.014911
1873|331|-1|3235|216|173|HOH|4343|912|868|-O--|2828|8|3|0001|2.903142|0.352033|-0.734032|0.580749|5.207847|0.050718|0.079650
1873|332|-1|3235|173|216|HOH|4343|868|912|-O--|2828|8|3|0001|2.903142|-0.352033|0.734032|-0.580749|5.207847|0.050718|0.079650
1873|333|-1|3236|180|173|HOH|4343|875|868|-O--|2828|8|3|0001|3.409190|-0.808696|0.346710|-0.475187|3.977887|0.012918|0.020286
1873|334|-1|3236|173|180|HOH|4343|868|875|-O--|2828|8|3|0001|3.409190|0.808696|-0.346710|0.475187|3.977887|0.012918|0.020286
1873|335|-1|3237|178|175|HOH|4343|873|870|-O--|2828|8|3|0001|2.240162|-0.327655|-0.079458|-0.941450|55.655563|0.304335|0.477937
1873|336|-1|3237|175|178|HOH|4343|870|873|-O--|2828|8|3|0001|2.240162|0.327655|0.079458|0.941450|55.655563|0.304335|0.477937
1873|337|-1|3238|208|179|HOH|4343|904|874|-O--|2828|8|3|0001|2.827280|-0.123440|0.386591|0.913953|16.165207|0.062260|0.097775
1873|338|-1|3238|179|208|HOH|4343|874|904|-O--|2828|8|3|0001|2.827280|0.123440|-0.386591|-0.913953|16.165207|0.062260|0.097775
1873|339|-1|3239|192|180|HOH|4343|888|875|-O--|2828|8|3|0001|3.011063|-0.383918|0.150777|-0.910974|22.748219|0.037887|0.059499
1873|340|-1|3239|180|192|HOH|4343|875|888|-O--|2828|8|3|0001|3.011063|0.383918|-0.150777|0.910974|22.748219|0.037887|0.059499
1873|341|-1|3240|186|181|HOH|4343|882|876|-O--|2828|8|3|0001|2.642981|-0.247069|-0.699967|-0.670077|7.611500|0.102455|0.160899
1873|342|-1|3240|181|186|HOH|4343|876|882|-O--|2828|8|3|0001|2.642981|0.247069|0.699967|0.670077|7.611500|0.102455|0.160899
1873|343|-1|3241|217|181|HOH|4343|913|876|-O--|2828|8|3|0001|3.988971|-0.926053|-0.374533|0.046378|8.213256|0.002696|0.004233
1873|344|-1|3241|181|217|HOH|4343|876|913|-O--|2828|8|3|0001|3.988971|0.926053|0.374533|-0.046378|8.213256|0.002696|0.004233
1873|345|-1|3242|191|182|HOH|4343|887|877|-O--|2828|8|3|0001|2.656545|0.577818|0.554479|0.598898|59.620216|0.098767|0.155108
1873|346|-1|3242|182|191|HOH|4343|877|887|-O--|2828|8|3|0001|2.656545|-0.577818|-0.554479|-0.598898|59.620216|0.098767|0.155108
1873|347|-1|3243|215|184|HOH|4343|911|879|-O--|2828|8|3|0001|3.963790|0.898635|0.424089|-0.112266|8.369233|0.002885|0.004531
1873|348|-1|3243|184|215|HOH|4343|879|911|-O--|2828|8|3|0001|3.963790|-0.898635|-0.424089|0.112266|8.369233|0.002885|0.004531
1873|349|-1|3244|193|184|HOH|4343|889|879|-O--|2828|8|3|0001|3.081089|-0.988612|0.008114|0.150271|37.608932|0.031354|0.049240
1873|350|-1|3244|184|193|HOH|4343|879|889|-O--|2828|8|3|0001|3.081089|0.988612|-0.008114|-0.150271|37.608932|0.031354|0.049240
1873|351|-1|3245|208|184|HOH|4343|904|880|-O--|2828|8|3|0001|3.166130|-0.717911|-0.303209|-0.626632|2.568571|0.024916|0.039129
1873|352|-1|3245|184|208|HOH|4343|880|904|-O--|2828|8|3|0001|3.166130|0.717911|0.303209|0.626632|2.568571|0.024916|0.039129
1873|353|-1|3246|210|185|HOH|4343|906|881|-O--|2828|8|3|0001|3.110002|0.113826|0.742765|-0.659806|31.604445|0.028997|0.045539
1873|354|-1|3246|185|210|HOH|4343|881|906|-O--|2828|8|3|0001|3.110002|-0.113826|-0.742765|0.659806|31.604445|0.028997|0.045539
1873|355|-1|3247|217|186|HOH|4343|913|882|-O--|2828|8|3|0001|3.633229|-0.836996|0.097984|0.538364|20.070375|0.007050|0.011072
1873|356|-1|3247|186|217|HOH|4343|882|913|-O--|2828|8|3|0001|3.633229|0.836996|-0.097984|-0.538364|20.070375|0.007050|0.011072
1873|357|-1|3248|218|187|HOH|4343|914|883|-O--|2828|8|3|0001|2.254735|0.001774|0.164543|0.986368|42.768620|0.292581|0.459479
1873|358|-1|3248|187|218|HOH|4343|883|914|-O--|2828|8|3|0001|2.254735|-0.001774|-0.164543|-0.986368|42.768620|0.292581|0.459479
1873|359|-1|3249|215|188|HOH|4343|911|884|-O--|2828|8|3|0001|3.267374|-0.501932|0.813803|0.292896|28.031191|0.018951|0.029762
1873|360|-1|3249|188|215|HOH|4343|884|911|-O--|2828|8|3|0001|3.267374|0.501932|-0.813803|-0.292896|28.031191|0.018951|0.029762
1873|361|-1|3250|212|188|HOH|4343|908|884|-O--|2828|8|3|0001|3.172089|-0.876709|-0.349612|-0.330382|1.316916|0.024518|0.038504
1873|362|-1|3250|188|212|HOH|4343|884|908|-O--|2828|8|3|0001|3.172089|0.876709|0.349612|0.330382|1.316916|0.024518|0.038504
1873|363|-1|3251|220|197|HOH|4343|916|893|-O--|2828|8|3|0001|2.795061|0.645424|-0.602849|-0.469042|9.502501|0.067925|0.106671
1873|364|-1|3251|197|220|HOH|4343|893|916|-O--|2828|8|3|0001|2.795061|-0.645424|0.602849|0.469042|9.502501|0.067925|0.106671
1873|365|-1|3252|218|211|HOH|4343|914|907|-O--|2828|8|3|0001|2.170162|0.000922|-0.750174|-0.661240|82.774513|0.367718|0.577477
1873|366|-1|3252|211|218|HOH|4343|907|914|-O--|2828|8|3|0001|2.170162|-0.000922|0.750174|0.661240|82.774513|0.367718|0.577477
1873|367|-1|3259|1|169|ASP|2143|13|864|-OD1|1028|8|2|1011|4.832382|-0.116630|-0.088983|0.989181|34.631519|0.000276|0.000433
1873|368|-1|3260|1|169|ASP|2143|14|864|-OD2|1028|8|2|1011|3.527693|-0.495678|0.042804|0.867451|8.818666|0.009378|0.014727
1873|369|-1|3294|7|187|ASP|2143|50|883|-O--|428|8|2|1011|4.081634|-0.273028|-0.307604|0.911502|63.212406|0.002098|0.003295
1873|370|-1|3302|7|117|ASP|2143|50|812|-O--|428|8|2|1011|4.789838|0.605573|-0.324964|0.726415|21.528811|0.000309|0.000486
1873|371|-1|3303|7|151|ASP|2143|50|846|-O--|428|8|2|1011|3.023970|0.633141|0.773644|-0.024666|44.076447|0.036588|0.057459
1873|372|-1|3313|7|186|ASP|2143|53|882|-OD1|1028|8|2|1011|4.856242|-0.683780|0.453231|0.571863|18.314388|0.000259|0.000406
1873|373|-1|3314|7|185|ASP|2143|53|881|-OD1|1028|8|2|1011|4.672602|-0.121046|-0.176775|0.976780|9.876393|0.000425|0.000667
1873|374|-1|3315|7|181|ASP|2143|53|876|-OD1|1028|8|2|1011|4.953679|-0.538508|0.817776|0.203103|7.055659|0.000199|0.000312
1873|375|-1|3316|7|151|ASP|2143|53|846|-OD1|1028|8|2|1011|4.363886|0.855567|-0.482259|0.188229|23.897327|0.000979|0.001537
1873|376|-1|3317|7|162|ASP|2143|54|857|-OD2|1028|8|2|1011|4.063637|-0.840281|-0.376018|0.390562|5.832800|0.002203|0.003460
1873|377|-1|3318|7|186|ASP|2143|54|882|-OD2|1028|8|2|1011|3.804069|-0.843728|0.509192|0.169845|8.862553|0.004443|0.006978
1873|378|-1|3319|7|185|ASP|2143|54|881|-OD2|1028|8|2|1011|2.704578|-0.168085|-0.403020|0.899623|2.801257|0.086743|0.136224
1873|379|-1|3320|7|181|ASP|2143|54|876|-OD2|1028|8|2|1011|4.705629|-0.543306|0.804781|-0.239053|0.824731|0.000389|0.000610
1873|380|-1|3321|7|210|ASP|2143|54|906|-OD2|1028|8|2|1011|4.649158|-0.021638|0.262413|0.964713|39.387901|0.000453|0.000711
1873|381|-1|3322|7|151|ASP|2143|54|846|-OD2|1028|8|2|1011|4.701689|0.817706|-0.503761|-0.278536|12.952583|0.000393|0.000617
1873|382|-1|3355|8|125|ASP|2143|58|820|-O--|428|8|2|1011|4.694492|-0.420792|-0.596769|0.683229|7.152125|0.000400|0.000629
1873|383|-1|3383|8|108|ASP|2143|61|803|-OD1|1028|8|2|1011|4.795290|-0.291203|-0.305409|0.906601|24.808258|0.000305|0.000479
1873|384|-1|3384|8|171|ASP|2143|61|866|-OD1|1028|8|2|1011|3.469595|-0.906618|0.333605|0.258362|47.458397|0.010972|0.017231
1873|385|-1|3393|8|108|ASP|2143|62|803|-OD2|1028|8|2|1011|2.645427|-0.184999|-0.147245|0.971645|9.169241|0.101781|0.159839
1873|386|-1|3394|8|119|ASP|2143|62|814|-OD2|1028|8|2|1011|4.186054|-0.781547|-0.130798|0.609980|9.685279|0.001582|0.002485
1873|387|-1|3395|8|183|ASP|2143|62|878|-OD2|1028|8|2|1011|3.843111|-0.249642|-0.749269|0.613412|50.470650|0.003998|0.006279
1873|388|-1|3396|8|171|ASP|2143|62|866|-OD2|1028|8|2|1011|3.281874|-0.682110|0.680244|-0.268319|23.067455|0.018223|0.028618
1873|389|-1|3401|8|125|ASP|2143|62|820|-OD2|1028|8|2|1011|4.258367|0.421663|-0.806066|0.415280|3.863391|0.001302|0.002044
1873|390|-1|3402|8|156|ASP|2143|62|851|-OD2|1028|8|2|1011|4.763378|0.050049|0.873330|0.484551|8.420149|0.000332|0.000522
1873|391|-1|3442|9|206|GLY|143|66|902|-O--|428|8|2|1011|2.521153|0.927194|-0.028767|-0.373476|30.650322|0.142407|0.223641
1873|392|-1|3477|10|177|SER|1143|72|872|-OG-|1728|8|3|1011|3.516087|-0.832061|0.499839|-0.240491|18.345207|0.009676|0.015196
1873|393|-1|3482|10|171|SER|1143|72|866|-OG-|1728|8|3|1011|3.840729|-0.421169|0.677859|0.602597|35.693020|0.004024|0.006319
1873|394|-1|3684|17|127|GLU|2543|128|822|-OE1|1028|8|2|1011|4.295018|-0.926002|-0.368567|0.081723|5.240575|0.001179|0.001851
1873|395|-1|3685|17|127|GLU|2543|129|822|-OE1|1028|8|2|1011|4.521577|-0.698030|0.343464|0.628321|3.602502|0.000639|0.001003
1873|396|-1|3686|17|138|GLU|2543|128|833|-OE1|1028|8|2|1011|4.679456|-0.583102|-0.732035|-0.352304|2.767108|0.000417|0.000655
1873|397|-1|3687|17|138|GLU|2543|129|833|-OE1|1028|8|2|1011|2.104928|-0.906253|-0.137546|0.399732|6.165080|0.438617|0.688819
1873|398|-1|3690|17|203|GLU|2543|128|899|-OE1|1028|8|2|1011|4.017555|-0.934946|0.323082|0.146606|63.447765|0.002495|0.003919
1873|399|-1|3699|17|127|GLU|2543|130|822|-OE2|1028|8|2|1011|4.441711|-0.724314|-0.446900|0.525023|1.209164|0.000793|0.001245
1873|400|-1|3700|17|127|GLU|2543|131|822|-OE2|1028|8|2|1011|2.786797|-0.903616|0.077508|0.421272|1.420950|0.069459|0.109081
1873|401|-1|3701|17|138|GLU|2543|130|833|-OE2|1028|8|2|1011|4.316922|-0.456019|-0.886633|0.077001|0.558703|0.001111|0.001745
1873|402|-1|3702|17|138|GLU|2543|131|833|-OE2|1028|8|2|1011|2.222399|-0.571273|-0.731877|-0.371487|3.563451|0.319301|0.501441
1873|403|-1|3703|17|203|GLU|2543|130|899|-OE2|1028|8|2|1011|4.047827|-0.740199|0.221353|0.634908|45.567078|0.002299|0.003611
1873|404|-1|3704|17|203|GLU|2543|131|899|-OE2|1028|8|2|1011|4.106368|-0.559423|0.754194|0.343855|34.765308|0.001963|0.003082
1873|405|-1|3718|19|203|SER|1143|150|899|-OG-|1728|8|3|1011|4.841530|-0.439985|-0.681190|0.585145|30.484718|0.000269|0.000423
1873|406|-1|3719|19|184|SER|1143|151|880|-OG-|1728|8|3|1011|4.238994|-0.338665|0.480539|0.808943|26.515490|0.001371|0.002154
1873|407|-1|3733|22|221|ALA|343|169|917|-O--|428|8|2|1011|3.256726|0.181778|0.379991|-0.906953|48.002926|0.019505|0.030631
1873|408|-1|3765|23|194|GLY|143|174|890|-O--|428|8|2|1011|3.650711|0.205987|0.178192|-0.962194|0.284299|0.006725|0.010561
1873|409|-1|3766|23|221|GLY|143|174|917|-O--|428|8|2|1011|4.960137|-0.763285|0.313605|-0.564843|44.519302|0.000195|0.000307
1873|410|-1|3834|31|204|ASN|2343|239|900|-O--|428|8|2|1011|4.464717|0.423005|0.008842|0.906084|58.969887|0.000745|0.001170
1873|411|-1|3868|33|206|GLY|143|252|902|-O--|428|8|2|1011|4.376326|-0.111144|-0.465579|0.877999|31.300098|0.000946|0.001486
1873|412|-1|3869|33|202|GLY|143|252|898|-O--|428|8|2|1011|4.853061|0.836297|0.251485|0.487199|9.832350|0.000261|0.000410
1873|413|-1|3876|34|122|PHE|3543|256|817|-O--|428|8|2|1011|2.832612|0.492336|-0.866524|-0.082110|6.393575|0.061369|0.096377
1873|414|-1|3877|34|143|PHE|3543|256|838|-O--|428|8|2|1011|4.964049|0.342986|-0.090154|0.935004|7.178329|0.000193|0.000303
1873|415|-1|3878|34|202|PHE|3543|256|898|-O--|428|8|2|1011|4.313474|0.315662|0.454268|0.833066|0.701853|0.001121|0.001761
1873|416|-1|3879|34|175|PHE|3543|256|870|-O--|428|8|2|1011|4.278594|0.737999|-0.420355|-0.527882|0.873346|0.001232|0.001935
1873|417|-1|3920|42|145|GLU|2543|330|840|-OE1|1028|8|2|1011|4.812549|0.750122|-0.609766|-0.255934|6.321878|0.000291|0.000457
1873|418|-1|3925|43|118|ASP|2143|335|813|-O--|428|8|2|1011|4.484658|-0.697979|-0.636732|-0.327716|11.418930|0.000706|0.001109
1873|419|-1|3931|43|174|ASP|2143|339|869|-OD2|1028|8|2|1011|4.889259|-0.895472|-0.366830|-0.252122|8.139840|0.000237|0.000371
1873|420|-1|3932|46|110|PRO|1943|355|805|-O--|428|8|2|1011|4.661673|0.001802|-0.173328|-0.984863|32.778454|0.000438|0.000687
1873|421|-1|3939|47|205|SER|1143|363|901|-O--|428|8|2|1011|4.807781|-0.929243|0.342778|0.137880|29.700109|0.000295|0.000463
1873|422|-1|3946|47|188|SER|1143|366|884|-OG-|1728|8|3|1011|3.047400|-0.999409|-0.033799|-0.006269|50.953228|0.034343|0.053934
1873|423|-1|3947|47|188|SER|1143|367|884|-OG-|1728|8|3|1011|3.245732|-0.861315|0.348458|-0.369748|54.000839|0.020093|0.031555
1873|424|-1|3948|47|110|SER|1143|366|805|-OG-|1728|8|3|1011|4.066030|0.940574|-0.182242|-0.286546|10.239918|0.002189|0.003437
1873|425|-1|3949|47|110|SER|1143|367|805|-OG-|1728|8|3|1011|4.727366|0.861875|0.104286|-0.496281|11.467807|0.000366|0.000575
1873|426|-1|3957|48|116|GLY|143|371|811|-O--|428|8|2|1011|4.604911|0.154270|-0.836933|-0.525114|83.293442|0.000510|0.000801
1873|427|-1|3972|49|110|VAL|543|375|805|-O--|428|8|2|1011|4.447379|-0.847151|-0.136260|-0.513585|30.222118|0.000781|0.001226
1873|428|-1|3973|49|116|VAL|543|375|811|-O--|428|8|2|1011|3.391804|-0.262279|-0.047467|-0.963824|77.489479|0.013539|0.021262
1873|429|-1|3974|49|154|VAL|543|375|849|-O--|428|8|2|1011|4.171858|0.310030|-0.100435|-0.945407|37.049004|0.001644|0.002582
1873|430|-1|4011|50|154|ASP|2143|385|849|-OD1|1028|8|2|1011|4.141281|-0.860265|-0.176998|-0.478138|26.949343|0.001786|0.002805
1873|431|-1|4012|50|155|ASP|2143|385|850|-OD1|1028|8|2|1011|4.573004|-0.395932|-0.492893|-0.774787|53.097321|0.000556|0.000873
1873|432|-1|4013|50|113|ASP|2143|385|808|-OD1|1028|8|2|1011|4.512271|0.475238|-0.673053|-0.566699|47.389755|0.000655|0.001029
1873|433|-1|4014|50|158|ASP|2143|385|853|-OD1|1028|8|2|1011|3.122130|0.440534|-0.052208|-0.896217|10.252596|0.028062|0.044070
1873|434|-1|4015|50|192|ASP|2143|385|888|-OD1|1028|8|2|1011|4.454371|0.620604|0.666761|-0.412650|67.428520|0.000766|0.001203
1873|435|-1|4016|50|154|ASP|2143|386|849|-OD2|1028|8|2|1011|4.738411|-0.804193|-0.553350|-0.216972|18.246614|0.000356|0.000558
1873|436|-1|4017|50|158|ASP|2143|386|853|-OD2|1028|8|2|1011|2.981585|0.378122|-0.688225|-0.619169|5.178721|0.041029|0.064434
1873|437|-1|4018|50|192|ASP|2143|386|888|-OD2|1028|8|2|1011|2.878543|0.874193|0.375537|-0.307829|50.808308|0.054205|0.085125
1873|438|-1|4023|52|113|SER|1143|399|808|-OG-|1728|8|3|1011|4.149563|-0.184019|-0.753091|-0.631657|33.083412|0.001746|0.002743
1873|439|-1|4024|52|158|SER|1143|399|853|-OG-|1728|8|3|1011|3.256303|-0.470656|-0.077081|-0.878944|4.577260|0.019527|0.030666
1873|440|-1|4025|52|192|SER|1143|399|888|-OG-|1728|8|3|1011|3.456086|-0.041549|0.833891|-0.550362|48.838131|0.011380|0.017871
1873|441|-1|4033|53|120|LYS|2943|403|815|-O--|428|8|2|1011|2.731060|0.026730|0.948909|-0.314417|16.590416|0.080751|0.126815
1873|442|-1|4098|57|212|SER|1143|439|908|-OG-|1728|8|3|1011|3.596316|0.591049|0.420708|-0.688234|53.949917|0.007790|0.012234
1873|443|-1|4099|57|212|SER|1143|440|908|-OG-|1728|8|3|1011|4.961948|0.416086|0.815002|-0.403290|50.592796|0.000194|0.000305
1873|444|-1|4102|58|147|GLU|2543|444|842|-O--|428|8|2|1011|4.700848|0.024038|-0.852937|0.521460|0.398181|0.000394|0.000618
1873|445|-1|4109|58|200|GLU|2543|448|896|-OE1|1028|8|2|1011|2.755923|0.516342|-0.615955|-0.594971|1.130912|0.075503|0.118573
1873|446|-1|4111|58|200|GLU|2543|449|896|-OE2|1028|8|2|1011|4.085765|0.805480|-0.203762|-0.556492|1.130912|0.002075|0.003259
1873|447|-1|4113|59|123|GLU|2543|453|818|-O--|428|8|2|1011|4.603255|0.546787|-0.567756|-0.615368|9.142419|0.000512|0.000805
1873|448|-1|4114|59|115|GLU|2543|453|810|-O--|428|8|2|1011|4.274239|0.638944|-0.656848|0.400376|58.839573|0.001247|0.001958
1873|449|-1|4119|59|123|GLU|2543|457|818|-OE1|1028|8|2|1011|3.681494|0.640501|-0.418179|0.644116|14.126804|0.006188|0.009718
1873|450|-1|4120|59|200|GLU|2543|458|896|-OE2|1028|8|2|1011|4.751769|-0.979214|-0.123012|0.161267|8.882148|0.000343|0.000539
1873|451|-1|4121|59|123|GLU|2543|458|818|-OE2|1028|8|2|1011|4.905151|0.781220|-0.047200|0.622469|5.343677|0.000227|0.000356
1873|452|-1|4123|60|109|ASP|2143|472|804|-OD1|1028|8|2|1011|4.792504|0.968011|-0.083464|-0.236619|34.487431|0.000307|0.000483
1873|453|-1|4124|60|153|ASP|2143|472|848|-OD1|1028|8|2|1011|3.999117|0.678449|0.703905|-0.210296|24.071878|0.002623|0.004119
1873|454|-1|4125|60|198|ASP|2143|472|894|-OD1|1028|8|2|1011|4.535768|0.614493|0.725566|0.309761|58.769264|0.000615|0.000966
1873|455|-1|4126|60|152|ASP|2143|473|847|-OD2|1028|8|2|1011|4.627051|0.949891|0.299111|0.090770|14.395280|0.000481|0.000755
1873|456|-1|4127|60|198|ASP|2143|473|894|-OD2|1028|8|2|1011|4.617209|0.761109|0.538854|-0.361041|81.396240|0.000493|0.000775
1873|457|-1|4128|60|212|ASP|2143|474|908|-OD2|1028|8|2|1011|4.346247|-0.023791|0.166811|-0.985702|54.380096|0.001026|0.001612
1873|458|-1|4129|60|153|ASP|2143|474|848|-OD2|1028|8|2|1011|4.878098|0.933806|0.347062|-0.086919|18.077951|0.000244|0.000383
1873|459|-1|4169|63|138|ASN|2343|494|833|-O--|428|8|2|1011|2.791819|0.737368|0.089001|0.669602|0.326706|0.068523|0.107610
1873|460|-1|4183|63|178|ASN|2343|497|873|-OD1|828|8|2|1011|4.985310|0.167211|-0.984598|-0.051069|65.367355|0.000182|0.000287
1873|461|-1|4276|67|167|GLU|2543|524|862|-OE1|1028|8|2|1011|4.877402|-0.103909|0.992126|0.069914|28.700825|0.000244|0.000384
1873|462|-1|4281|67|130|GLU|2543|524|825|-OE1|1028|8|2|1011|2.945933|0.038425|0.701645|-0.711490|18.281771|0.045179|0.070951
1873|463|-1|4292|67|130|GLU|2543|525|825|-OE2|1028|8|2|1011|4.661211|0.375696|0.657769|-0.652834|33.063339|0.000438|0.000688
1873|464|-1|4310|70|163|GLU|2543|551|858|-OE1|1028|8|2|1011|3.085763|-0.668230|0.675530|-0.311653|3.850545|0.030961|0.048622
1873|465|-1|4311|70|182|GLU|2543|551|877|-OE1|1028|8|2|1011|3.917432|-0.174349|0.972199|0.156304|1.745092|0.003271|0.005136
1873|466|-1|4315|70|191|GLU|2543|551|887|-OE1|1028|8|2|1011|3.321919|0.256478|0.703065|0.663264|51.950283|0.016354|0.025683
1873|467|-1|4318|70|163|GLU|2543|552|858|-OE2|1028|8|2|1011|2.541202|-0.066504|0.668788|-0.740473|4.120766|0.134896|0.211846
1873|468|-1|4319|70|182|GLU|2543|552|877|-OE2|1028|8|2|1011|3.644077|0.332046|0.939476|-0.084437|1.977883|0.006847|0.010752
1873|469|-1|4322|70|191|GLU|2543|552|887|-OE2|1028|8|2|1011|3.603671|0.761723|0.541260|0.356111|51.078972|0.007637|0.011993
1873|470|-1|4336|72|194|ALA|343|567|890|-O--|428|8|2|1011|4.648601|-0.040442|0.994391|0.097730|2.730956|0.000453|0.000712
1873|471|-1|4373|74|178|SER|1143|584|873|-OG-|1728|8|3|1011|4.903477|-0.828106|0.246764|-0.503337|52.601536|0.000228|0.000357
1873|472|-1|4382|74|132|SER|1143|584|827|-OG-|1728|8|3|1011|2.564731|0.447220|0.013461|-0.894323|13.961924|0.126585|0.198793
1873|473|-1|4383|74|132|SER|1143|585|827|-OG-|1728|8|3|1011|3.029993|0.043894|-0.346032|-0.937195|29.109200|0.035998|0.056532
1873|474|-1|4387|74|194|SER|1143|585|890|-OG-|1728|8|3|1011|4.924150|0.588122|0.522634|0.617225|1.549655|0.000215|0.000338
1873|475|-1|4407|75|175|ASP|2143|592|870|-OD1|1028|8|2|1011|4.510693|-0.100782|0.588601|-0.802117|12.718201|0.000658|0.001033
1873|476|-1|4408|75|178|ASP|2143|592|873|-OD1|1028|8|2|1011|3.134595|-0.379187|0.790214|-0.481434|25.607634|0.027133|0.042610
1873|477|-1|4410|75|132|ASP|2143|592|827|-OD1|1028|8|2|1011|4.430321|0.907158|0.293777|-0.301264|1.474091|0.000818|0.001284
1873|478|-1|4414|75|178|ASP|2143|593|873|-OD2|1028|8|2|1011|4.692016|-0.307032|0.944370|-0.117881|20.981503|0.000403|0.000633
1873|479|-1|4419|75|132|ASP|2143|593|827|-OD2|1028|8|2|1011|4.993209|0.754425|0.651991|-0.075842|0.694259|0.000179|0.000280
1873|480|-1|4436|78|146|GLU|2543|614|841|-OE1|1028|8|2|1011|4.867280|-0.466420|-0.293799|-0.834347|21.177380|0.000251|0.000394
1873|481|-1|4437|78|119|GLU|2543|614|814|-OE1|1028|8|2|1011|4.612186|-0.248298|-0.788997|-0.561989|30.506882|0.000500|0.000786
1873|482|-1|4438|78|160|GLU|2543|614|855|-OE1|1028|8|2|1011|4.026801|-0.652179|0.472832|-0.592530|28.193203|0.002434|0.003822
1873|483|-1|4439|78|160|GLU|2543|615|855|-OE2|1028|8|2|1011|3.915008|-0.371697|0.164495|-0.913664|25.598370|0.003292|0.005170
1873|484|-1|4444|84|219|SER|1143|667|915|-O--|428|8|2|1011|4.283084|0.631087|-0.757521|0.167007|7.748394|0.001217|0.001912
1873|485|-1|4445|84|147|SER|1143|667|842|-O--|428|8|2|1011|4.999699|0.960058|0.042497|-0.276555|8.366951|0.000176|0.000276
1873|486|-1|4446|84|148|SER|1143|667|843|-O--|428|8|2|1011|2.817933|0.145852|-0.922140|-0.358310|11.328736|0.063853|0.100277
1873|487|-1|4447|84|147|SER|1143|669|842|-OG-|1728|8|3|1011|4.410023|0.875959|-0.401024|0.268095|5.695883|0.000864|0.001357
1873|488|-1|4448|84|148|SER|1143|669|843|-OG-|1728|8|3|1011|4.864948|-0.108120|-0.941331|0.319696|8.218538|0.000253|0.000397
1873|489|-1|4457|85|219|PRO|1943|673|915|-O--|428|8|2|1011|2.800756|0.496295|-0.518262|-0.696489|2.411272|0.066887|0.105042
1873|490|-1|4458|85|148|PRO|1943|673|843|-O--|428|8|2|1011|3.869522|-0.233104|-0.208172|-0.949909|4.887527|0.003723|0.005846
1873|491|-1|4466|87|196|GLN|2743|691|892|-O--|428|8|2|1011|4.531048|-0.891096|-0.256789|0.374176|24.043453|0.000623|0.000978
1873|492|-1|4476|87|201|GLN|2743|698|897|-OE1|828|8|2|1011|4.057862|0.325541|-0.693352|-0.642874|31.195168|0.002238|0.003514
1873|493|-1|4477|87|201|GLN|2743|699|897|-OE1|828|8|2|1011|4.576006|-0.796546|-0.447011|-0.407057|51.474117|0.000552|0.000866
1873|494|-1|4478|87|111|GLN|2743|699|806|-OE1|828|8|2|1011|4.303957|-0.242800|-0.956451|0.162015|18.828831|0.001151|0.001807
1873|495|-1|4479|87|148|GLN|2743|699|843|-OE1|828|8|2|1011|3.609108|0.710979|-0.663745|0.232275|0.864342|0.007525|0.011818
1873|496|-1|4492|88|197|GLY|143|705|893|-O--|428|8|2|1011|4.248094|-0.048492|-0.590976|-0.805230|35.520954|0.001338|0.002101
1873|497|-1|4496|89|127|ALA|343|709|822|-O--|428|8|2|1011|2.691047|0.434181|-0.341327|0.833656|2.640307|0.089974|0.141298
1873|498|-1|4497|89|203|ALA|343|709|899|-O--|428|8|2|1011|4.515363|0.307705|-0.841466|0.444131|51.914688|0.000650|0.001020
1873|499|-1|4508|98|211|ASN|2343|781|907|-OXT|828|8|2|1011|4.857025|-0.688528|0.219790|-0.691101|51.732071|0.000258|0.000405
1873|500|-1|4509|100|124|SO4|4743|783|819|-S--|3328|16|1|1011|3.411831|0.684970|-0.457093|-0.567347|9.101817|0.046934|0.074307
1873|501|-1|4510|100|128|SO4|4743|783|823|-S--|3328|16|1|1011|4.678087|0.704348|0.361574|-0.610867|3.779370|0.001532|0.002425
1873|502|-1|4511|100|122|SO4|4743|783|817|-S--|3328|16|1|1011|4.048492|0.783896|0.570453|0.245132|14.280897|0.008398|0.013297
1873|503|-1|4512|100|124|SO4|4743|784|819|-O1-|3128|8|1|1011|3.987321|0.732572|-0.638405|-0.236172|15.641315|0.002708|0.004252
1873|504|-1|4513|100|128|SO4|4743|784|823|-O1-|3128|8|1|1011|4.360926|0.889490|0.161772|-0.427361|0.100348|0.000986|0.001549
1873|505|-1|4514|100|122|SO4|4743|784|817|-O1-|3128|8|1|1011|4.451626|0.844095|0.297302|0.446223|22.318855|0.000772|0.001212
1873|506|-1|4515|100|124|SO4|4743|785|819|-O2-|3128|8|1|1011|3.292652|0.877105|-0.047538|-0.477941|9.343243|0.017700|0.027797
1873|507|-1|4516|100|124|SO4|4743|786|819|-O3-|3128|8|1|1011|2.700830|0.315089|-0.684799|-0.657092|5.987381|0.087626|0.137611
1873|508|-1|4517|100|128|SO4|4743|786|823|-O3-|3128|8|1|1011|3.536771|0.511484|0.396258|-0.762472|6.453841|0.009150|0.014370
1873|509|-1|4518|100|122|SO4|4743|786|817|-O3-|3128|8|1|1011|2.873435|0.587310|0.702809|0.401406|10.409019|0.054958|0.086309
1873|510|-1|4519|100|175|SO4|4743|786|870|-O3-|3128|8|1|1011|4.452662|0.774952|0.600870|-0.195971|1.556890|0.000770|0.001209
1873|511|-1|4520|100|124|SO4|4743|787|819|-O4-|3128|8|1|1011|4.782129|0.602661|-0.391358|-0.695442|9.761991|0.000316|0.000496
1873|512|-1|4521|100|122|SO4|4743|787|817|-O4-|3128|8|1|1011|4.239805|0.877068|0.471124|-0.093774|15.097257|0.001368|0.002149
1873|513|-1|4525|101|126|GOL|4943|789|821|-O1-|3128|8|2|1011|4.966259|0.334457|0.259244|-0.906052|5.720170|0.000192|0.000302
1873|514|-1|4526|101|124|GOL|4943|789|819|-O1-|3128|8|2|1011|2.918857|0.874658|0.478775|0.075819|0.202139|0.048609|0.076338
1873|515|-1|4530|101|219|GOL|4943|791|915|-O2-|3128|8|2|1011|4.616312|-0.879923|0.277381|-0.385739|14.299930|0.000495|0.000777
1873|516|-1|4531|101|126|GOL|4943|791|821|-O2-|3128|8|2|1011|2.386896|0.234614|-0.045886|-0.971005|4.950959|0.204701|0.321469
1873|517|-1|4532|101|124|GOL|4943|791|819|-O2-|3128|8|2|1011|2.807882|0.517116|0.000169|0.855915|13.333868|0.065611|0.103038
1873|518|-1|4533|101|128|GOL|4943|791|823|-O2-|3128|8|2|1011|4.309812|0.559189|0.754436|0.343707|1.079060|0.001133|0.001779
1873|519|-1|4537|101|219|GOL|4943|793|915|-O3-|3128|8|2|1011|2.437230|-0.993751|0.083076|-0.074549|25.447493|0.178665|0.280581
1873|520|-1|4538|101|147|GOL|4943|793|842|-O3-|3128|8|2|1011|4.323698|-0.075167|0.846376|-0.527256|24.418129|0.001091|0.001713
1873|521|-1|4539|101|126|GOL|4943|793|821|-O3-|3128|8|2|1011|2.601295|0.845733|-0.456514|-0.276281|12.536698|0.114674|0.180088
1873|522|-1|4545|102|162|ACT|4743|795|857|-O--|3128|8|2|1011|3.503417|-0.047553|0.110178|0.992774|8.776482|0.010013|0.015725
1873|523|-1|4546|102|171|ACT|4743|795|866|-O--|3128|8|2|1011|4.683593|-0.464088|-0.878711|0.111754|9.431851|0.000412|0.000648
1873|524|-1|4547|102|186|ACT|4743|795|882|-O--|3128|8|2|1011|4.611784|0.008327|0.835035|0.550134|5.994969|0.000501|0.000786
1873|525|-1|4548|102|156|ACT|4743|795|851|-O--|3128|8|2|1011|4.319617|0.070238|-0.506526|0.859359|0.040059|0.001103|0.001732
1873|526|-1|4549|102|162|ACT|4743|796|857|-OXT|3128|8|2|1011|2.483493|0.288869|-0.418765|0.860924|23.466665|0.157666|0.247603
1873|527|-1|4550|102|186|ACT|4743|796|882|-OXT|3128|8|2|1011|2.857359|0.322816|0.848686|0.418954|2.506634|0.057399|0.090141
1873|528|-1|4551|102|217|ACT|4743|796|913|-OXT|3128|8|2|1011|3.577478|-0.592204|0.777363|-0.212133|25.537258|0.008197|0.012873
1873|529|-1|4552|102|156|ACT|4743|796|851|-OXT|3128|8|2|1011|4.483055|0.264864|-0.806147|0.529126|9.450091|0.000709|0.001114
1873|530|-1|4553|102|185|ACT|4743|796|881|-OXT|3128|8|2|1011|4.773943|0.770307|-0.126101|0.625081|8.382133|0.000323|0.000507
1873|531|-1|4554|102|181|ACT|4743|796|876|-OXT|3128|8|2|1011|4.592045|0.343072|0.930958|-0.124976|11.240780|0.000528|0.000829
1873|532|-1|4559|114|103|HOH|4343|809|798|-O--|2828|8|3|1011|4.044418|0.966072|-0.253813|-0.047796|7.637996|0.002320|0.003644
1873|533|-1|4559|103|114|HOH|4343|798|809|-O--|2828|8|3|1011|4.044418|-0.966072|0.253813|0.047796|7.637996|0.002320|0.003644
1873|534|-1|4560|157|103|HOH|4343|852|798|-O--|2828|8|3|1011|4.386959|0.517579|0.031457|0.855057|23.987930|0.000919|0.001444
1873|535|-1|4560|103|157|HOH|4343|798|852|-O--|2828|8|3|1011|4.386959|-0.517579|-0.031457|-0.855057|23.987930|0.000919|0.001444
1873|536|-1|4561|171|103|HOH|4343|866|798|-O--|2828|8|3|1011|4.837445|-0.040104|-0.323213|0.945476|0.620563|0.000272|0.000427
1873|537|-1|4561|103|171|HOH|4343|798|866|-O--|2828|8|3|1011|4.837445|0.040104|0.323213|-0.945476|0.620563|0.000272|0.000427
1873|538|-1|4562|108|103|HOH|4343|803|798|-O--|2828|8|3|1011|4.604095|0.337786|-0.909088|0.243846|9.693699|0.000511|0.000803
1873|539|-1|4562|103|108|HOH|4343|798|803|-O--|2828|8|3|1011|4.604095|-0.337786|0.909088|-0.243846|9.693699|0.000511|0.000803
1873|540|-1|4563|119|103|HOH|4343|814|798|-O--|2828|8|3|1011|4.655174|-0.263578|-0.933053|0.244822|9.198766|0.000445|0.000699
1873|541|-1|4563|103|119|HOH|4343|798|814|-O--|2828|8|3|1011|4.655174|0.263578|0.933053|-0.244822|9.198766|0.000445|0.000699
1873|542|-1|4564|209|105|HOH|4343|905|800|-O--|2828|8|3|1011|4.754953|0.834203|-0.114407|0.539459|2.565652|0.000340|0.000534
1873|543|-1|4564|105|209|HOH|4343|800|905|-O--|2828|8|3|1011|4.754953|-0.834203|0.114407|-0.539459|2.565652|0.000340|0.000534
1873|544|-1|4565|137|105|HOH|4343|832|800|-O--|2828|8|3|1011|4.342109|0.194744|-0.837611|0.510375|21.118956|0.001038|0.001630
1873|545|-1|4565|105|137|HOH|4343|800|832|-O--|2828|8|3|1011|4.342109|-0.194744|0.837611|-0.510375|21.118956|0.001038|0.001630
1873|546|-1|4566|110|106|HOH|4343|805|801|-O--|2828|8|3|1011|2.761479|0.553905|-0.336414|0.761587|0.833980|0.074378|0.116806
1873|547|-1|4566|106|110|HOH|4343|801|805|-O--|2828|8|3|1011|2.761479|-0.553905|0.336414|-0.761587|0.833980|0.074378|0.116806
1873|548|-1|4567|137|106|HOH|4343|832|801|-O--|2828|8|3|1011|3.991131|0.261479|0.507375|0.821096|2.088979|0.002680|0.004209
1873|549|-1|4567|106|137|HOH|4343|801|832|-O--|2828|8|3|1011|3.991131|-0.261479|-0.507375|-0.821096|2.088979|0.002680|0.004209
1873|550|-1|4568|116|106|HOH|4343|811|801|-O--|2828|8|3|1011|3.639016|-0.370540|-0.377575|0.848609|18.383425|0.006941|0.010900
1873|551|-1|4568|106|116|HOH|4343|801|811|-O--|2828|8|3|1011|3.639016|0.370540|0.377575|-0.848609|18.383425|0.006941|0.010900
1873|552|-1|4569|115|108|HOH|4343|810|803|-O--|2828|8|3|1011|4.229590|0.768679|0.409384|0.491465|23.639830|0.001407|0.002209
1873|553|-1|4569|108|115|HOH|4343|803|810|-O--|2828|8|3|1011|4.229590|-0.768679|-0.409384|-0.491465|23.639830|0.001407|0.002209
1873|554|-1|4570|156|108|HOH|4343|851|803|-O--|2828|8|3|1011|4.614834|-0.157710|0.985848|-0.056840|0.467624|0.000497|0.000780
1873|555|-1|4570|108|156|HOH|4343|803|851|-O--|2828|8|3|1011|4.614834|0.157710|-0.985848|0.056840|0.467624|0.000497|0.000780
1873|556|-1|4571|141|110|HOH|4343|836|805|-O--|2828|8|3|1011|4.912908|0.660423|-0.601680|-0.449246|3.220383|0.000222|0.000348
1873|557|-1|4571|110|141|HOH|4343|805|836|-O--|2828|8|3|1011|4.912908|-0.660423|0.601680|0.449246|3.220383|0.000222|0.000348
1873|558|-1|4572|169|110|HOH|4343|864|805|-O--|2828|8|3|1011|3.617067|-0.663908|-0.693380|-0.280090|21.398146|0.007365|0.011567
1873|559|-1|4572|110|169|HOH|4343|805|864|-O--|2828|8|3|1011|3.617067|0.663908|0.693380|0.280090|21.398146|0.007365|0.011567
1873|560|-1|4573|112|110|HOH|4343|807|805|-O--|2828|8|3|1011|4.119846|-0.096461|-0.520165|-0.848601|1.373890|0.001893|0.002972
1873|561|-1|4573|110|112|HOH|4343|805|807|-O--|2828|8|3|1011|4.119846|0.096461|0.520165|0.848601|1.373890|0.001893|0.002972
1873|562|-1|4574|120|111|HOH|4343|815|806|-O--|2828|8|3|1011|4.722730|0.467103|-0.153201|0.870830|8.542593|0.000371|0.000583
1873|563|-1|4574|111|120|HOH|4343|806|815|-O--|2828|8|3|1011|4.722730|-0.467103|0.153201|-0.870830|8.542593|0.000371|0.000583
1873|564|-1|4575|137|112|HOH|4343|832|807|-O--|2828|8|3|1011|4.821616|-0.183217|0.168201|0.968576|2.673472|0.000284|0.000446
1873|565|-1|4575|112|137|HOH|4343|807|832|-O--|2828|8|3|1011|4.821616|0.183217|-0.168201|-0.968576|2.673472|0.000284|0.000446
1873|566|-1|4576|161|113|HOH|4343|856|808|-O--|2828|8|3|1011|4.354441|0.189140|-0.389487|-0.901402|3.893766|0.001004|0.001577
1873|567|-1|4576|113|161|HOH|4343|808|856|-O--|2828|8|3|1011|4.354441|-0.189140|0.389487|0.901402|3.893766|0.001004|0.001577
1873|568|-1|4577|184|113|HOH|4343|880|808|-O--|2828|8|3|1011|2.711393|0.918568|-0.158221|-0.362214|2.671451|0.085160|0.133738
1873|569|-1|4577|113|184|HOH|4343|808|880|-O--|2828|8|3|1011|2.711393|-0.918568|0.158221|0.362214|2.671451|0.085160|0.133738
1873|570|-1|4578|199|113|HOH|4343|895|808|-O--|2828|8|3|1011|3.064096|-0.568651|-0.042427|-0.821484|0.130464|0.032828|0.051554
1873|571|-1|4578|113|199|HOH|4343|808|895|-O--|2828|8|3|1011|3.064096|0.568651|0.042427|0.821484|0.130464|0.032828|0.051554
1873|572|-1|4579|156|114|HOH|4343|851|809|-O--|2828|8|3|1011|2.657559|0.611161|0.523234|-0.593892|22.199411|0.098497|0.154683
1873|573|-1|4579|114|156|HOH|4343|809|851|-O--|2828|8|3|1011|2.657559|-0.611161|-0.523234|0.593892|22.199411|0.098497|0.154683
1873|574|-1|4580|157|114|HOH|4343|852|809|-O--|2828|8|3|1011|4.426391|0.369737|0.263087|-0.891112|41.068493|0.000826|0.001298
1873|575|-1|4580|114|157|HOH|4343|809|852|-O--|2828|8|3|1011|4.426391|-0.369737|-0.263087|0.891112|41.068493|0.000826|0.001298
1873|576|-1|4581|162|114|HOH|4343|857|809|-O--|2828|8|3|1011|4.836070|0.433037|0.819782|-0.374748|42.450233|0.000273|0.000429
1873|577|-1|4581|114|162|HOH|4343|809|857|-O--|2828|8|3|1011|4.836070|-0.433037|-0.819782|0.374748|42.450233|0.000273|0.000429
1873|578|-1|4582|185|114|HOH|4343|881|809|-O--|2828|8|3|1011|4.589726|-0.188640|0.959213|-0.210536|20.656450|0.000532|0.000835
1873|579|-1|4582|114|185|HOH|4343|809|881|-O--|2828|8|3|1011|4.589726|0.188640|-0.959213|0.210536|20.656450|0.000532|0.000835
1873|580|-1|4583|119|115|HOH|4343|814|810|-O--|2828|8|3|1011|2.860454|0.163960|-0.660569|0.732643|22.909719|0.056921|0.089391
1873|581|-1|4583|115|119|HOH|4343|810|814|-O--|2828|8|3|1011|2.860454|-0.163960|0.660569|-0.732643|22.909719|0.056921|0.089391
1873|582|-1|4584|146|115|HOH|4343|841|810|-O--|2828|8|3|1011|4.197736|-0.156275|-0.976366|0.149293|31.336096|0.001533|0.002408
1873|583|-1|4584|115|146|HOH|4343|810|841|-O--|2828|8|3|1011|4.197736|0.156275|0.976366|-0.149293|31.336096|0.001533|0.002408
1873|584|-1|4585|221|115|HOH|4343|917|810|-O--|2828|8|3|1011|2.924206|-0.983857|-0.000522|-0.178956|5.006393|0.047912|0.075242
1873|585|-1|4585|115|221|HOH|4343|810|917|-O--|2828|8|3|1011|2.924206|0.983857|0.000522|0.178956|5.006393|0.047912|0.075242
1873|586|-1|4586|141|116|HOH|4343|836|811|-O--|2828|8|3|1011|4.678752|0.078354|-0.726903|-0.682255|23.183010|0.000418|0.000656
1873|587|-1|4586|116|141|HOH|4343|811|836|-O--|2828|8|3|1011|4.678752|-0.078354|0.726903|0.682255|23.183010|0.000418|0.000656
1873|588|-1|4587|168|116|HOH|4343|863|811|-O--|2828|8|3|1011|4.623912|0.619734|-0.509525|-0.596920|51.721600|0.000485|0.000761
1873|589|-1|4587|116|168|HOH|4343|811|863|-O--|2828|8|3|1011|4.623912|-0.619734|0.509525|0.596920|51.721600|0.000485|0.000761
1873|590|-1|4588|220|120|HOH|4343|916|815|-O--|2828|8|3|1011|4.327039|0.443953|0.631500|0.635699|4.982394|0.001081|0.001698
1873|591|-1|4588|120|220|HOH|4343|815|916|-O--|2828|8|3|1011|4.327039|-0.443953|-0.631500|-0.635699|4.982394|0.001081|0.001698
1873|592|-1|4589|219|120|HOH|4343|915|815|-O--|2828|8|3|1011|4.340390|-0.851767|-0.080978|0.517625|11.168981|0.001043|0.001638
1873|593|-1|4589|120|219|HOH|4343|815|915|-O--|2828|8|3|1011|4.340390|0.851767|0.080978|-0.517625|11.168981|0.001043|0.001638
1873|594|-1|4590|148|120|HOH|4343|843|815|-O--|2828|8|3|1011|4.329358|-0.324529|-0.230397|0.917387|7.826601|0.001074|0.001687
1873|595|-1|4590|120|148|HOH|4343|815|843|-O--|2828|8|3|1011|4.329358|0.324529|0.230397|-0.917387|7.826601|0.001074|0.001687
1873|596|-1|4591|184|121|HOH|4343|880|816|-O--|2828|8|3|1011|4.894073|0.333791|0.219040|-0.916845|4.308309|0.000233|0.000367
1873|597|-1|4591|121|184|HOH|4343|816|880|-O--|2828|8|3|1011|4.894073|-0.333791|-0.219040|0.916845|4.308309|0.000233|0.000367
1873|598|-1|4592|124|122|HOH|4343|819|817|-O--|2828|8|3|1011|4.923706|0.169912|-0.785790|-0.594696|2.806376|0.000216|0.000338
1873|599|-1|4592|122|124|HOH|4343|817|819|-O--|2828|8|3|1011|4.923706|-0.169912|0.785790|0.594696|2.806376|0.000216|0.000338
1873|600|-1|4593|177|122|HOH|4343|872|817|-O--|2828|8|3|1011|4.660363|-0.458205|0.811852|-0.361863|21.963301|0.000439|0.000690
1873|601|-1|4593|122|177|HOH|4343|817|872|-O--|2828|8|3|1011|4.660363|0.458205|-0.811852|0.361863|21.963301|0.000439|0.000690
1873|602|-1|4594|128|122|HOH|4343|823|817|-O--|2828|8|3|1011|3.901271|-0.031119|-0.158410|-0.986883|22.064638|0.003417|0.005366
1873|603|-1|4594|122|128|HOH|4343|817|823|-O--|2828|8|3|1011|3.901271|0.031119|0.158410|0.986883|22.064638|0.003417|0.005366
1873|604|-1|4595|221|123|HOH|4343|917|818|-O--|2828|8|3|1011|4.826448|-0.551752|0.039879|0.833055|21.393057|0.000280|0.000440
1873|605|-1|4595|123|221|HOH|4343|818|917|-O--|2828|8|3|1011|4.826448|0.551752|-0.039879|-0.833055|21.393057|0.000280|0.000440
1873|606|-1|4596|132|124|HOH|4343|827|819|-O--|2828|8|3|1011|3.934266|-0.476328|-0.806129|-0.351096|23.840994|0.003125|0.004908
1873|607|-1|4596|124|132|HOH|4343|819|827|-O--|2828|8|3|1011|3.934266|0.476328|0.806129|0.351096|23.840994|0.003125|0.004908
1873|608|-1|4597|132|126|HOH|4343|827|821|-O--|2828|8|3|1011|4.783962|-0.205269|-0.685943|0.698102|12.342453|0.000314|0.000494
1873|609|-1|4597|126|132|HOH|4343|821|827|-O--|2828|8|3|1011|4.783962|0.205269|0.685943|-0.698102|12.342453|0.000314|0.000494
1873|610|-1|4598|138|127|HOH|4343|833|822|-O--|2828|8|3|1011|2.992033|-0.417308|0.615810|0.668305|1.848890|0.039887|0.062640
1873|611|-1|4598|127|138|HOH|4343|822|833|-O--|2828|8|3|1011|2.992033|0.417308|-0.615810|-0.668305|1.848890|0.039887|0.062640
1873|612|-1|4599|171|128|HOH|4343|866|823|-O--|2828|8|3|1011|4.966898|0.668828|-0.715844|-0.200590|7.970588|0.000192|0.000301
1873|613|-1|4599|128|171|HOH|4343|823|866|-O--|2828|8|3|1011|4.966898|-0.668828|0.715844|0.200590|7.970588|0.000192|0.000301
1873|614|-1|4600|175|128|HOH|4343|870|823|-O--|2828|8|3|1011|2.765007|0.593705|-0.460758|0.659709|8.788768|0.073672|0.115698
1873|615|-1|4600|128|175|HOH|4343|823|870|-O--|2828|8|3|1011|2.765007|-0.593705|0.460758|-0.659709|8.788768|0.073672|0.115698
1873|616|-1|4601|178|128|HOH|4343|873|823|-O--|2828|8|3|1011|2.631701|0.902685|-0.416461|-0.108257|31.449219|0.105627|0.165880
1873|617|-1|4601|128|178|HOH|4343|823|873|-O--|2828|8|3|1011|2.631701|-0.902685|0.416461|0.108257|31.449219|0.105627|0.165880
1873|618|-1|4602|132|128|HOH|4343|827|823|-O--|2828|8|3|1011|2.870105|-0.986724|0.027691|-0.160031|4.176507|0.055455|0.087089
1873|619|-1|4602|128|132|HOH|4343|823|827|-O--|2828|8|3|1011|2.870105|0.986724|-0.027691|0.160031|4.176507|0.055455|0.087089
1873|620|-1|4603|219|132|HOH|4343|915|827|-O--|2828|8|3|1011|4.968156|0.732666|0.380730|0.564132|25.166107|0.000191|0.000300
1873|621|-1|4603|132|219|HOH|4343|827|915|-O--|2828|8|3|1011|4.968156|-0.732666|-0.380730|-0.564132|25.166107|0.000191|0.000300
1873|622|-1|4604|144|133|HOH|4343|839|828|-O--|2828|8|3|1011|4.940421|-0.270948|-0.731517|0.625676|5.940430|0.000206|0.000324
1873|623|-1|4604|133|144|HOH|4343|828|839|-O--|2828|8|3|1011|4.940421|0.270948|0.731517|-0.625676|5.940430|0.000206|0.000324
1873|624|-1|4605|141|137|HOH|4343|836|832|-O--|2828|8|3|1011|4.363683|0.632172|-0.000458|-0.774828|4.672439|0.000979|0.001538
1873|625|-1|4605|137|141|HOH|4343|832|836|-O--|2828|8|3|1011|4.363683|-0.632172|0.000458|0.774828|4.672439|0.000979|0.001538
1873|626|-1|4606|169|137|HOH|4343|864|832|-O--|2828|8|3|1011|3.649578|-0.791160|0.122206|-0.599276|18.917133|0.006746|0.010594
1873|627|-1|4606|137|169|HOH|4343|832|864|-O--|2828|8|3|1011|3.649578|0.791160|-0.122206|0.599276|18.917133|0.006746|0.010594
1873|628|-1|4607|214|145|HOH|4343|910|840|-O--|2828|8|3|1011|3.103018|-0.370607|-0.888337|-0.271125|4.646643|0.029550|0.046406
1873|629|-1|4607|145|214|HOH|4343|840|910|-O--|2828|8|3|1011|3.103018|0.370607|0.888337|0.271125|4.646643|0.029550|0.046406
1873|630|-1|4608|194|147|HOH|4343|890|842|-O--|2828|8|3|1011|2.583561|-0.472216|-0.796004|-0.378667|0.070264|0.120304|0.188929
1873|631|-1|4608|147|194|HOH|4343|842|890|-O--|2828|8|3|1011|2.583561|0.472216|0.796004|0.378667|0.070264|0.120304|0.188929
1873|632|-1|4609|221|147|HOH|4343|917|842|-O--|2828|8|3|1011|4.757469|0.697430|-0.622500|-0.355085|42.946102|0.000338|0.000530
1873|633|-1|4609|147|221|HOH|4343|842|917|-O--|2828|8|3|1011|4.757469|-0.697430|0.622500|0.355085|42.946102|0.000338|0.000530
1873|634|-1|4610|163|148|HOH|4343|858|843|-O--|2828|8|3|1011|4.805393|-0.346486|-0.724504|-0.595854|0.779130|0.000297|0.000466
1873|635|-1|4610|148|163|HOH|4343|843|858|-O--|2828|8|3|1011|4.805393|0.346486|0.724504|0.595854|0.779130|0.000297|0.000466
1873|636|-1|4611|196|151|HOH|4343|892|846|-O--|2828|8|3|1011|2.699521|-0.216483|0.580297|-0.785105|1.124669|0.087937|0.138099
1873|637|-1|4611|151|196|HOH|4343|846|892|-O--|2828|8|3|1011|2.699521|0.216483|-0.580297|0.785105|1.124669|0.087937|0.138099
1873|638|-1|4612|168|154|HOH|4343|863|849|-O--|2828|8|3|1011|4.082583|0.167197|-0.513890|-0.841405|22.284847|0.002093|0.003287
1873|639|-1|4612|154|168|HOH|4343|849|863|-O--|2828|8|3|1011|4.082583|-0.167197|0.513890|0.841405|22.284847|0.002093|0.003287
1873|640|-1|4613|199|155|HOH|4343|895|850|-O--|2828|8|3|1011|4.242747|0.521501|-0.215191|-0.825669|1.757263|0.001358|0.002132
1873|641|-1|4613|155|199|HOH|4343|850|895|-O--|2828|8|3|1011|4.242747|-0.521501|0.215191|0.825669|1.757263|0.001358|0.002132
1873|642|-1|4614|157|156|HOH|4343|852|851|-O--|2828|8|3|1011|2.376901|-0.005218|-0.095082|0.995456|8.116908|0.210306|0.330271
1873|643|-1|4614|156|157|HOH|4343|851|852|-O--|2828|8|3|1011|2.376901|0.005218|0.095082|-0.995456|8.116908|0.210306|0.330271
1873|644|-1|4615|187|156|HOH|4343|883|851|-O--|2828|8|3|1011|4.248019|0.885165|-0.438210|-0.156381|18.378359|0.001338|0.002102
1873|645|-1|4615|156|187|HOH|4343|851|883|-O--|2828|8|3|1011|4.248019|-0.885165|0.438210|0.156381|18.378359|0.001338|0.002102
1873|646|-1|4616|218|156|HOH|4343|914|851|-O--|2828|8|3|1011|4.967192|0.756201|-0.300074|-0.581477|11.518867|0.000192|0.000301
1873|647|-1|4616|156|218|HOH|4343|851|914|-O--|2828|8|3|1011|4.967192|-0.756201|0.300074|0.581477|11.518867|0.000192|0.000301
1873|648|-1|4617|171|156|HOH|4343|866|851|-O--|2828|8|3|1011|4.474219|-0.553616|-0.430807|0.712681|9.496230|0.000726|0.001141
1873|649|-1|4617|156|171|HOH|4343|851|866|-O--|2828|8|3|1011|4.474219|0.553616|0.430807|-0.712681|9.496230|0.000726|0.001141
1873|650|-1|4618|162|157|HOH|4343|857|852|-O--|2828|8|3|1011|3.548977|0.128938|-0.788960|-0.600764|0.355799|0.008853|0.013904
1873|651|-1|4618|157|162|HOH|4343|852|857|-O--|2828|8|3|1011|3.548977|-0.128938|0.788960|0.600764|0.355799|0.008853|0.013904
1873|652|-1|4619|171|157|HOH|4343|866|852|-O--|2828|8|3|1011|3.105815|0.793543|0.547852|0.264855|22.578707|0.029327|0.046057
1873|653|-1|4619|157|171|HOH|4343|852|866|-O--|2828|8|3|1011|3.105815|-0.793543|-0.547852|-0.264855|22.578707|0.029327|0.046057
1873|654|-1|4620|184|158|HOH|4343|880|853|-O--|2828|8|3|1011|4.799040|0.679219|-0.688263|-0.254865|16.396860|0.000302|0.000474
1873|655|-1|4620|158|184|HOH|4343|853|880|-O--|2828|8|3|1011|4.799040|-0.679219|0.688263|0.254865|16.396860|0.000302|0.000474
1873|656|-1|4621|199|158|HOH|4343|895|853|-O--|2828|8|3|1011|4.192693|-0.232166|-0.716485|-0.657836|21.263020|0.001554|0.002441
1873|657|-1|4621|158|199|HOH|4343|853|895|-O--|2828|8|3|1011|4.192693|0.232166|0.716485|0.657836|21.263020|0.001554|0.002441
1873|658|-1|4622|200|159|HOH|4343|896|854|-O--|2828|8|3|1011|4.384318|-0.404168|0.912006|0.069953|7.193147|0.000926|0.001454
1873|659|-1|4622|159|200|HOH|4343|854|896|-O--|2828|8|3|1011|4.384318|0.404168|-0.912006|-0.069953|7.193147|0.000926|0.001454
1873|660|-1|4623|184|165|HOH|4343|879|860|-O--|2828|8|3|1011|4.653893|-0.459529|-0.744753|0.483918|52.289253|0.000447|0.000702
1873|661|-1|4623|165|184|HOH|4343|860|879|-O--|2828|8|3|1011|4.653893|0.459529|0.744753|-0.483918|52.289253|0.000447|0.000702
1873|662|-1|4624|193|165|HOH|4343|889|860|-O--|2828|8|3|1011|4.514669|0.200990|-0.773257|0.601395|5.298337|0.000651|0.001022
1873|663|-1|4624|165|193|HOH|4343|860|889|-O--|2828|8|3|1011|4.514669|-0.200990|0.773257|-0.601395|5.298337|0.000651|0.001022
1873|664|-1|4625|212|165|HOH|4343|908|860|-O--|2828|8|3|1011|4.767677|-0.956356|-0.289239|-0.041508|0.690280|0.000329|0.000516
1873|665|-1|4625|165|212|HOH|4343|860|908|-O--|2828|8|3|1011|4.767677|0.956356|0.289239|0.041508|0.690280|0.000329|0.000516
1873|666|-1|4626|209|169|HOH|4343|905|864|-O--|2828|8|3|1011|4.360149|0.053576|0.811669|0.581655|3.870658|0.000988|0.001552
1873|667|-1|4626|169|209|HOH|4343|864|905|-O--|2828|8|3|1011|4.360149|-0.053576|-0.811669|-0.581655|3.870658|0.000988|0.001552
1873|668|-1|4627|208|170|HOH|4343|904|865|-O--|2828|8|3|1011|4.484237|0.253688|-0.174835|-0.951354|20.482801|0.000707|0.001110
1873|669|-1|4627|170|208|HOH|4343|865|904|-O--|2828|8|3|1011|4.484237|-0.253688|0.174835|0.951354|20.482801|0.000707|0.001110
1873|670|-1|4628|184|170|HOH|4343|880|865|-O--|2828|8|3|1011|3.088474|-0.367625|-0.564680|-0.738910|25.517593|0.030735|0.048267
1873|671|-1|4628|170|184|HOH|4343|865|880|-O--|2828|8|3|1011|3.088474|0.367625|0.564680|0.738910|25.517593|0.030735|0.048267
1873|672|-1|4629|178|171|HOH|4343|873|866|-O--|2828|8|3|1011|2.729658|0.346711|0.901037|-0.260621|16.849731|0.081058|0.127296
1873|673|-1|4629|171|178|HOH|4343|866|873|-O--|2828|8|3|1011|2.729658|-0.346711|-0.901037|0.260621|16.849731|0.081058|0.127296
1873|674|-1|4630|175|171|HOH|4343|870|866|-O--|2828|8|3|1011|3.997976|0.420313|0.570670|-0.705459|21.186039|0.002631|0.004131
1873|675|-1|4630|171|175|HOH|4343|866|870|-O--|2828|8|3|1011|3.997976|-0.420313|-0.570670|0.705459|21.186039|0.002631|0.004131
1873|676|-1|4631|177|175|HOH|4343|872|870|-O--|2828|8|3|1011|3.167872|-0.117556|0.987264|0.107198|8.724369|0.024799|0.038945
1873|677|-1|4631|175|177|HOH|4343|870|872|-O--|2828|8|3|1011|3.167872|0.117556|-0.987264|-0.107198|8.724369|0.024799|0.038945
1873|678|-1|4632|178|177|HOH|4343|873|872|-O--|2828|8|3|1011|4.129509|-0.087564|0.800464|0.592950|31.559540|0.001844|0.002895
1873|679|-1|4632|177|178|HOH|4343|872|873|-O--|2828|8|3|1011|4.129509|0.087564|-0.800464|-0.592950|31.559540|0.001844|0.002895
1873|680|-1|4633|193|179|HOH|4343|889|874|-O--|2828|8|3|1011|4.838624|-0.333276|-0.441034|0.833316|23.610853|0.000271|0.000426
1873|681|-1|4633|179|193|HOH|4343|874|889|-O--|2828|8|3|1011|4.838624|0.333276|0.441034|-0.833316|23.610853|0.000271|0.000426
1873|682|-1|4634|205|181|HOH|4343|901|876|-O--|2828|8|3|1011|2.872653|0.825230|-0.462290|0.324474|3.460195|0.055075|0.086491
1873|683|-1|4634|181|205|HOH|4343|876|901|-O--|2828|8|3|1011|2.872653|-0.825230|0.462290|-0.324474|3.460195|0.055075|0.086491
1873|684|-1|4635|211|185|HOH|4343|907|881|-O--|2828|8|3|1011|4.862612|0.260806|-0.591148|-0.763233|41.189125|0.000254|0.000399
1873|685|-1|4635|185|211|HOH|4343|881|907|-O--|2828|8|3|1011|4.862612|-0.260806|0.591148|0.763233|41.189125|0.000254|0.000399
1873|686|-1|4636|205|186|HOH|4343|901|882|-O--|2828|8|3|1011|4.089180|0.739414|0.127654|0.661038|3.398549|0.002056|0.003229
1873|687|-1|4636|186|205|HOH|4343|882|901|-O--|2828|8|3|1011|4.089180|-0.739414|-0.127654|-0.661038|3.398549|0.002056|0.003229
1873|688|-1|4637|189|188|HOH|4343|885|884|-O--|2828|8|3|1011|4.816478|-0.486579|-0.824877|-0.287783|0.700726|0.000288|0.000452
1873|689|-1|4637|188|189|HOH|4343|884|885|-O--|2828|8|3|1011|4.816478|0.486579|0.824877|0.287783|0.700726|0.000288|0.000452
1873|690|-1|4638|212|189|HOH|4343|908|885|-O--|2828|8|3|1011|2.916870|0.149956|-0.981874|0.115913|0.597724|0.048871|0.076749
1873|691|-1|4638|189|212|HOH|4343|885|908|-O--|2828|8|3|1011|2.916870|-0.149956|0.981874|-0.115913|0.597724|0.048871|0.076749
1873|692|-1|4639|214|190|HOH|4343|910|886|-O--|2828|8|3|1011|4.962647|-0.290974|-0.901439|0.320533|0.090167|0.000194|0.000305
1873|693|-1|4639|190|214|HOH|4343|886|910|-O--|2828|8|3|1011|4.962647|0.290974|0.901439|-0.320533|0.090167|0.000194|0.000305
1873|694|-1|4640|208|193|HOH|4343|904|889|-O--|2828|8|3|1011|3.755955|-0.336425|-0.859169|-0.385547|4.038307|0.005060|0.007947
1873|695|-1|4640|193|208|HOH|4343|889|904|-O--|2828|8|3|1011|3.755955|0.336425|0.859169|0.385547|4.038307|0.005060|0.007947
1873|696|-1|4641|204|196|HOH|4343|900|892|-O--|2828|8|3|1011|2.134824|-0.932910|-0.076107|-0.351976|2.901148|0.404570|0.635350
1873|697|-1|4641|196|204|HOH|4343|892|900|-O--|2828|8|3|1011|2.134824|0.932910|0.076107|0.351976|2.901148|0.404570|0.635350
1873|698|-1|4642|207|200|HOH|4343|903|896|-O--|2828|8|3|1011|4.915409|0.114945|-0.981511|-0.153051|27.510561|0.000220|0.000346
1873|699|-1|4642|200|207|HOH|4343|896|903|-O--|2828|8|3|1011|4.915409|-0.114945|0.981511|0.153051|27.510561|0.000220|0.000346
1873|700|-1|4643|213|206|HOH|4343|909|902|-O--|2828|8|3|1011|3.683179|0.567336|0.709856|-0.417414|9.448236|0.006160|0.009674
1873|701|-1|4643|206|213|HOH|4343|902|909|-O--|2828|8|3|1011|3.683179|-0.567336|-0.709856|0.417414|9.448236|0.006160|0.009674
