194|0|-1|2508|87|336|HIS|C2O|3352|655|2666|-NE2|CU2-|1340|7|29|3|0011|2.171541|-0.714700|-0.472935|-0.515302|6.291619|0.219220|0.918287
194|1|-1|3145|108|336|HIS|C2O|3352|822|2666|-NE2|CU2-|1340|7|29|3|0011|2.333046|-0.481773|0.873965|-0.063865|0.305739|0.141681|0.593484
194|2|-1|3576|117|336|HIS|C2O|3352|908|2666|-NE2|CU2-|1340|7|29|3|0011|2.291205|0.685229|0.233065|-0.690030|13.941977|0.158644|0.664539
194|3|-1|7092|239|336|HIS|C2O|3352|1862|2667|-NE2|CU3-|1340|7|29|3|0011|2.081198|0.571786|0.495388|0.653950|9.217161|0.279849|1.172251
194|4|-1|7241|243|336|HIS|C2O|3352|1895|2667|-NE2|CU3-|1340|7|29|3|0011|2.225025|-0.356850|-0.632801|0.687183|12.912312|0.189715|0.794694
194|5|-1|8055|273|336|HIS|C2O|3352|2144|2667|-NE2|CU3-|1340|7|29|3|0011|2.232323|0.770050|-0.374498|-0.516502|0.760948|0.186010|0.779174
194|6|-1|8056|273|336|HIS|C2O|3352|2144|2666|-NE2|CU2-|1340|7|29|3|0011|3.871824|0.801689|-0.533599|0.269382|1.691249|0.002214|0.009273
194|7|-1|9451|336|336|C2O|C2O|5252|2668|2666|-O1-|CU2-|3140|8|29|1|0000|1.851628|0.294876|0.151219|0.943494|0.569291|0.627155|1.365905
194|8|-1|9452|336|336|C2O|C2O|5252|2667|2666|CU3-|CU2-|4040|29|29|1|0000|2.872898|0.482092|-0.428139|0.764385|2.598629|-0.001000|-0.001000
194|9|-1|9452|336|336|C2O|C2O|5252|2666|2667|CU2-|CU3-|4040|29|29|1|0000|2.872898|-0.482092|0.428139|-0.764385|2.598629|-0.001000|-0.001000
194|10|-1|9453|336|336|C2O|C2O|5252|2668|2667|-O1-|CU3-|3140|8|29|1|0000|1.784831|-0.470072|0.846018|-0.251565|1.902281|0.751240|1.636153
