194|0|3|ALA|A|1|5|0|000|24.846565|-1.000000|-1.000000|0.000000|-1|-1|0|0|-1|1
194|1|19|PRO|A|2|7|0|000|22.308142|-1.000000|-1.000000|0.000000|-1|-1|0|0|0|2
194|2|9|ILE|A|3|8|0|000|18.390818|-1.000000|-1.000000|0.000000|-1|-1|0|0|1|3
194|3|27|GLN|A|4|9|0|000|21.507473|-1.000000|-1.000000|0.000000|-1|-1|0|0|2|4
194|4|3|ALA|A|5|5|0|000|18.796125|-1.000000|-1.000000|0.000000|-1|-1|0|0|3|5
194|5|19|PRO|A|6|7|0|000|18.481525|-1.000000|-1.000000|0.000000|-1|-1|0|0|4|6
194|6|25|GLU|A|7|9|0|000|23.462341|-1.000000|-1.000000|0.000000|-1|-1|0|0|5|7
194|7|9|ILE|A|8|8|0|000|20.734095|-1.000000|-1.000000|0.000000|-1|-1|0|0|6|8
194|8|11|SER|A|9|6|0|000|24.969143|-1.000000|-1.000000|0.000000|-1|-1|0|0|7|9
194|9|29|LYS|A|10|9|0|000|25.256569|-1.000000|-1.000000|0.000000|-1|-1|0|0|8|10
194|10|15|CYS|A|11|6|0|000|21.400517|-1.000000|-1.000000|0.000000|-1|-1|0|0|9|11
194|11|5|VAL|A|12|7|0|000|21.793543|-1.000000|-1.000000|0.000000|-1|-1|0|0|10|12
194|12|5|VAL|A|13|7|0|000|23.702747|-1.000000|-1.000000|0.000000|-1|-1|0|0|11|13
194|13|19|PRO|A|14|7|0|000|22.796076|-1.000000|-1.000000|0.000000|-1|-1|0|0|12|14
194|14|19|PRO|A|15|7|0|000|19.201880|-1.000000|-1.000000|0.000000|-1|-1|0|0|13|15
194|15|3|ALA|A|16|5|0|000|20.679258|-1.000000|-1.000000|0.000000|-1|-1|0|0|14|16
194|16|21|ASP|A|17|8|0|000|18.193390|-1.000000|-1.000000|0.000000|-1|-1|0|0|15|17
194|17|7|LEU|A|18|8|0|000|19.036758|-1.000000|-1.000000|0.000000|-1|-1|0|0|16|18
194|18|19|PRO|A|19|7|0|000|19.493700|-1.000000|-1.000000|0.000000|-1|-1|0|0|17|19
194|19|19|PRO|A|20|7|0|000|23.389500|-1.000000|-1.000000|0.000000|-1|-1|0|0|18|20
194|20|1|GLY|A|21|4|0|000|22.577826|-1.000000|-1.000000|0.000000|-1|-1|0|0|19|21
194|21|3|ALA|A|22|5|0|000|20.636238|-1.000000|-1.000000|0.000000|-1|-1|0|0|20|22
194|22|5|VAL|A|23|7|0|000|19.813526|-1.000000|-1.000000|0.000000|-1|-1|0|0|21|23
194|23|5|VAL|A|24|7|0|000|19.066704|-1.000000|-1.000000|0.000000|-1|-1|0|0|22|24
194|24|21|ASP|A|25|8|0|000|22.500271|-1.000000|-1.000000|0.000000|-1|-1|0|0|23|25
194|25|23|ASN|A|26|8|0|000|20.398716|-1.000000|-1.000000|0.000000|-1|-1|0|0|24|26
194|26|15|CYS|A|27|6|0|000|16.381058|-1.000000|-1.000000|0.000000|-1|-1|0|0|25|27
194|27|15|CYS|A|28|6|0|000|18.881193|-1.000000|-1.000000|0.000000|-1|-1|0|0|26|28
194|28|19|PRO|A|29|7|0|000|18.161036|-1.000000|-1.000000|0.000000|-1|-1|0|0|27|29
194|29|19|PRO|A|30|7|0|000|20.523867|-1.000000|-1.000000|0.000000|-1|-1|0|0|28|30
194|30|5|VAL|A|31|7|0|000|24.012642|-1.000000|-1.000000|0.000000|-1|-1|0|0|29|31
194|31|3|ALA|A|32|5|0|000|23.585863|-1.000000|-1.000000|0.000000|-1|-1|0|0|30|32
194|32|11|SER|A|33|6|0|000|26.615345|-1.000000|-1.000000|0.000000|-1|-1|0|0|31|33
194|33|23|ASN|A|34|8|0|000|26.176889|-1.000000|-1.000000|0.000000|-1|-1|0|0|32|34
194|34|9|ILE|A|35|8|0|000|23.272232|-1.000000|-1.000000|0.000000|-1|-1|0|0|33|35
194|35|5|VAL|A|36|7|0|000|23.111031|-1.000000|-1.000000|0.000000|-1|-1|0|0|34|36
194|36|21|ASP|A|37|8|0|000|23.058153|-1.000000|-1.000000|0.000000|-1|-1|0|0|35|37
194|37|37|TYR|A|38|12|0|000|18.398329|-1.000000|-1.000000|0.000000|-1|-1|0|0|36|38
194|38|29|LYS|A|39|9|0|000|23.028227|-1.000000|-1.000000|0.000000|-1|-1|0|0|37|39
194|39|7|LEU|A|40|8|0|000|19.345222|-1.000000|-1.000000|0.000000|-1|-1|0|0|38|40
194|40|19|PRO|A|41|7|0|000|20.701141|-1.000000|-1.000000|0.000000|-1|-1|0|0|39|41
194|41|3|ALA|A|42|5|0|000|23.563442|-1.000000|-1.000000|0.000000|-1|-1|0|0|40|42
194|42|5|VAL|A|43|7|0|000|22.501955|-1.000000|-1.000000|0.000000|-1|-1|0|0|41|43
194|43|13|THR|A|44|7|0|000|24.623741|-1.000000|-1.000000|0.000000|-1|-1|0|0|42|44
194|44|13|THR|A|45|7|0|000|22.236790|-1.000000|-1.000000|0.000000|-1|-1|0|0|43|45
194|45|17|MET|A|46|8|0|000|20.008604|-1.000000|-1.000000|0.000000|-1|-1|0|0|44|46
194|46|29|LYS|A|47|9|0|000|16.631807|-1.000000|-1.000000|0.000000|-1|-1|0|0|45|47
194|47|5|VAL|A|48|7|0|000|17.390039|-1.000000|-1.000000|0.000000|-1|-1|0|0|46|48
194|48|31|ARG|A|49|11|0|000|11.620256|-1.000000|-1.000000|0.000000|-1|-1|0|0|47|49
194|49|19|PRO|A|50|7|0|000|15.286917|-1.000000|-1.000000|0.000000|-1|-1|0|0|48|50
194|50|3|ALA|A|51|5|0|000|16.084177|-1.000000|-1.000000|0.000000|-1|-1|0|0|49|51
194|51|3|ALA|A|52|5|0|000|15.718694|-1.000000|-1.000000|0.000000|-1|-1|0|0|50|52
194|52|33|HIS|A|53|10|0|000|18.759275|-1.000000|-1.000000|0.000000|-1|-1|0|0|51|53
194|53|13|THR|A|54|7|0|000|20.519915|-1.000000|-1.000000|0.000000|-1|-1|0|0|52|54
194|54|17|MET|A|55|8|0|000|19.163509|-1.000000|-1.000000|0.000000|-1|-1|0|0|53|55
194|55|21|ASP|A|56|8|0|000|23.675901|-1.000000|-1.000000|0.000000|-1|-1|0|0|54|56
194|56|29|LYS|A|57|9|0|000|24.622610|-1.000000|-1.000000|0.000000|-1|-1|0|0|55|57
194|57|21|ASP|A|58|8|0|000|25.207897|-1.000000|-1.000000|0.000000|-1|-1|0|0|56|58
194|58|3|ALA|A|59|5|0|000|20.576769|-1.000000|-1.000000|0.000000|-1|-1|0|0|57|59
194|59|9|ILE|A|60|8|0|000|20.022615|-1.000000|-1.000000|0.000000|-1|-1|0|0|58|60
194|60|3|ALA|A|61|5|0|000|21.996744|-1.000000|-1.000000|0.000000|-1|-1|0|0|59|61
194|61|29|LYS|A|62|9|0|000|20.625872|-1.000000|-1.000000|0.000000|-1|-1|0|0|60|62
194|62|35|PHE|A|63|11|0|000|15.156918|-1.000000|-1.000000|0.000000|-1|-1|0|0|61|63
194|63|3|ALA|A|64|5|0|000|18.875973|-1.000000|-1.000000|0.000000|-1|-1|0|0|62|64
194|64|29|LYS|A|65|9|0|000|21.891205|-1.000000|-1.000000|0.000000|-1|-1|0|0|63|65
194|65|3|ALA|A|66|5|0|000|17.636143|-1.000000|-1.000000|0.000000|-1|-1|0|0|64|66
194|66|5|VAL|A|67|7|0|000|15.894673|-1.000000|-1.000000|0.000000|-1|-1|0|0|65|67
194|67|25|GLU|A|68|9|0|000|21.165415|-1.000000|-1.000000|0.000000|-1|-1|0|0|66|68
194|68|7|LEU|A|69|8|0|000|20.817253|-1.000000|-1.000000|0.000000|-1|-1|0|0|67|69
194|69|17|MET|A|70|8|0|000|15.804173|-1.000000|-1.000000|0.000000|-1|-1|0|0|68|70
194|70|29|LYS|A|71|9|0|000|17.942938|-1.000000|-1.000000|0.000000|-1|-1|0|0|69|71
194|71|3|ALA|A|72|5|0|000|21.978165|-1.000000|-1.000000|0.000000|-1|-1|0|0|70|72
194|72|7|LEU|A|73|8|0|000|20.472876|-1.000000|-1.000000|0.000000|-1|-1|0|0|71|73
194|73|19|PRO|A|74|7|0|000|22.867514|-1.000000|-1.000000|0.000000|-1|-1|0|0|72|74
194|74|3|ALA|A|75|5|0|000|21.698950|-1.000000|-1.000000|0.000000|-1|-1|0|0|73|75
194|75|21|ASP|A|76|8|0|000|23.312651|-1.000000|-1.000000|0.000000|-1|-1|0|0|74|76
194|76|21|ASP|A|77|8|0|000|20.020292|-1.000000|-1.000000|0.000000|-1|-1|0|0|75|77
194|77|19|PRO|A|78|7|0|000|17.464556|-1.000000|-1.000000|0.000000|-1|-1|0|0|76|78
194|78|31|ARG|A|79|11|0|000|17.648891|-1.000000|-1.000000|0.000000|-1|-1|0|0|77|79
194|79|23|ASN|A|80|8|0|000|16.911797|-1.000000|-1.000000|0.000000|-1|-1|0|0|78|80
194|80|35|PHE|A|81|11|0|000|13.536721|-1.000000|-1.000000|0.000000|-1|-1|0|0|79|81
194|81|37|TYR|A|82|12|0|000|15.730142|-1.000000|-1.000000|0.000000|-1|-1|0|0|80|82
194|82|27|GLN|A|83|9|0|000|16.113909|-1.000000|-1.000000|0.000000|-1|-1|0|0|81|83
194|83|27|GLN|A|84|9|0|000|11.184430|-1.000000|-1.000000|0.000000|-1|-1|0|0|82|84
194|84|3|ALA|A|85|5|0|000|10.965284|-1.000000|-1.000000|0.000000|-1|-1|0|0|83|85
194|85|7|LEU|A|86|8|0|000|13.716420|-1.000000|-1.000000|0.000000|-1|-1|0|0|84|86
194|86|5|VAL|A|87|7|0|000|10.590971|-1.000000|-1.000000|0.000000|-1|-1|0|0|85|87
194|87|33|HIS|A|88|10|0|000|7.523388|-1.000000|-1.000000|0.000000|-1|-1|0|0|86|88
194|88|15|CYS|A|89|6|0|000|12.464773|-1.000000|-1.000000|0.000000|-1|-1|0|0|87|89
194|89|3|ALA|A|90|5|0|000|13.484737|-1.000000|-1.000000|0.000000|-1|-1|0|0|88|90
194|90|37|TYR|A|91|12|0|000|11.856112|-1.000000|-1.000000|0.000000|-1|-1|0|0|89|91
194|91|15|CYS|A|92|6|0|000|11.209191|-1.000000|-1.000000|0.000000|-1|-1|0|0|90|92
194|92|23|ASN|A|93|8|0|000|14.525316|-1.000000|-1.000000|0.000000|-1|-1|0|0|91|93
194|93|1|GLY|A|94|4|0|000|17.402157|-1.000000|-1.000000|0.000000|-1|-1|0|0|92|94
194|94|1|GLY|A|95|4|0|000|17.851208|-1.000000|-1.000000|0.000000|-1|-1|0|0|93|95
194|95|37|TYR|A|96|12|0|000|17.276140|-1.000000|-1.000000|0.000000|-1|-1|0|0|94|96
194|96|21|ASP|A|97|8|0|000|21.932474|-1.000000|-1.000000|0.000000|-1|-1|0|0|95|97
194|97|27|GLN|A|98|9|0|000|21.637068|-1.000000|-1.000000|0.000000|-1|-1|0|0|96|98
194|98|5|VAL|A|99|7|0|000|24.119825|-1.000000|-1.000000|0.000000|-1|-1|0|0|97|99
194|99|23|ASN|A|100|8|0|000|27.510912|-1.000000|-1.000000|0.000000|-1|-1|0|0|98|100
194|100|35|PHE|A|101|11|0|000|26.108358|-1.000000|-1.000000|0.000000|-1|-1|0|0|99|101
194|101|19|PRO|A|102|7|0|000|26.875660|-1.000000|-1.000000|0.000000|-1|-1|0|0|100|102
194|102|21|ASP|A|103|8|0|000|26.482498|-1.000000|-1.000000|0.000000|-1|-1|0|0|101|103
194|103|27|GLN|A|104|9|0|000|23.525492|-1.000000|-1.000000|0.000000|-1|-1|0|0|102|104
194|104|25|GLU|A|105|9|0|000|18.736345|-1.000000|-1.000000|0.000000|-1|-1|0|0|103|105
194|105|9|ILE|A|106|8|0|000|16.490238|-1.000000|-1.000000|0.000000|-1|-1|0|0|104|106
194|106|27|GLN|A|107|9|0|000|14.019753|-1.000000|-1.000000|0.000000|-1|-1|0|0|105|107
194|107|5|VAL|A|108|7|0|000|10.696927|-1.000000|-1.000000|0.000000|-1|-1|0|0|106|108
194|108|33|HIS|A|109|10|0|000|9.861815|-1.000000|-1.000000|0.000000|-1|-1|0|0|107|109
194|109|23|ASN|A|110|8|0|000|13.739087|-1.000000|-1.000000|0.000000|-1|-1|0|0|108|110
194|110|11|SER|A|111|6|0|000|13.742678|-1.000000|-1.000000|0.000000|-1|-1|0|0|109|111
194|111|39|TRP|A|112|14|0|000|16.641724|-1.000000|-1.000000|0.000000|-1|-1|0|0|110|112
194|112|7|LEU|A|113|8|0|000|12.412390|-1.000000|-1.000000|0.000000|-1|-1|0|0|111|113
194|113|35|PHE|A|114|11|0|000|7.684694|-1.000000|-1.000000|0.000000|-1|-1|0|0|112|114
194|114|35|PHE|A|115|11|0|000|8.928843|-1.000000|-1.000000|0.000000|-1|-1|0|0|113|115
194|115|19|PRO|A|116|7|0|000|9.900408|-1.000000|-1.000000|0.000000|-1|-1|0|0|114|116
194|116|35|PHE|A|117|11|0|000|7.533056|-1.000000|-1.000000|0.000000|-1|-1|0|0|115|117
194|117|33|HIS|A|118|10|0|000|3.966442|-1.000000|-1.000000|0.000000|-1|-1|0|0|116|118
194|118|31|ARG|A|119|11|0|000|9.064673|-1.000000|-1.000000|0.000000|-1|-1|0|0|117|119
194|119|39|TRP|A|120|14|0|000|11.488976|-1.000000|-1.000000|0.000000|-1|-1|0|0|118|120
194|120|37|TYR|A|121|12|0|000|5.903150|-1.000000|-1.000000|0.000000|-1|-1|0|0|119|121
194|121|7|LEU|A|122|8|0|000|5.633502|-1.000000|-1.000000|0.000000|-1|-1|0|0|120|122
194|122|37|TYR|A|123|12|0|000|12.208259|-1.000000|-1.000000|0.000000|-1|-1|0|0|121|123
194|123|35|PHE|A|124|11|0|000|12.293377|-1.000000|-1.000000|0.000000|-1|-1|0|0|122|124
194|124|37|TYR|A|125|12|0|000|9.440589|-1.000000|-1.000000|0.000000|-1|-1|0|0|123|125
194|125|25|GLU|A|126|9|0|000|11.660321|-1.000000|-1.000000|0.000000|-1|-1|0|0|124|126
194|126|31|ARG|A|127|11|0|000|15.457848|-1.000000|-1.000000|0.000000|-1|-1|0|0|125|127
194|127|9|ILE|A|128|8|0|000|14.893214|-1.000000|-1.000000|0.000000|-1|-1|0|0|126|128
194|128|7|LEU|A|129|8|0|000|14.515780|-1.000000|-1.000000|0.000000|-1|-1|0|0|127|129
194|129|1|GLY|A|130|4|0|000|17.983212|-1.000000|-1.000000|0.000000|-1|-1|0|0|128|130
194|130|29|LYS|A|131|9|0|000|20.482216|-1.000000|-1.000000|0.000000|-1|-1|0|0|129|131
194|131|7|LEU|A|132|8|0|000|20.021406|-1.000000|-1.000000|0.000000|-1|-1|0|0|130|132
194|132|9|ILE|A|133|8|0|000|21.095943|-1.000000|-1.000000|0.000000|-1|-1|0|0|131|133
194|133|1|GLY|A|134|4|0|000|23.254930|-1.000000|-1.000000|0.000000|-1|-1|0|0|132|134
194|134|21|ASP|A|135|8|0|000|21.102901|-1.000000|-1.000000|0.000000|-1|-1|0|0|133|135
194|135|19|PRO|A|136|7|0|000|21.469957|-1.000000|-1.000000|0.000000|-1|-1|0|0|134|136
194|136|11|SER|A|137|6|0|000|19.861883|-1.000000|-1.000000|0.000000|-1|-1|0|0|135|137
194|137|35|PHE|A|138|11|0|000|15.999929|-1.000000|-1.000000|0.000000|-1|-1|0|0|136|138
194|138|1|GLY|A|139|4|0|000|14.248161|-1.000000|-1.000000|0.000000|-1|-1|0|0|137|139
194|139|7|LEU|A|140|8|0|000|9.976780|-1.000000|-1.000000|0.000000|-1|-1|0|0|138|140
194|140|19|PRO|A|141|7|0|000|11.826261|-1.000000|-1.000000|0.000000|-1|-1|0|0|139|141
194|141|35|PHE|A|142|11|0|000|12.153676|-1.000000|-1.000000|0.000000|-1|-1|0|0|140|142
194|142|39|TRP|A|143|14|0|000|11.627401|-1.000000|-1.000000|0.000000|-1|-1|0|0|141|143
194|143|23|ASN|A|144|8|0|000|14.954101|-1.000000|-1.000000|0.000000|-1|-1|0|0|142|144
194|144|39|TRP|A|145|14|0|000|12.229230|-1.000000|-1.000000|0.000000|-1|-1|0|0|143|145
194|145|21|ASP|A|146|8|0|000|15.967616|-1.000000|-1.000000|0.000000|-1|-1|0|0|144|146
194|146|23|ASN|A|147|8|0|000|19.104448|-1.000000|-1.000000|0.000000|-1|-1|0|0|145|147
194|147|19|PRO|A|148|7|0|000|21.491219|-1.000000|-1.000000|0.000000|-1|-1|0|0|146|148
194|148|1|GLY|A|149|4|0|000|20.662817|-1.000000|-1.000000|0.000000|-1|-1|0|0|147|149
194|149|1|GLY|A|150|4|0|000|17.446110|-1.000000|-1.000000|0.000000|-1|-1|0|0|148|150
194|150|17|MET|A|151|8|0|000|18.748781|-1.000000|-1.000000|0.000000|-1|-1|0|0|149|151
194|151|5|VAL|A|152|7|0|000|18.498802|-1.000000|-1.000000|0.000000|-1|-1|0|0|150|152
194|152|7|LEU|A|153|8|0|000|16.250395|-1.000000|-1.000000|0.000000|-1|-1|0|0|151|153
194|153|19|PRO|A|154|7|0|000|15.857911|-1.000000|-1.000000|0.000000|-1|-1|0|0|152|154
194|154|21|ASP|A|155|8|0|000|20.430456|-1.000000|-1.000000|0.000000|-1|-1|0|0|153|155
194|155|35|PHE|A|156|11|0|000|17.773260|-1.000000|-1.000000|0.000000|-1|-1|0|0|154|156
194|156|7|LEU|A|157|8|0|000|15.786497|-1.000000|-1.000000|0.000000|-1|-1|0|0|155|157
194|157|23|ASN|A|158|8|0|000|20.621866|-1.000000|-1.000000|0.000000|-1|-1|0|0|156|158
194|158|21|ASP|A|159|8|0|000|22.403912|-1.000000|-1.000000|0.000000|-1|-1|0|0|157|159
194|159|11|SER|A|160|6|0|000|23.944492|-1.000000|-1.000000|0.000000|-1|-1|0|0|158|160
194|160|13|THR|A|161|7|0|000|24.993660|-1.000000|-1.000000|0.000000|-1|-1|0|0|159|161
194|161|11|SER|A|162|6|0|000|20.911879|-1.000000|-1.000000|0.000000|-1|-1|0|0|160|162
194|162|11|SER|A|163|6|0|000|18.420094|-1.000000|-1.000000|0.000000|-1|-1|0|0|161|163
194|163|7|LEU|A|164|8|0|000|16.144131|-1.000000|-1.000000|0.000000|-1|-1|0|0|162|164
194|164|37|TYR|A|165|12|0|000|19.633184|-1.000000|-1.000000|0.000000|-1|-1|0|0|163|165
194|165|21|ASP|A|166|8|0|000|16.341515|-1.000000|-1.000000|0.000000|-1|-1|0|0|164|166
194|166|11|SER|A|167|6|0|000|19.996468|-1.000000|-1.000000|0.000000|-1|-1|0|0|165|167
194|167|23|ASN|A|168|8|0|000|17.698797|-1.000000|-1.000000|0.000000|-1|-1|0|0|166|168
194|168|31|ARG|A|169|11|0|000|16.284883|-1.000000|-1.000000|0.000000|-1|-1|0|0|167|169
194|169|23|ASN|A|170|8|0|000|19.463209|-1.000000|-1.000000|0.000000|-1|-1|0|0|168|170
194|170|27|GLN|A|171|9|0|000|22.277790|-1.000000|-1.000000|0.000000|-1|-1|0|0|169|171
194|171|11|SER|A|172|6|0|000|23.222782|-1.000000|-1.000000|0.000000|-1|-1|0|0|170|172
194|172|33|HIS|A|173|10|0|000|19.788534|-1.000000|-1.000000|0.000000|-1|-1|0|0|171|173
194|173|7|LEU|A|174|8|0|000|21.031387|-1.000000|-1.000000|0.000000|-1|-1|0|0|172|174
194|174|19|PRO|A|175|7|0|000|21.030125|-1.000000|-1.000000|0.000000|-1|-1|0|0|173|175
194|175|19|PRO|A|176|7|0|000|24.101498|-1.000000|-1.000000|0.000000|-1|-1|0|0|174|176
194|176|5|VAL|A|177|7|0|000|22.127621|-1.000000|-1.000000|0.000000|-1|-1|0|0|175|177
194|177|5|VAL|A|178|7|0|000|21.500561|-1.000000|-1.000000|0.000000|-1|-1|0|0|176|178
194|178|5|VAL|A|179|7|0|000|17.696791|-1.000000|-1.000000|0.000000|-1|-1|0|0|177|179
194|179|21|ASP|A|180|8|0|000|19.209078|-1.000000|-1.000000|0.000000|-1|-1|0|0|178|180
194|180|7|LEU|A|181|8|0|000|16.316826|-1.000000|-1.000000|0.000000|-1|-1|0|0|179|181
194|181|1|GLY|A|182|4|0|000|18.473305|-1.000000|-1.000000|0.000000|-1|-1|0|0|180|182
194|182|37|TYR|A|183|12|0|000|18.347080|-1.000000|-1.000000|0.000000|-1|-1|0|0|181|183
194|183|23|ASN|A|184|8|0|000|21.225500|-1.000000|-1.000000|0.000000|-1|-1|0|0|182|184
194|184|1|GLY|A|185|4|0|000|21.553732|-1.000000|-1.000000|0.000000|-1|-1|0|0|183|185
194|185|3|ALA|A|186|5|0|000|23.482327|-1.000000|-1.000000|0.000000|-1|-1|0|0|184|186
194|186|21|ASP|A|187|8|0|000|24.247309|-1.000000|-1.000000|0.000000|-1|-1|0|0|185|187
194|187|13|THR|A|188|7|0|000|26.219763|-1.000000|-1.000000|0.000000|-1|-1|0|0|186|188
194|188|21|ASP|A|189|8|0|000|30.681072|-1.000000|-1.000000|0.000000|-1|-1|0|0|187|189
194|189|5|VAL|A|190|7|0|000|28.098471|-1.000000|-1.000000|0.000000|-1|-1|0|0|188|190
194|190|13|THR|A|191|7|0|000|29.706732|-1.000000|-1.000000|0.000000|-1|-1|0|0|189|191
194|191|21|ASP|A|192|8|0|000|26.848619|-1.000000|-1.000000|0.000000|-1|-1|0|0|190|192
194|192|27|GLN|A|193|9|0|000|29.245674|-1.000000|-1.000000|0.000000|-1|-1|0|0|191|193
194|193|27|GLN|A|194|9|0|000|28.254999|-1.000000|-1.000000|0.000000|-1|-1|0|0|192|194
194|194|31|ARG|A|195|11|0|000|23.593933|-1.000000|-1.000000|0.000000|-1|-1|0|0|193|195
194|195|9|ILE|A|196|8|0|000|23.838573|-1.000000|-1.000000|0.000000|-1|-1|0|0|194|196
194|196|13|THR|A|197|7|0|000|26.036352|-1.000000|-1.000000|0.000000|-1|-1|0|0|195|197
194|197|21|ASP|A|198|8|0|000|24.379389|-1.000000|-1.000000|0.000000|-1|-1|0|0|196|198
194|198|23|ASN|A|199|8|0|000|20.056076|-1.000000|-1.000000|0.000000|-1|-1|0|0|197|199
194|199|7|LEU|A|200|8|0|000|22.010607|-1.000000|-1.000000|0.000000|-1|-1|0|0|198|200
194|200|3|ALA|A|201|5|0|000|22.983845|-1.000000|-1.000000|0.000000|-1|-1|0|0|199|201
194|201|7|LEU|A|202|8|0|000|19.310093|-1.000000|-1.000000|0.000000|-1|-1|0|0|200|202
194|202|17|MET|A|203|8|0|000|17.432770|-1.000000|-1.000000|0.000000|-1|-1|0|0|201|203
194|203|37|TYR|A|204|12|0|000|23.178978|-1.000000|-1.000000|0.000000|-1|-1|0|0|202|204
194|204|29|LYS|A|205|9|0|000|21.311224|-1.000000|-1.000000|0.000000|-1|-1|0|0|203|205
194|205|27|GLN|A|206|9|0|000|17.437437|-1.000000|-1.000000|0.000000|-1|-1|0|0|204|206
194|206|17|MET|A|207|8|0|000|17.222046|-1.000000|-1.000000|0.000000|-1|-1|0|0|205|207
194|207|5|VAL|A|208|7|0|000|21.857265|-1.000000|-1.000000|0.000000|-1|-1|0|0|206|208
194|208|13|THR|A|209|7|0|000|23.815355|-1.000000|-1.000000|0.000000|-1|-1|0|0|207|209
194|209|23|ASN|A|210|8|0|000|21.501905|-1.000000|-1.000000|0.000000|-1|-1|0|0|208|210
194|210|3|ALA|A|211|5|0|000|19.775143|-1.000000|-1.000000|0.000000|-1|-1|0|0|209|211
194|211|1|GLY|A|212|4|0|000|22.450552|-1.000000|-1.000000|0.000000|-1|-1|0|0|210|212
194|212|13|THR|A|213|7|0|000|21.813087|-1.000000|-1.000000|0.000000|-1|-1|0|0|211|213
194|213|3|ALA|A|214|5|0|000|18.978727|-1.000000|-1.000000|0.000000|-1|-1|0|0|212|214
194|214|25|GLU|A|215|9|0|000|20.543917|-1.000000|-1.000000|0.000000|-1|-1|0|0|213|215
194|215|7|LEU|A|216|8|0|000|19.863733|-1.000000|-1.000000|0.000000|-1|-1|0|0|214|216
194|216|35|PHE|A|217|11|0|000|14.734546|-1.000000|-1.000000|0.000000|-1|-1|0|0|215|217
194|217|7|LEU|A|218|8|0|000|14.386936|-1.000000|-1.000000|0.000000|-1|-1|0|0|216|218
194|218|1|GLY|A|219|4|0|000|16.088280|-1.000000|-1.000000|0.000000|-1|-1|0|0|217|219
194|219|29|LYS|A|220|9|0|000|19.385160|-1.000000|-1.000000|0.000000|-1|-1|0|0|218|220
194|220|3|ALA|A|221|5|0|000|20.021145|-1.000000|-1.000000|0.000000|-1|-1|0|0|219|221
194|221|37|TYR|A|222|12|0|000|17.871117|-1.000000|-1.000000|0.000000|-1|-1|0|0|220|222
194|222|31|ARG|A|223|11|0|000|22.716347|-1.000000|-1.000000|0.000000|-1|-1|0|0|221|223
194|223|3|ALA|A|224|5|0|000|23.488161|-1.000000|-1.000000|0.000000|-1|-1|0|0|222|224
194|224|1|GLY|A|225|4|0|000|24.488483|-1.000000|-1.000000|0.000000|-1|-1|0|0|223|225
194|225|21|ASP|A|226|8|0|000|22.747299|-1.000000|-1.000000|0.000000|-1|-1|0|0|224|226
194|226|3|ALA|A|227|5|0|000|21.891026|-1.000000|-1.000000|0.000000|-1|-1|0|0|225|227
194|227|19|PRO|A|228|7|0|000|19.233871|-1.000000|-1.000000|0.000000|-1|-1|0|0|226|228
194|228|11|SER|A|229|6|0|000|17.277601|-1.000000|-1.000000|0.000000|-1|-1|0|0|227|229
194|229|19|PRO|A|230|7|0|000|18.920637|-1.000000|-1.000000|0.000000|-1|-1|0|0|228|230
194|230|1|GLY|A|231|4|0|000|16.900150|-1.000000|-1.000000|0.000000|-1|-1|0|0|229|231
194|231|3|ALA|A|232|5|0|000|14.940973|-1.000000|-1.000000|0.000000|-1|-1|0|0|230|232
194|232|1|GLY|A|233|4|0|000|14.367322|-1.000000|-1.000000|0.000000|-1|-1|0|0|231|233
194|233|11|SER|A|234|6|0|000|15.144485|-1.000000|-1.000000|0.000000|-1|-1|0|0|232|234
194|234|9|ILE|A|235|8|0|000|11.990357|-1.000000|-1.000000|0.000000|-1|-1|0|0|233|235
194|235|25|GLU|A|236|9|0|000|10.469326|-1.000000|-1.000000|0.000000|-1|-1|0|0|234|236
194|236|13|THR|A|237|7|0|000|14.152290|-1.000000|-1.000000|0.000000|-1|-1|0|0|235|237
194|237|11|SER|A|238|6|0|000|15.361304|-1.000000|-1.000000|0.000000|-1|-1|0|0|236|238
194|238|19|PRO|A|239|7|0|000|12.628670|-1.000000|-1.000000|0.000000|-1|-1|0|0|237|239
194|239|33|HIS|A|240|10|0|000|8.273921|-1.000000|-1.000000|0.000000|-1|-1|0|0|238|240
194|240|9|ILE|A|241|8|0|000|11.627940|-1.000000|-1.000000|0.000000|-1|-1|0|0|239|241
194|241|19|PRO|A|242|7|0|000|13.869054|-1.000000|-1.000000|0.000000|-1|-1|0|0|240|242
194|242|9|ILE|A|243|8|0|000|11.454947|-1.000000|-1.000000|0.000000|-1|-1|0|0|241|243
194|243|33|HIS|A|244|10|0|000|9.187277|-1.000000|-1.000000|0.000000|-1|-1|0|0|242|244
194|244|31|ARG|A|245|11|0|000|15.231577|-1.000000|-1.000000|0.000000|-1|-1|0|0|243|245
194|245|39|TRP|A|246|14|0|000|16.315937|-1.000000|-1.000000|0.000000|-1|-1|0|0|244|246
194|246|5|VAL|A|247|7|0|000|13.663961|-1.000000|-1.000000|0.000000|-1|-1|0|0|245|247
194|247|1|GLY|A|248|4|0|000|15.849902|-1.000000|-1.000000|0.000000|-1|-1|0|0|246|248
194|248|21|ASP|A|249|8|0|000|19.207150|-1.000000|-1.000000|0.000000|-1|-1|0|0|247|249
194|249|19|PRO|A|250|7|0|000|21.405670|-1.000000|-1.000000|0.000000|-1|-1|0|0|248|250
194|250|31|ARG|A|251|11|0|000|23.500000|-1.000000|-1.000000|0.000000|-1|-1|0|0|249|251
194|251|23|ASN|A|252|8|0|000|20.720324|-1.000000|-1.000000|0.000000|-1|-1|0|0|250|252
194|252|13|THR|A|253|7|0|000|22.513655|-1.000000|-1.000000|0.000000|-1|-1|0|0|251|253
194|253|23|ASN|A|254|8|0|000|18.990940|-1.000000|-1.000000|0.000000|-1|-1|0|0|252|254
194|254|23|ASN|A|255|8|0|000|17.258877|-1.000000|-1.000000|0.000000|-1|-1|0|0|253|255
194|255|25|GLU|A|256|9|0|000|16.988235|-1.000000|-1.000000|0.000000|-1|-1|0|0|254|256
194|256|21|ASP|A|257|8|0|000|13.456796|-1.000000|-1.000000|0.000000|-1|-1|0|0|255|257
194|257|17|MET|A|258|8|0|000|10.151468|-1.000000|-1.000000|0.000000|-1|-1|0|0|256|258
194|258|1|GLY|A|259|4|0|000|13.093738|-1.000000|-1.000000|0.000000|-1|-1|0|0|257|259
194|259|23|ASN|A|260|8|0|000|13.217420|-1.000000|-1.000000|0.000000|-1|-1|0|0|258|260
194|260|35|PHE|A|261|11|0|000|9.774890|-1.000000|-1.000000|0.000000|-1|-1|0|0|259|261
194|261|37|TYR|A|262|12|0|000|14.537139|-1.000000|-1.000000|0.000000|-1|-1|0|0|260|262
194|262|11|SER|A|263|6|0|000|12.253040|-1.000000|-1.000000|0.000000|-1|-1|0|0|261|263
194|263|3|ALA|A|264|5|0|000|8.916559|-1.000000|-1.000000|0.000000|-1|-1|0|0|262|264
194|264|1|GLY|A|265|4|0|000|8.891029|-1.000000|-1.000000|0.000000|-1|-1|0|0|263|265
194|265|31|ARG|A|266|11|0|000|13.962457|-1.000000|-1.000000|0.000000|-1|-1|0|0|264|266
194|266|21|ASP|A|267|8|0|000|11.023122|-1.000000|-1.000000|0.000000|-1|-1|0|0|265|267
194|267|9|ILE|A|268|8|0|000|10.486080|-1.000000|-1.000000|0.000000|-1|-1|0|0|266|268
194|268|3|ALA|A|269|5|0|000|9.167155|-1.000000|-1.000000|0.000000|-1|-1|0|0|267|269
194|269|35|PHE|A|270|11|0|000|4.729746|-1.000000|-1.000000|0.000000|-1|-1|0|0|268|270
194|270|37|TYR|A|271|12|0|000|5.831368|-1.000000|-1.000000|0.000000|-1|-1|0|0|269|271
194|271|15|CYS|A|272|6|0|000|8.218608|-1.000000|-1.000000|0.000000|-1|-1|0|0|270|272
194|272|33|HIS|A|273|10|0|000|6.639743|-1.000000|-1.000000|0.000000|-1|-1|0|0|271|273
194|273|33|HIS|A|274|10|0|000|2.461932|-1.000000|-1.000000|0.000000|-1|-1|0|0|272|274
194|274|11|SER|A|275|6|0|000|7.038990|-1.000000|-1.000000|0.000000|-1|-1|0|0|273|275
194|275|23|ASN|A|276|8|0|000|9.549863|-1.000000|-1.000000|0.000000|-1|-1|0|0|274|276
194|276|5|VAL|A|277|7|0|000|6.913121|-1.000000|-1.000000|0.000000|-1|-1|0|0|275|277
194|277|21|ASP|A|278|8|0|000|7.918779|-1.000000|-1.000000|0.000000|-1|-1|0|0|276|278
194|278|31|ARG|A|279|11|0|000|12.457959|-1.000000|-1.000000|0.000000|-1|-1|0|0|277|279
194|279|17|MET|A|280|8|0|000|12.074365|-1.000000|-1.000000|0.000000|-1|-1|0|0|278|280
194|280|39|TRP|A|281|14|0|000|12.104433|-1.000000|-1.000000|0.000000|-1|-1|0|0|279|281
194|281|13|THR|A|282|7|0|000|14.306340|-1.000000|-1.000000|0.000000|-1|-1|0|0|280|282
194|282|9|ILE|A|283|8|0|000|16.296478|-1.000000|-1.000000|0.000000|-1|-1|0|0|281|283
194|283|39|TRP|A|284|14|0|000|17.257061|-1.000000|-1.000000|0.000000|-1|-1|0|0|282|284
194|284|27|GLN|A|285|9|0|000|17.467247|-1.000000|-1.000000|0.000000|-1|-1|0|0|283|285
194|285|27|GLN|A|286|9|0|000|20.231543|-1.000000|-1.000000|0.000000|-1|-1|0|0|284|286
194|286|7|LEU|A|287|8|0|000|21.507885|-1.000000|-1.000000|0.000000|-1|-1|0|0|285|287
194|287|3|ALA|A|288|5|0|000|24.238844|-1.000000|-1.000000|0.000000|-1|-1|0|0|286|-1
194|288|31|ARG|A|294|11|0|000|20.905987|-1.000000|-1.000000|0.000000|-1|-1|0|0|-1|289
194|289|21|ASP|A|295|8|0|000|18.727440|-1.000000|-1.000000|0.000000|-1|-1|0|0|288|290
194|290|37|TYR|A|296|12|0|000|19.373423|-1.000000|-1.000000|0.000000|-1|-1|0|0|289|291
194|291|13|THR|A|297|7|0|000|23.688225|-1.000000|-1.000000|0.000000|-1|-1|0|0|290|292
194|292|21|ASP|A|298|8|0|000|22.691160|-1.000000|-1.000000|0.000000|-1|-1|0|0|291|293
194|293|11|SER|A|299|6|0|000|24.013515|-1.000000|-1.000000|0.000000|-1|-1|0|0|292|294
194|294|21|ASP|A|300|8|0|000|22.694281|-1.000000|-1.000000|0.000000|-1|-1|0|0|293|295
194|295|39|TRP|A|301|14|0|000|17.013885|-1.000000|-1.000000|0.000000|-1|-1|0|0|294|296
194|296|7|LEU|A|302|8|0|000|19.799231|-1.000000|-1.000000|0.000000|-1|-1|0|0|295|297
194|297|23|ASN|A|303|8|0|000|21.517876|-1.000000|-1.000000|0.000000|-1|-1|0|0|296|298
194|298|3|ALA|A|304|5|0|000|17.658026|-1.000000|-1.000000|0.000000|-1|-1|0|0|297|299
194|299|13|THR|A|305|7|0|000|17.408972|-1.000000|-1.000000|0.000000|-1|-1|0|0|298|300
194|300|35|PHE|A|306|11|0|000|13.249936|-1.000000|-1.000000|0.000000|-1|-1|0|0|299|301
194|301|7|LEU|A|307|8|0|000|16.256824|-1.000000|-1.000000|0.000000|-1|-1|0|0|300|302
194|302|35|PHE|A|308|11|0|000|12.319084|-1.000000|-1.000000|0.000000|-1|-1|0|0|301|303
194|303|37|TYR|A|309|12|0|000|17.229536|-1.000000|-1.000000|0.000000|-1|-1|0|0|302|304
194|304|21|ASP|A|310|8|0|000|17.515753|-1.000000|-1.000000|0.000000|-1|-1|0|0|303|305
194|305|25|GLU|A|311|9|0|000|17.624966|-1.000000|-1.000000|0.000000|-1|-1|0|0|304|306
194|306|23|ASN|A|312|8|0|000|21.221460|-1.000000|-1.000000|0.000000|-1|-1|0|0|305|307
194|307|1|GLY|A|313|4|0|000|20.457071|-1.000000|-1.000000|0.000000|-1|-1|0|0|306|308
194|308|27|GLN|A|314|9|0|000|21.638464|-1.000000|-1.000000|0.000000|-1|-1|0|0|307|309
194|309|3|ALA|A|315|5|0|000|20.191238|-1.000000|-1.000000|0.000000|-1|-1|0|0|308|310
194|310|5|VAL|A|316|7|0|000|18.038103|-1.000000|-1.000000|0.000000|-1|-1|0|0|309|311
194|311|29|LYS|A|317|9|0|000|19.786686|-1.000000|-1.000000|0.000000|-1|-1|0|0|310|312
194|312|5|VAL|A|318|7|0|000|15.557680|-1.000000|-1.000000|0.000000|-1|-1|0|0|311|313
194|313|31|ARG|A|319|11|0|000|18.869242|-1.000000|-1.000000|0.000000|-1|-1|0|0|312|314
194|314|9|ILE|A|320|8|0|000|14.906089|-1.000000|-1.000000|0.000000|-1|-1|0|0|313|315
194|315|1|GLY|A|321|4|0|000|17.817261|-1.000000|-1.000000|0.000000|-1|-1|0|0|314|316
194|316|21|ASP|A|322|8|0|000|17.811468|-1.000000|-1.000000|0.000000|-1|-1|0|0|315|317
194|317|11|SER|A|323|6|0|000|13.642068|-1.000000|-1.000000|0.000000|-1|-1|0|0|316|318
194|318|7|LEU|A|324|8|0|000|16.276630|-1.000000|-1.000000|0.000000|-1|-1|0|0|317|319
194|319|21|ASP|A|325|8|0|000|17.683378|-1.000000|-1.000000|0.000000|-1|-1|0|0|318|320
194|320|23|ASN|A|326|8|0|000|14.757711|-1.000000|-1.000000|0.000000|-1|-1|0|0|319|321
194|321|27|GLN|A|327|9|0|000|18.840630|-1.000000|-1.000000|0.000000|-1|-1|0|0|320|322
194|322|29|LYS|A|328|9|0|000|20.091021|-1.000000|-1.000000|0.000000|-1|-1|0|0|321|323
194|323|17|MET|A|329|8|0|000|14.859303|-1.000000|-1.000000|0.000000|-1|-1|0|0|322|324
194|324|1|GLY|A|330|4|0|000|16.893564|-1.000000|-1.000000|0.000000|-1|-1|0|0|323|325
194|325|37|TYR|A|331|12|0|000|13.200155|-1.000000|-1.000000|0.000000|-1|-1|0|0|324|326
194|326|29|LYS|A|332|9|0|000|17.507627|-1.000000|-1.000000|0.000000|-1|-1|0|0|325|327
194|327|37|TYR|A|333|12|0|000|12.999121|-1.000000|-1.000000|0.000000|-1|-1|0|0|326|328
194|328|3|ALA|A|334|5|0|000|17.605057|-1.000000|-1.000000|0.000000|-1|-1|0|0|327|329
194|329|29|LYS|A|335|9|0|000|21.168825|-1.000000|-1.000000|0.000000|-1|-1|0|0|328|330
194|330|13|THR|A|336|7|0|000|19.288507|-1.000000|-1.000000|0.000000|-1|-1|0|0|329|331
194|331|19|PRO|A|337|7|0|000|21.589022|-1.000000|-1.000000|0.000000|-1|-1|0|0|330|332
194|332|7|LEU|A|338|8|0|000|20.604082|-1.000000|-1.000000|0.000000|-1|-1|0|0|331|333
194|333|19|PRO|A|339|7|0|000|22.596081|-1.000000|-1.000000|0.000000|-1|-1|0|0|332|334
194|334|39|TRP|A|340|14|0|000|19.941023|-1.000000|-1.000000|0.000000|-1|-1|0|0|333|335
194|335|7|LEU|A|341|8|0|000|23.107847|-1.000000|-1.000000|0.000000|-1|-1|0|0|334|-1
194|336|52|C2O|A|500|3|1|000|5.423105|-1.000000|-1.000000|0.000000|-1|-1|0|2|-1|-1
194|337|43|HOH|A|501|1|0|000|6.372478|-1.000000|-1.000000|0.000000|-1|-1|0|1|-1|-1
194|338|43|HOH|A|502|1|0|000|15.508930|-1.000000|-1.000000|0.000000|-1|-1|0|1|-1|-1
194|339|43|HOH|A|503|1|0|000|14.681873|-1.000000|-1.000000|0.000000|-1|-1|0|1|-1|-1
194|340|43|HOH|A|504|1|0|000|17.387627|-1.000000|-1.000000|0.000000|-1|-1|0|1|-1|-1
194|341|43|HOH|A|505|1|0|000|9.501760|-1.000000|-1.000000|0.000000|-1|-1|0|1|-1|-1
194|342|43|HOH|A|506|1|0|000|15.814284|-1.000000|-1.000000|0.000000|-1|-1|0|1|-1|-1
194|343|43|HOH|A|507|1|0|000|15.684659|-1.000000|-1.000000|0.000000|-1|-1|0|1|-1|-1
194|344|43|HOH|A|508|1|0|000|19.101402|-1.000000|-1.000000|0.000000|-1|-1|0|1|-1|-1
194|345|43|HOH|A|509|1|0|000|22.774847|-1.000000|-1.000000|0.000000|-1|-1|0|1|-1|-1
194|346|43|HOH|A|510|1|0|000|19.738823|-1.000000|-1.000000|0.000000|-1|-1|0|1|-1|-1
194|347|43|HOH|A|511|1|0|000|15.040973|-1.000000|-1.000000|0.000000|-1|-1|0|1|-1|-1
194|348|43|HOH|A|512|1|0|000|18.321920|-1.000000|-1.000000|0.000000|-1|-1|0|1|-1|-1
194|349|43|HOH|A|513|1|0|000|11.628940|-1.000000|-1.000000|0.000000|-1|-1|0|1|-1|-1
194|350|43|HOH|A|514|1|0|000|22.381851|-1.000000|-1.000000|0.000000|-1|-1|0|1|-1|-1
194|351|43|HOH|A|515|1|0|000|15.526417|-1.000000|-1.000000|0.000000|-1|-1|0|1|-1|-1
194|352|43|HOH|A|516|1|0|000|11.788993|-1.000000|-1.000000|0.000000|-1|-1|0|1|-1|-1
194|353|43|HOH|A|517|1|0|000|19.130489|-1.000000|-1.000000|0.000000|-1|-1|0|1|-1|-1
194|354|43|HOH|A|518|1|0|000|9.409019|-1.000000|-1.000000|0.000000|-1|-1|0|1|-1|-1
194|355|43|HOH|A|519|1|0|000|13.456812|-1.000000|-1.000000|0.000000|-1|-1|0|1|-1|-1
194|356|43|HOH|A|520|1|0|000|17.827944|-1.000000|-1.000000|0.000000|-1|-1|0|1|-1|-1
194|357|43|HOH|A|521|1|0|000|25.747412|-1.000000|-1.000000|0.000000|-1|-1|0|1|-1|-1
194|358|43|HOH|A|522|1|0|000|13.730046|-1.000000|-1.000000|0.000000|-1|-1|0|1|-1|-1
194|359|43|HOH|A|523|1|0|000|12.054585|-1.000000|-1.000000|0.000000|-1|-1|0|1|-1|-1
194|360|43|HOH|A|524|1|0|000|19.956982|-1.000000|-1.000000|0.000000|-1|-1|0|1|-1|-1
194|361|43|HOH|A|525|1|0|000|19.138895|-1.000000|-1.000000|0.000000|-1|-1|0|1|-1|-1
194|362|43|HOH|A|526|1|0|000|21.135750|-1.000000|-1.000000|0.000000|-1|-1|0|1|-1|-1
194|363|43|HOH|A|527|1|0|000|19.364965|-1.000000|-1.000000|0.000000|-1|-1|0|1|-1|-1
194|364|43|HOH|A|528|1|0|000|14.937004|-1.000000|-1.000000|0.000000|-1|-1|0|1|-1|-1
194|365|43|HOH|A|529|1|0|000|25.345835|-1.000000|-1.000000|0.000000|-1|-1|0|1|-1|-1
194|366|43|HOH|A|530|1|0|000|16.395277|-1.000000|-1.000000|0.000000|-1|-1|0|1|-1|-1
194|367|43|HOH|A|531|1|0|000|20.461584|-1.000000|-1.000000|0.000000|-1|-1|0|1|-1|-1
194|368|43|HOH|A|532|1|0|000|22.012112|-1.000000|-1.000000|0.000000|-1|-1|0|1|-1|-1
194|369|43|HOH|A|533|1|0|000|13.048547|-1.000000|-1.000000|0.000000|-1|-1|0|1|-1|-1
194|370|43|HOH|A|534|1|0|000|15.729115|-1.000000|-1.000000|0.000000|-1|-1|0|1|-1|-1
194|371|43|HOH|A|535|1|0|000|13.209147|-1.000000|-1.000000|0.000000|-1|-1|0|1|-1|-1
194|372|43|HOH|A|536|1|0|000|19.135420|-1.000000|-1.000000|0.000000|-1|-1|0|1|-1|-1
194|373|43|HOH|A|537|1|0|000|27.667877|-1.000000|-1.000000|0.000000|-1|-1|0|1|-1|-1
194|374|43|HOH|A|538|1|0|000|16.276724|-1.000000|-1.000000|0.000000|-1|-1|0|1|-1|-1
194|375|43|HOH|A|539|1|0|000|13.521399|-1.000000|-1.000000|0.000000|-1|-1|0|1|-1|-1
194|376|43|HOH|A|540|1|0|000|21.515017|-1.000000|-1.000000|0.000000|-1|-1|0|1|-1|-1
194|377|43|HOH|A|541|1|0|000|13.719693|-1.000000|-1.000000|0.000000|-1|-1|0|1|-1|-1
194|378|43|HOH|A|542|1|0|000|26.169638|-1.000000|-1.000000|0.000000|-1|-1|0|1|-1|-1
194|379|43|HOH|A|543|1|0|000|25.376883|-1.000000|-1.000000|0.000000|-1|-1|0|1|-1|-1
194|380|43|HOH|A|544|1|0|000|13.941963|-1.000000|-1.000000|0.000000|-1|-1|0|1|-1|-1
194|381|43|HOH|A|545|1|0|000|27.079596|-1.000000|-1.000000|0.000000|-1|-1|0|1|-1|-1
194|382|43|HOH|A|546|1|0|000|22.180130|-1.000000|-1.000000|0.000000|-1|-1|0|1|-1|-1
194|383|43|HOH|A|547|1|0|000|19.686775|-1.000000|-1.000000|0.000000|-1|-1|0|1|-1|-1
194|384|43|HOH|A|548|1|0|000|23.802158|-1.000000|-1.000000|0.000000|-1|-1|0|1|-1|-1
194|385|43|HOH|A|549|1|0|000|16.488361|-1.000000|-1.000000|0.000000|-1|-1|0|1|-1|-1
194|386|43|HOH|A|550|1|0|000|10.226934|-1.000000|-1.000000|0.000000|-1|-1|0|1|-1|-1
194|387|43|HOH|A|551|1|0|000|21.335810|-1.000000|-1.000000|0.000000|-1|-1|0|1|-1|-1
194|388|43|HOH|A|552|1|0|000|21.789351|-1.000000|-1.000000|0.000000|-1|-1|0|1|-1|-1
194|389|43|HOH|A|553|1|0|000|12.962614|-1.000000|-1.000000|0.000000|-1|-1|0|1|-1|-1
194|390|43|HOH|A|554|1|0|000|22.986019|-1.000000|-1.000000|0.000000|-1|-1|0|1|-1|-1
194|391|43|HOH|A|555|1|0|000|17.113806|-1.000000|-1.000000|0.000000|-1|-1|0|1|-1|-1
194|392|43|HOH|A|556|1|0|000|14.636703|-1.000000|-1.000000|0.000000|-1|-1|0|1|-1|-1
194|393|43|HOH|A|557|1|0|000|3.758444|-1.000000|-1.000000|0.000000|-1|-1|0|1|-1|-1
194|394|43|HOH|A|558|1|0|000|20.870071|-1.000000|-1.000000|0.000000|-1|-1|0|1|-1|-1
194|395|43|HOH|A|559|1|0|000|8.356607|-1.000000|-1.000000|0.000000|-1|-1|0|1|-1|-1
194|396|43|HOH|A|560|1|0|000|24.046766|-1.000000|-1.000000|0.000000|-1|-1|0|1|-1|-1
194|397|43|HOH|A|561|1|0|000|21.931890|-1.000000|-1.000000|0.000000|-1|-1|0|1|-1|-1
194|398|43|HOH|A|562|1|0|000|23.169689|-1.000000|-1.000000|0.000000|-1|-1|0|1|-1|-1
194|399|43|HOH|A|563|1|0|000|15.543697|-1.000000|-1.000000|0.000000|-1|-1|0|1|-1|-1
194|400|43|HOH|A|564|1|0|000|18.355476|-1.000000|-1.000000|0.000000|-1|-1|0|1|-1|-1
194|401|43|HOH|A|565|1|0|000|25.259974|-1.000000|-1.000000|0.000000|-1|-1|0|1|-1|-1
194|402|43|HOH|A|566|1|0|000|30.576229|-1.000000|-1.000000|0.000000|-1|-1|0|1|-1|-1
194|403|43|HOH|A|567|1|0|000|18.654478|-1.000000|-1.000000|0.000000|-1|-1|0|1|-1|-1
194|404|43|HOH|A|568|1|0|000|23.254923|-1.000000|-1.000000|0.000000|-1|-1|0|1|-1|-1
194|405|43|HOH|A|569|1|0|000|17.123072|-1.000000|-1.000000|0.000000|-1|-1|0|1|-1|-1
194|406|43|HOH|A|570|1|0|000|21.422796|-1.000000|-1.000000|0.000000|-1|-1|0|1|-1|-1
194|407|43|HOH|A|571|1|0|000|19.700769|-1.000000|-1.000000|0.000000|-1|-1|0|1|-1|-1
194|408|43|HOH|A|572|1|0|000|26.775606|-1.000000|-1.000000|0.000000|-1|-1|0|1|-1|-1
194|409|43|HOH|A|573|1|0|000|23.308664|-1.000000|-1.000000|0.000000|-1|-1|0|1|-1|-1
194|410|43|HOH|A|574|1|0|000|14.247497|-1.000000|-1.000000|0.000000|-1|-1|0|1|-1|-1
194|411|43|HOH|A|575|1|0|000|16.277765|-1.000000|-1.000000|0.000000|-1|-1|0|1|-1|-1
194|412|43|HOH|A|576|1|0|000|22.993500|-1.000000|-1.000000|0.000000|-1|-1|0|1|-1|-1
194|413|43|HOH|A|577|1|0|000|18.991590|-1.000000|-1.000000|0.000000|-1|-1|0|1|-1|-1
194|414|43|HOH|A|578|1|0|000|24.083574|-1.000000|-1.000000|0.000000|-1|-1|0|1|-1|-1
194|415|43|HOH|A|579|1|0|000|15.507837|-1.000000|-1.000000|0.000000|-1|-1|0|1|-1|-1
194|416|43|HOH|A|580|1|0|000|19.609688|-1.000000|-1.000000|0.000000|-1|-1|0|1|-1|-1
194|417|43|HOH|A|581|1|0|000|24.822271|-1.000000|-1.000000|0.000000|-1|-1|0|1|-1|-1
194|418|43|HOH|A|582|1|0|000|20.369514|-1.000000|-1.000000|0.000000|-1|-1|0|1|-1|-1
