1869|0|9|ILE|X|1|8|0|000|10.284744|-1.000000|-1.000000|0.000000|-1|-1|0|0|-1|1
1869|1|21|ASP|X|2|8|0|000|11.249892|-1.000000|-1.000000|0.000000|-1|-1|0|0|0|2
1869|2|5|VAL|X|3|7|0|000|7.396015|-1.000000|-1.000000|0.000000|-1|-1|0|0|1|3
1869|3|7|LEU|X|4|8|0|000|10.831545|-1.000000|-1.000000|0.000000|-1|-1|0|0|2|4
1869|4|7|LEU|X|5|8|0|000|8.764550|-1.000000|-1.000000|0.000000|-1|-1|0|0|3|5
1869|5|1|GLY|X|6|4|0|000|12.250984|-1.000000|-1.000000|0.000000|-1|-1|0|0|4|6
1869|6|3|ALA|X|7|5|0|000|15.114694|-1.000000|-1.000000|0.000000|-1|-1|0|0|5|7
1869|7|21|ASP|X|8|8|0|000|18.060120|-1.000000|-1.000000|0.000000|-1|-1|0|0|6|8
1869|8|21|ASP|X|9|8|0|000|19.492924|-1.000000|-1.000000|0.000000|-1|-1|0|0|7|9
1869|9|1|GLY|X|10|4|0|000|17.808289|-1.000000|-1.000000|0.000000|-1|-1|0|0|8|10
1869|10|11|SER|X|11|12|0|000|16.266815|-1.000000|-1.000000|0.000000|-1|-1|0|0|9|11
1869|11|7|LEU|X|12|8|0|000|14.156489|-1.000000|-1.000000|0.000000|-1|-1|0|0|10|12
1869|12|3|ALA|X|13|5|0|000|11.143092|-1.000000|-1.000000|0.000000|-1|-1|0|0|11|13
1869|13|35|PHE|X|14|11|0|000|6.706499|-1.000000|-1.000000|0.000000|-1|-1|0|0|12|14
1869|14|5|VAL|X|15|7|0|000|11.020861|-1.000000|-1.000000|0.000000|-1|-1|0|0|13|15
1869|15|19|PRO|X|16|7|0|000|9.815176|-1.000000|-1.000000|0.000000|-1|-1|0|0|14|16
1869|16|11|SER|X|17|6|0|000|9.167314|-1.000000|-1.000000|0.000000|-1|-1|0|0|15|17
1869|17|25|GLU|X|18|13|0|000|12.116897|-1.000000|-1.000000|0.000000|-1|-1|0|0|16|18
1869|18|35|PHE|X|19|11|0|000|8.667240|-1.000000|-1.000000|0.000000|-1|-1|0|0|17|19
1869|19|11|SER|X|20|8|0|000|12.533414|-1.000000|-1.000000|0.000000|-1|-1|0|0|18|20
1869|20|9|ILE|X|21|16|0|000|11.465682|-1.000000|-1.000000|0.000000|-1|-1|0|0|19|21
1869|21|11|SER|X|22|12|0|000|14.707154|-1.000000|-1.000000|0.000000|-1|-1|0|0|20|22
1869|22|19|PRO|X|23|14|0|000|15.607247|-1.000000|-1.000000|0.000000|-1|-1|0|0|21|23
1869|23|1|GLY|X|24|4|0|000|14.097309|-1.000000|-1.000000|0.000000|-1|-1|0|0|22|24
1869|24|25|GLU|X|25|18|0|000|12.504958|-1.000000|-1.000000|0.000000|-1|-1|0|0|23|25
1869|25|29|LYS|X|26|18|0|000|11.907787|-1.000000|-1.000000|0.000000|-1|-1|0|0|24|26
1869|26|9|ILE|X|27|8|0|000|6.809473|-1.000000|-1.000000|0.000000|-1|-1|0|0|25|27
1869|27|5|VAL|X|28|7|0|000|8.925066|-1.000000|-1.000000|0.000000|-1|-1|0|0|26|28
1869|28|35|PHE|X|29|11|0|000|4.538639|-1.000000|-1.000000|0.000000|-1|-1|0|0|27|29
1869|29|29|LYS|X|30|14|0|000|11.614218|-1.000000|-1.000000|0.000000|-1|-1|0|0|28|30
1869|30|23|ASN|X|31|8|0|000|12.020721|-1.000000|-1.000000|0.000000|-1|-1|0|0|29|31
1869|31|23|ASN|X|32|8|0|000|14.483203|-1.000000|-1.000000|0.000000|-1|-1|0|0|30|32
1869|32|3|ALA|X|33|5|0|000|15.138950|-1.000000|-1.000000|0.000000|-1|-1|0|0|31|33
1869|33|1|GLY|X|34|4|0|000|15.547757|-1.000000|-1.000000|0.000000|-1|-1|0|0|32|34
1869|34|35|PHE|X|35|11|0|000|15.822488|-1.000000|-1.000000|0.000000|-1|-1|0|0|33|35
1869|35|19|PRO|X|36|7|0|000|14.714231|-1.000000|-1.000000|0.000000|-1|-1|0|0|34|36
1869|36|33|HIS|X|37|10|0|000|10.650131|-1.000000|-1.000000|0.000000|-1|-1|0|0|35|37
1869|37|23|ASN|X|38|8|0|000|8.203554|-1.000000|-1.000000|0.000000|-1|-1|0|0|36|38
1869|38|9|ILE|X|39|12|0|000|3.564682|-1.000000|-1.000000|0.000000|-1|-1|0|0|37|39
1869|39|5|VAL|X|40|7|0|000|6.659158|-1.000000|-1.000000|0.000000|-1|-1|0|0|38|40
1869|40|35|PHE|X|41|11|0|000|5.526933|-1.000000|-1.000000|0.000000|-1|-1|0|0|39|41
1869|41|21|ASP|X|42|8|0|000|10.784408|-1.000000|-1.000000|0.000000|-1|-1|0|0|40|42
1869|42|25|GLU|X|43|9|0|000|13.987537|-1.000000|-1.000000|0.000000|-1|-1|0|0|41|43
1869|43|21|ASP|X|44|8|0|000|15.341803|-1.000000|-1.000000|0.000000|-1|-1|0|0|42|44
1869|44|11|SER|X|45|12|0|000|12.269506|-1.000000|-1.000000|0.000000|-1|-1|0|0|43|45
1869|45|9|ILE|X|46|8|0|000|11.799584|-1.000000|-1.000000|0.000000|-1|-1|0|0|44|46
1869|46|19|PRO|X|47|14|0|000|13.975938|-1.000000|-1.000000|0.000000|-1|-1|0|0|45|47
1869|47|11|SER|X|48|12|0|000|18.029903|-1.000000|-1.000000|0.000000|-1|-1|0|0|46|48
1869|48|1|GLY|X|49|8|0|000|17.538267|-1.000000|-1.000000|0.000000|-1|-1|0|0|47|49
1869|49|5|VAL|X|50|7|0|000|14.056990|-1.000000|-1.000000|0.000000|-1|-1|0|0|48|50
1869|50|21|ASP|X|51|8|0|000|14.326074|-1.000000|-1.000000|0.000000|-1|-1|0|0|49|51
1869|51|3|ALA|X|52|5|0|000|11.049111|-1.000000|-1.000000|0.000000|-1|-1|0|0|50|52
1869|52|11|SER|X|53|6|0|000|12.757797|-1.000000|-1.000000|0.000000|-1|-1|0|0|51|53
1869|53|29|LYS|X|54|10|0|000|13.931813|-1.000000|-1.000000|0.000000|-1|-1|0|0|52|54
1869|54|9|ILE|X|55|8|0|000|8.103357|-1.000000|-1.000000|0.000000|-1|-1|0|0|53|55
1869|55|11|SER|X|56|8|0|000|7.664283|-1.000000|-1.000000|0.000000|-1|-1|0|0|54|56
1869|56|17|MET|X|57|8|0|000|8.124111|-1.000000|-1.000000|0.000000|-1|-1|0|0|55|57
1869|57|11|SER|X|58|12|0|000|11.645068|-1.000000|-1.000000|0.000000|-1|-1|0|0|56|58
1869|58|25|GLU|X|59|9|0|000|12.529710|-1.000000|-1.000000|0.000000|-1|-1|0|0|57|59
1869|59|25|GLU|X|60|9|0|000|15.231118|-1.000000|-1.000000|0.000000|-1|-1|0|0|58|60
1869|60|21|ASP|X|61|8|0|000|12.528582|-1.000000|-1.000000|0.000000|-1|-1|0|0|59|61
1869|61|7|LEU|X|62|8|0|000|13.291029|-1.000000|-1.000000|0.000000|-1|-1|0|0|60|62
1869|62|7|LEU|X|63|8|0|000|11.256436|-1.000000|-1.000000|0.000000|-1|-1|0|0|61|63
1869|63|23|ASN|X|64|16|0|000|16.319815|-1.000000|-1.000000|0.000000|-1|-1|0|0|62|64
1869|64|3|ALA|X|65|7|0|000|16.499414|-1.000000|-1.000000|0.000000|-1|-1|0|0|63|65
1869|65|29|LYS|X|66|9|0|000|17.208197|-1.000000|-1.000000|0.000000|-1|-1|0|0|64|66
1869|66|1|GLY|X|67|4|0|000|14.788260|-1.000000|-1.000000|0.000000|-1|-1|0|0|65|67
1869|67|25|GLU|X|68|13|0|000|13.949163|-1.000000|-1.000000|0.000000|-1|-1|0|0|66|68
1869|68|13|THR|X|69|7|0|000|10.937147|-1.000000|-1.000000|0.000000|-1|-1|0|0|67|69
1869|69|35|PHE|X|70|11|0|000|6.956091|-1.000000|-1.000000|0.000000|-1|-1|0|0|68|70
1869|70|25|GLU|X|71|9|0|000|10.166922|-1.000000|-1.000000|0.000000|-1|-1|0|0|69|71
1869|71|5|VAL|X|72|12|0|000|7.194655|-1.000000|-1.000000|0.000000|-1|-1|0|0|70|72
1869|72|3|ALA|X|73|10|0|000|10.280523|-1.000000|-1.000000|0.000000|-1|-1|0|0|71|73
1869|73|7|LEU|X|74|16|0|000|9.535364|-1.000000|-1.000000|0.000000|-1|-1|0|0|72|74
1869|74|11|SER|X|75|12|0|000|14.191107|-1.000000|-1.000000|0.000000|-1|-1|0|0|73|75
1869|75|23|ASN|X|76|8|0|000|14.976216|-1.000000|-1.000000|0.000000|-1|-1|0|0|74|76
1869|76|29|LYS|X|77|9|0|000|16.991863|-1.000000|-1.000000|0.000000|-1|-1|0|0|75|77
1869|77|1|GLY|X|78|4|0|000|13.659530|-1.000000|-1.000000|0.000000|-1|-1|0|0|76|78
1869|78|25|GLU|X|79|9|0|000|13.143473|-1.000000|-1.000000|0.000000|-1|-1|0|0|77|79
1869|79|37|TYR|X|80|12|0|000|8.994816|-1.000000|-1.000000|0.000000|-1|-1|0|0|78|80
1869|80|11|SER|X|81|6|0|000|8.470853|-1.000000|-1.000000|0.000000|-1|-1|0|0|79|81
1869|81|35|PHE|X|82|11|0|000|4.321841|-1.000000|-1.000000|0.000000|-1|-1|0|0|80|82
1869|82|37|TYR|X|83|12|0|000|8.204623|-1.000000|-1.000000|0.000000|-1|-1|0|0|81|83
1869|83|15|CYS|X|84|6|0|000|8.677054|-1.000000|-1.000000|0.000000|-1|-1|0|0|82|84
1869|84|11|SER|X|85|8|0|000|11.488292|-1.000000|-1.000000|0.000000|-1|-1|0|0|83|85
1869|85|19|PRO|X|86|7|0|000|13.316600|-1.000000|-1.000000|0.000000|-1|-1|0|0|84|86
1869|86|33|HIS|X|87|10|0|000|13.081557|-1.000000|-1.000000|0.000000|-1|-1|0|0|85|87
1869|87|27|GLN|X|88|9|0|000|12.306054|-1.000000|-1.000000|0.000000|-1|-1|0|0|86|88
1869|88|1|GLY|X|89|4|0|000|15.873871|-1.000000|-1.000000|0.000000|-1|-1|0|0|87|89
1869|89|3|ALA|X|90|5|0|000|15.702983|-1.000000|-1.000000|0.000000|-1|-1|0|0|88|90
1869|90|1|GLY|X|91|4|0|000|13.049487|-1.000000|-1.000000|0.000000|-1|-1|0|0|89|91
1869|91|17|MET|X|92|8|0|000|9.591357|-1.000000|-1.000000|0.000000|-1|-1|0|0|90|92
1869|92|5|VAL|X|93|7|0|000|9.187868|-1.000000|-1.000000|0.000000|-1|-1|0|0|91|93
1869|93|1|GLY|X|94|4|0|000|7.280691|-1.000000|-1.000000|0.000000|-1|-1|0|0|92|94
1869|94|29|LYS|X|95|18|0|000|9.921001|-1.000000|-1.000000|0.000000|-1|-1|0|0|93|95
1869|95|5|VAL|X|96|7|0|000|7.769840|-1.000000|-1.000000|0.000000|-1|-1|0|0|94|96
1869|96|13|THR|X|97|7|0|000|12.023981|-1.000000|-1.000000|0.000000|-1|-1|0|0|95|97
1869|97|5|VAL|X|98|7|0|000|12.920774|-1.000000|-1.000000|0.000000|-1|-1|0|0|96|98
1869|98|23|ASN|X|99|18|0|000|16.694366|-1.000000|-1.000000|0.000000|-1|-1|0|0|97|-1
1869|99|46|_CU|X|100|1|1|000|10.676911|-1.000000|-1.000000|0.000000|-1|-1|0|2|-1|-1
1869|100|43|HOH|X|1001|1|0|000|17.594349|-1.000000|-1.000000|0.000000|-1|-1|0|1|-1|-1
1869|101|43|HOH|X|1002|1|0|000|20.655390|-1.000000|-1.000000|0.000000|-1|-1|0|1|-1|-1
1869|102|43|HOH|X|1003|1|0|000|18.509560|-1.000000|-1.000000|0.000000|-1|-1|0|1|-1|-1
1869|103|43|HOH|X|1004|1|0|000|16.627756|-1.000000|-1.000000|0.000000|-1|-1|0|1|-1|-1
1869|104|43|HOH|X|1005|1|0|000|22.211126|-1.000000|-1.000000|0.000000|-1|-1|0|1|-1|-1
1869|105|43|HOH|X|1006|1|0|000|12.203921|-1.000000|-1.000000|0.000000|-1|-1|0|1|-1|-1
1869|106|43|HOH|X|1007|1|0|000|11.709635|-1.000000|-1.000000|0.000000|-1|-1|0|1|-1|-1
1869|107|43|HOH|X|1008|1|0|000|16.854288|-1.000000|-1.000000|0.000000|-1|-1|0|1|-1|-1
1869|108|43|HOH|X|1009|1|0|000|15.724095|-1.000000|-1.000000|0.000000|-1|-1|0|1|-1|-1
1869|109|43|HOH|X|1010|1|0|000|15.394955|-1.000000|-1.000000|0.000000|-1|-1|0|1|-1|-1
1869|110|43|HOH|X|1011|1|0|000|15.062887|-1.000000|-1.000000|0.000000|-1|-1|0|1|-1|-1
1869|111|43|HOH|X|1012|1|0|000|16.202326|-1.000000|-1.000000|0.000000|-1|-1|0|1|-1|-1
1869|112|43|HOH|X|1013|1|0|000|15.796183|-1.000000|-1.000000|0.000000|-1|-1|0|1|-1|-1
1869|113|43|HOH|X|1014|1|0|000|10.396120|-1.000000|-1.000000|0.000000|-1|-1|0|1|-1|-1
1869|114|43|HOH|X|1015|1|0|000|11.430609|-1.000000|-1.000000|0.000000|-1|-1|0|1|-1|-1
1869|115|43|HOH|X|1016|1|0|000|18.163465|-1.000000|-1.000000|0.000000|-1|-1|0|1|-1|-1
1869|116|43|HOH|X|1017|1|0|000|11.977859|-1.000000|-1.000000|0.000000|-1|-1|0|1|-1|-1
1869|117|43|HOH|X|1018|1|0|000|10.907111|-1.000000|-1.000000|0.000000|-1|-1|0|1|-1|-1
1869|118|43|HOH|X|1019|1|0|000|15.219120|-1.000000|-1.000000|0.000000|-1|-1|0|1|-1|-1
1869|119|43|HOH|X|1020|1|0|000|18.722418|-1.000000|-1.000000|0.000000|-1|-1|0|1|-1|-1
1869|120|43|HOH|X|1021|1|0|000|12.186730|-1.000000|-1.000000|0.000000|-1|-1|0|1|-1|-1
1869|121|43|HOH|X|1022|1|0|000|11.261901|-1.000000|-1.000000|0.000000|-1|-1|0|1|-1|-1
1869|122|43|HOH|X|1023|1|0|000|15.051565|-1.000000|-1.000000|0.000000|-1|-1|0|1|-1|-1
1869|123|43|HOH|X|1024|1|0|000|14.846674|-1.000000|-1.000000|0.000000|-1|-1|0|1|-1|-1
1869|124|43|HOH|X|1025|1|0|000|10.619893|-1.000000|-1.000000|0.000000|-1|-1|0|1|-1|-1
1869|125|43|HOH|X|1026|1|0|000|14.245191|-1.000000|-1.000000|0.000000|-1|-1|0|1|-1|-1
1869|126|43|HOH|X|1027|1|0|000|11.421494|-1.000000|-1.000000|0.000000|-1|-1|0|1|-1|-1
1869|127|43|HOH|X|1028|1|0|000|17.932800|-1.000000|-1.000000|0.000000|-1|-1|0|1|-1|-1
1869|128|43|HOH|X|1029|1|0|000|18.112497|-1.000000|-1.000000|0.000000|-1|-1|0|1|-1|-1
1869|129|43|HOH|X|1030|1|0|000|10.016549|-1.000000|-1.000000|0.000000|-1|-1|0|1|-1|-1
1869|130|43|HOH|X|1031|1|0|000|16.012182|-1.000000|-1.000000|0.000000|-1|-1|0|1|-1|-1
1869|131|43|HOH|X|1032|1|0|000|15.441284|-1.000000|-1.000000|0.000000|-1|-1|0|1|-1|-1
1869|132|43|HOH|X|1033|1|0|000|12.449816|-1.000000|-1.000000|0.000000|-1|-1|0|1|-1|-1
1869|133|43|HOH|X|1034|1|0|000|12.478192|-1.000000|-1.000000|0.000000|-1|-1|0|1|-1|-1
1869|134|43|HOH|X|1035|1|0|000|14.829460|-1.000000|-1.000000|0.000000|-1|-1|0|1|-1|-1
1869|135|43|HOH|X|1036|1|0|000|17.454386|-1.000000|-1.000000|0.000000|-1|-1|0|1|-1|-1
1869|136|43|HOH|X|1037|1|0|000|17.548607|-1.000000|-1.000000|0.000000|-1|-1|0|1|-1|-1
1869|137|43|HOH|X|1038|1|0|000|10.501700|-1.000000|-1.000000|0.000000|-1|-1|0|1|-1|-1
1869|138|43|HOH|X|1039|1|0|000|16.537361|-1.000000|-1.000000|0.000000|-1|-1|0|1|-1|-1
1869|139|43|HOH|X|1040|1|0|000|17.982733|-1.000000|-1.000000|0.000000|-1|-1|0|1|-1|-1
1869|140|43|HOH|X|1041|1|0|000|20.915636|-1.000000|-1.000000|0.000000|-1|-1|0|1|-1|-1
1869|141|43|HOH|X|1042|1|0|000|11.049610|-1.000000|-1.000000|0.000000|-1|-1|0|1|-1|-1
1869|142|43|HOH|X|1043|1|0|000|17.811291|-1.000000|-1.000000|0.000000|-1|-1|0|1|-1|-1
1869|143|43|HOH|X|1044|1|0|000|10.626814|-1.000000|-1.000000|0.000000|-1|-1|0|1|-1|-1
1869|144|43|HOH|X|1045|1|0|000|13.790833|-1.000000|-1.000000|0.000000|-1|-1|0|1|-1|-1
1869|145|43|HOH|X|1046|1|0|000|19.201311|-1.000000|-1.000000|0.000000|-1|-1|0|1|-1|-1
1869|146|43|HOH|X|1047|1|0|000|12.428657|-1.000000|-1.000000|0.000000|-1|-1|0|1|-1|-1
1869|147|43|HOH|X|1048|1|0|000|15.813160|-1.000000|-1.000000|0.000000|-1|-1|0|1|-1|-1
1869|148|43|HOH|X|1049|1|0|000|17.581255|-1.000000|-1.000000|0.000000|-1|-1|0|1|-1|-1
1869|149|43|HOH|X|1050|1|0|000|16.489090|-1.000000|-1.000000|0.000000|-1|-1|0|1|-1|-1
1869|150|43|HOH|X|1051|1|0|000|17.532627|-1.000000|-1.000000|0.000000|-1|-1|0|1|-1|-1
1869|151|43|HOH|X|1052|1|0|000|13.336500|-1.000000|-1.000000|0.000000|-1|-1|0|1|-1|-1
1869|152|43|HOH|X|1053|1|0|000|14.904320|-1.000000|-1.000000|0.000000|-1|-1|0|1|-1|-1
1869|153|43|HOH|X|1054|1|0|000|18.650080|-1.000000|-1.000000|0.000000|-1|-1|0|1|-1|-1
1869|154|43|HOH|X|1055|1|0|000|16.859278|-1.000000|-1.000000|0.000000|-1|-1|0|1|-1|-1
1869|155|43|HOH|X|1056|1|0|000|13.824918|-1.000000|-1.000000|0.000000|-1|-1|0|1|-1|-1
1869|156|43|HOH|X|1057|1|0|000|16.859055|-1.000000|-1.000000|0.000000|-1|-1|0|1|-1|-1
1869|157|43|HOH|X|1058|1|0|000|10.594166|-1.000000|-1.000000|0.000000|-1|-1|0|1|-1|-1
1869|158|43|HOH|X|1059|1|0|000|12.263642|-1.000000|-1.000000|0.000000|-1|-1|0|1|-1|-1
1869|159|43|HOH|X|1060|1|0|000|15.971874|-1.000000|-1.000000|0.000000|-1|-1|0|1|-1|-1
1869|160|43|HOH|X|1061|1|0|000|16.704157|-1.000000|-1.000000|0.000000|-1|-1|0|1|-1|-1
1869|161|43|HOH|X|1062|1|0|000|12.942918|-1.000000|-1.000000|0.000000|-1|-1|0|1|-1|-1
1869|162|43|HOH|X|1063|1|0|000|18.454123|-1.000000|-1.000000|0.000000|-1|-1|0|1|-1|-1
1869|163|43|HOH|X|1064|1|0|000|14.523892|-1.000000|-1.000000|0.000000|-1|-1|0|1|-1|-1
1869|164|43|HOH|X|1065|1|0|000|18.036261|-1.000000|-1.000000|0.000000|-1|-1|0|1|-1|-1
1869|165|43|HOH|X|1066|1|0|000|12.649915|-1.000000|-1.000000|0.000000|-1|-1|0|1|-1|-1
1869|166|43|HOH|X|1067|1|0|000|13.305771|-1.000000|-1.000000|0.000000|-1|-1|0|1|-1|-1
1869|167|43|HOH|X|1068|1|0|000|19.586126|-1.000000|-1.000000|0.000000|-1|-1|0|1|-1|-1
1869|168|43|HOH|X|1069|1|0|000|13.384781|-1.000000|-1.000000|0.000000|-1|-1|0|1|-1|-1
1869|169|43|HOH|X|1070|1|0|000|15.012131|-1.000000|-1.000000|0.000000|-1|-1|0|1|-1|-1
1869|170|43|HOH|X|1071|1|0|000|10.964126|-1.000000|-1.000000|0.000000|-1|-1|0|1|-1|-1
1869|171|43|HOH|X|1072|1|0|000|17.104845|-1.000000|-1.000000|0.000000|-1|-1|0|1|-1|-1
1869|172|43|HOH|X|1073|1|0|000|14.892111|-1.000000|-1.000000|0.000000|-1|-1|0|1|-1|-1
1869|173|43|HOH|X|1074|1|0|000|16.949926|-1.000000|-1.000000|0.000000|-1|-1|0|1|-1|-1
1869|174|43|HOH|X|1075|1|0|000|13.218544|-1.000000|-1.000000|0.000000|-1|-1|0|1|-1|-1
1869|175|43|HOH|X|1076|1|0|000|14.287925|-1.000000|-1.000000|0.000000|-1|-1|0|1|-1|-1
1869|176|43|HOH|X|1077|1|0|000|18.967939|-1.000000|-1.000000|0.000000|-1|-1|0|1|-1|-1
1869|177|43|HOH|X|1078|1|0|000|14.807923|-1.000000|-1.000000|0.000000|-1|-1|0|1|-1|-1
1869|178|43|HOH|X|1079|1|0|000|21.583908|-1.000000|-1.000000|0.000000|-1|-1|0|1|-1|-1
1869|179|43|HOH|X|1080|1|0|000|12.387869|-1.000000|-1.000000|0.000000|-1|-1|0|1|-1|-1
1869|180|43|HOH|X|1081|1|0|000|17.112560|-1.000000|-1.000000|0.000000|-1|-1|0|1|-1|-1
1869|181|43|HOH|X|1082|1|0|000|20.775536|-1.000000|-1.000000|0.000000|-1|-1|0|1|-1|-1
1869|182|43|HOH|X|1083|1|0|000|12.185474|-1.000000|-1.000000|0.000000|-1|-1|0|1|-1|-1
1869|183|43|HOH|X|1084|1|0|000|16.668665|-1.000000|-1.000000|0.000000|-1|-1|0|1|-1|-1
1869|184|43|HOH|X|1085|1|0|000|16.898607|-1.000000|-1.000000|0.000000|-1|-1|0|1|-1|-1
1869|185|43|HOH|X|1086|1|0|000|16.967676|-1.000000|-1.000000|0.000000|-1|-1|0|1|-1|-1
1869|186|43|HOH|X|1087|1|0|000|11.761448|-1.000000|-1.000000|0.000000|-1|-1|0|1|-1|-1
1869|187|43|HOH|X|1088|1|0|000|17.561981|-1.000000|-1.000000|0.000000|-1|-1|0|1|-1|-1
1869|188|43|HOH|X|1089|1|0|000|14.942166|-1.000000|-1.000000|0.000000|-1|-1|0|1|-1|-1
1869|189|43|HOH|X|1090|1|0|000|12.203267|-1.000000|-1.000000|0.000000|-1|-1|0|1|-1|-1
1869|190|43|HOH|X|1091|1|0|000|13.060971|-1.000000|-1.000000|0.000000|-1|-1|0|1|-1|-1
1869|191|43|HOH|X|1092|1|0|000|17.004086|-1.000000|-1.000000|0.000000|-1|-1|0|1|-1|-1
1869|192|43|HOH|X|1093|1|0|000|13.429297|-1.000000|-1.000000|0.000000|-1|-1|0|1|-1|-1
1869|193|43|HOH|X|1094|1|0|000|11.685751|-1.000000|-1.000000|0.000000|-1|-1|0|1|-1|-1
1869|194|43|HOH|X|1095|1|0|000|14.115799|-1.000000|-1.000000|0.000000|-1|-1|0|1|-1|-1
1869|195|43|HOH|X|1096|1|0|000|11.828968|-1.000000|-1.000000|0.000000|-1|-1|0|1|-1|-1
1869|196|43|HOH|X|1097|1|0|000|11.486739|-1.000000|-1.000000|0.000000|-1|-1|0|1|-1|-1
1869|197|43|HOH|X|1098|1|0|000|12.325402|-1.000000|-1.000000|0.000000|-1|-1|0|1|-1|-1
1869|198|43|HOH|X|1099|1|0|000|17.607695|-1.000000|-1.000000|0.000000|-1|-1|0|1|-1|-1
1869|199|43|HOH|X|1100|1|0|000|16.084196|-1.000000|-1.000000|0.000000|-1|-1|0|1|-1|-1
1869|200|43|HOH|X|1101|1|0|000|15.710579|-1.000000|-1.000000|0.000000|-1|-1|0|1|-1|-1
1869|201|43|HOH|X|1102|1|0|000|15.646770|-1.000000|-1.000000|0.000000|-1|-1|0|1|-1|-1
1869|202|43|HOH|X|1103|1|0|000|12.000607|-1.000000|-1.000000|0.000000|-1|-1|0|1|-1|-1
1869|203|43|HOH|X|1104|1|0|000|13.993277|-1.000000|-1.000000|0.000000|-1|-1|0|1|-1|-1
1869|204|43|HOH|X|1105|1|0|000|13.941525|-1.000000|-1.000000|0.000000|-1|-1|0|1|-1|-1
1869|205|43|HOH|X|1106|1|0|000|18.050190|-1.000000|-1.000000|0.000000|-1|-1|0|1|-1|-1
1869|206|43|HOH|X|1107|1|0|000|13.571196|-1.000000|-1.000000|0.000000|-1|-1|0|1|-1|-1
1869|207|43|HOH|X|1108|1|0|000|18.812941|-1.000000|-1.000000|0.000000|-1|-1|0|1|-1|-1
1869|208|43|HOH|X|1109|1|0|000|13.183415|-1.000000|-1.000000|0.000000|-1|-1|0|1|-1|-1
1869|209|43|HOH|X|1110|1|0|000|18.239763|-1.000000|-1.000000|0.000000|-1|-1|0|1|-1|-1
1869|210|43|HOH|X|1111|1|0|000|16.542253|-1.000000|-1.000000|0.000000|-1|-1|0|1|-1|-1
1869|211|43|HOH|X|1112|1|0|000|17.153561|-1.000000|-1.000000|0.000000|-1|-1|0|1|-1|-1
1869|212|43|HOH|X|1113|1|0|000|12.551482|-1.000000|-1.000000|0.000000|-1|-1|0|1|-1|-1
1869|213|43|HOH|X|1114|1|0|000|16.786621|-1.000000|-1.000000|0.000000|-1|-1|0|1|-1|-1
1869|214|43|HOH|X|1115|1|0|000|17.443218|-1.000000|-1.000000|0.000000|-1|-1|0|1|-1|-1
1869|215|43|HOH|X|1116|1|0|000|11.227648|-1.000000|-1.000000|0.000000|-1|-1|0|1|-1|-1
1869|216|43|HOH|X|1117|1|0|000|18.545523|-1.000000|-1.000000|0.000000|-1|-1|0|1|-1|-1
1869|217|43|HOH|X|1118|1|0|000|19.178999|-1.000000|-1.000000|0.000000|-1|-1|0|1|-1|-1
1869|218|43|HOH|X|1119|1|0|000|19.356937|-1.000000|-1.000000|0.000000|-1|-1|0|1|-1|-1
1869|219|43|HOH|X|1120|1|0|000|19.133184|-1.000000|-1.000000|0.000000|-1|-1|0|1|-1|-1
1869|220|43|HOH|X|1121|1|0|000|18.866388|-1.000000|-1.000000|0.000000|-1|-1|0|1|-1|-1
1869|221|43|HOH|X|1122|1|0|000|17.523932|-1.000000|-1.000000|0.000000|-1|-1|0|1|-1|-1
1869|222|43|HOH|X|1123|1|0|000|15.335804|-1.000000|-1.000000|0.000000|-1|-1|0|1|-1|-1
1869|223|43|HOH|X|1124|1|0|000|14.587945|-1.000000|-1.000000|0.000000|-1|-1|0|1|-1|-1
1869|224|43|HOH|X|1125|1|0|000|14.184687|-1.000000|-1.000000|0.000000|-1|-1|0|1|-1|-1
1869|225|43|HOH|X|1126|1|0|000|15.643354|-1.000000|-1.000000|0.000000|-1|-1|0|1|-1|-1
1869|226|43|HOH|X|1127|1|0|000|13.318433|-1.000000|-1.000000|0.000000|-1|-1|0|1|-1|-1
1869|227|43|HOH|X|1128|1|0|000|15.377373|-1.000000|-1.000000|0.000000|-1|-1|0|1|-1|-1
1869|228|43|HOH|X|1129|1|0|000|11.470197|-1.000000|-1.000000|0.000000|-1|-1|0|1|-1|-1
1869|229|43|HOH|X|1130|1|0|000|14.487081|-1.000000|-1.000000|0.000000|-1|-1|0|1|-1|-1
1869|230|43|HOH|X|1131|1|0|000|20.770916|-1.000000|-1.000000|0.000000|-1|-1|0|1|-1|-1
1869|231|43|HOH|X|1132|1|0|000|15.783308|-1.000000|-1.000000|0.000000|-1|-1|0|1|-1|-1
1869|232|43|HOH|X|1133|1|0|000|20.344782|-1.000000|-1.000000|0.000000|-1|-1|0|1|-1|-1
1869|233|43|HOH|X|1134|1|0|000|14.738016|-1.000000|-1.000000|0.000000|-1|-1|0|1|-1|-1
1869|234|43|HOH|X|1135|1|0|000|16.761942|-1.000000|-1.000000|0.000000|-1|-1|0|1|-1|-1
1869|235|43|HOH|X|1136|1|0|000|14.312181|-1.000000|-1.000000|0.000000|-1|-1|0|1|-1|-1
1869|236|43|HOH|X|1137|1|0|000|13.233415|-1.000000|-1.000000|0.000000|-1|-1|0|1|-1|-1
1869|237|43|HOH|X|1138|1|0|000|13.454854|-1.000000|-1.000000|0.000000|-1|-1|0|1|-1|-1
1869|238|43|HOH|X|1139|1|0|000|19.220724|-1.000000|-1.000000|0.000000|-1|-1|0|1|-1|-1
1869|239|43|HOH|X|1140|1|0|000|15.965060|-1.000000|-1.000000|0.000000|-1|-1|0|1|-1|-1
1869|240|43|HOH|X|1141|1|0|000|14.935519|-1.000000|-1.000000|0.000000|-1|-1|0|1|-1|-1
1869|241|43|HOH|X|1142|1|0|000|14.663566|-1.000000|-1.000000|0.000000|-1|-1|0|1|-1|-1
1869|242|43|HOH|X|1143|1|0|000|13.987883|-1.000000|-1.000000|0.000000|-1|-1|0|1|-1|-1
1869|243|43|HOH|X|1144|1|0|000|12.429737|-1.000000|-1.000000|0.000000|-1|-1|0|1|-1|-1
1869|244|43|HOH|X|1145|1|0|000|13.569462|-1.000000|-1.000000|0.000000|-1|-1|0|1|-1|-1
1869|245|43|HOH|X|1146|1|0|000|19.242245|-1.000000|-1.000000|0.000000|-1|-1|0|1|-1|-1
1869|246|43|HOH|X|1147|1|0|000|14.621055|-1.000000|-1.000000|0.000000|-1|-1|0|1|-1|-1
1869|247|43|HOH|X|1148|1|0|000|15.423966|-1.000000|-1.000000|0.000000|-1|-1|0|1|-1|-1
1869|248|43|HOH|X|1149|1|0|000|17.224089|-1.000000|-1.000000|0.000000|-1|-1|0|1|-1|-1
1869|249|43|HOH|X|1150|1|0|000|13.751390|-1.000000|-1.000000|0.000000|-1|-1|0|1|-1|-1
1869|250|43|HOH|X|1151|1|0|000|19.459049|-1.000000|-1.000000|0.000000|-1|-1|0|1|-1|-1
1869|251|43|HOH|X|1152|1|0|000|14.556333|-1.000000|-1.000000|0.000000|-1|-1|0|1|-1|-1
1869|252|43|HOH|X|1153|1|0|000|14.342423|-1.000000|-1.000000|0.000000|-1|-1|0|1|-1|-1
1869|253|43|HOH|X|1154|1|0|000|18.282618|-1.000000|-1.000000|0.000000|-1|-1|0|1|-1|-1
1869|254|43|HOH|X|1155|1|0|000|21.656767|-1.000000|-1.000000|0.000000|-1|-1|0|1|-1|-1
1869|255|43|HOH|X|1156|1|0|000|19.037582|-1.000000|-1.000000|0.000000|-1|-1|0|1|-1|-1
1869|256|43|HOH|X|1157|1|0|000|14.147146|-1.000000|-1.000000|0.000000|-1|-1|0|1|-1|-1
1869|257|43|HOH|X|1158|1|0|000|20.865755|-1.000000|-1.000000|0.000000|-1|-1|0|1|-1|-1
1869|258|43|HOH|X|1159|1|0|000|16.956322|-1.000000|-1.000000|0.000000|-1|-1|0|1|-1|-1
1869|259|43|HOH|X|1160|1|0|000|16.980886|-1.000000|-1.000000|0.000000|-1|-1|0|1|-1|-1
1869|260|43|HOH|X|1161|1|0|000|18.985397|-1.000000|-1.000000|0.000000|-1|-1|0|1|-1|-1
1869|261|43|HOH|X|1162|1|0|000|15.952129|-1.000000|-1.000000|0.000000|-1|-1|0|1|-1|-1
1869|262|43|HOH|X|1163|1|0|000|17.996750|-1.000000|-1.000000|0.000000|-1|-1|0|1|-1|-1
1869|263|43|HOH|X|1164|1|0|000|19.168583|-1.000000|-1.000000|0.000000|-1|-1|0|1|-1|-1
1869|264|43|HOH|X|1165|1|0|000|20.596621|-1.000000|-1.000000|0.000000|-1|-1|0|1|-1|-1
1869|265|43|HOH|X|1166|1|0|000|10.225304|-1.000000|-1.000000|0.000000|-1|-1|0|1|-1|-1
1869|266|43|HOH|X|1167|1|0|000|19.162348|-1.000000|-1.000000|0.000000|-1|-1|0|1|-1|-1
1869|267|43|HOH|X|1168|1|0|000|15.125509|-1.000000|-1.000000|0.000000|-1|-1|0|1|-1|-1
1869|268|43|HOH|X|1169|1|0|000|8.630279|-1.000000|-1.000000|0.000000|-1|-1|0|1|-1|-1
1869|269|43|HOH|X|1170|1|0|000|18.136303|-1.000000|-1.000000|0.000000|-1|-1|0|1|-1|-1
1869|270|43|HOH|X|1171|1|0|000|12.475670|-1.000000|-1.000000|0.000000|-1|-1|0|1|-1|-1
1869|271|43|HOH|X|1172|1|0|000|18.533873|-1.000000|-1.000000|0.000000|-1|-1|0|1|-1|-1
1869|272|43|HOH|X|1173|1|0|000|12.918818|-1.000000|-1.000000|0.000000|-1|-1|0|1|-1|-1
1869|273|43|HOH|X|1174|1|0|000|17.487156|-1.000000|-1.000000|0.000000|-1|-1|0|1|-1|-1
1869|274|43|HOH|X|1175|1|0|000|13.804999|-1.000000|-1.000000|0.000000|-1|-1|0|1|-1|-1
1869|275|43|HOH|X|1176|1|0|000|20.650520|-1.000000|-1.000000|0.000000|-1|-1|0|1|-1|-1
1869|276|43|HOH|X|1177|1|0|000|13.910998|-1.000000|-1.000000|0.000000|-1|-1|0|1|-1|-1
1869|277|43|HOH|X|1178|1|0|000|20.867479|-1.000000|-1.000000|0.000000|-1|-1|0|1|-1|-1
1869|278|43|HOH|X|1179|1|0|000|11.964746|-1.000000|-1.000000|0.000000|-1|-1|0|1|-1|-1
1869|279|43|HOH|X|1180|1|0|000|15.983908|-1.000000|-1.000000|0.000000|-1|-1|0|1|-1|-1
1869|280|43|HOH|X|1181|1|0|000|18.948469|-1.000000|-1.000000|0.000000|-1|-1|0|1|-1|-1
1869|281|43|HOH|X|1182|1|0|000|19.143387|-1.000000|-1.000000|0.000000|-1|-1|0|1|-1|-1
1869|282|43|HOH|X|1183|1|0|000|19.375090|-1.000000|-1.000000|0.000000|-1|-1|0|1|-1|-1
1869|283|43|HOH|X|1184|1|0|000|17.663954|-1.000000|-1.000000|0.000000|-1|-1|0|1|-1|-1
1869|284|43|HOH|X|1185|1|0|000|16.468424|-1.000000|-1.000000|0.000000|-1|-1|0|1|-1|-1
1869|285|43|HOH|X|1186|1|0|000|14.870186|-1.000000|-1.000000|0.000000|-1|-1|0|1|-1|-1
1869|286|43|HOH|X|1187|1|0|000|19.966858|-1.000000|-1.000000|0.000000|-1|-1|0|1|-1|-1
1869|287|43|HOH|X|1188|1|0|000|14.369042|-1.000000|-1.000000|0.000000|-1|-1|0|1|-1|-1
1869|288|43|HOH|X|1189|1|0|000|11.693588|-1.000000|-1.000000|0.000000|-1|-1|0|1|-1|-1
1869|289|43|HOH|X|1190|1|0|000|11.998562|-1.000000|-1.000000|0.000000|-1|-1|0|1|-1|-1
1869|290|43|HOH|X|1191|1|0|000|13.071841|-1.000000|-1.000000|0.000000|-1|-1|0|1|-1|-1
1869|291|43|HOH|X|1192|1|0|000|15.055878|-1.000000|-1.000000|0.000000|-1|-1|0|1|-1|-1
1869|292|43|HOH|X|1193|1|0|000|14.136875|-1.000000|-1.000000|0.000000|-1|-1|0|1|-1|-1
1869|293|43|HOH|X|1194|1|0|000|15.189320|-1.000000|-1.000000|0.000000|-1|-1|0|1|-1|-1
1869|294|43|HOH|X|1195|1|0|000|19.754438|-1.000000|-1.000000|0.000000|-1|-1|0|1|-1|-1
1869|295|43|HOH|X|1196|1|0|000|18.431286|-1.000000|-1.000000|0.000000|-1|-1|0|1|-1|-1
1869|296|43|HOH|X|1197|1|0|000|16.150915|-1.000000|-1.000000|0.000000|-1|-1|0|1|-1|-1
1869|297|43|HOH|X|1198|1|0|000|15.045723|-1.000000|-1.000000|0.000000|-1|-1|0|1|-1|-1
1869|298|43|HOH|X|1199|1|0|000|15.943191|-1.000000|-1.000000|0.000000|-1|-1|0|1|-1|-1
1869|299|43|HOH|X|1200|1|0|000|21.359451|-1.000000|-1.000000|0.000000|-1|-1|0|1|-1|-1
1869|300|43|HOH|X|1201|1|0|000|12.381070|-1.000000|-1.000000|0.000000|-1|-1|0|1|-1|-1
1869|301|43|HOH|X|1202|1|0|000|13.413547|-1.000000|-1.000000|0.000000|-1|-1|0|1|-1|-1
1869|302|43|HOH|X|1203|1|0|000|11.390520|-1.000000|-1.000000|0.000000|-1|-1|0|1|-1|-1
1869|303|43|HOH|X|1204|1|0|000|18.167276|-1.000000|-1.000000|0.000000|-1|-1|0|1|-1|-1
1869|304|43|HOH|X|1205|1|0|000|21.881353|-1.000000|-1.000000|0.000000|-1|-1|0|1|-1|-1
1869|305|43|HOH|X|1206|1|0|000|12.847243|-1.000000|-1.000000|0.000000|-1|-1|0|1|-1|-1
1869|306|43|HOH|X|1207|1|0|000|13.806122|-1.000000|-1.000000|0.000000|-1|-1|0|1|-1|-1
1869|307|43|HOH|X|1208|1|0|000|13.707237|-1.000000|-1.000000|0.000000|-1|-1|0|1|-1|-1
1869|308|43|HOH|X|1209|1|0|000|17.273981|-1.000000|-1.000000|0.000000|-1|-1|0|1|-1|-1
1869|309|43|HOH|X|1210|1|0|000|18.366098|-1.000000|-1.000000|0.000000|-1|-1|0|1|-1|-1
1869|310|43|HOH|X|1211|1|0|000|12.950136|-1.000000|-1.000000|0.000000|-1|-1|0|1|-1|-1
1869|311|43|HOH|X|1212|1|0|000|10.451986|-1.000000|-1.000000|0.000000|-1|-1|0|1|-1|-1
1869|312|43|HOH|X|1213|1|0|000|12.962690|-1.000000|-1.000000|0.000000|-1|-1|0|1|-1|-1
1869|313|43|HOH|X|1214|1|0|000|15.116128|-1.000000|-1.000000|0.000000|-1|-1|0|1|-1|-1
1869|314|43|HOH|X|1215|1|0|000|19.601624|-1.000000|-1.000000|0.000000|-1|-1|0|1|-1|-1
1869|315|43|HOH|X|1216|1|0|000|19.002644|-1.000000|-1.000000|0.000000|-1|-1|0|1|-1|-1
1869|316|43|HOH|X|1217|1|0|000|10.944382|-1.000000|-1.000000|0.000000|-1|-1|0|1|-1|-1
1869|317|43|HOH|X|1218|1|0|000|17.824757|-1.000000|-1.000000|0.000000|-1|-1|0|1|-1|-1
1869|318|43|HOH|X|1219|1|0|000|15.173698|-1.000000|-1.000000|0.000000|-1|-1|0|1|-1|-1
1869|319|43|HOH|X|1220|1|0|000|18.427202|-1.000000|-1.000000|0.000000|-1|-1|0|1|-1|-1
1869|320|43|HOH|X|1221|1|0|000|14.749148|-1.000000|-1.000000|0.000000|-1|-1|0|1|-1|-1
1869|321|43|HOH|X|1222|1|0|000|16.816895|-1.000000|-1.000000|0.000000|-1|-1|0|1|-1|-1
1869|322|43|HOH|X|1223|1|0|000|15.882345|-1.000000|-1.000000|0.000000|-1|-1|0|1|-1|-1
1869|323|43|HOH|X|1224|1|0|000|13.068952|-1.000000|-1.000000|0.000000|-1|-1|0|1|-1|-1
1869|324|43|HOH|X|1225|1|0|000|17.283213|-1.000000|-1.000000|0.000000|-1|-1|0|1|-1|-1
1869|325|43|HOH|X|1226|1|0|000|18.725355|-1.000000|-1.000000|0.000000|-1|-1|0|1|-1|-1
1869|326|43|HOH|X|1227|1|0|000|12.903975|-1.000000|-1.000000|0.000000|-1|-1|0|1|-1|-1
1869|327|43|HOH|X|1228|1|0|000|12.652229|-1.000000|-1.000000|0.000000|-1|-1|0|1|-1|-1
