49|0|-1|1547|43|704|SER|_MG|1145|344|5743|-N--|MG--|137|7|12|4|0011|3.869345|-0.532907|-0.583819|0.612507|6.182199|0.003724|0.008156
49|1|-1|1590|43|704|SER|_MG|1145|349|5743|-OG-|MG--|1737|8|12|3|0011|2.152977|-0.079425|-0.996295|0.032979|9.466071|0.268165|0.562360
49|2|-1|11846|395|712|SER|_MG|1145|3213|5795|-N--|MG--|137|7|12|4|0011|3.952786|-0.558340|-0.288910|0.777681|9.376006|0.002973|0.006509
49|3|-1|11886|395|712|SER|_MG|1145|3218|5795|-OG-|MG--|1737|8|12|3|0011|2.072049|-0.164571|-0.884632|0.436283|8.236978|0.333728|0.699851
49|4|-1|14477|490|712|ASP|_MG|2145|3972|5795|-OD1|MG--|1037|8|12|2|0011|3.901625|0.652292|-0.380355|0.655626|10.344711|0.002376|0.004983
49|5|-1|14537|491|712|GLU|_MG|2545|3982|5795|-OE2|MG--|1037|8|12|2|0011|3.919157|0.704743|0.668511|0.237551|25.358068|0.002266|0.004753
49|6|-1|20550|877|704|HOH|_MG|4345|5989|5743|-O--|MG--|2837|8|12|3|0011|2.129781|0.777075|-0.212228|-0.592548|1.895088|0.285515|0.598744
49|7|-1|20551|705|704|ADP|_MG|5145|5746|5743|-O2B|MG--|3137|8|12|1|0011|3.501602|-0.554603|0.810487|0.188485|3.166675|0.007005|0.014691
49|8|-1|20552|845|704|HOH|_MG|4345|5957|5743|-O--|MG--|2837|8|12|3|0011|1.993021|0.637224|-0.126942|0.760152|0.876242|0.413193|0.866495
49|9|-1|20553|705|704|ADP|_MG|5145|5744|5743|-PB-|MG--|3237|15|12|3|0011|3.218811|-0.742821|0.498631|0.446749|5.624020|0.093251|0.187784
49|10|-1|20554|878|704|HOH|_MG|4345|5990|5743|-O--|MG--|2837|8|12|3|0011|2.105992|-0.585947|-0.044634|-0.809119|3.430006|0.304475|0.638504
49|11|-1|20555|876|704|HOH|_MG|4345|5988|5743|-O--|MG--|2837|8|12|3|0011|2.120277|0.178750|0.980060|-0.086780|0.080232|0.292943|0.614322
49|12|-1|20556|705|704|ADP|_MG|5145|5747|5743|-O3B|MG--|3137|8|12|2|0011|2.012041|-0.821057|0.176934|0.542734|13.548639|0.392489|0.823077
49|13|-1|20557|705|704|ADP|_MG|5145|5750|5743|-O2A|MG--|3137|8|12|2|0011|3.979608|-0.940796|0.073374|-0.330936|0.973231|0.001925|0.004036
49|14|-1|20751|1061|712|HOH|_MG|4345|6174|5795|-O--|MG--|2837|8|12|3|0011|2.032892|0.592751|0.244480|0.767382|2.000838|0.370982|0.777975
49|15|-1|20752|1060|712|HOH|_MG|4345|6173|5795|-O--|MG--|2837|8|12|3|0011|2.125393|0.224429|0.866663|-0.445564|6.018745|0.288921|0.605887
49|16|-1|20753|1044|712|HOH|_MG|4345|6157|5795|-O--|MG--|2837|8|12|3|0011|2.150534|0.769111|-0.392926|-0.504061|1.040750|0.269941|0.566085
49|17|-1|20754|713|712|ADP|_MG|5145|5798|5795|-O2B|MG--|3137|8|12|1|0011|3.573780|-0.583975|0.794397|-0.167050|0.232155|0.005764|0.012087
49|18|-1|20755|713|712|ADP|_MG|5145|5799|5795|-O3B|MG--|3137|8|12|1|0011|2.076725|-0.852785|0.356812|0.381370|1.872791|0.329537|0.691061
49|19|-1|20756|713|712|ADP|_MG|5145|5796|5795|-PB-|MG--|3237|15|12|2|0011|3.304033|-0.771179|0.611677|0.176451|0.334500|0.074066|0.149151
49|20|-1|20757|1043|712|HOH|_MG|4345|6156|5795|-O--|MG--|2837|8|12|3|0011|2.086405|-0.571317|-0.325441|-0.753449|0.365280|0.321027|0.673217
