49|0|1|GLY|A|0|4|0|000|22.891882|-1.000000|-1.000000|0.000000|-1|-1|0|0|-1|1
49|1|18|MSE|A|1|8|0|000|22.451925|-1.000000|-1.000000|0.000000|-1|-1|0|0|0|2
49|2|7|LEU|A|2|8|0|000|20.018389|-1.000000|-1.000000|0.000000|-1|-1|0|0|1|3
49|3|35|PHE|A|3|11|0|000|20.572309|-1.000000|-1.000000|0.000000|-1|-1|0|0|2|4
49|4|21|ASP|A|4|8|0|000|18.565199|-1.000000|-1.000000|0.000000|-1|-1|0|0|3|5
49|5|13|THR|A|5|7|0|000|16.451164|-1.000000|-1.000000|0.000000|-1|-1|0|0|4|6
49|6|11|SER|A|6|6|0|000|14.111558|-1.000000|-1.000000|0.000000|-1|-1|0|0|5|7
49|7|19|PRO|A|7|7|0|000|11.582870|-1.000000|-1.000000|0.000000|-1|-1|0|0|6|8
49|8|29|LYS|A|8|9|0|000|14.602461|-1.000000|-1.000000|0.000000|-1|-1|0|0|7|9
49|9|21|ASP|A|9|8|0|000|16.778917|-1.000000|-1.000000|0.000000|-1|-1|0|0|8|10
49|10|23|ASN|A|10|8|0|000|19.641682|-1.000000|-1.000000|0.000000|-1|-1|0|0|9|11
49|11|31|ARG|A|11|11|0|000|19.845304|-1.000000|-1.000000|0.000000|-1|-1|0|0|10|12
49|12|29|LYS|A|12|9|0|000|23.442545|-1.000000|-1.000000|0.000000|-1|-1|0|0|11|13
49|13|21|ASP|A|13|8|0|000|19.688168|-1.000000|-1.000000|0.000000|-1|-1|0|0|12|14
49|14|35|PHE|A|14|11|0|000|15.776195|-1.000000|-1.000000|0.000000|-1|-1|0|0|13|15
49|15|35|PHE|A|15|11|0|000|19.046043|-1.000000|-1.000000|0.000000|-1|-1|0|0|14|16
49|16|21|ASP|A|16|8|0|000|19.185129|-1.000000|-1.000000|0.000000|-1|-1|0|0|15|17
49|17|31|ARG|A|17|11|0|000|14.648687|-1.000000|-1.000000|0.000000|-1|-1|0|0|16|18
49|18|25|GLU|A|18|9|0|000|20.314413|-1.000000|-1.000000|0.000000|-1|-1|0|0|17|19
49|19|29|LYS|A|19|6|0|000|18.840380|-1.000000|-1.000000|0.000000|-1|-1|0|0|18|20
49|20|25|GLU|A|20|9|0|000|15.105276|-1.000000|-1.000000|0.000000|-1|-1|0|0|19|21
49|21|9|ILE|A|21|8|0|000|15.988132|-1.000000|-1.000000|0.000000|-1|-1|0|0|20|22
49|22|25|GLU|A|22|6|0|000|19.280003|-1.000000|-1.000000|0.000000|-1|-1|0|0|21|23
49|23|29|LYS|A|23|9|0|000|17.069889|-1.000000|-1.000000|0.000000|-1|-1|0|0|22|24
49|24|7|LEU|A|24|8|0|000|14.289212|-1.000000|-1.000000|0.000000|-1|-1|0|0|23|25
49|25|29|LYS|A|25|9|0|000|18.622320|-1.000000|-1.000000|0.000000|-1|-1|0|0|24|26
49|26|1|GLY|A|26|4|0|000|19.885862|-1.000000|-1.000000|0.000000|-1|-1|0|0|25|27
49|27|7|LEU|A|27|8|0|000|18.647224|-1.000000|-1.000000|0.000000|-1|-1|0|0|26|28
49|28|31|ARG|A|28|11|0|000|20.348801|-1.000000|-1.000000|0.000000|-1|-1|0|0|27|29
49|29|3|ALA|A|29|5|0|000|19.307964|-1.000000|-1.000000|0.000000|-1|-1|0|0|28|30
49|30|19|PRO|A|30|7|0|000|19.647490|-1.000000|-1.000000|0.000000|-1|-1|0|0|29|31
49|31|9|ILE|A|31|8|0|000|15.758374|-1.000000|-1.000000|0.000000|-1|-1|0|0|30|32
49|32|13|THR|A|32|7|0|000|13.348836|-1.000000|-1.000000|0.000000|-1|-1|0|0|31|33
49|33|7|LEU|A|33|8|0|000|10.915889|-1.000000|-1.000000|0.000000|-1|-1|0|0|32|34
49|34|5|VAL|A|34|7|0|000|7.607123|-1.000000|-1.000000|0.000000|-1|-1|0|0|33|35
49|35|7|LEU|A|35|8|0|000|8.064965|-1.000000|-1.000000|0.000000|-1|-1|0|0|34|36
49|36|1|GLY|A|36|4|0|000|6.149899|-1.000000|-1.000000|0.000000|-1|-1|0|0|35|37
49|37|7|LEU|A|37|8|0|000|7.800390|-1.000000|-1.000000|0.000000|-1|-1|0|0|36|38
49|38|31|ARG|A|38|11|0|000|5.590997|-1.000000|-1.000000|0.000000|-1|-1|0|0|37|39
49|39|31|ARG|A|39|11|0|000|8.547740|-1.000000|-1.000000|0.000000|-1|-1|0|0|38|40
49|40|13|THR|A|40|7|0|000|8.218475|-1.000000|-1.000000|0.000000|-1|-1|0|0|39|41
49|41|1|GLY|A|41|4|0|000|8.188848|-1.000000|-1.000000|0.000000|-1|-1|0|0|40|42
49|42|29|LYS|A|42|9|0|000|4.813405|-1.000000|-1.000000|0.000000|-1|-1|0|0|41|43
49|43|11|SER|A|43|6|0|000|7.169284|-1.000000|-1.000000|0.000000|-1|-1|0|0|42|44
49|44|11|SER|A|44|6|0|000|10.535932|-1.000000|-1.000000|0.000000|-1|-1|0|0|43|45
49|45|9|ILE|A|45|8|0|000|11.140112|-1.000000|-1.000000|0.000000|-1|-1|0|0|44|46
49|46|9|ILE|A|46|8|0|000|10.194103|-1.000000|-1.000000|0.000000|-1|-1|0|0|45|47
49|47|29|LYS|A|47|9|0|000|12.650330|-1.000000|-1.000000|0.000000|-1|-1|0|0|46|48
49|48|9|ILE|A|48|8|0|000|15.407696|-1.000000|-1.000000|0.000000|-1|-1|0|0|47|49
49|49|1|GLY|A|49|4|0|000|16.080452|-1.000000|-1.000000|0.000000|-1|-1|0|0|48|50
49|50|9|ILE|A|50|8|0|000|15.998022|-1.000000|-1.000000|0.000000|-1|-1|0|0|49|51
49|51|23|ASN|A|51|8|0|000|18.566978|-1.000000|-1.000000|0.000000|-1|-1|0|0|50|52
49|52|25|GLU|A|52|9|0|000|20.363510|-1.000000|-1.000000|0.000000|-1|-1|0|0|51|53
49|53|7|LEU|A|53|8|0|000|20.550611|-1.000000|-1.000000|0.000000|-1|-1|0|0|52|54
49|54|23|ASN|A|54|8|0|000|23.885008|-1.000000|-1.000000|0.000000|-1|-1|0|0|53|55
49|55|7|LEU|A|55|8|0|000|21.832539|-1.000000|-1.000000|0.000000|-1|-1|0|0|54|56
49|56|19|PRO|A|56|7|0|000|22.088974|-1.000000|-1.000000|0.000000|-1|-1|0|0|55|57
49|57|37|TYR|A|57|12|0|000|17.778021|-1.000000|-1.000000|0.000000|-1|-1|0|0|56|58
49|58|9|ILE|A|58|8|0|000|17.022755|-1.000000|-1.000000|0.000000|-1|-1|0|0|57|59
49|59|37|TYR|A|59|12|0|000|11.842988|-1.000000|-1.000000|0.000000|-1|-1|0|0|58|60
49|60|7|LEU|A|60|8|0|000|12.428226|-1.000000|-1.000000|0.000000|-1|-1|0|0|59|61
49|61|21|ASP|A|61|8|0|000|9.796515|-1.000000|-1.000000|0.000000|-1|-1|0|0|60|62
49|62|7|LEU|A|62|8|0|000|9.242515|-1.000000|-1.000000|0.000000|-1|-1|0|0|61|63
49|63|31|ARG|A|63|8|0|000|7.609065|-1.000000|-1.000000|0.000000|-1|-1|0|0|62|64
49|64|29|LYS|A|64|9|0|000|12.521075|-1.000000|-1.000000|0.000000|-1|-1|0|0|63|65
49|65|35|PHE|A|65|11|0|000|12.975156|-1.000000|-1.000000|0.000000|-1|-1|0|0|64|66
49|66|25|GLU|A|66|9|0|000|10.010200|-1.000000|-1.000000|0.000000|-1|-1|0|0|65|67
49|67|25|GLU|A|67|9|0|000|14.622389|-1.000000|-1.000000|0.000000|-1|-1|0|0|66|68
49|68|31|ARG|A|68|11|0|000|16.070784|-1.000000|-1.000000|0.000000|-1|-1|0|0|67|69
49|69|23|ASN|A|69|8|0|000|17.657457|-1.000000|-1.000000|0.000000|-1|-1|0|0|68|70
49|70|37|TYR|A|70|12|0|000|19.838976|-1.000000|-1.000000|0.000000|-1|-1|0|0|69|71
49|71|9|ILE|A|71|8|0|000|16.564241|-1.000000|-1.000000|0.000000|-1|-1|0|0|70|72
49|72|11|SER|A|72|6|0|000|20.522676|-1.000000|-1.000000|0.000000|-1|-1|0|0|71|73
49|73|37|TYR|A|73|12|0|000|23.219563|-1.000000|-1.000000|0.000000|-1|-1|0|0|72|74
49|74|29|LYS|A|74|6|0|000|23.132065|-1.000000|-1.000000|0.000000|-1|-1|0|0|73|75
49|75|21|ASP|A|75|8|0|000|19.932030|-1.000000|-1.000000|0.000000|-1|-1|0|0|74|76
49|76|35|PHE|A|76|11|0|000|17.449903|-1.000000|-1.000000|0.000000|-1|-1|0|0|75|77
49|77|7|LEU|A|77|8|0|000|21.928415|-1.000000|-1.000000|0.000000|-1|-1|0|0|76|78
49|78|7|LEU|A|78|5|0|000|20.837246|-1.000000|-1.000000|0.000000|-1|-1|0|0|77|79
49|79|25|GLU|A|79|9|0|000|16.948734|-1.000000|-1.000000|0.000000|-1|-1|0|0|78|80
49|80|7|LEU|A|80|8|0|000|19.325907|-1.000000|-1.000000|0.000000|-1|-1|0|0|79|81
49|81|27|GLN|A|81|9|0|000|23.438778|-1.000000|-1.000000|0.000000|-1|-1|0|0|80|82
49|82|29|LYS|A|82|7|0|000|20.592339|-1.000000|-1.000000|0.000000|-1|-1|0|0|81|83
49|83|25|GLU|A|83|9|0|000|18.285860|-1.000000|-1.000000|0.000000|-1|-1|0|0|82|84
49|84|9|ILE|A|84|8|0|000|22.762793|-1.000000|-1.000000|0.000000|-1|-1|0|0|83|85
49|85|23|ASN|A|85|8|0|000|24.960735|-1.000000|-1.000000|0.000000|-1|-1|0|0|84|86
49|86|29|LYS|A|86|9|0|000|21.334505|-1.000000|-1.000000|0.000000|-1|-1|0|0|85|87
49|87|7|LEU|A|87|8|0|000|23.350973|-1.000000|-1.000000|0.000000|-1|-1|0|0|86|88
49|88|5|VAL|A|88|7|0|000|27.289387|-1.000000|-1.000000|0.000000|-1|-1|0|0|87|89
49|89|29|LYS|A|89|9|0|000|27.465532|-1.000000|-1.000000|0.000000|-1|-1|0|0|88|90
49|90|31|ARG|A|90|11|0|000|25.715527|-1.000000|-1.000000|0.000000|-1|-1|0|0|89|91
49|91|7|LEU|A|91|8|0|000|27.590357|-1.000000|-1.000000|0.000000|-1|-1|0|0|90|92
49|92|19|PRO|A|92|7|0|000|31.769978|-1.000000|-1.000000|0.000000|-1|-1|0|0|91|93
49|93|11|SER|A|93|6|0|000|32.220127|-1.000000|-1.000000|0.000000|-1|-1|0|0|92|94
49|94|7|LEU|A|94|8|0|000|28.597971|-1.000000|-1.000000|0.000000|-1|-1|0|0|93|95
49|95|7|LEU|A|95|8|0|000|31.679337|-1.000000|-1.000000|0.000000|-1|-1|0|0|94|96
49|96|29|LYS|A|96|9|0|000|35.485645|-1.000000|-1.000000|0.000000|-1|-1|0|0|95|97
49|97|3|ALA|A|97|5|0|000|31.679285|-1.000000|-1.000000|0.000000|-1|-1|0|0|96|98
49|98|7|LEU|A|98|8|0|000|29.490692|-1.000000|-1.000000|0.000000|-1|-1|0|0|97|99
49|99|29|LYS|A|99|7|0|000|34.875656|-1.000000|-1.000000|0.000000|-1|-1|0|0|98|100
49|100|23|ASN|A|100|5|0|000|34.410877|-1.000000|-1.000000|0.000000|-1|-1|0|0|99|101
49|101|9|ILE|A|101|8|0|000|30.774769|-1.000000|-1.000000|0.000000|-1|-1|0|0|100|102
49|102|27|GLN|A|102|9|0|000|33.728664|-1.000000|-1.000000|0.000000|-1|-1|0|0|101|103
49|103|1|GLY|A|103|4|0|000|30.537348|-1.000000|-1.000000|0.000000|-1|-1|0|0|102|104
49|104|9|ILE|A|104|8|0|000|30.289698|-1.000000|-1.000000|0.000000|-1|-1|0|0|103|105
49|105|5|VAL|A|105|7|0|000|32.836338|-1.000000|-1.000000|0.000000|-1|-1|0|0|104|106
49|106|9|ILE|A|106|8|0|000|33.810734|-1.000000|-1.000000|0.000000|-1|-1|0|0|105|107
49|107|18|MSE|A|107|5|0|000|34.081978|-1.000000|-1.000000|0.000000|-1|-1|0|0|106|108
49|108|1|GLY|A|108|4|0|000|34.541172|-1.000000|-1.000000|0.000000|-1|-1|0|0|107|109
49|109|23|ASN|A|109|8|0|000|32.210991|-1.000000|-1.000000|0.000000|-1|-1|0|0|108|110
49|110|25|GLU|A|110|9|0|000|29.501657|-1.000000|-1.000000|0.000000|-1|-1|0|0|109|111
49|111|9|ILE|A|111|8|0|000|27.863237|-1.000000|-1.000000|0.000000|-1|-1|0|0|110|112
49|112|29|LYS|A|112|6|0|000|29.158979|-1.000000|-1.000000|0.000000|-1|-1|0|0|111|113
49|113|35|PHE|A|113|11|0|000|26.243290|-1.000000|-1.000000|0.000000|-1|-1|0|0|112|114
49|114|23|ASN|A|114|5|0|000|30.691223|-1.000000|-1.000000|0.000000|-1|-1|0|0|113|-1
49|115|31|ARG|A|120|11|0|000|26.994177|-1.000000|-1.000000|0.000000|-1|-1|0|0|-1|116
49|116|7|LEU|A|121|8|0|000|25.821648|-1.000000|-1.000000|0.000000|-1|-1|0|0|115|117
49|117|11|SER|A|122|6|0|000|26.587376|-1.000000|-1.000000|0.000000|-1|-1|0|0|116|118
49|118|35|PHE|A|123|11|0|000|21.003738|-1.000000|-1.000000|0.000000|-1|-1|0|0|117|119
49|119|3|ALA|A|124|5|0|000|25.096630|-1.000000|-1.000000|0.000000|-1|-1|0|0|118|120
49|120|23|ASN|A|125|8|0|000|28.308041|-1.000000|-1.000000|0.000000|-1|-1|0|0|119|121
49|121|7|LEU|A|126|8|0|000|24.377451|-1.000000|-1.000000|0.000000|-1|-1|0|0|120|122
49|122|7|LEU|A|127|8|0|000|22.609766|-1.000000|-1.000000|0.000000|-1|-1|0|0|121|123
49|123|25|GLU|A|128|9|0|000|28.190693|-1.000000|-1.000000|0.000000|-1|-1|0|0|122|124
49|124|11|SER|A|129|9|0|000|27.830465|-1.000000|-1.000000|0.000000|-1|-1|0|0|123|125
49|125|35|PHE|A|130|11|0|000|23.818586|-1.000000|-1.000000|0.000000|-1|-1|0|0|124|126
49|126|25|GLU|A|131|9|0|000|27.192194|-1.000000|-1.000000|0.000000|-1|-1|0|0|125|127
49|127|27|GLN|A|132|9|0|000|30.806387|-1.000000|-1.000000|0.000000|-1|-1|0|0|126|128
49|128|3|ALA|A|133|5|0|000|29.363356|-1.000000|-1.000000|0.000000|-1|-1|0|0|127|129
49|129|11|SER|A|134|6|0|000|27.928696|-1.000000|-1.000000|0.000000|-1|-1|0|0|128|130
49|130|29|LYS|A|135|5|0|000|29.715567|-1.000000|-1.000000|0.000000|-1|-1|0|0|129|131
49|131|21|ASP|A|136|8|0|000|27.002321|-1.000000|-1.000000|0.000000|-1|-1|0|0|130|132
49|132|23|ASN|A|137|8|0|000|23.259058|-1.000000|-1.000000|0.000000|-1|-1|0|0|131|133
49|133|5|VAL|A|138|7|0|000|21.240826|-1.000000|-1.000000|0.000000|-1|-1|0|0|132|134
49|134|9|ILE|A|139|8|0|000|17.166271|-1.000000|-1.000000|0.000000|-1|-1|0|0|133|135
49|135|9|ILE|A|140|8|0|000|15.785510|-1.000000|-1.000000|0.000000|-1|-1|0|0|134|136
49|136|5|VAL|A|141|7|0|000|11.649014|-1.000000|-1.000000|0.000000|-1|-1|0|0|135|137
49|137|7|LEU|A|142|8|0|000|10.318089|-1.000000|-1.000000|0.000000|-1|-1|0|0|136|138
49|138|21|ASP|A|143|8|0|000|6.022194|-1.000000|-1.000000|0.000000|-1|-1|0|0|137|139
49|139|25|GLU|A|144|9|0|000|3.796441|-1.000000|-1.000000|0.000000|-1|-1|0|0|138|140
49|140|3|ALA|A|145|5|0|000|8.309235|-1.000000|-1.000000|0.000000|-1|-1|0|0|139|141
49|141|27|GLN|A|146|9|0|000|7.478961|-1.000000|-1.000000|0.000000|-1|-1|0|0|140|142
49|142|25|GLU|A|147|9|0|000|9.331830|-1.000000|-1.000000|0.000000|-1|-1|0|0|141|143
49|143|7|LEU|A|148|8|0|000|12.711274|-1.000000|-1.000000|0.000000|-1|-1|0|0|142|144
49|144|5|VAL|A|149|7|0|000|14.164131|-1.000000|-1.000000|0.000000|-1|-1|0|0|143|145
49|145|29|LYS|A|150|9|0|000|14.154966|-1.000000|-1.000000|0.000000|-1|-1|0|0|144|146
49|146|7|LEU|A|151|8|0|000|17.194777|-1.000000|-1.000000|0.000000|-1|-1|0|0|145|147
49|147|31|ARG|A|152|11|0|000|19.294399|-1.000000|-1.000000|0.000000|-1|-1|0|0|146|148
49|148|1|GLY|A|153|4|0|000|22.507586|-1.000000|-1.000000|0.000000|-1|-1|0|0|147|149
49|149|5|VAL|A|154|7|0|000|20.738226|-1.000000|-1.000000|0.000000|-1|-1|0|0|148|150
49|150|23|ASN|A|155|8|0|000|21.404840|-1.000000|-1.000000|0.000000|-1|-1|0|0|149|151
49|151|7|LEU|A|156|8|0|000|18.562855|-1.000000|-1.000000|0.000000|-1|-1|0|0|150|152
49|152|7|LEU|A|157|8|0|000|19.351009|-1.000000|-1.000000|0.000000|-1|-1|0|0|151|153
49|153|19|PRO|A|158|7|0|000|23.218880|-1.000000|-1.000000|0.000000|-1|-1|0|0|152|154
49|154|3|ALA|A|159|5|0|000|22.060341|-1.000000|-1.000000|0.000000|-1|-1|0|0|153|155
49|155|7|LEU|A|160|8|0|000|18.652225|-1.000000|-1.000000|0.000000|-1|-1|0|0|154|156
49|156|3|ALA|A|161|5|0|000|22.649866|-1.000000|-1.000000|0.000000|-1|-1|0|0|155|157
49|157|37|TYR|A|162|12|0|000|26.518000|-1.000000|-1.000000|0.000000|-1|-1|0|0|156|158
49|158|3|ALA|A|163|5|0|000|22.855972|-1.000000|-1.000000|0.000000|-1|-1|0|0|157|159
49|159|37|TYR|A|164|12|0|000|21.687174|-1.000000|-1.000000|0.000000|-1|-1|0|0|158|160
49|160|21|ASP|A|165|8|0|000|26.002172|-1.000000|-1.000000|0.000000|-1|-1|0|0|159|161
49|161|23|ASN|A|166|8|0|000|27.909056|-1.000000|-1.000000|0.000000|-1|-1|0|0|160|162
49|162|7|LEU|A|167|8|0|000|25.195114|-1.000000|-1.000000|0.000000|-1|-1|0|0|161|163
49|163|29|LYS|A|168|9|0|000|26.611574|-1.000000|-1.000000|0.000000|-1|-1|0|0|162|164
49|164|31|ARG|A|169|11|0|000|26.776546|-1.000000|-1.000000|0.000000|-1|-1|0|0|163|165
49|165|9|ILE|A|170|8|0|000|21.400551|-1.000000|-1.000000|0.000000|-1|-1|0|0|164|166
49|166|29|LYS|A|171|9|0|000|19.440475|-1.000000|-1.000000|0.000000|-1|-1|0|0|165|167
49|167|35|PHE|A|172|11|0|000|15.804914|-1.000000|-1.000000|0.000000|-1|-1|0|0|166|168
49|168|9|ILE|A|173|8|0|000|11.624858|-1.000000|-1.000000|0.000000|-1|-1|0|0|167|169
49|169|18|MSE|A|174|8|0|000|10.154757|-1.000000|-1.000000|0.000000|-1|-1|0|0|168|170
49|170|11|SER|A|175|6|0|000|5.024827|-1.000000|-1.000000|0.000000|-1|-1|0|0|169|171
49|171|1|GLY|A|176|4|0|000|3.935843|-1.000000|-1.000000|0.000000|-1|-1|0|0|170|172
49|172|11|SER|A|177|6|0|000|3.638865|-1.000000|-1.000000|0.000000|-1|-1|0|0|171|173
49|173|25|GLU|A|178|9|0|000|7.087327|-1.000000|-1.000000|0.000000|-1|-1|0|0|172|174
49|174|18|MSE|A|179|8|0|000|9.917926|-1.000000|-1.000000|0.000000|-1|-1|0|0|173|175
49|175|1|GLY|A|180|4|0|000|11.860643|-1.000000|-1.000000|0.000000|-1|-1|0|0|174|176
49|176|7|LEU|A|181|8|0|000|11.012137|-1.000000|-1.000000|0.000000|-1|-1|0|0|175|177
49|177|7|LEU|A|182|8|0|000|9.483724|-1.000000|-1.000000|0.000000|-1|-1|0|0|176|178
49|178|37|TYR|A|183|12|0|000|13.102001|-1.000000|-1.000000|0.000000|-1|-1|0|0|177|179
49|179|21|ASP|A|184|8|0|000|15.102221|-1.000000|-1.000000|0.000000|-1|-1|0|0|178|180
49|180|37|TYR|A|185|12|0|000|13.681551|-1.000000|-1.000000|0.000000|-1|-1|0|0|179|181
49|181|7|LEU|A|186|8|0|000|14.748064|-1.000000|-1.000000|0.000000|-1|-1|0|0|180|182
49|182|31|ARG|A|187|19|0|000|19.659412|-1.000000|-1.000000|0.000000|-1|-1|0|0|181|183
49|183|5|VAL|A|188|7|0|000|18.464394|-1.000000|-1.000000|0.000000|-1|-1|0|0|182|184
49|184|25|GLU|A|189|9|0|000|20.725368|-1.000000|-1.000000|0.000000|-1|-1|0|0|183|185
49|185|21|ASP|A|190|8|0|000|23.654572|-1.000000|-1.000000|0.000000|-1|-1|0|0|184|186
49|186|19|PRO|A|191|7|0|000|26.488117|-1.000000|-1.000000|0.000000|-1|-1|0|0|185|187
49|187|25|GLU|A|192|15|0|000|28.061819|-1.000000|-1.000000|0.000000|-1|-1|0|0|186|188
49|188|11|SER|A|193|6|0|000|23.236265|-1.000000|-1.000000|0.000000|-1|-1|0|0|187|189
49|189|19|PRO|A|194|7|0|000|22.908417|-1.000000|-1.000000|0.000000|-1|-1|0|0|188|190
49|190|7|LEU|A|195|8|0|000|19.812067|-1.000000|-1.000000|0.000000|-1|-1|0|0|189|191
49|191|35|PHE|A|196|11|0|000|23.824680|-1.000000|-1.000000|0.000000|-1|-1|0|0|190|192
49|192|1|GLY|A|197|4|0|000|23.458340|-1.000000|-1.000000|0.000000|-1|-1|0|0|191|193
49|193|31|ARG|A|198|11|0|000|22.753771|-1.000000|-1.000000|0.000000|-1|-1|0|0|192|194
49|194|3|ALA|A|199|5|0|000|20.114956|-1.000000|-1.000000|0.000000|-1|-1|0|0|193|195
49|195|35|PHE|A|200|11|0|000|16.195704|-1.000000|-1.000000|0.000000|-1|-1|0|0|194|196
49|196|11|SER|A|201|6|0|000|15.951497|-1.000000|-1.000000|0.000000|-1|-1|0|0|195|197
49|197|13|THR|A|202|7|0|000|13.901500|-1.000000|-1.000000|0.000000|-1|-1|0|0|196|198
49|198|5|VAL|A|203|7|0|000|11.936057|-1.000000|-1.000000|0.000000|-1|-1|0|0|197|199
49|199|25|GLU|A|204|9|0|000|11.454329|-1.000000|-1.000000|0.000000|-1|-1|0|0|198|200
49|200|7|LEU|A|205|8|0|000|9.772366|-1.000000|-1.000000|0.000000|-1|-1|0|0|199|201
49|201|29|LYS|A|206|9|0|000|13.302122|-1.000000|-1.000000|0.000000|-1|-1|0|0|200|202
49|202|19|PRO|A|207|7|0|000|13.663458|-1.000000|-1.000000|0.000000|-1|-1|0|0|201|203
49|203|35|PHE|A|208|11|0|000|16.209663|-1.000000|-1.000000|0.000000|-1|-1|0|0|202|204
49|204|11|SER|A|209|6|0|000|20.160692|-1.000000|-1.000000|0.000000|-1|-1|0|0|203|205
49|205|31|ARG|A|210|11|0|000|25.282639|-1.000000|-1.000000|0.000000|-1|-1|0|0|204|206
49|206|25|GLU|A|211|9|0|000|24.596422|-1.000000|-1.000000|0.000000|-1|-1|0|0|205|207
49|207|25|GLU|A|212|9|0|000|19.907249|-1.000000|-1.000000|0.000000|-1|-1|0|0|206|208
49|208|3|ALA|A|213|5|0|000|20.700634|-1.000000|-1.000000|0.000000|-1|-1|0|0|207|209
49|209|9|ILE|A|214|8|0|000|24.713497|-1.000000|-1.000000|0.000000|-1|-1|0|0|208|210
49|210|25|GLU|A|215|9|0|000|24.568684|-1.000000|-1.000000|0.000000|-1|-1|0|0|209|211
49|211|35|PHE|A|216|11|0|000|19.495352|-1.000000|-1.000000|0.000000|-1|-1|0|0|210|212
49|212|7|LEU|A|217|8|0|000|22.994305|-1.000000|-1.000000|0.000000|-1|-1|0|0|211|213
49|213|31|ARG|A|218|19|0|000|27.754450|-1.000000|-1.000000|0.000000|-1|-1|0|0|212|214
49|214|31|ARG|A|219|11|0|000|23.746527|-1.000000|-1.000000|0.000000|-1|-1|0|0|213|215
49|215|1|GLY|A|220|4|0|000|24.771580|-1.000000|-1.000000|0.000000|-1|-1|0|0|214|216
49|216|35|PHE|A|221|11|0|000|26.791298|-1.000000|-1.000000|0.000000|-1|-1|0|0|215|217
49|217|27|GLN|A|222|9|0|000|29.778814|-1.000000|-1.000000|0.000000|-1|-1|0|0|216|218
49|218|25|GLU|A|223|9|0|000|26.564880|-1.000000|-1.000000|0.000000|-1|-1|0|0|217|219
49|219|3|ALA|A|224|5|0|000|29.292700|-1.000000|-1.000000|0.000000|-1|-1|0|0|218|220
49|220|21|ASP|A|225|8|0|000|33.309975|-1.000000|-1.000000|0.000000|-1|-1|0|0|219|221
49|221|9|ILE|A|226|8|0|000|31.355829|-1.000000|-1.000000|0.000000|-1|-1|0|0|220|222
49|222|21|ASP|A|227|8|0|000|33.970951|-1.000000|-1.000000|0.000000|-1|-1|0|0|221|223
49|223|35|PHE|A|228|11|0|000|29.609346|-1.000000|-1.000000|0.000000|-1|-1|0|0|222|224
49|224|29|LYS|A|229|6|0|000|32.652130|-1.000000|-1.000000|0.000000|-1|-1|0|0|223|225
49|225|21|ASP|A|230|8|0|000|30.652962|-1.000000|-1.000000|0.000000|-1|-1|0|0|224|226
49|226|37|TYR|A|231|12|0|000|27.601429|-1.000000|-1.000000|0.000000|-1|-1|0|0|225|227
49|227|25|GLU|A|232|9|0|000|28.228624|-1.000000|-1.000000|0.000000|-1|-1|0|0|226|228
49|228|5|VAL|A|233|7|0|000|27.839985|-1.000000|-1.000000|0.000000|-1|-1|0|0|227|229
49|229|5|VAL|A|234|7|0|000|24.221539|-1.000000|-1.000000|0.000000|-1|-1|0|0|228|230
49|230|37|TYR|A|235|12|0|000|22.146465|-1.000000|-1.000000|0.000000|-1|-1|0|0|229|231
49|231|25|GLU|A|236|9|0|000|26.279434|-1.000000|-1.000000|0.000000|-1|-1|0|0|230|232
49|232|29|LYS|A|237|9|0|000|24.977398|-1.000000|-1.000000|0.000000|-1|-1|0|0|231|233
49|233|9|ILE|A|238|8|0|000|19.887163|-1.000000|-1.000000|0.000000|-1|-1|0|0|232|234
49|234|1|GLY|A|239|4|0|000|18.717079|-1.000000|-1.000000|0.000000|-1|-1|0|0|233|235
49|235|1|GLY|A|240|4|0|000|16.008904|-1.000000|-1.000000|0.000000|-1|-1|0|0|234|236
49|236|9|ILE|A|241|8|0|000|12.831369|-1.000000|-1.000000|0.000000|-1|-1|0|0|235|237
49|237|19|PRO|A|242|7|0|000|12.853017|-1.000000|-1.000000|0.000000|-1|-1|0|0|236|238
49|238|1|GLY|A|243|4|0|000|12.960236|-1.000000|-1.000000|0.000000|-1|-1|0|0|237|239
49|239|39|TRP|A|244|14|0|000|14.186078|-1.000000|-1.000000|0.000000|-1|-1|0|0|238|240
49|240|7|LEU|A|245|8|0|000|17.727669|-1.000000|-1.000000|0.000000|-1|-1|0|0|239|241
49|241|13|THR|A|246|7|0|000|16.604118|-1.000000|-1.000000|0.000000|-1|-1|0|0|240|242
49|242|37|TYR|A|247|12|0|000|18.498640|-1.000000|-1.000000|0.000000|-1|-1|0|0|241|243
49|243|35|PHE|A|248|11|0|000|22.420481|-1.000000|-1.000000|0.000000|-1|-1|0|0|242|244
49|244|1|GLY|A|249|4|0|000|22.203753|-1.000000|-1.000000|0.000000|-1|-1|0|0|243|245
49|245|35|PHE|A|250|11|0|000|22.112320|-1.000000|-1.000000|0.000000|-1|-1|0|0|244|246
49|246|9|ILE|A|251|8|0|000|23.864130|-1.000000|-1.000000|0.000000|-1|-1|0|0|245|247
49|247|37|TYR|A|252|12|0|000|28.005463|-1.000000|-1.000000|0.000000|-1|-1|0|0|246|248
49|248|7|LEU|A|253|8|0|000|26.801163|-1.000000|-1.000000|0.000000|-1|-1|0|0|247|249
49|249|21|ASP|A|254|8|0|000|27.845762|-1.000000|-1.000000|0.000000|-1|-1|0|0|248|250
49|250|23|ASN|A|255|8|0|000|29.920828|-1.000000|-1.000000|0.000000|-1|-1|0|0|249|251
49|251|29|LYS|A|256|9|0|000|31.645967|-1.000000|-1.000000|0.000000|-1|-1|0|0|250|252
49|252|23|ASN|A|257|8|0|000|31.494995|-1.000000|-1.000000|0.000000|-1|-1|0|0|251|253
49|253|7|LEU|A|258|8|0|000|29.452223|-1.000000|-1.000000|0.000000|-1|-1|0|0|252|254
49|254|21|ASP|A|259|8|0|000|30.592806|-1.000000|-1.000000|0.000000|-1|-1|0|0|253|255
49|255|35|PHE|A|260|11|0|000|28.500376|-1.000000|-1.000000|0.000000|-1|-1|0|0|254|256
49|256|3|ALA|A|261|5|0|000|25.366240|-1.000000|-1.000000|0.000000|-1|-1|0|0|255|257
49|257|9|ILE|A|262|8|0|000|25.000587|-1.000000|-1.000000|0.000000|-1|-1|0|0|256|258
49|258|23|ASN|A|263|13|0|000|26.557306|-1.000000|-1.000000|0.000000|-1|-1|0|0|257|259
49|259|27|GLN|A|264|9|0|000|23.642029|-1.000000|-1.000000|0.000000|-1|-1|0|0|258|260
49|260|13|THR|A|265|7|0|000|20.198673|-1.000000|-1.000000|0.000000|-1|-1|0|0|259|261
49|261|7|LEU|A|266|8|0|000|21.548162|-1.000000|-1.000000|0.000000|-1|-1|0|0|260|262
49|262|25|GLU|A|267|9|0|000|22.908007|-1.000000|-1.000000|0.000000|-1|-1|0|0|261|263
49|263|37|TYR|A|268|12|0|000|16.889948|-1.000000|-1.000000|0.000000|-1|-1|0|0|262|264
49|264|3|ALA|A|269|5|0|000|16.607178|-1.000000|-1.000000|0.000000|-1|-1|0|0|263|265
49|265|29|LYS|A|270|9|0|000|20.148537|-1.000000|-1.000000|0.000000|-1|-1|0|0|264|266
49|266|29|LYS|A|271|7|0|000|18.717505|-1.000000|-1.000000|0.000000|-1|-1|0|0|265|267
49|267|7|LEU|A|272|8|0|000|13.638664|-1.000000|-1.000000|0.000000|-1|-1|0|0|266|268
49|268|9|ILE|A|273|8|0|000|14.364111|-1.000000|-1.000000|0.000000|-1|-1|0|0|267|269
49|269|7|LEU|A|274|8|0|000|17.867405|-1.000000|-1.000000|0.000000|-1|-1|0|0|268|270
49|270|29|LYS|A|275|9|0|000|15.292296|-1.000000|-1.000000|0.000000|-1|-1|0|0|269|271
49|271|25|GLU|A|276|9|0|000|11.277758|-1.000000|-1.000000|0.000000|-1|-1|0|0|270|272
49|272|35|PHE|A|277|11|0|000|16.250420|-1.000000|-1.000000|0.000000|-1|-1|0|0|271|273
49|273|25|GLU|A|278|9|0|000|17.959831|-1.000000|-1.000000|0.000000|-1|-1|0|0|272|274
49|274|23|ASN|A|279|8|0|000|13.516648|-1.000000|-1.000000|0.000000|-1|-1|0|0|273|275
49|275|35|PHE|A|280|11|0|000|14.906921|-1.000000|-1.000000|0.000000|-1|-1|0|0|274|276
49|276|7|LEU|A|281|8|0|000|18.587196|-1.000000|-1.000000|0.000000|-1|-1|0|0|275|277
49|277|33|HIS|A|282|10|0|000|18.040293|-1.000000|-1.000000|0.000000|-1|-1|0|0|276|278
49|278|1|GLY|A|283|4|0|000|20.497631|-1.000000|-1.000000|0.000000|-1|-1|0|0|277|279
49|279|31|ARG|A|284|11|0|000|19.107409|-1.000000|-1.000000|0.000000|-1|-1|0|0|278|280
49|280|25|GLU|A|285|9|0|000|24.405067|-1.000000|-1.000000|0.000000|-1|-1|0|0|279|281
49|281|9|ILE|A|286|8|0|000|26.965303|-1.000000|-1.000000|0.000000|-1|-1|0|0|280|282
49|282|3|ALA|A|287|5|0|000|24.375948|-1.000000|-1.000000|0.000000|-1|-1|0|0|281|283
49|283|31|ARG|A|288|11|0|000|23.239723|-1.000000|-1.000000|0.000000|-1|-1|0|0|282|284
49|284|29|LYS|A|289|7|0|000|26.885933|-1.000000|-1.000000|0.000000|-1|-1|0|0|283|285
49|285|31|ARG|A|290|11|0|000|27.272182|-1.000000|-1.000000|0.000000|-1|-1|0|0|284|286
49|286|37|TYR|A|291|12|0|000|20.814173|-1.000000|-1.000000|0.000000|-1|-1|0|0|285|287
49|287|7|LEU|A|292|8|0|000|23.026979|-1.000000|-1.000000|0.000000|-1|-1|0|0|286|288
49|288|23|ASN|A|293|8|0|000|26.478449|-1.000000|-1.000000|0.000000|-1|-1|0|0|287|289
49|289|9|ILE|A|294|8|0|000|23.097637|-1.000000|-1.000000|0.000000|-1|-1|0|0|288|290
49|290|18|MSE|A|295|8|0|000|20.178082|-1.000000|-1.000000|0.000000|-1|-1|0|0|289|291
49|291|31|ARG|A|296|11|0|000|24.965006|-1.000000|-1.000000|0.000000|-1|-1|0|0|290|292
49|292|13|THR|A|297|7|0|000|26.076429|-1.000000|-1.000000|0.000000|-1|-1|0|0|291|293
49|293|7|LEU|A|298|8|0|000|22.695089|-1.000000|-1.000000|0.000000|-1|-1|0|0|292|294
49|294|11|SER|A|299|6|0|000|22.949295|-1.000000|-1.000000|0.000000|-1|-1|0|0|293|295
49|295|29|LYS|A|300|6|0|000|25.679399|-1.000000|-1.000000|0.000000|-1|-1|0|0|294|296
49|296|15|CYS|A|301|6|0|000|24.589071|-1.000000|-1.000000|0.000000|-1|-1|0|0|295|297
49|297|1|GLY|A|302|4|0|000|25.934454|-1.000000|-1.000000|0.000000|-1|-1|0|0|296|298
49|298|29|LYS|A|303|9|0|000|29.112009|-1.000000|-1.000000|0.000000|-1|-1|0|0|297|299
49|299|39|TRP|A|304|14|0|000|28.502268|-1.000000|-1.000000|0.000000|-1|-1|0|0|298|300
49|300|11|SER|A|305|6|0|000|31.641645|-1.000000|-1.000000|0.000000|-1|-1|0|0|299|301
49|301|21|ASP|A|306|8|0|000|30.084217|-1.000000|-1.000000|0.000000|-1|-1|0|0|300|302
49|302|5|VAL|A|307|7|0|000|27.413048|-1.000000|-1.000000|0.000000|-1|-1|0|0|301|303
49|303|29|LYS|A|308|9|0|000|32.127071|-1.000000|-1.000000|0.000000|-1|-1|0|0|302|304
49|304|31|ARG|A|309|11|0|000|34.003422|-1.000000|-1.000000|0.000000|-1|-1|0|0|303|305
49|305|3|ALA|A|310|5|0|000|30.942759|-1.000000|-1.000000|0.000000|-1|-1|0|0|304|306
49|306|7|LEU|A|311|8|0|000|29.722679|-1.000000|-1.000000|0.000000|-1|-1|0|0|305|307
49|307|25|GLU|A|312|9|0|000|34.539085|-1.000000|-1.000000|0.000000|-1|-1|0|0|306|308
49|308|7|LEU|A|313|8|0|000|35.502235|-1.000000|-1.000000|0.000000|-1|-1|0|0|307|309
49|309|25|GLU|A|314|9|0|000|32.283466|-1.000000|-1.000000|0.000000|-1|-1|0|0|308|310
49|310|25|GLU|A|315|9|0|000|33.455494|-1.000000|-1.000000|0.000000|-1|-1|0|0|309|311
49|311|1|GLY|A|316|4|0|000|37.812050|-1.000000|-1.000000|0.000000|-1|-1|0|0|310|312
49|312|9|ILE|A|317|5|0|000|36.858467|-1.000000|-1.000000|0.000000|-1|-1|0|0|311|313
49|313|25|GLU|A|318|5|0|000|36.598915|-1.000000|-1.000000|0.000000|-1|-1|0|0|312|314
49|314|9|ILE|A|319|8|0|000|32.583248|-1.000000|-1.000000|0.000000|-1|-1|0|0|313|315
49|315|11|SER|A|320|6|0|000|32.044701|-1.000000|-1.000000|0.000000|-1|-1|0|0|314|316
49|316|21|ASP|A|321|8|0|000|31.390463|-1.000000|-1.000000|0.000000|-1|-1|0|0|315|317
49|317|11|SER|A|322|6|0|000|29.199163|-1.000000|-1.000000|0.000000|-1|-1|0|0|316|318
49|318|25|GLU|A|323|9|0|000|28.727209|-1.000000|-1.000000|0.000000|-1|-1|0|0|317|319
49|319|9|ILE|A|324|8|0|000|26.943913|-1.000000|-1.000000|0.000000|-1|-1|0|0|318|320
49|320|37|TYR|A|325|12|0|000|24.486242|-1.000000|-1.000000|0.000000|-1|-1|0|0|319|321
49|321|23|ASN|A|326|8|0|000|22.694756|-1.000000|-1.000000|0.000000|-1|-1|0|0|320|322
49|322|37|TYR|A|327|12|0|000|23.513412|-1.000000|-1.000000|0.000000|-1|-1|0|0|321|323
49|323|7|LEU|A|328|8|0|000|21.239901|-1.000000|-1.000000|0.000000|-1|-1|0|0|322|324
49|324|13|THR|A|329|7|0|000|19.159756|-1.000000|-1.000000|0.000000|-1|-1|0|0|323|325
49|325|27|GLN|A|330|9|0|000|17.081793|-1.000000|-1.000000|0.000000|-1|-1|0|0|324|326
49|326|7|LEU|A|331|8|0|000|16.408195|-1.000000|-1.000000|0.000000|-1|-1|0|0|325|327
49|327|13|THR|A|332|7|0|000|15.388828|-1.000000|-1.000000|0.000000|-1|-1|0|0|326|328
49|328|29|LYS|A|333|9|0|000|14.194795|-1.000000|-1.000000|0.000000|-1|-1|0|0|327|329
49|329|33|HIS|A|334|10|0|000|11.470525|-1.000000|-1.000000|0.000000|-1|-1|0|0|328|330
49|330|11|SER|A|335|6|0|000|10.390153|-1.000000|-1.000000|0.000000|-1|-1|0|0|329|331
49|331|39|TRP|A|336|14|0|000|12.873023|-1.000000|-1.000000|0.000000|-1|-1|0|0|330|332
49|332|9|ILE|A|337|8|0|000|16.438269|-1.000000|-1.000000|0.000000|-1|-1|0|0|331|333
49|333|9|ILE|A|338|8|0|000|16.488697|-1.000000|-1.000000|0.000000|-1|-1|0|0|332|334
49|334|29|LYS|A|339|7|0|000|20.906567|-1.000000|-1.000000|0.000000|-1|-1|0|0|333|335
49|335|25|GLU|A|340|5|0|000|22.767838|-1.000000|-1.000000|0.000000|-1|-1|0|0|334|336
49|336|1|GLY|A|341|4|0|000|25.423107|-1.000000|-1.000000|0.000000|-1|-1|0|0|335|337
49|337|25|GLU|A|342|9|0|000|28.174089|-1.000000|-1.000000|0.000000|-1|-1|0|0|336|338
49|338|29|LYS|A|343|6|0|000|24.575668|-1.000000|-1.000000|0.000000|-1|-1|0|0|337|339
49|339|37|TYR|A|344|12|0|000|22.433632|-1.000000|-1.000000|0.000000|-1|-1|0|0|338|340
49|340|15|CYS|A|345|6|0|000|19.692678|-1.000000|-1.000000|0.000000|-1|-1|0|0|339|341
49|341|19|PRO|A|346|7|0|000|17.877710|-1.000000|-1.000000|0.000000|-1|-1|0|0|340|342
49|342|11|SER|A|347|6|0|000|13.700295|-1.000000|-1.000000|0.000000|-1|-1|0|0|341|343
49|343|25|GLU|A|348|9|0|000|14.435370|-1.000000|-1.000000|0.000000|-1|-1|0|0|342|344
49|344|19|PRO|A|349|7|0|000|17.984249|-1.000000|-1.000000|0.000000|-1|-1|0|0|343|345
49|345|7|LEU|A|350|8|0|000|17.355522|-1.000000|-1.000000|0.000000|-1|-1|0|0|344|346
49|346|9|ILE|A|351|8|0|000|15.832979|-1.000000|-1.000000|0.000000|-1|-1|0|0|345|347
49|347|11|SER|A|352|6|0|000|20.078283|-1.000000|-1.000000|0.000000|-1|-1|0|0|346|348
49|348|7|LEU|A|353|8|0|000|21.559656|-1.000000|-1.000000|0.000000|-1|-1|0|0|347|349
49|349|3|ALA|A|354|5|0|000|20.031919|-1.000000|-1.000000|0.000000|-1|-1|0|0|348|350
49|350|35|PHE|A|355|11|0|000|20.334133|-1.000000|-1.000000|0.000000|-1|-1|0|0|349|351
49|351|11|SER|A|356|7|0|000|25.042543|-1.000000|-1.000000|0.000000|-1|-1|0|0|350|-1
49|352|1|GLY|B|0|4|0|000|22.768351|-1.000000|-1.000000|0.000000|-1|-1|0|10|-1|353
49|353|18|MSE|B|1|8|0|000|22.679768|-1.000000|-1.000000|0.000000|-1|-1|0|10|352|354
49|354|7|LEU|B|2|8|0|000|19.934565|-1.000000|-1.000000|0.000000|-1|-1|0|10|353|355
49|355|35|PHE|B|3|11|0|000|20.509638|-1.000000|-1.000000|0.000000|-1|-1|0|10|354|356
49|356|21|ASP|B|4|8|0|000|17.489693|-1.000000|-1.000000|0.000000|-1|-1|0|10|355|357
49|357|13|THR|B|5|7|0|000|15.712530|-1.000000|-1.000000|0.000000|-1|-1|0|10|356|358
49|358|11|SER|B|6|9|0|000|14.256926|-1.000000|-1.000000|0.000000|-1|-1|0|10|357|359
49|359|19|PRO|B|7|7|0|000|11.737081|-1.000000|-1.000000|0.000000|-1|-1|0|10|358|360
49|360|29|LYS|B|8|9|0|000|14.756906|-1.000000|-1.000000|0.000000|-1|-1|0|10|359|361
49|361|21|ASP|B|9|8|0|000|17.135906|-1.000000|-1.000000|0.000000|-1|-1|0|10|360|362
49|362|23|ASN|B|10|8|0|000|19.901981|-1.000000|-1.000000|0.000000|-1|-1|0|10|361|363
49|363|31|ARG|B|11|11|0|000|20.068581|-1.000000|-1.000000|0.000000|-1|-1|0|10|362|364
49|364|29|LYS|B|12|5|0|000|22.094135|-1.000000|-1.000000|0.000000|-1|-1|0|10|363|365
49|365|21|ASP|B|13|8|0|000|19.880266|-1.000000|-1.000000|0.000000|-1|-1|0|10|364|366
49|366|35|PHE|B|14|11|0|000|15.938231|-1.000000|-1.000000|0.000000|-1|-1|0|10|365|367
49|367|35|PHE|B|15|11|0|000|18.933975|-1.000000|-1.000000|0.000000|-1|-1|0|10|366|368
49|368|21|ASP|B|16|8|0|000|18.639101|-1.000000|-1.000000|0.000000|-1|-1|0|10|367|369
49|369|31|ARG|B|17|11|0|000|14.730426|-1.000000|-1.000000|0.000000|-1|-1|0|10|368|370
49|370|25|GLU|B|18|9|0|000|20.562906|-1.000000|-1.000000|0.000000|-1|-1|0|10|369|371
49|371|29|LYS|B|19|6|0|000|18.900431|-1.000000|-1.000000|0.000000|-1|-1|0|10|370|372
49|372|25|GLU|B|20|9|0|000|15.140706|-1.000000|-1.000000|0.000000|-1|-1|0|10|371|373
49|373|9|ILE|B|21|8|0|000|16.248335|-1.000000|-1.000000|0.000000|-1|-1|0|10|372|374
49|374|25|GLU|B|22|9|0|000|20.277866|-1.000000|-1.000000|0.000000|-1|-1|0|10|373|375
49|375|29|LYS|B|23|9|0|000|17.168171|-1.000000|-1.000000|0.000000|-1|-1|0|10|374|376
49|376|7|LEU|B|24|8|0|000|14.616034|-1.000000|-1.000000|0.000000|-1|-1|0|10|375|377
49|377|29|LYS|B|25|9|0|000|19.138567|-1.000000|-1.000000|0.000000|-1|-1|0|10|376|378
49|378|1|GLY|B|26|4|0|000|20.267551|-1.000000|-1.000000|0.000000|-1|-1|0|10|377|379
49|379|7|LEU|B|27|8|0|000|19.145147|-1.000000|-1.000000|0.000000|-1|-1|0|10|378|380
49|380|31|ARG|B|28|7|0|000|20.499052|-1.000000|-1.000000|0.000000|-1|-1|0|10|379|381
49|381|3|ALA|B|29|5|0|000|19.585758|-1.000000|-1.000000|0.000000|-1|-1|0|10|380|382
49|382|19|PRO|B|30|7|0|000|20.031267|-1.000000|-1.000000|0.000000|-1|-1|0|10|381|383
49|383|9|ILE|B|31|8|0|000|16.203920|-1.000000|-1.000000|0.000000|-1|-1|0|10|382|384
49|384|13|THR|B|32|7|0|000|13.745611|-1.000000|-1.000000|0.000000|-1|-1|0|10|383|385
49|385|7|LEU|B|33|8|0|000|11.098639|-1.000000|-1.000000|0.000000|-1|-1|0|10|384|386
49|386|5|VAL|B|34|7|0|000|7.841181|-1.000000|-1.000000|0.000000|-1|-1|0|10|385|387
49|387|7|LEU|B|35|8|0|000|8.044912|-1.000000|-1.000000|0.000000|-1|-1|0|10|386|388
49|388|1|GLY|B|36|4|0|000|5.807402|-1.000000|-1.000000|0.000000|-1|-1|0|10|387|389
49|389|7|LEU|B|37|8|0|000|7.334838|-1.000000|-1.000000|0.000000|-1|-1|0|10|388|390
49|390|31|ARG|B|38|11|0|000|5.311955|-1.000000|-1.000000|0.000000|-1|-1|0|10|389|391
49|391|31|ARG|B|39|11|0|000|8.251367|-1.000000|-1.000000|0.000000|-1|-1|0|10|390|392
49|392|13|THR|B|40|7|0|000|8.053236|-1.000000|-1.000000|0.000000|-1|-1|0|10|391|393
49|393|1|GLY|B|41|4|0|000|8.318921|-1.000000|-1.000000|0.000000|-1|-1|0|10|392|394
49|394|29|LYS|B|42|9|0|000|5.001715|-1.000000|-1.000000|0.000000|-1|-1|0|10|393|395
49|395|11|SER|B|43|6|0|000|7.548139|-1.000000|-1.000000|0.000000|-1|-1|0|10|394|396
49|396|11|SER|B|44|6|0|000|10.762533|-1.000000|-1.000000|0.000000|-1|-1|0|10|395|397
49|397|9|ILE|B|45|8|0|000|11.345205|-1.000000|-1.000000|0.000000|-1|-1|0|10|396|398
49|398|9|ILE|B|46|8|0|000|10.600047|-1.000000|-1.000000|0.000000|-1|-1|0|10|397|399
49|399|29|LYS|B|47|9|0|000|13.090776|-1.000000|-1.000000|0.000000|-1|-1|0|10|398|400
49|400|9|ILE|B|48|8|0|000|15.780186|-1.000000|-1.000000|0.000000|-1|-1|0|10|399|401
49|401|1|GLY|B|49|4|0|000|16.614817|-1.000000|-1.000000|0.000000|-1|-1|0|10|400|402
49|402|9|ILE|B|50|8|0|000|16.460760|-1.000000|-1.000000|0.000000|-1|-1|0|10|401|403
49|403|23|ASN|B|51|8|0|000|19.022911|-1.000000|-1.000000|0.000000|-1|-1|0|10|402|404
49|404|25|GLU|B|52|9|0|000|20.686508|-1.000000|-1.000000|0.000000|-1|-1|0|10|403|405
49|405|7|LEU|B|53|8|0|000|21.123659|-1.000000|-1.000000|0.000000|-1|-1|0|10|404|406
49|406|23|ASN|B|54|8|0|000|23.949797|-1.000000|-1.000000|0.000000|-1|-1|0|10|405|407
49|407|7|LEU|B|55|8|0|000|22.311646|-1.000000|-1.000000|0.000000|-1|-1|0|10|406|408
49|408|19|PRO|B|56|7|0|000|22.713091|-1.000000|-1.000000|0.000000|-1|-1|0|10|407|409
49|409|37|TYR|B|57|12|0|000|18.237299|-1.000000|-1.000000|0.000000|-1|-1|0|10|408|410
49|410|9|ILE|B|58|8|0|000|17.478912|-1.000000|-1.000000|0.000000|-1|-1|0|10|409|411
49|411|37|TYR|B|59|12|0|000|12.218200|-1.000000|-1.000000|0.000000|-1|-1|0|10|410|412
49|412|7|LEU|B|60|8|0|000|12.931863|-1.000000|-1.000000|0.000000|-1|-1|0|10|411|413
49|413|21|ASP|B|61|8|0|000|10.170806|-1.000000|-1.000000|0.000000|-1|-1|0|10|412|414
49|414|7|LEU|B|62|8|0|000|9.513610|-1.000000|-1.000000|0.000000|-1|-1|0|10|413|415
49|415|31|ARG|B|63|11|0|000|7.149157|-1.000000|-1.000000|0.000000|-1|-1|0|10|414|416
49|416|29|LYS|B|64|9|0|000|12.581119|-1.000000|-1.000000|0.000000|-1|-1|0|10|415|417
49|417|35|PHE|B|65|11|0|000|12.974770|-1.000000|-1.000000|0.000000|-1|-1|0|10|416|418
49|418|25|GLU|B|66|9|0|000|9.801689|-1.000000|-1.000000|0.000000|-1|-1|0|10|417|419
49|419|25|GLU|B|67|9|0|000|14.459063|-1.000000|-1.000000|0.000000|-1|-1|0|10|418|420
49|420|31|ARG|B|68|11|0|000|15.970381|-1.000000|-1.000000|0.000000|-1|-1|0|10|419|421
49|421|23|ASN|B|69|8|0|000|17.207092|-1.000000|-1.000000|0.000000|-1|-1|0|10|420|422
49|422|37|TYR|B|70|12|0|000|19.833521|-1.000000|-1.000000|0.000000|-1|-1|0|10|421|423
49|423|9|ILE|B|71|8|0|000|16.608923|-1.000000|-1.000000|0.000000|-1|-1|0|10|422|424
49|424|11|SER|B|72|6|0|000|20.607393|-1.000000|-1.000000|0.000000|-1|-1|0|10|423|425
49|425|37|TYR|B|73|12|0|000|22.931963|-1.000000|-1.000000|0.000000|-1|-1|0|10|424|426
49|426|29|LYS|B|74|9|0|000|24.124317|-1.000000|-1.000000|0.000000|-1|-1|0|10|425|427
49|427|21|ASP|B|75|8|0|000|19.964108|-1.000000|-1.000000|0.000000|-1|-1|0|10|426|428
49|428|35|PHE|B|76|11|0|000|17.866230|-1.000000|-1.000000|0.000000|-1|-1|0|10|427|429
49|429|7|LEU|B|77|8|0|000|22.188725|-1.000000|-1.000000|0.000000|-1|-1|0|10|428|430
49|430|7|LEU|B|78|8|0|000|21.846991|-1.000000|-1.000000|0.000000|-1|-1|0|10|429|431
49|431|25|GLU|B|79|9|0|000|17.166533|-1.000000|-1.000000|0.000000|-1|-1|0|10|430|432
49|432|7|LEU|B|80|8|0|000|19.689501|-1.000000|-1.000000|0.000000|-1|-1|0|10|431|433
49|433|27|GLN|B|81|9|0|000|23.757742|-1.000000|-1.000000|0.000000|-1|-1|0|10|432|434
49|434|29|LYS|B|82|7|0|000|20.863405|-1.000000|-1.000000|0.000000|-1|-1|0|10|433|435
49|435|25|GLU|B|83|9|0|000|18.740278|-1.000000|-1.000000|0.000000|-1|-1|0|10|434|436
49|436|9|ILE|B|84|8|0|000|23.206627|-1.000000|-1.000000|0.000000|-1|-1|0|10|435|437
49|437|23|ASN|B|85|8|0|000|25.354025|-1.000000|-1.000000|0.000000|-1|-1|0|10|436|438
49|438|29|LYS|B|86|9|0|000|21.969414|-1.000000|-1.000000|0.000000|-1|-1|0|10|437|439
49|439|7|LEU|B|87|8|0|000|23.809725|-1.000000|-1.000000|0.000000|-1|-1|0|10|438|440
49|440|5|VAL|B|88|7|0|000|27.777157|-1.000000|-1.000000|0.000000|-1|-1|0|10|439|441
49|441|29|LYS|B|89|7|0|000|28.004618|-1.000000|-1.000000|0.000000|-1|-1|0|10|440|442
49|442|31|ARG|B|90|11|0|000|26.226543|-1.000000|-1.000000|0.000000|-1|-1|0|10|441|443
49|443|7|LEU|B|91|8|0|000|28.095615|-1.000000|-1.000000|0.000000|-1|-1|0|10|442|444
49|444|19|PRO|B|92|7|0|000|32.240578|-1.000000|-1.000000|0.000000|-1|-1|0|10|443|445
49|445|11|SER|B|93|6|0|000|33.022850|-1.000000|-1.000000|0.000000|-1|-1|0|10|444|446
49|446|7|LEU|B|94|8|0|000|29.289894|-1.000000|-1.000000|0.000000|-1|-1|0|10|445|447
49|447|7|LEU|B|95|8|0|000|32.189144|-1.000000|-1.000000|0.000000|-1|-1|0|10|446|448
49|448|29|LYS|B|96|5|0|000|34.843388|-1.000000|-1.000000|0.000000|-1|-1|0|10|447|449
49|449|3|ALA|B|97|5|0|000|32.787186|-1.000000|-1.000000|0.000000|-1|-1|0|10|448|450
49|450|7|LEU|B|98|8|0|000|30.418079|-1.000000|-1.000000|0.000000|-1|-1|0|10|449|451
49|451|29|LYS|B|99|5|0|000|34.950661|-1.000000|-1.000000|0.000000|-1|-1|0|10|450|452
49|452|23|ASN|B|100|5|0|000|35.327618|-1.000000|-1.000000|0.000000|-1|-1|0|10|451|453
49|453|9|ILE|B|101|8|0|000|31.804148|-1.000000|-1.000000|0.000000|-1|-1|0|10|452|454
49|454|27|GLN|B|102|5|0|000|32.009007|-1.000000|-1.000000|0.000000|-1|-1|0|10|453|455
49|455|1|GLY|B|103|4|0|000|30.641052|-1.000000|-1.000000|0.000000|-1|-1|0|10|454|456
49|456|9|ILE|B|104|8|0|000|30.503683|-1.000000|-1.000000|0.000000|-1|-1|0|10|455|457
49|457|5|VAL|B|105|7|0|000|32.938316|-1.000000|-1.000000|0.000000|-1|-1|0|10|456|458
49|458|9|ILE|B|106|8|0|000|33.984596|-1.000000|-1.000000|0.000000|-1|-1|0|10|457|459
49|459|18|MSE|B|107|8|0|000|34.333485|-1.000000|-1.000000|0.000000|-1|-1|0|10|458|460
49|460|1|GLY|B|108|4|0|000|35.133480|-1.000000|-1.000000|0.000000|-1|-1|0|10|459|461
49|461|23|ASN|B|109|8|0|000|32.646225|-1.000000|-1.000000|0.000000|-1|-1|0|10|460|462
49|462|25|GLU|B|110|9|0|000|29.889935|-1.000000|-1.000000|0.000000|-1|-1|0|10|461|463
49|463|9|ILE|B|111|8|0|000|28.390985|-1.000000|-1.000000|0.000000|-1|-1|0|10|462|464
49|464|29|LYS|B|112|5|0|000|29.132792|-1.000000|-1.000000|0.000000|-1|-1|0|10|463|465
49|465|35|PHE|B|113|11|0|000|26.250885|-1.000000|-1.000000|0.000000|-1|-1|0|10|464|466
49|466|23|ASN|B|114|5|0|000|29.617954|-1.000000|-1.000000|0.000000|-1|-1|0|10|465|-1
49|467|31|ARG|B|120|11|0|000|27.871033|-1.000000|-1.000000|0.000000|-1|-1|0|10|-1|468
49|468|7|LEU|B|121|8|0|000|26.541265|-1.000000|-1.000000|0.000000|-1|-1|0|10|467|469
49|469|11|SER|B|122|6|0|000|26.857731|-1.000000|-1.000000|0.000000|-1|-1|0|10|468|470
49|470|35|PHE|B|123|11|0|000|21.377598|-1.000000|-1.000000|0.000000|-1|-1|0|10|469|471
49|471|3|ALA|B|124|5|0|000|25.518517|-1.000000|-1.000000|0.000000|-1|-1|0|10|470|472
49|472|23|ASN|B|125|8|0|000|28.636492|-1.000000|-1.000000|0.000000|-1|-1|0|10|471|473
49|473|7|LEU|B|126|8|0|000|25.002245|-1.000000|-1.000000|0.000000|-1|-1|0|10|472|474
49|474|7|LEU|B|127|8|0|000|23.135721|-1.000000|-1.000000|0.000000|-1|-1|0|10|473|475
49|475|25|GLU|B|128|9|0|000|28.735720|-1.000000|-1.000000|0.000000|-1|-1|0|10|474|476
49|476|11|SER|B|129|6|0|000|28.381823|-1.000000|-1.000000|0.000000|-1|-1|0|10|475|477
49|477|35|PHE|B|130|11|0|000|24.350716|-1.000000|-1.000000|0.000000|-1|-1|0|10|476|478
49|478|25|GLU|B|131|9|0|000|27.582937|-1.000000|-1.000000|0.000000|-1|-1|0|10|477|479
49|479|27|GLN|B|132|9|0|000|31.406225|-1.000000|-1.000000|0.000000|-1|-1|0|10|478|480
49|480|3|ALA|B|133|5|0|000|29.976723|-1.000000|-1.000000|0.000000|-1|-1|0|10|479|481
49|481|11|SER|B|134|6|0|000|28.672171|-1.000000|-1.000000|0.000000|-1|-1|0|10|480|482
49|482|29|LYS|B|135|5|0|000|30.314707|-1.000000|-1.000000|0.000000|-1|-1|0|10|481|483
49|483|21|ASP|B|136|8|0|000|27.440571|-1.000000|-1.000000|0.000000|-1|-1|0|10|482|484
49|484|23|ASN|B|137|8|0|000|23.872515|-1.000000|-1.000000|0.000000|-1|-1|0|10|483|485
49|485|5|VAL|B|138|7|0|000|21.964598|-1.000000|-1.000000|0.000000|-1|-1|0|10|484|486
49|486|9|ILE|B|139|8|0|000|17.748220|-1.000000|-1.000000|0.000000|-1|-1|0|10|485|487
49|487|9|ILE|B|140|8|0|000|16.269083|-1.000000|-1.000000|0.000000|-1|-1|0|10|486|488
49|488|5|VAL|B|141|7|0|000|12.142940|-1.000000|-1.000000|0.000000|-1|-1|0|10|487|489
49|489|7|LEU|B|142|8|0|000|10.756196|-1.000000|-1.000000|0.000000|-1|-1|0|10|488|490
49|490|21|ASP|B|143|8|0|000|6.525372|-1.000000|-1.000000|0.000000|-1|-1|0|10|489|491
49|491|25|GLU|B|144|9|0|000|4.095117|-1.000000|-1.000000|0.000000|-1|-1|0|10|490|492
49|492|3|ALA|B|145|5|0|000|8.540908|-1.000000|-1.000000|0.000000|-1|-1|0|10|491|493
49|493|27|GLN|B|146|9|0|000|7.550994|-1.000000|-1.000000|0.000000|-1|-1|0|10|492|494
49|494|25|GLU|B|147|9|0|000|9.401944|-1.000000|-1.000000|0.000000|-1|-1|0|10|493|495
49|495|7|LEU|B|148|8|0|000|12.841785|-1.000000|-1.000000|0.000000|-1|-1|0|10|494|496
49|496|5|VAL|B|149|7|0|000|14.215968|-1.000000|-1.000000|0.000000|-1|-1|0|10|495|497
49|497|29|LYS|B|150|9|0|000|14.140407|-1.000000|-1.000000|0.000000|-1|-1|0|10|496|498
49|498|7|LEU|B|151|8|0|000|17.399004|-1.000000|-1.000000|0.000000|-1|-1|0|10|497|499
49|499|31|ARG|B|152|11|0|000|19.802233|-1.000000|-1.000000|0.000000|-1|-1|0|10|498|500
49|500|1|GLY|B|153|4|0|000|22.545305|-1.000000|-1.000000|0.000000|-1|-1|0|10|499|501
49|501|5|VAL|B|154|7|0|000|20.719696|-1.000000|-1.000000|0.000000|-1|-1|0|10|500|502
49|502|23|ASN|B|155|8|0|000|21.516739|-1.000000|-1.000000|0.000000|-1|-1|0|10|501|503
49|503|7|LEU|B|156|8|0|000|18.761398|-1.000000|-1.000000|0.000000|-1|-1|0|10|502|504
49|504|7|LEU|B|157|8|0|000|19.489519|-1.000000|-1.000000|0.000000|-1|-1|0|10|503|505
49|505|19|PRO|B|158|7|0|000|23.441282|-1.000000|-1.000000|0.000000|-1|-1|0|10|504|506
49|506|3|ALA|B|159|5|0|000|22.362614|-1.000000|-1.000000|0.000000|-1|-1|0|10|505|507
49|507|7|LEU|B|160|8|0|000|18.999216|-1.000000|-1.000000|0.000000|-1|-1|0|10|506|508
49|508|3|ALA|B|161|5|0|000|22.996693|-1.000000|-1.000000|0.000000|-1|-1|0|10|507|509
49|509|37|TYR|B|162|12|0|000|26.896637|-1.000000|-1.000000|0.000000|-1|-1|0|10|508|510
49|510|3|ALA|B|163|5|0|000|23.216921|-1.000000|-1.000000|0.000000|-1|-1|0|10|509|511
49|511|37|TYR|B|164|12|0|000|22.193932|-1.000000|-1.000000|0.000000|-1|-1|0|10|510|512
49|512|21|ASP|B|165|8|0|000|26.480206|-1.000000|-1.000000|0.000000|-1|-1|0|10|511|513
49|513|23|ASN|B|166|8|0|000|28.367165|-1.000000|-1.000000|0.000000|-1|-1|0|10|512|514
49|514|7|LEU|B|167|8|0|000|25.703447|-1.000000|-1.000000|0.000000|-1|-1|0|10|513|515
49|515|29|LYS|B|168|7|0|000|26.922256|-1.000000|-1.000000|0.000000|-1|-1|0|10|514|516
49|516|31|ARG|B|169|11|0|000|27.245916|-1.000000|-1.000000|0.000000|-1|-1|0|10|515|517
49|517|9|ILE|B|170|8|0|000|21.881109|-1.000000|-1.000000|0.000000|-1|-1|0|10|516|518
49|518|29|LYS|B|171|9|0|000|19.870169|-1.000000|-1.000000|0.000000|-1|-1|0|10|517|519
49|519|35|PHE|B|172|11|0|000|16.273775|-1.000000|-1.000000|0.000000|-1|-1|0|10|518|520
49|520|9|ILE|B|173|8|0|000|12.100631|-1.000000|-1.000000|0.000000|-1|-1|0|10|519|521
49|521|18|MSE|B|174|8|0|000|10.441767|-1.000000|-1.000000|0.000000|-1|-1|0|10|520|522
49|522|11|SER|B|175|6|0|000|5.432909|-1.000000|-1.000000|0.000000|-1|-1|0|10|521|523
49|523|1|GLY|B|176|4|0|000|3.905073|-1.000000|-1.000000|0.000000|-1|-1|0|10|522|524
49|524|11|SER|B|177|6|0|000|3.202344|-1.000000|-1.000000|0.000000|-1|-1|0|10|523|525
49|525|25|GLU|B|178|9|0|000|6.761404|-1.000000|-1.000000|0.000000|-1|-1|0|10|524|526
49|526|18|MSE|B|179|13|0|000|8.851634|-1.000000|-1.000000|0.000000|-1|-1|0|10|525|527
49|527|1|GLY|B|180|4|0|000|11.547464|-1.000000|-1.000000|0.000000|-1|-1|0|10|526|528
49|528|7|LEU|B|181|8|0|000|10.956182|-1.000000|-1.000000|0.000000|-1|-1|0|10|527|529
49|529|7|LEU|B|182|8|0|000|9.609216|-1.000000|-1.000000|0.000000|-1|-1|0|10|528|530
49|530|37|TYR|B|183|12|0|000|13.055867|-1.000000|-1.000000|0.000000|-1|-1|0|10|529|531
49|531|21|ASP|B|184|8|0|000|15.107397|-1.000000|-1.000000|0.000000|-1|-1|0|10|530|532
49|532|37|TYR|B|185|12|0|000|13.879039|-1.000000|-1.000000|0.000000|-1|-1|0|10|531|533
49|533|7|LEU|B|186|8|0|000|14.917100|-1.000000|-1.000000|0.000000|-1|-1|0|10|532|534
49|534|31|ARG|B|187|11|0|000|20.257729|-1.000000|-1.000000|0.000000|-1|-1|0|10|533|535
49|535|5|VAL|B|188|7|0|000|18.315493|-1.000000|-1.000000|0.000000|-1|-1|0|10|534|536
49|536|25|GLU|B|189|6|0|000|21.158100|-1.000000|-1.000000|0.000000|-1|-1|0|10|535|537
49|537|21|ASP|B|190|8|0|000|23.466589|-1.000000|-1.000000|0.000000|-1|-1|0|10|536|538
49|538|19|PRO|B|191|7|0|000|26.465521|-1.000000|-1.000000|0.000000|-1|-1|0|10|537|539
49|539|25|GLU|B|192|9|0|000|27.818718|-1.000000|-1.000000|0.000000|-1|-1|0|10|538|540
49|540|11|SER|B|193|6|0|000|23.319521|-1.000000|-1.000000|0.000000|-1|-1|0|10|539|541
49|541|19|PRO|B|194|7|0|000|23.196878|-1.000000|-1.000000|0.000000|-1|-1|0|10|540|542
49|542|7|LEU|B|195|8|0|000|20.211222|-1.000000|-1.000000|0.000000|-1|-1|0|10|541|543
49|543|35|PHE|B|196|11|0|000|24.397009|-1.000000|-1.000000|0.000000|-1|-1|0|10|542|544
49|544|1|GLY|B|197|4|0|000|23.803461|-1.000000|-1.000000|0.000000|-1|-1|0|10|543|545
49|545|31|ARG|B|198|11|0|000|23.150297|-1.000000|-1.000000|0.000000|-1|-1|0|10|544|546
49|546|3|ALA|B|199|5|0|000|20.455736|-1.000000|-1.000000|0.000000|-1|-1|0|10|545|547
49|547|35|PHE|B|200|11|0|000|16.570631|-1.000000|-1.000000|0.000000|-1|-1|0|10|546|548
49|548|11|SER|B|201|6|0|000|16.124416|-1.000000|-1.000000|0.000000|-1|-1|0|10|547|549
49|549|13|THR|B|202|7|0|000|14.091681|-1.000000|-1.000000|0.000000|-1|-1|0|10|548|550
49|550|5|VAL|B|203|7|0|000|11.998241|-1.000000|-1.000000|0.000000|-1|-1|0|10|549|551
49|551|25|GLU|B|204|9|0|000|11.725587|-1.000000|-1.000000|0.000000|-1|-1|0|10|550|552
49|552|7|LEU|B|205|8|0|000|9.703012|-1.000000|-1.000000|0.000000|-1|-1|0|10|551|553
49|553|29|LYS|B|206|9|0|000|12.885046|-1.000000|-1.000000|0.000000|-1|-1|0|10|552|554
49|554|19|PRO|B|207|7|0|000|13.299548|-1.000000|-1.000000|0.000000|-1|-1|0|10|553|555
49|555|35|PHE|B|208|11|0|000|15.896968|-1.000000|-1.000000|0.000000|-1|-1|0|10|554|556
49|556|11|SER|B|209|6|0|000|19.750834|-1.000000|-1.000000|0.000000|-1|-1|0|10|555|557
49|557|31|ARG|B|210|11|0|000|24.126318|-1.000000|-1.000000|0.000000|-1|-1|0|10|556|558
49|558|25|GLU|B|211|9|0|000|24.206913|-1.000000|-1.000000|0.000000|-1|-1|0|10|557|559
49|559|25|GLU|B|212|9|0|000|19.655779|-1.000000|-1.000000|0.000000|-1|-1|0|10|558|560
49|560|3|ALA|B|213|5|0|000|20.495226|-1.000000|-1.000000|0.000000|-1|-1|0|10|559|561
49|561|9|ILE|B|214|8|0|000|24.562277|-1.000000|-1.000000|0.000000|-1|-1|0|10|560|562
49|562|25|GLU|B|215|9|0|000|24.576265|-1.000000|-1.000000|0.000000|-1|-1|0|10|561|563
49|563|35|PHE|B|216|11|0|000|19.348251|-1.000000|-1.000000|0.000000|-1|-1|0|10|562|564
49|564|7|LEU|B|217|8|0|000|22.789692|-1.000000|-1.000000|0.000000|-1|-1|0|10|563|565
49|565|31|ARG|B|218|19|0|000|27.666302|-1.000000|-1.000000|0.000000|-1|-1|0|10|564|566
49|566|31|ARG|B|219|11|0|000|23.560305|-1.000000|-1.000000|0.000000|-1|-1|0|10|565|567
49|567|1|GLY|B|220|4|0|000|24.742592|-1.000000|-1.000000|0.000000|-1|-1|0|10|566|568
49|568|35|PHE|B|221|11|0|000|26.712725|-1.000000|-1.000000|0.000000|-1|-1|0|10|567|569
49|569|27|GLN|B|222|9|0|000|29.346996|-1.000000|-1.000000|0.000000|-1|-1|0|10|568|570
49|570|25|GLU|B|223|9|0|000|26.707285|-1.000000|-1.000000|0.000000|-1|-1|0|10|569|571
49|571|3|ALA|B|224|5|0|000|29.425402|-1.000000|-1.000000|0.000000|-1|-1|0|10|570|572
49|572|21|ASP|B|225|8|0|000|33.350632|-1.000000|-1.000000|0.000000|-1|-1|0|10|571|573
49|573|9|ILE|B|226|8|0|000|31.319450|-1.000000|-1.000000|0.000000|-1|-1|0|10|572|574
49|574|21|ASP|B|227|8|0|000|33.745686|-1.000000|-1.000000|0.000000|-1|-1|0|10|573|575
49|575|35|PHE|B|228|11|0|000|29.411016|-1.000000|-1.000000|0.000000|-1|-1|0|10|574|576
49|576|29|LYS|B|229|9|0|000|33.657429|-1.000000|-1.000000|0.000000|-1|-1|0|10|575|577
49|577|21|ASP|B|230|8|0|000|30.409920|-1.000000|-1.000000|0.000000|-1|-1|0|10|576|578
49|578|37|TYR|B|231|12|0|000|27.395132|-1.000000|-1.000000|0.000000|-1|-1|0|10|577|579
49|579|25|GLU|B|232|9|0|000|27.821989|-1.000000|-1.000000|0.000000|-1|-1|0|10|578|580
49|580|5|VAL|B|233|7|0|000|27.418457|-1.000000|-1.000000|0.000000|-1|-1|0|10|579|581
49|581|5|VAL|B|234|7|0|000|23.841112|-1.000000|-1.000000|0.000000|-1|-1|0|10|580|582
49|582|37|TYR|B|235|12|0|000|21.694290|-1.000000|-1.000000|0.000000|-1|-1|0|10|581|583
49|583|25|GLU|B|236|9|0|000|25.815481|-1.000000|-1.000000|0.000000|-1|-1|0|10|582|584
49|584|29|LYS|B|237|9|0|000|24.724098|-1.000000|-1.000000|0.000000|-1|-1|0|10|583|585
49|585|9|ILE|B|238|8|0|000|19.424128|-1.000000|-1.000000|0.000000|-1|-1|0|10|584|586
49|586|1|GLY|B|239|4|0|000|18.312574|-1.000000|-1.000000|0.000000|-1|-1|0|10|585|587
49|587|1|GLY|B|240|4|0|000|15.619953|-1.000000|-1.000000|0.000000|-1|-1|0|10|586|588
49|588|9|ILE|B|241|8|0|000|12.447630|-1.000000|-1.000000|0.000000|-1|-1|0|10|587|589
49|589|19|PRO|B|242|7|0|000|12.604775|-1.000000|-1.000000|0.000000|-1|-1|0|10|588|590
49|590|1|GLY|B|243|4|0|000|12.752749|-1.000000|-1.000000|0.000000|-1|-1|0|10|589|591
49|591|39|TRP|B|244|14|0|000|13.840977|-1.000000|-1.000000|0.000000|-1|-1|0|10|590|592
49|592|7|LEU|B|245|8|0|000|17.535454|-1.000000|-1.000000|0.000000|-1|-1|0|10|591|593
49|593|13|THR|B|246|7|0|000|16.434666|-1.000000|-1.000000|0.000000|-1|-1|0|10|592|594
49|594|37|TYR|B|247|12|0|000|18.486982|-1.000000|-1.000000|0.000000|-1|-1|0|10|593|595
49|595|35|PHE|B|248|11|0|000|22.287418|-1.000000|-1.000000|0.000000|-1|-1|0|10|594|596
49|596|1|GLY|B|249|4|0|000|22.138103|-1.000000|-1.000000|0.000000|-1|-1|0|10|595|597
49|597|35|PHE|B|250|11|0|000|21.537441|-1.000000|-1.000000|0.000000|-1|-1|0|10|596|598
49|598|9|ILE|B|251|8|0|000|23.795010|-1.000000|-1.000000|0.000000|-1|-1|0|10|597|599
49|599|37|TYR|B|252|12|0|000|27.736752|-1.000000|-1.000000|0.000000|-1|-1|0|10|598|600
49|600|7|LEU|B|253|8|0|000|26.769676|-1.000000|-1.000000|0.000000|-1|-1|0|10|599|601
49|601|21|ASP|B|254|8|0|000|28.612516|-1.000000|-1.000000|0.000000|-1|-1|0|10|600|602
49|602|23|ASN|B|255|8|0|000|30.004910|-1.000000|-1.000000|0.000000|-1|-1|0|10|601|603
49|603|29|LYS|B|256|9|0|000|31.451193|-1.000000|-1.000000|0.000000|-1|-1|0|10|602|604
49|604|23|ASN|B|257|8|0|000|31.599579|-1.000000|-1.000000|0.000000|-1|-1|0|10|603|605
49|605|7|LEU|B|258|8|0|000|29.215422|-1.000000|-1.000000|0.000000|-1|-1|0|10|604|606
49|606|21|ASP|B|259|8|0|000|30.109701|-1.000000|-1.000000|0.000000|-1|-1|0|10|605|607
49|607|35|PHE|B|260|11|0|000|28.494928|-1.000000|-1.000000|0.000000|-1|-1|0|10|606|608
49|608|3|ALA|B|261|5|0|000|25.353170|-1.000000|-1.000000|0.000000|-1|-1|0|10|607|609
49|609|9|ILE|B|262|8|0|000|24.709318|-1.000000|-1.000000|0.000000|-1|-1|0|10|608|610
49|610|23|ASN|B|263|8|0|000|25.919777|-1.000000|-1.000000|0.000000|-1|-1|0|10|609|611
49|611|27|GLN|B|264|9|0|000|23.467243|-1.000000|-1.000000|0.000000|-1|-1|0|10|610|612
49|612|13|THR|B|265|7|0|000|19.946388|-1.000000|-1.000000|0.000000|-1|-1|0|10|611|613
49|613|7|LEU|B|266|8|0|000|21.143515|-1.000000|-1.000000|0.000000|-1|-1|0|10|612|614
49|614|25|GLU|B|267|9|0|000|22.274473|-1.000000|-1.000000|0.000000|-1|-1|0|10|613|615
49|615|37|TYR|B|268|12|0|000|16.375881|-1.000000|-1.000000|0.000000|-1|-1|0|10|614|616
49|616|3|ALA|B|269|5|0|000|16.177073|-1.000000|-1.000000|0.000000|-1|-1|0|10|615|617
49|617|29|LYS|B|270|9|0|000|19.703739|-1.000000|-1.000000|0.000000|-1|-1|0|10|616|618
49|618|29|LYS|B|271|9|0|000|18.374800|-1.000000|-1.000000|0.000000|-1|-1|0|10|617|619
49|619|7|LEU|B|272|8|0|000|13.256692|-1.000000|-1.000000|0.000000|-1|-1|0|10|618|620
49|620|9|ILE|B|273|8|0|000|13.903481|-1.000000|-1.000000|0.000000|-1|-1|0|10|619|621
49|621|7|LEU|B|274|8|0|000|17.373749|-1.000000|-1.000000|0.000000|-1|-1|0|10|620|622
49|622|29|LYS|B|275|9|0|000|15.145907|-1.000000|-1.000000|0.000000|-1|-1|0|10|621|623
49|623|25|GLU|B|276|9|0|000|10.818105|-1.000000|-1.000000|0.000000|-1|-1|0|10|622|624
49|624|35|PHE|B|277|11|0|000|15.822119|-1.000000|-1.000000|0.000000|-1|-1|0|10|623|625
49|625|25|GLU|B|278|9|0|000|17.644886|-1.000000|-1.000000|0.000000|-1|-1|0|10|624|626
49|626|23|ASN|B|279|8|0|000|13.248623|-1.000000|-1.000000|0.000000|-1|-1|0|10|625|627
49|627|35|PHE|B|280|11|0|000|14.494176|-1.000000|-1.000000|0.000000|-1|-1|0|10|626|628
49|628|7|LEU|B|281|8|0|000|18.169308|-1.000000|-1.000000|0.000000|-1|-1|0|10|627|629
49|629|33|HIS|B|282|10|0|000|17.789675|-1.000000|-1.000000|0.000000|-1|-1|0|10|628|630
49|630|1|GLY|B|283|4|0|000|20.065683|-1.000000|-1.000000|0.000000|-1|-1|0|10|629|631
49|631|31|ARG|B|284|11|0|000|18.599768|-1.000000|-1.000000|0.000000|-1|-1|0|10|630|632
49|632|25|GLU|B|285|15|0|000|23.860458|-1.000000|-1.000000|0.000000|-1|-1|0|10|631|633
49|633|9|ILE|B|286|8|0|000|26.688023|-1.000000|-1.000000|0.000000|-1|-1|0|10|632|634
49|634|3|ALA|B|287|5|0|000|23.795668|-1.000000|-1.000000|0.000000|-1|-1|0|10|633|635
49|635|31|ARG|B|288|11|0|000|22.868114|-1.000000|-1.000000|0.000000|-1|-1|0|10|634|636
49|636|29|LYS|B|289|9|0|000|27.239891|-1.000000|-1.000000|0.000000|-1|-1|0|10|635|637
49|637|31|ARG|B|290|11|0|000|26.730028|-1.000000|-1.000000|0.000000|-1|-1|0|10|636|638
49|638|37|TYR|B|291|12|0|000|20.192059|-1.000000|-1.000000|0.000000|-1|-1|0|10|637|639
49|639|7|LEU|B|292|8|0|000|22.339487|-1.000000|-1.000000|0.000000|-1|-1|0|10|638|640
49|640|23|ASN|B|293|8|0|000|25.809362|-1.000000|-1.000000|0.000000|-1|-1|0|10|639|641
49|641|9|ILE|B|294|8|0|000|22.523029|-1.000000|-1.000000|0.000000|-1|-1|0|10|640|642
49|642|18|MSE|B|295|8|0|000|19.567430|-1.000000|-1.000000|0.000000|-1|-1|0|10|641|643
49|643|31|ARG|B|296|11|0|000|24.391470|-1.000000|-1.000000|0.000000|-1|-1|0|10|642|644
49|644|13|THR|B|297|7|0|000|25.502594|-1.000000|-1.000000|0.000000|-1|-1|0|10|643|645
49|645|7|LEU|B|298|8|0|000|22.058409|-1.000000|-1.000000|0.000000|-1|-1|0|10|644|646
49|646|11|SER|B|299|6|0|000|22.689121|-1.000000|-1.000000|0.000000|-1|-1|0|10|645|647
49|647|29|LYS|B|300|9|0|000|26.633507|-1.000000|-1.000000|0.000000|-1|-1|0|10|646|648
49|648|15|CYS|B|301|6|0|000|23.932827|-1.000000|-1.000000|0.000000|-1|-1|0|10|647|649
49|649|1|GLY|B|302|4|0|000|25.204050|-1.000000|-1.000000|0.000000|-1|-1|0|10|648|650
49|650|29|LYS|B|303|7|0|000|27.817991|-1.000000|-1.000000|0.000000|-1|-1|0|10|649|651
49|651|39|TRP|B|304|14|0|000|27.987902|-1.000000|-1.000000|0.000000|-1|-1|0|10|650|652
49|652|11|SER|B|305|6|0|000|30.923206|-1.000000|-1.000000|0.000000|-1|-1|0|10|651|653
49|653|21|ASP|B|306|8|0|000|29.363892|-1.000000|-1.000000|0.000000|-1|-1|0|10|652|654
49|654|5|VAL|B|307|7|0|000|26.664341|-1.000000|-1.000000|0.000000|-1|-1|0|10|653|655
49|655|29|LYS|B|308|9|0|000|31.289932|-1.000000|-1.000000|0.000000|-1|-1|0|10|654|656
49|656|31|ARG|B|309|11|0|000|33.311050|-1.000000|-1.000000|0.000000|-1|-1|0|10|655|657
49|657|3|ALA|B|310|5|0|000|30.330717|-1.000000|-1.000000|0.000000|-1|-1|0|10|656|658
49|658|7|LEU|B|311|8|0|000|28.971542|-1.000000|-1.000000|0.000000|-1|-1|0|10|657|659
49|659|25|GLU|B|312|9|0|000|33.829472|-1.000000|-1.000000|0.000000|-1|-1|0|10|658|660
49|660|7|LEU|B|313|8|0|000|34.869030|-1.000000|-1.000000|0.000000|-1|-1|0|10|659|661
49|661|25|GLU|B|314|9|0|000|31.626726|-1.000000|-1.000000|0.000000|-1|-1|0|10|660|662
49|662|25|GLU|B|315|9|0|000|33.075466|-1.000000|-1.000000|0.000000|-1|-1|0|10|661|663
49|663|1|GLY|B|316|4|0|000|37.406200|-1.000000|-1.000000|0.000000|-1|-1|0|10|662|664
49|664|9|ILE|B|317|8|0|000|36.119789|-1.000000|-1.000000|0.000000|-1|-1|0|10|663|665
49|665|25|GLU|B|318|6|0|000|36.054985|-1.000000|-1.000000|0.000000|-1|-1|0|10|664|666
49|666|9|ILE|B|319|8|0|000|31.937233|-1.000000|-1.000000|0.000000|-1|-1|0|10|665|667
49|667|11|SER|B|320|6|0|000|31.313353|-1.000000|-1.000000|0.000000|-1|-1|0|10|666|668
49|668|21|ASP|B|321|8|0|000|30.886627|-1.000000|-1.000000|0.000000|-1|-1|0|10|667|669
49|669|11|SER|B|322|6|0|000|28.571171|-1.000000|-1.000000|0.000000|-1|-1|0|10|668|670
49|670|25|GLU|B|323|9|0|000|28.149065|-1.000000|-1.000000|0.000000|-1|-1|0|10|669|671
49|671|9|ILE|B|324|8|0|000|26.405476|-1.000000|-1.000000|0.000000|-1|-1|0|10|670|672
49|672|37|TYR|B|325|12|0|000|24.126568|-1.000000|-1.000000|0.000000|-1|-1|0|10|671|673
49|673|23|ASN|B|326|8|0|000|22.153225|-1.000000|-1.000000|0.000000|-1|-1|0|10|672|674
49|674|37|TYR|B|327|12|0|000|22.826860|-1.000000|-1.000000|0.000000|-1|-1|0|10|673|675
49|675|7|LEU|B|328|8|0|000|20.740017|-1.000000|-1.000000|0.000000|-1|-1|0|10|674|676
49|676|13|THR|B|329|7|0|000|18.582272|-1.000000|-1.000000|0.000000|-1|-1|0|10|675|677
49|677|27|GLN|B|330|9|0|000|16.629635|-1.000000|-1.000000|0.000000|-1|-1|0|10|676|678
49|678|7|LEU|B|331|8|0|000|15.879638|-1.000000|-1.000000|0.000000|-1|-1|0|10|677|679
49|679|13|THR|B|332|7|0|000|14.870695|-1.000000|-1.000000|0.000000|-1|-1|0|10|678|680
49|680|29|LYS|B|333|9|0|000|13.752027|-1.000000|-1.000000|0.000000|-1|-1|0|10|679|681
49|681|33|HIS|B|334|10|0|000|10.985899|-1.000000|-1.000000|0.000000|-1|-1|0|10|680|682
49|682|11|SER|B|335|6|0|000|9.719159|-1.000000|-1.000000|0.000000|-1|-1|0|10|681|683
49|683|39|TRP|B|336|14|0|000|12.316199|-1.000000|-1.000000|0.000000|-1|-1|0|10|682|684
49|684|9|ILE|B|337|8|0|000|15.827259|-1.000000|-1.000000|0.000000|-1|-1|0|10|683|685
49|685|9|ILE|B|338|8|0|000|16.081017|-1.000000|-1.000000|0.000000|-1|-1|0|10|684|686
49|686|29|LYS|B|339|9|0|000|21.201708|-1.000000|-1.000000|0.000000|-1|-1|0|10|685|687
49|687|25|GLU|B|340|5|0|000|22.551392|-1.000000|-1.000000|0.000000|-1|-1|0|10|686|688
49|688|1|GLY|B|341|4|0|000|24.850431|-1.000000|-1.000000|0.000000|-1|-1|0|10|687|689
49|689|25|GLU|B|342|9|0|000|28.224581|-1.000000|-1.000000|0.000000|-1|-1|0|10|688|690
49|690|29|LYS|B|343|9|0|000|25.131474|-1.000000|-1.000000|0.000000|-1|-1|0|10|689|691
49|691|37|TYR|B|344|12|0|000|21.856916|-1.000000|-1.000000|0.000000|-1|-1|0|10|690|692
49|692|15|CYS|B|345|6|0|000|19.243776|-1.000000|-1.000000|0.000000|-1|-1|0|10|691|693
49|693|19|PRO|B|346|7|0|000|17.405687|-1.000000|-1.000000|0.000000|-1|-1|0|10|692|694
49|694|11|SER|B|347|9|0|000|13.098052|-1.000000|-1.000000|0.000000|-1|-1|0|10|693|695
49|695|25|GLU|B|348|9|0|000|13.952111|-1.000000|-1.000000|0.000000|-1|-1|0|10|694|696
49|696|19|PRO|B|349|7|0|000|17.516096|-1.000000|-1.000000|0.000000|-1|-1|0|10|695|697
49|697|7|LEU|B|350|8|0|000|16.986042|-1.000000|-1.000000|0.000000|-1|-1|0|10|696|698
49|698|9|ILE|B|351|8|0|000|15.331766|-1.000000|-1.000000|0.000000|-1|-1|0|10|697|699
49|699|11|SER|B|352|6|0|000|19.683441|-1.000000|-1.000000|0.000000|-1|-1|0|10|698|700
49|700|7|LEU|B|353|8|0|000|21.184620|-1.000000|-1.000000|0.000000|-1|-1|0|10|699|701
49|701|3|ALA|B|354|5|0|000|19.626064|-1.000000|-1.000000|0.000000|-1|-1|0|10|700|702
49|702|35|PHE|B|355|11|0|000|19.882898|-1.000000|-1.000000|0.000000|-1|-1|0|10|701|703
49|703|11|SER|B|356|7|0|000|24.701700|-1.000000|-1.000000|0.000000|-1|-1|0|10|702|-1
49|704|45|_MG|A|400|1|1|000|4.268470|-1.000000|-1.000000|0.000000|-1|-1|0|2|-1|-1
49|705|51|ADP|A|500|27|0|000|10.584620|-1.000000|-1.000000|0.000000|-1|-1|0|3|-1|-1
49|706|49|EDO|A|501|4|0|000|20.593496|-1.000000|-1.000000|0.000000|-1|-1|0|4|-1|-1
49|707|49|EDO|A|502|4|0|000|17.730759|-1.000000|-1.000000|0.000000|-1|-1|0|5|-1|-1
49|708|49|EDO|A|503|4|0|000|12.483251|-1.000000|-1.000000|0.000000|-1|-1|0|6|-1|-1
49|709|49|EDO|A|504|4|0|000|14.907650|-1.000000|-1.000000|0.000000|-1|-1|0|7|-1|-1
49|710|49|EDO|A|505|4|0|000|23.290777|-1.000000|-1.000000|0.000000|-1|-1|0|8|-1|-1
49|711|49|EDO|A|506|4|0|000|23.101418|-1.000000|-1.000000|0.000000|-1|-1|0|9|-1|-1
49|712|45|_MG|B|400|1|1|000|4.529737|-1.000000|-1.000000|0.000000|-1|-1|0|12|-1|-1
49|713|51|ADP|B|500|27|0|000|10.584521|-1.000000|-1.000000|0.000000|-1|-1|0|13|-1|-1
49|714|49|EDO|B|501|4|0|000|24.671520|-1.000000|-1.000000|0.000000|-1|-1|0|14|-1|-1
49|715|43|HOH|A|507|1|0|000|9.856122|-1.000000|-1.000000|0.000000|-1|-1|0|1|-1|-1
49|716|43|HOH|A|508|1|0|000|6.899905|-1.000000|-1.000000|0.000000|-1|-1|0|1|-1|-1
49|717|43|HOH|A|509|1|0|000|9.301207|-1.000000|-1.000000|0.000000|-1|-1|0|1|-1|-1
49|718|43|HOH|A|510|1|0|000|25.834581|-1.000000|-1.000000|0.000000|-1|-1|0|1|-1|-1
49|719|43|HOH|A|511|1|0|000|15.755617|-1.000000|-1.000000|0.000000|-1|-1|0|1|-1|-1
49|720|43|HOH|A|512|1|0|000|18.886532|-1.000000|-1.000000|0.000000|-1|-1|0|1|-1|-1
49|721|43|HOH|A|513|1|0|000|18.245991|-1.000000|-1.000000|0.000000|-1|-1|0|1|-1|-1
49|722|43|HOH|A|514|1|0|000|16.537655|-1.000000|-1.000000|0.000000|-1|-1|0|1|-1|-1
49|723|43|HOH|A|515|1|0|000|6.714950|-1.000000|-1.000000|0.000000|-1|-1|0|1|-1|-1
49|724|43|HOH|A|516|1|0|000|7.622683|-1.000000|-1.000000|0.000000|-1|-1|0|1|-1|-1
49|725|43|HOH|A|517|1|0|000|16.423502|-1.000000|-1.000000|0.000000|-1|-1|0|1|-1|-1
49|726|43|HOH|A|518|1|0|000|20.658129|-1.000000|-1.000000|0.000000|-1|-1|0|1|-1|-1
49|727|43|HOH|A|519|1|0|000|7.084471|-1.000000|-1.000000|0.000000|-1|-1|0|1|-1|-1
49|728|43|HOH|A|520|1|0|000|21.800669|-1.000000|-1.000000|0.000000|-1|-1|0|1|-1|-1
49|729|43|HOH|A|521|1|0|000|16.730570|-1.000000|-1.000000|0.000000|-1|-1|0|1|-1|-1
49|730|43|HOH|A|522|1|0|000|35.053223|-1.000000|-1.000000|0.000000|-1|-1|0|1|-1|-1
49|731|43|HOH|A|523|1|0|000|22.666960|-1.000000|-1.000000|0.000000|-1|-1|0|1|-1|-1
49|732|43|HOH|A|524|1|0|000|16.709135|-1.000000|-1.000000|0.000000|-1|-1|0|1|-1|-1
49|733|43|HOH|A|525|1|0|000|16.708635|-1.000000|-1.000000|0.000000|-1|-1|0|1|-1|-1
49|734|43|HOH|A|526|1|0|000|23.972065|-1.000000|-1.000000|0.000000|-1|-1|0|1|-1|-1
49|735|43|HOH|A|527|1|0|000|14.853972|-1.000000|-1.000000|0.000000|-1|-1|0|1|-1|-1
49|736|43|HOH|A|528|1|0|000|23.663767|-1.000000|-1.000000|0.000000|-1|-1|0|1|-1|-1
49|737|43|HOH|A|529|1|0|000|17.664623|-1.000000|-1.000000|0.000000|-1|-1|0|1|-1|-1
49|738|43|HOH|A|530|1|0|000|25.743244|-1.000000|-1.000000|0.000000|-1|-1|0|1|-1|-1
49|739|43|HOH|A|531|1|0|000|22.253700|-1.000000|-1.000000|0.000000|-1|-1|0|1|-1|-1
49|740|43|HOH|A|532|1|0|000|20.175577|-1.000000|-1.000000|0.000000|-1|-1|0|1|-1|-1
49|741|43|HOH|A|533|1|0|000|19.259405|-1.000000|-1.000000|0.000000|-1|-1|0|1|-1|-1
49|742|43|HOH|A|534|1|0|000|19.170437|-1.000000|-1.000000|0.000000|-1|-1|0|1|-1|-1
49|743|43|HOH|A|535|1|0|000|26.446735|-1.000000|-1.000000|0.000000|-1|-1|0|1|-1|-1
49|744|43|HOH|A|536|1|0|000|24.887426|-1.000000|-1.000000|0.000000|-1|-1|0|1|-1|-1
49|745|43|HOH|A|537|1|0|000|21.634138|-1.000000|-1.000000|0.000000|-1|-1|0|1|-1|-1
49|746|43|HOH|A|538|1|0|000|19.191618|-1.000000|-1.000000|0.000000|-1|-1|0|1|-1|-1
49|747|43|HOH|A|539|1|0|000|24.575346|-1.000000|-1.000000|0.000000|-1|-1|0|1|-1|-1
49|748|43|HOH|A|540|1|0|000|22.609377|-1.000000|-1.000000|0.000000|-1|-1|0|1|-1|-1
49|749|43|HOH|A|541|1|0|000|26.823336|-1.000000|-1.000000|0.000000|-1|-1|0|1|-1|-1
49|750|43|HOH|A|542|1|0|000|9.389075|-1.000000|-1.000000|0.000000|-1|-1|0|1|-1|-1
49|751|43|HOH|A|543|1|0|000|27.425859|-1.000000|-1.000000|0.000000|-1|-1|0|1|-1|-1
49|752|43|HOH|A|544|1|0|000|33.167427|-1.000000|-1.000000|0.000000|-1|-1|0|1|-1|-1
49|753|43|HOH|A|545|1|0|000|23.593155|-1.000000|-1.000000|0.000000|-1|-1|0|1|-1|-1
49|754|43|HOH|A|546|1|0|000|32.483147|-1.000000|-1.000000|0.000000|-1|-1|0|1|-1|-1
49|755|43|HOH|A|547|1|0|000|12.362319|-1.000000|-1.000000|0.000000|-1|-1|0|1|-1|-1
49|756|43|HOH|A|548|1|0|000|16.933537|-1.000000|-1.000000|0.000000|-1|-1|0|1|-1|-1
49|757|43|HOH|A|549|1|0|000|20.524801|-1.000000|-1.000000|0.000000|-1|-1|0|1|-1|-1
49|758|43|HOH|A|550|1|0|000|18.610876|-1.000000|-1.000000|0.000000|-1|-1|0|1|-1|-1
49|759|43|HOH|A|551|1|0|000|16.198174|-1.000000|-1.000000|0.000000|-1|-1|0|1|-1|-1
49|760|43|HOH|A|552|1|0|000|9.391832|-1.000000|-1.000000|0.000000|-1|-1|0|1|-1|-1
49|761|43|HOH|A|553|1|0|000|15.751816|-1.000000|-1.000000|0.000000|-1|-1|0|1|-1|-1
49|762|43|HOH|A|554|1|0|000|19.988634|-1.000000|-1.000000|0.000000|-1|-1|0|1|-1|-1
49|763|43|HOH|A|555|1|0|000|25.603043|-1.000000|-1.000000|0.000000|-1|-1|0|1|-1|-1
49|764|43|HOH|A|556|1|0|000|23.954466|-1.000000|-1.000000|0.000000|-1|-1|0|1|-1|-1
49|765|43|HOH|A|557|1|0|000|26.192852|-1.000000|-1.000000|0.000000|-1|-1|0|1|-1|-1
49|766|43|HOH|A|558|1|0|000|27.683561|-1.000000|-1.000000|0.000000|-1|-1|0|1|-1|-1
49|767|43|HOH|A|559|1|0|000|21.392557|-1.000000|-1.000000|0.000000|-1|-1|0|1|-1|-1
49|768|43|HOH|A|560|1|0|000|14.230204|-1.000000|-1.000000|0.000000|-1|-1|0|1|-1|-1
49|769|43|HOH|A|561|1|0|000|20.676888|-1.000000|-1.000000|0.000000|-1|-1|0|1|-1|-1
49|770|43|HOH|A|562|1|0|000|14.699000|-1.000000|-1.000000|0.000000|-1|-1|0|1|-1|-1
49|771|43|HOH|A|563|1|0|000|17.544207|-1.000000|-1.000000|0.000000|-1|-1|0|1|-1|-1
49|772|43|HOH|A|564|1|0|000|18.593063|-1.000000|-1.000000|0.000000|-1|-1|0|1|-1|-1
49|773|43|HOH|A|565|1|0|000|5.806734|-1.000000|-1.000000|0.000000|-1|-1|0|1|-1|-1
49|774|43|HOH|A|566|1|0|000|21.006460|-1.000000|-1.000000|0.000000|-1|-1|0|1|-1|-1
49|775|43|HOH|A|567|1|0|000|28.649860|-1.000000|-1.000000|0.000000|-1|-1|0|1|-1|-1
49|776|43|HOH|A|568|1|0|000|27.455704|-1.000000|-1.000000|0.000000|-1|-1|0|1|-1|-1
49|777|43|HOH|A|569|1|0|000|22.237257|-1.000000|-1.000000|0.000000|-1|-1|0|1|-1|-1
49|778|43|HOH|A|570|1|0|000|31.146776|-1.000000|-1.000000|0.000000|-1|-1|0|1|-1|-1
49|779|43|HOH|A|571|1|0|000|22.534996|-1.000000|-1.000000|0.000000|-1|-1|0|1|-1|-1
49|780|43|HOH|A|572|1|0|000|27.095678|-1.000000|-1.000000|0.000000|-1|-1|0|1|-1|-1
49|781|43|HOH|A|573|1|0|000|25.916214|-1.000000|-1.000000|0.000000|-1|-1|0|1|-1|-1
49|782|43|HOH|A|574|1|0|000|8.860970|-1.000000|-1.000000|0.000000|-1|-1|0|1|-1|-1
49|783|43|HOH|A|575|1|0|000|14.003385|-1.000000|-1.000000|0.000000|-1|-1|0|1|-1|-1
49|784|43|HOH|A|576|1|0|000|27.476149|-1.000000|-1.000000|0.000000|-1|-1|0|1|-1|-1
49|785|43|HOH|A|577|1|0|000|32.041916|-1.000000|-1.000000|0.000000|-1|-1|0|1|-1|-1
49|786|43|HOH|A|578|1|0|000|31.847496|-1.000000|-1.000000|0.000000|-1|-1|0|1|-1|-1
49|787|43|HOH|A|579|1|0|000|19.157082|-1.000000|-1.000000|0.000000|-1|-1|0|1|-1|-1
49|788|43|HOH|A|580|1|0|000|13.533559|-1.000000|-1.000000|0.000000|-1|-1|0|1|-1|-1
49|789|43|HOH|A|581|1|0|000|21.790806|-1.000000|-1.000000|0.000000|-1|-1|0|1|-1|-1
49|790|43|HOH|A|582|1|0|000|19.095461|-1.000000|-1.000000|0.000000|-1|-1|0|1|-1|-1
49|791|43|HOH|A|583|1|0|000|32.981701|-1.000000|-1.000000|0.000000|-1|-1|0|1|-1|-1
49|792|43|HOH|A|584|1|0|000|19.319973|-1.000000|-1.000000|0.000000|-1|-1|0|1|-1|-1
49|793|43|HOH|A|585|1|0|000|10.452506|-1.000000|-1.000000|0.000000|-1|-1|0|1|-1|-1
49|794|43|HOH|A|586|1|0|000|30.856741|-1.000000|-1.000000|0.000000|-1|-1|0|1|-1|-1
49|795|43|HOH|A|587|1|0|000|22.749115|-1.000000|-1.000000|0.000000|-1|-1|0|1|-1|-1
49|796|43|HOH|A|588|1|0|000|25.381958|-1.000000|-1.000000|0.000000|-1|-1|0|1|-1|-1
49|797|43|HOH|A|589|1|0|000|9.000641|-1.000000|-1.000000|0.000000|-1|-1|0|1|-1|-1
49|798|43|HOH|A|590|1|0|000|24.909908|-1.000000|-1.000000|0.000000|-1|-1|0|1|-1|-1
49|799|43|HOH|A|591|1|0|000|21.226572|-1.000000|-1.000000|0.000000|-1|-1|0|1|-1|-1
49|800|43|HOH|A|592|1|0|000|30.774706|-1.000000|-1.000000|0.000000|-1|-1|0|1|-1|-1
49|801|43|HOH|A|593|1|0|000|9.432157|-1.000000|-1.000000|0.000000|-1|-1|0|1|-1|-1
49|802|43|HOH|A|594|1|0|000|17.269304|-1.000000|-1.000000|0.000000|-1|-1|0|1|-1|-1
49|803|43|HOH|A|595|1|0|000|22.777864|-1.000000|-1.000000|0.000000|-1|-1|0|1|-1|-1
49|804|43|HOH|A|596|1|0|000|19.713869|-1.000000|-1.000000|0.000000|-1|-1|0|1|-1|-1
49|805|43|HOH|A|597|1|0|000|22.940252|-1.000000|-1.000000|0.000000|-1|-1|0|1|-1|-1
49|806|43|HOH|A|598|1|0|000|16.163895|-1.000000|-1.000000|0.000000|-1|-1|0|1|-1|-1
49|807|43|HOH|A|599|1|0|000|13.391665|-1.000000|-1.000000|0.000000|-1|-1|0|1|-1|-1
49|808|43|HOH|A|600|1|0|000|19.498312|-1.000000|-1.000000|0.000000|-1|-1|0|1|-1|-1
49|809|43|HOH|A|601|1|0|000|15.519263|-1.000000|-1.000000|0.000000|-1|-1|0|1|-1|-1
49|810|43|HOH|A|602|1|0|000|18.021839|-1.000000|-1.000000|0.000000|-1|-1|0|1|-1|-1
49|811|43|HOH|A|603|1|0|000|18.326323|-1.000000|-1.000000|0.000000|-1|-1|0|1|-1|-1
49|812|43|HOH|A|604|1|0|000|30.188272|-1.000000|-1.000000|0.000000|-1|-1|0|1|-1|-1
49|813|43|HOH|A|605|1|0|000|15.881122|-1.000000|-1.000000|0.000000|-1|-1|0|1|-1|-1
49|814|43|HOH|A|606|1|0|000|17.365097|-1.000000|-1.000000|0.000000|-1|-1|0|1|-1|-1
49|815|43|HOH|A|607|1|0|000|19.141541|-1.000000|-1.000000|0.000000|-1|-1|0|1|-1|-1
49|816|43|HOH|A|608|1|0|000|20.228556|-1.000000|-1.000000|0.000000|-1|-1|0|1|-1|-1
49|817|43|HOH|A|609|1|0|000|29.031086|-1.000000|-1.000000|0.000000|-1|-1|0|1|-1|-1
49|818|43|HOH|A|610|1|0|000|30.816599|-1.000000|-1.000000|0.000000|-1|-1|0|1|-1|-1
49|819|43|HOH|A|611|1|0|000|13.426724|-1.000000|-1.000000|0.000000|-1|-1|0|1|-1|-1
49|820|43|HOH|A|612|1|0|000|26.866640|-1.000000|-1.000000|0.000000|-1|-1|0|1|-1|-1
49|821|43|HOH|A|613|1|0|000|22.228432|-1.000000|-1.000000|0.000000|-1|-1|0|1|-1|-1
49|822|43|HOH|A|614|1|0|000|8.572770|-1.000000|-1.000000|0.000000|-1|-1|0|1|-1|-1
49|823|43|HOH|A|615|1|0|000|27.359838|-1.000000|-1.000000|0.000000|-1|-1|0|1|-1|-1
49|824|43|HOH|A|616|1|0|000|11.997606|-1.000000|-1.000000|0.000000|-1|-1|0|1|-1|-1
49|825|43|HOH|A|617|1|0|000|13.979678|-1.000000|-1.000000|0.000000|-1|-1|0|1|-1|-1
49|826|43|HOH|A|618|1|0|000|30.891718|-1.000000|-1.000000|0.000000|-1|-1|0|1|-1|-1
49|827|43|HOH|A|619|1|0|000|25.575907|-1.000000|-1.000000|0.000000|-1|-1|0|1|-1|-1
49|828|43|HOH|A|620|1|0|000|17.206486|-1.000000|-1.000000|0.000000|-1|-1|0|1|-1|-1
49|829|43|HOH|A|621|1|0|000|18.893478|-1.000000|-1.000000|0.000000|-1|-1|0|1|-1|-1
49|830|43|HOH|A|622|1|0|000|23.295000|-1.000000|-1.000000|0.000000|-1|-1|0|1|-1|-1
49|831|43|HOH|A|623|1|0|000|20.007935|-1.000000|-1.000000|0.000000|-1|-1|0|1|-1|-1
49|832|43|HOH|A|624|1|0|000|14.390528|-1.000000|-1.000000|0.000000|-1|-1|0|1|-1|-1
49|833|43|HOH|A|625|1|0|000|11.044603|-1.000000|-1.000000|0.000000|-1|-1|0|1|-1|-1
49|834|43|HOH|A|626|1|0|000|19.128103|-1.000000|-1.000000|0.000000|-1|-1|0|1|-1|-1
49|835|43|HOH|A|627|1|0|000|14.929912|-1.000000|-1.000000|0.000000|-1|-1|0|1|-1|-1
49|836|43|HOH|A|628|1|0|000|21.005051|-1.000000|-1.000000|0.000000|-1|-1|0|1|-1|-1
49|837|43|HOH|A|629|1|0|000|16.744308|-1.000000|-1.000000|0.000000|-1|-1|0|1|-1|-1
49|838|43|HOH|A|630|1|0|000|37.744839|-1.000000|-1.000000|0.000000|-1|-1|0|1|-1|-1
49|839|43|HOH|A|631|1|0|000|27.190676|-1.000000|-1.000000|0.000000|-1|-1|0|1|-1|-1
49|840|43|HOH|A|632|1|0|000|33.059986|-1.000000|-1.000000|0.000000|-1|-1|0|1|-1|-1
49|841|43|HOH|A|633|1|0|000|22.149338|-1.000000|-1.000000|0.000000|-1|-1|0|1|-1|-1
49|842|43|HOH|A|634|1|0|000|22.544413|-1.000000|-1.000000|0.000000|-1|-1|0|1|-1|-1
49|843|43|HOH|A|635|1|0|000|21.400221|-1.000000|-1.000000|0.000000|-1|-1|0|1|-1|-1
49|844|43|HOH|A|636|1|0|000|11.040138|-1.000000|-1.000000|0.000000|-1|-1|0|1|-1|-1
49|845|43|HOH|A|637|1|0|000|2.886180|-1.000000|-1.000000|0.000000|-1|-1|0|1|-1|-1
49|846|43|HOH|A|638|1|0|000|17.155443|-1.000000|-1.000000|0.000000|-1|-1|0|1|-1|-1
49|847|43|HOH|A|639|1|0|000|17.620979|-1.000000|-1.000000|0.000000|-1|-1|0|1|-1|-1
49|848|43|HOH|A|640|1|0|000|17.695740|-1.000000|-1.000000|0.000000|-1|-1|0|1|-1|-1
49|849|43|HOH|A|641|1|0|000|18.082666|-1.000000|-1.000000|0.000000|-1|-1|0|1|-1|-1
49|850|43|HOH|A|642|1|0|000|21.819765|-1.000000|-1.000000|0.000000|-1|-1|0|1|-1|-1
49|851|43|HOH|A|643|1|0|000|3.738487|-1.000000|-1.000000|0.000000|-1|-1|0|1|-1|-1
49|852|43|HOH|A|644|1|0|000|24.754177|-1.000000|-1.000000|0.000000|-1|-1|0|1|-1|-1
49|853|43|HOH|A|645|1|0|000|5.960485|-1.000000|-1.000000|0.000000|-1|-1|0|1|-1|-1
49|854|43|HOH|A|646|1|0|000|27.491804|-1.000000|-1.000000|0.000000|-1|-1|0|1|-1|-1
49|855|43|HOH|A|647|1|0|000|20.530058|-1.000000|-1.000000|0.000000|-1|-1|0|1|-1|-1
49|856|43|HOH|A|648|1|0|000|26.308704|-1.000000|-1.000000|0.000000|-1|-1|0|1|-1|-1
49|857|43|HOH|A|649|1|0|000|18.452946|-1.000000|-1.000000|0.000000|-1|-1|0|1|-1|-1
49|858|43|HOH|A|650|1|0|000|12.333839|-1.000000|-1.000000|0.000000|-1|-1|0|1|-1|-1
49|859|43|HOH|A|651|1|0|000|13.741858|-1.000000|-1.000000|0.000000|-1|-1|0|1|-1|-1
49|860|43|HOH|A|652|1|0|000|23.467888|-1.000000|-1.000000|0.000000|-1|-1|0|1|-1|-1
49|861|43|HOH|A|653|1|0|000|21.473988|-1.000000|-1.000000|0.000000|-1|-1|0|1|-1|-1
49|862|43|HOH|A|654|1|0|000|16.367222|-1.000000|-1.000000|0.000000|-1|-1|0|1|-1|-1
49|863|43|HOH|A|655|1|0|000|16.722544|-1.000000|-1.000000|0.000000|-1|-1|0|1|-1|-1
49|864|43|HOH|A|656|1|0|000|16.406008|-1.000000|-1.000000|0.000000|-1|-1|0|1|-1|-1
49|865|43|HOH|A|657|1|0|000|27.960966|-1.000000|-1.000000|0.000000|-1|-1|0|1|-1|-1
49|866|43|HOH|A|658|1|0|000|18.953541|-1.000000|-1.000000|0.000000|-1|-1|0|1|-1|-1
49|867|43|HOH|A|659|1|0|000|22.447315|-1.000000|-1.000000|0.000000|-1|-1|0|1|-1|-1
49|868|43|HOH|A|660|1|0|000|31.079180|-1.000000|-1.000000|0.000000|-1|-1|0|1|-1|-1
49|869|43|HOH|A|661|1|0|000|16.543104|-1.000000|-1.000000|0.000000|-1|-1|0|1|-1|-1
49|870|43|HOH|A|662|1|0|000|23.917021|-1.000000|-1.000000|0.000000|-1|-1|0|1|-1|-1
49|871|43|HOH|A|663|1|0|000|13.569774|-1.000000|-1.000000|0.000000|-1|-1|0|1|-1|-1
49|872|43|HOH|A|664|1|0|000|26.516096|-1.000000|-1.000000|0.000000|-1|-1|0|1|-1|-1
49|873|43|HOH|A|665|1|0|000|21.613823|-1.000000|-1.000000|0.000000|-1|-1|0|1|-1|-1
49|874|43|HOH|A|666|1|0|000|18.222000|-1.000000|-1.000000|0.000000|-1|-1|0|1|-1|-1
49|875|43|HOH|A|667|1|0|000|20.389158|-1.000000|-1.000000|0.000000|-1|-1|0|1|-1|-1
49|876|43|HOH|A|668|1|0|000|3.680277|-1.000000|-1.000000|0.000000|-1|-1|0|1|-1|-1
49|877|43|HOH|A|669|1|0|000|4.866976|-1.000000|-1.000000|0.000000|-1|-1|0|1|-1|-1
49|878|43|HOH|A|670|1|0|000|6.230450|-1.000000|-1.000000|0.000000|-1|-1|0|1|-1|-1
49|879|43|HOH|B|502|1|0|000|18.594759|-1.000000|-1.000000|0.000000|-1|-1|0|11|-1|-1
49|880|43|HOH|B|503|1|0|000|20.734653|-1.000000|-1.000000|0.000000|-1|-1|0|11|-1|-1
49|881|43|HOH|B|504|1|0|000|31.976521|-1.000000|-1.000000|0.000000|-1|-1|0|11|-1|-1
49|882|43|HOH|B|505|1|0|000|9.399650|-1.000000|-1.000000|0.000000|-1|-1|0|11|-1|-1
49|883|43|HOH|B|506|1|0|000|26.080469|-1.000000|-1.000000|0.000000|-1|-1|0|11|-1|-1
49|884|43|HOH|B|507|1|0|000|15.331049|-1.000000|-1.000000|0.000000|-1|-1|0|11|-1|-1
49|885|43|HOH|B|508|1|0|000|16.877798|-1.000000|-1.000000|0.000000|-1|-1|0|11|-1|-1
49|886|43|HOH|B|509|1|0|000|8.908681|-1.000000|-1.000000|0.000000|-1|-1|0|11|-1|-1
49|887|43|HOH|B|510|1|0|000|14.154817|-1.000000|-1.000000|0.000000|-1|-1|0|11|-1|-1
49|888|43|HOH|B|511|1|0|000|17.945829|-1.000000|-1.000000|0.000000|-1|-1|0|11|-1|-1
49|889|43|HOH|B|512|2|0|000|12.220215|-1.000000|-1.000000|0.000000|-1|-1|0|11|-1|-1
49|890|43|HOH|B|513|1|0|000|13.468291|-1.000000|-1.000000|0.000000|-1|-1|0|11|-1|-1
49|891|43|HOH|B|514|1|0|000|31.505005|-1.000000|-1.000000|0.000000|-1|-1|0|11|-1|-1
49|892|43|HOH|B|515|1|0|000|6.987355|-1.000000|-1.000000|0.000000|-1|-1|0|11|-1|-1
49|893|43|HOH|B|516|1|0|000|6.578124|-1.000000|-1.000000|0.000000|-1|-1|0|11|-1|-1
49|894|43|HOH|B|517|1|0|000|18.533533|-1.000000|-1.000000|0.000000|-1|-1|0|11|-1|-1
49|895|43|HOH|B|518|1|0|000|19.095060|-1.000000|-1.000000|0.000000|-1|-1|0|11|-1|-1
49|896|43|HOH|B|519|1|0|000|9.793382|-1.000000|-1.000000|0.000000|-1|-1|0|11|-1|-1
49|897|43|HOH|B|520|1|0|000|22.923164|-1.000000|-1.000000|0.000000|-1|-1|0|11|-1|-1
49|898|43|HOH|B|521|1|0|000|14.592578|-1.000000|-1.000000|0.000000|-1|-1|0|11|-1|-1
49|899|43|HOH|B|522|1|0|000|6.358293|-1.000000|-1.000000|0.000000|-1|-1|0|11|-1|-1
49|900|43|HOH|B|523|1|0|000|20.434956|-1.000000|-1.000000|0.000000|-1|-1|0|11|-1|-1
49|901|43|HOH|B|524|1|0|000|22.629675|-1.000000|-1.000000|0.000000|-1|-1|0|11|-1|-1
49|902|43|HOH|B|525|1|0|000|13.739636|-1.000000|-1.000000|0.000000|-1|-1|0|11|-1|-1
49|903|43|HOH|B|526|1|0|000|19.116030|-1.000000|-1.000000|0.000000|-1|-1|0|11|-1|-1
49|904|43|HOH|B|527|1|0|000|17.031876|-1.000000|-1.000000|0.000000|-1|-1|0|11|-1|-1
49|905|43|HOH|B|528|1|0|000|9.879424|-1.000000|-1.000000|0.000000|-1|-1|0|11|-1|-1
49|906|43|HOH|B|529|1|0|000|9.084782|-1.000000|-1.000000|0.000000|-1|-1|0|11|-1|-1
49|907|43|HOH|B|530|1|0|000|32.732510|-1.000000|-1.000000|0.000000|-1|-1|0|11|-1|-1
49|908|43|HOH|B|531|1|0|000|18.508850|-1.000000|-1.000000|0.000000|-1|-1|0|11|-1|-1
49|909|43|HOH|B|532|1|0|000|32.077385|-1.000000|-1.000000|0.000000|-1|-1|0|11|-1|-1
49|910|43|HOH|B|533|1|0|000|11.736056|-1.000000|-1.000000|0.000000|-1|-1|0|11|-1|-1
49|911|43|HOH|B|534|1|0|000|17.366714|-1.000000|-1.000000|0.000000|-1|-1|0|11|-1|-1
49|912|43|HOH|B|535|1|0|000|18.807760|-1.000000|-1.000000|0.000000|-1|-1|0|11|-1|-1
49|913|43|HOH|B|536|1|0|000|24.723429|-1.000000|-1.000000|0.000000|-1|-1|0|11|-1|-1
49|914|43|HOH|B|537|1|0|000|30.887413|-1.000000|-1.000000|0.000000|-1|-1|0|11|-1|-1
49|915|43|HOH|B|538|1|0|000|22.021374|-1.000000|-1.000000|0.000000|-1|-1|0|11|-1|-1
49|916|43|HOH|B|539|1|0|000|26.652163|-1.000000|-1.000000|0.000000|-1|-1|0|11|-1|-1
49|917|43|HOH|B|540|1|0|000|10.599324|-1.000000|-1.000000|0.000000|-1|-1|0|11|-1|-1
49|918|43|HOH|B|541|1|0|000|17.122984|-1.000000|-1.000000|0.000000|-1|-1|0|11|-1|-1
49|919|43|HOH|B|542|1|0|000|18.899820|-1.000000|-1.000000|0.000000|-1|-1|0|11|-1|-1
49|920|43|HOH|B|543|1|0|000|27.814045|-1.000000|-1.000000|0.000000|-1|-1|0|11|-1|-1
49|921|43|HOH|B|544|1|0|000|8.816014|-1.000000|-1.000000|0.000000|-1|-1|0|11|-1|-1
49|922|43|HOH|B|545|1|0|000|9.118724|-1.000000|-1.000000|0.000000|-1|-1|0|11|-1|-1
49|923|43|HOH|B|546|1|0|000|32.833988|-1.000000|-1.000000|0.000000|-1|-1|0|11|-1|-1
49|924|43|HOH|B|547|1|0|000|22.748020|-1.000000|-1.000000|0.000000|-1|-1|0|11|-1|-1
49|925|43|HOH|B|548|1|0|000|21.491938|-1.000000|-1.000000|0.000000|-1|-1|0|11|-1|-1
49|926|43|HOH|B|549|1|0|000|16.327961|-1.000000|-1.000000|0.000000|-1|-1|0|11|-1|-1
49|927|43|HOH|B|550|1|0|000|27.711954|-1.000000|-1.000000|0.000000|-1|-1|0|11|-1|-1
49|928|43|HOH|B|551|1|0|000|21.323048|-1.000000|-1.000000|0.000000|-1|-1|0|11|-1|-1
49|929|43|HOH|B|552|1|0|000|31.391884|-1.000000|-1.000000|0.000000|-1|-1|0|11|-1|-1
49|930|43|HOH|B|553|1|0|000|10.856957|-1.000000|-1.000000|0.000000|-1|-1|0|11|-1|-1
49|931|43|HOH|B|554|1|0|000|21.182375|-1.000000|-1.000000|0.000000|-1|-1|0|11|-1|-1
49|932|43|HOH|B|555|1|0|000|34.982067|-1.000000|-1.000000|0.000000|-1|-1|0|11|-1|-1
49|933|43|HOH|B|556|1|0|000|9.357730|-1.000000|-1.000000|0.000000|-1|-1|0|11|-1|-1
49|934|43|HOH|B|557|1|0|000|22.166939|-1.000000|-1.000000|0.000000|-1|-1|0|11|-1|-1
49|935|43|HOH|B|558|1|0|000|12.266769|-1.000000|-1.000000|0.000000|-1|-1|0|11|-1|-1
49|936|43|HOH|B|559|1|0|000|21.439842|-1.000000|-1.000000|0.000000|-1|-1|0|11|-1|-1
49|937|43|HOH|B|560|1|0|000|23.750450|-1.000000|-1.000000|0.000000|-1|-1|0|11|-1|-1
49|938|43|HOH|B|561|1|0|000|11.089129|-1.000000|-1.000000|0.000000|-1|-1|0|11|-1|-1
49|939|43|HOH|B|562|1|0|000|24.570049|-1.000000|-1.000000|0.000000|-1|-1|0|11|-1|-1
49|940|43|HOH|B|563|1|0|000|18.527992|-1.000000|-1.000000|0.000000|-1|-1|0|11|-1|-1
49|941|43|HOH|B|564|1|0|000|19.805882|-1.000000|-1.000000|0.000000|-1|-1|0|11|-1|-1
49|942|43|HOH|B|565|1|0|000|36.060619|-1.000000|-1.000000|0.000000|-1|-1|0|11|-1|-1
49|943|43|HOH|B|566|1|0|000|22.227974|-1.000000|-1.000000|0.000000|-1|-1|0|11|-1|-1
49|944|43|HOH|B|567|1|0|000|16.339863|-1.000000|-1.000000|0.000000|-1|-1|0|11|-1|-1
49|945|43|HOH|B|568|1|0|000|24.553514|-1.000000|-1.000000|0.000000|-1|-1|0|11|-1|-1
49|946|43|HOH|B|569|1|0|000|21.965569|-1.000000|-1.000000|0.000000|-1|-1|0|11|-1|-1
49|947|43|HOH|B|570|1|0|000|25.151342|-1.000000|-1.000000|0.000000|-1|-1|0|11|-1|-1
49|948|43|HOH|B|571|1|0|000|17.836271|-1.000000|-1.000000|0.000000|-1|-1|0|11|-1|-1
49|949|43|HOH|B|572|1|0|000|21.741749|-1.000000|-1.000000|0.000000|-1|-1|0|11|-1|-1
49|950|43|HOH|B|573|1|0|000|22.848051|-1.000000|-1.000000|0.000000|-1|-1|0|11|-1|-1
49|951|43|HOH|B|574|1|0|000|10.473592|-1.000000|-1.000000|0.000000|-1|-1|0|11|-1|-1
49|952|43|HOH|B|575|1|0|000|18.052134|-1.000000|-1.000000|0.000000|-1|-1|0|11|-1|-1
49|953|43|HOH|B|576|1|0|000|26.803230|-1.000000|-1.000000|0.000000|-1|-1|0|11|-1|-1
49|954|43|HOH|B|577|1|0|000|24.297306|-1.000000|-1.000000|0.000000|-1|-1|0|11|-1|-1
49|955|43|HOH|B|578|1|0|000|17.387827|-1.000000|-1.000000|0.000000|-1|-1|0|11|-1|-1
49|956|43|HOH|B|579|1|0|000|27.373617|-1.000000|-1.000000|0.000000|-1|-1|0|11|-1|-1
49|957|43|HOH|B|580|1|0|000|27.569418|-1.000000|-1.000000|0.000000|-1|-1|0|11|-1|-1
49|958|43|HOH|B|581|1|0|000|29.622837|-1.000000|-1.000000|0.000000|-1|-1|0|11|-1|-1
49|959|43|HOH|B|582|1|0|000|16.788960|-1.000000|-1.000000|0.000000|-1|-1|0|11|-1|-1
49|960|43|HOH|B|583|1|0|000|37.495335|-1.000000|-1.000000|0.000000|-1|-1|0|11|-1|-1
49|961|43|HOH|B|584|1|0|000|31.496134|-1.000000|-1.000000|0.000000|-1|-1|0|11|-1|-1
49|962|43|HOH|B|585|1|0|000|19.296726|-1.000000|-1.000000|0.000000|-1|-1|0|11|-1|-1
49|963|43|HOH|B|586|1|0|000|22.618662|-1.000000|-1.000000|0.000000|-1|-1|0|11|-1|-1
49|964|43|HOH|B|587|1|0|000|19.456396|-1.000000|-1.000000|0.000000|-1|-1|0|11|-1|-1
49|965|43|HOH|B|588|1|0|000|32.150951|-1.000000|-1.000000|0.000000|-1|-1|0|11|-1|-1
49|966|43|HOH|B|589|1|0|000|11.245846|-1.000000|-1.000000|0.000000|-1|-1|0|11|-1|-1
49|967|43|HOH|B|590|1|0|000|16.264814|-1.000000|-1.000000|0.000000|-1|-1|0|11|-1|-1
49|968|43|HOH|B|591|1|0|000|21.252226|-1.000000|-1.000000|0.000000|-1|-1|0|11|-1|-1
49|969|43|HOH|B|592|1|0|000|7.962306|-1.000000|-1.000000|0.000000|-1|-1|0|11|-1|-1
49|970|43|HOH|B|593|1|0|000|29.484974|-1.000000|-1.000000|0.000000|-1|-1|0|11|-1|-1
49|971|43|HOH|B|594|1|0|000|13.404884|-1.000000|-1.000000|0.000000|-1|-1|0|11|-1|-1
49|972|43|HOH|B|595|1|0|000|23.795225|-1.000000|-1.000000|0.000000|-1|-1|0|11|-1|-1
49|973|43|HOH|B|596|1|0|000|30.417038|-1.000000|-1.000000|0.000000|-1|-1|0|11|-1|-1
49|974|43|HOH|B|597|1|0|000|12.906663|-1.000000|-1.000000|0.000000|-1|-1|0|11|-1|-1
49|975|43|HOH|B|598|1|0|000|25.612150|-1.000000|-1.000000|0.000000|-1|-1|0|11|-1|-1
49|976|43|HOH|B|599|1|0|000|31.499641|-1.000000|-1.000000|0.000000|-1|-1|0|11|-1|-1
49|977|43|HOH|B|600|1|0|000|9.491761|-1.000000|-1.000000|0.000000|-1|-1|0|11|-1|-1
49|978|43|HOH|B|601|1|0|000|20.516306|-1.000000|-1.000000|0.000000|-1|-1|0|11|-1|-1
49|979|43|HOH|B|602|1|0|000|28.028240|-1.000000|-1.000000|0.000000|-1|-1|0|11|-1|-1
49|980|43|HOH|B|603|1|0|000|32.776207|-1.000000|-1.000000|0.000000|-1|-1|0|11|-1|-1
49|981|43|HOH|B|604|1|0|000|35.371914|-1.000000|-1.000000|0.000000|-1|-1|0|11|-1|-1
49|982|43|HOH|B|605|1|0|000|21.328732|-1.000000|-1.000000|0.000000|-1|-1|0|11|-1|-1
49|983|43|HOH|B|606|1|0|000|20.091557|-1.000000|-1.000000|0.000000|-1|-1|0|11|-1|-1
49|984|43|HOH|B|607|1|0|000|21.966242|-1.000000|-1.000000|0.000000|-1|-1|0|11|-1|-1
49|985|43|HOH|B|608|1|0|000|36.876331|-1.000000|-1.000000|0.000000|-1|-1|0|11|-1|-1
49|986|43|HOH|B|609|1|0|000|18.061203|-1.000000|-1.000000|0.000000|-1|-1|0|11|-1|-1
49|987|43|HOH|B|610|1|0|000|25.612120|-1.000000|-1.000000|0.000000|-1|-1|0|11|-1|-1
49|988|43|HOH|B|611|1|0|000|8.064820|-1.000000|-1.000000|0.000000|-1|-1|0|11|-1|-1
49|989|43|HOH|B|612|1|0|000|20.972872|-1.000000|-1.000000|0.000000|-1|-1|0|11|-1|-1
49|990|43|HOH|B|613|1|0|000|35.091038|-1.000000|-1.000000|0.000000|-1|-1|0|11|-1|-1
49|991|43|HOH|B|614|1|0|000|21.995060|-1.000000|-1.000000|0.000000|-1|-1|0|11|-1|-1
49|992|43|HOH|B|615|1|0|000|21.613649|-1.000000|-1.000000|0.000000|-1|-1|0|11|-1|-1
49|993|43|HOH|B|616|1|0|000|28.275223|-1.000000|-1.000000|0.000000|-1|-1|0|11|-1|-1
49|994|43|HOH|B|617|1|0|000|32.892460|-1.000000|-1.000000|0.000000|-1|-1|0|11|-1|-1
49|995|43|HOH|B|618|1|0|000|17.540894|-1.000000|-1.000000|0.000000|-1|-1|0|11|-1|-1
49|996|43|HOH|B|619|1|0|000|13.745188|-1.000000|-1.000000|0.000000|-1|-1|0|11|-1|-1
49|997|43|HOH|B|620|1|0|000|24.914747|-1.000000|-1.000000|0.000000|-1|-1|0|11|-1|-1
49|998|43|HOH|B|621|1|0|000|20.904961|-1.000000|-1.000000|0.000000|-1|-1|0|11|-1|-1
49|999|43|HOH|B|622|1|0|000|24.784462|-1.000000|-1.000000|0.000000|-1|-1|0|11|-1|-1
49|1000|43|HOH|B|623|1|0|000|14.316330|-1.000000|-1.000000|0.000000|-1|-1|0|11|-1|-1
49|1001|43|HOH|B|624|1|0|000|18.044395|-1.000000|-1.000000|0.000000|-1|-1|0|11|-1|-1
49|1002|43|HOH|B|625|1|0|000|19.180626|-1.000000|-1.000000|0.000000|-1|-1|0|11|-1|-1
49|1003|43|HOH|B|626|1|0|000|5.532293|-1.000000|-1.000000|0.000000|-1|-1|0|11|-1|-1
49|1004|43|HOH|B|627|1|0|000|3.801259|-1.000000|-1.000000|0.000000|-1|-1|0|11|-1|-1
49|1005|43|HOH|B|628|1|0|000|12.130344|-1.000000|-1.000000|0.000000|-1|-1|0|11|-1|-1
49|1006|43|HOH|B|629|1|0|000|15.756702|-1.000000|-1.000000|0.000000|-1|-1|0|11|-1|-1
49|1007|43|HOH|B|630|1|0|000|24.447147|-1.000000|-1.000000|0.000000|-1|-1|0|11|-1|-1
49|1008|43|HOH|B|631|1|0|000|14.139080|-1.000000|-1.000000|0.000000|-1|-1|0|11|-1|-1
49|1009|43|HOH|B|632|1|0|000|16.793518|-1.000000|-1.000000|0.000000|-1|-1|0|11|-1|-1
49|1010|43|HOH|B|633|1|0|000|22.294802|-1.000000|-1.000000|0.000000|-1|-1|0|11|-1|-1
49|1011|43|HOH|B|634|1|0|000|24.014856|-1.000000|-1.000000|0.000000|-1|-1|0|11|-1|-1
49|1012|43|HOH|B|635|1|0|000|24.667416|-1.000000|-1.000000|0.000000|-1|-1|0|11|-1|-1
49|1013|43|HOH|B|636|1|0|000|26.595852|-1.000000|-1.000000|0.000000|-1|-1|0|11|-1|-1
49|1014|43|HOH|B|637|1|0|000|19.440790|-1.000000|-1.000000|0.000000|-1|-1|0|11|-1|-1
49|1015|43|HOH|B|638|1|0|000|16.792187|-1.000000|-1.000000|0.000000|-1|-1|0|11|-1|-1
49|1016|43|HOH|B|639|1|0|000|22.147905|-1.000000|-1.000000|0.000000|-1|-1|0|11|-1|-1
49|1017|43|HOH|B|640|1|0|000|23.884493|-1.000000|-1.000000|0.000000|-1|-1|0|11|-1|-1
49|1018|43|HOH|B|641|1|0|000|23.988066|-1.000000|-1.000000|0.000000|-1|-1|0|11|-1|-1
49|1019|43|HOH|B|642|1|0|000|31.843554|-1.000000|-1.000000|0.000000|-1|-1|0|11|-1|-1
49|1020|43|HOH|B|643|1|0|000|27.940388|-1.000000|-1.000000|0.000000|-1|-1|0|11|-1|-1
49|1021|43|HOH|B|644|1|0|000|22.613871|-1.000000|-1.000000|0.000000|-1|-1|0|11|-1|-1
49|1022|43|HOH|B|645|1|0|000|21.445585|-1.000000|-1.000000|0.000000|-1|-1|0|11|-1|-1
49|1023|43|HOH|B|646|1|0|000|13.288348|-1.000000|-1.000000|0.000000|-1|-1|0|11|-1|-1
49|1024|43|HOH|B|647|1|0|000|28.344372|-1.000000|-1.000000|0.000000|-1|-1|0|11|-1|-1
49|1025|43|HOH|B|648|1|0|000|26.815603|-1.000000|-1.000000|0.000000|-1|-1|0|11|-1|-1
49|1026|43|HOH|B|649|1|0|000|23.753534|-1.000000|-1.000000|0.000000|-1|-1|0|11|-1|-1
49|1027|43|HOH|B|650|1|0|000|11.098820|-1.000000|-1.000000|0.000000|-1|-1|0|11|-1|-1
49|1028|43|HOH|B|651|1|0|000|23.715717|-1.000000|-1.000000|0.000000|-1|-1|0|11|-1|-1
49|1029|43|HOH|B|652|1|0|000|20.364223|-1.000000|-1.000000|0.000000|-1|-1|0|11|-1|-1
49|1030|43|HOH|B|653|1|0|000|12.313709|-1.000000|-1.000000|0.000000|-1|-1|0|11|-1|-1
49|1031|43|HOH|B|654|1|0|000|18.628971|-1.000000|-1.000000|0.000000|-1|-1|0|11|-1|-1
49|1032|43|HOH|B|655|1|0|000|16.529301|-1.000000|-1.000000|0.000000|-1|-1|0|11|-1|-1
49|1033|43|HOH|B|656|1|0|000|23.193422|-1.000000|-1.000000|0.000000|-1|-1|0|11|-1|-1
49|1034|43|HOH|B|657|1|0|000|25.678730|-1.000000|-1.000000|0.000000|-1|-1|0|11|-1|-1
49|1035|43|HOH|B|658|1|0|000|26.144257|-1.000000|-1.000000|0.000000|-1|-1|0|11|-1|-1
49|1036|43|HOH|B|659|1|0|000|29.586582|-1.000000|-1.000000|0.000000|-1|-1|0|11|-1|-1
49|1037|43|HOH|B|660|1|0|000|14.931378|-1.000000|-1.000000|0.000000|-1|-1|0|11|-1|-1
49|1038|43|HOH|B|661|1|0|000|26.782505|-1.000000|-1.000000|0.000000|-1|-1|0|11|-1|-1
49|1039|43|HOH|B|662|1|0|000|30.438286|-1.000000|-1.000000|0.000000|-1|-1|0|11|-1|-1
49|1040|43|HOH|B|663|1|0|000|30.712048|-1.000000|-1.000000|0.000000|-1|-1|0|11|-1|-1
49|1041|43|HOH|B|664|1|0|000|32.399025|-1.000000|-1.000000|0.000000|-1|-1|0|11|-1|-1
49|1042|43|HOH|B|665|1|0|000|33.737431|-1.000000|-1.000000|0.000000|-1|-1|0|11|-1|-1
49|1043|43|HOH|B|666|1|0|000|6.342737|-1.000000|-1.000000|0.000000|-1|-1|0|11|-1|-1
49|1044|43|HOH|B|667|1|0|000|5.282680|-1.000000|-1.000000|0.000000|-1|-1|0|11|-1|-1
49|1045|43|HOH|B|668|1|0|000|21.285624|-1.000000|-1.000000|0.000000|-1|-1|0|11|-1|-1
49|1046|43|HOH|B|669|1|0|000|27.502169|-1.000000|-1.000000|0.000000|-1|-1|0|11|-1|-1
49|1047|43|HOH|B|670|1|0|000|25.640278|-1.000000|-1.000000|0.000000|-1|-1|0|11|-1|-1
49|1048|43|HOH|B|671|1|0|000|20.859327|-1.000000|-1.000000|0.000000|-1|-1|0|11|-1|-1
49|1049|43|HOH|B|672|1|0|000|21.371901|-1.000000|-1.000000|0.000000|-1|-1|0|11|-1|-1
49|1050|43|HOH|B|673|1|0|000|22.850424|-1.000000|-1.000000|0.000000|-1|-1|0|11|-1|-1
49|1051|43|HOH|B|674|1|0|000|27.839710|-1.000000|-1.000000|0.000000|-1|-1|0|11|-1|-1
49|1052|43|HOH|B|675|1|0|000|18.060320|-1.000000|-1.000000|0.000000|-1|-1|0|11|-1|-1
49|1053|43|HOH|B|676|1|0|000|27.189697|-1.000000|-1.000000|0.000000|-1|-1|0|11|-1|-1
49|1054|43|HOH|B|677|1|0|000|21.494143|-1.000000|-1.000000|0.000000|-1|-1|0|11|-1|-1
49|1055|43|HOH|B|678|1|0|000|16.949070|-1.000000|-1.000000|0.000000|-1|-1|0|11|-1|-1
49|1056|43|HOH|B|679|1|0|000|20.301760|-1.000000|-1.000000|0.000000|-1|-1|0|11|-1|-1
49|1057|43|HOH|B|680|1|0|000|19.438265|-1.000000|-1.000000|0.000000|-1|-1|0|11|-1|-1
49|1058|43|HOH|B|681|1|0|000|17.964657|-1.000000|-1.000000|0.000000|-1|-1|0|11|-1|-1
49|1059|43|HOH|B|682|1|0|000|30.763071|-1.000000|-1.000000|0.000000|-1|-1|0|11|-1|-1
49|1060|43|HOH|B|683|1|0|000|3.595255|-1.000000|-1.000000|0.000000|-1|-1|0|11|-1|-1
49|1061|43|HOH|B|684|1|0|000|3.254761|-1.000000|-1.000000|0.000000|-1|-1|0|11|-1|-1
