241|1vs8|A|-1|0100|000|-1|-1|-1|-1|0|0|0|0|1|0|0|117|0|0|117|0
241|1vs8|B|-1|0111|000|-1|-1|-1|-1|0|0|0|0|111|0|0|3449|499|109|2841|0
241|1vs8|V|-1|1000|000|-1|-1|-1|-1|0|0|0|0|1|0|0|94|0|0|0|94
241|1vs8|C|-1|1001|000|-1|-1|-1|-1|0|0|0|0|2|0|0|268|1|0|0|267
241|1vs8|D|-1|1001|000|-1|-1|-1|-1|0|0|0|0|2|0|0|210|1|0|0|209
241|1vs8|E|-1|1011|000|-1|-1|-1|-1|0|0|0|0|3|0|0|207|5|1|0|201
241|1vs8|F|-1|1000|000|-1|-1|-1|-1|0|0|0|0|1|0|0|178|0|0|0|178
241|1vs8|G|-1|1000|000|-1|-1|-1|-1|0|0|0|0|1|0|0|176|0|0|0|176
241|1vs8|H|-1|1000|000|-1|-1|-1|-1|0|0|0|0|1|0|0|149|0|0|0|149
241|1vs8|J|-1|1000|000|-1|-1|-1|-1|0|0|0|0|1|0|0|140|0|0|0|140
241|1vs8|K|-1|1000|000|-1|-1|-1|-1|0|0|0|0|1|0|0|121|0|0|0|121
241|1vs8|L|-1|1001|000|-1|-1|-1|-1|0|0|0|0|2|0|0|145|1|0|0|144
241|1vs8|M|-1|1000|000|-1|-1|-1|-1|0|0|0|0|1|0|0|136|0|0|0|136
241|1vs8|N|-1|1011|000|-1|-1|-1|-1|0|0|0|0|3|0|0|131|3|1|0|127
241|1vs8|O|-1|1000|000|-1|-1|-1|-1|0|0|0|0|1|0|0|117|0|0|0|117
241|1vs8|P|-1|1000|000|-1|-1|-1|-1|0|0|0|0|1|0|0|114|0|0|0|114
241|1vs8|Q|-1|1000|000|-1|-1|-1|-1|0|0|0|0|1|0|0|117|0|0|0|117
241|1vs8|R|-1|1000|000|-1|-1|-1|-1|0|0|0|0|1|0|0|103|0|0|0|103
241|1vs8|S|-1|1000|000|-1|-1|-1|-1|0|0|0|0|1|0|0|110|0|0|0|110
241|1vs8|T|-1|1001|000|-1|-1|-1|-1|0|0|0|0|2|0|0|100|1|0|0|99
241|1vs8|U|-1|1000|000|-1|-1|-1|-1|0|0|0|0|1|0|0|102|0|0|0|102
241|1vs8|W|-1|1000|000|-1|-1|-1|-1|0|0|0|0|1|0|0|84|0|0|0|84
241|1vs8|X|-1|1000|000|-1|-1|-1|-1|0|0|0|0|1|0|0|63|0|0|0|63
241|1vs8|Y|-1|1000|000|-1|-1|-1|-1|0|0|0|0|1|0|0|58|0|0|0|58
241|1vs8|Z|-1|1000|000|-1|-1|-1|-1|0|0|0|0|1|0|0|70|0|0|0|70
241|1vs8|0|-1|1000|000|-1|-1|-1|-1|0|0|0|0|1|0|0|56|0|0|0|56
241|1vs8|1|-1|1000|000|-1|-1|-1|-1|0|0|0|0|1|0|0|54|0|0|0|54
241|1vs8|2|-1|1001|000|-1|-1|-1|-1|0|0|0|0|2|0|0|47|1|0|0|46
241|1vs8|3|-1|1000|000|-1|-1|-1|-1|0|0|0|0|1|0|0|64|0|0|0|64
241|1vs8|4|-1|1000|000|-1|-1|-1|-1|0|0|0|0|1|0|0|38|0|0|0|38
241|1vs8|I|-1|1000|000|-1|-1|-1|-1|0|0|0|0|1|0|0|141|0|0|0|141
