241|0|6336|_MG|89690|MG--|12|5.000000|5.023098|1.000000|1.000000|6|6|6|0|0|0|0.473441|6|0|0|0|0|0|0|0|0|0|0|0|6|0|0|0|0|0|0|0|0|0|0|0|0|0|0|0|0|0|0|2.082598|2.059017|2.102213|2.094635|0.031316|4.392595|0.065673|7|0|2.098310|0.033474|4.400300|0.070197
241|1|6337|_MG|89691|MG--|12|20.240000|18.158648|1.000000|1.000000|7|6|6|0|0|0|2.321230|6|0|0|1|0|0|0|0|0|0|0|1|5|0|0|0|0|0|0|0|0|0|0|0|0|0|1|0|0|0|0|2.210763|1.900309|3.154204|2.404913|0.316783|5.035735|0.657112|10|0|2.417527|0.326303|5.062707|0.677435
241|2|6338|_MG|89692|MG--|12|8.210000|8.238248|1.000000|1.000000|6|6|6|0|0|0|0.423609|6|0|0|0|0|0|0|0|0|0|0|0|6|0|0|0|0|0|0|0|0|0|0|0|0|0|0|0|0|0|0|2.085665|2.081452|2.089136|2.076193|0.006575|4.353919|0.013788|7|0|2.083292|0.007331|4.368806|0.015373
241|3|6339|_MG|89693|MG--|12|38.709999|31.658730|1.000000|1.000000|5|6|6|0|0|0|8.983767|5|0|0|0|0|0|0|0|0|0|0|1|4|0|0|0|0|0|0|0|0|0|0|0|0|0|0|0|0|0|0|2.061151|1.967801|2.084928|1.864315|0.423477|3.909596|0.888061|10|0|2.063646|0.337008|4.319532|0.706355
241|4|6340|_MG|89694|MG--|12|6.650000|6.650000|1.000000|1.000000|6|6|6|0|0|0|0.153504|6|0|0|0|0|0|0|0|0|0|0|0|6|0|0|0|0|0|0|0|0|0|0|0|0|0|0|0|0|0|0|2.083535|2.080117|2.088721|2.088172|0.007578|4.379041|0.015892|6|0|2.088172|0.007578|4.379041|0.015892
241|5|6341|_MG|89695|MG--|12|16.010000|15.985140|1.000000|1.000000|6|6|6|0|0|0|0.101221|6|0|0|0|0|0|0|0|0|0|0|0|6|0|0|0|0|0|0|0|0|0|0|0|0|0|0|0|0|0|0|2.084413|2.081440|2.088329|2.083203|0.007083|4.368621|0.014854|7|0|2.087917|0.005819|4.378507|0.012202
241|6|6342|_MG|89696|MG--|12|15.880000|15.336765|1.000000|1.000000|6|6|6|0|0|0|4.718065|6|0|0|0|0|0|0|0|0|0|0|1|5|0|0|0|0|0|0|0|0|0|0|0|0|0|0|0|0|0|0|2.077836|2.046911|2.085117|2.122042|0.074861|4.450069|0.156988|10|0|2.205040|0.128200|4.618534|0.264152
241|7|6343|_MG|89697|MG--|12|39.299999|33.788555|1.000000|1.000000|6|6|6|0|0|0|2.211093|6|0|0|0|0|0|0|0|0|0|0|1|5|0|0|0|0|0|0|0|0|0|0|0|0|0|0|0|0|0|0|2.068477|1.991423|2.084988|2.184835|0.104564|4.581749|0.219277|8|0|2.233633|0.150197|4.680457|0.311488
241|8|6344|_MG|89698|MG--|12|10.990000|12.583446|1.000000|1.000000|6|6|0|0|-1|1|180.000000|6|0|0|0|0|0|0|0|0|0|0|1|5|0|0|0|0|0|0|0|0|0|0|0|0|0|0|0|0|0|0|2.062307|1.956714|2.084157|2.230907|0.144151|4.678365|0.302295|8|0|2.295840|0.195283|4.810752|0.404538
241|9|6345|_MG|89699|MG--|12|8.540000|10.329646|1.000000|1.000000|7|6|6|0|0|0|2.904648|6|0|0|1|0|0|0|0|0|0|0|1|5|0|0|0|0|0|0|0|0|0|0|0|0|0|1|0|0|0|0|2.202620|1.855773|3.142416|2.481727|0.393036|5.196575|0.816845|8|0|2.491126|0.399671|5.216286|0.830719
241|10|6346|_MG|89700|MG--|12|23.250000|16.385517|1.000000|1.000000|7|6|6|0|0|0|3.074546|6|0|0|1|0|0|0|0|0|0|0|2|4|0|0|0|0|0|0|0|0|0|0|0|0|0|1|0|0|0|0|2.188340|1.762532|3.098886|2.645802|0.597135|5.539682|1.243606|11|0|2.689704|0.606528|5.628996|1.263100
241|11|6347|_MG|89701|MG--|12|6.160000|10.238697|1.000000|1.000000|6|6|6|0|0|0|1.999219|6|0|0|0|0|0|0|0|0|0|0|2|4|0|0|0|0|0|0|0|0|0|0|0|0|0|0|0|0|0|0|2.064555|1.928252|2.122718|2.232541|0.206953|4.681792|0.433994|10|0|2.388806|0.246619|4.998487|0.512697
241|12|6348|_MG|89702|MG--|12|32.619999|32.612007|1.000000|1.000000|6|6|6|0|0|0|0.116175|6|0|0|0|0|0|0|0|0|0|0|0|6|0|0|0|0|0|0|0|0|0|0|0|0|0|0|0|0|0|0|2.083941|2.082747|2.085097|2.085823|0.002228|4.374114|0.004673|7|0|2.088550|0.003343|4.379833|0.007011
241|13|6349|_MG|89703|MG--|12|28.879999|26.000620|1.000000|1.000000|6|6|6|0|0|0|7.076642|6|0|0|0|0|0|0|0|0|0|0|1|5|0|0|0|0|0|0|0|0|0|0|0|0|0|0|0|0|0|0|2.083426|2.077633|2.085283|2.088778|0.096085|4.380311|0.201497|11|0|2.167769|0.123905|4.540764|0.256668
241|14|6350|_MG|89704|MG--|12|69.470001|58.876900|1.000000|1.000000|7|6|6|0|0|0|6.922994|6|0|0|1|0|0|0|0|0|0|0|2|4|0|0|0|0|0|0|0|0|0|0|0|0|0|1|0|0|0|0|2.236930|2.057104|3.201467|2.216386|0.120761|4.641286|0.249581|11|0|2.260633|0.105872|4.731420|0.220378
241|15|6351|_MG|89705|MG--|12|25.389999|25.444181|1.000000|1.000000|6|6|6|0|0|0|0.233350|6|0|0|0|0|0|0|0|0|0|0|0|6|0|0|0|0|0|0|0|0|0|0|0|0|0|0|0|0|0|0|2.085087|2.077459|2.093021|2.079587|0.012714|4.361037|0.026663|7|0|2.088640|0.010183|4.380022|0.021354
241|16|6352|_MG|89706|MG--|12|22.690001|23.225851|1.000000|1.000000|6|6|6|0|0|0|9.181739|4|2|0|0|0|0|0|0|0|0|0|0|4|0|0|0|0|0|0|0|2|0|0|0|0|0|0|0|0|0|0|2.193158|2.083336|2.562560|1.865933|0.188106|3.957036|0.372804|8|0|1.872189|0.185825|3.970542|0.367762
241|17|6353|_MG|89707|MG--|12|39.869999|36.009663|1.000000|1.000000|6|6|6|0|0|0|3.360385|6|0|0|0|0|0|0|0|0|0|0|1|5|0|0|0|0|0|0|0|0|0|0|0|0|0|0|0|0|0|0|2.070770|2.007064|2.084074|2.168125|0.093500|4.546708|0.196076|9|0|2.237929|0.155930|4.688443|0.321806
241|18|6354|_MG|89708|MG--|12|8.760000|8.785155|1.000000|1.000000|6|6|6|0|0|0|0.458301|6|0|0|0|0|0|0|0|0|0|0|0|6|0|0|0|0|0|0|0|0|0|0|0|0|0|0|0|0|0|0|2.083125|2.068186|2.097756|2.091070|0.020088|4.385119|0.042126|7|0|2.093170|0.022034|4.389522|0.046207
241|19|6355|_MG|89709|MG--|12|41.869999|33.141167|1.000000|1.000000|6|5|6|0|1|0|2.778563|5|0|0|1|0|0|0|0|0|0|0|1|4|0|0|0|0|0|0|0|0|0|0|0|0|0|1|0|0|0|0|2.180564|1.729378|3.014317|2.434422|0.822139|5.094157|1.714778|14|0|2.552324|0.762418|5.338955|1.590253
241|20|6356|_MG|89710|MG--|12|25.639999|20.039839|1.000000|1.000000|7|6|6|0|0|0|4.871234|6|0|0|1|0|0|0|0|0|0|0|2|4|0|0|0|0|0|0|0|0|0|0|0|0|0|1|0|0|0|0|2.160886|1.785098|3.061871|2.803112|0.578625|5.868651|1.204110|10|0|2.859432|0.605364|5.983014|1.258702
241|21|6357|_MG|89711|MG--|12|5.250000|8.205583|1.000000|1.000000|6|6|6|0|0|0|4.960931|6|0|0|0|0|0|0|0|0|0|0|1|5|0|0|0|0|0|0|0|0|0|0|0|0|0|0|0|0|0|0|2.166445|2.083935|2.577567|1.828434|0.258355|3.834352|0.541789|6|0|1.828434|0.258355|3.834352|0.541789
241|22|6358|_MG|89712|MG--|12|44.470001|44.551594|1.000000|1.000000|6|6|6|0|0|0|0.354896|6|0|0|0|0|0|0|0|0|0|0|0|6|0|0|0|0|0|0|0|0|0|0|0|0|0|0|0|0|0|0|2.084770|2.073324|2.096357|2.081661|0.020071|4.365387|0.042089|7|0|2.084849|0.019108|4.372073|0.040070
241|23|6359|_MG|89713|MG--|12|27.360001|28.440434|1.000000|1.000000|6|6|6|0|0|0|14.690469|6|0|0|0|0|0|0|0|0|0|0|1|5|0|0|0|0|0|0|0|0|0|0|0|0|0|0|0|0|0|0|2.145764|2.082731|2.452789|1.864516|0.251591|3.910019|0.527604|9|0|1.908339|0.226905|4.003194|0.474848
241|24|6360|_MG|89714|MG--|12|20.900000|21.934532|1.000000|1.000000|7|6|6|0|0|0|8.455487|6|0|0|1|0|0|0|0|0|0|0|1|5|0|0|0|0|0|0|0|0|0|0|0|0|0|1|0|0|0|0|2.271882|2.081988|3.169820|2.019486|0.100724|4.227780|0.217043|8|0|2.034104|0.090620|4.258435|0.195472
241|25|6361|_MG|89715|MG--|12|30.340000|30.344280|1.000000|1.000000|6|6|6|0|0|0|0.327527|6|0|0|0|0|0|0|0|0|0|0|0|6|0|0|0|0|0|0|0|0|0|0|0|0|0|0|0|0|0|0|2.083018|2.067369|2.097811|2.091629|0.021507|4.386290|0.045102|7|0|2.095350|0.018588|4.394439|0.038723
241|26|6362|_MG|89716|MG--|12|37.680000|31.482342|1.000000|1.000000|7|6|6|0|0|0|1.454251|6|0|0|1|0|0|0|0|0|0|0|1|5|0|0|0|0|0|0|0|0|0|0|0|0|0|1|0|0|0|0|2.241919|2.060036|3.213093|2.190966|0.111688|4.588182|0.227822|9|0|2.198613|0.118796|4.604218|0.242732
241|27|6363|_MG|89717|MG--|12|29.870001|29.857233|1.000000|1.000000|6|6|6|0|0|0|0.171901|6|0|0|0|0|0|0|0|0|0|0|0|6|0|0|0|0|0|0|0|0|0|0|0|0|0|0|0|0|0|0|2.083203|2.081434|2.084372|2.089991|0.004561|4.382856|0.009564|7|0|2.092158|0.002520|4.387399|0.005285
241|28|6364|_MG|89718|MG--|12|22.809999|15.880302|1.000000|1.000000|6|6|6|0|0|0|10.791771|6|0|0|0|0|0|0|0|0|0|0|2|4|0|0|0|0|0|0|0|0|0|0|0|0|0|0|0|0|0|0|2.058294|1.867066|2.145432|2.308270|0.260549|4.840601|0.546390|11|0|2.430655|0.287301|5.088258|0.600095
241|29|6365|_MG|89719|MG--|12|11.030000|12.866258|1.000000|1.000000|6|6|6|0|0|0|12.045716|6|0|0|0|0|0|0|0|0|0|0|2|4|0|0|0|0|0|0|0|0|0|0|0|0|0|0|0|0|0|0|2.129372|2.083218|2.251231|1.872888|0.224192|3.927576|0.470146|9|0|1.922918|0.214854|4.028760|0.451134
241|30|6366|_MG|89720|MG--|12|40.840000|40.808193|1.000000|1.000000|6|6|6|0|0|0|0.119564|6|0|0|0|0|0|0|0|0|0|0|0|6|0|0|0|0|0|0|0|0|0|0|0|0|0|0|0|0|0|0|2.082115|2.078141|2.086125|2.096189|0.007453|4.395854|0.015630|7|0|2.099105|0.010192|4.401968|0.021374
241|31|6367|_MG|89721|MG--|12|29.629999|32.390770|1.000000|1.000000|5|5|6|0|1|0|11.435400|5|0|0|0|0|0|0|0|0|0|0|1|4|0|0|0|0|0|0|0|0|0|0|0|0|0|0|0|0|0|0|2.151181|2.083604|2.419722|1.530433|0.446801|3.209423|0.936972|10|0|1.710919|0.318345|3.579747|0.672520
241|32|6368|_MG|89722|MG--|12|88.449997|84.836182|1.000000|1.000000|5|6|6|0|0|0|15.408426|5|0|0|0|0|0|0|0|0|0|0|0|5|0|0|0|0|0|0|0|0|0|0|0|0|0|0|0|0|0|0|2.083474|2.081608|2.084343|1.740383|0.350825|3.649703|0.735705|7|0|1.819162|0.289609|3.814113|0.607933
241|33|6369|_MG|89723|MG--|12|84.440002|84.440010|1.000000|1.000000|6|6|6|0|0|0|0.278735|6|0|0|0|0|0|0|0|0|0|0|0|6|0|0|0|0|0|0|0|0|0|0|0|0|0|0|0|0|0|0|2.083175|2.071388|2.093951|2.090481|0.015203|4.383882|0.031881|6|0|2.090481|0.015203|4.383882|0.031881
241|34|6370|_MG|89724|MG--|12|24.709999|24.282372|1.000000|1.000000|6|6|6|0|0|0|8.766703|6|0|0|0|0|0|0|0|0|0|0|1|5|0|0|0|0|0|0|0|0|0|0|0|0|0|0|0|0|0|0|2.139928|2.083506|2.420470|1.878749|0.222052|3.939866|0.465659|9|0|1.923144|0.198542|4.029863|0.417838
241|35|6371|_MG|89725|MG--|12|25.250000|28.503796|1.000000|1.000000|6|6|6|0|0|0|10.117623|4|2|0|0|0|0|0|0|0|0|0|0|4|0|0|0|0|0|0|0|2|0|0|0|0|0|0|0|0|0|0|2.231857|2.081537|2.594985|1.719241|0.275203|3.635204|0.558557|8|0|1.735382|0.264390|3.669053|0.535517
241|36|6372|_MG|89726|MG--|12|8.780000|19.226831|1.000000|1.000000|7|6|6|0|0|0|6.037176|6|0|0|1|0|0|0|0|0|0|0|3|3|0|0|0|0|0|0|0|0|0|0|0|0|0|1|0|0|0|0|2.180681|1.775403|3.123944|2.768136|0.582475|5.796797|1.213843|13|0|2.902615|0.532735|6.069343|1.113479
241|37|6373|_MG|89727|MG--|12|33.509998|36.203728|1.000000|1.000000|6|6|6|0|0|0|1.186044|6|0|0|0|0|0|0|0|0|0|0|1|5|0|0|0|0|0|0|0|0|0|0|0|0|0|0|0|0|0|0|2.069751|2.000212|2.084478|2.175432|0.089660|4.562032|0.188023|8|0|2.225276|0.137761|4.662849|0.285251
241|38|6374|_MG|89728|MG--|12|5.000000|11.512202|1.000000|1.000000|8|6|6|0|0|0|8.654235|6|0|0|2|0|0|0|0|0|0|0|3|3|0|0|0|0|0|0|0|0|0|0|0|0|0|2|0|0|0|0|2.292595|1.776536|3.155466|2.766468|0.553254|5.780818|1.154493|13|0|2.823227|0.558421|5.897417|1.164954
241|39|6375|_MG|89729|MG--|12|28.010000|23.505224|1.000000|1.000000|6|6|6|0|0|0|5.694714|6|0|0|0|0|0|0|0|0|0|0|1|5|0|0|0|0|0|0|0|0|0|0|0|0|0|0|0|0|0|0|2.080548|2.064289|2.085840|2.105459|0.079915|4.415292|0.167587|9|0|2.162934|0.100633|4.531701|0.208558
241|40|6376|_MG|89730|MG--|12|29.760000|29.524555|1.000000|1.000000|6|6|6|0|0|0|5.129416|6|0|0|0|0|0|0|0|0|0|0|1|5|0|0|0|0|0|0|0|0|0|0|0|0|0|0|0|0|0|0|2.087937|2.083568|2.106787|2.063943|0.070305|4.328231|0.147434|9|0|2.106521|0.077519|4.414587|0.161196
241|41|6377|_MG|89731|MG--|12|5.000000|5.594876|1.000000|1.000000|6|6|6|0|0|0|4.735051|6|0|0|0|0|0|0|0|0|0|0|1|5|0|0|0|0|0|0|0|0|0|0|0|0|0|0|0|0|0|0|2.082498|2.075139|2.085029|2.094057|0.065079|4.391382|0.136475|8|0|2.154097|0.107100|4.512951|0.220981
241|42|6378|_MG|89732|MG--|12|7.270000|26.221720|1.000000|1.000000|7|6|6|0|0|0|4.790615|5|1|0|1|0|0|0|0|0|0|0|1|4|0|0|0|0|0|0|0|1|0|0|0|0|0|1|0|0|0|0|2.249672|1.987721|3.224305|2.309978|0.233514|4.874031|0.485860|9|0|2.320028|0.232265|4.895616|0.483169
241|43|6379|_MG|89733|MG--|12|58.070000|58.587776|1.000000|1.000000|5|6|6|0|0|0|14.207798|5|0|0|0|0|0|0|0|0|0|0|0|5|0|0|0|0|0|0|0|0|0|0|0|0|0|0|0|0|0|0|2.083880|2.082779|2.084714|1.738474|0.347598|3.645701|0.728936|8|0|1.815372|0.290232|3.806960|0.608636
241|44|6380|_MG|89734|MG--|12|45.139999|41.170635|1.000000|1.000000|7|6|6|0|0|0|6.083105|6|0|0|1|0|0|0|0|0|0|0|1|5|0|0|0|0|0|0|0|0|0|0|0|0|0|1|0|0|0|0|2.228411|2.001425|3.176556|2.262629|0.195793|4.737797|0.404481|8|0|2.269475|0.200371|4.752155|0.413998
241|45|6381|_MG|89735|MG--|12|18.090000|15.907845|1.000000|1.000000|6|6|6|0|0|0|9.148092|6|0|0|0|0|0|0|0|0|0|0|2|4|0|0|0|0|0|0|0|0|0|0|0|0|0|0|0|0|0|0|2.082872|2.035215|2.129425|2.097549|0.193453|4.398706|0.405684|11|0|2.211099|0.214063|4.628976|0.446504
241|46|6382|_MG|89736|MG--|12|29.090000|29.090000|1.000000|1.000000|6|6|6|0|0|0|0.249162|6|0|0|0|0|0|0|0|0|0|0|0|6|0|0|0|0|0|0|0|0|0|0|0|0|0|0|0|0|0|0|2.084498|2.074479|2.095177|2.082974|0.014273|4.368139|0.029931|6|0|2.082974|0.014273|4.368139|0.029931
241|47|6383|_MG|89737|MG--|12|7.000000|12.650442|1.000000|1.000000|7|6|6|0|0|0|2.318309|6|0|0|1|0|0|0|0|0|0|0|1|5|0|0|0|0|0|0|0|0|0|0|0|0|0|1|0|0|0|0|2.182906|1.834414|3.024380|2.556221|0.463749|5.349873|0.962407|11|0|2.575873|0.468987|5.391459|0.973102
241|48|6384|_MG|89738|MG--|12|79.279999|76.920067|1.000000|1.000000|6|6|6|0|0|0|2.625677|6|0|0|0|0|0|0|0|0|0|0|1|5|0|0|0|0|0|0|0|0|0|0|0|0|0|0|0|0|0|0|2.124895|2.083295|2.330459|1.917483|0.170885|4.021094|0.358357|9|0|1.941710|0.153826|4.070481|0.323962
241|49|6385|_MG|89739|MG--|12|42.090000|34.042755|1.000000|1.000000|6|6|6|0|0|0|4.314938|6|0|0|0|0|0|0|0|0|0|0|4|2|0|0|0|0|0|0|0|0|0|0|0|0|0|0|0|0|0|0|2.102597|2.015393|2.284134|2.031327|0.252488|4.259833|0.529485|13|0|2.234038|0.255558|4.669854|0.535199
241|50|6386|_MG|89740|MG--|12|57.150002|57.150002|1.000000|1.000000|6|6|6|0|0|0|0.247619|6|0|0|0|0|0|0|0|0|0|0|0|6|0|0|0|0|0|0|0|0|0|0|0|0|0|0|0|0|0|0|2.084991|2.074425|2.095133|2.080217|0.014811|4.362359|0.031060|6|0|2.080217|0.014811|4.362359|0.031060
241|51|6387|_MG|89741|MG--|12|42.380001|42.370323|1.000000|1.000000|6|6|6|0|0|0|0.231749|6|0|0|0|0|0|0|0|0|0|0|0|6|0|0|0|0|0|0|0|0|0|0|0|0|0|0|0|0|0|0|2.083200|2.076216|2.090090|2.090236|0.013296|4.383369|0.027883|7|0|2.092365|0.011385|4.387835|0.023875
241|52|6388|_MG|89742|MG--|12|37.070000|31.594290|1.000000|1.000000|8|6|6|0|0|0|5.563675|6|0|0|2|0|0|0|0|0|0|0|2|4|0|0|0|0|0|0|0|0|0|0|0|0|0|2|0|0|0|0|2.298701|1.877966|3.209112|2.756436|0.475198|5.763926|0.986585|11|0|2.771291|0.481699|5.795078|1.000152
241|53|6389|_MG|89743|MG--|12|32.000000|32.000000|1.000000|1.000000|6|6|6|0|0|0|0.158826|6|0|0|0|0|0|0|0|0|0|0|0|6|0|0|0|0|0|0|0|0|0|0|0|0|0|0|0|0|0|0|2.084834|2.079849|2.089955|2.080875|0.009150|4.363738|0.019188|6|0|2.080875|0.009150|4.363738|0.019188
241|54|6390|_MG|89744|MG--|12|20.490000|20.194246|1.000000|1.000000|6|6|6|0|0|0|9.910551|6|0|0|0|0|0|0|0|0|0|0|2|4|0|0|0|0|0|0|0|0|0|0|0|0|0|0|0|0|0|0|2.071968|1.811893|2.278930|2.316084|0.539545|4.856987|1.131463|9|0|2.423635|0.593325|5.074459|1.240276
241|55|6391|_MG|89745|MG--|12|67.870003|60.408619|1.000000|1.000000|7|6|6|0|0|0|16.567856|6|0|0|1|0|0|0|0|0|0|0|2|4|0|0|0|0|0|0|0|0|0|0|0|0|0|1|0|0|0|0|2.264380|1.765381|3.164060|2.395929|0.455407|5.017093|0.947861|10|0|2.405112|0.456788|5.036352|0.950753
241|56|6392|_MG|89746|MG--|12|56.349998|56.384869|0.500000|0.501976|6|6|6|0|0|0|0.252488|6|0|0|0|0|0|0|0|0|0|0|0|6|0|0|0|0|0|0|0|0|0|0|0|0|0|0|0|0|0|0|2.083914|2.073673|2.094325|2.086252|0.013912|4.375015|0.029173|9|0|2.094532|0.015514|4.392378|0.032535
241|57|6393|_MG|89747|MG--|12|132.869995|132.628860|1.000000|1.000000|5|5|6|0|1|0|0.023464|5|0|0|0|0|0|0|0|0|0|0|0|5|0|0|0|0|0|0|0|0|0|0|0|0|0|0|0|0|0|0|2.083602|2.082853|2.084176|1.739777|0.348800|3.648433|0.731459|6|0|1.770833|0.320045|3.713558|0.671157
241|58|6394|_MG|89748|MG--|12|75.709999|75.709999|1.000000|1.000000|6|6|6|0|0|0|0.277505|6|0|0|0|0|0|0|0|0|0|0|0|6|0|0|0|0|0|0|0|0|0|0|0|0|0|0|0|0|0|0|2.084758|2.074491|2.094732|2.081590|0.016254|4.365238|0.034087|6|0|2.081590|0.016254|4.365238|0.034087
241|59|6395|_MG|89749|MG--|12|105.209999|96.420410|1.000000|1.000000|6|6|6|0|0|0|4.249661|6|0|0|0|0|0|0|0|0|0|0|1|5|0|0|0|0|0|0|0|0|0|0|0|0|0|0|0|0|0|0|2.075868|2.034680|2.084633|2.134556|0.078420|4.476311|0.164452|8|0|2.202083|0.140992|4.613132|0.291111
241|60|6396|_MG|89750|MG--|12|48.980000|40.352345|1.000000|1.000000|6|6|6|0|0|0|3.775269|6|0|0|0|0|0|0|0|0|0|0|2|4|0|0|0|0|0|0|0|0|0|0|0|0|0|0|0|0|0|0|2.096104|1.978170|2.264343|2.068264|0.171423|4.337293|0.359486|9|0|2.132737|0.203315|4.468192|0.423207
241|61|6397|_MG|89751|MG--|12|24.780001|24.818731|1.000000|1.000000|6|6|6|0|0|0|0.306979|6|0|0|0|0|0|0|0|0|0|0|0|6|0|0|0|0|0|0|0|0|0|0|0|0|0|0|0|0|0|0|2.083065|2.071198|2.094743|2.091175|0.016918|4.385338|0.035478|7|0|2.094992|0.014863|4.393342|0.031168
241|62|6398|_MG|89752|MG--|12|42.220001|42.220001|1.000000|1.000000|6|6|6|0|0|0|0.131107|6|0|0|0|0|0|0|0|0|0|0|0|6|0|0|0|0|0|0|0|0|0|0|0|0|0|0|0|0|0|0|2.082670|2.080096|2.085254|2.093021|0.005031|4.389210|0.010550|6|0|2.093021|0.005031|4.389210|0.010550
241|63|6399|_MG|89753|MG--|12|66.680000|66.680000|0.500000|0.500000|6|6|6|0|0|0|0.284816|6|0|0|0|0|0|0|0|0|0|0|0|6|0|0|0|0|0|0|0|0|0|0|0|0|0|0|0|0|0|0|2.083063|2.075174|2.091023|2.091064|0.013588|4.385105|0.028494|6|0|2.091064|0.013588|4.385105|0.028494
241|64|6400|_MG|89754|MG--|12|25.260000|25.259998|1.000000|1.000000|6|6|6|0|0|0|0.209931|6|0|0|0|0|0|0|0|0|0|0|0|6|0|0|0|0|0|0|0|0|0|0|0|0|0|0|0|0|0|0|2.083769|2.079458|2.087520|2.086842|0.003837|4.376251|0.008047|6|0|2.086842|0.003837|4.376251|0.008047
241|65|6401|_MG|89755|MG--|12|12.180000|20.768682|1.000000|1.000000|6|6|6|0|0|0|1.988360|6|0|0|0|0|0|0|0|0|0|0|1|5|0|0|0|0|0|0|0|0|0|0|0|0|0|0|0|0|0|0|2.056717|1.921096|2.084551|2.278501|0.195267|4.778174|0.409488|6|0|2.278501|0.195267|4.778174|0.409488
241|66|6402|_MG|89756|MG--|12|11.480000|13.797449|1.000000|1.000000|6|6|6|0|0|0|11.538049|6|0|0|0|0|0|0|0|0|0|0|3|3|0|0|0|0|0|0|0|0|0|0|0|0|0|0|0|0|0|0|2.190144|2.001761|2.500483|1.742828|0.297568|3.654830|0.624020|11|0|1.858887|0.255812|3.889711|0.538772
241|67|6403|_MG|89757|MG--|12|49.110001|46.376705|1.000000|1.000000|6|6|6|0|0|0|5.987167|6|0|0|0|0|0|0|0|0|0|0|1|5|0|0|0|0|0|0|0|0|0|0|0|0|0|0|0|0|0|0|2.091868|2.082724|2.132542|2.044007|0.087388|4.286423|0.183258|10|0|2.098226|0.076760|4.396439|0.160828
241|68|6404|_MG|89758|MG--|12|50.160000|47.848930|1.000000|1.000000|6|6|6|0|0|0|1.897208|6|0|0|0|0|0|0|0|0|0|0|1|5|0|0|0|0|0|0|0|0|0|0|0|0|0|0|0|0|0|0|2.057332|1.924760|2.084516|2.273153|0.189340|4.766959|0.397060|7|0|2.324448|0.239619|4.870534|0.498566
241|69|6405|_MG|89759|MG--|12|60.639999|56.736874|1.000000|1.000000|6|6|6|0|0|0|8.458615|6|0|0|0|0|0|0|0|0|0|0|1|5|0|0|0|0|0|0|0|0|0|0|0|0|0|0|0|0|0|0|2.123924|2.082665|2.324590|1.920298|0.185252|4.026997|0.388486|9|0|1.947030|0.170236|4.081363|0.358310
241|70|6406|_MG|89760|MG--|12|27.120001|29.321264|1.000000|1.000000|5|5|5|0|0|0|9.023635|5|0|0|0|0|0|0|0|0|0|0|1|4|0|0|0|0|0|0|0|0|0|0|0|0|0|0|0|0|0|0|2.160007|2.083917|2.462063|1.513588|0.370958|3.174099|0.777924|8|0|1.607162|0.335488|3.367924|0.705558
241|71|6407|_MG|89761|MG--|12|5.000000|18.030249|1.000000|1.000000|6|6|6|0|0|0|11.433319|6|0|0|0|0|0|0|0|0|0|0|3|3|0|0|0|0|0|0|0|0|0|0|0|0|0|0|0|0|0|0|2.135866|1.907834|2.461442|1.985718|0.312956|4.164187|0.656291|11|0|2.140633|0.365605|4.477511|0.762117
241|72|6408|_MG|89762|MG--|12|44.340000|43.345245|1.000000|1.000000|6|6|6|0|0|0|5.328402|6|0|0|0|0|0|0|0|0|0|0|1|5|0|0|0|0|0|0|0|0|0|0|0|0|0|0|0|0|0|0|2.060956|1.944262|2.085835|2.243609|0.179856|4.705004|0.377170|10|0|2.330372|0.247451|4.881047|0.513682
241|73|6409|_MG|89763|MG--|12|12.850000|12.205796|1.000000|1.000000|7|6|6|0|0|0|2.707891|6|0|0|1|0|0|0|0|0|0|0|1|5|0|0|0|0|0|0|0|0|0|0|0|0|0|1|0|0|0|0|2.195308|1.887515|3.062633|2.455760|0.360122|5.140251|0.746074|9|0|2.466155|0.368061|5.162048|0.762671
241|74|6410|_MG|89764|MG--|12|42.860001|37.896832|1.000000|1.000000|5|5|6|0|1|0|10.678722|5|0|0|0|0|0|0|0|0|0|0|1|4|0|0|0|0|0|0|0|0|0|0|0|0|0|0|0|0|0|0|2.146353|2.079575|2.398247|1.541344|0.361326|3.232305|0.757726|8|0|1.625677|0.343754|3.406424|0.722058
241|75|6411|_MG|89765|MG--|12|69.000000|61.924351|1.000000|1.000000|6|6|6|0|0|0|9.867048|6|0|0|0|0|0|0|0|0|0|0|1|5|0|0|0|0|0|0|0|0|0|0|0|0|0|0|0|0|0|0|2.117357|2.083999|2.282334|1.939567|0.176466|4.067405|0.370062|9|0|1.989094|0.144354|4.168204|0.305141
241|76|6412|_MG|89766|MG--|12|41.900002|29.018282|1.000000|1.000000|6|6|6|0|0|0|3.745028|6|0|0|0|0|0|0|0|0|0|0|2|4|0|0|0|0|0|0|0|0|0|0|0|0|0|0|0|0|0|0|2.041169|1.816615|2.092981|2.444229|0.330346|5.125716|0.692759|8|0|2.477827|0.328866|5.193719|0.689750
241|77|6413|_MG|89767|MG--|12|5.000000|14.415782|1.000000|1.000000|6|6|6|0|0|0|3.390037|6|0|0|0|0|0|0|0|0|0|0|1|5|0|0|0|0|0|0|0|0|0|0|0|0|0|0|0|0|0|0|2.072491|2.021876|2.085011|2.155575|0.081799|4.520390|0.171538|9|0|2.171195|0.083523|4.554593|0.175314
241|78|6414|_MG|89768|MG--|12|7.850000|7.937020|1.000000|1.000000|7|6|6|0|0|0|0.641721|6|0|0|1|0|0|0|0|0|0|0|1|5|0|0|0|0|0|0|0|0|0|0|0|0|0|1|0|0|0|0|2.191127|1.851495|3.066383|2.512134|0.420950|5.258567|0.873489|9|0|2.521569|0.428777|5.278353|0.889880
241|79|6415|_MG|89769|MG--|12|34.740002|29.690104|1.000000|1.000000|7|6|6|0|0|0|7.743985|6|0|0|1|0|0|0|0|0|0|0|2|4|0|0|0|0|0|0|0|0|0|0|0|0|0|1|0|0|0|0|2.261271|1.951589|3.220520|2.151126|0.213850|4.504763|0.442680|9|0|2.177712|0.208249|4.558757|0.431428
241|80|6416|_MG|89770|MG--|12|110.260002|110.260010|1.000000|1.000000|6|6|6|0|0|0|0.292881|6|0|0|0|0|0|0|0|0|0|0|0|6|0|0|0|0|0|0|0|0|0|0|0|0|0|0|0|0|0|0|2.084191|2.073338|2.095491|2.084754|0.015323|4.371872|0.032133|6|0|2.084754|0.015323|4.371872|0.032133
241|81|6417|_MG|89771|MG--|12|61.330002|33.723083|1.000000|1.000000|7|6|6|0|0|0|16.084814|6|0|0|1|0|0|0|0|0|0|0|3|3|0|0|0|0|0|0|0|0|0|0|0|0|0|1|0|0|0|0|2.293905|1.870042|3.107262|2.064569|0.416226|4.320991|0.866159|12|0|2.128746|0.414847|4.452486|0.863632
241|82|6418|_MG|89772|MG--|12|18.360001|17.089733|1.000000|1.000000|6|6|6|0|0|0|8.840299|6|0|0|0|0|0|0|0|0|0|0|3|3|0|0|0|0|0|0|0|0|0|0|0|0|0|0|0|0|0|0|2.130059|1.866068|2.354329|2.025391|0.353233|4.247384|0.740755|12|0|2.142458|0.285654|4.485616|0.604252
241|83|6419|_MG|89773|MG--|12|18.500000|22.972208|1.000000|1.000000|6|6|6|0|0|0|6.342696|6|0|0|0|0|0|0|0|0|0|0|3|3|0|0|0|0|0|0|0|0|0|0|0|0|0|0|0|0|0|0|2.022870|1.879673|2.085957|2.513358|0.238452|5.270686|0.500051|10|0|2.662868|0.269975|5.572728|0.563378
241|84|6420|_MG|89774|MG--|12|64.019997|41.812672|1.000000|1.000000|6|6|6|0|0|0|5.463374|6|0|0|0|0|0|0|0|0|0|0|3|3|0|0|0|0|0|0|0|0|0|0|0|0|0|0|0|0|0|0|2.027382|1.864994|2.099763|2.506946|0.269677|5.257240|0.565531|12|0|2.683300|0.355003|5.613858|0.737822
241|85|6421|_MG|89775|MG--|12|25.030001|17.667311|1.000000|1.000000|7|6|6|0|0|0|9.321209|6|0|0|1|0|0|0|0|0|0|0|3|3|0|0|0|0|0|0|0|0|0|0|0|0|0|1|0|0|0|0|2.207737|1.833118|3.147386|2.496700|0.571762|5.228078|1.191549|11|0|2.617276|0.545647|5.472295|1.138739
241|86|6422|_MG|89776|MG--|12|40.810001|26.236168|1.000000|1.000000|7|6|6|0|0|0|10.171792|6|0|0|1|0|0|0|0|0|0|0|4|2|0|0|0|0|0|0|0|0|0|0|0|0|0|1|0|0|0|0|2.226142|1.930958|3.090241|2.263609|0.229917|4.737990|0.474702|14|0|2.407800|0.219471|5.030390|0.454831
241|87|6423|_MG|89777|MG--|12|51.980000|46.203148|1.000000|1.000000|7|6|6|0|0|0|2.520436|6|0|0|1|0|0|0|0|0|0|0|1|5|0|0|0|0|0|0|0|0|0|0|0|0|0|1|0|0|0|0|2.207317|1.948376|3.080580|2.355303|0.264686|4.930042|0.546410|9|0|2.365837|0.272904|4.952132|0.563581
241|88|6424|_MG|89778|MG--|12|28.770000|30.423344|1.000000|1.000000|6|5|6|0|1|0|11.246482|5|0|0|1|0|0|0|0|0|0|0|2|3|0|0|0|0|0|0|0|0|0|0|0|0|0|1|0|0|0|0|2.206830|1.891900|3.166805|2.248319|0.559892|4.707599|1.168651|9|0|2.330778|0.581182|4.876214|1.211044
241|89|6425|_MG|89779|MG--|12|106.919998|67.361557|1.000000|1.000000|6|6|6|0|0|0|9.553339|6|0|0|0|0|0|0|0|0|0|0|4|2|0|0|0|0|0|0|0|0|0|0|0|0|0|0|0|0|0|0|2.121732|1.909711|2.239988|1.980353|0.302461|4.152938|0.634281|11|0|2.117722|0.324874|4.430827|0.679322
241|90|6426|_MG|89780|MG--|12|39.450001|26.614431|1.000000|1.000000|7|6|6|0|0|0|7.154350|6|0|0|1|0|0|0|0|0|0|0|3|3|0|0|0|0|0|0|0|0|0|0|0|0|0|1|0|0|0|0|2.227748|1.925853|3.200471|2.314437|0.123937|4.846887|0.263932|14|0|2.439308|0.176319|5.100245|0.367963
241|91|6427|_MG|89781|MG--|12|16.020000|24.937550|1.000000|1.000000|6|6|6|0|0|0|5.229481|6|0|0|0|0|0|0|0|0|0|0|2|4|0|0|0|0|0|0|0|0|0|0|0|0|0|0|0|0|0|0|2.052922|1.978065|2.085191|2.285109|0.116543|4.792032|0.244399|7|0|2.333543|0.163610|4.889830|0.339407
241|92|6428|_MG|89782|MG--|12|48.220001|48.220005|0.500000|0.500000|6|6|6|0|0|0|0.431672|6|0|0|0|0|0|0|0|0|0|0|0|6|0|0|0|0|0|0|0|0|0|0|0|0|0|0|0|0|0|0|2.082664|2.061408|2.099786|2.094465|0.035555|4.392238|0.074561|6|0|2.094465|0.035555|4.392238|0.074561
241|93|6429|_MG|89783|MG--|12|33.040001|19.402903|1.000000|1.000000|7|6|6|0|0|0|7.450158|6|0|0|1|0|0|0|0|0|0|0|4|2|0|0|0|0|0|0|0|0|0|0|0|0|0|1|0|0|0|0|2.279799|1.946993|3.133738|1.998291|0.286795|4.182594|0.593914|10|0|2.056071|0.285482|4.299832|0.591318
241|94|6430|_MG|89784|MG--|12|44.299999|42.004215|1.000000|1.000000|6|6|6|0|0|0|6.340216|6|0|0|0|0|0|0|0|0|0|0|1|5|0|0|0|0|0|0|0|0|0|0|0|0|0|0|0|0|0|0|2.093186|2.083043|2.139705|2.037463|0.092305|4.272699|0.193570|8|0|2.093096|0.095689|4.385239|0.199240
241|95|6431|_MG|89785|MG--|12|31.030001|27.414381|1.000000|1.000000|6|6|6|0|0|0|3.577907|6|0|0|0|0|0|0|0|0|0|0|1|5|0|0|0|0|0|0|0|0|0|0|0|0|0|0|0|0|0|0|2.061292|1.949305|2.084393|2.239582|0.161319|4.696559|0.338297|8|0|2.287852|0.203421|4.794202|0.423122
241|96|6432|_MG|89786|MG--|12|19.910000|18.675093|1.000000|1.000000|7|6|0|0|-1|1|180.000000|6|0|0|1|0|0|0|0|0|0|0|2|4|0|0|0|0|0|0|0|0|0|0|0|0|0|1|0|0|0|0|2.231671|1.924972|3.110196|2.255294|0.277737|4.721022|0.574193|12|0|2.314712|0.260473|4.842237|0.539533
241|97|6433|_MG|89787|MG--|12|9.860000|9.988782|1.000000|1.000000|6|6|0|0|-1|1|180.000000|6|0|0|0|0|0|0|0|0|0|0|1|5|0|0|0|0|0|0|0|0|0|0|0|0|0|0|0|0|0|0|2.095540|2.083747|2.152472|2.026046|0.090498|4.248759|0.189780|8|0|2.056926|0.075450|4.311436|0.158807
241|98|6434|_MG|89788|MG--|12|11.540000|14.490516|1.000000|1.000000|6|6|6|0|0|0|6.365424|6|0|0|0|0|0|0|0|0|0|0|2|4|0|0|0|0|0|0|0|0|0|0|0|0|0|0|0|0|0|0|2.122258|2.083185|2.224613|1.901473|0.102348|3.987519|0.214630|10|0|2.040573|0.056321|4.269363|0.117797
241|99|6435|_MG|89789|MG--|12|6.400000|11.252329|1.000000|1.000000|7|7|9|0|0|1|11.861701|6|0|0|1|0|0|0|0|0|0|0|3|3|0|0|0|0|0|0|0|0|0|0|0|0|0|1|0|0|0|0|2.351983|2.083494|2.995843|1.656407|0.223502|3.462042|0.478559|11|0|1.751536|0.170823|3.660964|0.366498
241|100|6436|_MG|89790|MG--|12|30.260000|25.269133|1.000000|1.000000|7|6|6|0|0|0|8.425735|6|0|0|1|0|0|0|0|0|0|0|2|4|0|0|0|0|0|0|0|0|0|0|0|0|0|1|0|0|0|0|2.220464|1.996759|3.055185|2.243232|0.293213|4.694368|0.606810|11|0|2.306725|0.253311|4.823892|0.526641
241|101|6437|_MG|89791|MG--|12|13.060000|10.332823|1.000000|1.000000|5|4|4|0|0|1|23.371269|4|0|0|1|0|0|0|0|0|0|0|1|3|0|0|0|0|0|0|0|0|0|0|0|0|0|1|0|0|0|0|2.167608|1.735054|2.850182|2.154580|0.780490|4.501171|1.621352|10|0|2.302390|0.774531|4.817097|1.606586
241|102|6438|_MG|89792|MG--|12|61.410000|55.319077|1.000000|1.000000|6|6|6|0|0|1|20.532190|6|0|0|0|0|0|0|0|0|0|0|3|3|0|0|0|0|0|0|0|0|0|0|0|0|0|0|0|0|0|0|2.200032|2.074230|2.458043|1.666178|0.105031|3.494091|0.220258|11|0|1.747799|0.121671|3.659223|0.253649
241|103|6439|_MG|89793|MG--|12|44.650002|37.273617|1.000000|1.000000|6|6|6|0|0|0|3.170392|6|0|0|0|0|0|0|0|0|0|0|1|5|0|0|0|0|0|0|0|0|0|0|0|0|0|0|0|0|0|0|2.055458|1.916767|2.085101|2.287894|0.203953|4.797872|0.427704|8|0|2.348463|0.261705|4.920363|0.544421
241|104|6440|_MG|89794|MG--|12|24.379999|28.894068|1.000000|1.000000|8|6|6|0|0|0|9.694487|5|1|0|2|0|0|0|0|0|0|0|2|3|0|0|0|0|0|0|0|1|0|0|0|0|0|2|0|0|0|0|2.419947|1.813386|3.196048|2.246478|0.478611|4.709038|0.992298|11|0|2.275480|0.483979|4.769856|1.002927
241|105|6441|_MG|89795|MG--|12|7.790000|7.884348|1.000000|1.000000|6|6|6|0|0|0|0.183228|6|0|0|0|0|0|0|0|0|0|0|0|6|0|0|0|0|0|0|0|0|0|0|0|0|0|0|0|0|0|0|2.083924|2.082264|2.085090|2.085923|0.001573|4.374324|0.003298|8|0|2.092195|0.004780|4.387478|0.010024
241|106|6442|_MG|89796|MG--|12|19.200001|24.291100|1.000000|1.000000|6|6|6|0|0|0|11.088389|5|1|0|0|0|0|0|0|0|0|0|1|4|0|0|0|0|0|0|0|1|0|0|0|0|0|0|0|0|0|0|2.193228|2.084055|2.469491|1.768748|0.241177|3.733031|0.490213|8|0|1.791136|0.231432|3.778614|0.469830
241|107|6443|_MG|89797|MG--|12|24.870001|36.740856|1.000000|1.000000|7|7|10|0|0|1|8.424928|6|1|0|0|0|0|0|0|0|0|0|3|3|0|0|1|0|0|0|0|0|0|0|0|0|0|0|0|0|0|0|2.284322|2.083210|2.484839|1.649419|0.125152|3.475610|0.252384|12|0|1.744109|0.112493|3.667450|0.225626
241|108|6444|_MG|89798|MG--|12|57.480000|49.757488|1.000000|1.000000|6|6|6|0|0|0|3.875069|6|0|0|0|0|0|0|0|0|0|0|1|5|0|0|0|0|0|0|0|0|0|0|0|0|0|0|0|0|0|0|2.076654|2.039163|2.084634|2.129554|0.070909|4.465821|0.148701|8|0|2.187567|0.116082|4.583161|0.239611
241|109|6445|_MG|89799|MG--|12|69.910004|69.936287|1.000000|1.000000|6|6|6|0|0|0|0.291373|6|0|0|0|0|0|0|0|0|0|0|0|6|0|0|0|0|0|0|0|0|0|0|0|0|0|0|0|0|0|0|2.083412|2.077566|2.090386|2.088980|0.009169|4.380736|0.019229|7|0|2.092332|0.010021|4.388076|0.021144
241|110|6446|_MG|89800|MG--|12|38.849998|38.941456|1.000000|1.000000|6|6|6|0|0|0|0.398132|6|0|0|0|0|0|0|0|0|0|0|0|6|0|0|0|0|0|0|0|0|0|0|0|0|0|0|0|0|0|0|2.083383|2.068368|2.097377|2.089694|0.022774|4.382233|0.047758|7|0|2.094599|0.025099|4.392519|0.052634
