478|0|-1|822|23|159|GLU|_CD|2546|180|1158|-OE1|CD--|1040|8|48|2|0011|2.301244|-0.407606|-0.604021|0.684847|12.261430|0.341765|0.405206
478|1|-1|834|23|159|GLU|_CD|2546|182|1158|-OE2|CD--|1040|8|48|2|0011|2.422565|0.481721|-0.368617|0.795026|13.784449|0.246220|0.291925
478|2|-1|840|23|159|GLU|_CD|2546|183|1158|-OE2|CD--|1040|8|48|2|0011|3.347136|0.029876|-0.046607|0.998466|214.519867|0.020234|0.023991
478|3|-1|1563|45|163|HIS|_CD|3346|350|1162|-ND1|CD--|1340|7|48|3|0011|2.485919|0.715631|0.696724|0.049478|582.373657|0.241375|0.392618
478|4|-1|1564|45|154|HIS|_CU|3346|350|1153|-ND1|CU--|1340|7|29|3|0011|1.988489|0.532565|0.503397|0.680416|2.831125|0.359536|1.506051
478|5|-1|1679|47|163|HIS|_CD|3346|370|1162|-NE2|CD--|1340|7|48|3|0011|2.394103|-0.475753|0.204669|-0.855435|532.072449|0.309360|0.503202
478|6|-1|1680|47|154|HIS|_CU|3346|370|1153|-NE2|CU--|1340|7|29|3|0011|2.045261|-0.908931|-0.117834|-0.399949|4.376757|0.308393|1.291820
478|7|-1|1822|49|157|GLU|_CD|2546|390|1156|-OE1|CD--|1040|8|48|2|0011|2.050211|0.910638|0.407276|-0.069748|3.516380|0.673569|0.798600
478|8|-1|1831|49|157|GLU|_CD|2546|391|1156|-OE1|CD--|1040|8|48|2|0011|2.590024|0.922385|-0.032046|0.384939|5.060614|0.156591|0.185658
478|9|-1|1837|49|157|GLU|_CD|2546|392|1156|-OE2|CD--|1040|8|48|2|0011|2.882130|0.841739|-0.326147|-0.430237|1.932876|0.071105|0.084304
478|10|-1|1851|49|157|GLU|_CD|2546|393|1156|-OE2|CD--|1040|8|48|2|0011|2.380323|0.873411|0.081082|-0.480186|4.707654|0.275999|0.327231
478|11|-1|1906|50|155|GLU|_CD|2546|405|1154|-OE1|CD--|1040|8|48|2|0011|2.670206|0.946369|-0.290240|-0.141937|4.951373|0.126082|0.149486
478|12|-1|1912|50|155|GLU|_CD|2546|406|1154|-OE2|CD--|1040|8|48|2|0011|2.289256|0.707654|0.658730|0.255541|4.025512|0.353019|0.418548
478|13|-1|1916|50|155|GLU|_CD|2546|407|1154|-OE2|CD--|1040|8|48|2|0011|2.203233|0.835591|0.495636|0.236924|3.291911|0.445420|0.528101
478|14|-1|1947|51|155|ASP|_CD|2146|414|1154|-OD1|CD--|1040|8|48|2|0011|3.947240|0.185193|-0.834254|-0.519350|4.537981|0.003997|0.004739
478|15|-1|1951|51|157|ASP|_CD|2146|415|1156|-OD2|CD--|1040|8|48|2|0011|2.250472|-0.504339|0.602541|-0.618536|0.530959|0.392033|0.464804
478|16|-1|2290|62|153|HIS|_ZN|3346|485|1152|-ND1|ZN--|1340|7|30|3|0011|1.997357|-0.058578|-0.765011|-0.641348|0.352246|0.540923|1.470382
478|17|-1|2307|62|163|HIS|_CD|3346|488|1162|-NE2|CD--|1340|7|48|3|0011|2.266937|-0.512145|0.580519|0.633013|614.596375|0.436242|0.709588
478|18|-1|2308|62|154|HIS|_CU|3346|488|1153|-NE2|CU--|1340|7|29|3|0011|3.314002|-0.567592|0.176523|0.804163|2.043976|0.009998|0.041879
478|19|-1|2653|70|153|HIS|_ZN|3346|555|1152|-ND1|ZN--|1340|7|30|3|0011|2.031429|0.640436|-0.270746|0.718706|0.111282|0.493336|1.341026
478|20|-1|2868|75|160|ASP|_CD|2146|589|1159|-OD1|CD--|1040|8|48|2|0011|2.441631|0.432498|-0.329697|-0.839193|65.081848|0.233854|0.277264
478|21|-1|3018|79|153|HIS|_ZN|3346|618|1152|-ND1|ZN--|1340|7|30|3|0011|1.995406|-0.898565|0.342286|0.274631|0.183433|0.543783|1.478156
478|22|-1|3086|82|153|ASP|_ZN|2146|639|1152|-OD1|ZN--|1040|8|30|2|0011|1.971264|0.589976|0.664548|-0.458589|0.183433|0.485617|0.988543
478|23|-1|3087|82|153|ASP|_ZN|2146|640|1152|-OD2|ZN--|1040|8|30|2|0011|2.886228|0.358599|0.867915|0.343701|0.694757|0.040958|0.083376
478|24|-1|3805|108|161|ASP|_CD|2146|816|1160|-O--|CD--|440|8|48|2|0011|2.512609|0.407147|0.514605|-0.754595|4.326531|0.193034|0.228866
478|25|-1|3832|108|162|ASP|_CD|2146|820|1161|-OD2|CD--|1040|8|48|2|0011|2.329292|-0.516466|-0.342593|-0.784788|41.038128|0.316815|0.375623
478|26|-1|3874|109|161|HIS|_CD|3346|830|1160|-ND1|CD--|1340|7|48|3|0011|2.518466|0.631734|0.533658|0.562247|15.087802|0.221050|0.359557
478|27|-1|3877|109|158|HIS|_CD|3346|830|1157|-ND1|CD--|1340|7|48|3|0011|3.252222|0.866177|-0.094397|-0.490741|0.547308|0.030425|0.049489
478|28|-1|3903|109|161|HIS|_CD|3346|835|1160|-NE2|CD--|1340|7|48|3|0011|3.328775|0.270069|0.552455|0.788578|6.897223|0.024739|0.040240
478|29|-1|3907|109|158|HIS|_CD|3346|835|1157|-NE2|CD--|1340|7|48|3|0011|2.168118|0.980112|0.086711|-0.178495|3.471787|0.569793|0.926820
478|30|-1|3912|109|158|HIS|_CD|3346|836|1157|-NE2|CD--|1340|7|48|3|0011|2.997788|0.913674|0.404965|-0.034692|0.817487|0.060517|0.098436
478|31|-1|4195|119|163|HIS|_CD|3346|912|1162|-NE2|CD--|1340|7|48|3|0011|2.272309|0.664082|-0.580026|-0.471767|526.020142|0.429954|0.699359
478|32|-1|4196|119|154|HIS|_CU|3346|912|1153|-NE2|CU--|1340|7|29|3|0011|2.201337|0.358418|-0.930798|0.071774|4.594337|0.202259|0.847237
478|33|-1|4241|120|164|GLU|_CL|2547|920|1163|-OE1|CL--|1038|8|17|2|0011|2.821090|0.426785|-0.215165|-0.878384|0.160935|0.040205|0.099425
478|34|-1|4242|120|156|GLU|_CD|2546|920|1155|-OE1|CD--|1040|8|48|2|0011|2.326380|0.701089|0.556230|-0.446187|20.804722|0.319318|0.378591
478|35|-1|4251|120|164|GLU|_CL|2547|921|1163|-OE2|CL--|1038|8|17|2|0011|3.830797|0.800094|-0.395740|-0.450820|41.868801|0.002625|0.006491
478|36|-1|4252|120|156|GLU|_CD|2546|921|1155|-OE2|CD--|1040|8|48|2|0011|3.524863|0.990677|0.109225|-0.081422|112.954346|0.012516|0.014840
478|37|-1|4725|135|153|LYS|_ZN|2946|1025|1152|-O--|ZN--|440|8|30|2|0011|3.847809|-0.478194|-0.775246|0.412703|2.129417|0.003046|0.006200
478|38|-1|4844|141|164|SER|_CL|1147|1059|1163|-N--|CL--|138|7|17|4|0011|3.250321|-0.551330|0.708853|-0.439957|26.107716|-0.001000|0.049744
478|39|-1|4866|141|164|SER|_CL|1147|1064|1163|-OG-|CL--|1738|8|17|3|0011|3.083246|-0.636667|-0.088219|-0.766076|2.557372|0.019796|0.048954
478|40|-1|4867|141|156|SER|_CD|1146|1064|1155|-OG-|CD--|1740|8|48|3|0011|2.421369|-0.634352|0.672761|-0.380777|15.616180|0.247018|0.292871
478|41|-1|4868|141|165|SER|_CL|1147|1064|1164|-OG-|CL--|1738|8|17|3|0011|3.403988|0.126029|0.790544|-0.599297|2.008291|0.008319|0.020573
478|42|-1|5149|163|154|_CD|_CU|4646|1162|1153|CD--|CU--|4040|48|29|1|0011|1.601768|-0.449503|-0.456371|0.767901|737.836975|-0.001000|-0.001000
478|43|-1|5149|154|163|_CU|_CD|4646|1153|1162|CU--|CD--|4040|29|48|1|0011|1.601768|0.449503|0.456371|-0.767901|737.836975|-0.001000|-0.001000
478|44|-1|5150|175|154|HOH|_CU|4346|1174|1153|-O--|CU--|2840|8|29|3|0011|3.668415|0.034075|-0.474865|0.879399|4.000121|0.004623|0.010068
478|45|-1|5151|223|154|HOH|_CU|4346|1222|1153|-O--|CU--|2840|8|29|3|0011|3.951888|-0.594905|-0.682965|0.423848|30.402571|0.002149|0.004680
478|46|-1|5152|177|155|HOH|_CD|4346|1176|1154|-O--|CD--|2840|8|48|3|0011|2.269627|0.152448|-0.876356|0.456903|3.100476|0.372254|0.441353
478|47|-1|5153|164|156|_CL|_CD|4746|1163|1155|CL--|CD--|3840|17|48|1|0011|2.422754|0.176246|0.784645|0.594365|21.209608|0.593953|0.867120
478|48|-1|5153|156|164|_CD|_CL|4647|1155|1163|CD--|CL--|4038|48|17|1|0011|2.422754|-0.176246|-0.784645|-0.594365|21.209608|-0.001000|-0.001000
478|49|-1|5154|256|156|HOH|_CD|4346|1255|1155|-O--|CD--|2840|8|48|3|0011|2.395025|0.636736|-0.684335|0.355320|24.513159|0.265247|0.314483
478|50|-1|5155|165|156|_CL|_CD|4746|1164|1155|CL--|CD--|3840|17|48|1|0011|2.497798|-0.786693|-0.425175|0.447594|11.672501|0.484917|0.707937
478|51|-1|5155|156|165|_CD|_CL|4647|1155|1164|CD--|CL--|4038|48|17|1|0011|2.497798|0.786693|0.425175|-0.447594|11.672501|-0.001000|-0.001000
478|52|-1|5156|274|156|HOH|_CD|4346|1273|1155|-O--|CD--|2840|8|48|3|0011|2.517627|-0.155702|-0.474653|-0.866292|31.310314|0.190433|0.225783
478|53|-1|5157|267|157|HOH|_CD|4346|1266|1156|-O--|CD--|2840|8|48|3|0011|3.967071|0.240480|0.554314|0.796810|43.835312|0.003788|0.004491
478|54|-1|5158|332|157|HOH|_CD|4346|1331|1156|-O--|CD--|2840|8|48|3|0011|3.839000|0.307892|0.950508|0.041677|83.562454|0.005355|0.006349
478|55|-1|5159|384|158|HOH|_CD|4346|1383|1157|-O--|CD--|2840|8|48|3|0011|3.900434|0.458154|0.727868|0.510199|80.543419|0.004536|0.005378
478|56|-1|5160|161|158|_CD|_CD|4646|1160|1157|CD--|CD--|4040|48|48|1|0011|3.647056|0.336162|-0.452694|-0.825871|13.635408|-0.001000|-0.001000
478|57|-1|5160|158|161|_CD|_CD|4646|1157|1160|CD--|CD--|4040|48|48|1|0011|3.647056|-0.336162|0.452694|0.825871|13.635408|-0.001000|-0.001000
478|58|-1|5161|395|158|HOH|_CD|4346|1394|1157|-O--|CD--|2840|8|48|3|0011|2.292956|0.112955|0.990425|0.079374|86.205940|0.349507|0.414384
478|59|-1|5162|209|158|HOH|_CD|4346|1208|1157|-O--|CD--|2840|8|48|3|0011|2.495973|-0.064504|-0.037661|0.997207|5.423957|0.201911|0.239391
478|60|-1|5163|186|158|HOH|_CD|4346|1185|1157|-O--|CD--|2840|8|48|3|0011|3.739157|-0.060976|-0.720216|0.691065|0.131049|0.007014|0.008316
478|61|-1|5164|243|158|HOH|_CD|4346|1242|1157|-O--|CD--|2840|8|48|3|0011|2.457232|-0.030522|-0.997464|-0.064300|15.961022|0.224199|0.265816
478|62|-1|5165|434|159|HOH|_CD|4346|1433|1158|-O--|CD--|2840|8|48|3|0011|2.567506|0.806620|0.361830|0.467380|261.747528|0.166417|0.197308
478|63|-1|5166|178|159|HOH|_CD|4346|1177|1158|-O--|CD--|2840|8|48|3|0011|2.532309|0.750303|0.551276|-0.364884|4.157989|0.183025|0.216999
478|64|-1|5167|386|159|HOH|_CD|4346|1385|1158|-O--|CD--|2840|8|48|3|0011|3.749506|0.263768|0.961993|0.070676|153.083710|0.006820|0.008086
478|65|-1|5168|318|159|HOH|_CD|4346|1317|1158|-O--|CD--|2840|8|48|3|0011|2.359071|-0.312411|0.752415|0.579889|94.661049|0.292315|0.346576
478|66|-1|5169|233|160|HOH|_CD|4346|1232|1159|-O--|CD--|2840|8|48|3|0011|2.581517|0.170055|0.951379|-0.256826|16.074682|0.160233|0.189976
478|67|-1|5170|383|160|HOH|_CD|4346|1382|1159|-O--|CD--|2840|8|48|3|0011|2.645829|-0.228662|0.237355|0.944127|89.395554|0.134668|0.159666
478|68|-1|5171|286|160|HOH|_CD|4346|1285|1159|-O--|CD--|2840|8|48|3|0011|3.892199|-0.642567|-0.764863|-0.045732|37.727871|0.004638|0.005499
478|69|-1|5172|205|160|HOH|_CD|4346|1204|1159|-O--|CD--|2840|8|48|3|0011|2.611843|-0.975173|0.027184|-0.219768|5.411830|0.147624|0.175026
478|70|-1|5173|231|161|HOH|_CD|4346|1230|1160|-O--|CD--|2840|8|48|3|0011|3.744030|0.180287|-0.257744|-0.949244|44.058044|0.006922|0.008207
478|71|-1|5174|181|161|HOH|_CD|4346|1180|1160|-O--|CD--|2840|8|48|3|0011|2.356373|0.598802|-0.798261|-0.064930|11.315001|0.294455|0.349113
478|72|-1|5175|429|161|HOH|_CD|4346|1428|1160|-O--|CD--|2840|8|48|3|0011|3.958690|0.694422|-0.465558|-0.548666|279.091644|0.003875|0.004594
478|73|-1|5176|243|161|HOH|_CD|4346|1242|1160|-O--|CD--|2840|8|48|3|0011|3.236961|-0.401920|-0.247145|0.881691|51.331608|0.027253|0.032312
478|74|-1|5177|400|161|HOH|_CD|4346|1399|1160|-O--|CD--|2840|8|48|3|0011|3.606324|-0.207413|-0.919219|0.334690|203.356979|0.010043|0.011907
478|75|-1|5178|338|161|HOH|_CD|4346|1337|1160|-O--|CD--|2840|8|48|3|0011|2.805809|-0.394539|-0.552069|-0.734547|141.405899|0.087395|0.103617
478|76|-1|5179|418|162|HOH|_CD|4346|1417|1161|-O--|CD--|2840|8|48|3|0011|2.412775|-0.074603|0.988074|-0.134700|103.899986|0.252823|0.299753
478|77|-1|5180|342|162|HOH|_CD|4346|1341|1161|-O--|CD--|2840|8|48|3|0011|2.419856|0.308696|0.585985|0.749218|55.068333|0.248030|0.294071
478|78|-1|5181|208|162|HOH|_CD|4346|1207|1161|-O--|CD--|2840|8|48|3|0011|2.552185|0.813421|-0.098739|-0.573234|4.470291|0.173453|0.205650
478|79|-1|5182|305|162|HOH|_CD|4346|1304|1161|-O--|CD--|2840|8|48|3|0011|2.885897|-0.549223|0.506602|-0.664612|39.413353|0.070385|0.083450
478|80|-1|5183|294|162|HOH|_CD|4346|1293|1161|-O--|CD--|2840|8|48|3|0011|2.471366|0.379143|-0.786205|0.487989|31.910683|0.215796|0.255853
478|81|-1|5184|420|162|HOH|_CD|4346|1419|1161|-O--|CD--|2840|8|48|3|0011|2.995905|-0.949629|0.306752|-0.064087|108.924599|0.052282|0.061987
478|82|-1|5185|375|162|HOH|_CD|4346|1374|1161|-O--|CD--|2840|8|48|3|0011|2.632521|-0.665522|-0.557640|0.496102|66.863342|0.139600|0.165513
478|83|-1|5186|175|163|HOH|_CD|4346|1174|1162|-O--|CD--|2840|8|48|3|0011|2.391686|0.353307|-0.422714|0.834558|543.076416|0.267651|0.317334
478|84|-1|5187|223|163|HOH|_CD|4346|1222|1162|-O--|CD--|2840|8|48|3|0011|2.594456|-0.628648|-0.758540|0.171519|266.763611|0.154726|0.183447
478|85|-1|5188|405|164|HOH|_CL|4347|1404|1163|-O--|CL--|2838|8|17|3|0011|3.877889|0.815134|-0.258645|0.518323|35.169830|0.002311|0.005716
478|86|-1|5189|256|164|HOH|_CL|4347|1255|1163|-O--|CL--|2838|8|17|3|0011|3.752883|0.292575|-0.943275|-0.156946|1.317668|0.003240|0.008013
478|87|-1|5190|165|164|_CL|_CL|4747|1164|1163|CL--|CL--|3838|17|17|1|0011|3.821613|-0.625914|-0.775327|-0.084258|4.956109|0.007275|0.019776
478|88|-1|5190|164|165|_CL|_CL|4747|1163|1164|CL--|CL--|3838|17|17|1|0011|3.821613|0.625914|0.775327|0.084258|4.956109|0.007275|0.019776
478|89|-1|5191|256|165|HOH|_CL|4347|1255|1164|-O--|CL--|2838|8|17|3|0011|3.547438|0.983809|-0.162653|-0.075266|6.737824|0.005646|0.013961
478|90|-1|5192|274|165|HOH|_CL|4347|1273|1164|-O--|CL--|2838|8|17|3|0011|3.657242|0.430106|-0.036366|-0.902046|10.474617|0.004196|0.010376
478|91|-1|6512|68|164|ARG|_CL|3147|536|1163|-NE-|CL--|738|7|17|4|1011|3.186814|0.724149|-0.174360|-0.667238|1.320434|-0.001000|0.059058
478|92|-1|6514|68|165|ARG|_CL|3147|536|1164|-NE-|CL--|738|7|17|4|1011|3.434665|-0.024536|0.700899|-0.712839|3.310494|-0.001000|0.030225
478|93|-1|6538|68|164|ARG|_CL|3147|539|1163|-NH2|CL--|738|7|17|4|1011|3.689466|0.985977|0.094146|-0.137788|8.457699|-0.001000|0.015180
478|94|-1|6539|68|165|ARG|_CL|3147|539|1164|-NH2|CL--|738|7|17|4|1011|3.633148|0.342878|0.911152|-0.228552|2.514678|-0.001000|0.017676
478|95|-1|6540|69|165|LYS|_CL|2947|540|1164|-N--|CL--|138|7|17|4|1011|3.397915|-0.078364|-0.828640|-0.554270|16.111223|-0.001000|0.033381
478|96|-1|6544|69|165|LYS|_CL|2947|543|1164|-O--|CL--|438|8|17|2|1011|4.724357|0.486358|-0.627948|-0.607567|19.460007|0.000235|0.000580
478|97|-1|6560|69|165|LYS|_CL|2947|548|1164|-NZ-|CL--|1438|7|17|5|1011|4.744253|0.015751|-0.479875|0.877195|129.958359|-0.001000|0.000877
478|98|-1|6576|78|165|ARG|_CL|3147|601|1164|-N--|CL--|138|7|17|4|1011|4.915998|0.782695|0.009835|-0.622328|20.670719|-0.001000|0.000552
478|99|-1|7123|2|155|LYS|_CD|2946|22|1154|-NZ-|CD--|1440|7|48|5|1011|4.021798|0.077736|0.963338|0.256783|76.704720|0.003801|0.006183
478|100|-1|7124|2|155|LYS|_CD|2946|23|1154|-NZ-|CD--|1440|7|48|5|1011|3.799342|0.177304|0.941834|0.285504|3.232679|0.006935|0.011280
478|101|-1|7126|185|155|HOH|_CD|4346|1184|1154|-O--|CD--|2840|8|48|3|1011|4.493594|0.461607|-0.651372|0.602191|7.342698|0.000913|0.001082
478|102|-1|7129|95|155|ASP|_CD|2146|725|1154|-OD2|CD--|1040|8|48|2|1011|2.278585|-0.429532|0.409466|0.804885|4.391957|0.363348|0.430795
478|103|-1|7131|0|155|ALA|_CD|346|3|1154|-O--|CD--|440|8|48|2|1011|2.499094|-0.326263|0.800030|-0.503492|0.997368|0.200215|0.237380
478|104|-1|7132|1|155|THR|_CD|1346|5|1154|-N--|CD--|140|7|48|4|1011|4.503826|-0.215231|0.622659|-0.752310|0.898140|0.001033|0.001680
478|105|-1|7135|95|155|ASP|_CD|2146|724|1154|-OD1|CD--|1040|8|48|2|1011|2.504323|-0.964622|-0.043924|0.259951|3.013163|0.197406|0.234049
478|106|-1|7136|222|155|HOH|_CD|4346|1221|1154|-O--|CD--|2840|8|48|3|1011|4.391200|-0.219467|-0.553151|0.803653|25.130779|0.001204|0.001427
478|107|-1|7137|0|155|ALA|_CD|346|0|1154|-N--|CD--|140|7|48|4|1011|2.252455|-0.076078|-0.208506|-0.975058|4.120174|0.453654|0.737910
478|108|-1|7138|33|155|SER|_CD|1146|257|1154|-OG-|CD--|1740|8|48|3|1011|4.309665|-0.927155|-0.062650|-0.369403|12.241237|0.001501|0.001779
478|109|-1|7139|321|156|HOH|_CD|4346|1320|1155|-O--|CD--|2840|8|48|3|1011|4.965954|0.131349|0.491819|0.860733|51.038586|0.000255|0.000302
478|110|-1|7141|68|156|ARG|_CD|3146|536|1155|-NE-|CD--|740|7|48|4|1011|4.250418|-0.442481|0.316521|0.839062|18.110250|0.002049|0.003333
478|111|-1|7143|68|156|ARG|_CD|3146|539|1155|-NH2|CD--|740|7|48|4|1011|4.377212|-0.733510|0.513649|0.445115|7.462417|0.001455|0.002366
478|112|-1|7144|285|156|HOH|_CD|4346|1284|1155|-O--|CD--|2840|8|48|3|1011|4.236866|-0.856229|0.094728|-0.507837|35.521500|0.001827|0.002166
478|113|-1|7146|69|156|LYS|_CD|2946|548|1155|-NZ-|CD--|1440|7|48|5|1011|4.956894|-0.411493|-0.673537|-0.614021|228.976181|0.000304|0.000494
478|114|-1|7147|230|156|HOH|_CD|4346|1229|1155|-O--|CD--|2840|8|48|3|1011|4.839987|-0.601598|-0.180093|-0.778233|14.209002|0.000358|0.000424
478|115|-1|7148|185|157|HOH|_CD|4346|1184|1156|-O--|CD--|2840|8|48|3|1011|3.066714|-0.097409|0.872921|0.478037|4.581242|0.043176|0.051191
478|116|-1|7151|89|157|ASP|_CD|2146|686|1156|-OD1|CD--|1040|8|48|2|1011|3.325583|-0.664163|-0.414964|0.621846|6.444900|0.021448|0.025429
478|117|-1|7152|89|157|ASP|_CD|2146|687|1156|-OD2|CD--|1040|8|48|2|1011|2.163253|-0.436254|0.199701|0.877384|5.925884|0.496246|0.588362
478|118|-1|7153|91|157|ASP|_CD|2146|694|1156|-N--|CD--|140|7|48|4|1011|4.973535|-0.209856|-0.870206|0.445760|7.123142|0.000290|0.000472
478|119|-1|7156|91|157|ASP|_CD|2146|700|1156|-OD1|CD--|1040|8|48|2|1011|2.377035|0.156612|-0.929309|0.334451|9.904512|0.278462|0.330152
478|120|-1|7157|91|157|ASP|_CD|2146|701|1156|-OD2|CD--|1040|8|48|2|1011|2.369942|-0.336601|-0.839261|-0.427013|6.852635|0.283852|0.336542
478|121|-1|7158|213|157|HOH|_CD|4346|1212|1156|-O--|CD--|2840|8|48|3|1011|4.820232|-0.322127|-0.609929|-0.724031|16.269379|0.000378|0.000448
478|122|-1|7161|152|158|GLN|_CD|2746|1151|1157|-OXT|CD--|840|8|48|2|1011|2.531456|-0.198844|0.132078|-0.971090|24.172571|0.183447|0.217500
478|123|-1|7165|152|158|GLN|_CD|2746|1145|1157|-O--|CD--|440|8|48|2|1011|2.199861|-0.897040|0.218354|-0.384240|41.812576|0.449498|0.532936
478|124|-1|7166|213|159|HOH|_CD|4346|1212|1158|-O--|CD--|2840|8|48|3|1011|4.484259|0.245444|0.570294|-0.783914|23.872599|0.000936|0.001110
478|125|-1|7168|51|159|ASP|_CD|2146|414|1158|-OD1|CD--|1040|8|48|2|1011|4.699138|0.215224|-0.573223|-0.790629|5.636316|0.000524|0.000621
478|126|-1|7169|52|159|ASN|_CD|2346|416|1158|-N--|CD--|140|7|48|4|1011|4.515262|0.958829|-0.174885|-0.223746|18.742128|0.001002|0.001629
478|127|-1|7172|52|159|ASN|_CD|2346|425|1158|-OD1|CD--|840|8|48|2|1011|3.414949|0.832915|-0.515572|0.201094|77.075531|0.016846|0.019973
478|128|-1|7173|227|159|HOH|_CD|4346|1226|1158|-O--|CD--|2840|8|48|3|1011|2.471298|0.416932|-0.821695|-0.388569|29.767424|0.215836|0.255900
478|129|-1|7174|35|159|LYS|_CD|2946|274|1158|-NZ-|CD--|1440|7|48|5|1011|4.562341|-0.930085|0.298826|0.213647|845.246460|0.000882|0.001435
478|130|-1|7175|232|159|HOH|_CD|4346|1231|1158|-O--|CD--|2840|8|48|3|1011|4.139973|-0.353472|0.667480|-0.655384|34.189659|0.002374|0.002815
478|131|-1|7176|304|159|HOH|_CD|4346|1303|1158|-O--|CD--|2840|8|48|3|1011|4.155106|-0.340392|0.940132|-0.016912|83.471954|0.002279|0.002702
478|132|-1|7177|199|159|HOH|_CD|4346|1198|1158|-O--|CD--|2840|8|48|3|1011|2.426487|-0.790593|0.028168|-0.611694|14.393965|0.243625|0.288847
478|133|-1|7178|407|159|HOH|_CD|4346|1406|1158|-O--|CD--|2840|8|48|3|1011|4.265656|-0.775347|-0.541921|-0.324281|174.575546|0.001690|0.002004
478|134|-1|7179|339|160|HOH|_CD|4346|1338|1159|-O--|CD--|2840|8|48|3|1011|4.645909|-0.542785|0.657063|0.523119|65.680313|0.000605|0.000717
478|135|-1|7180|152|161|GLN|_CD|2746|1151|1160|-OXT|CD--|840|8|48|2|1011|2.690525|-0.642761|0.737904|0.205806|69.281639|0.119344|0.141498
478|136|-1|7182|358|161|HOH|_CD|4346|1357|1160|-O--|CD--|2840|8|48|3|1011|4.852974|-0.268570|-0.933170|-0.238880|155.960815|0.000346|0.000410
478|137|-1|7185|152|161|GLN|_CD|2746|1145|1160|-O--|CD--|440|8|48|2|1011|4.412853|-0.725010|0.482987|0.491003|106.681648|0.001135|0.001346
478|138|-1|7187|151|161|ALA|_CD|346|1140|1160|-O--|CD--|440|8|48|2|1011|4.952465|-0.887106|0.221576|-0.404903|13.235919|0.000264|0.000313
478|139|-1|7188|152|161|GLN|_CD|2746|1142|1160|-N--|CD--|140|7|48|4|1011|4.730525|-0.714162|0.639326|-0.285015|10.223675|0.000560|0.000911
478|140|-1|7190|129|162|GLY|_CD|146|979|1161|-N--|CD--|140|7|48|4|1011|4.795771|0.955899|0.286847|0.063048|0.850954|0.000469|0.000763
478|141|-1|7191|261|162|HOH|_CD|4346|1260|1161|-O--|CD--|2840|8|48|3|1011|4.695142|0.814517|-0.285050|0.505280|21.734331|0.000529|0.000628
478|142|-1|7192|276|162|HOH|_CD|4346|1275|1161|-O--|CD--|2840|8|48|3|1011|4.331613|0.611152|0.367911|-0.700810|27.292835|0.001414|0.001677
478|143|-1|7193|228|162|HOH|_CD|4346|1227|1161|-O--|CD--|2840|8|48|3|1011|4.590259|0.408534|0.070074|0.910049|9.619893|0.000703|0.000833
478|144|-1|7194|336|162|HOH|_CD|4346|1335|1161|-O--|CD--|2840|8|48|3|1011|4.936810|0.087837|0.426459|-0.900232|54.059238|0.000276|0.000327
478|145|-1|7195|321|164|HOH|_CL|4347|1320|1163|-O--|CL--|2838|8|17|3|1011|2.894375|0.077831|0.187036|0.979265|12.727569|0.032981|0.081560
478|146|-1|7196|285|165|HOH|_CL|4347|1284|1164|-O--|CL--|2838|8|17|3|1011|3.949250|-0.421024|0.370538|-0.827913|12.827945|0.001906|0.004713
478|147|-1|7197|230|165|HOH|_CL|4347|1229|1164|-O--|CL--|2838|8|17|3|1011|4.979178|-0.190137|0.038230|-0.981013|1.283797|0.000118|0.000291
478|148|-1|7198|377|165|HOH|_CL|4347|1376|1164|-O--|CL--|2838|8|17|3|1011|4.219153|-0.661916|-0.084057|-0.744850|37.744576|0.000919|0.002272
