478|0|3|ALA|A|1|5|0|000|20.438927|-1.000000|-1.000000|0.000000|-1|-1|0|0|-1|1
478|1|13|THR|A|2|7|0|000|17.172770|-1.000000|-1.000000|0.000000|-1|-1|0|0|0|2
478|2|29|LYS|A|3|12|0|000|17.964439|-1.000000|-1.000000|0.000000|-1|-1|0|0|1|3
478|3|3|ALA|A|4|5|0|000|12.841344|-1.000000|-1.000000|0.000000|-1|-1|0|0|2|4
478|4|5|VAL|A|5|7|0|000|12.871631|-1.000000|-1.000000|0.000000|-1|-1|0|0|3|5
478|5|3|ALA|A|6|5|0|000|10.186988|-1.000000|-1.000000|0.000000|-1|-1|0|0|4|6
478|6|5|VAL|A|7|7|0|000|12.928181|-1.000000|-1.000000|0.000000|-1|-1|0|0|5|7
478|7|7|LEU|A|8|8|0|000|10.363120|-1.000000|-1.000000|0.000000|-1|-1|0|0|6|8
478|8|29|LYS|A|9|9|0|000|14.882284|-1.000000|-1.000000|0.000000|-1|-1|0|0|7|9
478|9|1|GLY|A|10|4|0|000|15.985778|-1.000000|-1.000000|0.000000|-1|-1|0|0|8|10
478|10|21|ASP|A|11|8|0|000|18.782074|-1.000000|-1.000000|0.000000|-1|-1|0|0|9|11
478|11|1|GLY|A|12|4|0|000|18.570618|-1.000000|-1.000000|0.000000|-1|-1|0|0|10|12
478|12|19|PRO|A|13|7|0|000|18.576836|-1.000000|-1.000000|0.000000|-1|-1|0|0|11|13
478|13|5|VAL|A|14|7|0|000|14.505746|-1.000000|-1.000000|0.000000|-1|-1|0|0|12|14
478|14|27|GLN|A|15|9|0|000|16.004309|-1.000000|-1.000000|0.000000|-1|-1|0|0|13|15
478|15|1|GLY|A|16|4|0|000|12.897533|-1.000000|-1.000000|0.000000|-1|-1|0|0|14|16
478|16|9|ILE|A|17|8|0|000|13.958095|-1.000000|-1.000000|0.000000|-1|-1|0|0|15|17
478|17|9|ILE|A|18|8|0|000|9.563807|-1.000000|-1.000000|0.000000|-1|-1|0|0|16|18
478|18|23|ASN|A|19|8|0|000|12.666778|-1.000000|-1.000000|0.000000|-1|-1|0|0|17|19
478|19|35|PHE|A|20|11|0|000|9.579270|-1.000000|-1.000000|0.000000|-1|-1|0|0|18|20
478|20|25|GLU|A|21|9|0|000|15.851726|-1.000000|-1.000000|0.000000|-1|-1|0|0|19|21
478|21|27|GLN|A|22|9|0|000|15.377502|-1.000000|-1.000000|0.000000|-1|-1|0|0|20|22
478|22|29|LYS|A|23|9|0|000|19.862144|-1.000000|-1.000000|0.000000|-1|-1|0|0|21|23
478|23|25|GLU|A|24|14|0|000|21.437630|-1.000000|-1.000000|0.000000|-1|-1|0|0|22|24
478|24|11|SER|A|25|6|0|000|19.321095|-1.000000|-1.000000|0.000000|-1|-1|0|0|23|25
478|25|23|ASN|A|26|8|0|000|19.758612|-1.000000|-1.000000|0.000000|-1|-1|0|0|24|26
478|26|1|GLY|A|27|4|0|000|16.865042|-1.000000|-1.000000|0.000000|-1|-1|0|0|25|27
478|27|19|PRO|A|28|7|0|000|15.616827|-1.000000|-1.000000|0.000000|-1|-1|0|0|26|28
478|28|5|VAL|A|29|7|0|000|11.481942|-1.000000|-1.000000|0.000000|-1|-1|0|0|27|29
478|29|29|LYS|A|30|9|0|000|13.964665|-1.000000|-1.000000|0.000000|-1|-1|0|0|28|30
478|30|5|VAL|A|31|7|0|000|9.277348|-1.000000|-1.000000|0.000000|-1|-1|0|0|29|31
478|31|39|TRP|A|32|14|0|000|13.404550|-1.000000|-1.000000|0.000000|-1|-1|0|0|30|32
478|32|1|GLY|A|33|6|0|000|12.487781|-1.000000|-1.000000|0.000000|-1|-1|0|0|31|33
478|33|11|SER|A|34|6|0|000|14.053308|-1.000000|-1.000000|0.000000|-1|-1|0|0|32|34
478|34|9|ILE|A|35|8|0|000|12.090104|-1.000000|-1.000000|0.000000|-1|-1|0|0|33|35
478|35|29|LYS|A|36|9|0|000|17.117962|-1.000000|-1.000000|0.000000|-1|-1|0|0|34|36
478|36|1|GLY|A|37|4|0|000|17.271338|-1.000000|-1.000000|0.000000|-1|-1|0|0|35|37
478|37|7|LEU|A|38|8|0|000|15.135774|-1.000000|-1.000000|0.000000|-1|-1|0|0|36|38
478|38|13|THR|A|39|7|0|000|17.732464|-1.000000|-1.000000|0.000000|-1|-1|0|0|37|39
478|39|25|GLU|A|40|9|0|000|20.335423|-1.000000|-1.000000|0.000000|-1|-1|0|0|38|40
478|40|1|GLY|A|41|4|0|000|16.259392|-1.000000|-1.000000|0.000000|-1|-1|0|0|39|41
478|41|7|LEU|A|42|12|0|000|14.321882|-1.000000|-1.000000|0.000000|-1|-1|0|0|40|42
478|42|33|HIS|A|43|10|0|000|11.800901|-1.000000|-1.000000|0.000000|-1|-1|0|0|41|43
478|43|1|GLY|A|44|4|0|000|7.726499|-1.000000|-1.000000|0.000000|-1|-1|0|0|42|44
478|44|35|PHE|A|45|11|0|000|4.075313|-1.000000|-1.000000|0.000000|-1|-1|0|0|43|45
478|45|33|HIS|A|46|10|0|000|3.819656|-1.000000|-1.000000|0.000000|-1|-1|0|0|44|46
478|46|5|VAL|A|47|7|0|000|3.607442|-1.000000|-1.000000|0.000000|-1|-1|0|0|45|47
478|47|33|HIS|A|48|10|0|000|6.514583|-1.000000|-1.000000|0.000000|-1|-1|0|0|46|48
478|48|25|GLU|A|49|9|0|000|11.592712|-1.000000|-1.000000|0.000000|-1|-1|0|0|47|49
478|49|25|GLU|A|50|14|0|000|12.945731|-1.000000|-1.000000|0.000000|-1|-1|0|0|48|50
478|50|25|GLU|A|51|14|0|000|14.567030|-1.000000|-1.000000|0.000000|-1|-1|0|0|49|51
478|51|21|ASP|A|52|8|0|000|16.839960|-1.000000|-1.000000|0.000000|-1|-1|0|0|50|52
478|52|23|ASN|A|53|12|0|000|18.890001|-1.000000|-1.000000|0.000000|-1|-1|0|0|51|53
478|53|13|THR|A|54|7|0|000|16.881666|-1.000000|-1.000000|0.000000|-1|-1|0|0|52|54
478|54|3|ALA|A|55|5|0|000|17.794670|-1.000000|-1.000000|0.000000|-1|-1|0|0|53|55
478|55|1|GLY|A|56|4|0|000|14.642230|-1.000000|-1.000000|0.000000|-1|-1|0|0|54|56
478|56|15|CYS|A|57|6|0|000|13.183024|-1.000000|-1.000000|0.000000|-1|-1|0|0|55|57
478|57|13|THR|A|58|7|0|000|16.423861|-1.000000|-1.000000|0.000000|-1|-1|0|0|56|58
478|58|11|SER|A|59|6|0|000|14.580268|-1.000000|-1.000000|0.000000|-1|-1|0|0|57|59
478|59|3|ALA|A|60|5|0|000|10.810995|-1.000000|-1.000000|0.000000|-1|-1|0|0|58|60
478|60|1|GLY|A|61|4|0|000|11.436193|-1.000000|-1.000000|0.000000|-1|-1|0|0|59|61
478|61|19|PRO|A|62|7|0|000|11.427064|-1.000000|-1.000000|0.000000|-1|-1|0|0|60|62
478|62|33|HIS|A|63|10|0|000|8.034606|-1.000000|-1.000000|0.000000|-1|-1|0|0|61|63
478|63|35|PHE|A|64|11|0|000|8.950972|-1.000000|-1.000000|0.000000|-1|-1|0|0|62|64
478|64|23|ASN|A|65|8|0|000|12.362991|-1.000000|-1.000000|0.000000|-1|-1|0|0|63|65
478|65|19|PRO|A|66|7|0|000|13.758492|-1.000000|-1.000000|0.000000|-1|-1|0|0|64|66
478|66|7|LEU|A|67|8|0|000|15.900018|-1.000000|-1.000000|0.000000|-1|-1|0|0|65|67
478|67|11|SER|A|68|6|0|000|17.009117|-1.000000|-1.000000|0.000000|-1|-1|0|0|66|68
478|68|31|ARG|A|69|11|0|000|15.653675|-1.000000|-1.000000|0.000000|-1|-1|0|0|67|69
478|69|29|LYS|A|70|9|0|000|16.800186|-1.000000|-1.000000|0.000000|-1|-1|0|0|68|70
478|70|33|HIS|A|71|10|0|000|11.459382|-1.000000|-1.000000|0.000000|-1|-1|0|0|69|71
478|71|1|GLY|A|72|4|0|000|11.332680|-1.000000|-1.000000|0.000000|-1|-1|0|0|70|72
478|72|1|GLY|A|73|4|0|000|11.247473|-1.000000|-1.000000|0.000000|-1|-1|0|0|71|73
478|73|19|PRO|A|74|7|0|000|10.234233|-1.000000|-1.000000|0.000000|-1|-1|0|0|72|74
478|74|29|LYS|A|75|9|0|000|13.850719|-1.000000|-1.000000|0.000000|-1|-1|0|0|73|75
478|75|21|ASP|A|76|8|0|000|14.809627|-1.000000|-1.000000|0.000000|-1|-1|0|0|74|76
478|76|25|GLU|A|77|5|0|000|16.677999|-1.000000|-1.000000|0.000000|-1|-1|0|0|75|77
478|77|25|GLU|A|78|5|0|000|15.555882|-1.000000|-1.000000|0.000000|-1|-1|0|0|76|78
478|78|31|ARG|A|79|11|0|000|10.721918|-1.000000|-1.000000|0.000000|-1|-1|0|0|77|79
478|79|33|HIS|A|80|10|0|000|10.108943|-1.000000|-1.000000|0.000000|-1|-1|0|0|78|80
478|80|5|VAL|A|81|7|0|000|8.823595|-1.000000|-1.000000|0.000000|-1|-1|0|0|79|81
478|81|1|GLY|A|82|4|0|000|5.078975|-1.000000|-1.000000|0.000000|-1|-1|0|0|80|82
478|82|21|ASP|A|83|8|0|000|6.960875|-1.000000|-1.000000|0.000000|-1|-1|0|0|81|83
478|83|7|LEU|A|84|8|0|000|4.609299|-1.000000|-1.000000|0.000000|-1|-1|0|0|82|84
478|84|1|GLY|A|85|4|0|000|7.097136|-1.000000|-1.000000|0.000000|-1|-1|0|0|83|85
478|85|23|ASN|A|86|8|0|000|9.812053|-1.000000|-1.000000|0.000000|-1|-1|0|0|84|86
478|86|5|VAL|A|87|7|0|000|9.875392|-1.000000|-1.000000|0.000000|-1|-1|0|0|85|87
478|87|13|THR|A|88|7|0|000|14.341415|-1.000000|-1.000000|0.000000|-1|-1|0|0|86|88
478|88|3|ALA|A|89|5|0|000|16.210690|-1.000000|-1.000000|0.000000|-1|-1|0|0|87|89
478|89|21|ASP|A|90|8|0|000|19.648636|-1.000000|-1.000000|0.000000|-1|-1|0|0|88|90
478|90|29|LYS|A|91|6|0|000|22.897848|-1.000000|-1.000000|0.000000|-1|-1|0|0|89|91
478|91|21|ASP|A|92|8|0|000|22.001968|-1.000000|-1.000000|0.000000|-1|-1|0|0|90|92
478|92|1|GLY|A|93|4|0|000|18.217564|-1.000000|-1.000000|0.000000|-1|-1|0|0|91|93
478|93|5|VAL|A|94|7|0|000|17.318733|-1.000000|-1.000000|0.000000|-1|-1|0|0|92|94
478|94|3|ALA|A|95|5|0|000|13.623036|-1.000000|-1.000000|0.000000|-1|-1|0|0|93|95
478|95|21|ASP|A|96|8|0|000|14.757741|-1.000000|-1.000000|0.000000|-1|-1|0|0|94|96
478|96|5|VAL|A|97|7|0|000|10.480976|-1.000000|-1.000000|0.000000|-1|-1|0|0|95|97
478|97|11|SER|A|98|6|0|000|12.502065|-1.000000|-1.000000|0.000000|-1|-1|0|0|96|98
478|98|9|ILE|A|99|8|0|000|9.511267|-1.000000|-1.000000|0.000000|-1|-1|0|0|97|99
478|99|25|GLU|A|100|9|0|000|13.816437|-1.000000|-1.000000|0.000000|-1|-1|0|0|98|100
478|100|21|ASP|A|101|8|0|000|10.224378|-1.000000|-1.000000|0.000000|-1|-1|0|0|99|101
478|101|11|SER|A|102|8|0|000|13.777917|-1.000000|-1.000000|0.000000|-1|-1|0|0|100|102
478|102|5|VAL|A|103|7|0|000|11.397148|-1.000000|-1.000000|0.000000|-1|-1|0|0|101|103
478|103|9|ILE|A|104|8|0|000|8.938894|-1.000000|-1.000000|0.000000|-1|-1|0|0|102|104
478|104|11|SER|A|105|6|0|000|12.281473|-1.000000|-1.000000|0.000000|-1|-1|0|0|103|105
478|105|7|LEU|A|106|8|0|000|12.920875|-1.000000|-1.000000|0.000000|-1|-1|0|0|104|106
478|106|11|SER|A|107|8|0|000|16.754925|-1.000000|-1.000000|0.000000|-1|-1|0|0|105|107
478|107|1|GLY|A|108|4|0|000|17.364677|-1.000000|-1.000000|0.000000|-1|-1|0|0|106|108
478|108|21|ASP|A|109|8|0|000|18.541307|-1.000000|-1.000000|0.000000|-1|-1|0|0|107|109
478|109|33|HIS|A|110|16|0|000|15.055492|-1.000000|-1.000000|0.000000|-1|-1|0|0|108|110
478|110|11|SER|A|111|6|0|000|12.776261|-1.000000|-1.000000|0.000000|-1|-1|0|0|109|111
478|111|9|ILE|A|112|8|0|000|8.678371|-1.000000|-1.000000|0.000000|-1|-1|0|0|110|112
478|112|9|ILE|A|113|8|0|000|12.308060|-1.000000|-1.000000|0.000000|-1|-1|0|0|111|113
478|113|1|GLY|A|114|4|0|000|11.790197|-1.000000|-1.000000|0.000000|-1|-1|0|0|112|114
478|114|31|ARG|A|115|11|0|000|10.209439|-1.000000|-1.000000|0.000000|-1|-1|0|0|113|115
478|115|13|THR|A|116|7|0|000|7.629825|-1.000000|-1.000000|0.000000|-1|-1|0|0|114|116
478|116|7|LEU|A|117|8|0|000|4.731118|-1.000000|-1.000000|0.000000|-1|-1|0|0|115|117
478|117|5|VAL|A|118|7|0|000|5.544235|-1.000000|-1.000000|0.000000|-1|-1|0|0|116|118
478|118|5|VAL|A|119|7|0|000|8.050905|-1.000000|-1.000000|0.000000|-1|-1|0|0|117|119
478|119|33|HIS|A|120|10|0|000|9.017655|-1.000000|-1.000000|0.000000|-1|-1|0|0|118|120
478|120|25|GLU|A|121|9|0|000|15.098603|-1.000000|-1.000000|0.000000|-1|-1|0|0|119|121
478|121|29|LYS|A|122|6|0|000|13.653227|-1.000000|-1.000000|0.000000|-1|-1|0|0|120|122
478|122|3|ALA|A|123|5|0|000|13.150602|-1.000000|-1.000000|0.000000|-1|-1|0|0|121|123
478|123|21|ASP|A|124|8|0|000|10.710552|-1.000000|-1.000000|0.000000|-1|-1|0|0|122|124
478|124|21|ASP|A|125|8|0|000|14.852566|-1.000000|-1.000000|0.000000|-1|-1|0|0|123|125
478|125|7|LEU|A|126|8|0|000|13.054585|-1.000000|-1.000000|0.000000|-1|-1|0|0|124|126
478|126|1|GLY|A|127|4|0|000|15.655887|-1.000000|-1.000000|0.000000|-1|-1|0|0|125|127
478|127|29|LYS|A|128|14|0|000|18.073713|-1.000000|-1.000000|0.000000|-1|-1|0|0|126|128
478|128|1|GLY|A|129|4|0|000|19.622435|-1.000000|-1.000000|0.000000|-1|-1|0|0|127|129
478|129|1|GLY|A|130|4|0|000|22.401033|-1.000000|-1.000000|0.000000|-1|-1|0|0|128|130
478|130|23|ASN|A|131|8|0|000|20.519186|-1.000000|-1.000000|0.000000|-1|-1|0|0|129|131
478|131|25|GLU|A|132|9|0|000|20.467648|-1.000000|-1.000000|0.000000|-1|-1|0|0|130|132
478|132|27|GLN|A|133|9|0|000|16.772257|-1.000000|-1.000000|0.000000|-1|-1|0|0|131|133
478|133|11|SER|A|134|6|0|000|15.972267|-1.000000|-1.000000|0.000000|-1|-1|0|0|132|134
478|134|13|THR|A|135|7|0|000|16.401867|-1.000000|-1.000000|0.000000|-1|-1|0|0|133|135
478|135|29|LYS|A|136|9|0|000|15.365722|-1.000000|-1.000000|0.000000|-1|-1|0|0|134|136
478|136|13|THR|A|137|7|0|000|11.835152|-1.000000|-1.000000|0.000000|-1|-1|0|0|135|137
478|137|1|GLY|A|138|4|0|000|12.709068|-1.000000|-1.000000|0.000000|-1|-1|0|0|136|138
478|138|23|ASN|A|139|8|0|000|15.318367|-1.000000|-1.000000|0.000000|-1|-1|0|0|137|139
478|139|3|ALA|A|140|5|0|000|11.882838|-1.000000|-1.000000|0.000000|-1|-1|0|0|138|140
478|140|1|GLY|A|141|4|0|000|13.039942|-1.000000|-1.000000|0.000000|-1|-1|0|0|139|141
478|141|11|SER|A|142|6|0|000|13.863634|-1.000000|-1.000000|0.000000|-1|-1|0|0|140|142
478|142|31|ARG|A|143|11|0|000|11.886175|-1.000000|-1.000000|0.000000|-1|-1|0|0|141|143
478|143|7|LEU|A|144|12|0|000|13.178910|-1.000000|-1.000000|0.000000|-1|-1|0|0|142|144
478|144|3|ALA|A|145|5|0|000|10.521932|-1.000000|-1.000000|0.000000|-1|-1|0|0|143|145
478|145|15|CYS|A|146|10|0|000|10.071853|-1.000000|-1.000000|0.000000|-1|-1|0|0|144|146
478|146|1|GLY|A|147|4|0|000|9.298104|-1.000000|-1.000000|0.000000|-1|-1|0|0|145|147
478|147|5|VAL|A|148|10|0|000|11.638091|-1.000000|-1.000000|0.000000|-1|-1|0|0|146|148
478|148|9|ILE|A|149|8|0|000|9.119567|-1.000000|-1.000000|0.000000|-1|-1|0|0|147|149
478|149|1|GLY|A|150|4|0|000|13.262921|-1.000000|-1.000000|0.000000|-1|-1|0|0|148|150
478|150|9|ILE|A|151|8|0|000|16.364964|-1.000000|-1.000000|0.000000|-1|-1|0|0|149|151
478|151|3|ALA|A|152|5|0|000|17.908255|-1.000000|-1.000000|0.000000|-1|-1|0|0|150|152
478|152|27|GLN|A|153|10|0|000|20.823618|-1.000000|-1.000000|0.000000|-1|-1|0|0|151|-1
478|153|46|_ZN|A|154|1|1|000|8.711951|-1.000000|-1.000000|0.000000|-1|-1|0|2|-1|-1
478|154|46|_CU|A|155|1|1|000|5.903332|-1.000000|-1.000000|0.000000|-1|-1|0|3|-1|-1
478|155|46|_CD|A|156|1|1|000|17.957121|-1.000000|-1.000000|0.000000|-1|-1|0|4|-1|-1
478|156|46|_CD|A|157|1|1|000|18.029011|-1.000000|-1.000000|0.000000|-1|-1|0|5|-1|-1
478|157|46|_CD|A|158|1|1|000|16.579784|-1.000000|-1.000000|0.000000|-1|-1|0|6|-1|-1
478|158|46|_CD|A|159|1|1|000|18.453920|-1.000000|-1.000000|0.000000|-1|-1|0|7|-1|-1
478|159|46|_CD|A|160|1|1|000|25.028645|-1.000000|-1.000000|0.000000|-1|-1|0|8|-1|-1
478|160|46|_CD|A|161|1|1|000|18.405451|-1.000000|-1.000000|0.000000|-1|-1|0|9|-1|-1
478|161|46|_CD|A|162|1|1|000|16.400209|-1.000000|-1.000000|0.000000|-1|-1|0|10|-1|-1
478|162|46|_CD|A|163|1|1|000|20.217117|-1.000000|-1.000000|0.000000|-1|-1|0|11|-1|-1
478|163|46|_CD|A|164|1|1|000|7.346818|-1.000000|-1.000000|0.000000|-1|-1|0|12|-1|-1
478|164|47|_CL|A|165|1|0|000|16.681452|-1.000000|-1.000000|0.000000|-1|-1|0|13|-1|-1
478|165|47|_CL|A|166|1|0|000|19.302206|-1.000000|-1.000000|0.000000|-1|-1|0|14|-1|-1
478|166|43|HOH|A|167|1|0|000|14.166185|-1.000000|-1.000000|0.000000|-1|-1|0|1|-1|-1
478|167|43|HOH|A|168|1|0|000|10.513794|-1.000000|-1.000000|0.000000|-1|-1|0|1|-1|-1
478|168|43|HOH|A|169|1|0|000|12.285439|-1.000000|-1.000000|0.000000|-1|-1|0|1|-1|-1
478|169|43|HOH|A|170|1|0|000|15.398318|-1.000000|-1.000000|0.000000|-1|-1|0|1|-1|-1
478|170|43|HOH|A|171|1|0|000|12.521067|-1.000000|-1.000000|0.000000|-1|-1|0|1|-1|-1
478|171|43|HOH|A|172|1|0|000|15.665007|-1.000000|-1.000000|0.000000|-1|-1|0|1|-1|-1
478|172|43|HOH|A|173|1|0|000|12.358147|-1.000000|-1.000000|0.000000|-1|-1|0|1|-1|-1
478|173|43|HOH|A|174|1|0|000|12.373063|-1.000000|-1.000000|0.000000|-1|-1|0|1|-1|-1
478|174|43|HOH|A|175|1|0|000|7.805282|-1.000000|-1.000000|0.000000|-1|-1|0|1|-1|-1
478|175|43|HOH|A|176|1|0|000|9.136909|-1.000000|-1.000000|0.000000|-1|-1|0|1|-1|-1
478|176|43|HOH|A|177|1|0|000|16.947138|-1.000000|-1.000000|0.000000|-1|-1|0|1|-1|-1
478|177|43|HOH|A|178|1|0|000|17.524284|-1.000000|-1.000000|0.000000|-1|-1|0|1|-1|-1
478|178|43|HOH|A|179|1|0|000|26.745335|-1.000000|-1.000000|0.000000|-1|-1|0|1|-1|-1
478|179|43|HOH|A|180|1|0|000|13.695525|-1.000000|-1.000000|0.000000|-1|-1|0|1|-1|-1
478|180|43|HOH|A|181|1|0|000|11.280911|-1.000000|-1.000000|0.000000|-1|-1|0|1|-1|-1
478|181|43|HOH|A|182|1|0|000|14.305253|-1.000000|-1.000000|0.000000|-1|-1|0|1|-1|-1
478|182|43|HOH|A|183|1|0|000|19.005299|-1.000000|-1.000000|0.000000|-1|-1|0|1|-1|-1
478|183|43|HOH|A|184|1|0|000|11.283456|-1.000000|-1.000000|0.000000|-1|-1|0|1|-1|-1
478|184|43|HOH|A|185|1|0|000|19.121529|-1.000000|-1.000000|0.000000|-1|-1|0|1|-1|-1
478|185|43|HOH|A|186|1|0|000|20.616522|-1.000000|-1.000000|0.000000|-1|-1|0|1|-1|-1
478|186|43|HOH|A|187|1|0|000|17.998177|-1.000000|-1.000000|0.000000|-1|-1|0|1|-1|-1
478|187|43|HOH|A|188|1|0|000|13.941593|-1.000000|-1.000000|0.000000|-1|-1|0|1|-1|-1
478|188|43|HOH|A|189|1|0|000|10.262983|-1.000000|-1.000000|0.000000|-1|-1|0|1|-1|-1
478|189|43|HOH|A|190|1|0|000|17.604612|-1.000000|-1.000000|0.000000|-1|-1|0|1|-1|-1
478|190|43|HOH|A|191|1|0|000|12.718336|-1.000000|-1.000000|0.000000|-1|-1|0|1|-1|-1
478|191|43|HOH|A|192|1|0|000|18.813892|-1.000000|-1.000000|0.000000|-1|-1|0|1|-1|-1
478|192|43|HOH|A|193|1|0|000|12.118138|-1.000000|-1.000000|0.000000|-1|-1|0|1|-1|-1
478|193|43|HOH|A|194|1|0|000|15.056552|-1.000000|-1.000000|0.000000|-1|-1|0|1|-1|-1
478|194|43|HOH|A|195|1|0|000|13.070968|-1.000000|-1.000000|0.000000|-1|-1|0|1|-1|-1
478|195|43|HOH|A|196|1|0|000|16.065945|-1.000000|-1.000000|0.000000|-1|-1|0|1|-1|-1
478|196|43|HOH|A|197|1|0|000|15.499793|-1.000000|-1.000000|0.000000|-1|-1|0|1|-1|-1
478|197|43|HOH|A|198|1|0|000|22.226282|-1.000000|-1.000000|0.000000|-1|-1|0|1|-1|-1
478|198|43|HOH|A|199|1|0|000|14.837824|-1.000000|-1.000000|0.000000|-1|-1|0|1|-1|-1
478|199|43|HOH|A|200|1|0|000|19.890558|-1.000000|-1.000000|0.000000|-1|-1|0|1|-1|-1
478|200|43|HOH|A|201|1|0|000|10.386745|-1.000000|-1.000000|0.000000|-1|-1|0|1|-1|-1
478|201|43|HOH|A|202|1|0|000|12.213191|-1.000000|-1.000000|0.000000|-1|-1|0|1|-1|-1
478|202|43|HOH|A|203|1|0|000|22.742926|-1.000000|-1.000000|0.000000|-1|-1|0|1|-1|-1
478|203|43|HOH|A|204|1|0|000|15.600975|-1.000000|-1.000000|0.000000|-1|-1|0|1|-1|-1
478|204|43|HOH|A|205|1|0|000|14.596076|-1.000000|-1.000000|0.000000|-1|-1|0|1|-1|-1
478|205|43|HOH|A|206|1|0|000|17.848583|-1.000000|-1.000000|0.000000|-1|-1|0|1|-1|-1
478|206|43|HOH|A|207|1|0|000|19.654812|-1.000000|-1.000000|0.000000|-1|-1|0|1|-1|-1
478|207|43|HOH|A|208|1|0|000|8.879373|-1.000000|-1.000000|0.000000|-1|-1|0|1|-1|-1
478|208|43|HOH|A|209|1|0|000|18.739511|-1.000000|-1.000000|0.000000|-1|-1|0|1|-1|-1
478|209|43|HOH|A|210|1|0|000|19.044739|-1.000000|-1.000000|0.000000|-1|-1|0|1|-1|-1
478|210|43|HOH|A|211|1|0|000|9.957026|-1.000000|-1.000000|0.000000|-1|-1|0|1|-1|-1
478|211|43|HOH|A|212|1|0|000|10.792748|-1.000000|-1.000000|0.000000|-1|-1|0|1|-1|-1
478|212|43|HOH|A|213|1|0|000|15.832656|-1.000000|-1.000000|0.000000|-1|-1|0|1|-1|-1
478|213|43|HOH|A|214|1|0|000|22.445881|-1.000000|-1.000000|0.000000|-1|-1|0|1|-1|-1
478|214|43|HOH|A|215|1|0|000|10.352504|-1.000000|-1.000000|0.000000|-1|-1|0|1|-1|-1
478|215|43|HOH|A|216|1|0|000|12.970898|-1.000000|-1.000000|0.000000|-1|-1|0|1|-1|-1
478|216|43|HOH|A|217|1|0|000|16.346172|-1.000000|-1.000000|0.000000|-1|-1|0|1|-1|-1
478|217|43|HOH|A|218|1|0|000|15.687571|-1.000000|-1.000000|0.000000|-1|-1|0|1|-1|-1
478|218|43|HOH|A|219|1|0|000|12.302572|-1.000000|-1.000000|0.000000|-1|-1|0|1|-1|-1
478|219|43|HOH|A|220|1|0|000|14.355969|-1.000000|-1.000000|0.000000|-1|-1|0|1|-1|-1
478|220|43|HOH|A|221|1|0|000|19.585323|-1.000000|-1.000000|0.000000|-1|-1|0|1|-1|-1
478|221|43|HOH|A|222|1|0|000|14.919206|-1.000000|-1.000000|0.000000|-1|-1|0|1|-1|-1
478|222|43|HOH|A|223|1|0|000|17.455515|-1.000000|-1.000000|0.000000|-1|-1|0|1|-1|-1
478|223|43|HOH|A|224|1|0|000|9.703138|-1.000000|-1.000000|0.000000|-1|-1|0|1|-1|-1
478|224|43|HOH|A|225|1|0|000|18.589212|-1.000000|-1.000000|0.000000|-1|-1|0|1|-1|-1
478|225|43|HOH|A|226|1|0|000|13.440666|-1.000000|-1.000000|0.000000|-1|-1|0|1|-1|-1
478|226|43|HOH|A|227|1|0|000|19.723139|-1.000000|-1.000000|0.000000|-1|-1|0|1|-1|-1
478|227|43|HOH|A|228|1|0|000|19.931616|-1.000000|-1.000000|0.000000|-1|-1|0|1|-1|-1
478|228|43|HOH|A|229|1|0|000|18.349716|-1.000000|-1.000000|0.000000|-1|-1|0|1|-1|-1
478|229|43|HOH|A|230|1|0|000|13.880876|-1.000000|-1.000000|0.000000|-1|-1|0|1|-1|-1
478|230|43|HOH|A|231|1|0|000|21.639828|-1.000000|-1.000000|0.000000|-1|-1|0|1|-1|-1
478|231|43|HOH|A|232|1|0|000|15.868217|-1.000000|-1.000000|0.000000|-1|-1|0|1|-1|-1
478|232|43|HOH|A|233|1|0|000|20.766823|-1.000000|-1.000000|0.000000|-1|-1|0|1|-1|-1
478|233|43|HOH|A|234|1|0|000|18.796013|-1.000000|-1.000000|0.000000|-1|-1|0|1|-1|-1
478|234|43|HOH|A|235|1|0|000|16.550856|-1.000000|-1.000000|0.000000|-1|-1|0|1|-1|-1
478|235|43|HOH|A|236|1|0|000|14.224101|-1.000000|-1.000000|0.000000|-1|-1|0|1|-1|-1
478|236|43|HOH|A|237|1|0|000|13.978091|-1.000000|-1.000000|0.000000|-1|-1|0|1|-1|-1
478|237|43|HOH|A|238|1|0|000|14.591651|-1.000000|-1.000000|0.000000|-1|-1|0|1|-1|-1
478|238|43|HOH|A|239|1|0|000|21.532473|-1.000000|-1.000000|0.000000|-1|-1|0|1|-1|-1
478|239|43|HOH|A|240|1|0|000|17.496819|-1.000000|-1.000000|0.000000|-1|-1|0|1|-1|-1
478|240|43|HOH|A|241|1|0|000|15.250465|-1.000000|-1.000000|0.000000|-1|-1|0|1|-1|-1
478|241|43|HOH|A|242|1|0|000|15.856798|-1.000000|-1.000000|0.000000|-1|-1|0|1|-1|-1
478|242|43|HOH|A|243|1|0|000|13.948933|-1.000000|-1.000000|0.000000|-1|-1|0|1|-1|-1
478|243|43|HOH|A|244|1|0|000|17.373117|-1.000000|-1.000000|0.000000|-1|-1|0|1|-1|-1
478|244|43|HOH|A|245|1|0|000|25.153660|-1.000000|-1.000000|0.000000|-1|-1|0|1|-1|-1
478|245|43|HOH|A|246|1|0|000|16.200867|-1.000000|-1.000000|0.000000|-1|-1|0|1|-1|-1
478|246|43|HOH|A|247|1|0|000|16.523575|-1.000000|-1.000000|0.000000|-1|-1|0|1|-1|-1
478|247|43|HOH|A|248|1|0|000|16.904331|-1.000000|-1.000000|0.000000|-1|-1|0|1|-1|-1
478|248|43|HOH|A|249|1|0|000|17.387358|-1.000000|-1.000000|0.000000|-1|-1|0|1|-1|-1
478|249|43|HOH|A|250|1|0|000|20.318995|-1.000000|-1.000000|0.000000|-1|-1|0|1|-1|-1
478|250|43|HOH|A|251|1|0|000|23.402933|-1.000000|-1.000000|0.000000|-1|-1|0|1|-1|-1
478|251|43|HOH|A|252|1|0|000|20.400341|-1.000000|-1.000000|0.000000|-1|-1|0|1|-1|-1
478|252|43|HOH|A|253|1|0|000|20.783134|-1.000000|-1.000000|0.000000|-1|-1|0|1|-1|-1
478|253|43|HOH|A|254|1|0|000|22.698870|-1.000000|-1.000000|0.000000|-1|-1|0|1|-1|-1
478|254|43|HOH|A|255|1|0|000|18.787918|-1.000000|-1.000000|0.000000|-1|-1|0|1|-1|-1
478|255|43|HOH|A|256|1|0|000|13.265114|-1.000000|-1.000000|0.000000|-1|-1|0|1|-1|-1
478|256|43|HOH|A|257|1|0|000|19.989576|-1.000000|-1.000000|0.000000|-1|-1|0|1|-1|-1
478|257|43|HOH|A|258|1|0|000|18.482563|-1.000000|-1.000000|0.000000|-1|-1|0|1|-1|-1
478|258|43|HOH|A|259|1|0|000|12.611173|-1.000000|-1.000000|0.000000|-1|-1|0|1|-1|-1
478|259|43|HOH|A|260|1|0|000|13.702405|-1.000000|-1.000000|0.000000|-1|-1|0|1|-1|-1
478|260|43|HOH|A|261|1|0|000|16.459782|-1.000000|-1.000000|0.000000|-1|-1|0|1|-1|-1
478|261|43|HOH|A|262|1|0|000|20.498634|-1.000000|-1.000000|0.000000|-1|-1|0|1|-1|-1
478|262|43|HOH|A|263|1|0|000|16.799044|-1.000000|-1.000000|0.000000|-1|-1|0|1|-1|-1
478|263|43|HOH|A|264|1|0|000|17.714497|-1.000000|-1.000000|0.000000|-1|-1|0|1|-1|-1
478|264|43|HOH|A|265|1|0|000|16.544975|-1.000000|-1.000000|0.000000|-1|-1|0|1|-1|-1
478|265|43|HOH|A|266|1|0|000|12.506697|-1.000000|-1.000000|0.000000|-1|-1|0|1|-1|-1
478|266|43|HOH|A|267|1|0|000|17.513865|-1.000000|-1.000000|0.000000|-1|-1|0|1|-1|-1
478|267|43|HOH|A|268|1|0|000|14.365977|-1.000000|-1.000000|0.000000|-1|-1|0|1|-1|-1
478|268|43|HOH|A|269|1|0|000|14.452155|-1.000000|-1.000000|0.000000|-1|-1|0|1|-1|-1
478|269|43|HOH|A|270|1|0|000|10.973033|-1.000000|-1.000000|0.000000|-1|-1|0|1|-1|-1
478|270|43|HOH|A|271|1|0|000|16.200531|-1.000000|-1.000000|0.000000|-1|-1|0|1|-1|-1
478|271|43|HOH|A|272|1|0|000|20.404049|-1.000000|-1.000000|0.000000|-1|-1|0|1|-1|-1
478|272|43|HOH|A|273|1|0|000|23.380175|-1.000000|-1.000000|0.000000|-1|-1|0|1|-1|-1
478|273|43|HOH|A|274|1|0|000|14.152922|-1.000000|-1.000000|0.000000|-1|-1|0|1|-1|-1
478|274|43|HOH|A|275|1|0|000|18.790035|-1.000000|-1.000000|0.000000|-1|-1|0|1|-1|-1
478|275|43|HOH|A|276|1|0|000|22.040451|-1.000000|-1.000000|0.000000|-1|-1|0|1|-1|-1
478|276|43|HOH|A|277|1|0|000|24.353813|-1.000000|-1.000000|0.000000|-1|-1|0|1|-1|-1
478|277|43|HOH|A|278|1|0|000|15.458679|-1.000000|-1.000000|0.000000|-1|-1|0|1|-1|-1
478|278|43|HOH|A|279|1|0|000|15.014369|-1.000000|-1.000000|0.000000|-1|-1|0|1|-1|-1
478|279|43|HOH|A|280|1|0|000|15.985810|-1.000000|-1.000000|0.000000|-1|-1|0|1|-1|-1
478|280|43|HOH|A|281|1|0|000|23.789833|-1.000000|-1.000000|0.000000|-1|-1|0|1|-1|-1
478|281|43|HOH|A|282|1|0|000|13.486422|-1.000000|-1.000000|0.000000|-1|-1|0|1|-1|-1
478|282|43|HOH|A|283|1|0|000|15.859015|-1.000000|-1.000000|0.000000|-1|-1|0|1|-1|-1
478|283|43|HOH|A|284|1|0|000|12.587337|-1.000000|-1.000000|0.000000|-1|-1|0|1|-1|-1
478|284|43|HOH|A|285|1|0|000|16.579552|-1.000000|-1.000000|0.000000|-1|-1|0|1|-1|-1
478|285|43|HOH|A|286|1|0|000|20.350788|-1.000000|-1.000000|0.000000|-1|-1|0|1|-1|-1
478|286|43|HOH|A|287|1|0|000|17.441147|-1.000000|-1.000000|0.000000|-1|-1|0|1|-1|-1
478|287|43|HOH|A|288|1|0|000|15.450063|-1.000000|-1.000000|0.000000|-1|-1|0|1|-1|-1
478|288|43|HOH|A|289|1|0|000|19.224607|-1.000000|-1.000000|0.000000|-1|-1|0|1|-1|-1
478|289|43|HOH|A|290|1|0|000|12.647784|-1.000000|-1.000000|0.000000|-1|-1|0|1|-1|-1
478|290|43|HOH|A|291|1|0|000|18.156982|-1.000000|-1.000000|0.000000|-1|-1|0|1|-1|-1
478|291|43|HOH|A|292|1|0|000|14.603032|-1.000000|-1.000000|0.000000|-1|-1|0|1|-1|-1
478|292|43|HOH|A|293|1|0|000|20.830227|-1.000000|-1.000000|0.000000|-1|-1|0|1|-1|-1
478|293|43|HOH|A|294|1|0|000|11.445539|-1.000000|-1.000000|0.000000|-1|-1|0|1|-1|-1
478|294|43|HOH|A|295|1|0|000|18.207109|-1.000000|-1.000000|0.000000|-1|-1|0|1|-1|-1
478|295|43|HOH|A|296|1|0|000|12.384731|-1.000000|-1.000000|0.000000|-1|-1|0|1|-1|-1
478|296|43|HOH|A|297|1|0|000|20.925173|-1.000000|-1.000000|0.000000|-1|-1|0|1|-1|-1
478|297|43|HOH|A|298|1|0|000|13.551109|-1.000000|-1.000000|0.000000|-1|-1|0|1|-1|-1
478|298|43|HOH|A|299|1|0|000|19.247803|-1.000000|-1.000000|0.000000|-1|-1|0|1|-1|-1
478|299|43|HOH|A|300|1|0|000|9.936926|-1.000000|-1.000000|0.000000|-1|-1|0|1|-1|-1
478|300|43|HOH|A|301|1|0|000|14.154776|-1.000000|-1.000000|0.000000|-1|-1|0|1|-1|-1
478|301|43|HOH|A|302|1|0|000|14.151199|-1.000000|-1.000000|0.000000|-1|-1|0|1|-1|-1
478|302|43|HOH|A|303|1|0|000|15.997735|-1.000000|-1.000000|0.000000|-1|-1|0|1|-1|-1
478|303|43|HOH|A|304|1|0|000|16.800570|-1.000000|-1.000000|0.000000|-1|-1|0|1|-1|-1
478|304|43|HOH|A|305|1|0|000|22.566296|-1.000000|-1.000000|0.000000|-1|-1|0|1|-1|-1
478|305|43|HOH|A|306|1|0|000|22.427931|-1.000000|-1.000000|0.000000|-1|-1|0|1|-1|-1
478|306|43|HOH|A|307|1|0|000|11.978660|-1.000000|-1.000000|0.000000|-1|-1|0|1|-1|-1
478|307|43|HOH|A|308|1|0|000|20.572348|-1.000000|-1.000000|0.000000|-1|-1|0|1|-1|-1
478|308|43|HOH|A|309|1|0|000|11.659305|-1.000000|-1.000000|0.000000|-1|-1|0|1|-1|-1
478|309|43|HOH|A|310|1|0|000|21.513849|-1.000000|-1.000000|0.000000|-1|-1|0|1|-1|-1
478|310|43|HOH|A|311|1|0|000|16.059168|-1.000000|-1.000000|0.000000|-1|-1|0|1|-1|-1
478|311|43|HOH|A|312|1|0|000|23.714275|-1.000000|-1.000000|0.000000|-1|-1|0|1|-1|-1
478|312|43|HOH|A|313|1|0|000|13.382499|-1.000000|-1.000000|0.000000|-1|-1|0|1|-1|-1
478|313|43|HOH|A|314|1|0|000|21.666092|-1.000000|-1.000000|0.000000|-1|-1|0|1|-1|-1
478|314|43|HOH|A|315|1|0|000|15.321364|-1.000000|-1.000000|0.000000|-1|-1|0|1|-1|-1
478|315|43|HOH|A|316|1|0|000|11.596856|-1.000000|-1.000000|0.000000|-1|-1|0|1|-1|-1
478|316|43|HOH|A|317|1|0|000|15.571471|-1.000000|-1.000000|0.000000|-1|-1|0|1|-1|-1
478|317|43|HOH|A|318|1|0|000|15.420576|-1.000000|-1.000000|0.000000|-1|-1|0|1|-1|-1
478|318|43|HOH|A|319|1|0|000|26.282728|-1.000000|-1.000000|0.000000|-1|-1|0|1|-1|-1
478|319|43|HOH|A|320|1|0|000|22.697136|-1.000000|-1.000000|0.000000|-1|-1|0|1|-1|-1
478|320|43|HOH|A|321|1|0|000|14.295216|-1.000000|-1.000000|0.000000|-1|-1|0|1|-1|-1
478|321|43|HOH|A|322|1|0|000|18.084318|-1.000000|-1.000000|0.000000|-1|-1|0|1|-1|-1
478|322|43|HOH|A|323|1|0|000|11.933376|-1.000000|-1.000000|0.000000|-1|-1|0|1|-1|-1
478|323|43|HOH|A|324|1|0|000|17.836645|-1.000000|-1.000000|0.000000|-1|-1|0|1|-1|-1
478|324|43|HOH|A|325|1|0|000|17.712322|-1.000000|-1.000000|0.000000|-1|-1|0|1|-1|-1
478|325|43|HOH|A|326|1|0|000|12.086265|-1.000000|-1.000000|0.000000|-1|-1|0|1|-1|-1
478|326|43|HOH|A|327|1|0|000|15.190321|-1.000000|-1.000000|0.000000|-1|-1|0|1|-1|-1
478|327|43|HOH|A|328|1|0|000|22.981691|-1.000000|-1.000000|0.000000|-1|-1|0|1|-1|-1
478|328|43|HOH|A|329|1|0|000|17.124285|-1.000000|-1.000000|0.000000|-1|-1|0|1|-1|-1
478|329|43|HOH|A|330|1|0|000|15.862031|-1.000000|-1.000000|0.000000|-1|-1|0|1|-1|-1
478|330|43|HOH|A|331|1|0|000|13.352741|-1.000000|-1.000000|0.000000|-1|-1|0|1|-1|-1
478|331|43|HOH|A|332|1|0|000|12.291261|-1.000000|-1.000000|0.000000|-1|-1|0|1|-1|-1
478|332|43|HOH|A|333|1|0|000|14.388050|-1.000000|-1.000000|0.000000|-1|-1|0|1|-1|-1
478|333|43|HOH|A|334|1|0|000|17.635258|-1.000000|-1.000000|0.000000|-1|-1|0|1|-1|-1
478|334|43|HOH|A|335|1|0|000|17.680038|-1.000000|-1.000000|0.000000|-1|-1|0|1|-1|-1
478|335|43|HOH|A|336|1|0|000|16.655964|-1.000000|-1.000000|0.000000|-1|-1|0|1|-1|-1
478|336|43|HOH|A|337|1|0|000|16.666168|-1.000000|-1.000000|0.000000|-1|-1|0|1|-1|-1
478|337|43|HOH|A|338|1|0|000|17.548103|-1.000000|-1.000000|0.000000|-1|-1|0|1|-1|-1
478|338|43|HOH|A|339|1|0|000|16.927835|-1.000000|-1.000000|0.000000|-1|-1|0|1|-1|-1
478|339|43|HOH|A|340|1|0|000|16.759951|-1.000000|-1.000000|0.000000|-1|-1|0|1|-1|-1
478|340|43|HOH|A|341|1|0|000|14.018570|-1.000000|-1.000000|0.000000|-1|-1|0|1|-1|-1
478|341|43|HOH|A|342|1|0|000|16.229773|-1.000000|-1.000000|0.000000|-1|-1|0|1|-1|-1
478|342|43|HOH|A|343|1|0|000|20.929964|-1.000000|-1.000000|0.000000|-1|-1|0|1|-1|-1
478|343|43|HOH|A|344|1|0|000|16.910156|-1.000000|-1.000000|0.000000|-1|-1|0|1|-1|-1
478|344|43|HOH|A|345|1|0|000|18.885187|-1.000000|-1.000000|0.000000|-1|-1|0|1|-1|-1
478|345|43|HOH|A|346|1|0|000|25.831656|-1.000000|-1.000000|0.000000|-1|-1|0|1|-1|-1
478|346|43|HOH|A|347|1|0|000|21.661610|-1.000000|-1.000000|0.000000|-1|-1|0|1|-1|-1
478|347|43|HOH|A|348|1|0|000|18.843422|-1.000000|-1.000000|0.000000|-1|-1|0|1|-1|-1
478|348|43|HOH|A|349|1|0|000|17.977003|-1.000000|-1.000000|0.000000|-1|-1|0|1|-1|-1
478|349|43|HOH|A|350|1|0|000|12.645086|-1.000000|-1.000000|0.000000|-1|-1|0|1|-1|-1
478|350|43|HOH|A|351|1|0|000|21.568188|-1.000000|-1.000000|0.000000|-1|-1|0|1|-1|-1
478|351|43|HOH|A|352|1|0|000|25.019640|-1.000000|-1.000000|0.000000|-1|-1|0|1|-1|-1
478|352|43|HOH|A|353|1|0|000|16.013807|-1.000000|-1.000000|0.000000|-1|-1|0|1|-1|-1
478|353|43|HOH|A|354|1|0|000|16.304966|-1.000000|-1.000000|0.000000|-1|-1|0|1|-1|-1
478|354|43|HOH|A|355|1|0|000|18.119478|-1.000000|-1.000000|0.000000|-1|-1|0|1|-1|-1
478|355|43|HOH|A|356|1|0|000|19.034279|-1.000000|-1.000000|0.000000|-1|-1|0|1|-1|-1
478|356|43|HOH|A|357|1|0|000|20.519405|-1.000000|-1.000000|0.000000|-1|-1|0|1|-1|-1
478|357|43|HOH|A|358|1|0|000|20.269009|-1.000000|-1.000000|0.000000|-1|-1|0|1|-1|-1
478|358|43|HOH|A|359|1|0|000|23.029743|-1.000000|-1.000000|0.000000|-1|-1|0|1|-1|-1
478|359|43|HOH|A|360|1|0|000|15.970097|-1.000000|-1.000000|0.000000|-1|-1|0|1|-1|-1
478|360|43|HOH|A|361|1|0|000|13.547328|-1.000000|-1.000000|0.000000|-1|-1|0|1|-1|-1
478|361|43|HOH|A|362|1|0|000|20.977179|-1.000000|-1.000000|0.000000|-1|-1|0|1|-1|-1
478|362|43|HOH|A|363|1|0|000|15.779592|-1.000000|-1.000000|0.000000|-1|-1|0|1|-1|-1
478|363|43|HOH|A|364|1|0|000|16.291695|-1.000000|-1.000000|0.000000|-1|-1|0|1|-1|-1
478|364|43|HOH|A|365|1|0|000|20.759443|-1.000000|-1.000000|0.000000|-1|-1|0|1|-1|-1
478|365|43|HOH|A|366|1|0|000|16.223866|-1.000000|-1.000000|0.000000|-1|-1|0|1|-1|-1
478|366|43|HOH|A|367|1|0|000|23.364477|-1.000000|-1.000000|0.000000|-1|-1|0|1|-1|-1
478|367|43|HOH|A|368|1|0|000|17.323486|-1.000000|-1.000000|0.000000|-1|-1|0|1|-1|-1
478|368|43|HOH|A|369|1|0|000|14.901853|-1.000000|-1.000000|0.000000|-1|-1|0|1|-1|-1
478|369|43|HOH|A|370|1|0|000|21.102692|-1.000000|-1.000000|0.000000|-1|-1|0|1|-1|-1
478|370|43|HOH|A|371|1|0|000|16.146204|-1.000000|-1.000000|0.000000|-1|-1|0|1|-1|-1
478|371|43|HOH|A|372|1|0|000|18.460535|-1.000000|-1.000000|0.000000|-1|-1|0|1|-1|-1
478|372|43|HOH|A|373|1|0|000|13.683634|-1.000000|-1.000000|0.000000|-1|-1|0|1|-1|-1
478|373|43|HOH|A|374|1|0|000|23.513174|-1.000000|-1.000000|0.000000|-1|-1|0|1|-1|-1
478|374|43|HOH|A|375|1|0|000|21.729670|-1.000000|-1.000000|0.000000|-1|-1|0|1|-1|-1
478|375|43|HOH|A|376|1|0|000|20.470457|-1.000000|-1.000000|0.000000|-1|-1|0|1|-1|-1
478|376|43|HOH|A|377|1|0|000|23.369343|-1.000000|-1.000000|0.000000|-1|-1|0|1|-1|-1
478|377|43|HOH|A|378|1|0|000|19.357500|-1.000000|-1.000000|0.000000|-1|-1|0|1|-1|-1
478|378|43|HOH|A|379|1|0|000|18.993980|-1.000000|-1.000000|0.000000|-1|-1|0|1|-1|-1
478|379|43|HOH|A|380|1|0|000|16.758163|-1.000000|-1.000000|0.000000|-1|-1|0|1|-1|-1
478|380|43|HOH|A|381|1|0|000|15.176262|-1.000000|-1.000000|0.000000|-1|-1|0|1|-1|-1
478|381|43|HOH|A|382|1|0|000|14.728763|-1.000000|-1.000000|0.000000|-1|-1|0|1|-1|-1
478|382|43|HOH|A|383|1|0|000|15.611739|-1.000000|-1.000000|0.000000|-1|-1|0|1|-1|-1
478|383|43|HOH|A|384|1|0|000|20.928043|-1.000000|-1.000000|0.000000|-1|-1|0|1|-1|-1
478|384|43|HOH|A|385|1|0|000|19.068092|-1.000000|-1.000000|0.000000|-1|-1|0|1|-1|-1
478|385|43|HOH|A|386|1|0|000|15.586110|-1.000000|-1.000000|0.000000|-1|-1|0|1|-1|-1
478|386|43|HOH|A|387|1|0|000|28.376959|-1.000000|-1.000000|0.000000|-1|-1|0|1|-1|-1
478|387|43|HOH|A|388|1|0|000|18.156872|-1.000000|-1.000000|0.000000|-1|-1|0|1|-1|-1
478|388|43|HOH|A|389|1|0|000|13.778351|-1.000000|-1.000000|0.000000|-1|-1|0|1|-1|-1
478|389|43|HOH|A|390|1|0|000|15.889112|-1.000000|-1.000000|0.000000|-1|-1|0|1|-1|-1
478|390|43|HOH|A|391|1|0|000|20.972004|-1.000000|-1.000000|0.000000|-1|-1|0|1|-1|-1
478|391|43|HOH|A|392|1|0|000|23.451822|-1.000000|-1.000000|0.000000|-1|-1|0|1|-1|-1
478|392|43|HOH|A|393|1|0|000|16.557741|-1.000000|-1.000000|0.000000|-1|-1|0|1|-1|-1
478|393|43|HOH|A|394|1|0|000|15.697576|-1.000000|-1.000000|0.000000|-1|-1|0|1|-1|-1
478|394|43|HOH|A|395|1|0|000|20.342678|-1.000000|-1.000000|0.000000|-1|-1|0|1|-1|-1
478|395|43|HOH|A|396|1|0|000|19.532740|-1.000000|-1.000000|0.000000|-1|-1|0|1|-1|-1
478|396|43|HOH|A|397|1|0|000|21.969940|-1.000000|-1.000000|0.000000|-1|-1|0|1|-1|-1
478|397|43|HOH|A|398|1|0|000|14.188608|-1.000000|-1.000000|0.000000|-1|-1|0|1|-1|-1
478|398|43|HOH|A|399|1|0|000|18.985104|-1.000000|-1.000000|0.000000|-1|-1|0|1|-1|-1
478|399|43|HOH|A|400|1|0|000|18.373236|-1.000000|-1.000000|0.000000|-1|-1|0|1|-1|-1
478|400|43|HOH|A|401|1|0|000|15.834687|-1.000000|-1.000000|0.000000|-1|-1|0|1|-1|-1
478|401|43|HOH|A|402|1|0|000|16.186563|-1.000000|-1.000000|0.000000|-1|-1|0|1|-1|-1
478|402|43|HOH|A|403|1|0|000|15.997887|-1.000000|-1.000000|0.000000|-1|-1|0|1|-1|-1
478|403|43|HOH|A|404|1|0|000|16.468330|-1.000000|-1.000000|0.000000|-1|-1|0|1|-1|-1
478|404|43|HOH|A|405|1|0|000|15.335854|-1.000000|-1.000000|0.000000|-1|-1|0|1|-1|-1
478|405|43|HOH|A|406|1|0|000|18.952480|-1.000000|-1.000000|0.000000|-1|-1|0|1|-1|-1
478|406|43|HOH|A|407|1|0|000|22.183634|-1.000000|-1.000000|0.000000|-1|-1|0|1|-1|-1
478|407|43|HOH|A|408|1|0|000|18.134960|-1.000000|-1.000000|0.000000|-1|-1|0|1|-1|-1
478|408|43|HOH|A|409|1|0|000|23.468645|-1.000000|-1.000000|0.000000|-1|-1|0|1|-1|-1
478|409|43|HOH|A|410|1|0|000|13.712358|-1.000000|-1.000000|0.000000|-1|-1|0|1|-1|-1
478|410|43|HOH|A|411|1|0|000|15.448147|-1.000000|-1.000000|0.000000|-1|-1|0|1|-1|-1
478|411|43|HOH|A|412|1|0|000|14.268549|-1.000000|-1.000000|0.000000|-1|-1|0|1|-1|-1
478|412|43|HOH|A|413|1|0|000|21.861279|-1.000000|-1.000000|0.000000|-1|-1|0|1|-1|-1
478|413|43|HOH|A|414|1|0|000|20.424416|-1.000000|-1.000000|0.000000|-1|-1|0|1|-1|-1
478|414|43|HOH|A|415|1|0|000|14.691911|-1.000000|-1.000000|0.000000|-1|-1|0|1|-1|-1
478|415|43|HOH|A|416|1|0|000|22.855921|-1.000000|-1.000000|0.000000|-1|-1|0|1|-1|-1
478|416|43|HOH|A|417|1|0|000|19.403475|-1.000000|-1.000000|0.000000|-1|-1|0|1|-1|-1
478|417|43|HOH|A|418|1|0|000|21.475693|-1.000000|-1.000000|0.000000|-1|-1|0|1|-1|-1
478|418|43|HOH|A|419|1|0|000|22.163374|-1.000000|-1.000000|0.000000|-1|-1|0|1|-1|-1
478|419|43|HOH|A|420|1|0|000|19.668808|-1.000000|-1.000000|0.000000|-1|-1|0|1|-1|-1
478|420|43|HOH|A|421|1|0|000|22.845119|-1.000000|-1.000000|0.000000|-1|-1|0|1|-1|-1
478|421|43|HOH|A|422|1|0|000|24.813972|-1.000000|-1.000000|0.000000|-1|-1|0|1|-1|-1
478|422|43|HOH|A|423|1|0|000|13.782728|-1.000000|-1.000000|0.000000|-1|-1|0|1|-1|-1
478|423|43|HOH|A|424|1|0|000|14.099360|-1.000000|-1.000000|0.000000|-1|-1|0|1|-1|-1
478|424|43|HOH|A|425|1|0|000|16.754473|-1.000000|-1.000000|0.000000|-1|-1|0|1|-1|-1
478|425|43|HOH|A|426|1|0|000|20.661554|-1.000000|-1.000000|0.000000|-1|-1|0|1|-1|-1
478|426|43|HOH|A|427|1|0|000|19.962860|-1.000000|-1.000000|0.000000|-1|-1|0|1|-1|-1
478|427|43|HOH|A|428|1|0|000|15.215981|-1.000000|-1.000000|0.000000|-1|-1|0|1|-1|-1
478|428|43|HOH|A|429|1|0|000|15.345966|-1.000000|-1.000000|0.000000|-1|-1|0|1|-1|-1
478|429|43|HOH|A|430|1|0|000|13.365998|-1.000000|-1.000000|0.000000|-1|-1|0|1|-1|-1
478|430|43|HOH|A|431|1|0|000|18.823900|-1.000000|-1.000000|0.000000|-1|-1|0|1|-1|-1
478|431|43|HOH|A|432|1|0|000|15.427380|-1.000000|-1.000000|0.000000|-1|-1|0|1|-1|-1
478|432|43|HOH|A|433|1|0|000|25.765083|-1.000000|-1.000000|0.000000|-1|-1|0|1|-1|-1
478|433|43|HOH|A|434|1|0|000|21.413151|-1.000000|-1.000000|0.000000|-1|-1|0|1|-1|-1
478|434|43|HOH|A|435|1|0|000|25.618126|-1.000000|-1.000000|0.000000|-1|-1|0|1|-1|-1
478|435|43|HOH|A|436|1|0|000|7.841516|-1.000000|-1.000000|0.000000|-1|-1|0|1|-1|-1
478|436|43|HOH|A|437|1|0|000|21.904583|-1.000000|-1.000000|0.000000|-1|-1|0|1|-1|-1
478|437|43|HOH|A|438|1|0|000|18.480301|-1.000000|-1.000000|0.000000|-1|-1|0|1|-1|-1
478|438|43|HOH|A|439|1|0|000|19.255159|-1.000000|-1.000000|0.000000|-1|-1|0|1|-1|-1
478|439|43|HOH|A|440|1|0|000|21.477827|-1.000000|-1.000000|0.000000|-1|-1|0|1|-1|-1
478|440|43|HOH|A|441|1|0|000|18.841831|-1.000000|-1.000000|0.000000|-1|-1|0|1|-1|-1
478|441|43|HOH|A|442|1|0|000|23.305151|-1.000000|-1.000000|0.000000|-1|-1|0|1|-1|-1
478|442|43|HOH|A|443|1|0|000|18.323988|-1.000000|-1.000000|0.000000|-1|-1|0|1|-1|-1
478|443|43|HOH|A|444|1|0|000|17.537720|-1.000000|-1.000000|0.000000|-1|-1|0|1|-1|-1
478|444|43|HOH|A|445|1|0|000|19.713709|-1.000000|-1.000000|0.000000|-1|-1|0|1|-1|-1
478|445|43|HOH|A|446|1|0|000|12.360688|-1.000000|-1.000000|0.000000|-1|-1|0|1|-1|-1
478|446|43|HOH|A|447|1|0|000|16.822050|-1.000000|-1.000000|0.000000|-1|-1|0|1|-1|-1
478|447|43|HOH|A|448|1|0|000|18.905569|-1.000000|-1.000000|0.000000|-1|-1|0|1|-1|-1
478|448|43|HOH|A|449|1|0|000|20.888878|-1.000000|-1.000000|0.000000|-1|-1|0|1|-1|-1
