1872|0|-1|28|0|127|VAL|543|3|807|-O--|428|8|2|0011|3.526474|0.447189|0.859499|0.247556|19.707350|0.009408|0.014775
1872|1|-1|56|1|113|ASP|2143|10|792|-O--|428|8|2|0011|3.749390|-0.897479|0.098416|0.429936|71.548401|0.005151|0.008089
1872|2|-1|61|1|108|ASP|2143|10|787|-O--|428|8|2|0011|2.822910|-0.053137|0.322362|0.945124|23.105171|0.063000|0.098937
1872|3|-1|65|1|127|ASP|2143|13|807|-OD1|1028|8|2|0011|2.985469|-0.538944|0.749966|-0.383524|2.024937|0.040601|0.063761
1872|4|-1|66|1|158|ASP|2143|13|839|-OD1|1028|8|2|0011|3.946045|-0.265076|0.845657|0.463248|56.514221|0.003027|0.004754
1872|5|-1|254|7|170|ASP|2143|53|851|-OD1|1028|8|2|0011|3.802886|-0.922983|-0.382867|0.038918|24.074003|0.004457|0.007000
1872|6|-1|256|7|119|ASP|2143|53|798|-OD1|1028|8|2|0011|2.699367|-0.127808|0.991714|0.012966|11.096908|0.087973|0.138156
1872|7|-1|259|7|170|ASP|2143|54|851|-OD2|1028|8|2|0011|3.875201|-0.768218|-0.408237|-0.493136|10.477305|0.003666|0.005757
1872|8|-1|260|7|119|ASP|2143|54|798|-OD2|1028|8|2|0011|3.261829|0.057636|0.782077|-0.620511|2.202978|0.019238|0.030211
1872|9|-1|283|8|157|ASP|2143|61|838|-OD1|1028|8|2|0011|3.323648|-0.210612|0.841244|0.497946|14.559958|0.016278|0.025563
1872|10|-1|286|8|157|ASP|2143|62|838|-OD2|1028|8|2|0011|3.863721|0.049175|0.998778|0.004917|1.809350|0.003782|0.005939
1872|11|-1|320|10|180|SER|1143|72|861|-OG-|1728|8|3|0011|3.485725|-0.816473|0.545654|-0.188769|1.866820|0.010504|0.016496
1872|12|-1|334|11|204|LEU|743|76|885|-O--|428|8|2|0011|3.906596|-0.978089|0.204014|0.041469|1.045401|0.003368|0.005289
1872|13|-1|391|13|141|PHE|3543|89|822|-O--|428|8|2|0011|3.414232|-0.329210|-0.716706|-0.614779|3.651073|0.012743|0.020012
1872|14|-1|397|13|120|PHE|3543|89|799|-O--|428|8|2|0011|3.061726|-0.401408|-0.217524|0.889694|5.105664|0.033039|0.051885
1872|15|-1|495|16|141|SER|1143|116|822|-OG-|1728|8|3|0011|2.800892|0.583385|-0.308830|-0.751189|0.020034|0.066863|0.105003
1872|16|-1|496|16|120|SER|1143|116|799|-OG-|1728|8|3|0011|3.251130|0.470298|0.281748|0.836324|0.888135|0.019802|0.031098
1872|17|-1|526|17|183|GLU|2543|128|864|-OE1|1028|8|2|0011|3.468606|-0.604854|0.736319|-0.303292|44.101078|0.011001|0.017277
1872|18|-1|527|17|194|GLU|2543|128|875|-OE1|1028|8|2|0011|2.855380|-0.201024|0.728800|0.654554|68.864105|0.057707|0.090625
1872|19|-1|532|17|183|GLU|2543|130|864|-OE2|1028|8|2|0011|2.640328|-0.485546|0.800279|0.351850|35.673096|0.103193|0.162057
1872|20|-1|602|19|159|SER|1143|147|840|-O--|428|8|2|0011|3.459524|-0.245409|-0.535334|0.808203|9.651493|0.011275|0.017706
1872|21|-1|603|19|118|SER|1143|147|797|-O--|428|8|2|0011|3.725309|-0.800470|0.572838|-0.176362|41.635201|0.005497|0.008633
1872|22|-1|604|19|211|SER|1143|147|892|-O--|428|8|2|0011|3.043056|-0.426873|0.291483|0.856047|37.795929|0.034749|0.054571
1872|23|-1|608|19|155|SER|1143|147|836|-O--|428|8|2|0011|2.904986|0.753532|0.202411|0.625475|22.263166|0.050466|0.079254
1872|24|-1|624|19|175|SER|1143|150|856|-OG-|1728|8|3|0011|3.142551|-0.941274|-0.289892|-0.173107|7.293822|0.026556|0.041704
1872|25|-1|627|19|183|SER|1143|150|864|-OG-|1728|8|3|0011|2.379894|-0.177739|-0.891636|0.416406|5.074546|0.208611|0.327610
1872|26|-1|628|19|210|SER|1143|150|891|-OG-|1728|8|3|0011|2.891124|0.053958|-0.122790|0.990965|16.212215|0.052393|0.082280
1872|27|-1|631|19|210|SER|1143|151|891|-OG-|1728|8|3|0011|3.297128|-0.172271|-0.711832|0.680895|27.219217|0.017487|0.027462
1872|28|-1|632|19|159|SER|1143|151|840|-OG-|1728|8|3|0011|3.346516|0.597039|-0.371730|0.710888|7.994569|0.015302|0.024031
1872|29|-1|633|19|118|SER|1143|151|797|-OG-|1728|8|3|0011|2.947926|-0.045795|0.930146|-0.364324|37.584919|0.044937|0.070570
1872|30|-1|634|19|211|SER|1143|151|892|-OG-|1728|8|3|0011|3.068985|0.504401|0.487132|0.712939|34.016705|0.032397|0.050877
1872|31|-1|660|20|118|VAL|543|155|797|-O--|428|8|2|0011|3.917779|-0.384401|0.091378|0.918633|59.851006|0.003268|0.005131
1872|32|-1|727|22|121|ALA|343|169|800|-O--|428|8|2|0011|2.897321|-0.785898|0.489418|0.377934|16.673689|0.051523|0.080913
1872|33|-1|773|24|132|GLU|2543|178|812|-O--|428|8|2|0011|2.665444|-0.678686|-0.603652|-0.418317|2.935075|0.096420|0.151422
1872|34|-1|789|24|202|GLU|2543|182|883|-OE1|1028|8|2|0011|3.738596|-0.300113|-0.742257|0.599155|1.741086|0.005303|0.008328
1872|35|-1|790|24|207|GLU|2543|182|888|-OE1|1028|8|2|0011|3.825694|0.952507|-0.097237|0.288575|10.790742|0.004191|0.006581
1872|36|-1|791|24|202|GLU|2543|183|883|-OE2|1028|8|2|0011|2.689752|-0.278093|-0.249465|0.927594|1.575276|0.090289|0.141794
1872|37|-1|939|30|140|ASN|2343|231|821|-O--|428|8|2|0011|2.985850|-0.183197|0.582749|0.791734|11.665927|0.040559|0.063695
1872|38|-1|940|30|140|ASN|2343|231|820|-O--|428|8|2|0011|3.703401|-0.382891|0.439596|0.812496|30.143908|0.005832|0.009159
1872|39|-1|986|31|200|ASN|2343|239|881|-O--|428|8|2|0011|3.265319|0.019294|0.040731|0.998984|43.833366|0.019057|0.029928
1872|40|-1|996|31|200|ASN|2343|242|881|-OD1|828|8|2|0011|3.404256|0.743187|-0.490269|0.455312|19.077707|0.013091|0.020559
1872|41|-1|997|31|140|ASN|2343|242|821|-OD1|828|8|2|0011|3.839834|0.275793|0.805504|-0.524502|1.103585|0.004034|0.006335
1872|42|-1|998|31|140|ASN|2343|242|820|-OD1|828|8|2|0011|3.285706|0.057218|0.907263|-0.416653|6.619393|0.018035|0.028323
1872|43|-1|999|31|212|ASN|2343|242|893|-OD1|828|8|2|0011|2.713418|-0.115721|0.903289|0.413132|56.903404|0.084695|0.133008
1872|44|-1|1274|40|179|PHE|3543|307|860|-O--|428|8|2|0011|3.572470|-0.107209|-0.748222|-0.654729|25.461334|0.008309|0.013048
1872|45|-1|1281|40|138|PHE|3543|307|818|-O--|428|8|2|0011|2.687504|0.762418|-0.423441|-0.489303|8.453453|0.090840|0.142658
1872|46|-1|1344|41|114|ASP|2143|322|793|-OD2|1028|8|2|0011|3.209372|0.672717|-0.250828|0.696087|17.507555|0.022168|0.034813
1872|47|-1|1365|42|106|GLU|2543|326|785|-O--|428|8|2|0011|2.679755|-0.924712|0.171284|0.339956|16.703030|0.092762|0.145677
1872|48|-1|1368|42|139|GLU|2543|326|819|-O--|428|8|2|0011|2.766448|0.201341|0.709936|-0.674873|11.383659|0.073386|0.115248
1872|49|-1|1392|43|177|ASP|2143|335|858|-O--|428|8|2|0011|3.067510|-0.683616|0.340015|-0.645800|37.290047|0.032526|0.051081
1872|50|-1|1394|43|201|ASP|2143|335|882|-O--|428|8|2|0011|2.689478|-0.634696|-0.670762|0.383718|45.527546|0.090356|0.141899
1872|51|-1|1396|43|106|ASP|2143|335|785|-O--|428|8|2|0011|3.281390|0.016456|0.820079|-0.572013|13.276213|0.018247|0.028656
1872|52|-1|1413|44|123|ALA|343|343|803|-O--|428|8|2|0011|3.044071|-0.481264|-0.127461|0.867260|9.126690|0.034654|0.054421
1872|53|-1|1444|45|148|VAL|543|348|829|-O--|428|8|2|0011|3.590785|-0.453661|-0.066838|0.888664|25.568325|0.007907|0.012418
1872|54|-1|1446|45|110|VAL|543|348|789|-O--|428|8|2|0011|2.669504|0.021727|-0.127739|-0.991570|14.901984|0.095368|0.149769
1872|55|-1|1447|45|106|VAL|543|348|785|-O--|428|8|2|0011|3.214589|0.236111|-0.844898|-0.479999|34.192322|0.021857|0.034326
1872|56|-1|1485|46|110|PRO|1943|355|789|-O--|428|8|2|0011|3.108063|-0.112610|-0.941744|-0.316918|13.715880|0.029150|0.045778
1872|57|-1|1486|46|105|PRO|1943|355|784|-O--|428|8|2|0011|3.538320|0.430996|-0.467453|-0.771835|19.087996|0.009112|0.014310
1872|58|-1|1529|47|184|SER|1143|363|865|-O--|428|8|2|0011|2.837378|-0.802149|0.114190|0.586104|7.407348|0.060584|0.095143
1872|59|-1|1534|47|147|SER|1143|363|828|-O--|428|8|2|0011|2.651092|0.383993|0.689527|0.614086|70.333443|0.100234|0.157411
1872|60|-1|1541|47|153|SER|1143|366|834|-OG-|1728|8|3|0011|3.283272|-0.153505|-0.276249|0.948748|25.069202|0.018154|0.028510
1872|61|-1|1542|47|184|SER|1143|366|865|-OG-|1728|8|3|0011|2.855652|0.092799|0.735034|0.671650|0.030052|0.057665|0.090558
1872|62|-1|1543|47|169|SER|1143|367|850|-OG-|1728|8|3|0011|2.825363|0.658323|-0.659738|-0.362431|68.937408|0.062584|0.098283
1872|63|-1|1560|48|122|GLY|143|371|802|-O--|428|8|2|0011|2.817926|0.307673|0.803073|0.510305|3.839446|0.063854|0.100279
1872|64|-1|1571|49|105|VAL|543|375|784|-O--|428|8|2|0011|2.810877|-0.778405|-0.616889|-0.116334|25.921976|0.065083|0.102208
1872|65|-1|1572|49|168|VAL|543|375|849|-O--|428|8|2|0011|3.197040|0.614318|-0.774154|-0.152641|11.818723|0.022919|0.035993
1872|66|-1|1573|49|139|VAL|543|375|819|-O--|428|8|2|0011|3.899113|-0.083865|-0.994329|-0.065399|32.006336|0.003437|0.005397
1872|67|-1|1613|50|217|ASP|2143|385|898|-OD1|1028|8|2|0011|2.698530|-0.541035|-0.791913|-0.283117|24.771137|0.088173|0.138469
1872|68|-1|1688|52|182|SER|1143|398|863|-O--|428|8|2|0011|2.733309|0.681957|-0.728421|-0.065853|37.707874|0.080262|0.126047
1872|69|-1|1694|52|152|SER|1143|401|833|-OG-|1728|8|3|0011|3.661641|0.650801|0.757038|-0.057898|25.335796|0.006529|0.010254
1872|70|-1|1696|52|162|SER|1143|402|843|-OG-|1728|8|3|0011|2.658920|0.118845|-0.902622|0.413701|10.750570|0.098136|0.154116
1872|71|-1|1713|53|109|LYS|2943|406|788|-O--|428|8|2|0011|2.673699|0.164192|0.594308|0.787299|56.103077|0.094293|0.148081
1872|72|-1|1755|55|182|SER|1143|424|863|-O--|428|8|2|0011|3.121829|-0.073675|-0.300145|-0.951044|39.536068|0.028085|0.044106
1872|73|-1|1758|55|218|SER|1143|424|899|-O--|428|8|2|0011|2.751488|0.255498|0.964569|-0.065783|49.783756|0.076414|0.120003
1872|74|-1|1763|55|149|SER|1143|426|830|-OG-|1728|8|3|0011|3.659022|0.197867|-0.593328|-0.780263|50.279552|0.006576|0.010327
1872|75|-1|1781|56|134|MET|1743|430|814|-O--|428|8|2|0011|2.722757|-0.466806|-0.107612|-0.877788|8.630551|0.082584|0.129693
1872|76|-1|1841|57|209|SER|1143|442|890|-OG-|1728|8|3|0011|3.093911|0.703317|0.394323|-0.591485|60.395390|0.030286|0.047563
1872|77|-1|1842|57|192|SER|1143|442|873|-OG-|1728|8|3|0011|3.743711|-0.084675|0.853966|0.513394|14.813573|0.005230|0.008214
1872|78|-1|1843|57|131|SER|1143|442|811|-OG-|1728|8|3|0011|2.896931|0.000000|0.592351|0.805680|1.648467|0.051577|0.080998
1872|79|-1|1845|57|208|SER|1143|443|889|-OG-|1728|8|3|0011|2.977885|-0.604792|0.059102|-0.794188|95.300163|0.041441|0.065081
1872|80|-1|1862|58|196|GLU|2543|447|877|-O--|428|8|2|0011|2.647719|-0.418096|-0.757634|0.501186|3.639721|0.101152|0.158852
1872|81|-1|1877|58|174|GLU|2543|451|855|-OE1|1028|8|2|0011|3.755787|-0.942013|0.020502|-0.334950|15.462857|0.005062|0.007950
1872|82|-1|1878|58|160|GLU|2543|451|841|-OE1|1028|8|2|0011|2.667817|-0.182921|0.802529|-0.567880|15.227849|0.095804|0.150454
1872|83|-1|1879|58|174|GLU|2543|452|855|-OE2|1028|8|2|0011|2.563558|-0.605799|0.384232|-0.696688|13.151072|0.126987|0.199425
1872|84|-1|1880|58|185|GLU|2543|452|866|-OE2|1028|8|2|0011|2.610692|-0.621291|-0.444327|0.645423|2.391490|0.111798|0.175572
1872|85|-1|1881|58|160|GLU|2543|452|841|-OE2|1028|8|2|0011|3.963743|0.377673|0.769222|-0.515422|12.934819|0.002886|0.004532
1872|86|-1|1894|59|144|GLU|2543|456|825|-O--|428|8|2|0011|3.439852|0.558745|0.409901|0.720961|11.468666|0.011890|0.018673
1872|87|-1|1919|60|192|ASP|2143|468|873|-OD1|1028|8|2|0011|3.611291|-0.589263|0.417025|-0.691996|20.983465|0.007481|0.011748
1872|88|-1|1920|60|131|ASP|2143|468|811|-OD1|1028|8|2|0011|2.763315|-0.655372|0.009047|-0.755252|1.031139|0.074010|0.116228
1872|89|-1|1922|60|161|ASP|2143|469|842|-OD2|1028|8|2|0011|2.894820|0.749615|-0.001727|0.661872|6.780761|0.051872|0.081462
1872|90|-1|1937|61|144|LEU|743|473|825|-O--|428|8|2|0011|3.323191|0.349363|-0.241033|-0.905455|16.510447|0.016298|0.025594
1872|91|-1|1942|61|161|LEU|743|473|842|-O--|428|8|2|0011|2.791649|0.265076|0.863289|-0.429496|18.819460|0.068554|0.107660
1872|92|-1|1987|63|181|ASN|2343|492|862|-OD1|828|8|2|0011|3.621969|0.044175|-0.731094|-0.680845|56.280113|0.007268|0.011414
1872|93|-1|1988|63|172|ASN|2343|492|853|-OD1|828|8|2|0011|3.083821|0.691675|-0.644006|-0.326867|26.006126|0.031124|0.048878
1872|94|-1|2034|65|195|LYS|2943|502|876|-O--|428|8|2|0011|3.626696|-0.000551|0.487772|0.872971|133.856903|0.007176|0.011269
1872|95|-1|2035|65|206|LYS|2943|502|887|-O--|428|8|2|0011|2.997029|0.822815|-0.432762|0.368365|42.410145|0.039352|0.061799
1872|96|-1|2068|66|137|GLY|143|511|817|-O--|428|8|2|0011|2.874518|-0.345797|0.736819|0.580966|35.926746|0.054798|0.086057
1872|97|-1|2099|68|165|THR|1343|524|846|-O--|428|8|2|0011|3.043438|0.176774|-0.446206|-0.877298|45.110344|0.034713|0.054514
1872|98|-1|2100|68|103|THR|1343|524|782|-O--|428|8|2|0011|3.473001|0.910740|0.224878|0.346386|60.804714|0.010871|0.017073
1872|99|-1|2103|68|103|THR|1343|526|782|-OG1|1728|8|3|0011|3.751334|0.866892|-0.428114|-0.255376|44.407017|0.005124|0.008046
1872|100|-1|2104|68|166|THR|1343|526|847|-OG1|1728|8|3|0011|3.835452|0.975895|0.181986|0.120455|104.057106|0.004082|0.006410
1872|101|-1|2146|70|205|GLU|2543|542|886|-O--|428|8|2|0011|2.693110|0.247298|-0.124020|-0.960970|33.411224|0.089474|0.140512
1872|102|-1|2147|70|129|GLU|2543|542|809|-O--|428|8|2|0011|3.816466|0.997258|-0.011529|0.073104|12.241730|0.004297|0.006748
1872|103|-1|2186|72|219|ALA|343|558|900|-O--|428|8|2|0011|2.965980|0.208363|-0.371884|-0.904592|29.041847|0.042797|0.067209
1872|104|-1|2188|72|145|ALA|343|558|826|-O--|428|8|2|0011|2.957362|-0.537303|0.833175|-0.130860|1.089945|0.043805|0.068793
1872|105|-1|2189|72|146|ALA|343|558|827|-O--|428|8|2|0011|3.194702|0.940307|-0.161517|-0.299559|6.483361|0.023064|0.036221
1872|106|-1|2212|73|132|LEU|743|563|812|-O--|428|8|2|0011|3.625863|0.532563|-0.198849|0.822700|0.465180|0.007192|0.011295
1872|107|-1|2213|73|145|LEU|743|563|826|-O--|428|8|2|0011|3.923579|0.624430|0.582886|-0.519934|0.443861|0.003217|0.005052
1872|108|-1|2244|74|102|SER|1143|571|781|-O--|428|8|2|0011|2.690235|-0.818144|0.558687|0.136047|36.553070|0.090172|0.141609
1872|109|-1|2249|74|145|SER|1143|573|826|-OG-|1728|8|3|0011|2.625580|0.601772|0.149300|0.784589|7.517646|0.107389|0.168647
1872|110|-1|2287|75|216|ASP|2143|580|897|-OD1|1028|8|2|0011|3.897729|-0.984932|-0.170869|0.026682|9.952644|0.003449|0.005417
1872|111|-1|2288|75|126|ASP|2143|580|806|-OD1|1028|8|2|0011|2.397138|0.432599|0.462635|-0.773839|3.639026|0.199112|0.312692
1872|112|-1|2289|75|122|ASP|2143|580|802|-OD1|1028|8|2|0011|3.846561|0.524624|-0.492908|-0.694126|11.211158|0.003961|0.006221
1872|113|-1|2290|75|147|ASP|2143|581|828|-OD2|1028|8|2|0011|2.454274|-0.737489|-0.660481|0.140979|29.778433|0.170622|0.267950
1872|114|-1|2291|75|126|ASP|2143|581|806|-OD2|1028|8|2|0011|3.376593|0.330511|0.909200|-0.253214|6.904403|0.014107|0.022155
1872|115|-1|2292|75|122|ASP|2143|581|802|-OD2|1028|8|2|0011|2.681516|0.782020|0.024240|-0.622781|7.034939|0.092322|0.144985
1872|116|-1|2306|76|189|LYS|2943|585|870|-O--|428|8|2|0011|2.652956|-0.244633|0.296650|-0.923122|30.006294|0.099730|0.156619
1872|117|-1|2371|78|148|GLU|2543|598|829|-O--|428|8|2|0011|2.763189|-0.723801|-0.438986|-0.532356|32.157795|0.074035|0.116268
1872|118|-1|2372|78|123|GLU|2543|598|803|-O--|428|8|2|0011|3.604124|0.124857|-0.887872|0.442825|7.802977|0.007627|0.011978
1872|119|-1|2390|78|186|GLU|2543|602|867|-OE1|1028|8|2|0011|2.737904|0.184448|-0.467511|-0.864530|130.109680|0.079272|0.124491
1872|120|-1|2408|79|123|TYR|3743|607|803|-O--|428|8|2|0011|3.896366|-0.709892|-0.557699|-0.430145|5.282664|0.003462|0.005437
1872|121|-1|2427|79|124|TYR|3743|615|804|-OH-|1828|8|3|0011|2.600070|0.600753|0.611137|-0.515371|10.112720|0.115054|0.180685
1872|122|-1|2446|80|123|THR|1343|621|803|-OG1|1728|8|3|0011|2.797817|-0.763095|0.604042|-0.229823|7.015519|0.067421|0.105880
1872|123|-1|2520|82|193|TYR|3743|645|874|-OH-|1828|8|3|0011|3.912654|-0.037315|-0.527008|-0.849041|68.383743|0.003313|0.005203
1872|124|-1|2521|82|185|TYR|3743|645|866|-OH-|1828|8|3|0011|2.658072|0.699379|-0.552280|-0.453713|4.373732|0.098361|0.154469
1872|125|-1|2522|82|138|TYR|3743|645|818|-OH-|1828|8|3|0011|3.075840|-0.177838|0.785802|-0.592359|0.483187|0.031802|0.049943
1872|126|-1|2606|84|164|SER|1143|659|845|-OG-|1728|8|3|0011|2.837123|-0.803631|-0.409570|-0.431775|27.176331|0.060626|0.095209
1872|127|-1|2610|84|196|SER|1143|659|877|-OG-|1728|8|3|0011|2.914194|0.995816|0.086130|0.030540|5.952489|0.049226|0.077306
1872|128|-1|2613|84|196|SER|1143|660|877|-OG-|1728|8|3|0011|2.540936|0.909114|-0.363252|-0.203863|5.952489|0.134993|0.211998
1872|129|-1|2627|85|117|PRO|1943|664|796|-O--|428|8|2|0011|2.802161|-0.769763|-0.619522|0.153810|10.441644|0.066634|0.104644
1872|130|-1|2669|86|117|HIS|3343|671|796|-O--|428|8|2|0011|3.738977|0.480880|-0.728542|-0.487833|26.721498|0.005298|0.008320
1872|131|-1|2695|87|198|GLN|2743|682|879|-O--|428|8|2|0011|2.506308|-0.791204|-0.471211|0.389817|51.480484|0.148237|0.232797
1872|132|-1|2706|87|164|GLN|2743|689|845|-OE1|828|8|2|0011|2.266306|0.173410|0.634513|-0.753208|37.115566|0.283573|0.445332
1872|133|-1|2726|88|198|GLY|143|696|879|-O--|428|8|2|0011|3.858441|-0.741750|0.641969|-0.194119|48.750378|0.003836|0.006024
1872|134|-1|2757|90|204|GLY|143|705|885|-O--|428|8|2|0011|2.780706|-0.084151|0.538712|0.838277|1.766191|0.070612|0.110891
1872|135|-1|2786|92|204|VAL|543|717|885|-O--|428|8|2|0011|3.923970|0.346843|-0.555305|0.755868|0.131644|0.003213|0.005046
1872|136|-1|2787|92|141|VAL|543|717|822|-O--|428|8|2|0011|2.818602|0.533243|0.160718|0.830555|1.783706|0.063738|0.100096
1872|137|-1|2883|97|133|VAL|543|756|813|-O--|428|8|2|0011|2.887700|-0.913876|-0.336254|0.227517|15.785668|0.052880|0.083044
1872|138|-1|2894|98|115|ASN|2343|763|794|-O--|428|8|2|0011|2.593170|0.007712|0.999934|-0.008485|11.716536|0.117220|0.184086
1872|139|-1|2895|98|176|ASN|2343|763|857|-O--|428|8|2|0011|3.856570|-0.282116|0.537006|0.795007|73.857216|0.003855|0.006055
1872|140|-1|2902|98|176|ASN|2343|766|857|-OD1|828|8|2|0011|3.357246|-0.282076|0.958524|-0.040808|47.556141|0.014865|0.023344
1872|141|-1|2903|98|118|ASN|2343|766|797|-OD1|828|8|2|0011|2.904988|0.466439|-0.240276|0.851294|15.512705|0.050466|0.079254
1872|142|-1|2906|98|215|ASN|2343|768|896|-OXT|828|8|2|0011|2.717337|-0.709150|-0.573355|-0.410329|53.710155|0.083803|0.131607
1872|143|-1|2907|98|115|ASN|2343|768|794|-OXT|828|8|2|0011|3.485135|0.584769|0.771276|-0.251354|6.778134|0.010521|0.016522
1872|144|-1|2908|98|176|ASN|2343|768|857|-OXT|828|8|2|0011|3.232552|0.287699|0.670059|0.684289|57.809311|0.020822|0.032699
1872|145|-1|2912|100|130|SO4|4743|770|810|-S--|3328|16|3|0011|3.761041|0.205262|0.394306|-0.895762|21.410444|0.018264|0.028916
1872|146|-1|2918|100|130|SO4|4743|771|810|-O1-|3128|8|2|0011|2.717387|0.461105|0.176640|-0.869586|22.898949|0.083791|0.131589
1872|147|-1|2926|100|130|SO4|4743|773|810|-O3-|3128|8|1|0011|3.763669|-0.196882|0.377823|-0.904703|26.859875|0.004956|0.007783
1872|148|-1|2941|101|130|GOL|4943|778|810|-O2-|3128|8|2|0011|2.870826|-0.082903|0.928653|0.361568|7.302225|0.055347|0.086919
1872|149|-1|2944|101|130|GOL|4943|780|810|-O3-|3128|8|2|0011|3.452613|0.337136|0.499622|0.797946|6.871379|0.011487|0.018040
1872|150|-1|2945|163|102|HOH|4343|844|781|-O--|2828|8|3|0001|3.655546|0.490761|0.778817|0.390639|30.764536|0.006638|0.010424
1872|151|-1|2945|102|163|HOH|4343|781|844|-O--|2828|8|3|0001|3.655546|-0.490761|-0.778817|-0.390639|30.764536|0.006638|0.010424
1872|152|-1|2946|156|102|HOH|4343|837|781|-O--|2828|8|3|0001|2.329578|0.859383|0.072975|0.506099|17.687481|0.239000|0.375334
1872|153|-1|2946|102|156|HOH|4343|781|837|-O--|2828|8|3|0001|2.329578|-0.859383|-0.072975|-0.506099|17.687481|0.239000|0.375334
1872|154|-1|2947|112|102|HOH|4343|791|781|-O--|2828|8|3|0001|3.029372|-0.220508|-0.895235|-0.387209|8.676265|0.036058|0.056627
1872|155|-1|2947|102|112|HOH|4343|781|791|-O--|2828|8|3|0001|3.029372|0.220508|0.895235|0.387209|8.676265|0.036058|0.056627
1872|156|-1|2948|166|103|HOH|4343|847|782|-O--|2828|8|3|0001|2.750616|-0.178505|-0.837630|-0.516247|18.889713|0.076594|0.120286
1872|157|-1|2948|103|166|HOH|4343|782|847|-O--|2828|8|3|0001|2.750616|0.178505|0.837630|0.516247|18.889713|0.076594|0.120286
1872|158|-1|2949|115|104|HOH|4343|794|783|-O--|2828|8|3|0001|2.522486|-0.303669|0.593066|0.745693|42.464859|0.141895|0.222837
1872|159|-1|2949|104|115|HOH|4343|783|794|-O--|2828|8|3|0001|2.522486|0.303669|-0.593066|-0.745693|42.464859|0.141895|0.222837
1872|160|-1|2950|176|104|HOH|4343|857|783|-O--|2828|8|3|0001|2.376161|0.143929|0.849269|-0.507963|2.606850|0.210727|0.330933
1872|161|-1|2950|104|176|HOH|4343|783|857|-O--|2828|8|3|0001|2.376161|-0.143929|-0.849269|0.507963|2.606850|0.210727|0.330933
1872|162|-1|2951|121|104|HOH|4343|800|783|-O--|2828|8|3|0001|3.683200|-0.837044|-0.007874|0.547078|50.298393|0.006160|0.009673
1872|163|-1|2951|104|121|HOH|4343|783|800|-O--|2828|8|3|0001|3.683200|0.837044|0.007874|-0.547078|50.298393|0.006160|0.009673
1872|164|-1|2952|121|104|HOH|4343|801|783|-O--|2828|8|3|0001|3.561418|-0.876898|-0.474249|-0.078340|11.282080|0.008561|0.013444
1872|165|-1|2952|104|121|HOH|4343|783|801|-O--|2828|8|3|0001|3.561418|0.876898|0.474249|0.078340|11.282080|0.008561|0.013444
1872|166|-1|2953|110|105|HOH|4343|789|784|-O--|2828|8|3|0001|2.860886|0.655391|0.444967|-0.610300|2.394020|0.056854|0.089286
1872|167|-1|2953|105|110|HOH|4343|784|789|-O--|2828|8|3|0001|2.860886|-0.655391|-0.444967|0.610300|2.394020|0.056854|0.089286
1872|168|-1|2954|139|105|HOH|4343|819|784|-O--|2828|8|3|0001|2.839181|-0.655470|0.754795|-0.025360|1.928166|0.060289|0.094681
1872|169|-1|2954|105|139|HOH|4343|784|819|-O--|2828|8|3|0001|2.839181|0.655470|-0.754795|0.025360|1.928166|0.060289|0.094681
1872|170|-1|2955|177|106|HOH|4343|858|785|-O--|2828|8|3|0001|2.711737|0.793218|0.607728|0.038352|13.062922|0.085081|0.133614
1872|171|-1|2955|106|177|HOH|4343|785|858|-O--|2828|8|3|0001|2.711737|-0.793218|-0.607728|-0.038352|13.062922|0.085081|0.133614
1872|172|-1|2956|110|106|HOH|4343|789|785|-O--|2828|8|3|0001|2.711243|0.258553|-0.875982|0.407193|8.574803|0.085194|0.133792
1872|173|-1|2956|106|110|HOH|4343|785|789|-O--|2828|8|3|0001|2.711243|-0.258553|0.875982|-0.407193|8.574803|0.085194|0.133792
1872|174|-1|2957|186|107|HOH|4343|867|786|-O--|2828|8|3|0001|2.769146|0.345955|-0.937112|-0.046223|17.440523|0.072853|0.114411
1872|175|-1|2957|107|186|HOH|4343|786|867|-O--|2828|8|3|0001|2.769146|-0.345955|0.937112|0.046223|17.440523|0.072853|0.114411
1872|176|-1|2958|123|107|HOH|4343|803|786|-O--|2828|8|3|0001|3.965132|-0.597206|-0.780554|-0.184609|34.967983|0.002875|0.004515
1872|177|-1|2958|107|123|HOH|4343|786|803|-O--|2828|8|3|0001|3.965132|0.597206|0.780554|0.184609|34.967983|0.002875|0.004515
1872|178|-1|2959|113|108|HOH|4343|792|787|-O--|2828|8|3|0001|3.426958|0.938150|0.157866|0.308145|18.616909|0.012312|0.019335
1872|179|-1|2959|108|113|HOH|4343|787|792|-O--|2828|8|3|0001|3.426958|-0.938150|-0.157866|-0.308145|18.616909|0.012312|0.019335
1872|180|-1|2960|135|108|HOH|4343|815|787|-O--|2828|8|3|0001|3.092919|0.020369|-0.954115|0.298747|3.201527|0.030368|0.047690
1872|181|-1|2960|108|135|HOH|4343|787|815|-O--|2828|8|3|0001|3.092919|-0.020369|0.954115|-0.298747|3.201527|0.030368|0.047690
1872|182|-1|2961|146|109|HOH|4343|827|788|-O--|2828|8|3|0001|2.847814|0.705102|-0.608888|-0.363437|30.410933|0.058899|0.092497
1872|183|-1|2961|109|146|HOH|4343|788|827|-O--|2828|8|3|0001|2.847814|-0.705102|0.608888|0.363437|30.410933|0.058899|0.092497
1872|184|-1|2962|205|109|HOH|4343|886|788|-O--|2828|8|3|0001|2.729613|-0.874849|0.060082|-0.480654|9.687611|0.081068|0.127312
1872|185|-1|2962|109|205|HOH|4343|788|886|-O--|2828|8|3|0001|2.729613|0.874849|-0.060082|0.480654|9.687611|0.081068|0.127312
1872|186|-1|2963|169|110|HOH|4343|850|789|-O--|2828|8|3|0001|2.983677|0.611662|0.103899|0.784267|45.521828|0.040798|0.064070
1872|187|-1|2963|110|169|HOH|4343|789|850|-O--|2828|8|3|0001|2.983677|-0.611662|-0.103899|-0.784267|45.521828|0.040798|0.064070
1872|188|-1|2964|150|111|HOH|4343|831|790|-O--|2828|8|3|0001|2.857720|-0.031844|0.662766|-0.748149|14.784780|0.057343|0.090054
1872|189|-1|2964|111|150|HOH|4343|790|831|-O--|2828|8|3|0001|2.857720|0.031844|-0.662766|0.748149|14.784780|0.057343|0.090054
1872|190|-1|2965|114|111|HOH|4343|793|790|-O--|2828|8|3|0001|2.602872|-0.501754|-0.680787|0.533641|5.208161|0.114186|0.179322
1872|191|-1|2965|111|114|HOH|4343|790|793|-O--|2828|8|3|0001|2.602872|0.501754|0.680787|-0.533641|5.208161|0.114186|0.179322
1872|192|-1|2966|154|113|HOH|4343|835|792|-O--|2828|8|3|0001|1.942300|0.863410|-0.239922|0.443804|1.761643|0.680727|1.069036
1872|193|-1|2966|113|154|HOH|4343|792|835|-O--|2828|8|3|0001|1.942300|-0.863410|0.239922|-0.443804|1.761643|0.680727|1.069036
1872|194|-1|2967|176|115|HOH|4343|857|794|-O--|2828|8|3|0001|3.322032|0.333531|0.157133|-0.929552|35.782982|0.016349|0.025675
1872|195|-1|2967|115|176|HOH|4343|794|857|-O--|2828|8|3|0001|3.322032|-0.333531|-0.157133|0.929552|35.782982|0.016349|0.025675
1872|196|-1|2968|121|115|HOH|4343|800|794|-O--|2828|8|3|0001|2.777062|-0.834335|-0.549142|0.048252|2.164147|0.071311|0.111989
1872|197|-1|2968|115|121|HOH|4343|794|800|-O--|2828|8|3|0001|2.777062|0.834335|0.549142|-0.048252|2.164147|0.071311|0.111989
1872|198|-1|2969|181|116|HOH|4343|862|795|-O--|2828|8|3|0001|3.639809|0.192593|0.807185|-0.557997|4.457988|0.006926|0.010877
1872|199|-1|2969|116|181|HOH|4343|795|862|-O--|2828|8|3|0001|3.639809|-0.192593|-0.807185|0.557997|4.457988|0.006926|0.010877
1872|200|-1|2970|144|116|HOH|4343|825|795|-O--|2828|8|3|0001|3.219890|0.365230|-0.785431|0.499706|10.995865|0.021547|0.033837
1872|201|-1|2970|116|144|HOH|4343|795|825|-O--|2828|8|3|0001|3.219890|-0.365230|0.785431|-0.499706|10.995865|0.021547|0.033837
1872|202|-1|2971|211|118|HOH|4343|892|797|-O--|2828|8|3|0001|3.876616|-0.434141|0.321672|-0.841456|1.128413|0.003652|0.005735
1872|203|-1|2971|118|211|HOH|4343|797|892|-O--|2828|8|3|0001|3.876616|0.434141|-0.321672|0.841456|1.128413|0.003652|0.005735
1872|204|-1|2972|212|119|HOH|4343|893|798|-O--|2828|8|3|0001|2.817693|-0.663663|-0.333251|0.669697|31.322369|0.063895|0.100342
1872|205|-1|2972|119|212|HOH|4343|798|893|-O--|2828|8|3|0001|2.817693|0.663663|0.333251|-0.669697|31.322369|0.063895|0.100342
1872|206|-1|2973|178|120|HOH|4343|859|799|-O--|2828|8|3|0001|2.770979|-0.672325|0.285098|-0.683153|3.534133|0.072493|0.113845
1872|207|-1|2973|120|178|HOH|4343|799|859|-O--|2828|8|3|0001|2.770979|0.672325|-0.285098|0.683153|3.534133|0.072493|0.113845
1872|208|-1|2974|126|122|HOH|4343|806|802|-O--|2828|8|3|0001|3.264446|0.300510|-0.920524|-0.249659|18.320414|0.019102|0.029998
1872|209|-1|2974|122|126|HOH|4343|802|806|-O--|2828|8|3|0001|3.264446|-0.300510|0.920524|0.249659|18.320414|0.019102|0.029998
1872|210|-1|2975|186|123|HOH|4343|867|803|-O--|2828|8|3|0001|3.417175|0.973318|0.146320|0.176754|84.118568|0.012642|0.019853
1872|211|-1|2975|123|186|HOH|4343|803|867|-O--|2828|8|3|0001|3.417175|-0.973318|-0.146320|-0.176754|84.118568|0.012642|0.019853
1872|212|-1|2976|206|125|HOH|4343|887|805|-O--|2828|8|3|0001|2.854128|-0.024526|-0.994700|-0.099855|37.870583|0.057902|0.090932
1872|213|-1|2976|125|206|HOH|4343|805|887|-O--|2828|8|3|0001|2.854128|0.024526|0.994700|0.099855|37.870583|0.057902|0.090932
1872|214|-1|2977|158|127|HOH|4343|839|807|-O--|2828|8|3|0001|3.218897|-0.174905|-0.341111|-0.923608|48.460804|0.021604|0.033928
1872|215|-1|2977|127|158|HOH|4343|807|839|-O--|2828|8|3|0001|3.218897|0.174905|0.341111|0.923608|48.460804|0.021604|0.033928
1872|216|-1|2978|133|128|HOH|4343|813|808|-O--|2828|8|3|0001|2.976953|-0.091033|-0.983892|-0.153849|6.526345|0.041546|0.065245
1872|217|-1|2978|128|133|HOH|4343|808|813|-O--|2828|8|3|0001|2.976953|0.091033|0.983892|0.153849|6.526345|0.041546|0.065245
1872|218|-1|2979|192|131|HOH|4343|873|811|-O--|2828|8|3|0001|1.569585|0.201964|-0.943562|0.262491|18.387981|1.864036|2.927344
1872|219|-1|2979|131|192|HOH|4343|811|873|-O--|2828|8|3|0001|1.569585|-0.201964|0.943562|-0.262491|18.387981|1.864036|2.927344
1872|220|-1|2980|167|133|HOH|4343|848|813|-O--|2828|8|3|0001|2.629290|0.396305|0.000380|-0.918119|14.836846|0.106318|0.166965
1872|221|-1|2980|133|167|HOH|4343|813|848|-O--|2828|8|3|0001|2.629290|-0.396305|-0.000380|0.918119|14.836846|0.106318|0.166965
1872|222|-1|2981|215|133|HOH|4343|896|813|-O--|2828|8|3|0001|3.729738|0.289565|-0.956635|-0.031638|45.930534|0.005432|0.008530
1872|223|-1|2981|133|215|HOH|4343|813|896|-O--|2828|8|3|0001|3.729738|-0.289565|0.956635|0.031638|45.930534|0.005432|0.008530
1872|224|-1|2982|149|134|HOH|4343|830|814|-O--|2828|8|3|0001|2.905493|0.976770|0.189985|0.099122|10.440192|0.050397|0.079145
1872|225|-1|2982|134|149|HOH|4343|814|830|-O--|2828|8|3|0001|2.905493|-0.976770|-0.189985|-0.099122|10.440192|0.050397|0.079145
1872|226|-1|2983|160|134|HOH|4343|841|814|-O--|2828|8|3|0001|2.771070|-0.458307|0.667251|0.587138|12.415989|0.072475|0.113817
1872|227|-1|2983|134|160|HOH|4343|814|841|-O--|2828|8|3|0001|2.771070|0.458307|-0.667251|-0.587138|12.415989|0.072475|0.113817
1872|228|-1|2984|213|134|HOH|4343|894|814|-O--|2828|8|3|0001|3.751907|-0.605292|-0.494948|0.623416|55.652481|0.005116|0.008034
1872|229|-1|2984|134|213|HOH|4343|814|894|-O--|2828|8|3|0001|3.751907|0.605292|0.494948|-0.623416|55.652481|0.005116|0.008034
1872|230|-1|2985|182|134|HOH|4343|863|814|-O--|2828|8|3|0001|2.820159|-0.065599|-0.924061|0.376573|18.870655|0.063470|0.099675
1872|231|-1|2985|134|182|HOH|4343|814|863|-O--|2828|8|3|0001|2.820159|0.065599|0.924061|-0.376573|18.870655|0.063470|0.099675
1872|232|-1|2986|190|137|HOH|4343|871|817|-O--|2828|8|3|0001|2.974219|0.445159|-0.797184|0.407837|18.711657|0.041854|0.065729
1872|233|-1|2986|137|190|HOH|4343|817|871|-O--|2828|8|3|0001|2.974219|-0.445159|0.797184|-0.407837|18.711657|0.041854|0.065729
1872|234|-1|2987|179|138|HOH|4343|860|818|-O--|2828|8|3|0001|3.052773|0.796653|0.502822|0.335432|9.218092|0.033848|0.053156
1872|235|-1|2987|138|179|HOH|4343|818|860|-O--|2828|8|3|0001|3.052773|-0.796653|-0.502822|-0.335432|9.218092|0.033848|0.053156
1872|236|-1|2988|149|138|HOH|4343|830|818|-O--|2828|8|3|0001|2.789096|-0.508050|-0.581192|0.635689|13.035210|0.069029|0.108405
1872|237|-1|2988|138|149|HOH|4343|818|830|-O--|2828|8|3|0001|2.789096|0.508050|0.581192|-0.635689|13.035210|0.069029|0.108405
1872|238|-1|2989|168|139|HOH|4343|849|819|-O--|2828|8|3|0001|2.696030|-0.849768|-0.520024|0.086423|9.495159|0.088770|0.139408
1872|239|-1|2989|139|168|HOH|4343|819|849|-O--|2828|8|3|0001|2.696030|0.849768|0.520024|-0.086423|9.495159|0.088770|0.139408
1872|240|-1|2990|191|140|HOH|4343|872|820|-O--|2828|8|3|0001|3.523668|0.508561|-0.698704|-0.503169|45.861397|0.009480|0.014888
1872|241|-1|2990|140|191|HOH|4343|820|872|-O--|2828|8|3|0001|3.523668|-0.508561|0.698704|0.503169|45.861397|0.009480|0.014888
1872|242|-1|2991|212|140|HOH|4343|893|820|-O--|2828|8|3|0001|2.594801|0.193464|0.204255|-0.959610|34.877514|0.116704|0.183276
1872|243|-1|2991|140|212|HOH|4343|820|893|-O--|2828|8|3|0001|2.594801|-0.193464|-0.204255|0.959610|34.877514|0.116704|0.183276
1872|244|-1|2992|187|140|HOH|4343|868|820|-O--|2828|8|3|0001|3.722464|-0.878988|-0.476297|0.022834|3.628623|0.005540|0.008699
1872|245|-1|2992|140|187|HOH|4343|820|868|-O--|2828|8|3|0001|3.722464|0.878988|0.476297|-0.022834|3.628623|0.005540|0.008699
1872|246|-1|2993|212|140|HOH|4343|893|821|-O--|2828|8|3|0001|3.482170|0.394294|0.184368|-0.900300|62.969967|0.010605|0.016655
1872|247|-1|2993|140|212|HOH|4343|821|893|-O--|2828|8|3|0001|3.482170|-0.394294|-0.184368|0.900300|62.969967|0.010605|0.016655
1872|248|-1|2994|187|140|HOH|4343|868|821|-O--|2828|8|3|0001|2.972764|-0.807666|-0.558739|-0.188377|14.552508|0.042019|0.065988
1872|249|-1|2994|140|187|HOH|4343|821|868|-O--|2828|8|3|0001|2.972764|0.807666|0.558739|0.188377|14.552508|0.042019|0.065988
1872|250|-1|2995|204|141|HOH|4343|885|822|-O--|2828|8|3|0001|2.708914|0.052419|0.971607|-0.230720|1.613698|0.085733|0.134637
1872|251|-1|2995|141|204|HOH|4343|822|885|-O--|2828|8|3|0001|2.708914|-0.052419|-0.971607|0.230720|1.613698|0.085733|0.134637
1872|252|-1|2996|212|142|HOH|4343|893|823|-O--|2828|8|3|0001|2.884462|0.775881|0.162942|0.609474|4.320165|0.053345|0.083775
1872|253|-1|2996|142|212|HOH|4343|823|893|-O--|2828|8|3|0001|2.884462|-0.775881|-0.162942|-0.609474|4.320165|0.053345|0.083775
1872|254|-1|2997|161|144|HOH|4343|842|825|-O--|2828|8|3|0001|3.709967|0.113478|-0.865506|-0.487874|0.967057|0.005730|0.008998
1872|255|-1|2997|144|161|HOH|4343|825|842|-O--|2828|8|3|0001|3.709967|-0.113478|0.865506|0.487874|0.967057|0.005730|0.008998
1872|256|-1|2998|219|146|HOH|4343|900|827|-O--|2828|8|3|0001|3.002773|0.794599|0.195486|0.574803|13.977828|0.038746|0.060847
1872|257|-1|2998|146|219|HOH|4343|827|900|-O--|2828|8|3|0001|3.002773|-0.794599|-0.195486|-0.574803|13.977828|0.038746|0.060847
1872|258|-1|2999|189|147|HOH|4343|870|828|-O--|2828|8|3|0001|3.210444|0.789610|-0.186267|-0.584654|11.048487|0.022104|0.034712
1872|259|-1|2999|147|189|HOH|4343|828|870|-O--|2828|8|3|0001|3.210444|-0.789610|0.186267|0.584654|11.048487|0.022104|0.034712
1872|260|-1|3000|184|147|HOH|4343|865|828|-O--|2828|8|3|0001|3.621280|0.909623|0.415323|-0.009665|38.613903|0.007282|0.011436
1872|261|-1|3000|147|184|HOH|4343|828|865|-O--|2828|8|3|0001|3.621280|-0.909623|-0.415323|0.009665|38.613903|0.007282|0.011436
1872|262|-1|3001|216|147|HOH|4343|897|828|-O--|2828|8|3|0001|3.588888|0.543344|-0.812508|-0.211207|8.136086|0.007948|0.012482
1872|263|-1|3001|147|216|HOH|4343|828|897|-O--|2828|8|3|0001|3.588888|-0.543344|0.812508|0.211207|8.136086|0.007948|0.012482
1872|264|-1|3002|186|148|HOH|4343|867|829|-O--|2828|8|3|0001|3.608171|0.242782|0.689269|-0.682617|38.348209|0.007544|0.011848
1872|265|-1|3002|148|186|HOH|4343|829|867|-O--|2828|8|3|0001|3.608171|-0.242782|-0.689269|0.682617|38.348209|0.007544|0.011848
1872|266|-1|3003|151|148|HOH|4343|832|829|-O--|2828|8|3|0001|3.041659|0.649974|-0.670687|-0.357370|1.596072|0.034880|0.054777
1872|267|-1|3003|148|151|HOH|4343|829|832|-O--|2828|8|3|0001|3.041659|-0.649974|0.670687|0.357370|1.596072|0.034880|0.054777
1872|268|-1|3004|174|149|HOH|4343|855|830|-O--|2828|8|3|0001|3.685974|-0.287034|0.911835|0.293545|1.222874|0.006114|0.009601
1872|269|-1|3004|149|174|HOH|4343|830|855|-O--|2828|8|3|0001|3.685974|0.287034|-0.911835|-0.293545|1.222874|0.006114|0.009601
1872|270|-1|3005|162|149|HOH|4343|843|830|-O--|2828|8|3|0001|2.614453|0.197364|-0.094857|0.975730|4.087284|0.110668|0.173796
1872|271|-1|3005|149|162|HOH|4343|830|843|-O--|2828|8|3|0001|2.614453|-0.197364|0.094857|-0.975730|4.087284|0.110668|0.173796
1872|272|-1|3006|198|150|HOH|4343|879|831|-O--|2828|8|3|0001|3.417072|-0.779322|0.502770|-0.374004|8.309734|0.012645|0.019859
1872|273|-1|3006|150|198|HOH|4343|831|879|-O--|2828|8|3|0001|3.417072|0.779322|-0.502770|0.374004|8.309734|0.012645|0.019859
1872|274|-1|3007|184|153|HOH|4343|865|834|-O--|2828|8|3|0001|3.325688|-0.231231|-0.903873|0.359925|24.972204|0.016188|0.025422
1872|275|-1|3007|153|184|HOH|4343|834|865|-O--|2828|8|3|0001|3.325688|0.231231|0.903873|-0.359925|24.972204|0.016188|0.025422
1872|276|-1|3008|155|154|HOH|4343|836|835|-O--|2828|8|3|0001|2.891315|0.610449|-0.659561|0.438555|11.590097|0.052366|0.082237
1872|277|-1|3008|154|155|HOH|4343|835|836|-O--|2828|8|3|0001|2.891315|-0.610449|0.659561|-0.438555|11.590097|0.052366|0.082237
1872|278|-1|3009|211|155|HOH|4343|892|836|-O--|2828|8|3|0001|3.588383|0.972026|-0.083324|-0.219598|6.021137|0.007959|0.012499
1872|279|-1|3009|155|211|HOH|4343|836|892|-O--|2828|8|3|0001|3.588383|-0.972026|0.083324|0.219598|6.021137|0.007959|0.012499
1872|280|-1|3010|202|155|HOH|4343|883|836|-O--|2828|8|3|0001|2.856996|-0.046902|-0.982500|0.180259|4.617999|0.057455|0.090230
1872|281|-1|3010|155|202|HOH|4343|836|883|-O--|2828|8|3|0001|2.856996|0.046902|0.982500|-0.180259|4.617999|0.057455|0.090230
1872|282|-1|3011|188|156|HOH|4343|869|837|-O--|2828|8|3|0001|3.919978|0.648983|0.749239|-0.132143|7.801572|0.003248|0.005101
1872|283|-1|3011|156|188|HOH|4343|837|869|-O--|2828|8|3|0001|3.919978|-0.648983|-0.749239|0.132143|7.801572|0.003248|0.005101
1872|284|-1|3012|163|156|HOH|4343|844|837|-O--|2828|8|3|0001|2.696589|-0.077135|0.992736|0.092339|5.673224|0.088636|0.139197
1872|285|-1|3012|156|163|HOH|4343|837|844|-O--|2828|8|3|0001|2.696589|0.077135|-0.992736|-0.092339|5.673224|0.088636|0.139197
1872|286|-1|3013|173|157|HOH|4343|854|838|-O--|2828|8|3|0001|3.650451|0.828391|-0.415839|0.375296|5.265102|0.006730|0.010569
1872|287|-1|3013|157|173|HOH|4343|838|854|-O--|2828|8|3|0001|3.650451|-0.828391|0.415839|-0.375296|5.265102|0.006730|0.010569
1872|288|-1|3014|170|157|HOH|4343|851|838|-O--|2828|8|3|0001|3.109576|0.128635|-0.898515|0.419672|8.406804|0.029031|0.045591
1872|289|-1|3014|157|170|HOH|4343|838|851|-O--|2828|8|3|0001|3.109576|-0.128635|0.898515|-0.419672|8.406804|0.029031|0.045591
1872|290|-1|3015|194|159|HOH|4343|875|840|-O--|2828|8|3|0001|3.825815|0.423700|0.873801|-0.238642|8.546645|0.004189|0.006579
1872|291|-1|3015|159|194|HOH|4343|840|875|-O--|2828|8|3|0001|3.825815|-0.423700|-0.873801|0.238642|8.546645|0.004189|0.006579
1872|292|-1|3016|210|159|HOH|4343|891|840|-O--|2828|8|3|0001|2.796233|0.917663|0.394459|0.047921|11.519240|0.067710|0.106334
1872|293|-1|3016|159|210|HOH|4343|840|891|-O--|2828|8|3|0001|2.796233|-0.917663|-0.394459|-0.047921|11.519240|0.067710|0.106334
1872|294|-1|3017|211|159|HOH|4343|892|840|-O--|2828|8|3|0001|2.782283|0.161738|-0.984443|0.068648|15.782155|0.070312|0.110420
1872|295|-1|3017|159|211|HOH|4343|840|892|-O--|2828|8|3|0001|2.782283|-0.161738|0.984443|-0.068648|15.782155|0.070312|0.110420
1872|296|-1|3018|174|160|HOH|4343|855|841|-O--|2828|8|3|0001|3.691699|0.826178|0.559092|-0.069616|0.110448|0.006020|0.009454
1872|297|-1|3018|160|174|HOH|4343|841|855|-O--|2828|8|3|0001|3.691699|-0.826178|-0.559092|0.069616|0.110448|0.006020|0.009454
1872|298|-1|3019|208|160|HOH|4343|889|841|-O--|2828|8|3|0001|2.459270|-0.877496|-0.300089|0.374095|23.709101|0.168333|0.264356
1872|299|-1|3019|160|208|HOH|4343|841|889|-O--|2828|8|3|0001|2.459270|0.877496|0.300089|-0.374095|23.709101|0.168333|0.264356
1872|300|-1|3020|213|160|HOH|4343|894|841|-O--|2828|8|3|0001|3.904277|-0.256385|-0.949215|0.182364|24.673222|0.003389|0.005322
1872|301|-1|3020|160|213|HOH|4343|841|894|-O--|2828|8|3|0001|3.904277|0.256385|0.949215|-0.182364|24.673222|0.003389|0.005322
1872|302|-1|3021|189|163|HOH|4343|870|844|-O--|2828|8|3|0001|3.483282|0.097035|0.956856|0.273880|14.941780|0.010573|0.016605
1872|303|-1|3021|163|189|HOH|4343|844|870|-O--|2828|8|3|0001|3.483282|-0.097035|-0.956856|-0.273880|14.941780|0.010573|0.016605
1872|304|-1|3022|216|163|HOH|4343|897|844|-O--|2828|8|3|0001|2.321329|-0.106404|0.437249|0.893024|18.913334|0.244388|0.383795
1872|305|-1|3022|163|216|HOH|4343|844|897|-O--|2828|8|3|0001|2.321329|0.106404|-0.437249|-0.893024|18.913334|0.244388|0.383795
1872|306|-1|3023|188|163|HOH|4343|869|844|-O--|2828|8|3|0001|2.868692|0.959322|0.090634|-0.267369|16.990673|0.055668|0.087422
1872|307|-1|3023|163|188|HOH|4343|844|869|-O--|2828|8|3|0001|2.868692|-0.959322|-0.090634|0.267369|16.990673|0.055668|0.087422
1872|308|-1|3024|185|164|HOH|4343|866|845|-O--|2828|8|3|0001|2.847951|0.413280|-0.667497|0.619393|18.362329|0.058877|0.092463
1872|309|-1|3024|164|185|HOH|4343|845|866|-O--|2828|8|3|0001|2.847951|-0.413280|0.667497|-0.619393|18.362329|0.058877|0.092463
1872|310|-1|3025|171|167|HOH|4343|852|848|-O--|2828|8|3|0001|2.730122|-0.380569|-0.021611|-0.924500|9.558568|0.080956|0.127137
1872|311|-1|3025|167|171|HOH|4343|848|852|-O--|2828|8|3|0001|2.730122|0.380569|0.021611|0.924500|9.558568|0.080956|0.127137
1872|312|-1|3026|217|168|HOH|4343|898|849|-O--|2828|8|3|0001|2.778597|-0.505291|-0.263802|0.821638|15.377785|0.071016|0.111525
1872|313|-1|3026|168|217|HOH|4343|849|898|-O--|2828|8|3|0001|2.778597|0.505291|0.263802|-0.821638|15.377785|0.071016|0.111525
1872|314|-1|3027|173|170|HOH|4343|854|851|-O--|2828|8|3|0001|2.918523|0.899085|0.437207|0.022271|2.303966|0.048653|0.076407
1872|315|-1|3027|170|173|HOH|4343|851|854|-O--|2828|8|3|0001|2.918523|-0.899085|-0.437207|-0.022271|2.303966|0.048653|0.076407
1872|316|-1|3028|175|171|HOH|4343|856|852|-O--|2828|8|3|0001|2.599208|-0.205832|0.895273|-0.395120|24.155025|0.115323|0.181106
1872|317|-1|3028|171|175|HOH|4343|852|856|-O--|2828|8|3|0001|2.599208|0.205832|-0.895273|0.395120|24.155025|0.115323|0.181106
1872|318|-1|3029|181|172|HOH|4343|862|853|-O--|2828|8|3|0001|2.541012|0.776463|0.260526|0.573787|11.215523|0.134966|0.211955
1872|319|-1|3029|172|181|HOH|4343|853|862|-O--|2828|8|3|0001|2.541012|-0.776463|-0.260526|-0.573787|11.215523|0.134966|0.211955
1872|320|-1|3030|178|173|HOH|4343|859|854|-O--|2828|8|3|0001|2.630426|0.446316|0.328084|0.832564|22.203991|0.105992|0.166453
1872|321|-1|3030|173|178|HOH|4343|854|859|-O--|2828|8|3|0001|2.630426|-0.446316|-0.328084|-0.832564|22.203991|0.105992|0.166453
1872|322|-1|3031|193|174|HOH|4343|874|855|-O--|2828|8|3|0001|3.693186|0.561575|0.741636|-0.366892|25.854521|0.005996|0.009416
1872|323|-1|3031|174|193|HOH|4343|855|874|-O--|2828|8|3|0001|3.693186|-0.561575|-0.741636|0.366892|25.854521|0.005996|0.009416
1872|324|-1|3032|183|175|HOH|4343|864|856|-O--|2828|8|3|0001|3.201402|-0.791841|0.378272|-0.479477|1.543528|0.022651|0.035571
1872|325|-1|3032|175|183|HOH|4343|856|864|-O--|2828|8|3|0001|3.201402|0.791841|-0.378272|0.479477|1.543528|0.022651|0.035571
1872|326|-1|3033|180|178|HOH|4343|861|859|-O--|2828|8|3|0001|2.918766|-0.193232|0.975754|0.102783|8.868876|0.048621|0.076357
1872|327|-1|3033|178|180|HOH|4343|859|861|-O--|2828|8|3|0001|2.918766|0.193232|-0.975754|-0.102783|8.868876|0.048621|0.076357
1872|328|-1|3034|213|182|HOH|4343|894|863|-O--|2828|8|3|0001|2.557955|-0.815495|0.292812|0.499228|17.756392|0.128925|0.202468
1872|329|-1|3034|182|213|HOH|4343|863|894|-O--|2828|8|3|0001|2.557955|0.815495|-0.292812|-0.499228|17.756392|0.128925|0.202468
1872|330|-1|3035|194|183|HOH|4343|875|864|-O--|2828|8|3|0001|3.328446|-0.457871|0.142108|-0.877587|5.386801|0.016068|0.025233
1872|331|-1|3035|183|194|HOH|4343|864|875|-O--|2828|8|3|0001|3.328446|0.457871|-0.142108|0.877587|5.386801|0.016068|0.025233
1872|332|-1|3036|210|183|HOH|4343|891|864|-O--|2828|8|3|0001|2.639964|-0.219321|-0.669327|-0.709858|7.941016|0.103294|0.162217
1872|333|-1|3036|183|210|HOH|4343|864|891|-O--|2828|8|3|0001|2.639964|0.219321|0.669327|0.709858|7.941016|0.103294|0.162217
1872|334|-1|3037|189|184|HOH|4343|870|865|-O--|2828|8|3|0001|2.896108|-0.262075|-0.725802|-0.636026|16.162174|0.051692|0.081179
1872|335|-1|3037|184|189|HOH|4343|865|870|-O--|2828|8|3|0001|2.896108|0.262075|0.725802|0.636026|16.162174|0.051692|0.081179
1872|336|-1|3038|193|185|HOH|4343|874|866|-O--|2828|8|3|0001|2.974949|0.673961|0.199667|0.711273|48.637035|0.041772|0.065600
1872|337|-1|3038|185|193|HOH|4343|866|874|-O--|2828|8|3|0001|2.974949|-0.673961|-0.199667|-0.711273|48.637035|0.041772|0.065600
1872|338|-1|3039|195|187|HOH|4343|876|868|-O--|2828|8|3|0001|2.764859|-0.996072|0.019169|0.086443|46.476795|0.073702|0.115744
1872|339|-1|3039|187|195|HOH|4343|868|876|-O--|2828|8|3|0001|2.764859|0.996072|-0.019169|-0.086443|46.476795|0.073702|0.115744
1872|340|-1|3040|216|189|HOH|4343|897|870|-O--|2828|8|3|0001|2.639604|-0.221625|-0.878162|0.423927|1.939797|0.103395|0.162375
1872|341|-1|3040|189|216|HOH|4343|870|897|-O--|2828|8|3|0001|2.639604|0.221625|0.878162|-0.423927|1.939797|0.103395|0.162375
1872|342|-1|3041|212|191|HOH|4343|893|872|-O--|2828|8|3|0001|3.336203|-0.386667|0.896828|-0.214915|4.259407|0.015734|0.024710
1872|343|-1|3041|191|212|HOH|4343|872|893|-O--|2828|8|3|0001|3.336203|0.386667|-0.896828|0.214915|4.259407|0.015734|0.024710
1872|344|-1|3042|214|192|HOH|4343|895|873|-O--|2828|8|3|0001|3.864344|0.617699|-0.780210|0.098594|1.149300|0.003775|0.005929
1872|345|-1|3042|192|214|HOH|4343|873|895|-O--|2828|8|3|0001|3.864344|-0.617699|0.780210|-0.098594|1.149300|0.003775|0.005929
1872|346|-1|3043|210|194|HOH|4343|891|875|-O--|2828|8|3|0001|2.647043|0.357002|-0.846227|0.395536|1.840973|0.101337|0.159143
1872|347|-1|3043|194|210|HOH|4343|875|891|-O--|2828|8|3|0001|2.647043|-0.357002|0.846227|-0.395536|1.840973|0.101337|0.159143
1872|348|-1|3044|209|197|HOH|4343|890|878|-O--|2828|8|3|0001|3.227478|0.781415|0.312628|0.540050|2.010766|0.021109|0.033151
1872|349|-1|3044|197|209|HOH|4343|878|890|-O--|2828|8|3|0001|3.227478|-0.781415|-0.312628|-0.540050|2.010766|0.021109|0.033151
1872|350|-1|3045|218|199|HOH|4343|899|880|-O--|2828|8|3|0001|2.525492|0.465256|0.148090|-0.872701|8.044183|0.140747|0.221034
1872|351|-1|3045|199|218|HOH|4343|880|899|-O--|2828|8|3|0001|2.525492|-0.465256|-0.148090|0.872701|8.044183|0.140747|0.221034
1872|352|-1|3046|214|199|HOH|4343|895|880|-O--|2828|8|3|0001|2.528690|-0.119429|-0.387948|-0.913911|8.409511|0.139536|0.219132
1872|353|-1|3046|199|214|HOH|4343|880|895|-O--|2828|8|3|0001|2.528690|0.119429|0.387948|0.913911|8.409511|0.139536|0.219132
1872|354|-1|3047|213|208|HOH|4343|894|889|-O--|2828|8|3|0001|3.192324|0.362432|-0.929730|-0.065156|0.454808|0.023213|0.036455
1872|355|-1|3047|208|213|HOH|4343|889|894|-O--|2828|8|3|0001|3.192324|-0.362432|0.929730|0.065156|0.454808|0.023213|0.036455
1872|356|-1|3048|218|214|HOH|4343|899|895|-O--|2828|8|3|0001|2.007238|0.735837|0.675057|0.053306|0.251925|0.571151|0.896954
1872|357|-1|3048|214|218|HOH|4343|895|899|-O--|2828|8|3|0001|2.007238|-0.735837|-0.675057|-0.053306|0.251925|0.571151|0.896954
1872|358|-1|3053|1|169|ASP|2143|14|850|-OD2|1028|8|2|1011|3.708618|-0.545917|0.052580|0.836188|19.136591|0.005751|0.009031
1872|359|-1|3087|7|111|ASP|2143|50|790|-O--|428|8|2|1011|2.838832|0.664216|0.111480|0.739181|97.178131|0.060346|0.094770
1872|360|-1|3088|7|114|ASP|2143|50|793|-O--|428|8|2|1011|4.946397|0.645237|-0.294260|0.705039|72.370407|0.000203|0.000318
1872|361|-1|3089|7|150|ASP|2143|50|831|-O--|428|8|2|1011|2.965585|0.666512|0.745375|-0.013351|44.455154|0.042842|0.067281
1872|362|-1|3101|7|189|ASP|2143|53|870|-OD1|1028|8|2|1011|4.723253|-0.688847|0.428095|0.584999|18.129787|0.000370|0.000582
1872|363|-1|3102|7|216|ASP|2143|53|897|-OD1|1028|8|2|1011|4.186350|-0.916932|-0.070706|0.392729|22.534840|0.001581|0.002483
1872|364|-1|3103|7|188|ASP|2143|53|869|-OD1|1028|8|2|1011|4.681532|-0.179342|-0.224499|0.957829|20.403898|0.000415|0.000651
1872|365|-1|3104|7|184|ASP|2143|53|865|-OD1|1028|8|2|1011|4.907020|-0.508373|0.840429|0.187712|0.783683|0.000225|0.000354
1872|366|-1|3105|7|150|ASP|2143|53|831|-OD1|1028|8|2|1011|4.399529|0.834089|-0.514493|0.198978|24.022001|0.000889|0.001396
1872|367|-1|3106|7|163|ASP|2143|54|844|-OD2|1028|8|2|1011|3.764215|-0.812547|-0.381753|0.440490|5.404176|0.004948|0.007771
1872|368|-1|3107|7|189|ASP|2143|54|870|-OD2|1028|8|2|1011|3.390020|-0.802532|0.559289|0.207697|6.633521|0.013605|0.021365
1872|369|-1|3108|7|216|ASP|2143|54|897|-OD2|1028|8|2|1011|3.358156|-0.984349|-0.125664|-0.123550|9.475332|0.014828|0.023286
1872|370|-1|3109|7|188|ASP|2143|54|869|-OD2|1028|8|2|1011|2.713018|-0.113009|-0.433834|0.893878|8.095477|0.084787|0.133152
1872|371|-1|3110|7|184|ASP|2143|54|865|-OD2|1028|8|2|1011|4.596376|-0.426771|0.869816|-0.247563|6.197992|0.000522|0.000820
1872|372|-1|3111|7|150|ASP|2143|54|831|-OD2|1028|8|2|1011|4.977205|0.844369|-0.480094|-0.237803|10.443386|0.000187|0.000293
1872|373|-1|3141|8|123|ASP|2143|58|803|-O--|428|8|2|1011|4.718399|-0.443668|-0.586963|0.677225|8.412271|0.000375|0.000590
1872|374|-1|3165|8|107|ASP|2143|61|786|-OD1|1028|8|2|1011|4.671236|-0.334687|-0.282479|0.898994|42.621223|0.000426|0.000670
1872|375|-1|3166|8|172|ASP|2143|61|853|-OD1|1028|8|2|1011|3.189755|-0.923456|0.292962|0.247795|23.051041|0.023375|0.036709
1872|376|-1|3175|8|107|ASP|2143|62|786|-OD2|1028|8|2|1011|2.662772|-0.252895|-0.096338|0.962685|17.233475|0.097119|0.152519
1872|377|-1|3176|8|116|ASP|2143|62|795|-OD2|1028|8|2|1011|4.258883|-0.781331|-0.065399|0.620681|13.955467|0.001300|0.002041
1872|378|-1|3177|8|186|ASP|2143|62|867|-OD2|1028|8|2|1011|4.089485|-0.398926|-0.697282|0.595530|50.301849|0.002054|0.003226
1872|379|-1|3178|8|156|ASP|2143|62|837|-OD2|1028|8|2|1011|4.837479|-0.017282|0.851890|0.523435|0.679963|0.000272|0.000427
1872|380|-1|3179|8|172|ASP|2143|62|853|-OD2|1028|8|2|1011|2.988383|-0.687863|0.668414|-0.282961|6.306706|0.040282|0.063261
1872|381|-1|3180|8|181|ASP|2143|62|862|-OD2|1028|8|2|1011|4.865950|-0.827916|0.546548|0.125856|22.144068|0.000252|0.000396
1872|382|-1|3184|8|123|ASP|2143|62|803|-OD2|1028|8|2|1011|4.178333|0.405568|-0.802120|0.438312|7.678910|0.001616|0.002538
1872|383|-1|3255|10|172|SER|1143|72|853|-OG-|1728|8|3|1011|3.546333|-0.411016|0.629799|0.659105|9.061312|0.008917|0.014003
1872|384|-1|3438|17|125|GLU|2543|128|805|-OE1|1028|8|2|1011|4.192176|-0.931305|-0.360910|0.049139|14.030039|0.001556|0.002444
1872|385|-1|3439|17|125|GLU|2543|129|805|-OE1|1028|8|2|1011|4.245358|-0.730726|0.322234|0.601834|3.385340|0.001348|0.002117
1872|386|-1|3440|17|206|GLU|2543|128|887|-OE1|1028|8|2|1011|4.086613|-0.938233|0.324474|0.120148|104.331215|0.002070|0.003251
1872|387|-1|3441|17|136|GLU|2543|128|816|-OE1|1028|8|2|1011|4.637480|-0.587301|-0.720979|-0.367785|7.255626|0.000467|0.000734
1872|388|-1|3442|17|136|GLU|2543|129|816|-OE1|1028|8|2|1011|2.078568|-0.924482|-0.222522|0.309543|7.993815|0.471006|0.739683
1872|389|-1|3446|17|152|GLU|2543|128|833|-OE1|1028|8|2|1011|4.727777|-0.621560|0.461951|0.632665|81.737282|0.000366|0.000575
1872|390|-1|3451|17|125|GLU|2543|130|805|-OE2|1028|8|2|1011|4.258877|-0.725119|-0.458806|0.513516|10.381934|0.001300|0.002041
1872|391|-1|3452|17|125|GLU|2543|131|805|-OE2|1028|8|2|1011|2.726072|-0.934383|-0.028979|0.355089|8.707303|0.081848|0.128536
1872|392|-1|3453|17|206|GLU|2543|130|887|-OE2|1028|8|2|1011|4.000439|-0.754466|0.221226|0.617932|87.050056|0.002613|0.004104
1872|393|-1|3454|17|206|GLU|2543|131|887|-OE2|1028|8|2|1011|3.914602|-0.632809|0.705053|0.320083|17.294050|0.003296|0.005176
1872|394|-1|3455|17|136|GLU|2543|130|816|-OE2|1028|8|2|1011|4.247049|-0.449159|-0.891096|0.064846|4.801750|0.001342|0.002107
1872|395|-1|3456|17|136|GLU|2543|131|816|-OE2|1028|8|2|1011|2.530664|-0.540016|-0.754556|-0.372865|15.208691|0.138794|0.217966
1872|396|-1|3470|19|217|SER|1143|147|898|-O--|428|8|2|1011|4.772127|0.397182|-0.049873|0.916384|28.412596|0.000325|0.000510
1872|397|-1|3471|19|206|SER|1143|150|887|-OG-|1728|8|3|1011|4.722900|-0.457176|-0.709310|0.536535|24.309238|0.000371|0.000582
1872|398|-1|3518|23|196|GLY|143|174|877|-O--|428|8|2|1011|3.244655|0.201870|0.210354|-0.956556|0.738014|0.020152|0.031647
1872|399|-1|3592|31|198|ASN|2343|239|879|-O--|428|8|2|1011|4.738618|0.427677|0.019304|0.903725|76.490715|0.000355|0.000558
1872|400|-1|3617|33|204|GLY|143|252|885|-O--|428|8|2|1011|4.811909|0.823290|0.230776|0.518590|0.524015|0.000292|0.000458
1872|401|-1|3626|34|120|PHE|3543|256|799|-O--|428|8|2|1011|2.782461|0.500491|-0.855547|-0.132470|3.254827|0.070278|0.110366
1872|402|-1|3627|34|178|PHE|3543|256|859|-O--|428|8|2|1011|4.271241|0.762214|-0.372380|-0.529493|8.435402|0.001257|0.001974
1872|403|-1|3628|34|141|PHE|3543|256|822|-O--|428|8|2|1011|4.737511|0.316115|-0.126549|0.940243|2.040059|0.000356|0.000560
1872|404|-1|3629|34|204|PHE|3543|256|885|-O--|428|8|2|1011|4.542350|0.298435|0.447450|0.843045|0.330148|0.000604|0.000949
1872|405|-1|3630|34|180|PHE|3543|256|861|-O--|428|8|2|1011|4.474194|0.853695|0.281051|-0.438423|25.533064|0.000726|0.001141
1872|406|-1|3671|42|202|GLU|2543|330|883|-OE1|1028|8|2|1011|4.459400|0.032381|0.404314|-0.914047|6.676686|0.000756|0.001187
1872|407|-1|3672|42|143|GLU|2543|331|824|-OE2|1028|8|2|1011|4.749613|0.586364|-0.806702|0.073545|12.298387|0.000345|0.000542
1872|408|-1|3676|43|115|ASP|2143|335|794|-O--|428|8|2|1011|4.590495|-0.675569|-0.634904|-0.374837|8.150262|0.000530|0.000833
1872|409|-1|3678|43|104|ASP|2143|335|783|-O--|428|8|2|1011|4.520787|-0.516546|-0.313778|-0.796695|71.966255|0.000640|0.001006
1872|410|-1|3683|43|176|ASP|2143|338|857|-OD1|1028|8|2|1011|4.557392|-0.875544|-0.421189|-0.236691|8.930408|0.000580|0.000911
1872|411|-1|3684|43|104|ASP|2143|338|783|-OD1|1028|8|2|1011|4.335215|-0.999304|0.022715|0.029597|12.554268|0.001057|0.001661
1872|412|-1|3685|46|108|PRO|1943|355|787|-O--|428|8|2|1011|4.594049|0.028385|-0.142793|-0.989345|21.144537|0.000525|0.000825
1872|413|-1|3695|47|119|SER|1143|363|798|-O--|428|8|2|1011|4.829692|-0.916331|0.366690|0.160859|23.962645|0.000278|0.000436
1872|414|-1|3696|47|108|SER|1143|363|787|-O--|428|8|2|1011|4.951597|0.413079|-0.617579|-0.669300|22.874697|0.000200|0.000314
1872|415|-1|3703|47|191|SER|1143|366|872|-OG-|1728|8|3|1011|2.948555|-0.835866|-0.130572|-0.533178|76.414238|0.044860|0.070450
1872|416|-1|3704|47|191|SER|1143|367|872|-OG-|1728|8|3|1011|3.392359|-0.850617|0.476070|-0.223179|82.239929|0.013519|0.021230
1872|417|-1|3705|47|197|SER|1143|366|878|-OG-|1728|8|3|1011|2.987672|-0.832152|-0.325672|0.448844|75.984154|0.040360|0.063382
1872|418|-1|3706|47|197|SER|1143|367|878|-OG-|1728|8|3|1011|3.762294|-0.772719|0.272972|0.573055|81.784653|0.004974|0.007812
1872|419|-1|3707|47|119|SER|1143|366|798|-OG-|1728|8|3|1011|4.146160|-0.454541|0.855249|0.248881|9.633064|0.001763|0.002768
1872|420|-1|3708|47|212|SER|1143|366|893|-OG-|1728|8|3|1011|4.650232|-0.807400|0.560617|-0.183884|60.491848|0.000451|0.000709
1872|421|-1|3709|47|108|SER|1143|367|787|-OG-|1728|8|3|1011|4.785463|0.870428|0.149829|-0.468941|10.542036|0.000313|0.000492
1872|422|-1|3716|48|108|GLY|143|371|787|-O--|428|8|2|1011|4.983219|-0.403875|-0.864702|-0.298622|25.669594|0.000184|0.000288
1872|423|-1|3717|48|113|GLY|143|371|792|-O--|428|8|2|1011|4.702769|0.255679|-0.801230|-0.540979|77.423225|0.000392|0.000615
1872|424|-1|3731|49|108|VAL|543|375|787|-O--|428|8|2|1011|4.238043|-0.845342|-0.173665|-0.505210|28.433794|0.001375|0.002159
1872|425|-1|3732|49|113|VAL|543|375|792|-O--|428|8|2|1011|3.224066|-0.114017|-0.060483|-0.991636|83.755707|0.021305|0.033458
1872|426|-1|3733|49|154|VAL|543|375|835|-O--|428|8|2|1011|4.315986|0.303384|-0.153152|-0.940480|74.570175|0.001114|0.001749
1872|427|-1|3766|50|154|ASP|2143|385|835|-OD1|1028|8|2|1011|4.207943|-0.836180|-0.250954|-0.487673|45.744843|0.001492|0.002342
1872|428|-1|3767|50|155|ASP|2143|385|836|-OD1|1028|8|2|1011|4.783049|-0.366628|-0.619479|-0.694139|19.156509|0.000315|0.000495
1872|429|-1|3768|50|159|ASP|2143|385|840|-OD1|1028|8|2|1011|2.721026|0.472029|-0.192207|-0.860375|7.707526|0.082971|0.130301
1872|430|-1|3769|50|210|ASP|2143|385|891|-OD1|1028|8|2|1011|4.613905|0.834521|0.125707|-0.536444|26.655512|0.000498|0.000782
1872|431|-1|3770|50|211|ASP|2143|385|892|-OD1|1028|8|2|1011|4.478874|0.387240|-0.728308|-0.565343|33.361996|0.000717|0.001126
1872|432|-1|3771|50|194|ASP|2143|385|875|-OD1|1028|8|2|1011|4.293394|0.676715|0.656823|-0.332627|21.913122|0.001184|0.001859
1872|433|-1|3773|50|159|ASP|2143|386|840|-OD2|1028|8|2|1011|3.487747|0.172146|-0.729411|-0.662062|7.631956|0.010447|0.016406
1872|434|-1|3774|50|210|ASP|2143|386|891|-OD2|1028|8|2|1011|4.251038|0.744854|-0.338976|-0.574707|26.507107|0.001328|0.002085
1872|435|-1|3775|50|194|ASP|2143|386|875|-OD2|1028|8|2|1011|2.742649|0.809948|0.291324|-0.509033|21.782068|0.078262|0.122905
1872|436|-1|3790|52|159|SER|1143|401|840|-OG-|1728|8|3|1011|2.799430|-0.572472|-0.167177|-0.802700|6.632500|0.067127|0.105419
1872|437|-1|3791|52|159|SER|1143|402|840|-OG-|1728|8|3|1011|3.374844|-0.438123|0.524765|-0.729842|7.296846|0.014174|0.022260
1872|438|-1|3792|52|210|SER|1143|401|891|-OG-|1728|8|3|1011|2.645941|0.364106|0.239990|-0.899907|24.544346|0.101639|0.159617
1872|439|-1|3793|52|210|SER|1143|402|891|-OG-|1728|8|3|1011|4.023339|0.270274|0.714332|-0.645509|25.849007|0.002456|0.003858
1872|440|-1|3794|52|211|SER|1143|401|892|-OG-|1728|8|3|1011|4.190186|-0.275071|-0.765360|-0.581859|30.910006|0.001565|0.002457
1872|441|-1|3795|52|211|SER|1143|402|892|-OG-|1728|8|3|1011|3.006541|-0.342120|-0.321965|-0.882775|32.425289|0.038353|0.060231
1872|442|-1|3796|52|194|SER|1143|401|875|-OG-|1728|8|3|1011|3.169508|0.005806|0.907081|-0.420917|20.048801|0.024690|0.038773
1872|443|-1|3809|53|117|LYS|2943|406|796|-O--|428|8|2|1011|2.668072|-0.086954|0.978806|-0.185412|11.163897|0.095738|0.150350
1872|444|-1|3877|58|145|GLU|2543|447|826|-O--|428|8|2|1011|4.867901|0.053411|-0.841333|0.537871|2.394190|0.000251|0.000394
1872|445|-1|3884|58|203|GLU|2543|451|884|-OE1|1028|8|2|1011|2.732447|0.489305|-0.630397|-0.602645|3.495705|0.080449|0.126340
1872|446|-1|3886|58|203|GLU|2543|452|884|-OE2|1028|8|2|1011|4.053200|0.819599|-0.200959|-0.536538|2.207470|0.002266|0.003559
1872|447|-1|3888|59|121|GLU|2543|456|800|-O--|428|8|2|1011|4.509862|0.573410|-0.579957|-0.578663|10.302019|0.000660|0.001036
1872|448|-1|3889|59|112|GLU|2543|456|791|-O--|428|8|2|1011|4.883759|0.751880|-0.539856|0.378460|67.689774|0.000240|0.000377
1872|449|-1|3897|59|121|GLU|2543|460|800|-OE1|1028|8|2|1011|4.020141|0.634555|-0.370267|0.678412|6.084991|0.002478|0.003891
1872|450|-1|3898|59|121|GLU|2543|460|801|-OE1|1028|8|2|1011|2.553875|0.983212|0.067143|0.169665|13.986623|0.130354|0.204712
1872|451|-1|3899|59|203|GLU|2543|461|884|-OE2|1028|8|2|1011|4.640548|-0.978979|-0.088249|0.183880|8.329882|0.000463|0.000728
1872|452|-1|3900|59|121|GLU|2543|461|801|-OE2|1028|8|2|1011|4.531736|0.913557|0.330000|0.237724|16.315353|0.000622|0.000976
1872|453|-1|3901|60|151|ASP|2143|469|832|-OD2|1028|8|2|1011|4.600436|0.948214|0.294537|0.118902|5.493886|0.000516|0.000811
1872|454|-1|3937|63|180|ASN|2343|489|861|-O--|428|8|2|1011|4.731578|-0.091386|-0.949477|-0.300236|17.822691|0.000362|0.000569
1872|455|-1|3938|63|136|ASN|2343|489|816|-O--|428|8|2|1011|2.770938|0.716941|0.130812|0.684751|0.080531|0.072501|0.113858
1872|456|-1|3953|63|178|ASN|2343|492|859|-OD1|828|8|2|1011|4.811726|0.037533|-0.935740|0.350687|2.112526|0.000292|0.000458
1872|457|-1|3954|63|180|ASN|2343|492|861|-OD1|828|8|2|1011|2.691038|0.276696|-0.614828|0.738530|13.042185|0.089976|0.141302
1872|458|-1|3985|65|152|LYS|2943|502|833|-O--|428|8|2|1011|4.947989|0.679387|-0.088723|0.728397|31.515404|0.000202|0.000317
1872|459|-1|4052|67|128|GLU|2543|519|808|-OE1|1028|8|2|1011|2.859075|0.071420|0.707222|-0.703375|20.354773|0.057134|0.089724
1872|460|-1|4065|67|128|GLU|2543|520|808|-OE2|1028|8|2|1011|4.689121|0.382416|0.646177|-0.660465|26.470373|0.000406|0.000638
1872|461|-1|4091|70|164|GLU|2543|546|845|-OE1|1028|8|2|1011|4.496970|-0.664003|0.259402|-0.701292|5.260835|0.000683|0.001073
1872|462|-1|4092|70|185|GLU|2543|546|866|-OE1|1028|8|2|1011|3.822753|-0.473219|0.802439|-0.363532|29.278002|0.004224|0.006634
1872|463|-1|4094|70|193|GLU|2543|546|874|-OE1|1028|8|2|1011|2.585395|0.075810|0.956730|0.280928|7.816738|0.119709|0.187995
1872|464|-1|4097|70|164|GLU|2543|547|845|-OE2|1028|8|2|1011|2.328374|-0.527407|0.272519|-0.804721|17.148790|0.239779|0.376557
1872|465|-1|4098|70|185|GLU|2543|547|866|-OE2|1028|8|2|1011|2.538409|-0.020091|0.998864|-0.043214|52.439091|0.135918|0.213451
1872|466|-1|4101|70|193|GLU|2543|547|874|-OE2|1028|8|2|1011|3.407773|0.573395|0.569734|0.588745|1.180583|0.012967|0.020364
1872|467|-1|4110|71|164|VAL|543|551|845|-O--|428|8|2|1011|4.929214|0.450579|0.812001|-0.370990|55.015690|0.000212|0.000333
1872|468|-1|4125|72|196|ALA|343|558|877|-O--|428|8|2|1011|4.647757|-0.047765|0.979725|0.194568|0.131325|0.000454|0.000714
1872|469|-1|4162|74|173|SER|1143|571|854|-O--|428|8|2|1011|4.916233|-0.295470|0.015663|-0.955224|19.405251|0.000220|0.000345
1872|470|-1|4163|74|181|SER|1143|571|862|-O--|428|8|2|1011|3.917087|-0.065865|0.713419|-0.697635|40.806225|0.003274|0.005141
1872|471|-1|4171|74|181|SER|1143|573|862|-OG-|1728|8|3|1011|4.776278|-0.873484|0.443552|-0.200720|30.105688|0.000321|0.000504
1872|472|-1|4176|74|130|SER|1143|573|810|-OG-|1728|8|3|1011|2.949553|0.052211|-0.406324|-0.912236|5.807658|0.044739|0.070260
1872|473|-1|4189|75|170|ASP|2143|580|851|-OD1|1028|8|2|1011|4.421636|-0.942547|0.111723|-0.314839|10.974252|0.000837|0.001315
1872|474|-1|4190|75|173|ASP|2143|580|854|-OD1|1028|8|2|1011|2.763827|-0.558501|0.640417|-0.527204|7.480117|0.073908|0.116067
1872|475|-1|4191|75|178|ASP|2143|580|859|-OD1|1028|8|2|1011|4.513385|-0.081889|0.583376|-0.808064|9.160290|0.000653|0.001026
1872|476|-1|4192|75|181|ASP|2143|580|862|-OD1|1028|8|2|1011|4.529463|-0.077051|0.990741|0.111781|21.595053|0.000626|0.000982
1872|477|-1|4194|75|130|ASP|2143|580|810|-OD1|1028|8|2|1011|4.323074|0.919947|0.270762|-0.283523|1.958710|0.001093|0.001716
1872|478|-1|4195|75|170|ASP|2143|581|851|-OD2|1028|8|2|1011|4.785123|-0.854439|0.513048|-0.081943|15.619987|0.000313|0.000492
1872|479|-1|4196|75|173|ASP|2143|581|854|-OD2|1028|8|2|1011|4.034148|-0.363050|0.924855|-0.113308|11.488134|0.002386|0.003747
1872|480|-1|4206|78|144|GLU|2543|602|825|-OE1|1028|8|2|1011|4.986225|-0.474747|-0.265532|-0.839111|22.360973|0.000182|0.000286
1872|481|-1|4207|78|116|GLU|2543|602|795|-OE1|1028|8|2|1011|4.784892|-0.248950|-0.805243|-0.538152|51.699604|0.000314|0.000493
1872|482|-1|4208|78|161|GLU|2543|602|842|-OE1|1028|8|2|1011|4.119549|-0.676821|0.458060|-0.576277|25.145514|0.001894|0.002974
1872|483|-1|4209|78|161|GLU|2543|603|842|-OE2|1028|8|2|1011|3.912971|-0.377257|0.182214|-0.908006|22.478643|0.003310|0.005199
1872|484|-1|4213|84|109|SER|1143|656|788|-O--|428|8|2|1011|4.856207|-0.297763|-0.948997|0.103642|63.992104|0.000259|0.000406
1872|485|-1|4214|84|219|SER|1143|656|900|-O--|428|8|2|1011|4.700984|0.627103|-0.736341|0.254055|35.360558|0.000393|0.000618
1872|486|-1|4215|84|146|SER|1143|656|827|-O--|428|8|2|1011|2.976816|0.188792|-0.965637|-0.178611|9.202853|0.041561|0.065269
1872|487|-1|4216|84|145|SER|1143|659|826|-OG-|1728|8|3|1011|4.848689|0.880444|-0.379180|0.284676|4.465213|0.000264|0.000415
1872|488|-1|4217|84|145|SER|1143|660|826|-OG-|1728|8|3|1011|4.815978|0.763500|-0.625527|0.160571|4.465213|0.000288|0.000453
1872|489|-1|4226|85|109|PRO|1943|664|788|-O--|428|8|2|1011|4.506693|-0.627511|-0.612095|-0.481216|54.000183|0.000665|0.001045
1872|490|-1|4227|85|219|PRO|1943|664|900|-O--|428|8|2|1011|2.689414|0.582283|-0.599211|-0.549447|28.998228|0.090372|0.141923
1872|491|-1|4228|85|146|PRO|1943|664|827|-O--|428|8|2|1011|3.462037|-0.236855|-0.295931|-0.925378|6.464588|0.011198|0.017586
1872|492|-1|4240|87|200|GLN|2743|682|881|-O--|428|8|2|1011|4.589102|-0.859994|-0.266397|0.435251|27.613152|0.000532|0.000836
1872|493|-1|4251|87|205|GLN|2743|689|886|-OE1|828|8|2|1011|4.749231|-0.431017|-0.866777|0.250841|19.333311|0.000345|0.000542
1872|494|-1|4252|87|205|GLN|2743|690|886|-OE1|828|8|2|1011|3.292095|0.558611|-0.774439|-0.296983|4.683303|0.017727|0.027838
1872|495|-1|4253|87|109|GLN|2743|689|788|-OE1|828|8|2|1011|4.690980|0.072693|-0.842580|0.533643|41.858246|0.000404|0.000635
1872|496|-1|4254|87|109|GLN|2743|690|788|-OE1|828|8|2|1011|4.865185|0.868826|-0.490326|0.068714|3.859718|0.000252|0.000396
1872|497|-1|4255|87|146|GLN|2743|689|827|-OE1|828|8|2|1011|3.549025|0.661872|-0.625108|0.413721|3.137114|0.008852|0.013902
1872|498|-1|4256|87|129|GLN|2743|690|809|-OE1|828|8|2|1011|4.645395|-0.280062|-0.486402|-0.827634|17.992414|0.000457|0.000718
1872|499|-1|4257|87|214|GLN|2743|690|895|-OE1|828|8|2|1011|4.966871|-0.069662|-0.927651|0.366892|2.720352|0.000192|0.000301
1872|500|-1|4273|88|199|GLY|143|696|880|-O--|428|8|2|1011|2.702267|-0.456654|-0.837270|-0.300744|58.500980|0.087287|0.137078
1872|501|-1|4274|88|214|GLY|143|696|895|-O--|428|8|2|1011|3.709319|-0.414092|-0.345488|-0.842120|34.016438|0.005740|0.009014
1872|502|-1|4275|88|218|GLY|143|696|899|-O--|428|8|2|1011|4.006893|-0.014725|-0.657998|-0.752876|34.794353|0.002568|0.004033
1872|503|-1|4276|88|152|GLY|143|696|833|-O--|428|8|2|1011|4.169155|0.532962|-0.414119|0.737874|24.033348|0.001656|0.002601
1872|504|-1|4285|89|125|ALA|343|700|805|-O--|428|8|2|1011|2.721775|0.452059|-0.316898|0.833797|3.363037|0.082804|0.130037
1872|505|-1|4286|89|206|ALA|343|700|887|-O--|428|8|2|1011|4.396616|0.295774|-0.841904|0.451349|53.801369|0.000896|0.001407
1872|506|-1|4294|98|201|ASN|2343|763|882|-O--|428|8|2|1011|4.827363|-0.284668|0.767194|-0.574784|54.787804|0.000280|0.000439
1872|507|-1|4296|98|166|ASN|2343|768|847|-OXT|828|8|2|1011|4.961875|-0.757414|-0.581030|0.297871|75.023376|0.000194|0.000305
1872|508|-1|4297|100|122|SO4|4743|770|802|-S--|3328|16|3|1011|3.697344|0.738639|-0.428287|-0.520560|2.371337|0.021695|0.034348
1872|509|-1|4298|100|126|SO4|4743|770|806|-S--|3328|16|3|1011|4.827572|0.768917|0.294449|-0.567509|25.390640|0.001023|0.001619
1872|510|-1|4299|100|120|SO4|4743|770|799|-S--|3328|16|3|1011|4.017312|0.810392|0.536547|0.235334|0.121146|0.009137|0.014466
1872|511|-1|4300|100|122|SO4|4743|771|802|-O1-|3128|8|2|1011|4.225051|0.760228|-0.612188|-0.217440|2.929606|0.001424|0.002237
1872|512|-1|4301|100|126|SO4|4743|771|806|-O1-|3128|8|2|1011|4.556542|0.920215|0.091840|-0.380485|27.055138|0.000581|0.000913
1872|513|-1|4302|100|120|SO4|4743|771|799|-O1-|3128|8|2|1011|4.370167|0.855024|0.263714|0.446530|0.542237|0.000962|0.001511
1872|514|-1|4303|100|122|SO4|4743|772|802|-O2-|3128|8|1|1011|3.469910|0.907517|-0.053178|-0.416636|0.824024|0.010963|0.017216
1872|515|-1|4304|100|122|SO4|4743|773|802|-O3-|3128|8|1|1011|2.834133|0.429761|-0.580257|-0.691814|4.415165|0.061118|0.095981
1872|516|-1|4305|100|126|SO4|4743|773|806|-O3-|3128|8|1|1011|3.793544|0.579669|0.358629|-0.731689|31.484386|0.004571|0.007179
1872|517|-1|4306|100|120|SO4|4743|773|799|-O3-|3128|8|1|1011|2.872367|0.606677|0.729181|0.316606|1.662766|0.055117|0.086558
1872|518|-1|4307|100|178|SO4|4743|773|859|-O3-|3128|8|1|1011|4.721014|0.763734|0.610986|-0.208344|6.038002|0.000373|0.000585
1872|519|-1|4308|100|120|SO4|4743|774|799|-O4-|3128|8|2|1011|4.323349|0.892965|0.441434|-0.088031|0.370520|0.001092|0.001715
1872|520|-1|4312|101|122|GOL|4943|776|802|-O1-|3128|8|2|1011|2.914974|0.855582|0.490047|0.166831|3.178149|0.049122|0.077143
1872|521|-1|4313|101|124|GOL|4943|776|804|-O1-|3128|8|2|1011|4.559274|0.336457|0.248170|-0.908410|14.284904|0.000577|0.000906
1872|522|-1|4317|101|219|GOL|4943|778|900|-O2-|3128|8|2|1011|4.179358|-0.926219|0.164971|-0.338973|12.285512|0.001611|0.002530
1872|523|-1|4318|101|122|GOL|4943|778|802|-O2-|3128|8|2|1011|3.046984|0.564821|-0.131449|0.814677|4.562500|0.034382|0.053994
1872|524|-1|4319|101|124|GOL|4943|778|804|-O2-|3128|8|2|1011|2.381103|0.319600|-0.292942|-0.901133|2.390936|0.207931|0.326542
1872|525|-1|4320|101|126|GOL|4943|778|806|-O2-|3128|8|2|1011|4.106581|0.657968|0.634220|0.406008|9.614332|0.001962|0.003081
1872|526|-1|4324|101|219|GOL|4943|780|900|-O3-|3128|8|2|1011|2.499882|-0.987646|-0.100615|0.120129|3.033665|0.150834|0.236875
1872|527|-1|4325|101|145|GOL|4943|780|826|-O3-|3128|8|2|1011|3.878637|-0.067549|0.854804|-0.514536|33.403950|0.003632|0.005704
1872|528|-1|4326|101|124|GOL|4943|780|804|-O3-|3128|8|2|1011|2.747201|0.787347|-0.596434|-0.156047|13.010212|0.077304|0.121402
1872|529|-1|4327|157|102|HOH|4343|838|781|-O--|2828|8|3|1011|4.338023|0.524570|-0.021208|0.851103|15.438381|0.001049|0.001648
1872|530|-1|4327|102|157|HOH|4343|781|838|-O--|2828|8|3|1011|4.338023|-0.524570|0.021208|-0.851103|15.438381|0.001049|0.001648
1872|531|-1|4328|201|102|HOH|4343|882|781|-O--|2828|8|3|1011|4.275533|0.457766|-0.542277|-0.704546|6.678637|0.001242|0.001951
1872|532|-1|4328|102|201|HOH|4343|781|882|-O--|2828|8|3|1011|4.275533|-0.457766|0.542277|0.704546|6.678637|0.001242|0.001951
1872|533|-1|4329|172|102|HOH|4343|853|781|-O--|2828|8|3|1011|4.957881|0.006051|-0.394024|0.919080|9.124991|0.000197|0.000309
1872|534|-1|4329|102|172|HOH|4343|781|853|-O--|2828|8|3|1011|4.957881|-0.006051|0.394024|-0.919080|9.124991|0.000197|0.000309
1872|535|-1|4330|181|102|HOH|4343|862|781|-O--|2828|8|3|1011|3.878813|-0.500926|-0.332969|0.798877|1.371052|0.003630|0.005701
1872|536|-1|4330|102|181|HOH|4343|781|862|-O--|2828|8|3|1011|3.878813|0.500926|0.332969|-0.798877|1.371052|0.003630|0.005701
1872|537|-1|4331|107|102|HOH|4343|786|781|-O--|2828|8|3|1011|4.584186|0.308058|-0.917835|0.250358|0.998376|0.000540|0.000847
1872|538|-1|4331|102|107|HOH|4343|781|786|-O--|2828|8|3|1011|4.584186|-0.308058|0.917835|-0.250358|0.998376|0.000540|0.000847
1872|539|-1|4332|116|102|HOH|4343|795|781|-O--|2828|8|3|1011|4.535572|-0.273836|-0.932523|0.235403|2.861329|0.000615|0.000966
1872|540|-1|4332|102|116|HOH|4343|781|795|-O--|2828|8|3|1011|4.535572|0.273836|0.932523|-0.235403|2.861329|0.000615|0.000966
1872|541|-1|4333|201|104|HOH|4343|882|783|-O--|2828|8|3|1011|4.691940|0.133888|0.082157|0.987585|8.500879|0.000403|0.000633
1872|542|-1|4333|104|201|HOH|4343|783|882|-O--|2828|8|3|1011|4.691940|-0.133888|-0.082157|-0.987585|8.500879|0.000403|0.000633
1872|543|-1|4334|177|104|HOH|4343|858|783|-O--|2828|8|3|1011|2.956770|0.080559|-0.832505|0.548130|12.410179|0.043875|0.068903
1872|544|-1|4334|104|177|HOH|4343|783|858|-O--|2828|8|3|1011|2.956770|-0.080559|0.832505|-0.548130|12.410179|0.043875|0.068903
1872|545|-1|4335|108|105|HOH|4343|787|784|-O--|2828|8|3|1011|2.496371|0.558650|-0.399780|0.726695|0.784908|0.152273|0.239134
1872|546|-1|4335|105|108|HOH|4343|784|787|-O--|2828|8|3|1011|2.496371|-0.558650|0.399780|-0.726695|0.784908|0.152273|0.239134
1872|547|-1|4336|135|105|HOH|4343|815|784|-O--|2828|8|3|1011|3.617258|0.368124|0.539912|0.756955|4.185087|0.007361|0.011561
1872|548|-1|4336|105|135|HOH|4343|784|815|-O--|2828|8|3|1011|3.617258|-0.368124|-0.539912|-0.756955|4.185087|0.007361|0.011561
1872|549|-1|4337|113|105|HOH|4343|792|784|-O--|2828|8|3|1011|3.730932|-0.487921|-0.412497|0.769272|20.415049|0.005414|0.008503
1872|550|-1|4337|105|113|HOH|4343|784|792|-O--|2828|8|3|1011|3.730932|0.487921|0.412497|-0.769272|20.415049|0.005414|0.008503
1872|551|-1|4338|112|107|HOH|4343|791|786|-O--|2828|8|3|1011|3.456793|0.601770|0.432634|0.671342|10.138178|0.011358|0.017837
1872|552|-1|4338|107|112|HOH|4343|786|791|-O--|2828|8|3|1011|3.456793|-0.601770|-0.432634|-0.671342|10.138178|0.011358|0.017837
1872|553|-1|4339|156|107|HOH|4343|837|786|-O--|2828|8|3|1011|4.417193|-0.133524|0.991020|-0.007087|15.753951|0.000847|0.001331
1872|554|-1|4339|107|156|HOH|4343|786|837|-O--|2828|8|3|1011|4.417193|0.133524|-0.991020|0.007087|15.753951|0.000847|0.001331
1872|555|-1|4340|157|107|HOH|4343|838|786|-O--|2828|8|3|1011|4.914982|-0.175667|0.837343|-0.517685|13.630877|0.000221|0.000347
1872|556|-1|4340|107|157|HOH|4343|786|838|-O--|2828|8|3|1011|4.914982|0.175667|-0.837343|0.517685|13.630877|0.000221|0.000347
1872|557|-1|4341|139|108|HOH|4343|819|787|-O--|2828|8|3|1011|4.901242|0.664239|-0.640858|-0.384821|1.074295|0.000229|0.000360
1872|558|-1|4341|108|139|HOH|4343|787|819|-O--|2828|8|3|1011|4.901242|-0.664239|0.640858|0.384821|1.074295|0.000229|0.000360
1872|559|-1|4342|169|108|HOH|4343|850|787|-O--|2828|8|3|1011|3.669480|-0.628264|-0.703369|-0.332500|34.670204|0.006392|0.010039
1872|560|-1|4342|108|169|HOH|4343|787|850|-O--|2828|8|3|1011|3.669480|0.628264|0.703369|0.332500|34.670204|0.006392|0.010039
1872|561|-1|4343|110|108|HOH|4343|789|787|-O--|2828|8|3|1011|4.250005|-0.113035|-0.534352|-0.837670|3.338416|0.001331|0.002091
1872|562|-1|4343|108|110|HOH|4343|787|789|-O--|2828|8|3|1011|4.250005|0.113035|0.534352|0.837670|3.338416|0.001331|0.002091
1872|563|-1|4344|117|109|HOH|4343|796|788|-O--|2828|8|3|1011|2.873013|0.233553|-0.355907|0.904867|23.598585|0.055021|0.086407
1872|564|-1|4344|109|117|HOH|4343|788|796|-O--|2828|8|3|1011|2.873013|-0.233553|0.355907|-0.904867|23.598585|0.055021|0.086407
1872|565|-1|4345|135|110|HOH|4343|815|789|-O--|2828|8|3|1011|4.567805|-0.118963|0.148868|0.981675|7.384865|0.000564|0.000886
1872|566|-1|4345|110|135|HOH|4343|789|815|-O--|2828|8|3|1011|4.567805|0.118963|-0.148868|-0.981675|7.384865|0.000564|0.000886
1872|567|-1|4346|201|112|HOH|4343|882|791|-O--|2828|8|3|1011|3.229479|0.812885|0.121838|-0.569538|1.502761|0.020995|0.032972
1872|568|-1|4346|112|201|HOH|4343|791|882|-O--|2828|8|3|1011|3.229479|-0.812885|-0.121838|0.569538|1.502761|0.020995|0.032972
1872|569|-1|4347|181|112|HOH|4343|862|791|-O--|2828|8|3|1011|4.678754|-0.272508|0.303601|0.912998|6.815372|0.000418|0.000656
1872|570|-1|4347|112|181|HOH|4343|791|862|-O--|2828|8|3|1011|4.678754|0.272508|-0.303601|-0.912998|6.815372|0.000418|0.000656
1872|571|-1|4348|116|112|HOH|4343|795|791|-O--|2828|8|3|1011|2.766414|-0.207489|-0.548553|0.809961|12.866084|0.073393|0.115259
1872|572|-1|4348|112|116|HOH|4343|791|795|-O--|2828|8|3|1011|2.766414|0.207489|0.548553|-0.809961|12.866084|0.073393|0.115259
1872|573|-1|4349|144|112|HOH|4343|825|791|-O--|2828|8|3|1011|4.453752|-0.392927|-0.908566|0.141833|31.780117|0.000768|0.001205
1872|574|-1|4349|112|144|HOH|4343|791|825|-O--|2828|8|3|1011|4.453752|0.392927|0.908566|-0.141833|31.780117|0.000768|0.001205
1872|575|-1|4350|186|112|HOH|4343|867|791|-O--|2828|8|3|1011|4.897736|0.229126|-0.835187|0.499963|4.978140|0.000231|0.000363
1872|576|-1|4350|112|186|HOH|4343|791|867|-O--|2828|8|3|1011|4.897736|-0.229126|0.835187|-0.499963|4.978140|0.000231|0.000363
1872|577|-1|4351|139|113|HOH|4343|819|792|-O--|2828|8|3|1011|4.713250|0.008614|-0.781202|-0.624219|16.354584|0.000381|0.000598
1872|578|-1|4351|113|139|HOH|4343|792|819|-O--|2828|8|3|1011|4.713250|-0.008614|0.781202|0.624219|16.354584|0.000381|0.000598
1872|579|-1|4352|168|113|HOH|4343|849|792|-O--|2828|8|3|1011|4.239574|0.549960|-0.537790|-0.639004|36.350136|0.001369|0.002150
1872|580|-1|4352|113|168|HOH|4343|792|849|-O--|2828|8|3|1011|4.239574|-0.549960|0.537790|0.639004|36.350136|0.001369|0.002150
1872|581|-1|4353|217|113|HOH|4343|898|792|-O--|2828|8|3|1011|4.065646|0.918821|-0.380505|-0.104805|10.630573|0.002191|0.003441
1872|582|-1|4353|113|217|HOH|4343|792|898|-O--|2828|8|3|1011|4.065646|-0.918821|0.380505|0.104805|10.630573|0.002191|0.003441
1872|583|-1|4354|201|115|HOH|4343|882|794|-O--|2828|8|3|1011|3.279382|0.425140|-0.338639|0.839393|24.364414|0.018346|0.028812
1872|584|-1|4354|115|201|HOH|4343|794|882|-O--|2828|8|3|1011|3.279382|-0.425140|0.338639|-0.839393|24.364414|0.018346|0.028812
1872|585|-1|4355|177|115|HOH|4343|858|794|-O--|2828|8|3|1011|4.091232|0.245451|-0.967319|-0.063626|18.818237|0.002045|0.003211
1872|586|-1|4355|115|177|HOH|4343|794|858|-O--|2828|8|3|1011|4.091232|-0.245451|0.967319|0.063626|18.818237|0.002045|0.003211
1872|587|-1|4356|219|117|HOH|4343|900|796|-O--|2828|8|3|1011|4.185609|-0.889476|-0.029738|0.456013|9.640081|0.001584|0.002488
1872|588|-1|4356|117|219|HOH|4343|796|900|-O--|2828|8|3|1011|4.185609|0.889476|0.029738|-0.456013|9.640081|0.001584|0.002488
1872|589|-1|4357|146|117|HOH|4343|827|796|-O--|2828|8|3|1011|3.937608|-0.339546|-0.180687|0.923071|2.339749|0.003097|0.004864
1872|590|-1|4357|117|146|HOH|4343|796|827|-O--|2828|8|3|1011|3.937608|0.339546|0.180687|-0.923071|2.339749|0.003097|0.004864
1872|591|-1|4358|189|119|HOH|4343|870|798|-O--|2828|8|3|1011|4.041226|0.719732|0.162079|-0.675067|3.785958|0.002341|0.003676
1872|592|-1|4358|119|189|HOH|4343|798|870|-O--|2828|8|3|1011|4.041226|-0.719732|-0.162079|0.675067|3.785958|0.002341|0.003676
1872|593|-1|4359|216|119|HOH|4343|897|798|-O--|2828|8|3|1011|4.861396|0.718641|0.611553|-0.330996|6.240563|0.000255|0.000401
1872|594|-1|4359|119|216|HOH|4343|798|897|-O--|2828|8|3|1011|4.861396|-0.718641|-0.611553|0.330996|6.240563|0.000255|0.000401
1872|595|-1|4360|184|119|HOH|4343|865|798|-O--|2828|8|3|1011|2.738571|0.784934|-0.528378|-0.323566|9.574692|0.079129|0.124266
1872|596|-1|4360|119|184|HOH|4343|798|865|-O--|2828|8|3|1011|2.738571|-0.784934|0.528378|0.323566|9.574692|0.079129|0.124266
1872|597|-1|4361|197|119|HOH|4343|878|798|-O--|2828|8|3|1011|4.569335|-0.131660|-0.988984|-0.067647|41.341118|0.000562|0.000882
1872|598|-1|4361|119|197|HOH|4343|798|878|-O--|2828|8|3|1011|4.569335|0.131660|0.988984|0.067647|41.341118|0.000562|0.000882
1872|599|-1|4362|122|120|HOH|4343|802|799|-O--|2828|8|3|1011|4.742658|0.110612|-0.788376|-0.605167|2.210726|0.000352|0.000552
1872|600|-1|4362|120|122|HOH|4343|799|802|-O--|2828|8|3|1011|4.742658|-0.110612|0.788376|0.605167|2.210726|0.000352|0.000552
1872|601|-1|4363|126|120|HOH|4343|806|799|-O--|2828|8|3|1011|3.785109|-0.120578|-0.193918|-0.973579|24.911770|0.004677|0.007344
1872|602|-1|4363|120|126|HOH|4343|799|806|-O--|2828|8|3|1011|3.785109|0.120578|0.193918|0.973579|24.911770|0.004677|0.007344
1872|603|-1|4364|201|121|HOH|4343|882|800|-O--|2828|8|3|1011|4.560955|0.813688|0.090875|0.574154|29.983879|0.000574|0.000902
1872|604|-1|4364|121|201|HOH|4343|800|882|-O--|2828|8|3|1011|4.560955|-0.813688|-0.090875|-0.574154|29.983879|0.000574|0.000902
1872|605|-1|4365|177|121|HOH|4343|858|800|-O--|2828|8|3|1011|4.135577|0.803079|-0.588195|-0.095345|23.723074|0.001814|0.002848
1872|606|-1|4365|121|177|HOH|4343|800|858|-O--|2828|8|3|1011|4.135577|-0.803079|0.588195|0.095345|23.723074|0.001814|0.002848
1872|607|-1|4366|177|121|HOH|4343|858|801|-O--|2828|8|3|1011|3.937421|0.853654|-0.196201|0.482472|0.733926|0.003099|0.004866
1872|608|-1|4366|121|177|HOH|4343|801|858|-O--|2828|8|3|1011|3.937421|-0.853654|0.196201|-0.482472|0.733926|0.003099|0.004866
1872|609|-1|4367|130|122|HOH|4343|810|802|-O--|2828|8|3|1011|3.915008|-0.500382|-0.783274|-0.368916|15.087780|0.003292|0.005170
1872|610|-1|4367|122|130|HOH|4343|802|810|-O--|2828|8|3|1011|3.915008|0.500382|0.783274|0.368916|15.087780|0.003292|0.005170
1872|611|-1|4368|130|124|HOH|4343|810|804|-O--|2828|8|3|1011|4.737845|-0.210855|-0.709927|0.671970|4.033743|0.000356|0.000559
1872|612|-1|4368|124|130|HOH|4343|804|810|-O--|2828|8|3|1011|4.737845|0.210855|0.709927|-0.671970|4.033743|0.000356|0.000559
1872|613|-1|4369|136|125|HOH|4343|816|805|-O--|2828|8|3|1011|2.898074|-0.407373|0.631636|0.659609|3.243314|0.051418|0.080749
1872|614|-1|4369|125|136|HOH|4343|805|816|-O--|2828|8|3|1011|2.898074|0.407373|-0.631636|-0.659609|3.243314|0.051418|0.080749
1872|615|-1|4370|152|125|HOH|4343|833|805|-O--|2828|8|3|1011|4.728315|-0.204216|-0.781885|-0.589026|27.833536|0.000365|0.000574
1872|616|-1|4370|125|152|HOH|4343|805|833|-O--|2828|8|3|1011|4.728315|0.204216|0.781885|0.589026|27.833536|0.000365|0.000574
1872|617|-1|4371|173|126|HOH|4343|854|806|-O--|2828|8|3|1011|2.693462|0.958097|-0.245409|-0.147728|3.013472|0.089389|0.140379
1872|618|-1|4371|126|173|HOH|4343|806|854|-O--|2828|8|3|1011|2.693462|-0.958097|0.245409|0.147728|3.013472|0.089389|0.140379
1872|619|-1|4372|178|126|HOH|4343|859|806|-O--|2828|8|3|1011|2.740936|0.513182|-0.556015|0.653829|15.634733|0.078625|0.123475
1872|620|-1|4372|126|178|HOH|4343|806|859|-O--|2828|8|3|1011|2.740936|-0.513182|0.556015|-0.653829|15.634733|0.078625|0.123475
1872|621|-1|4373|181|126|HOH|4343|862|806|-O--|2828|8|3|1011|4.348701|0.318716|-0.776905|-0.542991|14.399368|0.001020|0.001601
1872|622|-1|4373|126|181|HOH|4343|806|862|-O--|2828|8|3|1011|4.348701|-0.318716|0.776905|0.542991|14.399368|0.001020|0.001601
1872|623|-1|4374|130|126|HOH|4343|810|806|-O--|2828|8|3|1011|3.007227|-0.977645|-0.020459|-0.209266|1.448728|0.038282|0.060119
1872|624|-1|4374|126|130|HOH|4343|806|810|-O--|2828|8|3|1011|3.007227|0.977645|0.020459|0.209266|1.448728|0.038282|0.060119
1872|625|-1|4375|219|130|HOH|4343|900|810|-O--|2828|8|3|1011|4.809454|0.755387|0.410967|0.510388|3.153574|0.000293|0.000461
1872|626|-1|4375|130|219|HOH|4343|810|900|-O--|2828|8|3|1011|4.809454|-0.755387|-0.410967|-0.510388|3.153574|0.000293|0.000461
1872|627|-1|4376|142|131|HOH|4343|823|811|-O--|2828|8|3|1011|4.766604|-0.249989|-0.760080|0.599820|36.223484|0.000330|0.000518
1872|628|-1|4376|131|142|HOH|4343|811|823|-O--|2828|8|3|1011|4.766604|0.249989|0.760080|-0.599820|36.223484|0.000330|0.000518
1872|629|-1|4377|139|135|HOH|4343|819|815|-O--|2828|8|3|1011|4.257399|0.749894|-0.044628|-0.660051|1.964063|0.001305|0.002049
1872|630|-1|4377|135|139|HOH|4343|815|819|-O--|2828|8|3|1011|4.257399|-0.749894|0.044628|0.660051|1.964063|0.001305|0.002049
1872|631|-1|4378|169|135|HOH|4343|850|815|-O--|2828|8|3|1011|3.216115|-0.736417|0.115046|-0.666674|26.365410|0.021767|0.034184
1872|632|-1|4378|135|169|HOH|4343|815|850|-O--|2828|8|3|1011|3.216115|0.736417|-0.115046|0.666674|26.365410|0.021767|0.034184
1872|633|-1|4379|209|142|HOH|4343|890|823|-O--|2828|8|3|1011|4.431476|0.222139|-0.929487|0.294462|12.075062|0.000815|0.001280
1872|634|-1|4379|142|209|HOH|4343|823|890|-O--|2828|8|3|1011|4.431476|-0.222139|0.929487|-0.294462|12.075062|0.000815|0.001280
1872|635|-1|4380|197|142|HOH|4343|878|823|-O--|2828|8|3|1011|4.707322|0.744882|-0.660673|-0.093068|9.272038|0.000387|0.000607
1872|636|-1|4380|142|197|HOH|4343|823|878|-O--|2828|8|3|1011|4.707322|-0.744882|0.660673|0.093068|9.272038|0.000387|0.000607
1872|637|-1|4381|199|142|HOH|4343|880|823|-O--|2828|8|3|1011|4.206123|-0.997973|-0.025677|0.058224|1.015521|0.001499|0.002354
1872|638|-1|4381|142|199|HOH|4343|823|880|-O--|2828|8|3|1011|4.206123|0.997973|0.025677|-0.058224|1.015521|0.001499|0.002354
1872|639|-1|4382|214|142|HOH|4343|895|823|-O--|2828|8|3|1011|4.495172|-0.866618|0.194208|-0.459626|7.026990|0.000686|0.001078
1872|640|-1|4382|142|214|HOH|4343|823|895|-O--|2828|8|3|1011|4.495172|0.866618|-0.194208|0.459626|7.026990|0.000686|0.001078
1872|641|-1|4383|192|142|HOH|4343|873|823|-O--|2828|8|3|1011|3.585013|-0.420807|-0.597487|-0.682591|8.635408|0.008032|0.012613
1872|642|-1|4383|142|192|HOH|4343|823|873|-O--|2828|8|3|1011|3.585013|0.420807|0.597487|0.682591|8.635408|0.008032|0.012613
1872|643|-1|4384|193|143|HOH|4343|874|824|-O--|2828|8|3|1011|4.262673|0.419690|-0.593413|0.686820|4.992485|0.001286|0.002020
1872|644|-1|4384|143|193|HOH|4343|824|874|-O--|2828|8|3|1011|4.262673|-0.419690|0.593413|-0.686820|4.992485|0.001286|0.002020
1872|645|-1|4385|196|145|HOH|4343|877|826|-O--|2828|8|3|1011|2.811098|-0.486287|-0.743313|-0.459360|0.940078|0.065044|0.102147
1872|646|-1|4385|145|196|HOH|4343|826|877|-O--|2828|8|3|1011|2.811098|0.486287|0.743313|0.459360|0.940078|0.065044|0.102147
1872|647|-1|4386|170|147|HOH|4343|851|828|-O--|2828|8|3|1011|4.727640|0.481973|-0.862164|0.156126|7.253224|0.000366|0.000575
1872|648|-1|4386|147|170|HOH|4343|828|851|-O--|2828|8|3|1011|4.727640|-0.481973|0.862164|-0.156126|7.253224|0.000366|0.000575
1872|649|-1|4387|200|150|HOH|4343|881|831|-O--|2828|8|3|1011|2.977880|-0.234865|0.590865|-0.771827|0.395128|0.041442|0.065082
1872|650|-1|4387|150|200|HOH|4343|831|881|-O--|2828|8|3|1011|2.977880|0.234865|-0.590865|0.771827|0.395128|0.041442|0.065082
1872|651|-1|4388|210|152|HOH|4343|891|833|-O--|2828|8|3|1011|3.359616|0.422547|0.636085|0.645639|0.292929|0.014770|0.023195
1872|652|-1|4388|152|210|HOH|4343|833|891|-O--|2828|8|3|1011|3.359616|-0.422547|-0.636085|-0.645639|0.292929|0.014770|0.023195
1872|653|-1|4389|183|152|HOH|4343|864|833|-O--|2828|8|3|1011|4.146104|0.202744|0.089240|0.975157|8.395236|0.001763|0.002768
1872|654|-1|4389|152|183|HOH|4343|833|864|-O--|2828|8|3|1011|4.146104|-0.202744|-0.089240|-0.975157|8.395236|0.001763|0.002768
1872|655|-1|4390|194|152|HOH|4343|875|833|-O--|2828|8|3|1011|2.619358|0.902739|-0.039323|0.428387|2.171294|0.109210|0.171507
1872|656|-1|4390|152|194|HOH|4343|833|875|-O--|2828|8|3|1011|2.619358|-0.902739|0.039323|-0.428387|2.171294|0.109210|0.171507
1872|657|-1|4391|206|152|HOH|4343|887|833|-O--|2828|8|3|1011|2.790838|-0.320906|-0.307435|0.895825|3.553224|0.068705|0.107896
1872|658|-1|4391|152|206|HOH|4343|833|887|-O--|2828|8|3|1011|2.790838|0.320906|0.307435|-0.895825|3.553224|0.068705|0.107896
1872|659|-1|4392|195|152|HOH|4343|876|833|-O--|2828|8|3|1011|4.047344|-0.831063|0.545543|0.108245|37.768559|0.002302|0.003615
1872|660|-1|4392|152|195|HOH|4343|833|876|-O--|2828|8|3|1011|4.047344|0.831063|-0.545543|-0.108245|37.768559|0.002302|0.003615
1872|661|-1|4393|168|154|HOH|4343|849|835|-O--|2828|8|3|1011|4.058555|0.161289|-0.446957|-0.879895|31.456787|0.002233|0.003508
1872|662|-1|4393|154|168|HOH|4343|835|849|-O--|2828|8|3|1011|4.058555|-0.161289|0.446957|0.879895|31.456787|0.002233|0.003508
1872|663|-1|4394|217|154|HOH|4343|898|835|-O--|2828|8|3|1011|2.658119|0.774457|-0.406678|-0.484591|8.065921|0.098348|0.154449
1872|664|-1|4394|154|217|HOH|4343|835|898|-O--|2828|8|3|1011|2.658119|-0.774457|0.406678|0.484591|8.065921|0.098348|0.154449
1872|665|-1|4395|168|155|HOH|4343|849|836|-O--|2828|8|3|1011|4.965739|-0.223613|0.018728|-0.974498|11.142711|0.000192|0.000302
1872|666|-1|4395|155|168|HOH|4343|836|849|-O--|2828|8|3|1011|4.965739|0.223613|-0.018728|0.974498|11.142711|0.000192|0.000302
1872|667|-1|4396|217|155|HOH|4343|898|836|-O--|2828|8|3|1011|2.702247|0.108650|0.305672|-0.945918|2.316888|0.087291|0.137085
1872|668|-1|4396|155|217|HOH|4343|836|898|-O--|2828|8|3|1011|2.702247|-0.108650|-0.305672|0.945918|2.316888|0.087291|0.137085
1872|669|-1|4397|170|156|HOH|4343|851|837|-O--|2828|8|3|1011|4.583115|-0.027580|0.552463|0.833081|10.152638|0.000541|0.000850
1872|670|-1|4397|156|170|HOH|4343|837|851|-O--|2828|8|3|1011|4.583115|0.027580|-0.552463|-0.833081|10.152638|0.000541|0.000850
1872|671|-1|4398|157|156|HOH|4343|838|837|-O--|2828|8|3|1011|2.541497|0.107653|-0.103089|0.988829|1.066282|0.134789|0.211677
1872|672|-1|4398|156|157|HOH|4343|837|838|-O--|2828|8|3|1011|2.541497|-0.107653|0.103089|-0.988829|1.066282|0.134789|0.211677
1872|673|-1|4399|201|156|HOH|4343|882|837|-O--|2828|8|3|1011|4.874610|-0.009191|-0.510508|-0.859824|30.791569|0.000246|0.000386
1872|674|-1|4399|156|201|HOH|4343|837|882|-O--|2828|8|3|1011|4.874610|0.009191|0.510508|0.859824|30.791569|0.000246|0.000386
1872|675|-1|4400|172|156|HOH|4343|853|837|-O--|2828|8|3|1011|4.450500|-0.443096|-0.477143|0.758947|5.330895|0.000774|0.001216
1872|676|-1|4400|156|172|HOH|4343|837|853|-O--|2828|8|3|1011|4.450500|0.443096|0.477143|-0.758947|5.330895|0.000774|0.001216
1872|677|-1|4401|173|156|HOH|4343|854|837|-O--|2828|8|3|1011|4.921455|-0.558859|0.255209|0.789015|6.771287|0.000217|0.000341
1872|678|-1|4401|156|173|HOH|4343|837|854|-O--|2828|8|3|1011|4.921455|0.558859|-0.255209|-0.789015|6.771287|0.000217|0.000341
1872|679|-1|4402|181|156|HOH|4343|862|837|-O--|2828|8|3|1011|4.624317|-0.853099|-0.316052|0.415131|20.453138|0.000484|0.000760
1872|680|-1|4402|156|181|HOH|4343|837|862|-O--|2828|8|3|1011|4.624317|0.853099|0.316052|-0.415131|20.453138|0.000484|0.000760
1872|681|-1|4403|163|157|HOH|4343|844|838|-O--|2828|8|3|1011|3.741099|0.128733|-0.785598|-0.605197|7.266016|0.005267|0.008272
1872|682|-1|4403|157|163|HOH|4343|838|844|-O--|2828|8|3|1011|3.741099|-0.128733|0.785598|0.605197|7.266016|0.005267|0.008272
1872|683|-1|4404|172|157|HOH|4343|853|838|-O--|2828|8|3|1011|3.042286|0.738129|0.611883|0.284192|3.930634|0.034821|0.054684
1872|684|-1|4404|157|172|HOH|4343|838|853|-O--|2828|8|3|1011|3.042286|-0.738129|-0.611883|-0.284192|3.930634|0.034821|0.054684
1872|685|-1|4405|181|157|HOH|4343|862|838|-O--|2828|8|3|1011|4.425785|0.953187|0.271031|-0.134080|18.026703|0.000828|0.001300
1872|686|-1|4405|157|181|HOH|4343|838|862|-O--|2828|8|3|1011|4.425785|-0.953187|-0.271031|0.134080|18.026703|0.000828|0.001300
1872|687|-1|4406|216|157|HOH|4343|897|838|-O--|2828|8|3|1011|4.025107|0.181014|-0.982334|-0.047477|7.486633|0.002445|0.003839
1872|688|-1|4406|157|216|HOH|4343|838|897|-O--|2828|8|3|1011|4.025107|-0.181014|0.982334|0.047477|7.486633|0.002445|0.003839
1872|689|-1|4407|188|157|HOH|4343|869|838|-O--|2828|8|3|1011|4.957414|-0.457981|-0.645296|-0.611429|6.221154|0.000197|0.000309
1872|690|-1|4407|157|188|HOH|4343|838|869|-O--|2828|8|3|1011|4.957414|0.457981|0.645296|0.611429|6.221154|0.000197|0.000309
1872|691|-1|4408|169|158|HOH|4343|850|839|-O--|2828|8|3|1011|4.767079|0.008936|0.753082|-0.657866|6.275926|0.000329|0.000517
1872|692|-1|4408|158|169|HOH|4343|839|850|-O--|2828|8|3|1011|4.767079|-0.008936|-0.753082|0.657866|6.275926|0.000329|0.000517
1872|693|-1|4409|217|159|HOH|4343|898|840|-O--|2828|8|3|1011|3.553025|-0.772413|-0.454261|-0.443876|10.333327|0.008757|0.013752
1872|694|-1|4409|159|217|HOH|4343|840|898|-O--|2828|8|3|1011|3.553025|0.772413|0.454261|0.443876|10.333327|0.008757|0.013752
1872|695|-1|4410|203|160|HOH|4343|884|841|-O--|2828|8|3|1011|4.274904|-0.426910|0.903769|0.030806|9.005569|0.001245|0.001955
1872|696|-1|4410|160|203|HOH|4343|841|884|-O--|2828|8|3|1011|4.274904|0.426910|-0.903769|-0.030806|9.005569|0.001245|0.001955
1872|697|-1|4411|211|162|HOH|4343|892|843|-O--|2828|8|3|1011|4.236960|0.317350|-0.337978|0.886036|11.854655|0.001379|0.002166
1872|698|-1|4411|162|211|HOH|4343|843|892|-O--|2828|8|3|1011|4.236960|-0.317350|0.337978|-0.886036|11.854655|0.001379|0.002166
1872|699|-1|4412|170|163|HOH|4343|851|844|-O--|2828|8|3|1011|3.572983|0.022838|-0.040582|0.998915|20.303530|0.008297|0.013030
1872|700|-1|4412|163|170|HOH|4343|844|851|-O--|2828|8|3|1011|3.572983|-0.022838|0.040582|-0.998915|20.303530|0.008297|0.013030
1872|701|-1|4413|173|163|HOH|4343|854|844|-O--|2828|8|3|1011|4.657224|-0.545905|-0.305117|0.780315|15.528768|0.000443|0.000696
1872|702|-1|4413|163|173|HOH|4343|844|854|-O--|2828|8|3|1011|4.657224|0.545905|0.305117|-0.780315|15.528768|0.000443|0.000696
1872|703|-1|4414|189|170|HOH|4343|870|851|-O--|2828|8|3|1011|4.359011|-0.058821|-0.797887|-0.599930|2.631805|0.000992|0.001557
1872|704|-1|4414|170|189|HOH|4343|851|870|-O--|2828|8|3|1011|4.359011|0.058821|0.797887|0.599930|2.631805|0.000992|0.001557
1872|705|-1|4415|216|170|HOH|4343|897|851|-O--|2828|8|3|1011|1.921431|0.171018|-0.603717|-0.778639|0.612216|0.720225|1.131065
1872|706|-1|4415|170|216|HOH|4343|851|897|-O--|2828|8|3|1011|1.921431|-0.171018|0.603717|0.778639|0.612216|0.720225|1.131065
1872|707|-1|4416|178|172|HOH|4343|859|853|-O--|2828|8|3|1011|4.172529|0.467918|0.603118|-0.645989|19.678284|0.001641|0.002578
1872|708|-1|4416|172|178|HOH|4343|853|859|-O--|2828|8|3|1011|4.172529|-0.467918|-0.603118|0.645989|19.678284|0.001641|0.002578
1872|709|-1|4417|173|172|HOH|4343|854|853|-O--|2828|8|3|1011|3.504644|0.222106|0.964299|-0.144211|1.037133|0.009980|0.015673
1872|710|-1|4417|172|173|HOH|4343|853|854|-O--|2828|8|3|1011|3.504644|-0.222106|-0.964299|0.144211|1.037133|0.009980|0.015673
1872|711|-1|4418|180|172|HOH|4343|861|853|-O--|2828|8|3|1011|3.318135|0.418428|-0.099898|-0.902739|6.230717|0.016522|0.025947
1872|712|-1|4418|172|180|HOH|4343|853|861|-O--|2828|8|3|1011|3.318135|-0.418428|0.099898|0.902739|6.230717|0.016522|0.025947
1872|713|-1|4419|181|173|HOH|4343|862|854|-O--|2828|8|3|1011|3.559071|0.335649|0.763549|-0.551664|9.544720|0.008615|0.013529
1872|714|-1|4419|173|181|HOH|4343|854|862|-O--|2828|8|3|1011|3.559071|-0.335649|-0.763549|0.551664|9.544720|0.008615|0.013529
1872|715|-1|4420|216|173|HOH|4343|897|854|-O--|2828|8|3|1011|3.693236|-0.621515|-0.659584|-0.422692|1.624911|0.005995|0.009415
1872|716|-1|4420|173|216|HOH|4343|854|897|-O--|2828|8|3|1011|3.693236|0.621515|0.659584|0.422692|1.624911|0.005995|0.009415
1872|717|-1|4421|181|178|HOH|4343|862|859|-O--|2828|8|3|1011|4.548679|0.004529|0.407706|-0.913102|45.314941|0.000594|0.000933
1872|718|-1|4421|178|181|HOH|4343|859|862|-O--|2828|8|3|1011|4.548679|-0.004529|-0.407706|0.913102|45.314941|0.000594|0.000933
1872|719|-1|4422|181|180|HOH|4343|862|861|-O--|2828|8|3|1011|4.600173|0.127082|-0.215965|-0.968096|22.012390|0.000517|0.000811
1872|720|-1|4422|180|181|HOH|4343|861|862|-O--|2828|8|3|1011|4.600173|-0.127082|0.215965|0.968096|22.012390|0.000517|0.000811
1872|721|-1|4423|195|182|HOH|4343|876|863|-O--|2828|8|3|1011|4.830252|-0.417286|-0.474716|0.774930|34.679077|0.000277|0.000436
1872|722|-1|4423|182|195|HOH|4343|863|876|-O--|2828|8|3|1011|4.830252|0.417286|0.474716|-0.774930|34.679077|0.000277|0.000436
1872|723|-1|4424|212|184|HOH|4343|893|865|-O--|2828|8|3|1011|4.909719|0.818703|-0.103468|0.564819|60.315090|0.000224|0.000352
1872|724|-1|4424|184|212|HOH|4343|865|893|-O--|2828|8|3|1011|4.909719|-0.818703|0.103468|-0.564819|60.315090|0.000224|0.000352
1872|725|-1|4425|209|187|HOH|4343|890|868|-O--|2828|8|3|1011|4.554954|0.553332|-0.501871|-0.664792|39.437778|0.000584|0.000917
1872|726|-1|4425|187|209|HOH|4343|868|890|-O--|2828|8|3|1011|4.554954|-0.553332|0.501871|0.664792|39.437778|0.000584|0.000917
1872|727|-1|4426|213|187|HOH|4343|894|868|-O--|2828|8|3|1011|4.593014|-0.584278|-0.650771|-0.484888|26.100138|0.000527|0.000827
1872|728|-1|4426|187|213|HOH|4343|868|894|-O--|2828|8|3|1011|4.593014|0.584278|0.650771|0.484888|26.100138|0.000527|0.000827
1872|729|-1|4427|209|191|HOH|4343|890|872|-O--|2828|8|3|1011|3.223265|-0.789137|-0.495460|-0.363017|1.902454|0.021351|0.033530
1872|730|-1|4427|191|209|HOH|4343|872|890|-O--|2828|8|3|1011|3.223265|0.789137|0.495460|0.363017|1.902454|0.021351|0.033530
1872|731|-1|4428|197|191|HOH|4343|878|872|-O--|2828|8|3|1011|2.971930|-0.007268|-0.197851|-0.980205|0.100219|0.042114|0.066137
1872|732|-1|4428|191|197|HOH|4343|872|878|-O--|2828|8|3|1011|2.971930|0.007268|0.197851|0.980205|0.100219|0.042114|0.066137
1872|733|-1|4429|199|195|HOH|4343|880|876|-O--|2828|8|3|1011|4.639825|0.019915|0.360358|-0.932601|14.431647|0.000464|0.000729
1872|734|-1|4429|195|199|HOH|4343|876|880|-O--|2828|8|3|1011|4.639825|-0.019915|-0.360358|0.932601|14.431647|0.000464|0.000729
1872|735|-1|4430|213|195|HOH|4343|894|876|-O--|2828|8|3|1011|3.916678|0.017975|-0.776679|-0.629640|9.572256|0.003277|0.005147
1872|736|-1|4430|195|213|HOH|4343|876|894|-O--|2828|8|3|1011|3.916678|-0.017975|0.776679|0.629640|9.572256|0.003277|0.005147
1872|737|-1|4431|212|197|HOH|4343|893|878|-O--|2828|8|3|1011|4.387266|0.289110|-0.815998|0.500563|4.141209|0.000919|0.001443
1872|738|-1|4431|197|212|HOH|4343|878|893|-O--|2828|8|3|1011|4.387266|-0.289110|0.815998|-0.500563|4.141209|0.000919|0.001443
1872|739|-1|4432|200|198|HOH|4343|881|879|-O--|2828|8|3|1011|2.213296|0.887183|0.018762|-0.461036|8.903276|0.327255|0.513931
1872|740|-1|4432|198|200|HOH|4343|879|881|-O--|2828|8|3|1011|2.213296|-0.887183|-0.018762|0.461036|8.903276|0.327255|0.513931
1872|741|-1|4433|214|198|HOH|4343|895|879|-O--|2828|8|3|1011|4.639391|-0.285813|0.810133|0.511855|4.958324|0.000465|0.000730
1872|742|-1|4433|198|214|HOH|4343|879|895|-O--|2828|8|3|1011|4.639391|0.285813|-0.810133|-0.511855|4.958324|0.000465|0.000730
1872|743|-1|4434|217|202|HOH|4343|898|883|-O--|2828|8|3|1011|4.776316|0.089525|0.760628|-0.642986|1.983423|0.000321|0.000504
1872|744|-1|4434|202|217|HOH|4343|883|898|-O--|2828|8|3|1011|4.776316|-0.089525|-0.760628|0.642986|1.983423|0.000321|0.000504
1872|745|-1|4435|208|203|HOH|4343|889|884|-O--|2828|8|3|1011|4.680424|0.071147|-0.983143|-0.168426|45.706448|0.000416|0.000653
1872|746|-1|4435|203|208|HOH|4343|884|889|-O--|2828|8|3|1011|4.680424|-0.071147|0.983143|0.168426|45.706448|0.000416|0.000653
1872|747|-1|4436|212|209|HOH|4343|893|890|-O--|2828|8|3|1011|4.778675|-0.262332|-0.960308|0.094818|6.505824|0.000319|0.000501
1872|748|-1|4436|209|212|HOH|4343|890|893|-O--|2828|8|3|1011|4.778675|0.262332|0.960308|-0.094818|6.505824|0.000319|0.000501
1872|749|-1|4437|217|211|HOH|4343|898|892|-O--|2828|8|3|1011|3.820471|-0.836127|0.294466|-0.462797|3.200035|0.004250|0.006675
1872|750|-1|4437|211|217|HOH|4343|892|898|-O--|2828|8|3|1011|3.820471|0.836127|-0.294466|0.462797|3.200035|0.004250|0.006675
