1872|0|0|1|-N--|N_|7|1| |1.000000|14.120000|0.000000|000|12.155102|-1.000000|-1.000000|0.000000|-1|0
1872|0|1|2|-CA-|C_|6|2| |1.000000|15.140000|0.000000|000|11.984130|-1.000000|-1.000000|0.000000|-1|0
1872|0|2|3|-C--|C_|6|3| |1.000000|15.380000|0.000000|000|10.878561|-1.000000|-1.000000|0.000000|-1|0
1872|0|3|4|-O--|O_|8|4| |1.000000|13.530000|0.000000|000|9.967968|-1.000000|-1.000000|0.000000|-1|0
1872|0|4|5|-CB-|C_|6|5| |1.000000|16.920000|0.000000|000|11.785318|-1.000000|-1.000000|0.000000|-1|0
1872|0|5|6|-CG1|C_|6|6| |1.000000|15.550000|0.000000|000|10.529846|-1.000000|-1.000000|0.000000|-1|0
1872|0|6|6|-CG2|C_|6|7| |1.000000|20.370001|0.000000|000|11.930123|-1.000000|-1.000000|0.000000|-1|0
1872|1|7|1|-N--|N_|7|8| |1.000000|14.090000|0.000000|000|11.136444|-1.000000|-1.000000|0.000000|-1|0
1872|1|8|2|-CA-|C_|6|9| |1.000000|15.410000|0.000000|000|10.481371|-1.000000|-1.000000|0.000000|-1|0
1872|1|9|3|-C--|C_|6|10| |1.000000|13.000000|0.000000|000|9.636056|-1.000000|-1.000000|0.000000|-1|0
1872|1|10|4|-O--|O_|8|11| |1.000000|12.190000|0.000000|000|10.169268|-1.000000|-1.000000|0.000000|-1|0
1872|1|11|5|-CB-|C_|6|12| |1.000000|16.059999|0.000000|000|11.626060|-1.000000|-1.000000|0.000000|-1|0
1872|1|12|6|-CG-|C_|6|13| |1.000000|21.889999|0.000000|000|12.457629|-1.000000|-1.000000|0.000000|-1|0
1872|1|13|10|-OD1|O_|8|14| |1.000000|22.570000|0.000000|000|12.313557|-1.000000|-1.000000|0.000000|-1|0
1872|1|14|10|-OD2|O_|8|15| |1.000000|29.920000|0.000000|000|13.523112|-1.000000|-1.000000|0.000000|-1|0
1872|2|15|1|-N--|N_|7|16| |1.000000|9.270000|0.000000|000|8.490465|-1.000000|-1.000000|0.000000|-1|0
1872|2|16|2|-CA-|C_|6|17| |1.000000|9.320000|0.000000|000|7.840335|-1.000000|-1.000000|0.000000|-1|0
1872|2|17|3|-C--|C_|6|18| |1.000000|9.690000|0.000000|000|8.053888|-1.000000|-1.000000|0.000000|-1|0
1872|2|18|4|-O--|O_|8|19| |1.000000|10.740000|0.000000|000|7.609549|-1.000000|-1.000000|0.000000|-1|0
1872|2|19|5|-CB-|C_|6|20| |1.000000|8.890000|0.000000|000|6.421803|-1.000000|-1.000000|0.000000|-1|0
1872|2|20|6|-CG1|C_|6|21| |1.000000|10.410000|0.000000|000|5.929463|-1.000000|-1.000000|0.000000|-1|0
1872|2|21|6|-CG2|C_|6|22| |1.000000|10.840000|0.000000|000|6.681468|-1.000000|-1.000000|0.000000|-1|0
1872|3|22|1|-N--|N_|7|23| |1.000000|7.840000|0.000000|000|8.915488|-1.000000|-1.000000|0.000000|-1|0
1872|3|23|2|-CA-|C_|6|24| |1.000000|8.320000|0.000000|000|9.386032|-1.000000|-1.000000|0.000000|-1|0
1872|3|24|3|-C--|C_|6|25| |1.000000|7.310000|0.000000|000|8.627710|-1.000000|-1.000000|0.000000|-1|0
1872|3|25|4|-O--|O_|8|26| |1.000000|9.320000|0.000000|000|8.178747|-1.000000|-1.000000|0.000000|-1|0
1872|3|26|5|-CB-|C_|6|27| |1.000000|7.680000|0.000000|000|10.831724|-1.000000|-1.000000|0.000000|-1|0
1872|3|27|6|-CG-|C_|6|28| |1.000000|11.670000|0.000000|000|11.814846|-1.000000|-1.000000|0.000000|-1|0
1872|3|28|6|-CD1|C_|6|29| |1.000000|16.209999|0.000000|000|13.172703|-1.000000|-1.000000|0.000000|-1|0
1872|3|29|6|-CD2|C_|6|30| |1.000000|16.860001|0.000000|000|12.033002|-1.000000|-1.000000|0.000000|-1|0
1872|4|30|1|-N--|N_|7|31| |1.000000|8.050000|0.000000|000|8.849609|-1.000000|-1.000000|0.000000|-1|0
1872|4|31|2|-CA-|C_|6|32| |1.000000|7.960000|0.000000|000|8.590160|-1.000000|-1.000000|0.000000|-1|0
1872|4|32|3|-C--|C_|6|33| |1.000000|8.370000|0.000000|000|10.015862|-1.000000|-1.000000|0.000000|-1|0
1872|4|33|4|-O--|O_|8|34| |1.000000|7.650000|0.000000|000|10.938890|-1.000000|-1.000000|0.000000|-1|0
1872|4|34|5|-CB-|C_|6|35| |1.000000|8.890000|0.000000|000|8.265011|-1.000000|-1.000000|0.000000|-1|0
1872|4|35|6|-CG-|C_|6|36| |1.000000|7.220000|0.000000|000|7.204863|-1.000000|-1.000000|0.000000|-1|0
1872|4|36|6|-CD1|C_|6|37| |1.000000|10.310000|0.000000|000|7.422162|-1.000000|-1.000000|0.000000|-1|0
1872|4|37|6|-CD2|C_|6|38| |1.000000|7.640000|0.000000|000|5.853575|-1.000000|-1.000000|0.000000|-1|0
1872|5|38|1|-N--|N_|7|39| |1.000000|7.890000|0.000000|000|10.327669|-1.000000|-1.000000|0.000000|-1|0
1872|5|39|2|-CA-|C_|6|40| |1.000000|6.710000|0.000000|000|11.723354|-1.000000|-1.000000|0.000000|-1|0
1872|5|40|3|-C--|C_|6|41| |1.000000|9.280000|0.000000|000|12.462526|-1.000000|-1.000000|0.000000|-1|0
1872|5|41|4|-O--|O_|8|42| |1.000000|9.240000|0.000000|000|12.377088|-1.000000|-1.000000|0.000000|-1|0
1872|6|42|1|-N--|N_|7|43| |1.000000|9.720000|0.000000|000|13.296072|-1.000000|-1.000000|0.000000|-1|0
1872|6|43|2|-CA-|C_|6|44| |1.000000|8.500000|0.000000|000|14.247066|-1.000000|-1.000000|0.000000|-1|0
1872|6|44|3|-C--|C_|6|45| |1.000000|9.200000|0.000000|000|15.495317|-1.000000|-1.000000|0.000000|-1|0
1872|6|45|4|-O--|O_|8|46| |1.000000|10.550000|0.000000|000|15.792722|-1.000000|-1.000000|0.000000|-1|0
1872|6|46|5|-CB-|C_|6|47| |1.000000|12.720000|0.000000|000|14.751719|-1.000000|-1.000000|0.000000|-1|0
1872|7|47|1|-N--|N_|7|48| |1.000000|10.320000|0.000000|000|16.276651|-1.000000|-1.000000|0.000000|-1|0
1872|7|48|2|-CA-|C_|6|49| |1.000000|12.620000|0.000000|000|17.497744|-1.000000|-1.000000|0.000000|-1|0
1872|7|49|3|-C--|C_|6|50| |1.000000|11.450000|0.000000|000|18.458542|-1.000000|-1.000000|0.000000|-1|0
1872|7|50|4|-O--|O_|8|51| |1.000000|12.120000|0.000000|000|19.315971|-1.000000|-1.000000|0.000000|-1|0
1872|7|51|5|-CB-|C_|6|52| |1.000000|15.090000|0.000000|000|18.342859|-1.000000|-1.000000|0.000000|-1|0
1872|7|52|6|-CG-|C_|6|53| |1.000000|19.200001|0.000000|000|17.855272|-1.000000|-1.000000|0.000000|-1|0
1872|7|53|10|-OD1|O_|8|54| |1.000000|16.700001|0.000000|000|16.920254|-1.000000|-1.000000|0.000000|-1|0
1872|7|54|10|-OD2|O_|8|55| |1.000000|22.299999|0.000000|000|18.616423|-1.000000|-1.000000|0.000000|-1|0
1872|8|55|1|-N--|N_|7|56| |1.000000|11.300000|0.000000|000|18.427349|-1.000000|-1.000000|0.000000|-1|0
1872|8|56|2|-CA-|C_|6|57| |1.000000|10.930000|0.000000|000|19.400646|-1.000000|-1.000000|0.000000|-1|0
1872|8|57|3|-C--|C_|6|58| |1.000000|9.590000|0.000000|000|19.009634|-1.000000|-1.000000|0.000000|-1|0
1872|8|58|4|-O--|O_|8|59| |1.000000|10.610000|0.000000|000|19.835232|-1.000000|-1.000000|0.000000|-1|0
1872|8|59|5|-CB-|C_|6|60| |1.000000|13.910000|0.000000|000|19.968689|-1.000000|-1.000000|0.000000|-1|0
1872|8|60|6|-CG-|C_|6|61| |1.000000|15.040000|0.000000|000|19.071045|-1.000000|-1.000000|0.000000|-1|0
1872|8|61|10|-OD1|O_|8|62| |1.000000|14.510000|0.000000|000|17.904516|-1.000000|-1.000000|0.000000|-1|0
1872|8|62|10|-OD2|O_|8|63| |1.000000|21.820000|0.000000|000|19.612312|-1.000000|-1.000000|0.000000|-1|0
1872|9|63|1|-N--|N_|7|64| |1.000000|9.280000|0.000000|000|17.916920|-1.000000|-1.000000|0.000000|-1|0
1872|9|64|2|-CA-|C_|6|65| |1.000000|10.110000|0.000000|000|17.612556|-1.000000|-1.000000|0.000000|-1|0
1872|9|65|3|-C--|C_|6|66| |1.000000|11.100000|0.000000|000|16.807817|-1.000000|-1.000000|0.000000|-1|0
1872|9|66|4|-O--|O_|8|67| |1.000000|10.870000|0.000000|000|16.617056|-1.000000|-1.000000|0.000000|-1|0
1872|10|67|1|-N--|N_|7|68| |1.000000|10.700000|0.000000|000|16.467665|-1.000000|-1.000000|0.000000|-1|0
1872|10|68|2|-CA-|C_|6|69| |1.000000|12.140000|0.000000|000|15.799470|-1.000000|-1.000000|0.000000|-1|0
1872|10|69|3|-C--|C_|6|70| |1.000000|8.540000|0.000000|000|14.385396|-1.000000|-1.000000|0.000000|-1|0
1872|10|70|4|-O--|O_|8|71| |1.000000|9.130000|0.000000|000|13.668812|-1.000000|-1.000000|0.000000|-1|0
1872|10|71|5|-CB-|C_|6|72| |1.000000|12.480000|0.000000|000|15.747808|-1.000000|-1.000000|0.000000|-1|0
1872|10|72|17|-OG-|O_|8|73| |1.000000|20.150000|0.000000|000|16.975672|-1.000000|-1.000000|0.000000|-1|0
1872|11|73|1|-N--|N_|7|74| |1.000000|8.100000|0.000000|000|14.065078|-1.000000|-1.000000|0.000000|-1|0
1872|11|74|2|-CA-|C_|6|75| |1.000000|8.290000|0.000000|000|12.801300|-1.000000|-1.000000|0.000000|-1|0
1872|11|75|3|-C--|C_|6|76| |1.000000|5.590000|0.000000|000|11.815428|-1.000000|-1.000000|0.000000|-1|0
1872|11|76|4|-O--|O_|8|77| |1.000000|9.460000|0.000000|000|11.766587|-1.000000|-1.000000|0.000000|-1|0
1872|11|77|5|-CB-|C_|6|78| |1.000000|7.800000|0.000000|000|13.181191|-1.000000|-1.000000|0.000000|-1|0
1872|11|78|6|-CG-|C_|6|79| |1.000000|11.780000|0.000000|000|14.353985|-1.000000|-1.000000|0.000000|-1|0
1872|11|79|6|-CD1|C_|6|80| |1.000000|15.050000|0.000000|000|14.772848|-1.000000|-1.000000|0.000000|-1|0
1872|11|80|6|-CD2|C_|6|81| |1.000000|12.260000|0.000000|000|14.159564|-1.000000|-1.000000|0.000000|-1|0
1872|12|81|1|-N--|N_|7|82| |1.000000|8.480000|0.000000|000|11.273565|-1.000000|-1.000000|0.000000|-1|0
1872|12|82|2|-CA-|C_|6|83| |1.000000|7.270000|0.000000|000|10.570033|-1.000000|-1.000000|0.000000|-1|0
1872|12|83|3|-C--|C_|6|84| |1.000000|7.070000|0.000000|000|9.406584|-1.000000|-1.000000|0.000000|-1|0
1872|12|84|4|-O--|O_|8|85| |1.000000|8.450000|0.000000|000|9.734408|-1.000000|-1.000000|0.000000|-1|0
1872|12|85|5|-CB-|C_|6|86| |1.000000|8.280000|0.000000|000|11.636095|-1.000000|-1.000000|0.000000|-1|0
1872|13|86|1|-N--|N_|7|87| |1.000000|7.130000|0.000000|000|8.353602|-1.000000|-1.000000|0.000000|-1|0
1872|13|87|2|-CA-|C_|6|88| |1.000000|6.710000|0.000000|000|7.603429|-1.000000|-1.000000|0.000000|-1|0
1872|13|88|3|-C--|C_|6|89| |1.000000|8.140000|0.000000|000|8.636040|-1.000000|-1.000000|0.000000|-1|0
1872|13|89|4|-O--|O_|8|90| |1.000000|9.040000|0.000000|000|9.387583|-1.000000|-1.000000|0.000000|-1|0
1872|13|90|5|-CB-|C_|6|91| |1.000000|20.000000|0.000000|000|6.308678|-1.000000|-1.000000|0.000000|-1|0
1872|13|91|12|-CG-|C_|6|92| |1.000000|20.000000|0.000000|000|5.302737|-1.000000|-1.000000|0.000000|-1|0
1872|13|92|12|-CD1|C_|6|93| |1.000000|20.000000|0.000000|000|4.581885|-1.000000|-1.000000|0.000000|-1|0
1872|13|93|12|-CD2|C_|6|94| |1.000000|20.000000|0.000000|000|5.498947|-1.000000|-1.000000|0.000000|-1|0
1872|13|94|12|-CE1|C_|6|95| |1.000000|20.000000|0.000000|000|4.026063|-1.000000|-1.000000|0.000000|-1|0
1872|13|95|12|-CE2|C_|6|96| |1.000000|20.000000|0.000000|000|5.045162|-1.000000|-1.000000|0.000000|-1|0
1872|13|96|12|-CZ-|C_|6|97| |1.000000|20.000000|0.000000|000|4.294709|-1.000000|-1.000000|0.000000|-1|0
1872|14|97|1|-N--|N_|7|98| |1.000000|8.210000|0.000000|000|8.986043|-1.000000|-1.000000|0.000000|-1|0
1872|14|98|2|-CA-|C_|6|99| |1.000000|7.650000|0.000000|000|10.118029|-1.000000|-1.000000|0.000000|-1|0
1872|14|99|3|-C--|C_|6|100| |1.000000|7.240000|0.000000|000|9.830984|-1.000000|-1.000000|0.000000|-1|0
1872|14|100|4|-O--|O_|8|101| |1.000000|8.520000|0.000000|000|9.797845|-1.000000|-1.000000|0.000000|-1|0
1872|14|101|5|-CB-|C_|6|102| |1.000000|7.930000|0.000000|000|11.294101|-1.000000|-1.000000|0.000000|-1|0
1872|14|102|6|-CG1|C_|6|103| |1.000000|9.010000|0.000000|000|12.580813|-1.000000|-1.000000|0.000000|-1|0
1872|14|103|6|-CG2|C_|6|104| |1.000000|7.140000|0.000000|000|11.615144|-1.000000|-1.000000|0.000000|-1|0
1872|15|104|1|-N--|N_|7|105| |1.000000|8.710000|0.000000|000|9.867826|-1.000000|-1.000000|0.000000|-1|0
1872|15|105|2|-CA-|C_|6|106| |1.000000|7.270000|0.000000|000|10.292713|-1.000000|-1.000000|0.000000|-1|0
1872|15|106|3|-C--|C_|6|107| |1.000000|8.050000|0.000000|000|9.308097|-1.000000|-1.000000|0.000000|-1|0
1872|15|107|4|-O--|O_|8|108| |1.000000|10.060000|0.000000|000|8.084241|-1.000000|-1.000000|0.000000|-1|0
1872|15|108|5|-CB-|C_|6|109| |1.000000|9.060000|0.000000|000|10.915398|-1.000000|-1.000000|0.000000|-1|0
1872|15|109|6|-CG-|C_|6|110| |1.000000|13.320000|0.000000|000|10.409266|-1.000000|-1.000000|0.000000|-1|0
1872|15|110|6|-CD-|C_|6|111| |1.000000|7.550000|0.000000|000|9.935731|-1.000000|-1.000000|0.000000|-1|0
1872|16|111|1|-N--|N_|7|112| |1.000000|7.890000|0.000000|000|9.984885|-1.000000|-1.000000|0.000000|-1|0
1872|16|112|2|-CA-|C_|6|113| |1.000000|8.380000|0.000000|000|9.492772|-1.000000|-1.000000|0.000000|-1|0
1872|16|113|3|-C--|C_|6|114| |1.000000|8.310000|0.000000|000|9.309859|-1.000000|-1.000000|0.000000|-1|0
1872|16|114|4|-O--|O_|8|115| |1.000000|10.970000|0.000000|000|8.687716|-1.000000|-1.000000|0.000000|-1|0
1872|16|115|5|-CB-|C_|6|116| |1.000000|10.230000|0.000000|000|10.677901|-1.000000|-1.000000|0.000000|-1|0
1872|16|116|17|-OG-|O_|8|117| |1.000000|11.850000|0.000000|000|10.722392|-1.000000|-1.000000|0.000000|-1|0
1872|17|117|1|-N--|N_|7|118| |1.000000|8.190000|0.000000|000|10.196530|-1.000000|-1.000000|0.000000|-1|0
1872|17|118|2|-CA-|C_|6|119|A|0.500000|8.430000|0.000000|000|10.465194|-1.000000|-1.000000|0.000000|-1|0
1872|17|119|2|-CA-|C_|6|120|B|0.500000|8.270000|0.000000|000|10.313689|-1.000000|-1.000000|0.000000|-1|0
1872|17|120|3|-C--|C_|6|121| |1.000000|9.380000|0.000000|000|10.927000|-1.000000|-1.000000|0.000000|-1|0
1872|17|121|4|-O--|O_|8|122| |1.000000|10.850000|0.000000|000|11.693673|-1.000000|-1.000000|0.000000|-1|0
1872|17|122|5|-CB-|C_|6|123|A|0.500000|8.810000|0.000000|000|11.733447|-1.000000|-1.000000|0.000000|-1|0
1872|17|123|5|-CB-|C_|6|124|B|0.500000|10.920000|0.000000|000|11.273083|-1.000000|-1.000000|0.000000|-1|0
1872|17|124|6|-CG-|C_|6|125|A|0.500000|10.210000|0.000000|000|12.080362|-1.000000|-1.000000|0.000000|-1|0
1872|17|125|6|-CG-|C_|6|126|B|0.500000|9.550000|0.000000|000|11.834738|-1.000000|-1.000000|0.000000|-1|0
1872|17|126|6|-CD-|C_|6|127|A|0.500000|9.330000|0.000000|000|12.893706|-1.000000|-1.000000|0.000000|-1|0
1872|17|127|6|-CD-|C_|6|128|B|0.500000|11.740000|0.000000|000|13.113363|-1.000000|-1.000000|0.000000|-1|0
1872|17|128|10|-OE1|O_|8|129|A|0.500000|7.590000|0.000000|000|13.441694|-1.000000|-1.000000|0.000000|-1|0
1872|17|129|10|-OE1|O_|8|130|B|0.500000|17.629999|0.000000|000|13.144569|-1.000000|-1.000000|0.000000|-1|0
1872|17|130|10|-OE2|O_|8|131|A|0.500000|8.690000|0.000000|000|13.062230|-1.000000|-1.000000|0.000000|-1|0
1872|17|131|10|-OE2|O_|8|132|B|0.500000|20.940001|0.000000|000|14.181653|-1.000000|-1.000000|0.000000|-1|0
1872|18|132|1|-N--|N_|7|133| |1.000000|8.910000|0.000000|000|10.627313|-1.000000|-1.000000|0.000000|-1|0
1872|18|133|2|-CA-|C_|6|134| |1.000000|8.940000|0.000000|000|11.315875|-1.000000|-1.000000|0.000000|-1|0
1872|18|134|3|-C--|C_|6|135| |1.000000|11.150000|0.000000|000|11.402888|-1.000000|-1.000000|0.000000|-1|0
1872|18|135|4|-O--|O_|8|136| |1.000000|10.550000|0.000000|000|10.824825|-1.000000|-1.000000|0.000000|-1|0
1872|18|136|5|-CB-|C_|6|137| |1.000000|10.580000|0.000000|000|10.819646|-1.000000|-1.000000|0.000000|-1|0
1872|18|137|12|-CG-|C_|6|138| |1.000000|11.640000|0.000000|000|9.406958|-1.000000|-1.000000|0.000000|-1|0
1872|18|138|12|-CD1|C_|6|139| |1.000000|9.810000|0.000000|000|8.308932|-1.000000|-1.000000|0.000000|-1|0
1872|18|139|12|-CD2|C_|6|140| |1.000000|11.620000|0.000000|000|9.368353|-1.000000|-1.000000|0.000000|-1|0
1872|18|140|12|-CE1|C_|6|141| |1.000000|10.250000|0.000000|000|6.955267|-1.000000|-1.000000|0.000000|-1|0
1872|18|141|12|-CE2|C_|6|142| |1.000000|14.600000|0.000000|000|8.285742|-1.000000|-1.000000|0.000000|-1|0
1872|18|142|12|-CZ-|C_|6|143| |1.000000|12.040000|0.000000|000|7.000655|-1.000000|-1.000000|0.000000|-1|0
1872|19|143|1|-N--|N_|7|144| |1.000000|13.370000|0.000000|000|12.374367|-1.000000|-1.000000|0.000000|-1|0
1872|19|144|2|-CA-|C_|6|145|A|0.500000|12.850000|0.000000|000|12.767458|-1.000000|-1.000000|0.000000|-1|0
1872|19|145|2|-CA-|C_|6|146|B|0.500000|12.320000|0.000000|000|12.726038|-1.000000|-1.000000|0.000000|-1|0
1872|19|146|3|-C--|C_|6|147| |1.000000|13.390000|0.000000|000|12.815269|-1.000000|-1.000000|0.000000|-1|0
1872|19|147|4|-O--|O_|8|148| |1.000000|13.920000|0.000000|000|13.140999|-1.000000|-1.000000|0.000000|-1|0
1872|19|148|5|-CB-|C_|6|149|A|0.500000|13.080000|0.000000|000|14.224428|-1.000000|-1.000000|0.000000|-1|0
1872|19|149|5|-CB-|C_|6|150|B|0.500000|12.640000|0.000000|000|14.151317|-1.000000|-1.000000|0.000000|-1|0
1872|19|150|17|-OG-|O_|8|151|A|0.500000|18.340000|0.000000|000|14.612315|-1.000000|-1.000000|0.000000|-1|0
1872|19|151|17|-OG-|O_|8|152|B|0.500000|14.730000|0.000000|000|15.082633|-1.000000|-1.000000|0.000000|-1|0
1872|20|152|1|-N--|N_|7|153| |1.000000|11.970000|0.000000|000|12.696106|-1.000000|-1.000000|0.000000|-1|0
1872|20|153|2|-CA-|C_|6|154| |1.000000|14.090000|0.000000|000|13.133376|-1.000000|-1.000000|0.000000|-1|0
1872|20|154|3|-C--|C_|6|155| |1.000000|11.270000|0.000000|000|14.031811|-1.000000|-1.000000|0.000000|-1|0
1872|20|155|4|-O--|O_|8|156| |1.000000|11.160000|0.000000|000|13.947888|-1.000000|-1.000000|0.000000|-1|0
1872|20|156|5|-CB-|C_|6|157| |1.000000|15.190000|0.000000|000|12.041383|-1.000000|-1.000000|0.000000|-1|0
1872|20|157|6|-CG1|C_|6|158| |1.000000|17.180000|0.000000|000|11.265270|-1.000000|-1.000000|0.000000|-1|0
1872|20|158|6|-CG2|C_|6|159| |1.000000|14.480000|0.000000|000|11.138681|-1.000000|-1.000000|0.000000|-1|0
1872|21|159|1|-N--|N_|7|160| |1.000000|13.020000|0.000000|000|14.989801|-1.000000|-1.000000|0.000000|-1|0
1872|21|160|2|-CA-|C_|6|161| |1.000000|12.460000|0.000000|000|15.831817|-1.000000|-1.000000|0.000000|-1|0
1872|21|161|3|-C--|C_|6|162| |1.000000|12.710000|0.000000|000|15.167374|-1.000000|-1.000000|0.000000|-1|0
1872|21|162|4|-O--|O_|8|163| |1.000000|13.070000|0.000000|000|14.336513|-1.000000|-1.000000|0.000000|-1|0
1872|21|163|5|-CB-|C_|6|164| |1.000000|15.520000|0.000000|000|16.876617|-1.000000|-1.000000|0.000000|-1|0
1872|21|164|6|-CG-|C_|6|165| |1.000000|16.500000|0.000000|000|16.380596|-1.000000|-1.000000|0.000000|-1|0
1872|21|165|6|-CD-|C_|6|166| |1.000000|15.300000|0.000000|000|15.455991|-1.000000|-1.000000|0.000000|-1|0
1872|22|166|1|-N--|N_|7|167| |1.000000|13.370000|0.000000|000|15.745959|-1.000000|-1.000000|0.000000|-1|0
1872|22|167|2|-CA-|C_|6|168| |1.000000|11.870000|0.000000|000|15.486636|-1.000000|-1.000000|0.000000|-1|0
1872|22|168|3|-C--|C_|6|169| |1.000000|10.740000|0.000000|000|15.519300|-1.000000|-1.000000|0.000000|-1|0
1872|22|169|4|-O--|O_|8|170| |1.000000|13.120000|0.000000|000|16.465279|-1.000000|-1.000000|0.000000|-1|0
1872|22|170|5|-CB-|C_|6|171| |1.000000|12.670000|0.000000|000|16.569645|-1.000000|-1.000000|0.000000|-1|0
1872|23|171|1|-N--|N_|7|172| |1.000000|11.850000|0.000000|000|14.623244|-1.000000|-1.000000|0.000000|-1|0
1872|23|172|2|-CA-|C_|6|173| |1.000000|12.870000|0.000000|000|14.762969|-1.000000|-1.000000|0.000000|-1|0
1872|23|173|3|-C--|C_|6|174| |1.000000|12.270000|0.000000|000|14.337621|-1.000000|-1.000000|0.000000|-1|0
1872|23|174|4|-O--|O_|8|175| |1.000000|13.590000|0.000000|000|14.428638|-1.000000|-1.000000|0.000000|-1|0
1872|24|175|1|-N--|N_|7|176| |1.000000|13.240000|0.000000|000|13.990942|-1.000000|-1.000000|0.000000|-1|0
1872|24|176|2|-CA-|C_|6|177| |1.000000|10.800000|0.000000|000|13.745003|-1.000000|-1.000000|0.000000|-1|0
1872|24|177|3|-C--|C_|6|178| |1.000000|10.550000|0.000000|000|12.552230|-1.000000|-1.000000|0.000000|-1|0
1872|24|178|4|-O--|O_|8|179| |1.000000|11.370000|0.000000|000|11.503166|-1.000000|-1.000000|0.000000|-1|0
1872|24|179|5|-CB-|C_|6|180| |1.000000|13.520000|0.000000|000|13.722893|-1.000000|-1.000000|0.000000|-1|0
1872|24|180|6|-CG-|C_|6|181| |1.000000|15.100000|0.000000|000|13.765115|-1.000000|-1.000000|0.000000|-1|0
1872|24|181|6|-CD-|C_|6|182| |1.000000|25.459999|0.000000|000|14.406675|-1.000000|-1.000000|0.000000|-1|0
1872|24|182|10|-OE1|O_|8|183| |1.000000|31.540001|0.000000|000|15.595046|-1.000000|-1.000000|0.000000|-1|0
1872|24|183|10|-OE2|O_|8|184| |1.000000|31.389999|0.000000|000|13.846447|-1.000000|-1.000000|0.000000|-1|0
1872|25|184|1|-N--|N_|7|185| |1.000000|10.780000|0.000000|000|12.816854|-1.000000|-1.000000|0.000000|-1|0
1872|25|185|2|-CA-|C_|6|186| |1.000000|13.660000|0.000000|000|11.823632|-1.000000|-1.000000|0.000000|-1|0
1872|25|186|3|-C--|C_|6|187| |1.000000|11.910000|0.000000|000|10.715104|-1.000000|-1.000000|0.000000|-1|0
1872|25|187|4|-O--|O_|8|188| |1.000000|13.190000|0.000000|000|11.140895|-1.000000|-1.000000|0.000000|-1|0
1872|25|188|5|-CB-|C_|6|189| |1.000000|14.430000|0.000000|000|12.573512|-1.000000|-1.000000|0.000000|-1|0
1872|25|189|6|-CG-|C_|6|190| |1.000000|19.020000|0.000000|000|13.284781|-1.000000|-1.000000|0.000000|-1|0
1872|25|190|6|-CD-|C_|6|191| |1.000000|21.830000|0.000000|000|13.895680|-1.000000|-1.000000|0.000000|-1|0
1872|25|191|6|-CE-|C_|6|192| |1.000000|33.110001|0.000000|000|15.011197|-1.000000|-1.000000|0.000000|-1|0
1872|25|192|14|-NZ-|N_|7|193| |1.000000|32.180000|0.000000|000|15.672935|-1.000000|-1.000000|0.000000|-1|0
1872|26|193|1|-N--|N_|7|194| |1.000000|10.640000|0.000000|000|9.469712|-1.000000|-1.000000|0.000000|-1|0
1872|26|194|2|-CA-|C_|6|195| |1.000000|9.910000|0.000000|000|8.389601|-1.000000|-1.000000|0.000000|-1|0
1872|26|195|3|-C--|C_|6|196| |1.000000|10.630000|0.000000|000|8.096742|-1.000000|-1.000000|0.000000|-1|0
1872|26|196|4|-O--|O_|8|197| |1.000000|10.440000|0.000000|000|7.815693|-1.000000|-1.000000|0.000000|-1|0
1872|26|197|5|-CB-|C_|6|198| |1.000000|8.640000|0.000000|000|7.282052|-1.000000|-1.000000|0.000000|-1|0
1872|26|198|6|-CG1|C_|6|199| |1.000000|7.630000|0.000000|000|8.021102|-1.000000|-1.000000|0.000000|-1|0
1872|26|199|6|-CG2|C_|6|200| |1.000000|10.190000|0.000000|000|6.208847|-1.000000|-1.000000|0.000000|-1|0
1872|26|200|6|-CD1|C_|6|201| |1.000000|11.580000|0.000000|000|7.390400|-1.000000|-1.000000|0.000000|-1|0
1872|27|201|1|-N--|N_|7|202| |1.000000|10.530000|0.000000|000|8.524631|-1.000000|-1.000000|0.000000|-1|0
1872|27|202|2|-CA-|C_|6|203| |1.000000|11.460000|0.000000|000|8.679956|-1.000000|-1.000000|0.000000|-1|0
1872|27|203|3|-C--|C_|6|204| |1.000000|11.850000|0.000000|000|7.881740|-1.000000|-1.000000|0.000000|-1|0
1872|27|204|4|-O--|O_|8|205| |1.000000|10.290000|0.000000|000|8.321273|-1.000000|-1.000000|0.000000|-1|0
1872|27|205|5|-CB-|C_|6|206| |1.000000|13.930000|0.000000|000|10.199963|-1.000000|-1.000000|0.000000|-1|0
1872|27|206|6|-CG1|C_|6|207| |1.000000|15.990000|0.000000|000|10.614679|-1.000000|-1.000000|0.000000|-1|0
1872|27|207|6|-CG2|C_|6|208| |1.000000|14.440000|0.000000|000|11.189743|-1.000000|-1.000000|0.000000|-1|0
1872|28|208|1|-N--|N_|7|209| |1.000000|9.630000|0.000000|000|6.951037|-1.000000|-1.000000|0.000000|-1|0
1872|28|209|2|-CA-|C_|6|210| |1.000000|9.910000|0.000000|000|6.501899|-1.000000|-1.000000|0.000000|-1|0
1872|28|210|3|-C--|C_|6|211| |1.000000|9.510000|0.000000|000|7.751235|-1.000000|-1.000000|0.000000|-1|0
1872|28|211|4|-O--|O_|8|212| |1.000000|10.380000|0.000000|000|8.298308|-1.000000|-1.000000|0.000000|-1|0
1872|28|212|5|-CB-|C_|6|213| |1.000000|9.490000|0.000000|000|5.290932|-1.000000|-1.000000|0.000000|-1|0
1872|28|213|12|-CG-|C_|6|214| |1.000000|7.470000|0.000000|000|4.011420|-1.000000|-1.000000|0.000000|-1|0
1872|28|214|12|-CD1|C_|6|215| |1.000000|10.080000|0.000000|000|3.358654|-1.000000|-1.000000|0.000000|-1|0
1872|28|215|12|-CD2|C_|6|216| |1.000000|11.110000|0.000000|000|3.929095|-1.000000|-1.000000|0.000000|-1|0
1872|28|216|12|-CE1|C_|6|217| |1.000000|6.610000|0.000000|000|2.525872|-1.000000|-1.000000|0.000000|-1|0
1872|28|217|12|-CE2|C_|6|218| |1.000000|9.800000|0.000000|000|3.258538|-1.000000|-1.000000|0.000000|-1|0
1872|28|218|12|-CZ-|C_|6|219| |1.000000|11.350000|0.000000|000|2.425673|-1.000000|-1.000000|0.000000|-1|0
1872|29|219|1|-N--|N_|7|220| |1.000000|10.720000|0.000000|000|8.405707|-1.000000|-1.000000|0.000000|-1|0
1872|29|220|2|-CA-|C_|6|221| |1.000000|10.820000|0.000000|000|9.783651|-1.000000|-1.000000|0.000000|-1|0
1872|29|221|3|-C--|C_|6|222| |1.000000|8.270000|0.000000|000|10.072477|-1.000000|-1.000000|0.000000|-1|0
1872|29|222|4|-O--|O_|8|223| |1.000000|9.660000|0.000000|000|10.020329|-1.000000|-1.000000|0.000000|-1|0
1872|29|223|5|-CB-|C_|6|224| |1.000000|12.420000|0.000000|000|10.827297|-1.000000|-1.000000|0.000000|-1|0
1872|29|224|6|-CG-|C_|6|225| |1.000000|16.139999|0.000000|000|12.253793|-1.000000|-1.000000|0.000000|-1|0
1872|29|225|6|-CD-|C_|6|226| |1.000000|18.639999|0.000000|000|13.228855|-1.000000|-1.000000|0.000000|-1|0
1872|29|226|6|-CE-|C_|6|227| |1.000000|29.670000|0.000000|000|13.051540|-1.000000|-1.000000|0.000000|-1|0
1872|29|227|14|-NZ-|N_|7|228| |1.000000|31.389999|0.000000|000|14.313907|-1.000000|-1.000000|0.000000|-1|0
1872|30|228|1|-N--|N_|7|229| |1.000000|7.780000|0.000000|000|10.552300|-1.000000|-1.000000|0.000000|-1|0
1872|30|229|2|-CA-|C_|6|230| |1.000000|7.420000|0.000000|000|11.090606|-1.000000|-1.000000|0.000000|-1|0
1872|30|230|3|-C--|C_|6|231| |1.000000|10.530000|0.000000|000|12.269154|-1.000000|-1.000000|0.000000|-1|0
1872|30|231|4|-O--|O_|8|232| |1.000000|10.090000|0.000000|000|13.157971|-1.000000|-1.000000|0.000000|-1|0
1872|30|232|5|-CB-|C_|6|233| |1.000000|7.480000|0.000000|000|11.663754|-1.000000|-1.000000|0.000000|-1|0
1872|30|233|6|-CG-|C_|6|234| |1.000000|11.130000|0.000000|000|11.786315|-1.000000|-1.000000|0.000000|-1|0
1872|30|234|8|-OD1|O_|8|235| |1.000000|9.540000|0.000000|000|11.170432|-1.000000|-1.000000|0.000000|-1|0
1872|30|235|9|-ND2|N_|7|236| |1.000000|8.540000|0.000000|000|12.812747|-1.000000|-1.000000|0.000000|-1|0
1872|31|236|1|-N--|N_|7|237| |1.000000|8.770000|0.000000|000|12.349560|-1.000000|-1.000000|0.000000|-1|0
1872|31|237|2|-CA-|C_|6|238| |1.000000|11.010000|0.000000|000|13.446018|-1.000000|-1.000000|0.000000|-1|0
1872|31|238|3|-C--|C_|6|239| |1.000000|11.280000|0.000000|000|14.472825|-1.000000|-1.000000|0.000000|-1|0
1872|31|239|4|-O--|O_|8|240| |1.000000|11.970000|0.000000|000|15.617882|-1.000000|-1.000000|0.000000|-1|0
1872|31|240|5|-CB-|C_|6|241| |1.000000|9.300000|0.000000|000|13.033034|-1.000000|-1.000000|0.000000|-1|0
1872|31|241|6|-CG-|C_|6|242| |1.000000|15.060000|0.000000|000|14.307787|-1.000000|-1.000000|0.000000|-1|0
1872|31|242|8|-OD1|O_|8|243| |1.000000|18.049999|0.000000|000|15.187251|-1.000000|-1.000000|0.000000|-1|0
1872|31|243|9|-ND2|N_|7|244| |1.000000|11.090000|0.000000|000|14.430556|-1.000000|-1.000000|0.000000|-1|0
1872|32|244|1|-N--|N_|7|245| |1.000000|10.460000|0.000000|000|14.195337|-1.000000|-1.000000|0.000000|-1|0
1872|32|245|2|-CA-|C_|6|246| |1.000000|10.190000|0.000000|000|15.260407|-1.000000|-1.000000|0.000000|-1|0
1872|32|246|3|-C--|C_|6|247| |1.000000|10.320000|0.000000|000|14.800205|-1.000000|-1.000000|0.000000|-1|0
1872|32|247|4|-O--|O_|8|248| |1.000000|10.260000|0.000000|000|13.691305|-1.000000|-1.000000|0.000000|-1|0
1872|32|248|5|-CB-|C_|6|249| |1.000000|10.790000|0.000000|000|16.147303|-1.000000|-1.000000|0.000000|-1|0
1872|33|249|1|-N--|N_|7|250| |1.000000|11.450000|0.000000|000|15.764160|-1.000000|-1.000000|0.000000|-1|0
1872|33|250|2|-CA-|C_|6|251| |1.000000|10.430000|0.000000|000|15.606611|-1.000000|-1.000000|0.000000|-1|0
1872|33|251|3|-C--|C_|6|252| |1.000000|10.710000|0.000000|000|14.941527|-1.000000|-1.000000|0.000000|-1|0
1872|33|252|4|-O--|O_|8|253| |1.000000|10.910000|0.000000|000|14.321309|-1.000000|-1.000000|0.000000|-1|0
1872|34|253|1|-N--|N_|7|254| |1.000000|8.090000|0.000000|000|15.229765|-1.000000|-1.000000|0.000000|-1|0
1872|34|254|2|-CA-|C_|6|255| |1.000000|8.690000|0.000000|000|14.793180|-1.000000|-1.000000|0.000000|-1|0
1872|34|255|3|-C--|C_|6|256| |1.000000|9.850000|0.000000|000|15.291329|-1.000000|-1.000000|0.000000|-1|0
1872|34|256|4|-O--|O_|8|257| |1.000000|10.090000|0.000000|000|16.222324|-1.000000|-1.000000|0.000000|-1|0
1872|34|257|5|-CB-|C_|6|258| |1.000000|10.980000|0.000000|000|15.485132|-1.000000|-1.000000|0.000000|-1|0
1872|34|258|12|-CG-|C_|6|259| |1.000000|12.190000|0.000000|000|15.542679|-1.000000|-1.000000|0.000000|-1|0
1872|34|259|12|-CD1|C_|6|260| |1.000000|11.400000|0.000000|000|16.753084|-1.000000|-1.000000|0.000000|-1|0
1872|34|260|12|-CD2|C_|6|261| |1.000000|12.520000|0.000000|000|14.509268|-1.000000|-1.000000|0.000000|-1|0
1872|34|261|12|-CE1|C_|6|262| |1.000000|13.080000|0.000000|000|16.995501|-1.000000|-1.000000|0.000000|-1|0
1872|34|262|12|-CE2|C_|6|263| |1.000000|13.700000|0.000000|000|14.792981|-1.000000|-1.000000|0.000000|-1|0
1872|34|263|12|-CZ-|C_|6|264| |1.000000|10.140000|0.000000|000|16.058695|-1.000000|-1.000000|0.000000|-1|0
1872|35|264|1|-N--|N_|7|265| |1.000000|7.600000|0.000000|000|14.812188|-1.000000|-1.000000|0.000000|-1|0
1872|35|265|2|-CA-|C_|6|266| |1.000000|7.820000|0.000000|000|13.783986|-1.000000|-1.000000|0.000000|-1|0
1872|35|266|3|-C--|C_|6|267| |1.000000|9.330000|0.000000|000|12.384751|-1.000000|-1.000000|0.000000|-1|0
1872|35|267|4|-O--|O_|8|268| |1.000000|9.760000|0.000000|000|12.350263|-1.000000|-1.000000|0.000000|-1|0
1872|35|268|5|-CB-|C_|6|269| |1.000000|9.850000|0.000000|000|14.288217|-1.000000|-1.000000|0.000000|-1|0
1872|35|269|6|-CG-|C_|6|270| |1.000000|9.490000|0.000000|000|14.920090|-1.000000|-1.000000|0.000000|-1|0
1872|35|270|6|-CD-|C_|6|271| |1.000000|9.290000|0.000000|000|15.545925|-1.000000|-1.000000|0.000000|-1|0
1872|36|271|1|-N--|N_|7|272| |1.000000|8.750000|0.000000|000|11.407169|-1.000000|-1.000000|0.000000|-1|0
1872|36|272|2|-CA-|C_|6|273| |1.000000|8.500000|0.000000|000|10.029284|-1.000000|-1.000000|0.000000|-1|0
1872|36|273|3|-C--|C_|6|274| |1.000000|8.310000|0.000000|000|9.388712|-1.000000|-1.000000|0.000000|-1|0
1872|36|274|4|-O--|O_|8|275| |1.000000|9.840000|0.000000|000|9.957870|-1.000000|-1.000000|0.000000|-1|0
1872|36|275|5|-CB-|C_|6|276| |1.000000|6.810000|0.000000|000|9.351703|-1.000000|-1.000000|0.000000|-1|0
1872|36|276|12|-CG-|C_|6|277| |1.000000|7.370000|0.000000|000|10.129243|-1.000000|-1.000000|0.000000|-1|0
1872|36|277|13|-ND1|N_|7|278| |1.000000|8.170000|0.000000|000|10.345668|-1.000000|-1.000000|0.000000|-1|0
1872|36|278|12|-CD2|C_|6|279| |1.000000|6.640000|0.000000|000|10.928779|-1.000000|-1.000000|0.000000|-1|0
1872|36|279|12|-CE1|C_|6|280| |1.000000|9.730000|0.000000|000|11.240078|-1.000000|-1.000000|0.000000|-1|0
1872|36|280|13|-NE2|N_|7|281| |1.000000|5.930000|0.000000|000|11.573996|-1.000000|-1.000000|0.000000|-1|0
1872|37|281|1|-N--|N_|7|282| |1.000000|8.260000|0.000000|000|8.393389|-1.000000|-1.000000|0.000000|-1|0
1872|37|282|2|-CA-|C_|6|283| |1.000000|6.130000|0.000000|000|7.732594|-1.000000|-1.000000|0.000000|-1|0
1872|37|283|3|-C--|C_|6|284| |1.000000|6.760000|0.000000|000|6.282416|-1.000000|-1.000000|0.000000|-1|0
1872|37|284|4|-O--|O_|8|285| |1.000000|7.890000|0.000000|000|5.894197|-1.000000|-1.000000|0.000000|-1|0
1872|37|285|5|-CB-|C_|6|286| |1.000000|10.040000|0.000000|000|8.721489|-1.000000|-1.000000|0.000000|-1|0
1872|37|286|6|-CG-|C_|6|287| |1.000000|12.450000|0.000000|000|9.016362|-1.000000|-1.000000|0.000000|-1|0
1872|37|287|8|-OD1|O_|8|288| |1.000000|8.830000|0.000000|000|8.502161|-1.000000|-1.000000|0.000000|-1|0
1872|37|288|9|-ND2|N_|7|289| |1.000000|13.870000|0.000000|000|10.077324|-1.000000|-1.000000|0.000000|-1|0
1872|38|289|1|-N--|N_|7|290| |1.000000|9.060000|0.000000|000|5.751934|-1.000000|-1.000000|0.000000|-1|0
1872|38|290|2|-CA-|C_|6|291| |1.000000|10.270000|0.000000|000|4.456084|-1.000000|-1.000000|0.000000|-1|0
1872|38|291|3|-C--|C_|6|292| |1.000000|9.750000|0.000000|000|4.964911|-1.000000|-1.000000|0.000000|-1|0
1872|38|292|4|-O--|O_|8|293| |1.000000|10.040000|0.000000|000|5.700687|-1.000000|-1.000000|0.000000|-1|0
1872|38|293|5|-CB-|C_|6|294| |1.000000|10.640000|0.000000|000|3.628437|-1.000000|-1.000000|0.000000|-1|0
1872|38|294|6|-CG1|C_|6|295| |1.000000|12.060000|0.000000|000|2.321710|-1.000000|-1.000000|0.000000|-1|0
1872|38|295|6|-CG2|C_|6|296| |1.000000|12.260000|0.000000|000|3.992810|-1.000000|-1.000000|0.000000|-1|0
1872|39|296|1|-N--|N_|7|297| |1.000000|10.510000|0.000000|000|5.017296|-1.000000|-1.000000|0.000000|-1|0
1872|39|297|2|-CA-|C_|6|298| |1.000000|11.590000|0.000000|000|5.925925|-1.000000|-1.000000|0.000000|-1|0
1872|39|298|3|-C--|C_|6|299| |1.000000|9.790000|0.000000|000|5.522687|-1.000000|-1.000000|0.000000|-1|0
1872|39|299|4|-O--|O_|8|300| |1.000000|10.220000|0.000000|000|4.849196|-1.000000|-1.000000|0.000000|-1|0
1872|39|300|5|-CB-|C_|6|301| |1.000000|8.490000|0.000000|000|7.298149|-1.000000|-1.000000|0.000000|-1|0
1872|39|301|6|-CG-|C_|6|302| |1.000000|8.560000|0.000000|000|8.143697|-1.000000|-1.000000|0.000000|-1|0
1872|39|302|6|-CD1|C_|6|303| |1.000000|8.900000|0.000000|000|8.076450|-1.000000|-1.000000|0.000000|-1|0
1872|39|303|6|-CD2|C_|6|304| |1.000000|14.150000|0.000000|000|9.639349|-1.000000|-1.000000|0.000000|-1|0
1872|40|304|1|-N--|N_|7|305| |1.000000|9.080000|0.000000|000|6.320337|-1.000000|-1.000000|0.000000|-1|0
1872|40|305|2|-CA-|C_|6|306| |1.000000|8.280000|0.000000|000|6.646520|-1.000000|-1.000000|0.000000|-1|0
1872|40|306|3|-C--|C_|6|307| |1.000000|8.380000|0.000000|000|8.010038|-1.000000|-1.000000|0.000000|-1|0
1872|40|307|4|-O--|O_|8|308| |1.000000|11.550000|0.000000|000|8.913335|-1.000000|-1.000000|0.000000|-1|0
1872|40|308|5|-CB-|C_|6|309| |1.000000|9.420000|0.000000|000|6.921427|-1.000000|-1.000000|0.000000|-1|0
1872|40|309|12|-CG-|C_|6|310| |1.000000|8.000000|0.000000|000|5.820506|-1.000000|-1.000000|0.000000|-1|0
1872|40|310|12|-CD1|C_|6|311| |1.000000|8.720000|0.000000|000|5.210317|-1.000000|-1.000000|0.000000|-1|0
1872|40|311|12|-CD2|C_|6|312| |1.000000|10.810000|0.000000|000|5.733262|-1.000000|-1.000000|0.000000|-1|0
1872|40|312|12|-CE1|C_|6|313| |1.000000|8.350000|0.000000|000|4.521293|-1.000000|-1.000000|0.000000|-1|0
1872|40|313|12|-CE2|C_|6|314| |1.000000|10.750000|0.000000|000|5.096726|-1.000000|-1.000000|0.000000|-1|0
1872|40|314|12|-CZ-|C_|6|315| |1.000000|11.220000|0.000000|000|4.430484|-1.000000|-1.000000|0.000000|-1|0
1872|41|315|1|-N--|N_|7|316| |1.000000|9.190000|0.000000|000|8.445232|-1.000000|-1.000000|0.000000|-1|0
1872|41|316|2|-CA-|C_|6|317| |1.000000|9.660000|0.000000|000|9.815523|-1.000000|-1.000000|0.000000|-1|0
1872|41|317|3|-C--|C_|6|318| |1.000000|11.150000|0.000000|000|10.866126|-1.000000|-1.000000|0.000000|-1|0
1872|41|318|4|-O--|O_|8|319| |1.000000|12.680000|0.000000|000|10.932586|-1.000000|-1.000000|0.000000|-1|0
1872|41|319|5|-CB-|C_|6|320| |1.000000|12.010000|0.000000|000|9.986985|-1.000000|-1.000000|0.000000|-1|0
1872|41|320|6|-CG-|C_|6|321| |1.000000|15.960000|0.000000|000|11.365650|-1.000000|-1.000000|0.000000|-1|0
1872|41|321|10|-OD1|O_|8|322| |1.000000|16.379999|0.000000|000|12.300258|-1.000000|-1.000000|0.000000|-1|0
1872|41|322|10|-OD2|O_|8|323| |1.000000|24.480000|0.000000|000|11.598821|-1.000000|-1.000000|0.000000|-1|0
1872|42|323|1|-N--|N_|7|324| |1.000000|14.130000|0.000000|000|11.752028|-1.000000|-1.000000|0.000000|-1|0
1872|42|324|2|-CA-|C_|6|325| |1.000000|16.719999|0.000000|000|12.923244|-1.000000|-1.000000|0.000000|-1|0
1872|42|325|3|-C--|C_|6|326| |1.000000|15.980000|0.000000|000|13.764761|-1.000000|-1.000000|0.000000|-1|0
1872|42|326|4|-O--|O_|8|327| |1.000000|17.160000|0.000000|000|14.483968|-1.000000|-1.000000|0.000000|-1|0
1872|42|327|5|-CB-|C_|6|328| |1.000000|19.540001|0.000000|000|13.921338|-1.000000|-1.000000|0.000000|-1|0
1872|42|328|6|-CG-|C_|6|329| |1.000000|20.580000|0.000000|000|14.733824|-1.000000|-1.000000|0.000000|-1|0
1872|42|329|6|-CD-|C_|6|330| |1.000000|25.030001|0.000000|000|15.878610|-1.000000|-1.000000|0.000000|-1|0
1872|42|330|10|-OE1|O_|8|331| |1.000000|35.509998|0.000000|000|16.192652|-1.000000|-1.000000|0.000000|-1|0
1872|42|331|10|-OE2|O_|8|332| |1.000000|37.980000|0.000000|000|16.562666|-1.000000|-1.000000|0.000000|-1|0
1872|43|332|1|-N--|N_|7|333| |1.000000|13.860000|0.000000|000|13.738534|-1.000000|-1.000000|0.000000|-1|0
1872|43|333|2|-CA-|C_|6|334| |1.000000|14.490000|0.000000|000|14.665822|-1.000000|-1.000000|0.000000|-1|0
1872|43|334|3|-C--|C_|6|335| |1.000000|14.750000|0.000000|000|14.187831|-1.000000|-1.000000|0.000000|-1|0
1872|43|335|4|-O--|O_|8|336| |1.000000|18.600000|0.000000|000|15.025300|-1.000000|-1.000000|0.000000|-1|0
1872|43|336|5|-CB-|C_|6|337| |1.000000|17.709999|0.000000|000|15.387720|-1.000000|-1.000000|0.000000|-1|0
1872|43|337|6|-CG-|C_|6|338| |1.000000|23.610001|0.000000|000|16.158110|-1.000000|-1.000000|0.000000|-1|0
1872|43|338|10|-OD1|O_|8|339| |1.000000|37.139999|0.000000|000|16.870226|-1.000000|-1.000000|0.000000|-1|0
1872|43|339|10|-OD2|O_|8|340| |1.000000|35.340000|0.000000|000|16.179249|-1.000000|-1.000000|0.000000|-1|0
1872|44|340|1|-N--|N_|7|341| |1.000000|12.430000|0.000000|000|12.982493|-1.000000|-1.000000|0.000000|-1|0
1872|44|341|2|-CA-|C_|6|342| |1.000000|12.840000|0.000000|000|12.632081|-1.000000|-1.000000|0.000000|-1|0
1872|44|342|3|-C--|C_|6|343| |1.000000|11.220000|0.000000|000|11.783067|-1.000000|-1.000000|0.000000|-1|0
1872|44|343|4|-O--|O_|8|344| |1.000000|10.310000|0.000000|000|10.868796|-1.000000|-1.000000|0.000000|-1|0
1872|44|344|5|-CB-|C_|6|345| |1.000000|13.590000|0.000000|000|12.092165|-1.000000|-1.000000|0.000000|-1|0
1872|45|345|1|-N--|N_|7|346| |1.000000|10.860000|0.000000|000|12.357707|-1.000000|-1.000000|0.000000|-1|0
1872|45|346|2|-CA-|C_|6|347| |1.000000|10.720000|0.000000|000|12.111446|-1.000000|-1.000000|0.000000|-1|0
1872|45|347|3|-C--|C_|6|348| |1.000000|10.920000|0.000000|000|13.516904|-1.000000|-1.000000|0.000000|-1|0
1872|45|348|4|-O--|O_|8|349| |1.000000|12.300000|0.000000|000|14.478069|-1.000000|-1.000000|0.000000|-1|0
1872|45|349|5|-CB-|C_|6|350| |1.000000|10.100000|0.000000|000|11.489802|-1.000000|-1.000000|0.000000|-1|0
1872|45|350|6|-CG1|C_|6|351| |1.000000|11.050000|0.000000|000|10.023310|-1.000000|-1.000000|0.000000|-1|0
1872|45|351|6|-CG2|C_|6|352| |1.000000|11.670000|0.000000|000|12.376876|-1.000000|-1.000000|0.000000|-1|0
1872|46|352|1|-N--|N_|7|353| |1.000000|11.270000|0.000000|000|13.713315|-1.000000|-1.000000|0.000000|-1|0
1872|46|353|2|-CA-|C_|6|354| |1.000000|10.820000|0.000000|000|15.100053|-1.000000|-1.000000|0.000000|-1|0
1872|46|354|3|-C--|C_|6|355| |1.000000|14.050000|0.000000|000|15.842207|-1.000000|-1.000000|0.000000|-1|0
1872|46|355|4|-O--|O_|8|356| |1.000000|12.720000|0.000000|000|15.330412|-1.000000|-1.000000|0.000000|-1|0
1872|46|356|5|-CB-|C_|6|357| |1.000000|12.180000|0.000000|000|15.061277|-1.000000|-1.000000|0.000000|-1|0
1872|46|357|6|-CG-|C_|6|358| |1.000000|13.000000|0.000000|000|13.832357|-1.000000|-1.000000|0.000000|-1|0
1872|46|358|6|-CD-|C_|6|359| |1.000000|12.130000|0.000000|000|12.807385|-1.000000|-1.000000|0.000000|-1|0
1872|47|359|1|-N--|N_|7|360| |1.000000|13.890000|0.000000|000|17.149897|-1.000000|-1.000000|0.000000|-1|0
1872|47|360|2|-CA-|C_|6|361|A|0.500000|14.230000|0.000000|000|18.091402|-1.000000|-1.000000|0.000000|-1|0
1872|47|361|2|-CA-|C_|6|362|B|0.500000|14.180000|0.000000|000|18.111856|-1.000000|-1.000000|0.000000|-1|0
1872|47|362|3|-C--|C_|6|363| |1.000000|13.380000|0.000000|000|18.118725|-1.000000|-1.000000|0.000000|-1|0
1872|47|363|4|-O--|O_|8|364| |1.000000|12.250000|0.000000|000|17.967216|-1.000000|-1.000000|0.000000|-1|0
1872|47|364|5|-CB-|C_|6|365|A|0.500000|15.060000|0.000000|000|19.529524|-1.000000|-1.000000|0.000000|-1|0
1872|47|365|5|-CB-|C_|6|366|B|0.500000|14.700000|0.000000|000|19.542492|-1.000000|-1.000000|0.000000|-1|0
1872|47|366|17|-OG-|O_|8|367|A|0.500000|17.420000|0.000000|000|19.736593|-1.000000|-1.000000|0.000000|-1|0
1872|47|367|17|-OG-|O_|8|368|B|0.500000|16.629999|0.000000|000|19.772884|-1.000000|-1.000000|0.000000|-1|0
1872|48|368|1|-N--|N_|7|369| |1.000000|12.990000|0.000000|000|18.161888|-1.000000|-1.000000|0.000000|-1|0
1872|48|369|2|-CA-|C_|6|370| |1.000000|12.220000|0.000000|000|18.204742|-1.000000|-1.000000|0.000000|-1|0
1872|48|370|3|-C--|C_|6|371| |1.000000|11.250000|0.000000|000|16.963999|-1.000000|-1.000000|0.000000|-1|0
1872|48|371|4|-O--|O_|8|372| |1.000000|11.560000|0.000000|000|17.083858|-1.000000|-1.000000|0.000000|-1|0
1872|49|372|1|-N--|N_|7|373| |1.000000|9.020000|0.000000|000|15.830146|-1.000000|-1.000000|0.000000|-1|0
1872|49|373|2|-CA-|C_|6|374| |1.000000|10.010000|0.000000|000|14.590185|-1.000000|-1.000000|0.000000|-1|0
1872|49|374|3|-C--|C_|6|375| |1.000000|10.490000|0.000000|000|14.572295|-1.000000|-1.000000|0.000000|-1|0
1872|49|375|4|-O--|O_|8|376| |1.000000|10.950000|0.000000|000|14.925387|-1.000000|-1.000000|0.000000|-1|0
1872|49|376|5|-CB-|C_|6|377| |1.000000|9.080000|0.000000|000|13.355994|-1.000000|-1.000000|0.000000|-1|0
1872|49|377|6|-CG1|C_|6|378| |1.000000|11.840000|0.000000|000|12.032095|-1.000000|-1.000000|0.000000|-1|0
1872|49|378|6|-CG2|C_|6|379| |1.000000|11.190000|0.000000|000|13.582287|-1.000000|-1.000000|0.000000|-1|0
1872|50|379|1|-N--|N_|7|380| |1.000000|10.270000|0.000000|000|14.384170|-1.000000|-1.000000|0.000000|-1|0
1872|50|380|2|-CA-|C_|6|381| |1.000000|10.080000|0.000000|000|14.374402|-1.000000|-1.000000|0.000000|-1|0
1872|50|381|3|-C--|C_|6|382| |1.000000|9.710000|0.000000|000|13.001824|-1.000000|-1.000000|0.000000|-1|0
1872|50|382|4|-O--|O_|8|383| |1.000000|11.970000|0.000000|000|12.508708|-1.000000|-1.000000|0.000000|-1|0
1872|50|383|5|-CB-|C_|6|384| |1.000000|8.830000|0.000000|000|15.300076|-1.000000|-1.000000|0.000000|-1|0
1872|50|384|6|-CG-|C_|6|385| |1.000000|14.900000|0.000000|000|15.357639|-1.000000|-1.000000|0.000000|-1|0
1872|50|385|10|-OD1|O_|8|386| |1.000000|14.880000|0.000000|000|15.236216|-1.000000|-1.000000|0.000000|-1|0
1872|50|386|10|-OD2|O_|8|387| |1.000000|14.920000|0.000000|000|15.601799|-1.000000|-1.000000|0.000000|-1|0
1872|51|387|1|-N--|N_|7|388| |1.000000|10.560000|0.000000|000|12.478260|-1.000000|-1.000000|0.000000|-1|0
1872|51|388|2|-CA-|C_|6|389| |1.000000|10.050000|0.000000|000|11.165846|-1.000000|-1.000000|0.000000|-1|0
1872|51|389|3|-C--|C_|6|390| |1.000000|10.890000|0.000000|000|11.189818|-1.000000|-1.000000|0.000000|-1|0
1872|51|390|4|-O--|O_|8|391| |1.000000|11.280000|0.000000|000|10.241856|-1.000000|-1.000000|0.000000|-1|0
1872|51|391|5|-CB-|C_|6|392| |1.000000|10.130000|0.000000|000|10.741054|-1.000000|-1.000000|0.000000|-1|0
1872|51|392|6|-CG1|C_|6|393| |1.000000|8.960000|0.000000|000|10.765180|-1.000000|-1.000000|0.000000|-1|0
1872|51|393|6|-CG2|C_|6|394| |1.000000|12.570000|0.000000|000|11.800185|-1.000000|-1.000000|0.000000|-1|0
1872|52|394|1|-N--|N_|7|395| |1.000000|10.200000|0.000000|000|12.433260|-1.000000|-1.000000|0.000000|-1|0
1872|52|395|2|-CA-|C_|6|396|A|0.500000|10.880000|0.000000|000|12.769948|-1.000000|-1.000000|0.000000|-1|0
1872|52|396|2|-CA-|C_|6|397|B|0.500000|10.810000|0.000000|000|12.788693|-1.000000|-1.000000|0.000000|-1|0
1872|52|397|3|-C--|C_|6|398| |1.000000|11.730000|0.000000|000|12.421433|-1.000000|-1.000000|0.000000|-1|0
1872|52|398|4|-O--|O_|8|399| |1.000000|13.320000|0.000000|000|12.135767|-1.000000|-1.000000|0.000000|-1|0
1872|52|399|5|-CB-|C_|6|400|A|0.500000|13.500000|0.000000|000|14.243029|-1.000000|-1.000000|0.000000|-1|0
1872|52|400|5|-CB-|C_|6|401|B|0.500000|13.600000|0.000000|000|14.274865|-1.000000|-1.000000|0.000000|-1|0
1872|52|401|17|-OG-|O_|8|402|A|0.500000|15.470000|0.000000|000|15.111464|-1.000000|-1.000000|0.000000|-1|0
1872|52|402|17|-OG-|O_|8|403|B|0.500000|15.100000|0.000000|000|14.727296|-1.000000|-1.000000|0.000000|-1|0
1872|53|403|1|-N--|N_|7|404| |1.000000|11.020000|0.000000|000|12.633030|-1.000000|-1.000000|0.000000|-1|0
1872|53|404|2|-CA-|C_|6|405| |1.000000|11.040000|0.000000|000|12.617536|-1.000000|-1.000000|0.000000|-1|0
1872|53|405|3|-C--|C_|6|406| |1.000000|9.770000|0.000000|000|11.312731|-1.000000|-1.000000|0.000000|-1|0
1872|53|406|4|-O--|O_|8|407| |1.000000|12.470000|0.000000|000|11.435484|-1.000000|-1.000000|0.000000|-1|0
1872|53|407|5|-CB-|C_|6|408| |1.000000|13.670000|0.000000|000|13.805332|-1.000000|-1.000000|0.000000|-1|0
1872|53|408|6|-CG-|C_|6|409| |1.000000|12.730000|0.000000|000|13.607353|-1.000000|-1.000000|0.000000|-1|0
1872|53|409|6|-CD-|C_|6|410| |1.000000|13.890000|0.000000|000|14.840878|-1.000000|-1.000000|0.000000|-1|0
1872|53|410|6|-CE-|C_|6|411| |1.000000|12.830000|0.000000|000|16.217154|-1.000000|-1.000000|0.000000|-1|0
1872|53|411|14|-NZ-|N_|7|412| |1.000000|12.520000|0.000000|000|16.649336|-1.000000|-1.000000|0.000000|-1|0
1872|54|412|1|-N--|N_|7|413| |1.000000|9.980000|0.000000|000|10.208204|-1.000000|-1.000000|0.000000|-1|0
1872|54|413|2|-CA-|C_|6|414| |1.000000|10.930000|0.000000|000|8.905713|-1.000000|-1.000000|0.000000|-1|0
1872|54|414|3|-C--|C_|6|415| |1.000000|11.200000|0.000000|000|7.885796|-1.000000|-1.000000|0.000000|-1|0
1872|54|415|4|-O--|O_|8|416| |1.000000|11.630000|0.000000|000|6.663939|-1.000000|-1.000000|0.000000|-1|0
1872|54|416|5|-CB-|C_|6|417| |1.000000|11.070000|0.000000|000|8.553766|-1.000000|-1.000000|0.000000|-1|0
1872|54|417|6|-CG1|C_|6|418| |1.000000|9.980000|0.000000|000|8.832811|-1.000000|-1.000000|0.000000|-1|0
1872|54|418|6|-CG2|C_|6|419| |1.000000|13.040000|0.000000|000|9.664524|-1.000000|-1.000000|0.000000|-1|0
1872|54|419|6|-CD1|C_|6|420|A|0.910000|9.250000|0.000000|000|8.682367|-1.000000|-1.000000|0.000000|-1|0
1872|54|420|6|-CD1|C_|6|421|B|0.090000|10.550000|0.000000|000|8.648889|-1.000000|-1.000000|0.000000|-1|0
1872|55|421|1|-N--|N_|7|422| |1.000000|7.790000|0.000000|000|8.529201|-1.000000|-1.000000|0.000000|-1|0
1872|55|422|2|-CA-|C_|6|423| |1.000000|8.330000|0.000000|000|8.009811|-1.000000|-1.000000|0.000000|-1|0
1872|55|423|3|-C--|C_|6|424| |1.000000|9.810000|0.000000|000|8.762724|-1.000000|-1.000000|0.000000|-1|0
1872|55|424|4|-O--|O_|8|425| |1.000000|12.970000|0.000000|000|9.973590|-1.000000|-1.000000|0.000000|-1|0
1872|55|425|5|-CB-|C_|6|426| |1.000000|10.180000|0.000000|000|8.653182|-1.000000|-1.000000|0.000000|-1|0
1872|55|426|17|-OG-|O_|8|427| |1.000000|8.800000|0.000000|000|8.240432|-1.000000|-1.000000|0.000000|-1|0
1872|56|427|1|-N--|N_|7|428| |1.000000|9.270000|0.000000|000|8.210024|-1.000000|-1.000000|0.000000|-1|0
1872|56|428|2|-CA-|C_|6|429| |1.000000|8.490000|0.000000|000|9.264598|-1.000000|-1.000000|0.000000|-1|0
1872|56|429|3|-C--|C_|6|430| |1.000000|9.220000|0.000000|000|10.250372|-1.000000|-1.000000|0.000000|-1|0
1872|56|430|4|-O--|O_|8|431| |1.000000|12.570000|0.000000|000|10.021612|-1.000000|-1.000000|0.000000|-1|0
1872|56|431|5|-CB-|C_|6|432| |1.000000|10.190000|0.000000|000|8.816497|-1.000000|-1.000000|0.000000|-1|0
1872|56|432|6|-CG-|C_|6|433| |1.000000|8.900000|0.000000|000|8.248447|-1.000000|-1.000000|0.000000|-1|0
1872|56|433|16|-SD-|S_|16|434| |1.000000|10.510000|0.000000|000|7.918024|-1.000000|-1.000000|0.000000|-1|0
1872|56|434|6|-CE-|C_|6|435| |1.000000|10.530000|0.000000|000|9.671997|-1.000000|-1.000000|0.000000|-1|0
1872|57|435|1|-N--|N_|7|436| |1.000000|11.410000|0.000000|000|11.514831|-1.000000|-1.000000|0.000000|-1|0
1872|57|436|2|-CA-|C_|6|437|A|0.500000|11.870000|0.000000|000|12.484052|-1.000000|-1.000000|0.000000|-1|0
1872|57|437|2|-CA-|C_|6|438|B|0.500000|11.260000|0.000000|000|12.421441|-1.000000|-1.000000|0.000000|-1|0
1872|57|438|3|-C--|C_|6|439| |1.000000|13.730000|0.000000|000|12.166624|-1.000000|-1.000000|0.000000|-1|0
1872|57|439|4|-O--|O_|8|440| |1.000000|13.130000|0.000000|000|11.752978|-1.000000|-1.000000|0.000000|-1|0
1872|57|440|5|-CB-|C_|6|441|A|0.500000|14.050000|0.000000|000|13.823975|-1.000000|-1.000000|0.000000|-1|0
1872|57|441|5|-CB-|C_|6|442|B|0.500000|12.880000|0.000000|000|13.851758|-1.000000|-1.000000|0.000000|-1|0
1872|57|442|17|-OG-|O_|8|443|A|0.500000|21.290001|0.000000|000|13.971078|-1.000000|-1.000000|0.000000|-1|0
1872|57|443|17|-OG-|O_|8|444|B|0.500000|12.910000|0.000000|000|14.662521|-1.000000|-1.000000|0.000000|-1|0
1872|58|444|1|-N--|N_|7|445| |1.000000|15.710000|0.000000|000|12.592056|-1.000000|-1.000000|0.000000|-1|0
1872|58|445|2|-CA-|C_|6|446| |1.000000|16.500000|0.000000|000|12.657332|-1.000000|-1.000000|0.000000|-1|0
1872|58|446|3|-C--|C_|6|447| |1.000000|15.270000|0.000000|000|13.502896|-1.000000|-1.000000|0.000000|-1|0
1872|58|447|4|-O--|O_|8|448| |1.000000|15.850000|0.000000|000|13.514050|-1.000000|-1.000000|0.000000|-1|0
1872|58|448|5|-CB-|C_|6|449| |1.000000|18.020000|0.000000|000|13.407208|-1.000000|-1.000000|0.000000|-1|0
1872|58|449|6|-CG-|C_|6|450| |1.000000|16.000000|0.000000|000|12.744671|-1.000000|-1.000000|0.000000|-1|0
1872|58|450|6|-CD-|C_|6|451| |1.000000|17.430000|0.000000|000|13.115718|-1.000000|-1.000000|0.000000|-1|0
1872|58|451|10|-OE1|O_|8|452| |1.000000|17.219999|0.000000|000|13.704694|-1.000000|-1.000000|0.000000|-1|0
1872|58|452|10|-OE2|O_|8|453| |1.000000|18.209999|0.000000|000|13.037899|-1.000000|-1.000000|0.000000|-1|0
1872|59|453|1|-N--|N_|7|454| |1.000000|14.370000|0.000000|000|14.431688|-1.000000|-1.000000|0.000000|-1|0
1872|59|454|2|-CA-|C_|6|455| |1.000000|15.180000|0.000000|000|15.467762|-1.000000|-1.000000|0.000000|-1|0
1872|59|455|3|-C--|C_|6|456| |1.000000|15.170000|0.000000|000|15.018201|-1.000000|-1.000000|0.000000|-1|0
1872|59|456|4|-O--|O_|8|457| |1.000000|15.650000|0.000000|000|15.868331|-1.000000|-1.000000|0.000000|-1|0
1872|59|457|5|-CB-|C_|6|458| |1.000000|14.560000|0.000000|000|16.728159|-1.000000|-1.000000|0.000000|-1|0
1872|59|458|6|-CG-|C_|6|459| |1.000000|14.270000|0.000000|000|17.454865|-1.000000|-1.000000|0.000000|-1|0
1872|59|459|6|-CD-|C_|6|460| |1.000000|19.629999|0.000000|000|18.697439|-1.000000|-1.000000|0.000000|-1|0
1872|59|460|10|-OE1|O_|8|461| |1.000000|27.730000|0.000000|000|19.308559|-1.000000|-1.000000|0.000000|-1|0
1872|59|461|10|-OE2|O_|8|462| |1.000000|26.540001|0.000000|000|19.165113|-1.000000|-1.000000|0.000000|-1|0
1872|60|462|1|-N--|N_|7|463| |1.000000|11.330000|0.000000|000|13.841374|-1.000000|-1.000000|0.000000|-1|0
1872|60|463|2|-CA-|C_|6|464| |1.000000|10.740000|0.000000|000|13.563448|-1.000000|-1.000000|0.000000|-1|0
1872|60|464|3|-C--|C_|6|465| |1.000000|12.170000|0.000000|000|12.698870|-1.000000|-1.000000|0.000000|-1|0
1872|60|465|4|-O--|O_|8|466| |1.000000|13.680000|0.000000|000|11.559033|-1.000000|-1.000000|0.000000|-1|0
1872|60|466|5|-CB-|C_|6|467| |1.000000|11.450000|0.000000|000|13.111172|-1.000000|-1.000000|0.000000|-1|0
1872|60|467|6|-CG-|C_|6|468| |1.000000|17.469999|0.000000|000|12.980381|-1.000000|-1.000000|0.000000|-1|0
1872|60|468|10|-OD1|O_|8|469| |1.000000|18.780001|0.000000|000|12.601314|-1.000000|-1.000000|0.000000|-1|0
1872|60|469|10|-OD2|O_|8|470| |1.000000|18.969999|0.000000|000|13.441377|-1.000000|-1.000000|0.000000|-1|0
1872|61|470|1|-N--|N_|7|471| |1.000000|11.260000|0.000000|000|13.426183|-1.000000|-1.000000|0.000000|-1|0
1872|61|471|2|-CA-|C_|6|472| |1.000000|11.270000|0.000000|000|13.057417|-1.000000|-1.000000|0.000000|-1|0
1872|61|472|3|-C--|C_|6|473| |1.000000|10.040000|0.000000|000|13.245913|-1.000000|-1.000000|0.000000|-1|0
1872|61|473|4|-O--|O_|8|474| |1.000000|13.670000|0.000000|000|14.284127|-1.000000|-1.000000|0.000000|-1|0
1872|61|474|5|-CB-|C_|6|475| |1.000000|12.220000|0.000000|000|14.092690|-1.000000|-1.000000|0.000000|-1|0
1872|61|475|6|-CG-|C_|6|476| |1.000000|16.370001|0.000000|000|14.084671|-1.000000|-1.000000|0.000000|-1|0
1872|61|476|6|-CD1|C_|6|477| |1.000000|19.459999|0.000000|000|15.307744|-1.000000|-1.000000|0.000000|-1|0
1872|61|477|6|-CD2|C_|6|478| |1.000000|19.309999|0.000000|000|12.807105|-1.000000|-1.000000|0.000000|-1|0
1872|62|478|1|-N--|N_|7|479| |1.000000|8.260000|0.000000|000|12.311345|-1.000000|-1.000000|0.000000|-1|0
1872|62|479|2|-CA-|C_|6|480| |1.000000|7.220000|0.000000|000|12.653876|-1.000000|-1.000000|0.000000|-1|0
1872|62|480|3|-C--|C_|6|481| |1.000000|9.630000|0.000000|000|13.476713|-1.000000|-1.000000|0.000000|-1|0
1872|62|481|4|-O--|O_|8|482| |1.000000|9.090000|0.000000|000|13.101320|-1.000000|-1.000000|0.000000|-1|0
1872|62|482|5|-CB-|C_|6|483| |1.000000|10.420000|0.000000|000|11.447841|-1.000000|-1.000000|0.000000|-1|0
1872|62|483|6|-CG-|C_|6|484| |1.000000|8.150000|0.000000|000|10.671660|-1.000000|-1.000000|0.000000|-1|0
1872|62|484|6|-CD1|C_|6|485| |1.000000|15.830000|0.000000|000|9.482999|-1.000000|-1.000000|0.000000|-1|0
1872|62|485|6|-CD2|C_|6|486| |1.000000|9.090000|0.000000|000|11.693025|-1.000000|-1.000000|0.000000|-1|0
1872|63|486|1|-N--|N_|7|487| |1.000000|11.150000|0.000000|000|14.705194|-1.000000|-1.000000|0.000000|-1|0
1872|63|487|2|-CA-|C_|6|488| |1.000000|10.580000|0.000000|000|15.759308|-1.000000|-1.000000|0.000000|-1|0
1872|63|488|3|-C--|C_|6|489| |1.000000|12.650000|0.000000|000|16.437965|-1.000000|-1.000000|0.000000|-1|0
1872|63|489|4|-O--|O_|8|490| |1.000000|12.050000|0.000000|000|17.517815|-1.000000|-1.000000|0.000000|-1|0
1872|63|490|5|-CB-|C_|6|491| |1.000000|11.160000|0.000000|000|16.901297|-1.000000|-1.000000|0.000000|-1|0
1872|63|491|6|-CG-|C_|6|492| |1.000000|13.240000|0.000000|000|16.611374|-1.000000|-1.000000|0.000000|-1|0
1872|63|492|8|-OD1|O_|8|493| |1.000000|13.700000|0.000000|000|16.667788|-1.000000|-1.000000|0.000000|-1|0
1872|63|493|9|-ND2|N_|7|494| |1.000000|11.100000|0.000000|000|16.579458|-1.000000|-1.000000|0.000000|-1|0
1872|64|494|1|-N--|N_|7|495| |1.000000|11.440000|0.000000|000|15.924952|-1.000000|-1.000000|0.000000|-1|0
1872|64|495|2|-CA-|C_|6|496| |1.000000|10.050000|0.000000|000|16.655935|-1.000000|-1.000000|0.000000|-1|0
1872|64|496|3|-C--|C_|6|497| |1.000000|9.900000|0.000000|000|15.855650|-1.000000|-1.000000|0.000000|-1|0
1872|64|497|4|-O--|O_|8|498| |1.000000|9.950000|0.000000|000|14.795972|-1.000000|-1.000000|0.000000|-1|0
1872|64|498|5|-CB-|C_|6|499| |1.000000|10.330000|0.000000|000|17.632187|-1.000000|-1.000000|0.000000|-1|0
1872|65|499|1|-N--|N_|7|500| |1.000000|9.610000|0.000000|000|16.478401|-1.000000|-1.000000|0.000000|-1|0
1872|65|500|2|-CA-|C_|6|501| |1.000000|10.240000|0.000000|000|16.110773|-1.000000|-1.000000|0.000000|-1|0
1872|65|501|3|-C--|C_|6|502| |1.000000|12.770000|0.000000|000|16.013523|-1.000000|-1.000000|0.000000|-1|0
1872|65|502|4|-O--|O_|8|503| |1.000000|13.890000|0.000000|000|16.986761|-1.000000|-1.000000|0.000000|-1|0
1872|65|503|5|-CB-|C_|6|504| |1.000000|12.230000|0.000000|000|17.230459|-1.000000|-1.000000|0.000000|-1|0
1872|65|504|6|-CG-|C_|6|505| |1.000000|13.560000|0.000000|000|16.869623|-1.000000|-1.000000|0.000000|-1|0
1872|65|505|6|-CD-|C_|6|506| |1.000000|12.420000|0.000000|000|17.993738|-1.000000|-1.000000|0.000000|-1|0
1872|65|506|6|-CE-|C_|6|507| |1.000000|14.160000|0.000000|000|17.967281|-1.000000|-1.000000|0.000000|-1|0
1872|65|507|14|-NZ-|N_|7|508| |1.000000|19.139999|0.000000|000|19.362101|-1.000000|-1.000000|0.000000|-1|0
1872|66|508|1|-N--|N_|7|509| |1.000000|10.520000|0.000000|000|15.038484|-1.000000|-1.000000|0.000000|-1|0
1872|66|509|2|-CA-|C_|6|510| |1.000000|9.930000|0.000000|000|15.071704|-1.000000|-1.000000|0.000000|-1|0
1872|66|510|3|-C--|C_|6|511| |1.000000|10.550000|0.000000|000|14.408520|-1.000000|-1.000000|0.000000|-1|0
1872|66|511|4|-O--|O_|8|512| |1.000000|13.990000|0.000000|000|14.530571|-1.000000|-1.000000|0.000000|-1|0
1872|67|512|1|-N--|N_|7|513| |1.000000|9.710000|0.000000|000|14.032076|-1.000000|-1.000000|0.000000|-1|0
1872|67|513|2|-CA-|C_|6|514| |1.000000|9.820000|0.000000|000|13.438369|-1.000000|-1.000000|0.000000|-1|0
1872|67|514|3|-C--|C_|6|515| |1.000000|11.750000|0.000000|000|12.067656|-1.000000|-1.000000|0.000000|-1|0
1872|67|515|4|-O--|O_|8|516| |1.000000|12.010000|0.000000|000|11.331044|-1.000000|-1.000000|0.000000|-1|0
1872|67|516|5|-CB-|C_|6|517| |1.000000|8.890000|0.000000|000|13.306488|-1.000000|-1.000000|0.000000|-1|0
1872|67|517|6|-CG-|C_|6|518| |1.000000|8.520000|0.000000|000|14.785698|-1.000000|-1.000000|0.000000|-1|0
1872|67|518|6|-CD-|C_|6|519| |1.000000|9.980000|0.000000|000|14.851270|-1.000000|-1.000000|0.000000|-1|0
1872|67|519|10|-OE1|O_|8|520| |1.000000|14.850000|0.000000|000|15.703397|-1.000000|-1.000000|0.000000|-1|0
1872|67|520|10|-OE2|O_|8|521| |1.000000|13.130000|0.000000|000|14.203219|-1.000000|-1.000000|0.000000|-1|0
1872|68|521|1|-N--|N_|7|522| |1.000000|10.670000|0.000000|000|11.881827|-1.000000|-1.000000|0.000000|-1|0
1872|68|522|2|-CA-|C_|6|523| |1.000000|10.840000|0.000000|000|10.743962|-1.000000|-1.000000|0.000000|-1|0
1872|68|523|3|-C--|C_|6|524| |1.000000|12.530000|0.000000|000|10.187995|-1.000000|-1.000000|0.000000|-1|0
1872|68|524|4|-O--|O_|8|525| |1.000000|13.050000|0.000000|000|10.933272|-1.000000|-1.000000|0.000000|-1|0
1872|68|525|5|-CB-|C_|6|526| |1.000000|13.220000|0.000000|000|11.323592|-1.000000|-1.000000|0.000000|-1|0
1872|68|526|17|-OG1|O_|8|527| |1.000000|15.730000|0.000000|000|12.354618|-1.000000|-1.000000|0.000000|-1|0
1872|68|527|6|-CG2|C_|6|528| |1.000000|11.360000|0.000000|000|12.120255|-1.000000|-1.000000|0.000000|-1|0
1872|69|528|1|-N--|N_|7|529| |1.000000|10.860000|0.000000|000|8.931708|-1.000000|-1.000000|0.000000|-1|0
1872|69|529|2|-CA-|C_|6|530| |1.000000|9.810000|0.000000|000|8.495899|-1.000000|-1.000000|0.000000|-1|0
1872|69|530|3|-C--|C_|6|531| |1.000000|11.990000|0.000000|000|7.988927|-1.000000|-1.000000|0.000000|-1|0
1872|69|531|4|-O--|O_|8|532| |1.000000|11.590000|0.000000|000|7.166783|-1.000000|-1.000000|0.000000|-1|0
1872|69|532|5|-CB-|C_|6|533| |1.000000|10.660000|0.000000|000|7.486714|-1.000000|-1.000000|0.000000|-1|0
1872|69|533|12|-CG-|C_|6|534| |1.000000|10.060000|0.000000|000|7.208267|-1.000000|-1.000000|0.000000|-1|0
1872|69|534|12|-CD1|C_|6|535| |1.000000|9.690000|0.000000|000|8.418220|-1.000000|-1.000000|0.000000|-1|0
1872|69|535|12|-CD2|C_|6|536| |1.000000|12.220000|0.000000|000|5.978652|-1.000000|-1.000000|0.000000|-1|0
1872|69|536|12|-CE1|C_|6|537| |1.000000|11.380000|0.000000|000|8.550508|-1.000000|-1.000000|0.000000|-1|0
1872|69|537|12|-CE2|C_|6|538| |1.000000|13.380000|0.000000|000|6.209604|-1.000000|-1.000000|0.000000|-1|0
1872|69|538|12|-CZ-|C_|6|539| |1.000000|14.360000|0.000000|000|7.518074|-1.000000|-1.000000|0.000000|-1|0
1872|70|539|1|-N--|N_|7|540| |1.000000|10.960000|0.000000|000|8.803695|-1.000000|-1.000000|0.000000|-1|0
1872|70|540|2|-CA-|C_|6|541| |1.000000|14.340000|0.000000|000|8.917954|-1.000000|-1.000000|0.000000|-1|0
1872|70|541|3|-C--|C_|6|542| |1.000000|13.170000|0.000000|000|8.799283|-1.000000|-1.000000|0.000000|-1|0
1872|70|542|4|-O--|O_|8|543| |1.000000|11.310000|0.000000|000|9.350099|-1.000000|-1.000000|0.000000|-1|0
1872|70|543|5|-CB-|C_|6|544| |1.000000|15.740000|0.000000|000|10.386229|-1.000000|-1.000000|0.000000|-1|0
1872|70|544|6|-CG-|C_|6|545| |1.000000|24.080000|0.000000|000|10.828922|-1.000000|-1.000000|0.000000|-1|0
1872|70|545|6|-CD-|C_|6|546| |1.000000|35.299999|0.000000|000|12.260342|-1.000000|-1.000000|0.000000|-1|0
1872|70|546|10|-OE1|O_|8|547| |1.000000|36.619999|0.000000|000|12.845936|-1.000000|-1.000000|0.000000|-1|0
1872|70|547|10|-OE2|O_|8|548| |1.000000|44.389999|0.000000|000|12.880292|-1.000000|-1.000000|0.000000|-1|0
1872|71|548|1|-N--|N_|7|549| |1.000000|10.490000|0.000000|000|8.336864|-1.000000|-1.000000|0.000000|-1|0
1872|71|549|2|-CA-|C_|6|550| |1.000000|11.320000|0.000000|000|8.628194|-1.000000|-1.000000|0.000000|-1|0
1872|71|550|3|-C--|C_|6|551| |1.000000|9.940000|0.000000|000|9.262039|-1.000000|-1.000000|0.000000|-1|0
1872|71|551|4|-O--|O_|8|552| |1.000000|11.780000|0.000000|000|9.178277|-1.000000|-1.000000|0.000000|-1|0
1872|71|552|5|-CB-|C_|6|553| |1.000000|10.970000|0.000000|000|7.609619|-1.000000|-1.000000|0.000000|-1|0
1872|71|553|6|-CG1|C_|6|554| |1.000000|14.020000|0.000000|000|7.161144|-1.000000|-1.000000|0.000000|-1|0
1872|71|554|6|-CG2|C_|6|555| |1.000000|14.780000|0.000000|000|6.552444|-1.000000|-1.000000|0.000000|-1|0
1872|72|555|1|-N--|N_|7|556| |1.000000|10.210000|0.000000|000|10.119372|-1.000000|-1.000000|0.000000|-1|0
1872|72|556|2|-CA-|C_|6|557| |1.000000|10.030000|0.000000|000|10.910406|-1.000000|-1.000000|0.000000|-1|0
1872|72|557|3|-C--|C_|6|558| |1.000000|10.370000|0.000000|000|11.211590|-1.000000|-1.000000|0.000000|-1|0
1872|72|558|4|-O--|O_|8|559| |1.000000|12.760000|0.000000|000|11.747217|-1.000000|-1.000000|0.000000|-1|0
1872|72|559|5|-CB-|C_|6|560| |1.000000|10.050000|0.000000|000|12.252348|-1.000000|-1.000000|0.000000|-1|0
1872|73|560|1|-N--|N_|7|561| |1.000000|9.370000|0.000000|000|10.943707|-1.000000|-1.000000|0.000000|-1|0
1872|73|561|2|-CA-|C_|6|562| |1.000000|9.470000|0.000000|000|11.142089|-1.000000|-1.000000|0.000000|-1|0
1872|73|562|3|-C--|C_|6|563| |1.000000|12.560000|0.000000|000|12.577133|-1.000000|-1.000000|0.000000|-1|0
1872|73|563|4|-O--|O_|8|564| |1.000000|13.340000|0.000000|000|12.942846|-1.000000|-1.000000|0.000000|-1|0
1872|73|564|5|-CB-|C_|6|565| |1.000000|10.400000|0.000000|000|10.231524|-1.000000|-1.000000|0.000000|-1|0
1872|73|565|6|-CG-|C_|6|566| |1.000000|9.420000|0.000000|000|8.757792|-1.000000|-1.000000|0.000000|-1|0
1872|73|566|6|-CD1|C_|6|567| |1.000000|12.550000|0.000000|000|7.925246|-1.000000|-1.000000|0.000000|-1|0
1872|73|567|6|-CD2|C_|6|568| |1.000000|12.260000|0.000000|000|8.680792|-1.000000|-1.000000|0.000000|-1|0
1872|74|568|1|-N--|N_|7|569| |1.000000|11.060000|0.000000|000|13.489161|-1.000000|-1.000000|0.000000|-1|0
1872|74|569|2|-CA-|C_|6|570| |1.000000|16.080000|0.000000|000|14.865839|-1.000000|-1.000000|0.000000|-1|0
1872|74|570|3|-C--|C_|6|571| |1.000000|16.629999|0.000000|000|15.305369|-1.000000|-1.000000|0.000000|-1|0
1872|74|571|4|-O--|O_|8|572| |1.000000|16.480000|0.000000|000|16.417187|-1.000000|-1.000000|0.000000|-1|0
1872|74|572|5|-CB-|C_|6|573| |1.000000|16.280001|0.000000|000|15.853962|-1.000000|-1.000000|0.000000|-1|0
1872|74|573|17|-OG-|O_|8|574| |1.000000|19.170000|0.000000|000|15.679908|-1.000000|-1.000000|0.000000|-1|0
1872|75|574|1|-N--|N_|7|575| |1.000000|14.630000|0.000000|000|14.725196|-1.000000|-1.000000|0.000000|-1|0
1872|75|575|2|-CA-|C_|6|576| |1.000000|12.500000|0.000000|000|15.461653|-1.000000|-1.000000|0.000000|-1|0
1872|75|576|3|-C--|C_|6|577| |1.000000|15.630000|0.000000|000|15.061025|-1.000000|-1.000000|0.000000|-1|0
1872|75|577|4|-O--|O_|8|578| |1.000000|14.850000|0.000000|000|13.868232|-1.000000|-1.000000|0.000000|-1|0
1872|75|578|5|-CB-|C_|6|579| |1.000000|13.640000|0.000000|000|15.501660|-1.000000|-1.000000|0.000000|-1|0
1872|75|579|6|-CG-|C_|6|580| |1.000000|16.260000|0.000000|000|16.288406|-1.000000|-1.000000|0.000000|-1|0
1872|75|580|10|-OD1|O_|8|581| |1.000000|22.030001|0.000000|000|16.808722|-1.000000|-1.000000|0.000000|-1|0
1872|75|581|10|-OD2|O_|8|582| |1.000000|19.790001|0.000000|000|16.431757|-1.000000|-1.000000|0.000000|-1|0
1872|76|582|1|-N--|N_|7|583| |1.000000|14.880000|0.000000|000|16.109861|-1.000000|-1.000000|0.000000|-1|0
1872|76|583|2|-CA-|C_|6|584| |1.000000|14.460000|0.000000|000|15.975683|-1.000000|-1.000000|0.000000|-1|0
1872|76|584|3|-C--|C_|6|585| |1.000000|11.390000|0.000000|000|15.686289|-1.000000|-1.000000|0.000000|-1|0
1872|76|585|4|-O--|O_|8|586| |1.000000|13.260000|0.000000|000|16.098173|-1.000000|-1.000000|0.000000|-1|0
1872|76|586|5|-CB-|C_|6|587| |1.000000|12.560000|0.000000|000|17.306625|-1.000000|-1.000000|0.000000|-1|0
1872|76|587|6|-CG-|C_|6|588| |1.000000|16.020000|0.000000|000|17.621578|-1.000000|-1.000000|0.000000|-1|0
1872|76|588|6|-CD-|C_|6|589| |1.000000|17.879999|0.000000|000|19.035505|-1.000000|-1.000000|0.000000|-1|0
1872|76|589|6|-CE-|C_|6|590| |1.000000|22.430000|0.000000|000|19.360300|-1.000000|-1.000000|0.000000|-1|0
1872|76|590|14|-NZ-|N_|7|591| |1.000000|27.600000|0.000000|000|20.843029|-1.000000|-1.000000|0.000000|-1|0
1872|77|591|1|-N--|N_|7|592| |1.000000|10.490000|0.000000|000|15.068499|-1.000000|-1.000000|0.000000|-1|0
1872|77|592|2|-CA-|C_|6|593| |1.000000|8.730000|0.000000|000|14.911938|-1.000000|-1.000000|0.000000|-1|0
1872|77|593|3|-C--|C_|6|594| |1.000000|8.100000|0.000000|000|13.568603|-1.000000|-1.000000|0.000000|-1|0
1872|77|594|4|-O--|O_|8|595| |1.000000|9.970000|0.000000|000|12.816454|-1.000000|-1.000000|0.000000|-1|0
1872|78|595|1|-N--|N_|7|596| |1.000000|7.690000|0.000000|000|13.444070|-1.000000|-1.000000|0.000000|-1|0
1872|78|596|2|-CA-|C_|6|597| |1.000000|8.700000|0.000000|000|12.415648|-1.000000|-1.000000|0.000000|-1|0
1872|78|597|3|-C--|C_|6|598| |1.000000|7.540000|0.000000|000|11.368805|-1.000000|-1.000000|0.000000|-1|0
1872|78|598|4|-O--|O_|8|599| |1.000000|10.880000|0.000000|000|11.856973|-1.000000|-1.000000|0.000000|-1|0
1872|78|599|5|-CB-|C_|6|600| |1.000000|10.590000|0.000000|000|13.170860|-1.000000|-1.000000|0.000000|-1|0
1872|78|600|6|-CG-|C_|6|601| |1.000000|10.090000|0.000000|000|14.239722|-1.000000|-1.000000|0.000000|-1|0
1872|78|601|6|-CD-|C_|6|602| |1.000000|11.740000|0.000000|000|14.957580|-1.000000|-1.000000|0.000000|-1|0
1872|78|602|10|-OE1|O_|8|603| |1.000000|11.920000|0.000000|000|14.688461|-1.000000|-1.000000|0.000000|-1|0
1872|78|603|10|-OE2|O_|8|604| |1.000000|12.600000|0.000000|000|15.852391|-1.000000|-1.000000|0.000000|-1|0
1872|79|604|1|-N--|N_|7|605| |1.000000|9.880000|0.000000|000|10.081220|-1.000000|-1.000000|0.000000|-1|0
1872|79|605|2|-CA-|C_|6|606| |1.000000|8.340000|0.000000|000|9.071139|-1.000000|-1.000000|0.000000|-1|0
1872|79|606|3|-C--|C_|6|607| |1.000000|10.640000|0.000000|000|8.304407|-1.000000|-1.000000|0.000000|-1|0
1872|79|607|4|-O--|O_|8|608| |1.000000|12.160000|0.000000|000|7.990629|-1.000000|-1.000000|0.000000|-1|0
1872|79|608|5|-CB-|C_|6|609| |1.000000|10.910000|0.000000|000|8.179585|-1.000000|-1.000000|0.000000|-1|0
1872|79|609|12|-CG-|C_|6|610| |1.000000|9.470000|0.000000|000|9.093394|-1.000000|-1.000000|0.000000|-1|0
1872|79|610|12|-CD1|C_|6|611| |1.000000|10.140000|0.000000|000|10.058508|-1.000000|-1.000000|0.000000|-1|0
1872|79|611|12|-CD2|C_|6|612| |1.000000|9.420000|0.000000|000|9.133615|-1.000000|-1.000000|0.000000|-1|0
1872|79|612|12|-CE1|C_|6|613| |1.000000|9.650000|0.000000|000|11.000712|-1.000000|-1.000000|0.000000|-1|0
1872|79|613|12|-CE2|C_|6|614| |1.000000|11.430000|0.000000|000|10.132587|-1.000000|-1.000000|0.000000|-1|0
1872|79|614|12|-CZ-|C_|6|615| |1.000000|10.460000|0.000000|000|11.022022|-1.000000|-1.000000|0.000000|-1|0
1872|79|615|18|-OH-|O_|8|616| |1.000000|13.630000|0.000000|000|12.101043|-1.000000|-1.000000|0.000000|-1|0
1872|80|616|1|-N--|N_|7|617| |1.000000|9.400000|0.000000|000|8.258063|-1.000000|-1.000000|0.000000|-1|0
1872|80|617|2|-CA-|C_|6|618| |1.000000|10.150000|0.000000|000|7.665887|-1.000000|-1.000000|0.000000|-1|0
1872|80|618|3|-C--|C_|6|619| |1.000000|10.310000|0.000000|000|6.482260|-1.000000|-1.000000|0.000000|-1|0
1872|80|619|4|-O--|O_|8|620| |1.000000|11.020000|0.000000|000|6.816999|-1.000000|-1.000000|0.000000|-1|0
1872|80|620|5|-CB-|C_|6|621| |1.000000|10.410000|0.000000|000|8.847487|-1.000000|-1.000000|0.000000|-1|0
1872|80|621|17|-OG1|O_|8|622| |1.000000|11.250000|0.000000|000|9.916703|-1.000000|-1.000000|0.000000|-1|0
1872|80|622|6|-CG2|C_|6|623| |1.000000|9.650000|0.000000|000|8.643448|-1.000000|-1.000000|0.000000|-1|0
1872|81|623|1|-N--|N_|7|624| |1.000000|9.020000|0.000000|000|5.403215|-1.000000|-1.000000|0.000000|-1|0
1872|81|624|2|-CA-|C_|6|625| |1.000000|10.300000|0.000000|000|4.397866|-1.000000|-1.000000|0.000000|-1|0
1872|81|625|3|-C--|C_|6|626| |1.000000|10.460000|0.000000|000|4.794101|-1.000000|-1.000000|0.000000|-1|0
1872|81|626|4|-O--|O_|8|627| |1.000000|9.730000|0.000000|000|5.480047|-1.000000|-1.000000|0.000000|-1|0
1872|81|627|5|-CB-|C_|6|628| |1.000000|8.150000|0.000000|000|2.977917|-1.000000|-1.000000|0.000000|-1|0
1872|81|628|12|-CG-|C_|6|629| |1.000000|10.600000|0.000000|000|2.989842|-1.000000|-1.000000|0.000000|-1|0
1872|81|629|12|-CD1|C_|6|630| |1.000000|11.790000|0.000000|000|2.977785|-1.000000|-1.000000|0.000000|-1|0
1872|81|630|12|-CD2|C_|6|631| |1.000000|10.310000|0.000000|000|3.802221|-1.000000|-1.000000|0.000000|-1|0
1872|81|631|12|-CE1|C_|6|632| |1.000000|9.960000|0.000000|000|3.844682|-1.000000|-1.000000|0.000000|-1|0
1872|81|632|12|-CE2|C_|6|633| |1.000000|8.790000|0.000000|000|4.471548|-1.000000|-1.000000|0.000000|-1|0
1872|81|633|12|-CZ-|C_|6|634| |1.000000|11.230000|0.000000|000|4.521598|-1.000000|-1.000000|0.000000|-1|0
1872|82|634|1|-N--|N_|7|635| |1.000000|7.370000|0.000000|000|4.873541|-1.000000|-1.000000|0.000000|-1|0
1872|82|635|2|-CA-|C_|6|636| |1.000000|6.850000|0.000000|000|5.778688|-1.000000|-1.000000|0.000000|-1|0
1872|82|636|3|-C--|C_|6|637| |1.000000|8.440000|0.000000|000|5.757757|-1.000000|-1.000000|0.000000|-1|0
1872|82|637|4|-O--|O_|8|638| |1.000000|7.780000|0.000000|000|5.309052|-1.000000|-1.000000|0.000000|-1|0
1872|82|638|5|-CB-|C_|6|639| |1.000000|7.590000|0.000000|000|7.212541|-1.000000|-1.000000|0.000000|-1|0
1872|82|639|12|-CG-|C_|6|640| |1.000000|9.230000|0.000000|000|7.704253|-1.000000|-1.000000|0.000000|-1|0
1872|82|640|12|-CD1|C_|6|641| |1.000000|11.410000|0.000000|000|7.633520|-1.000000|-1.000000|0.000000|-1|0
1872|82|641|12|-CD2|C_|6|642| |1.000000|9.820000|0.000000|000|8.482941|-1.000000|-1.000000|0.000000|-1|0
1872|82|642|12|-CE1|C_|6|643| |1.000000|16.760000|0.000000|000|8.394162|-1.000000|-1.000000|0.000000|-1|0
1872|82|643|12|-CE2|C_|6|644| |1.000000|11.880000|0.000000|000|9.180145|-1.000000|-1.000000|0.000000|-1|0
1872|82|644|12|-CZ-|C_|6|645| |1.000000|14.750000|0.000000|000|9.129484|-1.000000|-1.000000|0.000000|-1|0
1872|82|645|18|-OH-|O_|8|646| |1.000000|16.750000|0.000000|000|10.038258|-1.000000|-1.000000|0.000000|-1|0
1872|83|646|1|-N--|N_|7|647| |1.000000|8.140000|0.000000|000|6.638052|-1.000000|-1.000000|0.000000|-1|0
1872|83|647|2|-CA-|C_|6|648| |1.000000|8.880000|0.000000|000|7.220238|-1.000000|-1.000000|0.000000|-1|0
1872|83|648|3|-C--|C_|6|649| |1.000000|7.280000|0.000000|000|8.567377|-1.000000|-1.000000|0.000000|-1|0
1872|83|649|4|-O--|O_|8|650| |1.000000|8.650000|0.000000|000|9.359734|-1.000000|-1.000000|0.000000|-1|0
1872|83|650|5|-CB-|C_|6|651| |1.000000|9.270000|0.000000|000|7.659892|-1.000000|-1.000000|0.000000|-1|0
1872|83|651|11|-SG-|S_|16|652| |1.000000|7.700000|0.000000|000|9.048227|-1.000000|-1.000000|0.000000|-1|0
1872|84|652|1|-N--|N_|7|653| |1.000000|8.430000|0.000000|000|8.971271|-1.000000|-1.000000|0.000000|-1|0
1872|84|653|2|-CA-|C_|6|654|A|0.500000|8.050000|0.000000|000|10.251615|-1.000000|-1.000000|0.000000|-1|0
1872|84|654|2|-CA-|C_|6|655|B|0.500000|8.050000|0.000000|000|10.274361|-1.000000|-1.000000|0.000000|-1|0
1872|84|655|3|-C--|C_|6|656| |1.000000|10.070000|0.000000|000|11.446142|-1.000000|-1.000000|0.000000|-1|0
1872|84|656|4|-O--|O_|8|657| |1.000000|11.460000|0.000000|000|12.214785|-1.000000|-1.000000|0.000000|-1|0
1872|84|657|5|-CB-|C_|6|658|A|0.500000|11.160000|0.000000|000|10.628865|-1.000000|-1.000000|0.000000|-1|0
1872|84|658|5|-CB-|C_|6|659|B|0.500000|11.160000|0.000000|000|10.770453|-1.000000|-1.000000|0.000000|-1|0
1872|84|659|17|-OG-|O_|8|660|A|0.500000|17.320000|0.000000|000|11.912161|-1.000000|-1.000000|0.000000|-1|0
1872|84|660|17|-OG-|O_|8|661|B|0.500000|17.320000|0.000000|000|11.076876|-1.000000|-1.000000|0.000000|-1|0
1872|85|661|1|-N--|N_|7|662| |1.000000|11.020000|0.000000|000|11.680434|-1.000000|-1.000000|0.000000|-1|0
1872|85|662|2|-CA-|C_|6|663| |1.000000|11.150000|0.000000|000|12.922840|-1.000000|-1.000000|0.000000|-1|0
1872|85|663|3|-C--|C_|6|664| |1.000000|11.100000|0.000000|000|12.960593|-1.000000|-1.000000|0.000000|-1|0
1872|85|664|4|-O--|O_|8|665| |1.000000|12.770000|0.000000|000|14.048751|-1.000000|-1.000000|0.000000|-1|0
1872|85|665|5|-CB-|C_|6|666| |1.000000|11.800000|0.000000|000|13.142488|-1.000000|-1.000000|0.000000|-1|0
1872|85|666|6|-CG-|C_|6|667| |1.000000|11.450000|0.000000|000|12.116245|-1.000000|-1.000000|0.000000|-1|0
1872|85|667|6|-CD-|C_|6|668| |1.000000|9.790000|0.000000|000|11.250823|-1.000000|-1.000000|0.000000|-1|0
1872|86|668|1|-N--|N_|7|669| |1.000000|9.180000|0.000000|000|11.895181|-1.000000|-1.000000|0.000000|-1|0
1872|86|669|2|-CA-|C_|6|670| |1.000000|7.520000|0.000000|000|12.139773|-1.000000|-1.000000|0.000000|-1|0
1872|86|670|3|-C--|C_|6|671| |1.000000|9.320000|0.000000|000|11.817895|-1.000000|-1.000000|0.000000|-1|0
1872|86|671|4|-O--|O_|8|672| |1.000000|8.280000|0.000000|000|12.004734|-1.000000|-1.000000|0.000000|-1|0
1872|86|672|5|-CB-|C_|6|673| |1.000000|11.240000|0.000000|000|11.690055|-1.000000|-1.000000|0.000000|-1|0
1872|86|673|12|-CG-|C_|6|674| |1.000000|8.120000|0.000000|000|12.389649|-1.000000|-1.000000|0.000000|-1|0
1872|86|674|13|-ND1|N_|7|675| |1.000000|10.210000|0.000000|000|12.003938|-1.000000|-1.000000|0.000000|-1|0
1872|86|675|12|-CD2|C_|6|676| |1.000000|11.540000|0.000000|000|13.642854|-1.000000|-1.000000|0.000000|-1|0
1872|86|676|12|-CE1|C_|6|677| |1.000000|7.610000|0.000000|000|12.985409|-1.000000|-1.000000|0.000000|-1|0
1872|86|677|13|-NE2|N_|7|678| |1.000000|8.350000|0.000000|000|13.949087|-1.000000|-1.000000|0.000000|-1|0
1872|87|678|1|-N--|N_|7|679| |1.000000|11.140000|0.000000|000|11.613474|-1.000000|-1.000000|0.000000|-1|0
1872|87|679|2|-CA-|C_|6|680|A|0.500000|10.640000|0.000000|000|11.510180|-1.000000|-1.000000|0.000000|-1|0
1872|87|680|2|-CA-|C_|6|681|B|0.500000|10.870000|0.000000|000|11.443734|-1.000000|-1.000000|0.000000|-1|0
1872|87|681|3|-C--|C_|6|682| |1.000000|10.970000|0.000000|000|12.741090|-1.000000|-1.000000|0.000000|-1|0
1872|87|682|4|-O--|O_|8|683| |1.000000|15.360000|0.000000|000|12.757536|-1.000000|-1.000000|0.000000|-1|0
1872|87|683|5|-CB-|C_|6|684|A|0.500000|10.110000|0.000000|000|11.606793|-1.000000|-1.000000|0.000000|-1|0
1872|87|684|5|-CB-|C_|6|685|B|0.500000|12.680000|0.000000|000|11.312435|-1.000000|-1.000000|0.000000|-1|0
1872|87|685|6|-CG-|C_|6|686|A|0.500000|12.520000|0.000000|000|12.902345|-1.000000|-1.000000|0.000000|-1|0
1872|87|686|6|-CG-|C_|6|687|B|0.500000|15.650000|0.000000|000|11.087872|-1.000000|-1.000000|0.000000|-1|0
1872|87|687|6|-CD-|C_|6|688|A|0.500000|12.320000|0.000000|000|12.890818|-1.000000|-1.000000|0.000000|-1|0
1872|87|688|6|-CD-|C_|6|689|B|0.500000|24.180000|0.000000|000|12.422859|-1.000000|-1.000000|0.000000|-1|0
1872|87|689|8|-OE1|O_|8|690|A|0.500000|14.830000|0.000000|000|12.939073|-1.000000|-1.000000|0.000000|-1|0
1872|87|690|8|-OE1|O_|8|691|B|0.500000|29.950001|0.000000|000|13.458381|-1.000000|-1.000000|0.000000|-1|0
1872|87|691|9|-NE2|N_|7|692|A|0.500000|15.700000|0.000000|000|13.057671|-1.000000|-1.000000|0.000000|-1|0
1872|87|692|9|-NE2|N_|7|693|B|0.500000|27.260000|0.000000|000|12.534643|-1.000000|-1.000000|0.000000|-1|0
1872|88|693|1|-N--|N_|7|694| |1.000000|9.770000|0.000000|000|13.851525|-1.000000|-1.000000|0.000000|-1|0
1872|88|694|2|-CA-|C_|6|695| |1.000000|10.830000|0.000000|000|15.079918|-1.000000|-1.000000|0.000000|-1|0
1872|88|695|3|-C--|C_|6|696| |1.000000|12.520000|0.000000|000|15.472259|-1.000000|-1.000000|0.000000|-1|0
1872|88|696|4|-O--|O_|8|697| |1.000000|15.850000|0.000000|000|16.502695|-1.000000|-1.000000|0.000000|-1|0
1872|89|697|1|-N--|N_|7|698| |1.000000|9.830000|0.000000|000|14.724646|-1.000000|-1.000000|0.000000|-1|0
1872|89|698|2|-CA-|C_|6|699| |1.000000|10.400000|0.000000|000|15.079100|-1.000000|-1.000000|0.000000|-1|0
1872|89|699|3|-C--|C_|6|700| |1.000000|10.060000|0.000000|000|14.331740|-1.000000|-1.000000|0.000000|-1|0
1872|89|700|4|-O--|O_|8|701| |1.000000|12.050000|0.000000|000|14.630374|-1.000000|-1.000000|0.000000|-1|0
1872|89|701|5|-CB-|C_|6|702| |1.000000|9.990000|0.000000|000|15.017982|-1.000000|-1.000000|0.000000|-1|0
1872|90|702|1|-N--|N_|7|703| |1.000000|9.240000|0.000000|000|13.500481|-1.000000|-1.000000|0.000000|-1|0
1872|90|703|2|-CA-|C_|6|704| |1.000000|8.260000|0.000000|000|12.975988|-1.000000|-1.000000|0.000000|-1|0
1872|90|704|3|-C--|C_|6|705| |1.000000|8.700000|0.000000|000|11.624596|-1.000000|-1.000000|0.000000|-1|0
1872|90|705|4|-O--|O_|8|706| |1.000000|8.900000|0.000000|000|11.323853|-1.000000|-1.000000|0.000000|-1|0
1872|91|706|1|-N--|N_|7|707| |1.000000|7.720000|0.000000|000|10.916831|-1.000000|-1.000000|0.000000|-1|0
1872|91|707|2|-CA-|C_|6|708| |1.000000|7.040000|0.000000|000|9.665193|-1.000000|-1.000000|0.000000|-1|0
1872|91|708|3|-C--|C_|6|709| |1.000000|9.700000|0.000000|000|8.541276|-1.000000|-1.000000|0.000000|-1|0
1872|91|709|4|-O--|O_|8|710| |1.000000|8.180000|0.000000|000|8.018212|-1.000000|-1.000000|0.000000|-1|0
1872|91|710|5|-CB-|C_|6|711| |1.000000|4.890000|0.000000|000|9.629233|-1.000000|-1.000000|0.000000|-1|0
1872|91|711|6|-CG-|C_|6|712| |1.000000|7.160000|0.000000|000|8.664412|-1.000000|-1.000000|0.000000|-1|0
1872|91|712|16|-SD-|S_|16|713| |1.000000|8.330000|0.000000|000|9.238519|-1.000000|-1.000000|0.000000|-1|0
1872|91|713|6|-CE-|C_|6|714| |1.000000|9.380000|0.000000|000|7.909000|-1.000000|-1.000000|0.000000|-1|0
1872|92|714|1|-N--|N_|7|715| |1.000000|9.520000|0.000000|000|8.495221|-1.000000|-1.000000|0.000000|-1|0
1872|92|715|2|-CA-|C_|6|716| |1.000000|8.940000|0.000000|000|7.932920|-1.000000|-1.000000|0.000000|-1|0
1872|92|716|3|-C--|C_|6|717| |1.000000|9.500000|0.000000|000|7.677195|-1.000000|-1.000000|0.000000|-1|0
1872|92|717|4|-O--|O_|8|718| |1.000000|10.280000|0.000000|000|8.458296|-1.000000|-1.000000|0.000000|-1|0
1872|92|718|5|-CB-|C_|6|719| |1.000000|9.040000|0.000000|000|9.157450|-1.000000|-1.000000|0.000000|-1|0
1872|92|719|6|-CG1|C_|6|720| |1.000000|10.820000|0.000000|000|8.967322|-1.000000|-1.000000|0.000000|-1|0
1872|92|720|6|-CG2|C_|6|721| |1.000000|10.370000|0.000000|000|9.740666|-1.000000|-1.000000|0.000000|-1|0
1872|93|721|1|-N--|N_|7|722| |1.000000|8.380000|0.000000|000|6.830584|-1.000000|-1.000000|0.000000|-1|0
1872|93|722|2|-CA-|C_|6|723| |1.000000|11.280000|0.000000|000|6.966348|-1.000000|-1.000000|0.000000|-1|0
1872|93|723|3|-C--|C_|6|724| |1.000000|11.510000|0.000000|000|6.965854|-1.000000|-1.000000|0.000000|-1|0
1872|93|724|4|-O--|O_|8|725| |1.000000|9.380000|0.000000|000|6.686410|-1.000000|-1.000000|0.000000|-1|0
1872|94|725|1|-N--|N_|7|726| |1.000000|10.680000|0.000000|000|7.618760|-1.000000|-1.000000|0.000000|-1|0
1872|94|726|2|-CA-|C_|6|727| |1.000000|11.820000|0.000000|000|8.224721|-1.000000|-1.000000|0.000000|-1|0
1872|94|727|3|-C--|C_|6|728| |1.000000|10.840000|0.000000|000|8.178894|-1.000000|-1.000000|0.000000|-1|0
1872|94|728|4|-O--|O_|8|729| |1.000000|9.650000|0.000000|000|8.625779|-1.000000|-1.000000|0.000000|-1|0
1872|94|729|5|-CB-|C_|6|730| |1.000000|11.380000|0.000000|000|9.677670|-1.000000|-1.000000|0.000000|-1|0
1872|94|730|6|-CG-|C_|6|731| |1.000000|16.469999|0.000000|000|10.713719|-1.000000|-1.000000|0.000000|-1|0
1872|94|731|6|-CD-|C_|6|732| |1.000000|20.200001|0.000000|000|11.609110|-1.000000|-1.000000|0.000000|-1|0
1872|94|732|6|-CE-|C_|6|733| |1.000000|21.920000|0.000000|000|11.857739|-1.000000|-1.000000|0.000000|-1|0
1872|94|733|14|-NZ-|N_|7|734| |1.000000|16.590000|0.000000|000|12.835386|-1.000000|-1.000000|0.000000|-1|0
1872|95|734|1|-N--|N_|7|735| |1.000000|8.310000|0.000000|000|7.999228|-1.000000|-1.000000|0.000000|-1|0
1872|95|735|2|-CA-|C_|6|736| |1.000000|8.020000|0.000000|000|8.480977|-1.000000|-1.000000|0.000000|-1|0
1872|95|736|3|-C--|C_|6|737| |1.000000|9.230000|0.000000|000|9.671711|-1.000000|-1.000000|0.000000|-1|0
1872|95|737|4|-O--|O_|8|738| |1.000000|10.950000|0.000000|000|9.779032|-1.000000|-1.000000|0.000000|-1|0
1872|95|738|5|-CB-|C_|6|739| |1.000000|10.720000|0.000000|000|7.641205|-1.000000|-1.000000|0.000000|-1|0
1872|95|739|6|-CG1|C_|6|740| |1.000000|10.400000|0.000000|000|6.967203|-1.000000|-1.000000|0.000000|-1|0
1872|95|740|6|-CG2|C_|6|741| |1.000000|9.910000|0.000000|000|8.682446|-1.000000|-1.000000|0.000000|-1|0
1872|96|741|1|-N--|N_|7|742| |1.000000|9.220000|0.000000|000|10.720634|-1.000000|-1.000000|0.000000|-1|0
1872|96|742|2|-CA-|C_|6|743| |1.000000|9.900000|0.000000|000|12.022454|-1.000000|-1.000000|0.000000|-1|0
1872|96|743|3|-C--|C_|6|744| |1.000000|8.730000|0.000000|000|12.231692|-1.000000|-1.000000|0.000000|-1|0
1872|96|744|4|-O--|O_|8|745| |1.000000|10.670000|0.000000|000|12.384041|-1.000000|-1.000000|0.000000|-1|0
1872|96|745|5|-CB-|C_|6|746|A|0.400000|8.340000|0.000000|000|13.233876|-1.000000|-1.000000|0.000000|-1|0
1872|96|746|5|-CB-|C_|6|747|B|0.600000|9.640000|0.000000|000|13.259405|-1.000000|-1.000000|0.000000|-1|0
1872|96|747|6|-CG1|C_|6|748|A|0.400000|7.400000|0.000000|000|12.985039|-1.000000|-1.000000|0.000000|-1|0
1872|96|748|6|-CG1|C_|6|749|B|0.600000|12.080000|0.000000|000|13.355181|-1.000000|-1.000000|0.000000|-1|0
1872|96|749|6|-CG2|C_|6|750|A|0.400000|7.960000|0.000000|000|14.386494|-1.000000|-1.000000|0.000000|-1|0
1872|96|750|6|-CG2|C_|6|751|B|0.600000|8.360000|0.000000|000|14.533235|-1.000000|-1.000000|0.000000|-1|0
1872|96|751|6|-CD1|C_|6|752|A|0.400000|2.370000|0.000000|000|12.799996|-1.000000|-1.000000|0.000000|-1|0
1872|96|752|6|-CD1|C_|6|753|B|0.600000|17.260000|0.000000|000|12.703019|-1.000000|-1.000000|0.000000|-1|0
1872|97|753|1|-N--|N_|7|754| |1.000000|10.480000|0.000000|000|12.559959|-1.000000|-1.000000|0.000000|-1|0
1872|97|754|2|-CA-|C_|6|755| |1.000000|10.750000|0.000000|000|13.024218|-1.000000|-1.000000|0.000000|-1|0
1872|97|755|3|-C--|C_|6|756| |1.000000|10.740000|0.000000|000|14.545314|-1.000000|-1.000000|0.000000|-1|0
1872|97|756|4|-O--|O_|8|757| |1.000000|12.070000|0.000000|000|15.056499|-1.000000|-1.000000|0.000000|-1|0
1872|97|757|5|-CB-|C_|6|758| |1.000000|11.040000|0.000000|000|12.553862|-1.000000|-1.000000|0.000000|-1|0
1872|97|758|6|-CG1|C_|6|759| |1.000000|11.890000|0.000000|000|13.332269|-1.000000|-1.000000|0.000000|-1|0
1872|97|759|6|-CG2|C_|6|760| |1.000000|9.090000|0.000000|000|11.093925|-1.000000|-1.000000|0.000000|-1|0
1872|98|760|1|-N--|N_|7|761| |1.000000|13.790000|0.000000|000|15.281484|-1.000000|-1.000000|0.000000|-1|0
1872|98|761|2|-CA-|C_|6|762| |1.000000|14.300000|0.000000|000|16.724714|-1.000000|-1.000000|0.000000|-1|0
1872|98|762|3|-C--|C_|6|763| |1.000000|17.790001|0.000000|000|17.627064|-1.000000|-1.000000|0.000000|-1|0
1872|98|763|4|-O--|O_|8|764| |1.000000|16.780001|0.000000|000|17.287769|-1.000000|-1.000000|0.000000|-1|0
1872|98|764|5|-CB-|C_|6|765| |1.000000|16.340000|0.000000|000|17.128502|-1.000000|-1.000000|0.000000|-1|0
1872|98|765|6|-CG-|C_|6|766| |1.000000|18.340000|0.000000|000|16.915173|-1.000000|-1.000000|0.000000|-1|0
1872|98|766|8|-OD1|O_|8|767| |1.000000|21.570000|0.000000|000|16.968365|-1.000000|-1.000000|0.000000|-1|0
1872|98|767|9|-ND2|N_|7|768| |1.000000|24.700001|0.000000|000|16.919724|-1.000000|-1.000000|0.000000|-1|0
1872|98|768|8|-OXT|O_|8|769| |1.000000|19.410000|0.000000|000|18.810713|-1.000000|-1.000000|0.000000|-1|0
1872|99|769|40|CU--|Cu|29|771| |1.000000|10.150000|2.000000|000|9.946292|-1.000000|-1.000000|0.000000|-1|2
1872|100|770|33|-S--|S_|16|772| |1.000000|12.560000|0.000000|000|17.716011|-1.000000|-1.000000|0.000000|-1|3
1872|100|771|31|-O1-|O_|8|773| |1.000000|12.160000|0.000000|000|16.453619|-1.000000|-1.000000|0.000000|-1|3
1872|100|772|31|-O2-|O_|8|774| |1.000000|13.820000|0.000000|000|18.506905|-1.000000|-1.000000|0.000000|-1|3
1872|100|773|31|-O3-|O_|8|775| |1.000000|11.210000|0.000000|000|18.608595|-1.000000|-1.000000|0.000000|-1|3
1872|100|774|31|-O4-|O_|8|776| |1.000000|12.320000|0.000000|000|17.512691|-1.000000|-1.000000|0.000000|-1|3
1872|101|775|29|-C1-|C_|6|777| |1.000000|16.400000|0.000000|000|19.287214|-1.000000|-1.000000|0.000000|-1|4
1872|101|776|31|-O1-|O_|8|778| |1.000000|11.990000|0.000000|000|19.964935|-1.000000|-1.000000|0.000000|-1|4
1872|101|777|29|-C2-|C_|6|779| |1.000000|20.920000|0.000000|000|18.165630|-1.000000|-1.000000|0.000000|-1|4
1872|101|778|31|-O2-|O_|8|780| |1.000000|18.250000|0.000000|000|18.865507|-1.000000|-1.000000|0.000000|-1|4
1872|101|779|29|-C3-|C_|6|781| |1.000000|21.969999|0.000000|000|17.507298|-1.000000|-1.000000|0.000000|-1|4
1872|101|780|31|-O3-|O_|8|782| |1.000000|29.410000|0.000000|000|17.421310|-1.000000|-1.000000|0.000000|-1|4
1872|102|781|28|-O--|O_|8|783| |1.000000|34.130001|0.000000|000|18.737663|-1.000000|-1.000000|0.000000|-1|1
1872|103|782|28|-O--|O_|8|784| |1.000000|35.439999|0.000000|000|14.125002|-1.000000|-1.000000|0.000000|-1|1
1872|104|783|28|-O--|O_|8|785| |1.000000|47.049999|0.000000|000|20.796331|-1.000000|-1.000000|0.000000|-1|1
1872|105|784|28|-O--|O_|8|786| |1.000000|23.190001|0.000000|000|16.271126|-1.000000|-1.000000|0.000000|-1|1
1872|106|785|28|-O--|O_|8|787| |1.000000|27.559999|0.000000|000|15.290050|-1.000000|-1.000000|0.000000|-1|1
1872|107|786|28|-O--|O_|8|788| |1.000000|33.160000|0.000000|000|14.753752|-1.000000|-1.000000|0.000000|-1|1
1872|108|787|28|-O--|O_|8|789| |1.000000|23.950001|0.000000|000|12.932593|-1.000000|-1.000000|0.000000|-1|1
1872|109|788|28|-O--|O_|8|790| |1.000000|33.410000|0.000000|000|10.874381|-1.000000|-1.000000|0.000000|-1|1
1872|110|789|28|-O--|O_|8|791| |1.000000|21.020000|0.000000|000|16.198400|-1.000000|-1.000000|0.000000|-1|1
1872|111|790|28|-O--|O_|8|792| |1.000000|40.910000|0.000000|000|11.890105|-1.000000|-1.000000|0.000000|-1|1
1872|112|791|28|-O--|O_|8|793| |1.000000|41.299999|0.000000|000|19.992805|-1.000000|-1.000000|0.000000|-1|1
1872|113|792|28|-O--|O_|8|794| |1.000000|36.250000|0.000000|000|12.158305|-1.000000|-1.000000|0.000000|-1|1
1872|114|793|28|-O--|O_|8|795| |1.000000|36.290001|0.000000|000|10.178329|-1.000000|-1.000000|0.000000|-1|1
1872|115|794|28|-O--|O_|8|796| |1.000000|24.730000|0.000000|000|19.088680|-1.000000|-1.000000|0.000000|-1|1
1872|116|795|28|-O--|O_|8|797| |1.000000|31.490000|0.000000|000|17.638479|-1.000000|-1.000000|0.000000|-1|1
1872|117|796|28|-O--|O_|8|798| |1.000000|19.580000|0.000000|000|14.931742|-1.000000|-1.000000|0.000000|-1|1
1872|118|797|28|-O--|O_|8|799| |1.000000|32.020000|0.000000|000|16.197454|-1.000000|-1.000000|0.000000|-1|1
1872|119|798|28|-O--|O_|8|800| |1.000000|24.320000|0.000000|000|16.821966|-1.000000|-1.000000|0.000000|-1|1
1872|120|799|28|-O--|O_|8|801| |1.000000|12.680000|0.000000|000|12.325157|-1.000000|-1.000000|0.000000|-1|1
1872|121|800|28|-O--|O_|8|802|A|0.500000|22.740000|0.000000|000|18.838621|-1.000000|-1.000000|0.000000|-1|1
1872|121|801|28|-O--|O_|8|803|B|0.500000|37.950001|0.000000|000|20.322760|-1.000000|-1.000000|0.000000|-1|1
1872|122|802|28|-O--|O_|8|804| |1.000000|14.600000|0.000000|000|16.438620|-1.000000|-1.000000|0.000000|-1|1
1872|123|803|28|-O--|O_|8|805| |1.000000|16.139999|0.000000|000|11.365093|-1.000000|-1.000000|0.000000|-1|1
1872|124|804|28|-O--|O_|8|806| |1.000000|20.389999|0.000000|000|12.687803|-1.000000|-1.000000|0.000000|-1|1
1872|125|805|28|-O--|O_|8|807| |1.000000|14.790000|0.000000|000|19.310638|-1.000000|-1.000000|0.000000|-1|1
1872|126|806|28|-O--|O_|8|808| |1.000000|25.209999|0.000000|000|17.986677|-1.000000|-1.000000|0.000000|-1|1
1872|127|807|28|-O--|O_|8|809| |1.000000|24.440001|0.000000|000|13.133080|-1.000000|-1.000000|0.000000|-1|1
1872|128|808|28|-O--|O_|8|810| |1.000000|26.330000|0.000000|000|16.453890|-1.000000|-1.000000|0.000000|-1|1
1872|129|809|28|-O--|O_|8|811| |1.000000|18.709999|0.000000|000|11.268832|-1.000000|-1.000000|0.000000|-1|1
1872|130|810|28|-O--|O_|8|812| |1.000000|23.840000|0.000000|000|16.658443|-1.000000|-1.000000|0.000000|-1|1
1872|131|811|28|-O--|O_|8|813| |1.000000|19.760000|0.000000|000|12.327929|-1.000000|-1.000000|0.000000|-1|1
1872|132|812|28|-O--|O_|8|814| |1.000000|13.790000|0.000000|000|10.758469|-1.000000|-1.000000|0.000000|-1|1
1872|133|813|28|-O--|O_|8|815| |1.000000|21.100000|0.000000|000|17.010357|-1.000000|-1.000000|0.000000|-1|1
1872|134|814|28|-O--|O_|8|816| |1.000000|18.450001|0.000000|000|11.658398|-1.000000|-1.000000|0.000000|-1|1
1872|135|815|28|-O--|O_|8|817| |1.000000|26.809999|0.000000|000|13.874961|-1.000000|-1.000000|0.000000|-1|1
1872|136|816|28|-O--|O_|8|818| |1.000000|12.130000|0.000000|000|16.084509|-1.000000|-1.000000|0.000000|-1|1
1872|137|817|28|-O--|O_|8|819| |1.000000|30.480000|0.000000|000|15.438480|-1.000000|-1.000000|0.000000|-1|1
1872|138|818|28|-O--|O_|8|820| |1.000000|17.219999|0.000000|000|10.243584|-1.000000|-1.000000|0.000000|-1|1
1872|139|819|28|-O--|O_|8|821| |1.000000|24.980000|0.000000|000|15.318716|-1.000000|-1.000000|0.000000|-1|1
1872|140|820|28|-O--|O_|8|822|A|0.500000|23.200001|0.000000|000|14.489498|-1.000000|-1.000000|0.000000|-1|1
1872|140|821|28|-O--|O_|8|823|B|0.500000|17.010000|0.000000|000|14.596146|-1.000000|-1.000000|0.000000|-1|1
1872|141|822|28|-O--|O_|8|824| |1.000000|11.830000|0.000000|000|9.084336|-1.000000|-1.000000|0.000000|-1|1
1872|142|823|28|-O--|O_|8|825| |1.000000|38.400002|0.000000|000|18.856588|-1.000000|-1.000000|0.000000|-1|1
1872|143|824|28|-O--|O_|8|826| |1.000000|47.759998|0.000000|000|14.123893|-1.000000|-1.000000|0.000000|-1|1
1872|144|825|28|-O--|O_|8|827| |1.000000|23.340000|0.000000|000|16.227200|-1.000000|-1.000000|0.000000|-1|1
1872|145|826|28|-O--|O_|8|828| |1.000000|13.770000|0.000000|000|14.481684|-1.000000|-1.000000|0.000000|-1|1
1872|146|827|28|-O--|O_|8|829| |1.000000|17.490000|0.000000|000|11.394177|-1.000000|-1.000000|0.000000|-1|1
1872|147|828|28|-O--|O_|8|830| |1.000000|36.110001|0.000000|000|16.757265|-1.000000|-1.000000|0.000000|-1|1
1872|148|829|28|-O--|O_|8|831| |1.000000|24.920000|0.000000|000|14.293861|-1.000000|-1.000000|0.000000|-1|1
1872|149|830|28|-O--|O_|8|832| |1.000000|25.889999|0.000000|000|11.436948|-1.000000|-1.000000|0.000000|-1|1
1872|150|831|28|-O--|O_|8|833| |1.000000|30.049999|0.000000|000|13.337488|-1.000000|-1.000000|0.000000|-1|1
1872|151|832|28|-O--|O_|8|834| |1.000000|23.420000|0.000000|000|15.784983|-1.000000|-1.000000|0.000000|-1|1
1872|152|833|28|-O--|O_|8|835| |1.000000|28.990000|0.000000|000|16.190287|-1.000000|-1.000000|0.000000|-1|1
1872|153|834|28|-O--|O_|8|836| |1.000000|31.350000|0.000000|000|18.364967|-1.000000|-1.000000|0.000000|-1|1
1872|154|835|28|-O--|O_|8|837| |1.000000|34.570000|0.000000|000|12.234146|-1.000000|-1.000000|0.000000|-1|1
1872|155|836|28|-O--|O_|8|838| |1.000000|25.889999|0.000000|000|13.211356|-1.000000|-1.000000|0.000000|-1|1
1872|156|837|28|-O--|O_|8|839| |1.000000|22.480000|0.000000|000|20.380787|-1.000000|-1.000000|0.000000|-1|1
1872|157|838|28|-O--|O_|8|840| |1.000000|23.500000|0.000000|000|18.138588|-1.000000|-1.000000|0.000000|-1|1
1872|158|839|28|-O--|O_|8|841| |1.000000|48.740002|0.000000|000|15.750891|-1.000000|-1.000000|0.000000|-1|1
1872|159|840|28|-O--|O_|8|842| |1.000000|20.480000|0.000000|000|14.400505|-1.000000|-1.000000|0.000000|-1|1
1872|160|841|28|-O--|O_|8|843| |1.000000|26.950001|0.000000|000|14.012736|-1.000000|-1.000000|0.000000|-1|1
1872|161|842|28|-O--|O_|8|844| |1.000000|24.270000|0.000000|000|14.959311|-1.000000|-1.000000|0.000000|-1|1
1872|162|843|28|-O--|O_|8|845| |1.000000|22.360001|0.000000|000|13.846937|-1.000000|-1.000000|0.000000|-1|1
1872|163|844|28|-O--|O_|8|846| |1.000000|17.950001|0.000000|000|18.772289|-1.000000|-1.000000|0.000000|-1|1
1872|164|845|28|-O--|O_|8|847| |1.000000|32.020000|0.000000|000|12.629655|-1.000000|-1.000000|0.000000|-1|1
1872|165|846|28|-O--|O_|8|848| |1.000000|31.650000|0.000000|000|11.223551|-1.000000|-1.000000|0.000000|-1|1
1872|166|847|28|-O--|O_|8|849| |1.000000|49.080002|0.000000|000|15.827135|-1.000000|-1.000000|0.000000|-1|1
1872|167|848|28|-O--|O_|8|850| |1.000000|31.150000|0.000000|000|18.095409|-1.000000|-1.000000|0.000000|-1|1
1872|168|849|28|-O--|O_|8|851| |1.000000|18.100000|0.000000|000|14.394667|-1.000000|-1.000000|0.000000|-1|1
1872|169|850|28|-O--|O_|8|852| |1.000000|43.180000|0.000000|000|19.161467|-1.000000|-1.000000|0.000000|-1|1
1872|170|851|28|-O--|O_|8|853| |1.000000|30.070000|0.000000|000|16.145988|-1.000000|-1.000000|0.000000|-1|1
1872|171|852|28|-O--|O_|8|854| |1.000000|38.820000|0.000000|000|17.631657|-1.000000|-1.000000|0.000000|-1|1
1872|172|853|28|-O--|O_|8|855| |1.000000|26.930000|0.000000|000|19.384909|-1.000000|-1.000000|0.000000|-1|1
1872|173|854|28|-O--|O_|8|856| |1.000000|27.930000|0.000000|000|16.014141|-1.000000|-1.000000|0.000000|-1|1
1872|174|855|28|-O--|O_|8|857| |1.000000|27.059999|0.000000|000|13.726928|-1.000000|-1.000000|0.000000|-1|1
1872|175|856|28|-O--|O_|8|858| |1.000000|23.930000|0.000000|000|16.759306|-1.000000|-1.000000|0.000000|-1|1
1872|176|857|28|-O--|O_|8|859| |1.000000|44.580002|0.000000|000|19.732145|-1.000000|-1.000000|0.000000|-1|1
1872|177|858|28|-O--|O_|8|860| |1.000000|37.230000|0.000000|000|17.347952|-1.000000|-1.000000|0.000000|-1|1
1872|178|859|28|-O--|O_|8|861| |1.000000|15.560000|0.000000|000|14.167899|-1.000000|-1.000000|0.000000|-1|1
1872|179|860|28|-O--|O_|8|862| |1.000000|23.870001|0.000000|000|12.173400|-1.000000|-1.000000|0.000000|-1|1
1872|180|861|28|-O--|O_|8|863| |1.000000|21.870001|0.000000|000|15.121170|-1.000000|-1.000000|0.000000|-1|1
1872|181|862|28|-O--|O_|8|864| |1.000000|35.450001|0.000000|000|17.994093|-1.000000|-1.000000|0.000000|-1|1
1872|182|863|28|-O--|O_|8|865| |1.000000|30.040001|0.000000|000|12.540518|-1.000000|-1.000000|0.000000|-1|1
1872|183|864|28|-O--|O_|8|866| |1.000000|22.480000|0.000000|000|14.871927|-1.000000|-1.000000|0.000000|-1|1
1872|184|865|28|-O--|O_|8|867| |1.000000|17.450001|0.000000|000|18.813797|-1.000000|-1.000000|0.000000|-1|1
1872|185|866|28|-O--|O_|8|868| |1.000000|20.350000|0.000000|000|12.091544|-1.000000|-1.000000|0.000000|-1|1
1872|186|867|28|-O--|O_|8|869| |1.000000|45.790001|0.000000|000|14.759869|-1.000000|-1.000000|0.000000|-1|1
1872|187|868|28|-O--|O_|8|870| |1.000000|26.389999|0.000000|000|17.041418|-1.000000|-1.000000|0.000000|-1|1
1872|188|869|28|-O--|O_|8|871| |1.000000|28.610001|0.000000|000|20.552597|-1.000000|-1.000000|0.000000|-1|1
1872|189|870|28|-O--|O_|8|872| |1.000000|27.650000|0.000000|000|17.927219|-1.000000|-1.000000|0.000000|-1|1
1872|190|871|28|-O--|O_|8|873| |1.000000|43.570000|0.000000|000|15.407573|-1.000000|-1.000000|0.000000|-1|1
1872|191|872|28|-O--|O_|8|874| |1.000000|46.220001|0.000000|000|15.609132|-1.000000|-1.000000|0.000000|-1|1
1872|192|873|28|-O--|O_|8|875| |1.000000|31.350000|0.000000|000|12.576303|-1.000000|-1.000000|0.000000|-1|1
1872|193|874|28|-O--|O_|8|876| |1.000000|43.240002|0.000000|000|13.903807|-1.000000|-1.000000|0.000000|-1|1
1872|194|875|28|-O--|O_|8|877| |1.000000|26.969999|0.000000|000|15.244740|-1.000000|-1.000000|0.000000|-1|1
1872|195|876|28|-O--|O_|8|878| |1.000000|50.619999|0.000000|000|18.959764|-1.000000|-1.000000|0.000000|-1|1
1872|196|877|28|-O--|O_|8|879| |1.000000|12.890000|0.000000|000|13.297821|-1.000000|-1.000000|0.000000|-1|1
1872|197|878|28|-O--|O_|8|880| |1.000000|46.119999|0.000000|000|17.522081|-1.000000|-1.000000|0.000000|-1|1
1872|198|879|28|-O--|O_|8|881| |1.000000|36.830002|0.000000|000|14.227530|-1.000000|-1.000000|0.000000|-1|1
1872|199|880|28|-O--|O_|8|882| |1.000000|39.389999|0.000000|000|13.605632|-1.000000|-1.000000|0.000000|-1|1
1872|200|881|28|-O--|O_|8|883| |1.000000|29.660000|0.000000|000|18.038076|-1.000000|-1.000000|0.000000|-1|1
1872|201|882|28|-O--|O_|8|884| |1.000000|39.849998|0.000000|000|16.573793|-1.000000|-1.000000|0.000000|-1|1
1872|202|883|28|-O--|O_|8|885| |1.000000|29.889999|0.000000|000|14.754669|-1.000000|-1.000000|0.000000|-1|1
1872|203|884|28|-O--|O_|8|886| |1.000000|20.200001|0.000000|000|15.607440|-1.000000|-1.000000|0.000000|-1|1
1872|204|885|28|-O--|O_|8|887| |1.000000|10.410000|0.000000|000|11.386345|-1.000000|-1.000000|0.000000|-1|1
1872|205|886|28|-O--|O_|8|888| |1.000000|25.900000|0.000000|000|10.617800|-1.000000|-1.000000|0.000000|-1|1
1872|206|887|28|-O--|O_|8|889| |1.000000|32.189999|0.000000|000|19.511261|-1.000000|-1.000000|0.000000|-1|1
1872|207|888|28|-O--|O_|8|890| |1.000000|40.040001|0.000000|000|14.860262|-1.000000|-1.000000|0.000000|-1|1
1872|208|889|28|-O--|O_|8|891| |1.000000|42.119999|0.000000|000|15.546458|-1.000000|-1.000000|0.000000|-1|1
1872|209|890|28|-O--|O_|8|892| |1.000000|48.049999|0.000000|000|16.772366|-1.000000|-1.000000|0.000000|-1|1
1872|210|891|28|-O--|O_|8|893| |1.000000|28.700001|0.000000|000|15.803212|-1.000000|-1.000000|0.000000|-1|1
1872|211|892|28|-O--|O_|8|894| |1.000000|30.930000|0.000000|000|15.842484|-1.000000|-1.000000|0.000000|-1|1
1872|212|893|28|-O--|O_|8|895| |1.000000|42.320000|0.000000|000|16.117069|-1.000000|-1.000000|0.000000|-1|1
1872|213|894|28|-O--|O_|8|896| |1.000000|42.570000|0.000000|000|14.502538|-1.000000|-1.000000|0.000000|-1|1
1872|214|895|28|-O--|O_|8|897| |1.000000|32.459999|0.000000|000|12.326621|-1.000000|-1.000000|0.000000|-1|1
1872|215|896|28|-O--|O_|8|898| |1.000000|43.419998|0.000000|000|19.537546|-1.000000|-1.000000|0.000000|-1|1
1872|216|897|28|-O--|O_|8|899| |1.000000|29.469999|0.000000|000|18.984861|-1.000000|-1.000000|0.000000|-1|1
1872|217|898|28|-O--|O_|8|900| |1.000000|28.030001|0.000000|000|16.116894|-1.000000|-1.000000|0.000000|-1|1
1872|218|899|28|-O--|O_|8|901| |1.000000|32.709999|0.000000|000|11.133727|-1.000000|-1.000000|0.000000|-1|1
1872|219|900|28|-O--|O_|8|902| |1.000000|26.660000|0.000000|000|12.265778|-1.000000|-1.000000|0.000000|-1|1
