1872|0|35|99|36|PRO|_CU|HIS|194633|267|769|277|-O--|CU--|-ND1|44013|1085|1126|3.547178|2.073961|3.403039|68.873573
1872|1|35|99|83|PRO|_CU|CYS|194615|267|769|651|-O--|CU--|-SG-|44011|1085|2565|3.547178|2.259886|4.222898|90.512169
1872|2|35|99|86|PRO|_CU|HIS|194633|267|769|674|-O--|CU--|-ND1|44013|1085|2674|3.547178|2.177239|3.529552|71.640816
1872|3|35|99|91|PRO|_CU|MET|194617|267|769|712|-O--|CU--|-SD-|44016|1085|2775|3.547178|2.591932|5.998517|155.120804
1872|4|83|99|36|CYS|_CU|HIS|154633|651|769|277|-SG-|CU--|-ND1|114013|2565|1126|2.259886|2.073961|3.942263|130.864532
1872|5|36|99|86|HIS|_CU|HIS|334633|277|769|674|-ND1|CU--|-ND1|134013|1126|2674|2.073961|2.177239|3.330000|103.102119
1872|6|36|99|91|HIS|_CU|MET|334617|277|769|712|-ND1|CU--|-SD-|134016|1126|2775|2.073961|2.591932|3.309427|89.642303
1872|7|83|99|86|CYS|_CU|HIS|154633|651|769|674|-SG-|CU--|-ND1|114013|2565|2674|2.259886|2.177239|3.680288|112.067230
1872|8|83|99|91|CYS|_CU|MET|154617|651|769|712|-SG-|CU--|-SD-|114016|2565|2775|2.259886|2.591932|4.063895|113.599915
1872|9|86|99|91|HIS|_CU|MET|334617|674|769|712|-ND1|CU--|-SD-|134016|2674|2775|2.177239|2.591932|3.735836|102.786880
1872|10|86|100|101|HIS|SO4|GOL|334749|677|770|776|-NE2|-S--|-O1-|133331|2679|2909|3.788977|3.865388|6.739224|123.388359
1872|11|86|100|100|HIS|SO4|SO4|334747|677|770|772|-NE2|-S--|-O2-|133331|2679|2910|3.788977|1.536674|4.723468|118.707329
1872|12|86|100|100|HIS|SO4|SO4|334747|677|770|774|-NE2|-S--|-O4-|133331|2679|2911|3.788977|1.478280|3.679460|74.449379
1872|13|86|100|130|HIS|SO4|HOH|334743|677|770|810|-NE2|-S--|-O--|133328|2679|2912|3.788977|3.761041|4.501931|73.206924
1872|14|86|100|100|HIS|SO4|SO4|334747|677|770|771|-NE2|-S--|-O1-|133331|2679|2913|3.788977|1.499800|2.737636|36.711929
1872|15|86|100|100|HIS|SO4|SO4|334747|677|770|773|-NE2|-S--|-O3-|133331|2679|2914|3.788977|1.514658|4.857952|127.260002
1872|16|16|100|86|SER|SO4|HIS|114733|111|770|677|-N--|-S--|-NE2|13313|3373|2679|3.776677|3.788977|5.770312|99.405190
1872|17|86|100|53|HIS|SO4|LYS|334729|677|770|411|-NE2|-S--|-NZ-|133314|2679|3858|3.788977|3.601307|7.234562|156.426743
1872|18|86|100|122|HIS|SO4|HOH|334743|677|770|802|-NE2|-S--|-O--|133328|2679|4297|3.788977|3.697344|6.954054|136.524994
1872|19|101|100|100|GOL|SO4|SO4|494747|776|770|772|-O1-|-S--|-O2-|313331|2909|2910|3.865388|1.536674|2.600656|27.481462
1872|20|101|100|100|GOL|SO4|SO4|494747|776|770|774|-O1-|-S--|-O4-|313331|2909|2911|3.865388|1.478280|5.029434|135.625061
1872|21|130|100|101|HOH|SO4|GOL|434749|810|770|776|-O--|-S--|-O1-|283331|2912|2909|3.761041|3.865388|4.626987|74.689087
1872|22|100|100|101|SO4|SO4|GOL|474749|771|770|776|-O1-|-S--|-O1-|313331|2913|2909|1.499800|3.865388|4.313905|97.030495
1872|23|101|100|100|GOL|SO4|SO4|494747|776|770|773|-O1-|-S--|-O3-|313331|2909|2914|3.865388|1.514658|4.130294|89.138359
1872|24|16|100|101|SER|SO4|GOL|114749|111|770|776|-N--|-S--|-O1-|13331|3373|2909|3.776677|3.865388|3.266514|50.593910
1872|25|53|100|101|LYS|SO4|GOL|294749|411|770|776|-NZ-|-S--|-O1-|143331|3858|2909|3.601307|3.865388|2.961203|46.563797
1872|26|122|100|101|HOH|SO4|GOL|434749|802|770|776|-O--|-S--|-O1-|283331|4297|2909|3.697344|3.865388|2.914974|45.274231
1872|27|100|100|100|SO4|SO4|SO4|474747|772|770|774|-O2-|-S--|-O4-|313331|2910|2911|1.536674|1.478280|2.449961|108.686737
1872|28|130|100|100|HOH|SO4|SO4|434747|810|770|772|-O--|-S--|-O2-|283331|2912|2910|3.761041|1.536674|4.251367|97.792946
1872|29|100|100|100|SO4|SO4|SO4|474747|771|770|772|-O1-|-S--|-O2-|313331|2913|2910|1.499800|1.536674|2.459939|108.211205
1872|30|100|100|100|SO4|SO4|SO4|474747|772|770|773|-O2-|-S--|-O3-|313331|2910|2914|1.536674|1.514658|2.474993|108.408699
1872|31|16|100|100|SER|SO4|SO4|114747|111|770|772|-N--|-S--|-O2-|13331|3373|2910|3.776677|1.536674|3.745069|77.060287
1872|32|53|100|100|LYS|SO4|SO4|294747|411|770|772|-NZ-|-S--|-O2-|143331|3858|2910|3.601307|1.536674|3.217843|63.281616
1872|33|122|100|100|HOH|SO4|SO4|434747|802|770|772|-O--|-S--|-O2-|283331|4297|2910|3.697344|1.536674|3.469910|69.435623
1872|34|130|100|100|HOH|SO4|SO4|434747|810|770|774|-O--|-S--|-O4-|283331|2912|2911|3.761041|1.478280|5.046469|145.246429
1872|35|100|100|100|SO4|SO4|SO4|474747|771|770|774|-O1-|-S--|-O4-|313331|2913|2911|1.499800|1.478280|2.454612|111.018272
1872|36|100|100|100|SO4|SO4|SO4|474747|773|770|774|-O3-|-S--|-O4-|313331|2914|2911|1.514658|1.478280|2.486888|112.380844
1872|37|16|100|100|SER|SO4|SO4|114747|111|770|774|-N--|-S--|-O4-|13331|3373|2911|3.776677|1.478280|5.247035|173.001404
1872|38|53|100|100|LYS|SO4|SO4|294747|411|770|774|-NZ-|-S--|-O4-|143331|3858|2911|3.601307|1.478280|4.667953|128.547150
1872|39|122|100|100|HOH|SO4|SO4|434747|802|770|774|-O--|-S--|-O4-|283331|4297|2911|3.697344|1.478280|5.004669|147.223877
1872|40|130|100|100|HOH|SO4|SO4|434747|810|770|771|-O--|-S--|-O1-|283331|2912|2913|3.761041|1.499800|2.717387|36.993778
1872|41|130|100|100|HOH|SO4|SO4|434747|810|770|773|-O--|-S--|-O3-|283331|2912|2914|3.761041|1.514658|3.763669|78.484917
1872|42|16|100|130|SER|SO4|HOH|114743|111|770|810|-N--|-S--|-O--|13328|3373|2912|3.776677|3.761041|1.812008|27.818375
1872|43|53|100|130|LYS|SO4|HOH|294743|411|770|810|-NZ-|-S--|-O--|143328|3858|2912|3.601307|3.761041|4.890742|83.225571
1872|44|122|100|130|HOH|SO4|HOH|434743|802|770|810|-O--|-S--|-O--|283328|4297|2912|3.697344|3.761041|3.915008|63.318077
1872|45|100|100|100|SO4|SO4|SO4|474747|771|770|773|-O1-|-S--|-O3-|313331|2913|2914|1.499800|1.514658|2.439091|108.021210
1872|46|16|100|100|SER|SO4|SO4|114747|111|770|771|-N--|-S--|-O1-|13331|3373|2913|3.776677|1.499800|3.364329|62.710461
1872|47|53|100|100|LYS|SO4|SO4|294747|411|770|771|-NZ-|-S--|-O1-|143331|3858|2913|3.601307|1.499800|4.537580|119.813889
1872|48|122|100|100|HOH|SO4|SO4|434747|802|770|771|-O--|-S--|-O1-|283331|4297|2913|3.697344|1.499800|4.225051|100.028625
1872|49|16|100|100|SER|SO4|SO4|114747|111|770|773|-N--|-S--|-O3-|13331|3373|2914|3.776677|1.514658|3.515024|68.451340
1872|50|53|100|100|LYS|SO4|SO4|294747|411|770|773|-NZ-|-S--|-O3-|143331|3858|2914|3.601307|1.514658|2.751825|45.171459
1872|51|122|100|100|HOH|SO4|SO4|434747|802|770|773|-O--|-S--|-O3-|283331|4297|2914|3.697344|1.514658|2.834133|44.910679
1872|52|16|100|53|SER|SO4|LYS|114729|111|770|411|-N--|-S--|-NZ-|13314|3373|3858|3.776677|3.601307|3.540390|57.293102
1872|53|16|100|122|SER|SO4|HOH|114743|111|770|802|-N--|-S--|-O--|13328|3373|4297|3.776677|3.697344|2.433248|37.980358
1872|54|53|100|122|LYS|SO4|HOH|294743|411|770|802|-NZ-|-S--|-O--|143328|3858|4297|3.601307|3.697344|1.265488|19.913130
1872|55|86|100|100|HIS|SO4|SO4|334747|677|771|770|-NE2|-O1-|-S--|133133|2681|2913|2.737636|1.499800|3.788977|124.171120
1872|56|86|100|100|HIS|SO4|SO4|334747|677|771|772|-NE2|-O1-|-O2-|133131|2681|2916|2.737636|2.459939|4.723468|130.600159
1872|57|86|100|100|HIS|SO4|SO4|334747|677|771|774|-NE2|-O1-|-O4-|133131|2681|2917|2.737636|2.454612|3.679460|90.079536
1872|58|86|100|130|HIS|SO4|HOH|334743|677|771|810|-NE2|-O1-|-O--|133128|2681|2918|2.737636|2.717387|4.501931|111.233597
1872|59|86|100|100|HIS|SO4|SO4|334747|677|771|773|-NE2|-O1-|-O3-|133131|2681|2919|2.737636|2.439091|4.857952|139.505966
1872|60|100|100|100|SO4|SO4|SO4|474747|772|771|770|-O2-|-O1-|-S--|313133|2916|2913|2.459939|1.499800|1.536674|36.397942
1872|61|100|100|100|SO4|SO4|SO4|474747|774|771|770|-O4-|-O1-|-S--|313133|2917|2913|2.454612|1.499800|1.478280|34.206406
1872|62|130|100|100|HOH|SO4|SO4|434747|810|771|770|-O--|-O1-|-S--|283133|2918|2913|2.717387|1.499800|3.761041|123.609314
1872|63|100|100|100|SO4|SO4|SO4|474747|773|771|770|-O3-|-O1-|-S--|313133|2919|2913|2.439091|1.499800|1.514658|36.194492
1872|64|100|100|100|SO4|SO4|SO4|474747|772|771|774|-O2-|-O1-|-O4-|313131|2916|2917|2.459939|2.454612|2.449961|59.803047
1872|65|130|100|100|HOH|SO4|SO4|434747|810|771|772|-O--|-O1-|-O2-|283131|2918|2916|2.717387|2.459939|4.251367|110.301704
1872|66|100|100|100|SO4|SO4|SO4|474747|772|771|773|-O2-|-O1-|-O3-|313131|2916|2919|2.459939|2.439091|2.474993|60.687580
1872|67|130|100|100|HOH|SO4|SO4|434747|810|771|774|-O--|-O1-|-O4-|283131|2918|2917|2.717387|2.454612|5.046469|154.668182
1872|68|100|100|100|SO4|SO4|SO4|474747|773|771|774|-O3-|-O1-|-O4-|313131|2919|2917|2.439091|2.454612|2.486888|61.084545
1872|69|130|100|100|HOH|SO4|SO4|434747|810|771|773|-O--|-O1-|-O3-|283131|2918|2919|2.717387|2.439091|3.763669|93.597847
1872|70|100|100|100|SO4|SO4|SO4|474747|771|772|770|-O1-|-O2-|-S--|313133|2916|2910|2.459939|1.536674|1.499800|35.390854
1872|71|101|100|100|GOL|SO4|SO4|494747|776|772|770|-O1-|-O2-|-S--|313133|2922|2910|2.600656|1.536674|3.865388|136.695435
1872|72|100|100|100|SO4|SO4|SO4|474747|774|772|770|-O4-|-O2-|-S--|313133|2923|2910|2.449961|1.536674|1.478280|34.860546
1872|73|100|100|100|SO4|SO4|SO4|474747|773|772|770|-O3-|-O2-|-S--|313133|2924|2910|2.474993|1.536674|1.514658|35.497547
1872|74|53|100|100|LYS|SO4|SO4|294747|411|772|770|-NZ-|-O2-|-S--|143133|3859|2910|2.752961|1.536674|3.436619|102.770218
1872|75|122|100|100|HOH|SO4|SO4|434747|802|772|770|-O--|-O2-|-S--|283133|4303|2910|3.469910|1.536674|3.697344|86.067902
1872|76|100|100|101|SO4|SO4|GOL|474749|771|772|776|-O1-|-O2-|-O1-|313131|2916|2922|2.459939|2.600656|4.313905|116.931152
1872|77|100|100|100|SO4|SO4|SO4|474747|771|772|774|-O1-|-O2-|-O4-|313131|2916|2923|2.459939|2.449961|2.454612|59.990482
1872|78|100|100|100|SO4|SO4|SO4|474747|771|772|773|-O1-|-O2-|-O3-|313131|2916|2924|2.459939|2.474993|2.439091|59.239689
1872|79|53|100|100|LYS|SO4|SO4|294747|411|772|771|-NZ-|-O2-|-O1-|143131|3859|2916|2.752961|2.459939|4.086423|103.095413
1872|80|122|100|100|HOH|SO4|SO4|434747|802|772|771|-O--|-O2-|-O1-|283131|4303|2916|3.469910|2.459939|4.225051|89.192749
1872|81|101|100|100|GOL|SO4|SO4|494747|776|772|774|-O1-|-O2-|-O4-|313131|2922|2923|2.600656|2.449961|5.029434|169.496292
1872|82|101|100|100|GOL|SO4|SO4|494747|776|772|773|-O1-|-O2-|-O3-|313131|2922|2924|2.600656|2.474993|4.130294|108.902184
1872|83|53|100|101|LYS|SO4|GOL|294749|411|772|776|-NZ-|-O2-|-O1-|143131|3859|2922|2.752961|2.600656|1.840234|40.082424
1872|84|122|100|101|HOH|SO4|GOL|434749|802|772|776|-O--|-O2-|-O1-|283131|4303|2922|3.469910|2.600656|2.914974|55.175537
1872|85|100|100|100|SO4|SO4|SO4|474747|773|772|774|-O3-|-O2-|-O4-|313131|2924|2923|2.474993|2.449961|2.486888|60.654411
1872|86|53|100|100|LYS|SO4|SO4|294747|411|772|774|-NZ-|-O2-|-O4-|143131|3859|2923|2.752961|2.449961|4.707417|129.491333
1872|87|122|100|100|HOH|SO4|SO4|434747|802|772|774|-O--|-O2-|-O4-|283131|4303|2923|3.469910|2.449961|5.004669|114.327499
1872|88|53|100|100|LYS|SO4|SO4|294747|411|772|773|-NZ-|-O2-|-O3-|143131|3859|2924|2.752961|2.474993|3.002032|69.859261
1872|89|122|100|100|HOH|SO4|SO4|434747|802|772|773|-O--|-O2-|-O3-|283131|4303|2924|3.469910|2.474993|2.834133|53.844173
1872|90|53|100|122|LYS|SO4|HOH|294743|411|772|802|-NZ-|-O2-|-O--|143128|3859|4303|2.752961|3.469910|1.149316|16.711571
1872|91|100|100|100|SO4|SO4|SO4|474747|771|773|770|-O1-|-O3-|-S--|313133|2919|2914|2.439091|1.514658|1.499800|35.784298
1872|92|100|100|100|SO4|SO4|SO4|474747|772|773|770|-O2-|-O3-|-S--|313133|2924|2914|2.474993|1.514658|1.536674|36.093758
1872|93|100|100|100|SO4|SO4|SO4|474747|774|773|770|-O4-|-O3-|-S--|313133|2925|2914|2.486888|1.514658|1.478280|33.343212
1872|94|130|100|100|HOH|SO4|SO4|434747|810|773|770|-O--|-O3-|-S--|283133|2926|2914|3.763669|1.514658|3.761041|78.290176
1872|95|16|100|100|SER|SO4|SO4|114747|111|773|770|-N--|-O3-|-S--|13133|3375|2914|3.436730|1.514658|3.706626|87.984108
1872|96|122|100|100|HOH|SO4|SO4|434747|802|773|770|-O--|-O3-|-S--|283133|4304|2914|2.834133|1.514658|3.697344|112.922005
1872|97|126|100|100|HOH|SO4|SO4|434747|806|773|770|-O--|-O3-|-S--|283133|4305|2914|3.793544|1.514658|4.827572|125.175720
1872|98|120|100|100|HOH|SO4|SO4|434747|799|773|770|-O--|-O3-|-S--|283133|4306|2914|2.872367|1.514658|4.017312|130.008804
1872|99|100|100|100|SO4|SO4|SO4|474747|771|773|772|-O1-|-O3-|-O2-|313131|2919|2924|2.439091|2.474993|2.459939|60.072735
1872|100|100|100|100|SO4|SO4|SO4|474747|771|773|774|-O1-|-O3-|-O4-|313131|2919|2925|2.439091|2.486888|2.454612|59.765717
1872|101|130|100|100|HOH|SO4|SO4|434747|810|773|771|-O--|-O3-|-O1-|283131|2926|2919|3.763669|2.439091|2.717387|46.102531
1872|102|16|100|100|SER|SO4|SO4|114747|111|773|771|-N--|-O3-|-O1-|13131|3375|2919|3.436730|2.439091|3.270264|65.073662
1872|103|122|100|100|HOH|SO4|SO4|434747|802|773|771|-O--|-O3-|-O1-|283131|4304|2919|2.834133|2.439091|4.225051|106.253601
1872|104|126|100|100|HOH|SO4|SO4|434747|806|773|771|-O--|-O3-|-O1-|283131|4305|2919|3.793544|2.439091|4.556542|91.306480
1872|105|120|100|100|HOH|SO4|SO4|434747|799|773|771|-O--|-O3-|-O1-|283131|4306|2919|2.872367|2.439091|4.370167|110.463432
1872|106|100|100|100|SO4|SO4|SO4|474747|772|773|774|-O2-|-O3-|-O4-|313131|2924|2925|2.474993|2.486888|2.449961|59.174992
1872|107|130|100|100|HOH|SO4|SO4|434747|810|773|772|-O--|-O3-|-O2-|283131|2926|2924|3.763669|2.474993|4.251367|83.166565
1872|108|16|100|100|SER|SO4|SO4|114747|111|773|772|-N--|-O3-|-O2-|13131|3375|2924|3.436730|2.474993|3.729836|76.313881
1872|109|122|100|100|HOH|SO4|SO4|434747|802|773|772|-O--|-O3-|-O2-|283131|4304|2924|2.834133|2.474993|3.469910|81.318176
1872|110|126|100|100|HOH|SO4|SO4|434747|806|773|772|-O--|-O3-|-O2-|283131|4305|2924|3.793544|2.474993|5.488416|120.768051
1872|111|120|100|100|HOH|SO4|SO4|434747|799|773|772|-O--|-O3-|-O2-|283131|4306|2924|2.872367|2.474993|5.306464|165.779205
1872|112|130|100|100|HOH|SO4|SO4|434747|810|773|774|-O--|-O3-|-O4-|283131|2926|2925|3.763669|2.486888|5.046469|105.863747
1872|113|16|100|100|SER|SO4|SO4|114747|111|773|774|-N--|-O3-|-O4-|13131|3375|2925|3.436730|2.486888|5.172615|120.829643
1872|114|122|100|100|HOH|SO4|SO4|434747|802|773|774|-O--|-O3-|-O4-|283131|4304|2925|2.834133|2.486888|5.004669|140.198715
1872|115|126|100|100|HOH|SO4|SO4|434747|806|773|774|-O--|-O3-|-O4-|283131|4305|2925|3.793544|2.486888|6.045308|147.822647
1872|116|120|100|100|HOH|SO4|SO4|434747|799|773|774|-O--|-O3-|-O4-|283131|4306|2925|2.872367|2.486888|4.323349|107.332718
1872|117|16|100|130|SER|SO4|HOH|114743|111|773|810|-N--|-O3-|-O--|13128|3375|2926|3.436730|3.763669|1.697779|26.784378
1872|118|122|100|130|HOH|SO4|HOH|434743|802|773|810|-O--|-O3-|-O--|283128|4304|2926|2.834133|3.763669|3.915008|71.213669
1872|119|126|100|130|HOH|SO4|HOH|434743|806|773|810|-O--|-O3-|-O--|283128|4305|2926|3.793544|3.763669|3.007227|46.895363
1872|120|120|100|130|HOH|SO4|HOH|434743|799|773|810|-O--|-O3-|-O--|283128|4306|2926|2.872367|3.763669|5.023407|97.491409
1872|121|16|100|122|SER|SO4|HOH|114743|111|773|802|-N--|-O3-|-O--|13128|3375|4304|3.436730|2.834133|2.461715|44.963680
1872|122|16|100|126|SER|SO4|HOH|114743|111|773|806|-N--|-O3-|-O--|13128|3375|4305|3.436730|3.793544|2.760102|44.543610
1872|123|16|100|120|SER|SO4|HOH|114743|111|773|799|-N--|-O3-|-O--|13128|3375|4306|3.436730|2.872367|5.190079|110.379639
1872|124|122|100|126|HOH|SO4|HOH|434743|802|773|806|-O--|-O3-|-O--|283128|4304|4305|2.834133|3.793544|3.264446|56.823795
1872|125|120|100|122|HOH|SO4|HOH|434743|799|773|802|-O--|-O3-|-O--|283128|4306|4304|2.872367|2.834133|4.742658|112.421577
1872|126|120|100|126|HOH|SO4|HOH|434743|799|773|806|-O--|-O3-|-O--|283128|4306|4305|2.872367|3.793544|3.785110|67.572166
1872|127|86|100|100|HIS|SO4|SO4|334747|677|774|770|-NE2|-O4-|-S--|133133|2680|2911|3.679460|1.478280|3.788977|82.779045
1872|128|86|100|100|HIS|SO4|SO4|334747|677|774|771|-NE2|-O4-|-O1-|133131|2680|2917|3.679460|2.454612|2.737636|48.075947
1872|129|86|100|100|HIS|SO4|SO4|334747|677|774|772|-NE2|-O4-|-O2-|133131|2680|2923|3.679460|2.449961|4.723468|98.839287
1872|130|86|100|100|HIS|SO4|SO4|334747|677|774|773|-NE2|-O4-|-O3-|133131|2680|2925|3.679460|2.486888|4.857952|102.229599
1872|131|16|100|86|SER|SO4|HIS|114733|111|774|677|-N--|-O4-|-NE2|13113|3376|2680|2.990658|3.679460|4.668003|88.197594
1872|132|17|100|86|GLU|SO4|HIS|254733|117|774|677|-N--|-O4-|-NE2|13113|3405|2680|3.404902|3.679460|2.863695|47.490147
1872|133|17|100|86|GLU|SO4|HIS|254733|121|774|677|-O--|-O4-|-NE2|43113|3419|2680|3.965133|3.679460|0.558111|7.196747
1872|134|86|100|53|HIS|SO4|LYS|334729|677|774|411|-NE2|-O4-|-NZ-|133114|2680|3861|3.679460|3.281293|6.830818|157.787262
1872|135|100|100|100|SO4|SO4|SO4|474747|771|774|770|-O1-|-O4-|-S--|313133|2917|2911|2.454612|1.478280|1.499800|34.775326
1872|136|100|100|100|SO4|SO4|SO4|474747|772|774|770|-O2-|-O4-|-S--|313133|2923|2911|2.449961|1.478280|1.536674|36.452717
1872|137|100|100|100|SO4|SO4|SO4|474747|773|774|770|-O3-|-O4-|-S--|313133|2925|2911|2.486888|1.478280|1.514658|34.275936
1872|138|16|100|100|SER|SO4|SO4|114747|111|774|770|-N--|-O4-|-S--|13133|3376|2911|2.990658|1.478280|1.718457|22.376827
1872|139|17|100|100|GLU|SO4|SO4|254747|117|774|770|-N--|-O4-|-S--|13133|3405|2911|3.404902|1.478280|2.396966|37.061199
1872|140|17|100|100|GLU|SO4|SO4|254747|121|774|770|-O--|-O4-|-S--|43133|3419|2911|3.965133|1.478280|3.917609|77.386940
1872|141|53|100|100|LYS|SO4|SO4|294747|411|774|770|-NZ-|-O4-|-S--|143133|3861|2911|3.281293|1.478280|3.231675|75.014778
1872|142|100|100|100|SO4|SO4|SO4|474747|771|774|772|-O1-|-O4-|-O2-|313131|2917|2923|2.454612|2.449961|2.459939|60.206467
1872|143|100|100|100|SO4|SO4|SO4|474747|771|774|773|-O1-|-O4-|-O3-|313131|2917|2925|2.454612|2.486888|2.439091|59.149738
1872|144|16|100|100|SER|SO4|SO4|114747|111|774|771|-N--|-O4-|-O1-|13131|3376|2917|2.990658|2.454612|2.086469|43.692440
1872|145|17|100|100|GLU|SO4|SO4|254747|117|774|771|-N--|-O4-|-O1-|13131|3405|2917|3.404902|2.454612|1.109636|11.373365
1872|146|17|100|100|GLU|SO4|SO4|254747|121|774|771|-O--|-O4-|-O1-|43131|3419|2917|3.965133|2.454612|2.724947|42.628685
1872|147|53|100|100|LYS|SO4|SO4|294747|411|774|771|-NZ-|-O4-|-O1-|143131|3861|2917|3.281293|2.454612|4.715478|109.751358
1872|148|100|100|100|SO4|SO4|SO4|474747|772|774|773|-O2-|-O4-|-O3-|313131|2923|2925|2.449961|2.486888|2.474993|60.170597
1872|149|16|100|100|SER|SO4|SO4|114747|111|774|772|-N--|-O4-|-O2-|13131|3376|2923|2.990658|2.449961|2.576468|55.461803
1872|150|17|100|100|GLU|SO4|SO4|254747|117|774|772|-N--|-O4-|-O2-|13131|3405|2923|3.404902|2.449961|2.812258|54.506054
1872|151|17|100|100|GLU|SO4|SO4|254747|121|774|772|-O--|-O4-|-O2-|43131|3419|2923|3.965133|2.449961|4.901116|96.787811
1872|152|53|100|100|LYS|SO4|SO4|294747|411|774|772|-NZ-|-O4-|-O2-|143131|3861|2923|3.281293|2.449961|3.059066|62.551090
1872|153|16|100|100|SER|SO4|SO4|114747|111|774|773|-N--|-O4-|-O3-|13131|3376|2925|2.990658|2.486888|0.891048|15.488318
1872|154|17|100|100|GLU|SO4|SO4|254747|117|774|773|-N--|-O4-|-O3-|13131|3405|2925|3.404902|2.486888|3.320328|66.498192
1872|155|17|100|100|GLU|SO4|SO4|254747|121|774|773|-O--|-O4-|-O3-|43131|3419|2925|3.965133|2.486888|4.867871|95.205383
1872|156|53|100|100|LYS|SO4|SO4|294747|411|774|773|-NZ-|-O4-|-O3-|143131|3861|2925|3.281293|2.486888|2.918450|58.883160
1872|157|16|100|17|SER|SO4|GLU|114725|111|774|117|-N--|-O4-|-N--|13101|3376|3405|2.990658|3.404902|2.784881|51.125790
1872|158|16|100|17|SER|SO4|GLU|114725|111|774|121|-N--|-O4-|-O--|13104|3376|3419|2.990658|3.965133|4.596043|81.409225
1872|159|16|100|53|SER|SO4|LYS|114729|111|774|411|-N--|-O4-|-NZ-|13114|3376|3861|2.990658|3.281293|3.669467|71.443443
1872|160|17|100|17|GLU|SO4|GLU|254725|117|774|121|-N--|-O4-|-O--|13104|3405|3419|3.404902|3.965133|2.783080|43.550213
1872|161|17|100|53|GLU|SO4|LYS|254729|117|774|411|-N--|-O4-|-NZ-|13114|3405|3861|3.404902|3.281293|5.498648|110.635612
1872|162|17|100|53|GLU|SO4|LYS|254729|121|774|411|-O--|-O4-|-NZ-|43114|3419|3861|3.965133|3.281293|7.034272|152.075882
1872|163|100|101|100|SO4|GOL|SO4|474947|772|776|770|-O2-|-O1-|-S--|313133|2922|2909|2.600656|3.865388|1.536674|15.823101
1872|164|101|101|100|GOL|GOL|SO4|494947|778|776|770|-O2-|-O1-|-S--|313133|2933|2909|2.815453|3.865388|4.673459|87.296104
1872|165|48|101|100|GLY|GOL|SO4|14947|371|776|770|-O--|-O1-|-S--|43133|3720|2909|3.961781|3.865388|6.584072|114.524658
1872|166|50|101|100|ASP|GOL|SO4|214947|379|776|770|-N--|-O1-|-S--|13133|3746|2909|2.946090|3.865388|6.713048|160.313492
1872|167|50|101|100|ASP|GOL|SO4|214947|382|776|770|-O--|-O1-|-S--|43133|3755|2909|3.859859|3.865388|6.988592|129.550522
1872|168|122|101|100|HOH|GOL|SO4|434947|802|776|770|-O--|-O1-|-S--|283133|4312|2909|2.914974|3.865388|3.697344|64.312874
1872|169|100|101|101|SO4|GOL|GOL|474949|772|776|778|-O2-|-O1-|-O2-|313131|2922|2933|2.600656|2.815453|4.185093|101.122009
1872|170|48|101|100|GLY|GOL|SO4|14947|371|776|772|-O--|-O1-|-O2-|43131|3720|2922|3.961781|2.600656|5.308851|106.129845
1872|171|50|101|100|ASP|GOL|SO4|214947|379|776|772|-N--|-O1-|-O2-|13131|3746|2922|2.946090|2.600656|5.289375|144.884949
1872|172|50|101|100|ASP|GOL|SO4|214947|382|776|772|-O--|-O1-|-O2-|43131|3755|2922|3.859859|2.600656|5.885822|130.284317
1872|173|122|101|100|HOH|GOL|SO4|434947|802|776|772|-O--|-O1-|-O2-|283131|4312|2922|2.914974|2.600656|3.469910|77.737480
1872|174|48|101|101|GLY|GOL|GOL|14949|371|776|778|-O--|-O1-|-O2-|43131|3720|2933|3.961781|2.815453|4.918277|91.456322
1872|175|50|101|101|ASP|GOL|GOL|214949|379|776|778|-N--|-O1-|-O2-|13131|3746|2933|2.946090|2.815453|4.775195|111.932434
1872|176|50|101|101|ASP|GOL|GOL|214949|382|776|778|-O--|-O1-|-O2-|43131|3755|2933|3.859859|2.815453|5.395804|106.820534
1872|177|122|101|101|HOH|GOL|GOL|434949|802|776|778|-O--|-O1-|-O2-|283131|4312|2933|2.914974|2.815453|3.046984|64.215988
1872|178|50|101|48|ASP|GOL|GLY|214901|379|776|371|-N--|-O1-|-O--|13104|3746|3720|2.946090|3.961781|3.703332|62.827015
1872|179|48|101|50|GLY|GOL|ASP|14921|371|776|382|-O--|-O1-|-O--|43104|3720|3755|3.961781|3.859859|6.531895|113.247253
1872|180|48|101|122|GLY|GOL|HOH|14943|371|776|802|-O--|-O1-|-O--|43128|3720|4312|3.961781|2.914974|6.724081|155.518723
1872|181|50|101|50|ASP|GOL|ASP|214921|379|776|382|-N--|-O1-|-O--|13104|3746|3755|2.946090|3.859859|3.026158|50.650002
1872|182|50|101|122|ASP|GOL|HOH|214943|379|776|802|-N--|-O1-|-O--|13128|3746|4312|2.946090|2.914974|5.244049|126.945808
1872|183|50|101|122|ASP|GOL|HOH|214943|382|776|802|-O--|-O1-|-O--|43128|3755|4312|3.859859|2.914974|4.354511|78.636421
1872|184|101|101|101|GOL|GOL|GOL|494949|776|778|780|-O1-|-O2-|-O3-|313131|2933|2939|2.815453|2.408147|4.674921|126.832436
1872|185|130|101|101|HOH|GOL|GOL|434949|810|778|776|-O--|-O2-|-O1-|283131|2941|2933|2.870826|2.815453|4.626987|108.916290
1872|186|75|101|101|ASP|GOL|GOL|214949|581|778|776|-OD2|-O2-|-O1-|103131|4198|2933|3.931117|2.815453|4.360926|78.633034
1872|187|122|101|101|HOH|GOL|GOL|434949|802|778|776|-O--|-O2-|-O1-|283131|4318|2933|3.046984|2.815453|2.914974|59.477379
1872|188|124|101|101|HOH|GOL|GOL|434949|804|778|776|-O--|-O2-|-O1-|283131|4319|2933|2.381103|2.815453|4.559274|122.431953
1872|189|130|101|101|HOH|GOL|GOL|434949|810|778|780|-O--|-O2-|-O3-|283131|2941|2939|2.870826|2.408147|3.452613|81.179100
1872|190|75|101|101|ASP|GOL|GOL|214949|581|778|780|-OD2|-O2-|-O3-|103131|4198|2939|3.931117|2.408147|2.938338|48.202888
1872|191|122|101|101|HOH|GOL|GOL|434949|802|778|780|-O--|-O2-|-O3-|283131|4318|2939|3.046984|2.408147|5.402499|163.958008
1872|192|124|101|101|HOH|GOL|GOL|434949|804|778|780|-O--|-O2-|-O3-|283131|4319|2939|2.381103|2.408147|2.747201|70.003235
1872|193|75|101|130|ASP|GOL|HOH|214943|581|778|810|-OD2|-O2-|-O--|103128|4198|2941|3.931117|2.870826|5.103576|95.979179
1872|194|122|101|130|HOH|GOL|HOH|434943|802|778|810|-O--|-O2-|-O--|283128|4318|2941|3.046984|2.870826|3.915008|82.780853
1872|195|124|101|130|HOH|GOL|HOH|434943|804|778|810|-O--|-O2-|-O--|283128|4319|2941|2.381103|2.870826|4.737846|128.635071
1872|196|75|101|122|ASP|GOL|HOH|214943|581|778|802|-OD2|-O2-|-O--|103128|4198|4318|3.931117|3.046984|6.445095|134.534882
1872|197|75|101|124|ASP|GOL|HOH|214943|581|778|804|-OD2|-O2-|-O--|103128|4198|4319|3.931117|2.381103|4.774827|95.135246
1872|198|122|101|124|HOH|GOL|HOH|434943|802|778|804|-O--|-O2-|-O--|283128|4318|4319|3.046984|2.381103|4.735840|121.004707
1872|199|130|101|101|HOH|GOL|GOL|434949|810|780|778|-O--|-O3-|-O2-|283131|2944|2939|3.452613|2.408147|2.870826|55.251244
1872|200|72|101|101|ALA|GOL|GOL|34949|558|780|778|-O--|-O3-|-O2-|43131|4123|2939|3.135035|2.408147|1.964107|38.784988
1872|201|74|101|101|SER|GOL|GOL|114949|568|780|778|-N--|-O3-|-O2-|13131|4153|2939|2.737510|2.408147|3.715457|92.223297
1872|202|74|101|101|SER|GOL|GOL|114949|573|780|778|-OG-|-O3-|-O2-|173131|4175|2939|3.207486|2.408147|5.050310|127.566513
1872|203|219|101|101|HOH|GOL|GOL|434949|900|780|778|-O--|-O3-|-O2-|283131|4324|2939|2.499882|2.408147|4.179358|116.745659
1872|204|145|101|101|HOH|GOL|GOL|434949|826|780|778|-O--|-O3-|-O2-|283131|4325|2939|3.878637|2.408147|5.888173|137.749222
1872|205|124|101|101|HOH|GOL|GOL|434949|804|780|778|-O--|-O3-|-O2-|283131|4326|2939|2.747201|2.408147|2.381103|54.536362
1872|206|72|101|130|ALA|GOL|HOH|34943|558|780|810|-O--|-O3-|-O--|43128|4123|2944|3.135035|3.452613|1.172017|19.744827
1872|207|74|101|130|SER|GOL|HOH|114943|568|780|810|-N--|-O3-|-O--|13128|4153|2944|2.737510|3.452613|3.203756|61.048405
1872|208|74|101|130|SER|GOL|HOH|114943|573|780|810|-OG-|-O3-|-O--|173128|4175|2944|3.207486|3.452613|3.942734|72.491341
1872|209|130|101|219|HOH|GOL|HOH|434943|810|780|900|-O--|-O3-|-O--|283128|2944|4324|3.452613|2.499882|4.809454|106.701431
1872|210|130|101|145|HOH|GOL|HOH|434943|810|780|826|-O--|-O3-|-O--|283128|2944|4325|3.452613|3.878637|5.208856|90.359024
1872|211|124|101|130|HOH|GOL|HOH|434943|804|780|810|-O--|-O3-|-O--|283128|4326|2944|2.747201|3.452613|4.737846|99.036598
1872|212|74|101|72|SER|GOL|ALA|114903|568|780|558|-N--|-O3-|-O--|13104|4153|4123|2.737510|3.135035|3.694705|77.648659
1872|213|72|101|74|ALA|GOL|SER|34911|558|780|573|-O--|-O3-|-OG-|43117|4123|4175|3.135035|3.207486|4.508166|90.590187
1872|214|72|101|219|ALA|GOL|HOH|34943|558|780|900|-O--|-O3-|-O--|43128|4123|4324|3.135035|2.499882|4.920908|121.275703
1872|215|72|101|145|ALA|GOL|HOH|34943|558|780|826|-O--|-O3-|-O--|43128|4123|4325|3.135035|3.878637|5.450355|101.465416
1872|216|72|101|124|ALA|GOL|HOH|34943|558|780|804|-O--|-O3-|-O--|43128|4123|4326|3.135035|2.747201|3.768466|79.380943
1872|217|74|101|74|SER|GOL|SER|114911|568|780|573|-N--|-O3-|-OG-|13117|4153|4175|2.737510|3.207486|2.791493|55.330353
1872|218|74|101|219|SER|GOL|HOH|114943|568|780|900|-N--|-O3-|-O--|13128|4153|4324|2.737510|2.499882|2.052716|45.871799
1872|219|74|101|145|SER|GOL|HOH|114943|568|780|826|-N--|-O3-|-O--|13128|4153|4325|2.737510|3.878637|4.765584|90.466797
1872|220|74|101|124|SER|GOL|HOH|114943|568|780|804|-N--|-O3-|-O--|13128|4153|4326|2.737510|2.747201|5.242070|145.787277
1872|221|74|101|219|SER|GOL|HOH|114943|573|780|900|-OG-|-O3-|-O--|173128|4175|4324|3.207486|2.499882|3.396819|71.836906
1872|222|74|101|145|SER|GOL|HOH|114943|573|780|826|-OG-|-O3-|-O--|173128|4175|4325|3.207486|3.878637|2.235858|35.195759
1872|223|74|101|124|SER|GOL|HOH|114943|573|780|804|-OG-|-O3-|-O--|173128|4175|4326|3.207486|2.747201|5.749956|149.771606
1872|224|145|101|219|HOH|GOL|HOH|434943|826|780|900|-O--|-O3-|-O--|283128|4325|4324|3.878637|2.499882|4.781839|94.651909
1872|225|124|101|219|HOH|GOL|HOH|434943|804|780|900|-O--|-O3-|-O--|283128|4326|4324|2.747201|2.499882|4.889851|137.421921
1872|226|124|101|145|HOH|GOL|HOH|434943|804|780|826|-O--|-O3-|-O--|283128|4326|4325|2.747201|3.878637|5.733955|118.863701
