1872|0|5|VAL|X|1|7|0|000|11.220054|-1.000000|-1.000000|0.000000|-1|-1|0|0|-1|1
1872|1|21|ASP|X|2|8|0|000|11.302137|-1.000000|-1.000000|0.000000|-1|-1|0|0|0|2
1872|2|5|VAL|X|3|7|0|000|7.132969|-1.000000|-1.000000|0.000000|-1|-1|0|0|1|3
1872|3|7|LEU|X|4|8|0|000|10.296410|-1.000000|-1.000000|0.000000|-1|-1|0|0|2|4
1872|4|7|LEU|X|5|8|0|000|8.262556|-1.000000|-1.000000|0.000000|-1|-1|0|0|3|5
1872|5|1|GLY|X|6|4|0|000|11.685386|-1.000000|-1.000000|0.000000|-1|-1|0|0|4|6
1872|6|3|ALA|X|7|5|0|000|14.673941|-1.000000|-1.000000|0.000000|-1|-1|0|0|5|7
1872|7|21|ASP|X|8|8|0|000|17.816969|-1.000000|-1.000000|0.000000|-1|-1|0|0|6|8
1872|8|21|ASP|X|9|8|0|000|19.079975|-1.000000|-1.000000|0.000000|-1|-1|0|0|7|9
1872|9|1|GLY|X|10|4|0|000|17.189880|-1.000000|-1.000000|0.000000|-1|-1|0|0|8|10
1872|10|11|SER|X|11|6|0|000|15.462945|-1.000000|-1.000000|0.000000|-1|-1|0|0|9|11
1872|11|7|LEU|X|12|8|0|000|13.245313|-1.000000|-1.000000|0.000000|-1|-1|0|0|10|12
1872|12|3|ALA|X|13|5|0|000|10.466276|-1.000000|-1.000000|0.000000|-1|-1|0|0|11|13
1872|13|35|PHE|X|14|11|0|000|6.020724|-1.000000|-1.000000|0.000000|-1|-1|0|0|12|14
1872|14|5|VAL|X|15|7|0|000|10.520946|-1.000000|-1.000000|0.000000|-1|-1|0|0|13|15
1872|15|19|PRO|X|16|7|0|000|9.734984|-1.000000|-1.000000|0.000000|-1|-1|0|0|14|16
1872|16|11|SER|X|17|6|0|000|9.693483|-1.000000|-1.000000|0.000000|-1|-1|0|0|15|17
1872|17|25|GLU|X|18|15|0|000|11.895024|-1.000000|-1.000000|0.000000|-1|-1|0|0|16|18
1872|18|35|PHE|X|19|11|0|000|9.339154|-1.000000|-1.000000|0.000000|-1|-1|0|0|17|19
1872|19|11|SER|X|20|9|0|000|13.485939|-1.000000|-1.000000|0.000000|-1|-1|0|0|18|20
1872|20|5|VAL|X|21|7|0|000|12.536284|-1.000000|-1.000000|0.000000|-1|-1|0|0|19|21
1872|21|19|PRO|X|22|7|0|000|15.515985|-1.000000|-1.000000|0.000000|-1|-1|0|0|20|22
1872|22|3|ALA|X|23|5|0|000|15.899700|-1.000000|-1.000000|0.000000|-1|-1|0|0|21|23
1872|23|1|GLY|X|24|4|0|000|14.472367|-1.000000|-1.000000|0.000000|-1|-1|0|0|22|24
1872|24|25|GLU|X|25|9|0|000|13.521580|-1.000000|-1.000000|0.000000|-1|-1|0|0|23|25
1872|25|29|LYS|X|26|9|0|000|12.836840|-1.000000|-1.000000|0.000000|-1|-1|0|0|24|26
1872|26|9|ILE|X|27|8|0|000|7.622254|-1.000000|-1.000000|0.000000|-1|-1|0|0|25|27
1872|27|5|VAL|X|28|7|0|000|9.253999|-1.000000|-1.000000|0.000000|-1|-1|0|0|26|28
1872|28|35|PHE|X|29|11|0|000|4.704096|-1.000000|-1.000000|0.000000|-1|-1|0|0|27|29
1872|29|29|LYS|X|30|9|0|000|11.196940|-1.000000|-1.000000|0.000000|-1|-1|0|0|28|30
1872|30|23|ASN|X|31|8|0|000|11.671712|-1.000000|-1.000000|0.000000|-1|-1|0|0|29|31
1872|31|23|ASN|X|32|8|0|000|14.006695|-1.000000|-1.000000|0.000000|-1|-1|0|0|30|32
1872|32|3|ALA|X|33|5|0|000|14.777987|-1.000000|-1.000000|0.000000|-1|-1|0|0|31|33
1872|33|1|GLY|X|34|4|0|000|15.106421|-1.000000|-1.000000|0.000000|-1|-1|0|0|32|34
1872|34|35|PHE|X|35|11|0|000|15.431218|-1.000000|-1.000000|0.000000|-1|-1|0|0|33|35
1872|35|19|PRO|X|36|7|0|000|13.973882|-1.000000|-1.000000|0.000000|-1|-1|0|0|34|36
1872|36|33|HIS|X|37|10|0|000|10.183162|-1.000000|-1.000000|0.000000|-1|-1|0|0|35|37
1872|37|23|ASN|X|38|8|0|000|7.966087|-1.000000|-1.000000|0.000000|-1|-1|0|0|36|38
1872|38|5|VAL|X|39|7|0|000|4.187645|-1.000000|-1.000000|0.000000|-1|-1|0|0|37|39
1872|39|7|LEU|X|40|8|0|000|6.656344|-1.000000|-1.000000|0.000000|-1|-1|0|0|38|40
1872|40|35|PHE|X|41|11|0|000|5.742232|-1.000000|-1.000000|0.000000|-1|-1|0|0|39|41
1872|41|21|ASP|X|42|8|0|000|10.552828|-1.000000|-1.000000|0.000000|-1|-1|0|0|40|42
1872|42|25|GLU|X|43|9|0|000|14.358234|-1.000000|-1.000000|0.000000|-1|-1|0|0|41|43
1872|43|21|ASP|X|44|8|0|000|15.180695|-1.000000|-1.000000|0.000000|-1|-1|0|0|42|44
1872|44|3|ALA|X|45|5|0|000|12.007138|-1.000000|-1.000000|0.000000|-1|-1|0|0|43|45
1872|45|5|VAL|X|46|7|0|000|12.280555|-1.000000|-1.000000|0.000000|-1|-1|0|0|44|46
1872|46|19|PRO|X|47|7|0|000|14.463817|-1.000000|-1.000000|0.000000|-1|-1|0|0|45|47
1872|47|11|SER|X|48|9|0|000|18.628063|-1.000000|-1.000000|0.000000|-1|-1|0|0|46|48
1872|48|1|GLY|X|49|4|0|000|17.556789|-1.000000|-1.000000|0.000000|-1|-1|0|0|47|49
1872|49|5|VAL|X|50|7|0|000|14.062175|-1.000000|-1.000000|0.000000|-1|-1|0|0|48|50
1872|50|21|ASP|X|51|8|0|000|14.395379|-1.000000|-1.000000|0.000000|-1|-1|0|0|49|51
1872|51|5|VAL|X|52|7|0|000|11.074841|-1.000000|-1.000000|0.000000|-1|-1|0|0|50|52
1872|52|11|SER|X|53|9|0|000|13.382389|-1.000000|-1.000000|0.000000|-1|-1|0|0|51|53
1872|53|29|LYS|X|54|9|0|000|13.578070|-1.000000|-1.000000|0.000000|-1|-1|0|0|52|54
1872|54|9|ILE|X|55|9|0|000|8.476698|-1.000000|-1.000000|0.000000|-1|-1|0|0|53|55
1872|55|11|SER|X|56|6|0|000|8.554482|-1.000000|-1.000000|0.000000|-1|-1|0|0|54|56
1872|56|17|MET|X|57|8|0|000|8.765111|-1.000000|-1.000000|0.000000|-1|-1|0|0|55|57
1872|57|11|SER|X|58|9|0|000|12.912242|-1.000000|-1.000000|0.000000|-1|-1|0|0|56|58
1872|58|25|GLU|X|59|9|0|000|12.942469|-1.000000|-1.000000|0.000000|-1|-1|0|0|57|59
1872|59|25|GLU|X|60|9|0|000|16.816498|-1.000000|-1.000000|0.000000|-1|-1|0|0|58|60
1872|60|21|ASP|X|61|8|0|000|12.845576|-1.000000|-1.000000|0.000000|-1|-1|0|0|59|61
1872|61|7|LEU|X|62|8|0|000|13.644965|-1.000000|-1.000000|0.000000|-1|-1|0|0|60|62
1872|62|7|LEU|X|63|8|0|000|11.726465|-1.000000|-1.000000|0.000000|-1|-1|0|0|61|63
1872|63|23|ASN|X|64|8|0|000|16.292681|-1.000000|-1.000000|0.000000|-1|-1|0|0|62|64
1872|64|3|ALA|X|65|5|0|000|16.139168|-1.000000|-1.000000|0.000000|-1|-1|0|0|63|65
1872|65|29|LYS|X|66|9|0|000|17.033205|-1.000000|-1.000000|0.000000|-1|-1|0|0|64|66
1872|66|1|GLY|X|67|4|0|000|14.697083|-1.000000|-1.000000|0.000000|-1|-1|0|0|65|67
1872|67|25|GLU|X|68|9|0|000|13.596478|-1.000000|-1.000000|0.000000|-1|-1|0|0|66|68
1872|68|13|THR|X|69|7|0|000|11.251674|-1.000000|-1.000000|0.000000|-1|-1|0|0|67|69
1872|69|35|PHE|X|70|11|0|000|7.301235|-1.000000|-1.000000|0.000000|-1|-1|0|0|68|70
1872|70|25|GLU|X|71|9|0|000|10.441607|-1.000000|-1.000000|0.000000|-1|-1|0|0|69|71
1872|71|5|VAL|X|72|7|0|000|7.974048|-1.000000|-1.000000|0.000000|-1|-1|0|0|70|72
1872|72|3|ALA|X|73|5|0|000|11.183410|-1.000000|-1.000000|0.000000|-1|-1|0|0|71|73
1872|73|7|LEU|X|74|8|0|000|10.333362|-1.000000|-1.000000|0.000000|-1|-1|0|0|72|74
1872|74|11|SER|X|75|6|0|000|15.202093|-1.000000|-1.000000|0.000000|-1|-1|0|0|73|75
1872|75|21|ASP|X|76|8|0|000|15.412404|-1.000000|-1.000000|0.000000|-1|-1|0|0|74|76
1872|76|29|LYS|X|77|9|0|000|17.427183|-1.000000|-1.000000|0.000000|-1|-1|0|0|75|77
1872|77|1|GLY|X|78|4|0|000|14.067219|-1.000000|-1.000000|0.000000|-1|-1|0|0|76|78
1872|78|25|GLU|X|79|9|0|000|13.413649|-1.000000|-1.000000|0.000000|-1|-1|0|0|77|79
1872|79|37|TYR|X|80|12|0|000|9.357377|-1.000000|-1.000000|0.000000|-1|-1|0|0|78|80
1872|80|13|THR|X|81|7|0|000|7.976410|-1.000000|-1.000000|0.000000|-1|-1|0|0|79|81
1872|81|35|PHE|X|82|11|0|000|3.593031|-1.000000|-1.000000|0.000000|-1|-1|0|0|80|82
1872|82|37|TYR|X|83|12|0|000|7.238050|-1.000000|-1.000000|0.000000|-1|-1|0|0|81|83
1872|83|15|CYS|X|84|6|0|000|7.970743|-1.000000|-1.000000|0.000000|-1|-1|0|0|82|84
1872|84|11|SER|X|85|9|0|000|10.766659|-1.000000|-1.000000|0.000000|-1|-1|0|0|83|85
1872|85|19|PRO|X|86|7|0|000|12.499933|-1.000000|-1.000000|0.000000|-1|-1|0|0|84|86
1872|86|33|HIS|X|87|10|0|000|12.249901|-1.000000|-1.000000|0.000000|-1|-1|0|0|85|87
1872|87|27|GLN|X|88|15|0|000|12.075271|-1.000000|-1.000000|0.000000|-1|-1|0|0|86|88
1872|88|1|GLY|X|89|4|0|000|15.193594|-1.000000|-1.000000|0.000000|-1|-1|0|0|87|89
1872|89|3|ALA|X|90|5|0|000|14.688289|-1.000000|-1.000000|0.000000|-1|-1|0|0|88|90
1872|90|1|GLY|X|91|4|0|000|12.311838|-1.000000|-1.000000|0.000000|-1|-1|0|0|89|91
1872|91|17|MET|X|92|8|0|000|8.809668|-1.000000|-1.000000|0.000000|-1|-1|0|0|90|92
1872|92|5|VAL|X|93|7|0|000|8.473646|-1.000000|-1.000000|0.000000|-1|-1|0|0|91|93
1872|93|1|GLY|X|94|4|0|000|6.749935|-1.000000|-1.000000|0.000000|-1|-1|0|0|92|94
1872|94|29|LYS|X|95|9|0|000|9.763440|-1.000000|-1.000000|0.000000|-1|-1|0|0|93|95
1872|95|5|VAL|X|96|7|0|000|8.339971|-1.000000|-1.000000|0.000000|-1|-1|0|0|94|96
1872|96|9|ILE|X|97|12|0|000|12.784388|-1.000000|-1.000000|0.000000|-1|-1|0|0|95|97
1872|97|5|VAL|X|98|7|0|000|13.103662|-1.000000|-1.000000|0.000000|-1|-1|0|0|96|98
1872|98|23|ASN|X|99|9|0|000|16.984489|-1.000000|-1.000000|0.000000|-1|-1|0|0|97|-1
1872|99|46|_CU|X|100|1|1|000|9.946292|-1.000000|-1.000000|0.000000|-1|-1|0|2|-1|-1
1872|100|47|SO4|X|101|5|0|000|17.725533|-1.000000|-1.000000|0.000000|-1|-1|0|3|-1|-1
1872|101|49|GOL|X|102|6|0|000|18.481977|-1.000000|-1.000000|0.000000|-1|-1|0|4|-1|-1
1872|102|43|HOH|X|201|1|0|000|18.737663|-1.000000|-1.000000|0.000000|-1|-1|0|1|-1|-1
1872|103|43|HOH|X|202|1|0|000|14.125002|-1.000000|-1.000000|0.000000|-1|-1|0|1|-1|-1
1872|104|43|HOH|X|203|1|0|000|20.796331|-1.000000|-1.000000|0.000000|-1|-1|0|1|-1|-1
1872|105|43|HOH|X|204|1|0|000|16.271126|-1.000000|-1.000000|0.000000|-1|-1|0|1|-1|-1
1872|106|43|HOH|X|205|1|0|000|15.290050|-1.000000|-1.000000|0.000000|-1|-1|0|1|-1|-1
1872|107|43|HOH|X|206|1|0|000|14.753752|-1.000000|-1.000000|0.000000|-1|-1|0|1|-1|-1
1872|108|43|HOH|X|207|1|0|000|12.932593|-1.000000|-1.000000|0.000000|-1|-1|0|1|-1|-1
1872|109|43|HOH|X|208|1|0|000|10.874381|-1.000000|-1.000000|0.000000|-1|-1|0|1|-1|-1
1872|110|43|HOH|X|209|1|0|000|16.198400|-1.000000|-1.000000|0.000000|-1|-1|0|1|-1|-1
1872|111|43|HOH|X|210|1|0|000|11.890105|-1.000000|-1.000000|0.000000|-1|-1|0|1|-1|-1
1872|112|43|HOH|X|211|1|0|000|19.992805|-1.000000|-1.000000|0.000000|-1|-1|0|1|-1|-1
1872|113|43|HOH|X|212|1|0|000|12.158305|-1.000000|-1.000000|0.000000|-1|-1|0|1|-1|-1
1872|114|43|HOH|X|213|1|0|000|10.178329|-1.000000|-1.000000|0.000000|-1|-1|0|1|-1|-1
1872|115|43|HOH|X|214|1|0|000|19.088680|-1.000000|-1.000000|0.000000|-1|-1|0|1|-1|-1
1872|116|43|HOH|X|215|1|0|000|17.638479|-1.000000|-1.000000|0.000000|-1|-1|0|1|-1|-1
1872|117|43|HOH|X|216|1|0|000|14.931742|-1.000000|-1.000000|0.000000|-1|-1|0|1|-1|-1
1872|118|43|HOH|X|217|1|0|000|16.197454|-1.000000|-1.000000|0.000000|-1|-1|0|1|-1|-1
1872|119|43|HOH|X|218|1|0|000|16.821966|-1.000000|-1.000000|0.000000|-1|-1|0|1|-1|-1
1872|120|43|HOH|X|219|1|0|000|12.325157|-1.000000|-1.000000|0.000000|-1|-1|0|1|-1|-1
1872|121|43|HOH|X|220|2|0|000|19.543522|-1.000000|-1.000000|0.000000|-1|-1|0|1|-1|-1
1872|122|43|HOH|X|221|1|0|000|16.438620|-1.000000|-1.000000|0.000000|-1|-1|0|1|-1|-1
1872|123|43|HOH|X|222|1|0|000|11.365093|-1.000000|-1.000000|0.000000|-1|-1|0|1|-1|-1
1872|124|43|HOH|X|223|1|0|000|12.687803|-1.000000|-1.000000|0.000000|-1|-1|0|1|-1|-1
1872|125|43|HOH|X|224|1|0|000|19.310638|-1.000000|-1.000000|0.000000|-1|-1|0|1|-1|-1
1872|126|43|HOH|X|225|1|0|000|17.986677|-1.000000|-1.000000|0.000000|-1|-1|0|1|-1|-1
1872|127|43|HOH|X|226|1|0|000|13.133080|-1.000000|-1.000000|0.000000|-1|-1|0|1|-1|-1
1872|128|43|HOH|X|227|1|0|000|16.453890|-1.000000|-1.000000|0.000000|-1|-1|0|1|-1|-1
1872|129|43|HOH|X|228|1|0|000|11.268832|-1.000000|-1.000000|0.000000|-1|-1|0|1|-1|-1
1872|130|43|HOH|X|229|1|0|000|16.658443|-1.000000|-1.000000|0.000000|-1|-1|0|1|-1|-1
1872|131|43|HOH|X|230|1|0|000|12.327929|-1.000000|-1.000000|0.000000|-1|-1|0|1|-1|-1
1872|132|43|HOH|X|231|1|0|000|10.758469|-1.000000|-1.000000|0.000000|-1|-1|0|1|-1|-1
1872|133|43|HOH|X|232|1|0|000|17.010357|-1.000000|-1.000000|0.000000|-1|-1|0|1|-1|-1
1872|134|43|HOH|X|233|1|0|000|11.658398|-1.000000|-1.000000|0.000000|-1|-1|0|1|-1|-1
1872|135|43|HOH|X|234|1|0|000|13.874961|-1.000000|-1.000000|0.000000|-1|-1|0|1|-1|-1
1872|136|43|HOH|X|235|1|0|000|16.084509|-1.000000|-1.000000|0.000000|-1|-1|0|1|-1|-1
1872|137|43|HOH|X|236|1|0|000|15.438480|-1.000000|-1.000000|0.000000|-1|-1|0|1|-1|-1
1872|138|43|HOH|X|237|1|0|000|10.243584|-1.000000|-1.000000|0.000000|-1|-1|0|1|-1|-1
1872|139|43|HOH|X|238|1|0|000|15.318716|-1.000000|-1.000000|0.000000|-1|-1|0|1|-1|-1
1872|140|43|HOH|X|239|2|0|000|14.532713|-1.000000|-1.000000|0.000000|-1|-1|0|1|-1|-1
1872|141|43|HOH|X|240|1|0|000|9.084336|-1.000000|-1.000000|0.000000|-1|-1|0|1|-1|-1
1872|142|43|HOH|X|241|1|0|000|18.856588|-1.000000|-1.000000|0.000000|-1|-1|0|1|-1|-1
1872|143|43|HOH|X|242|1|0|000|14.123893|-1.000000|-1.000000|0.000000|-1|-1|0|1|-1|-1
1872|144|43|HOH|X|243|1|0|000|16.227200|-1.000000|-1.000000|0.000000|-1|-1|0|1|-1|-1
1872|145|43|HOH|X|244|1|0|000|14.481684|-1.000000|-1.000000|0.000000|-1|-1|0|1|-1|-1
1872|146|43|HOH|X|245|1|0|000|11.394177|-1.000000|-1.000000|0.000000|-1|-1|0|1|-1|-1
1872|147|43|HOH|X|246|1|0|000|16.757265|-1.000000|-1.000000|0.000000|-1|-1|0|1|-1|-1
1872|148|43|HOH|X|247|1|0|000|14.293861|-1.000000|-1.000000|0.000000|-1|-1|0|1|-1|-1
1872|149|43|HOH|X|248|1|0|000|11.436948|-1.000000|-1.000000|0.000000|-1|-1|0|1|-1|-1
1872|150|43|HOH|X|249|1|0|000|13.337488|-1.000000|-1.000000|0.000000|-1|-1|0|1|-1|-1
1872|151|43|HOH|X|250|1|0|000|15.784983|-1.000000|-1.000000|0.000000|-1|-1|0|1|-1|-1
1872|152|43|HOH|X|251|1|0|000|16.190287|-1.000000|-1.000000|0.000000|-1|-1|0|1|-1|-1
1872|153|43|HOH|X|252|1|0|000|18.364967|-1.000000|-1.000000|0.000000|-1|-1|0|1|-1|-1
1872|154|43|HOH|X|253|1|0|000|12.234146|-1.000000|-1.000000|0.000000|-1|-1|0|1|-1|-1
1872|155|43|HOH|X|254|1|0|000|13.211356|-1.000000|-1.000000|0.000000|-1|-1|0|1|-1|-1
1872|156|43|HOH|X|255|1|0|000|20.380787|-1.000000|-1.000000|0.000000|-1|-1|0|1|-1|-1
1872|157|43|HOH|X|256|1|0|000|18.138588|-1.000000|-1.000000|0.000000|-1|-1|0|1|-1|-1
1872|158|43|HOH|X|257|1|0|000|15.750891|-1.000000|-1.000000|0.000000|-1|-1|0|1|-1|-1
1872|159|43|HOH|X|258|1|0|000|14.400505|-1.000000|-1.000000|0.000000|-1|-1|0|1|-1|-1
1872|160|43|HOH|X|259|1|0|000|14.012736|-1.000000|-1.000000|0.000000|-1|-1|0|1|-1|-1
1872|161|43|HOH|X|260|1|0|000|14.959311|-1.000000|-1.000000|0.000000|-1|-1|0|1|-1|-1
1872|162|43|HOH|X|261|1|0|000|13.846937|-1.000000|-1.000000|0.000000|-1|-1|0|1|-1|-1
1872|163|43|HOH|X|262|1|0|000|18.772289|-1.000000|-1.000000|0.000000|-1|-1|0|1|-1|-1
1872|164|43|HOH|X|263|1|0|000|12.629655|-1.000000|-1.000000|0.000000|-1|-1|0|1|-1|-1
1872|165|43|HOH|X|264|1|0|000|11.223551|-1.000000|-1.000000|0.000000|-1|-1|0|1|-1|-1
1872|166|43|HOH|X|265|1|0|000|15.827135|-1.000000|-1.000000|0.000000|-1|-1|0|1|-1|-1
1872|167|43|HOH|X|266|1|0|000|18.095409|-1.000000|-1.000000|0.000000|-1|-1|0|1|-1|-1
1872|168|43|HOH|X|267|1|0|000|14.394667|-1.000000|-1.000000|0.000000|-1|-1|0|1|-1|-1
1872|169|43|HOH|X|268|1|0|000|19.161467|-1.000000|-1.000000|0.000000|-1|-1|0|1|-1|-1
1872|170|43|HOH|X|269|1|0|000|16.145988|-1.000000|-1.000000|0.000000|-1|-1|0|1|-1|-1
1872|171|43|HOH|X|270|1|0|000|17.631657|-1.000000|-1.000000|0.000000|-1|-1|0|1|-1|-1
1872|172|43|HOH|X|271|1|0|000|19.384909|-1.000000|-1.000000|0.000000|-1|-1|0|1|-1|-1
1872|173|43|HOH|X|272|1|0|000|16.014141|-1.000000|-1.000000|0.000000|-1|-1|0|1|-1|-1
1872|174|43|HOH|X|273|1|0|000|13.726928|-1.000000|-1.000000|0.000000|-1|-1|0|1|-1|-1
1872|175|43|HOH|X|274|1|0|000|16.759306|-1.000000|-1.000000|0.000000|-1|-1|0|1|-1|-1
1872|176|43|HOH|X|275|1|0|000|19.732145|-1.000000|-1.000000|0.000000|-1|-1|0|1|-1|-1
1872|177|43|HOH|X|276|1|0|000|17.347952|-1.000000|-1.000000|0.000000|-1|-1|0|1|-1|-1
1872|178|43|HOH|X|277|1|0|000|14.167899|-1.000000|-1.000000|0.000000|-1|-1|0|1|-1|-1
1872|179|43|HOH|X|278|1|0|000|12.173400|-1.000000|-1.000000|0.000000|-1|-1|0|1|-1|-1
1872|180|43|HOH|X|279|1|0|000|15.121170|-1.000000|-1.000000|0.000000|-1|-1|0|1|-1|-1
1872|181|43|HOH|X|280|1|0|000|17.994093|-1.000000|-1.000000|0.000000|-1|-1|0|1|-1|-1
1872|182|43|HOH|X|281|1|0|000|12.540518|-1.000000|-1.000000|0.000000|-1|-1|0|1|-1|-1
1872|183|43|HOH|X|282|1|0|000|14.871927|-1.000000|-1.000000|0.000000|-1|-1|0|1|-1|-1
1872|184|43|HOH|X|283|1|0|000|18.813797|-1.000000|-1.000000|0.000000|-1|-1|0|1|-1|-1
1872|185|43|HOH|X|284|1|0|000|12.091544|-1.000000|-1.000000|0.000000|-1|-1|0|1|-1|-1
1872|186|43|HOH|X|285|1|0|000|14.759869|-1.000000|-1.000000|0.000000|-1|-1|0|1|-1|-1
1872|187|43|HOH|X|286|1|0|000|17.041418|-1.000000|-1.000000|0.000000|-1|-1|0|1|-1|-1
1872|188|43|HOH|X|287|1|0|000|20.552597|-1.000000|-1.000000|0.000000|-1|-1|0|1|-1|-1
1872|189|43|HOH|X|288|1|0|000|17.927219|-1.000000|-1.000000|0.000000|-1|-1|0|1|-1|-1
1872|190|43|HOH|X|289|1|0|000|15.407573|-1.000000|-1.000000|0.000000|-1|-1|0|1|-1|-1
1872|191|43|HOH|X|290|1|0|000|15.609132|-1.000000|-1.000000|0.000000|-1|-1|0|1|-1|-1
1872|192|43|HOH|X|291|1|0|000|12.576303|-1.000000|-1.000000|0.000000|-1|-1|0|1|-1|-1
1872|193|43|HOH|X|292|1|0|000|13.903807|-1.000000|-1.000000|0.000000|-1|-1|0|1|-1|-1
1872|194|43|HOH|X|293|1|0|000|15.244740|-1.000000|-1.000000|0.000000|-1|-1|0|1|-1|-1
1872|195|43|HOH|X|294|1|0|000|18.959764|-1.000000|-1.000000|0.000000|-1|-1|0|1|-1|-1
1872|196|43|HOH|X|295|1|0|000|13.297821|-1.000000|-1.000000|0.000000|-1|-1|0|1|-1|-1
1872|197|43|HOH|X|296|1|0|000|17.522081|-1.000000|-1.000000|0.000000|-1|-1|0|1|-1|-1
1872|198|43|HOH|X|297|1|0|000|14.227530|-1.000000|-1.000000|0.000000|-1|-1|0|1|-1|-1
1872|199|43|HOH|X|298|1|0|000|13.605632|-1.000000|-1.000000|0.000000|-1|-1|0|1|-1|-1
1872|200|43|HOH|X|299|1|0|000|18.038076|-1.000000|-1.000000|0.000000|-1|-1|0|1|-1|-1
1872|201|43|HOH|X|300|1|0|000|16.573793|-1.000000|-1.000000|0.000000|-1|-1|0|1|-1|-1
1872|202|43|HOH|X|301|1|0|000|14.754669|-1.000000|-1.000000|0.000000|-1|-1|0|1|-1|-1
1872|203|43|HOH|X|302|1|0|000|15.607440|-1.000000|-1.000000|0.000000|-1|-1|0|1|-1|-1
1872|204|43|HOH|X|303|1|0|000|11.386345|-1.000000|-1.000000|0.000000|-1|-1|0|1|-1|-1
1872|205|43|HOH|X|304|1|0|000|10.617800|-1.000000|-1.000000|0.000000|-1|-1|0|1|-1|-1
1872|206|43|HOH|X|305|1|0|000|19.511261|-1.000000|-1.000000|0.000000|-1|-1|0|1|-1|-1
1872|207|43|HOH|X|306|1|0|000|14.860262|-1.000000|-1.000000|0.000000|-1|-1|0|1|-1|-1
1872|208|43|HOH|X|307|1|0|000|15.546458|-1.000000|-1.000000|0.000000|-1|-1|0|1|-1|-1
1872|209|43|HOH|X|308|1|0|000|16.772366|-1.000000|-1.000000|0.000000|-1|-1|0|1|-1|-1
1872|210|43|HOH|X|309|1|0|000|15.803212|-1.000000|-1.000000|0.000000|-1|-1|0|1|-1|-1
1872|211|43|HOH|X|310|1|0|000|15.842484|-1.000000|-1.000000|0.000000|-1|-1|0|1|-1|-1
1872|212|43|HOH|X|311|1|0|000|16.117069|-1.000000|-1.000000|0.000000|-1|-1|0|1|-1|-1
1872|213|43|HOH|X|312|1|0|000|14.502538|-1.000000|-1.000000|0.000000|-1|-1|0|1|-1|-1
1872|214|43|HOH|X|313|1|0|000|12.326621|-1.000000|-1.000000|0.000000|-1|-1|0|1|-1|-1
1872|215|43|HOH|X|314|1|0|000|19.537546|-1.000000|-1.000000|0.000000|-1|-1|0|1|-1|-1
1872|216|43|HOH|X|315|1|0|000|18.984861|-1.000000|-1.000000|0.000000|-1|-1|0|1|-1|-1
1872|217|43|HOH|X|316|1|0|000|16.116894|-1.000000|-1.000000|0.000000|-1|-1|0|1|-1|-1
1872|218|43|HOH|X|317|1|0|000|11.133727|-1.000000|-1.000000|0.000000|-1|-1|0|1|-1|-1
1872|219|43|HOH|X|318|1|0|000|12.265778|-1.000000|-1.000000|0.000000|-1|-1|0|1|-1|-1
