1864|0|0|2|-CA-|C_|6|1| |1.000000|0.000000|0.000000|000|16.064650|-1.000000|-1.000000|0.000000|-1|0
1864|0|1|3|-C--|C_|6|2| |1.000000|0.000000|0.000000|000|14.987649|-1.000000|-1.000000|0.000000|-1|0
1864|0|2|4|-O--|O_|8|3| |1.000000|0.000000|0.000000|000|13.968921|-1.000000|-1.000000|0.000000|-1|0
1864|0|3|5|-CB-|C_|6|4| |1.000000|0.000000|0.000000|000|16.711832|-1.000000|-1.000000|0.000000|-1|0
1864|0|4|11|-SG-|S_|16|5| |1.000000|0.000000|0.000000|000|18.445415|-1.000000|-1.000000|0.000000|-1|0
1864|1|5|1|-N--|N_|7|6| |1.000000|0.000000|0.000000|000|15.263927|-1.000000|-1.000000|0.000000|-1|0
1864|1|6|2|-CA-|C_|6|7| |1.000000|0.000000|0.000000|000|14.124095|-1.000000|-1.000000|0.000000|-1|0
1864|1|7|3|-C--|C_|6|8| |1.000000|0.000000|0.000000|000|13.788831|-1.000000|-1.000000|0.000000|-1|0
1864|1|8|4|-O--|O_|8|9| |1.000000|0.000000|0.000000|000|14.594198|-1.000000|-1.000000|0.000000|-1|0
1864|1|9|5|-CB-|C_|6|10| |1.000000|0.000000|0.000000|000|14.655982|-1.000000|-1.000000|0.000000|-1|0
1864|1|10|17|-OG-|O_|8|11| |1.000000|0.000000|0.000000|000|15.436165|-1.000000|-1.000000|0.000000|-1|0
1864|2|11|1|-N--|N_|7|12| |1.000000|0.000000|0.000000|000|12.555761|-1.000000|-1.000000|0.000000|-1|0
1864|2|12|2|-CA-|C_|6|13| |1.000000|0.000000|0.000000|000|12.093443|-1.000000|-1.000000|0.000000|-1|0
1864|2|13|3|-C--|C_|6|14| |1.000000|0.000000|0.000000|000|11.692247|-1.000000|-1.000000|0.000000|-1|0
1864|2|14|4|-O--|O_|8|15| |1.000000|0.000000|0.000000|000|11.414569|-1.000000|-1.000000|0.000000|-1|0
1864|2|15|5|-CB-|C_|6|16| |1.000000|0.000000|0.000000|000|11.228554|-1.000000|-1.000000|0.000000|-1|0
1864|2|16|6|-CG1|C_|6|17| |1.000000|0.000000|0.000000|000|9.722064|-1.000000|-1.000000|0.000000|-1|0
1864|2|17|6|-CG2|C_|6|18| |1.000000|0.000000|0.000000|000|11.639137|-1.000000|-1.000000|0.000000|-1|0
1864|3|18|1|-N--|N_|7|19| |1.000000|0.000000|0.000000|000|11.964257|-1.000000|-1.000000|0.000000|-1|0
1864|3|19|2|-CA-|C_|6|20| |1.000000|0.000000|0.000000|000|12.051724|-1.000000|-1.000000|0.000000|-1|0
1864|3|20|3|-C--|C_|6|21| |1.000000|0.000000|0.000000|000|11.706461|-1.000000|-1.000000|0.000000|-1|0
1864|3|21|4|-O--|O_|8|22| |1.000000|0.000000|0.000000|000|12.450114|-1.000000|-1.000000|0.000000|-1|0
1864|3|22|5|-CB-|C_|6|23| |1.000000|0.000000|0.000000|000|13.504098|-1.000000|-1.000000|0.000000|-1|0
1864|3|23|6|-CG-|C_|6|24| |1.000000|0.000000|0.000000|000|13.897256|-1.000000|-1.000000|0.000000|-1|0
1864|3|24|10|-OD1|O_|8|25| |1.000000|0.000000|0.000000|000|14.087544|-1.000000|-1.000000|0.000000|-1|0
1864|3|25|10|-OD2|O_|8|26| |1.000000|0.000000|0.000000|000|14.246728|-1.000000|-1.000000|0.000000|-1|0
1864|4|26|1|-N--|N_|7|27| |1.000000|0.000000|0.000000|000|10.503364|-1.000000|-1.000000|0.000000|-1|0
1864|4|27|2|-CA-|C_|6|28| |1.000000|0.000000|0.000000|000|9.821063|-1.000000|-1.000000|0.000000|-1|0
1864|4|28|3|-C--|C_|6|29| |1.000000|0.000000|0.000000|000|9.848951|-1.000000|-1.000000|0.000000|-1|0
1864|4|29|4|-O--|O_|8|30| |1.000000|0.000000|0.000000|000|9.870335|-1.000000|-1.000000|0.000000|-1|0
1864|4|30|5|-CB-|C_|6|31| |1.000000|0.000000|0.000000|000|8.525789|-1.000000|-1.000000|0.000000|-1|0
1864|4|31|6|-CG1|C_|6|32| |1.000000|0.000000|0.000000|000|7.566864|-1.000000|-1.000000|0.000000|-1|0
1864|4|32|6|-CG2|C_|6|33| |1.000000|0.000000|0.000000|000|9.141916|-1.000000|-1.000000|0.000000|-1|0
1864|4|33|6|-CD1|C_|6|34| |1.000000|0.000000|0.000000|000|6.264632|-1.000000|-1.000000|0.000000|-1|0
1864|5|34|1|-N--|N_|7|35| |1.000000|0.000000|0.000000|000|10.128952|-1.000000|-1.000000|0.000000|-1|0
1864|5|35|2|-CA-|C_|6|36| |1.000000|0.000000|0.000000|000|10.535567|-1.000000|-1.000000|0.000000|-1|0
1864|5|36|3|-C--|C_|6|37| |1.000000|0.000000|0.000000|000|10.531044|-1.000000|-1.000000|0.000000|-1|0
1864|5|37|4|-O--|O_|8|38| |1.000000|0.000000|0.000000|000|10.952263|-1.000000|-1.000000|0.000000|-1|0
1864|5|38|5|-CB-|C_|6|39| |1.000000|0.000000|0.000000|000|11.990815|-1.000000|-1.000000|0.000000|-1|0
1864|5|39|6|-CG-|C_|6|40| |1.000000|0.000000|0.000000|000|12.939297|-1.000000|-1.000000|0.000000|-1|0
1864|5|40|6|-CD-|C_|6|41| |1.000000|0.000000|0.000000|000|14.412947|-1.000000|-1.000000|0.000000|-1|0
1864|5|41|8|-OE1|O_|8|42| |1.000000|0.000000|0.000000|000|15.243174|-1.000000|-1.000000|0.000000|-1|0
1864|5|42|9|-NE2|N_|7|43| |1.000000|0.000000|0.000000|000|14.815403|-1.000000|-1.000000|0.000000|-1|0
1864|6|43|1|-N--|N_|7|44| |1.000000|0.000000|0.000000|000|10.266659|-1.000000|-1.000000|0.000000|-1|0
1864|6|44|2|-CA-|C_|6|45| |1.000000|0.000000|0.000000|000|10.567478|-1.000000|-1.000000|0.000000|-1|0
1864|6|45|3|-C--|C_|6|46| |1.000000|0.000000|0.000000|000|11.952770|-1.000000|-1.000000|0.000000|-1|0
1864|6|46|4|-O--|O_|8|47| |1.000000|0.000000|0.000000|000|12.275094|-1.000000|-1.000000|0.000000|-1|0
1864|7|47|1|-N--|N_|7|48| |1.000000|0.000000|0.000000|000|12.712774|-1.000000|-1.000000|0.000000|-1|0
1864|7|48|2|-CA-|C_|6|49| |1.000000|0.000000|0.000000|000|14.082804|-1.000000|-1.000000|0.000000|-1|0
1864|7|49|3|-C--|C_|6|50| |1.000000|0.000000|0.000000|000|14.237885|-1.000000|-1.000000|0.000000|-1|0
1864|7|50|4|-O--|O_|8|51| |1.000000|0.000000|0.000000|000|13.302468|-1.000000|-1.000000|0.000000|-1|0
1864|7|51|5|-CB-|C_|6|52| |1.000000|0.000000|0.000000|000|15.133722|-1.000000|-1.000000|0.000000|-1|0
1864|7|52|6|-CG-|C_|6|53| |1.000000|0.000000|0.000000|000|16.190058|-1.000000|-1.000000|0.000000|-1|0
1864|7|53|8|-OD1|O_|8|54| |1.000000|0.000000|0.000000|000|16.586924|-1.000000|-1.000000|0.000000|-1|0
1864|7|54|9|-ND2|N_|7|55| |1.000000|0.000000|0.000000|000|16.916134|-1.000000|-1.000000|0.000000|-1|0
1864|8|55|1|-N--|N_|7|56| |1.000000|0.000000|0.000000|000|15.363119|-1.000000|-1.000000|0.000000|-1|0
1864|8|56|2|-CA-|C_|6|57| |1.000000|0.000000|0.000000|000|16.004318|-1.000000|-1.000000|0.000000|-1|0
1864|8|57|3|-C--|C_|6|58| |1.000000|0.000000|0.000000|000|16.294340|-1.000000|-1.000000|0.000000|-1|0
1864|8|58|4|-O--|O_|8|59| |1.000000|0.000000|0.000000|000|17.123665|-1.000000|-1.000000|0.000000|-1|0
1864|8|59|5|-CB-|C_|6|60| |1.000000|0.000000|0.000000|000|17.372250|-1.000000|-1.000000|0.000000|-1|0
1864|8|60|6|-CG-|C_|6|61| |1.000000|0.000000|0.000000|000|17.572878|-1.000000|-1.000000|0.000000|-1|0
1864|8|61|10|-OD1|O_|8|62| |1.000000|0.000000|0.000000|000|17.414900|-1.000000|-1.000000|0.000000|-1|0
1864|8|62|10|-OD2|O_|8|63| |1.000000|0.000000|0.000000|000|18.060888|-1.000000|-1.000000|0.000000|-1|0
1864|9|63|1|-N--|N_|7|64| |1.000000|0.000000|0.000000|000|15.747133|-1.000000|-1.000000|0.000000|-1|0
1864|9|64|2|-CA-|C_|6|65| |1.000000|0.000000|0.000000|000|16.265244|-1.000000|-1.000000|0.000000|-1|0
1864|9|65|3|-C--|C_|6|66| |1.000000|0.000000|0.000000|000|15.392410|-1.000000|-1.000000|0.000000|-1|0
1864|9|66|4|-O--|O_|8|67| |1.000000|0.000000|0.000000|000|15.884151|-1.000000|-1.000000|0.000000|-1|0
1864|9|67|5|-CB-|C_|6|68| |1.000000|0.000000|0.000000|000|16.521185|-1.000000|-1.000000|0.000000|-1|0
1864|9|68|6|-CG-|C_|6|69| |1.000000|0.000000|0.000000|000|17.333485|-1.000000|-1.000000|0.000000|-1|0
1864|9|69|6|-CD-|C_|6|70| |1.000000|0.000000|0.000000|000|18.864803|-1.000000|-1.000000|0.000000|-1|0
1864|9|70|8|-OE1|O_|8|71| |1.000000|0.000000|0.000000|000|19.482567|-1.000000|-1.000000|0.000000|-1|0
1864|9|71|9|-NE2|N_|7|72| |1.000000|0.000000|0.000000|000|19.645014|-1.000000|-1.000000|0.000000|-1|0
1864|10|72|1|-N--|N_|7|73| |1.000000|0.000000|0.000000|000|14.170266|-1.000000|-1.000000|0.000000|-1|0
1864|10|73|2|-CA-|C_|6|74| |1.000000|0.000000|0.000000|000|13.073758|-1.000000|-1.000000|0.000000|-1|0
1864|10|74|3|-C--|C_|6|75| |1.000000|0.000000|0.000000|000|12.326155|-1.000000|-1.000000|0.000000|-1|0
1864|10|75|4|-O--|O_|8|76| |1.000000|0.000000|0.000000|000|11.673636|-1.000000|-1.000000|0.000000|-1|0
1864|10|76|5|-CB-|C_|6|77| |1.000000|0.000000|0.000000|000|13.636560|-1.000000|-1.000000|0.000000|-1|0
1864|10|77|6|-CG-|C_|6|78| |1.000000|0.000000|0.000000|000|13.650320|-1.000000|-1.000000|0.000000|-1|0
1864|10|78|16|-SD-|S_|16|79| |1.000000|0.000000|0.000000|000|15.166213|-1.000000|-1.000000|0.000000|-1|0
1864|10|79|6|-CE-|C_|6|80| |1.000000|0.000000|0.000000|000|14.498178|-1.000000|-1.000000|0.000000|-1|0
1864|11|80|1|-N--|N_|7|81| |1.000000|0.000000|0.000000|000|12.566266|-1.000000|-1.000000|0.000000|-1|0
1864|11|81|2|-CA-|C_|6|82| |1.000000|0.000000|0.000000|000|12.086825|-1.000000|-1.000000|0.000000|-1|0
1864|11|82|3|-C--|C_|6|83| |1.000000|0.000000|0.000000|000|10.916369|-1.000000|-1.000000|0.000000|-1|0
1864|11|83|4|-O--|O_|8|84| |1.000000|0.000000|0.000000|000|10.201975|-1.000000|-1.000000|0.000000|-1|0
1864|11|84|5|-CB-|C_|6|85| |1.000000|0.000000|0.000000|000|13.386164|-1.000000|-1.000000|0.000000|-1|0
1864|11|85|6|-CG-|C_|6|86| |1.000000|0.000000|0.000000|000|14.137614|-1.000000|-1.000000|0.000000|-1|0
1864|11|86|6|-CD-|C_|6|87| |1.000000|0.000000|0.000000|000|15.407910|-1.000000|-1.000000|0.000000|-1|0
1864|11|87|8|-OE1|O_|8|88| |1.000000|0.000000|0.000000|000|15.355112|-1.000000|-1.000000|0.000000|-1|0
1864|11|88|9|-NE2|N_|7|89| |1.000000|0.000000|0.000000|000|16.543036|-1.000000|-1.000000|0.000000|-1|0
1864|12|89|1|-N--|N_|7|90| |1.000000|0.000000|0.000000|000|10.842931|-1.000000|-1.000000|0.000000|-1|0
1864|12|90|2|-CA-|C_|6|91| |1.000000|0.000000|0.000000|000|10.144870|-1.000000|-1.000000|0.000000|-1|0
1864|12|91|3|-C--|C_|6|92| |1.000000|0.000000|0.000000|000|11.151288|-1.000000|-1.000000|0.000000|-1|0
1864|12|92|4|-O--|O_|8|93| |1.000000|0.000000|0.000000|000|12.346377|-1.000000|-1.000000|0.000000|-1|0
1864|12|93|5|-CB-|C_|6|94| |1.000000|0.000000|0.000000|000|9.046942|-1.000000|-1.000000|0.000000|-1|0
1864|12|94|12|-CG-|C_|6|95| |1.000000|0.000000|0.000000|000|7.587041|-1.000000|-1.000000|0.000000|-1|0
1864|12|95|12|-CD1|C_|6|96| |1.000000|0.000000|0.000000|000|6.902780|-1.000000|-1.000000|0.000000|-1|0
1864|12|96|12|-CD2|C_|6|97| |1.000000|0.000000|0.000000|000|7.092434|-1.000000|-1.000000|0.000000|-1|0
1864|12|97|12|-CE1|C_|6|98| |1.000000|0.000000|0.000000|000|5.543682|-1.000000|-1.000000|0.000000|-1|0
1864|12|98|12|-CE2|C_|6|99| |1.000000|0.000000|0.000000|000|5.760297|-1.000000|-1.000000|0.000000|-1|0
1864|12|99|12|-CZ-|C_|6|100| |1.000000|0.000000|0.000000|000|4.914765|-1.000000|-1.000000|0.000000|-1|0
1864|13|100|1|-N--|N_|7|101| |1.000000|0.000000|0.000000|000|10.902693|-1.000000|-1.000000|0.000000|-1|0
1864|13|101|2|-CA-|C_|6|102| |1.000000|0.000000|0.000000|000|12.029767|-1.000000|-1.000000|0.000000|-1|0
1864|13|102|3|-C--|C_|6|103| |1.000000|0.000000|0.000000|000|11.359330|-1.000000|-1.000000|0.000000|-1|0
1864|13|103|4|-O--|O_|8|104| |1.000000|0.000000|0.000000|000|10.838182|-1.000000|-1.000000|0.000000|-1|0
1864|13|104|5|-CB-|C_|6|105| |1.000000|0.000000|0.000000|000|13.225766|-1.000000|-1.000000|0.000000|-1|0
1864|13|105|6|-CG-|C_|6|106| |1.000000|0.000000|0.000000|000|13.187813|-1.000000|-1.000000|0.000000|-1|0
1864|13|106|8|-OD1|O_|8|107| |1.000000|0.000000|0.000000|000|13.866719|-1.000000|-1.000000|0.000000|-1|0
1864|13|107|9|-ND2|N_|7|108| |1.000000|0.000000|0.000000|000|12.236316|-1.000000|-1.000000|0.000000|-1|0
1864|14|108|1|-N--|N_|7|109| |1.000000|0.000000|0.000000|000|11.583092|-1.000000|-1.000000|0.000000|-1|0
1864|14|109|2|-CA-|C_|6|110| |1.000000|0.000000|0.000000|000|11.383567|-1.000000|-1.000000|0.000000|-1|0
1864|14|110|3|-C--|C_|6|111| |1.000000|0.000000|0.000000|000|10.619143|-1.000000|-1.000000|0.000000|-1|0
1864|14|111|4|-O--|O_|8|112| |1.000000|0.000000|0.000000|000|9.454274|-1.000000|-1.000000|0.000000|-1|0
1864|14|112|5|-CB-|C_|6|113| |1.000000|0.000000|0.000000|000|10.824552|-1.000000|-1.000000|0.000000|-1|0
1864|14|113|17|-OG1|O_|8|114| |1.000000|0.000000|0.000000|000|9.858932|-1.000000|-1.000000|0.000000|-1|0
1864|14|114|6|-CG2|C_|6|115| |1.000000|0.000000|0.000000|000|11.747138|-1.000000|-1.000000|0.000000|-1|0
1864|15|115|1|-N--|N_|7|116| |1.000000|0.000000|0.000000|000|11.472412|-1.000000|-1.000000|0.000000|-1|0
1864|15|116|2|-CA-|C_|6|117| |1.000000|0.000000|0.000000|000|10.828138|-1.000000|-1.000000|0.000000|-1|0
1864|15|117|3|-C--|C_|6|118| |1.000000|0.000000|0.000000|000|11.318244|-1.000000|-1.000000|0.000000|-1|0
1864|15|118|4|-O--|O_|8|119| |1.000000|0.000000|0.000000|000|12.033340|-1.000000|-1.000000|0.000000|-1|0
1864|15|119|5|-CB-|C_|6|120| |1.000000|0.000000|0.000000|000|11.449225|-1.000000|-1.000000|0.000000|-1|0
1864|15|120|6|-CG-|C_|6|121| |1.000000|0.000000|0.000000|000|12.648419|-1.000000|-1.000000|0.000000|-1|0
1864|15|121|8|-OD1|O_|8|122| |1.000000|0.000000|0.000000|000|13.125971|-1.000000|-1.000000|0.000000|-1|0
1864|15|122|9|-ND2|N_|7|123| |1.000000|0.000000|0.000000|000|13.527416|-1.000000|-1.000000|0.000000|-1|0
1864|16|123|1|-N--|N_|7|124| |1.000000|0.000000|0.000000|000|11.235113|-1.000000|-1.000000|0.000000|-1|0
1864|16|124|2|-CA-|C_|6|125| |1.000000|0.000000|0.000000|000|11.947297|-1.000000|-1.000000|0.000000|-1|0
1864|16|125|3|-C--|C_|6|126| |1.000000|0.000000|0.000000|000|12.111910|-1.000000|-1.000000|0.000000|-1|0
1864|16|126|4|-O--|O_|8|127| |1.000000|0.000000|0.000000|000|13.087796|-1.000000|-1.000000|0.000000|-1|0
1864|16|127|5|-CB-|C_|6|128| |1.000000|0.000000|0.000000|000|13.424562|-1.000000|-1.000000|0.000000|-1|0
1864|17|128|1|-N--|N_|7|129| |1.000000|0.000000|0.000000|000|11.359168|-1.000000|-1.000000|0.000000|-1|0
1864|17|129|2|-CA-|C_|6|130| |1.000000|0.000000|0.000000|000|11.508203|-1.000000|-1.000000|0.000000|-1|0
1864|17|130|3|-C--|C_|6|131| |1.000000|0.000000|0.000000|000|12.456723|-1.000000|-1.000000|0.000000|-1|0
1864|17|131|4|-O--|O_|8|132| |1.000000|0.000000|0.000000|000|12.525133|-1.000000|-1.000000|0.000000|-1|0
1864|17|132|5|-CB-|C_|6|133| |1.000000|0.000000|0.000000|000|10.278275|-1.000000|-1.000000|0.000000|-1|0
1864|17|133|6|-CG1|C_|6|134| |1.000000|0.000000|0.000000|000|9.150376|-1.000000|-1.000000|0.000000|-1|0
1864|17|134|6|-CG2|C_|6|135| |1.000000|0.000000|0.000000|000|10.861077|-1.000000|-1.000000|0.000000|-1|0
1864|17|135|6|-CD1|C_|6|136| |1.000000|0.000000|0.000000|000|9.781150|-1.000000|-1.000000|0.000000|-1|0
1864|18|136|1|-N--|N_|7|137| |1.000000|0.000000|0.000000|000|13.196536|-1.000000|-1.000000|0.000000|-1|0
1864|18|137|2|-CA-|C_|6|138| |1.000000|0.000000|0.000000|000|14.294998|-1.000000|-1.000000|0.000000|-1|0
1864|18|138|3|-C--|C_|6|139| |1.000000|0.000000|0.000000|000|14.509901|-1.000000|-1.000000|0.000000|-1|0
1864|18|139|4|-O--|O_|8|140| |1.000000|0.000000|0.000000|000|14.922565|-1.000000|-1.000000|0.000000|-1|0
1864|18|140|5|-CB-|C_|6|141| |1.000000|0.000000|0.000000|000|15.658867|-1.000000|-1.000000|0.000000|-1|0
1864|18|141|17|-OG1|O_|8|142| |1.000000|0.000000|0.000000|000|15.510573|-1.000000|-1.000000|0.000000|-1|0
1864|18|142|6|-CG2|C_|6|143| |1.000000|0.000000|0.000000|000|16.417637|-1.000000|-1.000000|0.000000|-1|0
1864|19|143|1|-N--|N_|7|144| |1.000000|0.000000|0.000000|000|14.398790|-1.000000|-1.000000|0.000000|-1|0
1864|19|144|2|-CA-|C_|6|145| |1.000000|0.000000|0.000000|000|14.788271|-1.000000|-1.000000|0.000000|-1|0
1864|19|145|3|-C--|C_|6|146| |1.000000|0.000000|0.000000|000|16.224506|-1.000000|-1.000000|0.000000|-1|0
1864|19|146|4|-O--|O_|8|147| |1.000000|0.000000|0.000000|000|16.652384|-1.000000|-1.000000|0.000000|-1|0
1864|19|147|5|-CB-|C_|6|148| |1.000000|0.000000|0.000000|000|13.947898|-1.000000|-1.000000|0.000000|-1|0
1864|19|148|6|-CG1|C_|6|149| |1.000000|0.000000|0.000000|000|13.801538|-1.000000|-1.000000|0.000000|-1|0
1864|19|149|6|-CG2|C_|6|150| |1.000000|0.000000|0.000000|000|14.500662|-1.000000|-1.000000|0.000000|-1|0
1864|20|150|1|-N--|N_|7|151| |1.000000|0.000000|0.000000|000|17.007128|-1.000000|-1.000000|0.000000|-1|0
1864|20|151|2|-CA-|C_|6|152| |1.000000|0.000000|0.000000|000|18.411268|-1.000000|-1.000000|0.000000|-1|0
1864|20|152|3|-C--|C_|6|153| |1.000000|0.000000|0.000000|000|18.701723|-1.000000|-1.000000|0.000000|-1|0
1864|20|153|4|-O--|O_|8|154| |1.000000|0.000000|0.000000|000|18.051918|-1.000000|-1.000000|0.000000|-1|0
1864|20|154|5|-CB-|C_|6|155| |1.000000|0.000000|0.000000|000|19.116991|-1.000000|-1.000000|0.000000|-1|0
1864|20|155|6|-CG-|C_|6|156| |1.000000|0.000000|0.000000|000|20.259295|-1.000000|-1.000000|0.000000|-1|0
1864|20|156|10|-OD1|O_|8|157| |1.000000|0.000000|0.000000|000|20.446695|-1.000000|-1.000000|0.000000|-1|0
1864|20|157|10|-OD2|O_|8|158| |1.000000|0.000000|0.000000|000|21.126493|-1.000000|-1.000000|0.000000|-1|0
1864|21|158|1|-N--|N_|7|159| |1.000000|0.000000|0.000000|000|19.832886|-1.000000|-1.000000|0.000000|-1|0
1864|21|159|2|-CA-|C_|6|160| |1.000000|0.000000|0.000000|000|20.331190|-1.000000|-1.000000|0.000000|-1|0
1864|21|160|3|-C--|C_|6|161| |1.000000|0.000000|0.000000|000|21.185711|-1.000000|-1.000000|0.000000|-1|0
1864|21|161|4|-O--|O_|8|162| |1.000000|0.000000|0.000000|000|21.288561|-1.000000|-1.000000|0.000000|-1|0
1864|21|162|5|-CB-|C_|6|163| |1.000000|0.000000|0.000000|000|21.182514|-1.000000|-1.000000|0.000000|-1|0
1864|21|163|6|-CG-|C_|6|164| |1.000000|0.000000|0.000000|000|20.282841|-1.000000|-1.000000|0.000000|-1|0
1864|21|164|6|-CD-|C_|6|165| |1.000000|0.000000|0.000000|000|21.427267|-1.000000|-1.000000|0.000000|-1|0
1864|21|165|6|-CE-|C_|6|166| |1.000000|0.000000|0.000000|000|21.569012|-1.000000|-1.000000|0.000000|-1|0
1864|21|166|14|-NZ-|N_|7|167| |1.000000|0.000000|0.000000|000|22.979418|-1.000000|-1.000000|0.000000|-1|0
1864|22|167|1|-N--|N_|7|168| |1.000000|0.000000|0.000000|000|21.785149|-1.000000|-1.000000|0.000000|-1|0
1864|22|168|2|-CA-|C_|6|169| |1.000000|0.000000|0.000000|000|22.655893|-1.000000|-1.000000|0.000000|-1|0
1864|22|169|3|-C--|C_|6|170| |1.000000|0.000000|0.000000|000|21.848452|-1.000000|-1.000000|0.000000|-1|0
1864|22|170|4|-O--|O_|8|171| |1.000000|0.000000|0.000000|000|21.951736|-1.000000|-1.000000|0.000000|-1|0
1864|22|171|5|-CB-|C_|6|172| |1.000000|0.000000|0.000000|000|23.724073|-1.000000|-1.000000|0.000000|-1|0
1864|22|172|17|-OG-|O_|8|173| |1.000000|0.000000|0.000000|000|24.909719|-1.000000|-1.000000|0.000000|-1|0
1864|23|173|1|-N--|N_|7|174| |1.000000|0.000000|0.000000|000|21.016108|-1.000000|-1.000000|0.000000|-1|0
1864|23|174|2|-CA-|C_|6|175| |1.000000|0.000000|0.000000|000|20.149805|-1.000000|-1.000000|0.000000|-1|0
1864|23|175|3|-C--|C_|6|176| |1.000000|0.000000|0.000000|000|19.575651|-1.000000|-1.000000|0.000000|-1|0
1864|23|176|4|-O--|O_|8|177| |1.000000|0.000000|0.000000|000|18.405399|-1.000000|-1.000000|0.000000|-1|0
1864|23|177|5|-CB-|C_|6|178| |1.000000|0.000000|0.000000|000|19.139315|-1.000000|-1.000000|0.000000|-1|0
1864|23|178|11|-SG-|S_|16|179| |1.000000|0.000000|0.000000|000|17.390551|-1.000000|-1.000000|0.000000|-1|0
1864|24|179|1|-N--|N_|7|180| |1.000000|0.000000|0.000000|000|20.280909|-1.000000|-1.000000|0.000000|-1|0
1864|24|180|2|-CA-|C_|6|181| |1.000000|0.000000|0.000000|000|19.892059|-1.000000|-1.000000|0.000000|-1|0
1864|24|181|3|-C--|C_|6|182| |1.000000|0.000000|0.000000|000|18.502464|-1.000000|-1.000000|0.000000|-1|0
1864|24|182|4|-O--|O_|8|183| |1.000000|0.000000|0.000000|000|18.220846|-1.000000|-1.000000|0.000000|-1|0
1864|24|183|5|-CB-|C_|6|184| |1.000000|0.000000|0.000000|000|20.871796|-1.000000|-1.000000|0.000000|-1|0
1864|24|184|6|-CG-|C_|6|185| |1.000000|0.000000|0.000000|000|22.182760|-1.000000|-1.000000|0.000000|-1|0
1864|25|185|1|-N--|N_|7|186| |1.000000|0.000000|0.000000|000|17.629562|-1.000000|-1.000000|0.000000|-1|0
1864|25|186|2|-CA-|C_|6|187| |1.000000|0.000000|0.000000|000|16.275242|-1.000000|-1.000000|0.000000|-1|0
1864|25|187|3|-C--|C_|6|188| |1.000000|0.000000|0.000000|000|15.380596|-1.000000|-1.000000|0.000000|-1|0
1864|25|188|4|-O--|O_|8|189| |1.000000|0.000000|0.000000|000|15.964899|-1.000000|-1.000000|0.000000|-1|0
1864|25|189|5|-CB-|C_|6|190| |1.000000|0.000000|0.000000|000|16.310659|-1.000000|-1.000000|0.000000|-1|0
1864|25|190|6|-CG-|C_|6|191| |1.000000|0.000000|0.000000|000|17.398857|-1.000000|-1.000000|0.000000|-1|0
1864|25|191|6|-CD-|C_|6|192| |1.000000|0.000000|0.000000|000|18.191248|-1.000000|-1.000000|0.000000|-1|0
1864|25|192|8|-OE1|O_|8|193| |1.000000|0.000000|0.000000|000|18.903547|-1.000000|-1.000000|0.000000|-1|0
1864|25|193|9|-NE2|N_|7|194| |1.000000|0.000000|0.000000|000|18.350933|-1.000000|-1.000000|0.000000|-1|0
1864|26|194|1|-N--|N_|7|195| |1.000000|0.000000|0.000000|000|14.079515|-1.000000|-1.000000|0.000000|-1|0
1864|26|195|2|-CA-|C_|6|196| |1.000000|0.000000|0.000000|000|13.234756|-1.000000|-1.000000|0.000000|-1|0
1864|26|196|3|-C--|C_|6|197| |1.000000|0.000000|0.000000|000|12.396964|-1.000000|-1.000000|0.000000|-1|0
1864|26|197|4|-O--|O_|8|198| |1.000000|0.000000|0.000000|000|11.999022|-1.000000|-1.000000|0.000000|-1|0
1864|26|198|5|-CB-|C_|6|199| |1.000000|0.000000|0.000000|000|12.286755|-1.000000|-1.000000|0.000000|-1|0
1864|26|199|12|-CG-|C_|6|200| |1.000000|0.000000|0.000000|000|11.838153|-1.000000|-1.000000|0.000000|-1|0
1864|26|200|12|-CD1|C_|6|201| |1.000000|0.000000|0.000000|000|10.512803|-1.000000|-1.000000|0.000000|-1|0
1864|26|201|12|-CD2|C_|6|202| |1.000000|0.000000|0.000000|000|12.790141|-1.000000|-1.000000|0.000000|-1|0
1864|26|202|12|-CE1|C_|6|203| |1.000000|0.000000|0.000000|000|10.209124|-1.000000|-1.000000|0.000000|-1|0
1864|26|203|12|-CE2|C_|6|204| |1.000000|0.000000|0.000000|000|12.521340|-1.000000|-1.000000|0.000000|-1|0
1864|26|204|12|-CZ-|C_|6|205| |1.000000|0.000000|0.000000|000|11.297729|-1.000000|-1.000000|0.000000|-1|0
1864|27|205|1|-N--|N_|7|206| |1.000000|0.000000|0.000000|000|12.353053|-1.000000|-1.000000|0.000000|-1|0
1864|27|206|2|-CA-|C_|6|207| |1.000000|0.000000|0.000000|000|11.701305|-1.000000|-1.000000|0.000000|-1|0
1864|27|207|3|-C--|C_|6|208| |1.000000|0.000000|0.000000|000|11.017625|-1.000000|-1.000000|0.000000|-1|0
1864|27|208|4|-O--|O_|8|209| |1.000000|0.000000|0.000000|000|11.588522|-1.000000|-1.000000|0.000000|-1|0
1864|27|209|5|-CB-|C_|6|210| |1.000000|0.000000|0.000000|000|12.908216|-1.000000|-1.000000|0.000000|-1|0
1864|27|210|17|-OG1|O_|8|211| |1.000000|0.000000|0.000000|000|12.238387|-1.000000|-1.000000|0.000000|-1|0
1864|27|211|6|-CG2|C_|6|212| |1.000000|0.000000|0.000000|000|13.751258|-1.000000|-1.000000|0.000000|-1|0
1864|28|212|1|-N--|N_|7|213| |1.000000|0.000000|0.000000|000|9.874432|-1.000000|-1.000000|0.000000|-1|0
1864|28|213|2|-CA-|C_|6|214| |1.000000|0.000000|0.000000|000|8.940900|-1.000000|-1.000000|0.000000|-1|0
1864|28|214|3|-C--|C_|6|215| |1.000000|0.000000|0.000000|000|9.217828|-1.000000|-1.000000|0.000000|-1|0
1864|28|215|4|-O--|O_|8|216| |1.000000|0.000000|0.000000|000|9.485903|-1.000000|-1.000000|0.000000|-1|0
1864|28|216|5|-CB-|C_|6|217| |1.000000|0.000000|0.000000|000|7.556222|-1.000000|-1.000000|0.000000|-1|0
1864|28|217|6|-CG1|C_|6|218| |1.000000|0.000000|0.000000|000|6.336005|-1.000000|-1.000000|0.000000|-1|0
1864|28|218|6|-CG2|C_|6|219| |1.000000|0.000000|0.000000|000|7.580481|-1.000000|-1.000000|0.000000|-1|0
1864|29|219|1|-N--|N_|7|220| |1.000000|0.000000|0.000000|000|9.377357|-1.000000|-1.000000|0.000000|-1|0
1864|29|220|2|-CA-|C_|6|221| |1.000000|0.000000|0.000000|000|9.924070|-1.000000|-1.000000|0.000000|-1|0
1864|29|221|3|-C--|C_|6|222| |1.000000|0.000000|0.000000|000|9.315034|-1.000000|-1.000000|0.000000|-1|0
1864|29|222|4|-O--|O_|8|223| |1.000000|0.000000|0.000000|000|9.389675|-1.000000|-1.000000|0.000000|-1|0
1864|29|223|5|-CB-|C_|6|224| |1.000000|0.000000|0.000000|000|11.372178|-1.000000|-1.000000|0.000000|-1|0
1864|29|224|6|-CG-|C_|6|225| |1.000000|0.000000|0.000000|000|12.320116|-1.000000|-1.000000|0.000000|-1|0
1864|29|225|8|-OD1|O_|8|226| |1.000000|0.000000|0.000000|000|13.440394|-1.000000|-1.000000|0.000000|-1|0
1864|29|226|9|-ND2|N_|7|227| |1.000000|0.000000|0.000000|000|12.142489|-1.000000|-1.000000|0.000000|-1|0
1864|30|227|1|-N--|N_|7|228| |1.000000|0.000000|0.000000|000|9.016197|-1.000000|-1.000000|0.000000|-1|0
1864|30|228|2|-CA-|C_|6|229| |1.000000|0.000000|0.000000|000|8.688642|-1.000000|-1.000000|0.000000|-1|0
1864|30|229|3|-C--|C_|6|230| |1.000000|0.000000|0.000000|000|9.965703|-1.000000|-1.000000|0.000000|-1|0
1864|30|230|4|-O--|O_|8|231| |1.000000|0.000000|0.000000|000|10.634555|-1.000000|-1.000000|0.000000|-1|0
1864|30|231|5|-CB-|C_|6|232| |1.000000|0.000000|0.000000|000|7.570074|-1.000000|-1.000000|0.000000|-1|0
1864|30|232|6|-CG-|C_|6|233| |1.000000|0.000000|0.000000|000|6.228817|-1.000000|-1.000000|0.000000|-1|0
1864|30|233|6|-CD1|C_|6|234| |1.000000|0.000000|0.000000|000|5.908163|-1.000000|-1.000000|0.000000|-1|0
1864|30|234|6|-CD2|C_|6|235| |1.000000|0.000000|0.000000|000|6.402367|-1.000000|-1.000000|0.000000|-1|0
1864|31|235|1|-N--|N_|7|236| |1.000000|0.000000|0.000000|000|10.414001|-1.000000|-1.000000|0.000000|-1|0
1864|31|236|2|-CA-|C_|6|237| |1.000000|0.000000|0.000000|000|11.732900|-1.000000|-1.000000|0.000000|-1|0
1864|31|237|3|-C--|C_|6|238| |1.000000|0.000000|0.000000|000|11.748578|-1.000000|-1.000000|0.000000|-1|0
1864|31|238|4|-O--|O_|8|239| |1.000000|0.000000|0.000000|000|10.709044|-1.000000|-1.000000|0.000000|-1|0
1864|31|239|5|-CB-|C_|6|240| |1.000000|0.000000|0.000000|000|12.889073|-1.000000|-1.000000|0.000000|-1|0
1864|31|240|17|-OG-|O_|8|241| |1.000000|0.000000|0.000000|000|14.132220|-1.000000|-1.000000|0.000000|-1|0
1864|32|241|1|-N--|N_|7|242| |1.000000|0.000000|0.000000|000|12.981347|-1.000000|-1.000000|0.000000|-1|0
1864|32|242|2|-CA-|C_|6|243| |1.000000|0.000000|0.000000|000|13.284336|-1.000000|-1.000000|0.000000|-1|0
1864|32|243|3|-C--|C_|6|244| |1.000000|0.000000|0.000000|000|14.823030|-1.000000|-1.000000|0.000000|-1|0
1864|32|244|4|-O--|O_|8|245| |1.000000|0.000000|0.000000|000|15.551386|-1.000000|-1.000000|0.000000|-1|0
1864|32|245|5|-CB-|C_|6|246| |1.000000|0.000000|0.000000|000|12.843262|-1.000000|-1.000000|0.000000|-1|0
1864|32|246|12|-CG-|C_|6|247| |1.000000|0.000000|0.000000|000|13.009924|-1.000000|-1.000000|0.000000|-1|0
1864|32|247|13|-ND1|N_|7|248| |1.000000|0.000000|0.000000|000|12.218912|-1.000000|-1.000000|0.000000|-1|0
1864|32|248|12|-CD2|C_|6|249| |1.000000|0.000000|0.000000|000|13.870389|-1.000000|-1.000000|0.000000|-1|0
1864|32|249|12|-CE1|C_|6|250| |1.000000|0.000000|0.000000|000|12.712057|-1.000000|-1.000000|0.000000|-1|0
1864|32|250|13|-NE2|N_|7|251| |1.000000|0.000000|0.000000|000|13.664729|-1.000000|-1.000000|0.000000|-1|0
1864|33|251|1|-N--|N_|7|252| |1.000000|0.000000|0.000000|000|15.268390|-1.000000|-1.000000|0.000000|-1|0
1864|33|252|2|-CA-|C_|6|253| |1.000000|0.000000|0.000000|000|16.457041|-1.000000|-1.000000|0.000000|-1|0
1864|33|253|3|-C--|C_|6|254| |1.000000|0.000000|0.000000|000|17.541285|-1.000000|-1.000000|0.000000|-1|0
1864|33|254|4|-O--|O_|8|255| |1.000000|0.000000|0.000000|000|18.690910|-1.000000|-1.000000|0.000000|-1|0
1864|33|255|5|-CB-|C_|6|256| |1.000000|0.000000|0.000000|000|15.789378|-1.000000|-1.000000|0.000000|-1|0
1864|33|256|6|-CG-|C_|6|257| |1.000000|0.000000|0.000000|000|14.866450|-1.000000|-1.000000|0.000000|-1|0
1864|33|257|6|-CD-|C_|6|258| |1.000000|0.000000|0.000000|000|14.167194|-1.000000|-1.000000|0.000000|-1|0
1864|34|258|1|-N--|N_|7|259| |1.000000|0.000000|0.000000|000|17.415030|-1.000000|-1.000000|0.000000|-1|0
1864|34|259|2|-CA-|C_|6|260| |1.000000|0.000000|0.000000|000|18.801046|-1.000000|-1.000000|0.000000|-1|0
1864|34|260|3|-C--|C_|6|261| |1.000000|0.000000|0.000000|000|18.977900|-1.000000|-1.000000|0.000000|-1|0
1864|34|261|4|-O--|O_|8|262| |1.000000|0.000000|0.000000|000|17.991789|-1.000000|-1.000000|0.000000|-1|0
1864|35|262|1|-N--|N_|7|263| |1.000000|0.000000|0.000000|000|20.135942|-1.000000|-1.000000|0.000000|-1|0
1864|35|263|2|-CA-|C_|6|264| |1.000000|0.000000|0.000000|000|20.382427|-1.000000|-1.000000|0.000000|-1|0
1864|35|264|3|-C--|C_|6|265| |1.000000|0.000000|0.000000|000|20.138500|-1.000000|-1.000000|0.000000|-1|0
1864|35|265|4|-O--|O_|8|266| |1.000000|0.000000|0.000000|000|21.119986|-1.000000|-1.000000|0.000000|-1|0
1864|35|266|5|-CB-|C_|6|267| |1.000000|0.000000|0.000000|000|21.868254|-1.000000|-1.000000|0.000000|-1|0
1864|36|267|1|-N--|N_|7|268| |1.000000|0.000000|0.000000|000|18.923782|-1.000000|-1.000000|0.000000|-1|0
1864|36|268|2|-CA-|C_|6|269| |1.000000|0.000000|0.000000|000|18.626419|-1.000000|-1.000000|0.000000|-1|0
1864|36|269|3|-C--|C_|6|270| |1.000000|0.000000|0.000000|000|17.547747|-1.000000|-1.000000|0.000000|-1|0
1864|36|270|4|-O--|O_|8|271| |1.000000|0.000000|0.000000|000|16.412041|-1.000000|-1.000000|0.000000|-1|0
1864|36|271|5|-CB-|C_|6|272| |1.000000|0.000000|0.000000|000|18.303934|-1.000000|-1.000000|0.000000|-1|0
1864|36|272|6|-CG-|C_|6|273| |1.000000|0.000000|0.000000|000|19.465069|-1.000000|-1.000000|0.000000|-1|0
1864|36|273|6|-CD1|C_|6|274| |1.000000|0.000000|0.000000|000|20.552149|-1.000000|-1.000000|0.000000|-1|0
1864|36|274|6|-CD2|C_|6|275| |1.000000|0.000000|0.000000|000|20.292933|-1.000000|-1.000000|0.000000|-1|0
1864|37|275|1|-N--|N_|7|276| |1.000000|0.000000|0.000000|000|18.087402|-1.000000|-1.000000|0.000000|-1|0
1864|37|276|2|-CA-|C_|6|277| |1.000000|0.000000|0.000000|000|17.634054|-1.000000|-1.000000|0.000000|-1|0
1864|37|277|3|-C--|C_|6|278| |1.000000|0.000000|0.000000|000|16.324474|-1.000000|-1.000000|0.000000|-1|0
1864|37|278|4|-O--|O_|8|279| |1.000000|0.000000|0.000000|000|15.568303|-1.000000|-1.000000|0.000000|-1|0
1864|37|279|5|-CB-|C_|6|280| |1.000000|0.000000|0.000000|000|18.854658|-1.000000|-1.000000|0.000000|-1|0
1864|37|280|6|-CG-|C_|6|281| |1.000000|0.000000|0.000000|000|19.869720|-1.000000|-1.000000|0.000000|-1|0
1864|37|281|6|-CD-|C_|6|282| |1.000000|0.000000|0.000000|000|19.571749|-1.000000|-1.000000|0.000000|-1|0
1864|38|282|1|-N--|N_|7|283| |1.000000|0.000000|0.000000|000|16.073828|-1.000000|-1.000000|0.000000|-1|0
1864|38|283|2|-CA-|C_|6|284| |1.000000|0.000000|0.000000|000|14.832093|-1.000000|-1.000000|0.000000|-1|0
1864|38|284|3|-C--|C_|6|285| |1.000000|0.000000|0.000000|000|15.242858|-1.000000|-1.000000|0.000000|-1|0
1864|38|285|4|-O--|O_|8|286| |1.000000|0.000000|0.000000|000|14.835697|-1.000000|-1.000000|0.000000|-1|0
1864|38|286|5|-CB-|C_|6|287| |1.000000|0.000000|0.000000|000|14.470344|-1.000000|-1.000000|0.000000|-1|0
1864|38|287|6|-CG-|C_|6|288| |1.000000|0.000000|0.000000|000|13.622653|-1.000000|-1.000000|0.000000|-1|0
1864|38|288|6|-CD-|C_|6|289| |1.000000|0.000000|0.000000|000|14.632087|-1.000000|-1.000000|0.000000|-1|0
1864|38|289|6|-CE-|C_|6|290| |1.000000|0.000000|0.000000|000|15.445970|-1.000000|-1.000000|0.000000|-1|0
1864|38|290|14|-NZ-|N_|7|291| |1.000000|0.000000|0.000000|000|16.967913|-1.000000|-1.000000|0.000000|-1|0
1864|39|291|1|-N--|N_|7|292| |1.000000|0.000000|0.000000|000|16.274687|-1.000000|-1.000000|0.000000|-1|0
1864|39|292|2|-CA-|C_|6|293| |1.000000|0.000000|0.000000|000|16.821064|-1.000000|-1.000000|0.000000|-1|0
1864|39|293|3|-C--|C_|6|294| |1.000000|0.000000|0.000000|000|17.024065|-1.000000|-1.000000|0.000000|-1|0
1864|39|294|4|-O--|O_|8|295| |1.000000|0.000000|0.000000|000|17.560167|-1.000000|-1.000000|0.000000|-1|0
1864|39|295|5|-CB-|C_|6|296| |1.000000|0.000000|0.000000|000|18.176987|-1.000000|-1.000000|0.000000|-1|0
1864|39|296|6|-CG-|C_|6|297| |1.000000|0.000000|0.000000|000|19.204052|-1.000000|-1.000000|0.000000|-1|0
1864|39|297|8|-OD1|O_|8|298| |1.000000|0.000000|0.000000|000|19.985619|-1.000000|-1.000000|0.000000|-1|0
1864|39|298|9|-ND2|N_|7|299| |1.000000|0.000000|0.000000|000|19.121473|-1.000000|-1.000000|0.000000|-1|0
1864|40|299|1|-N--|N_|7|300| |1.000000|0.000000|0.000000|000|16.897017|-1.000000|-1.000000|0.000000|-1|0
1864|40|300|2|-CA-|C_|6|301| |1.000000|0.000000|0.000000|000|17.254843|-1.000000|-1.000000|0.000000|-1|0
1864|40|301|3|-C--|C_|6|302| |1.000000|0.000000|0.000000|000|16.074678|-1.000000|-1.000000|0.000000|-1|0
1864|40|302|4|-O--|O_|8|303| |1.000000|0.000000|0.000000|000|16.177670|-1.000000|-1.000000|0.000000|-1|0
1864|40|303|5|-CB-|C_|6|304| |1.000000|0.000000|0.000000|000|18.301380|-1.000000|-1.000000|0.000000|-1|0
1864|40|304|6|-CG1|C_|6|305| |1.000000|0.000000|0.000000|000|19.023520|-1.000000|-1.000000|0.000000|-1|0
1864|40|305|6|-CG2|C_|6|306| |1.000000|0.000000|0.000000|000|19.483051|-1.000000|-1.000000|0.000000|-1|0
1864|41|306|1|-N--|N_|7|307| |1.000000|0.000000|0.000000|000|15.109073|-1.000000|-1.000000|0.000000|-1|0
1864|41|307|2|-CA-|C_|6|308| |1.000000|0.000000|0.000000|000|13.988245|-1.000000|-1.000000|0.000000|-1|0
1864|41|308|3|-C--|C_|6|309| |1.000000|0.000000|0.000000|000|12.891083|-1.000000|-1.000000|0.000000|-1|0
1864|41|309|4|-O--|O_|8|310| |1.000000|0.000000|0.000000|000|12.853133|-1.000000|-1.000000|0.000000|-1|0
1864|41|310|5|-CB-|C_|6|311| |1.000000|0.000000|0.000000|000|14.658114|-1.000000|-1.000000|0.000000|-1|0
1864|41|311|6|-CG-|C_|6|312| |1.000000|0.000000|0.000000|000|15.330660|-1.000000|-1.000000|0.000000|-1|0
1864|41|312|16|-SD-|S_|16|313| |1.000000|0.000000|0.000000|000|14.179695|-1.000000|-1.000000|0.000000|-1|0
1864|41|313|6|-CE-|C_|6|314| |1.000000|0.000000|0.000000|000|15.957501|-1.000000|-1.000000|0.000000|-1|0
1864|42|314|1|-N--|N_|7|315| |1.000000|0.000000|0.000000|000|12.187136|-1.000000|-1.000000|0.000000|-1|0
1864|42|315|2|-CA-|C_|6|316| |1.000000|0.000000|0.000000|000|11.381665|-1.000000|-1.000000|0.000000|-1|0
1864|42|316|3|-C--|C_|6|317| |1.000000|0.000000|0.000000|000|9.986325|-1.000000|-1.000000|0.000000|-1|0
1864|42|317|4|-O--|O_|8|318| |1.000000|0.000000|0.000000|000|9.761785|-1.000000|-1.000000|0.000000|-1|0
1864|43|318|1|-N--|N_|7|319| |1.000000|0.000000|0.000000|000|9.165852|-1.000000|-1.000000|0.000000|-1|0
1864|43|319|2|-CA-|C_|6|320| |1.000000|0.000000|0.000000|000|7.822427|-1.000000|-1.000000|0.000000|-1|0
1864|43|320|3|-C--|C_|6|321| |1.000000|0.000000|0.000000|000|6.942097|-1.000000|-1.000000|0.000000|-1|0
1864|43|321|4|-O--|O_|8|322| |1.000000|0.000000|0.000000|000|7.447400|-1.000000|-1.000000|0.000000|-1|0
1864|43|322|5|-CB-|C_|6|323| |1.000000|0.000000|0.000000|000|7.955899|-1.000000|-1.000000|0.000000|-1|0
1864|43|323|12|-CG-|C_|6|324| |1.000000|0.000000|0.000000|000|9.073363|-1.000000|-1.000000|0.000000|-1|0
1864|43|324|13|-ND1|N_|7|325| |1.000000|0.000000|0.000000|000|9.380949|-1.000000|-1.000000|0.000000|-1|0
1864|43|325|12|-CD2|C_|6|326| |1.000000|0.000000|0.000000|000|10.106706|-1.000000|-1.000000|0.000000|-1|0
1864|43|326|12|-CE1|C_|6|327| |1.000000|0.000000|0.000000|000|10.552361|-1.000000|-1.000000|0.000000|-1|0
1864|43|327|13|-NE2|N_|7|328| |1.000000|0.000000|0.000000|000|10.929605|-1.000000|-1.000000|0.000000|-1|0
1864|44|328|1|-N--|N_|7|329| |1.000000|0.000000|0.000000|000|5.928864|-1.000000|-1.000000|0.000000|-1|0
1864|44|329|2|-CA-|C_|6|330| |1.000000|0.000000|0.000000|000|4.950821|-1.000000|-1.000000|0.000000|-1|0
1864|44|330|3|-C--|C_|6|331| |1.000000|0.000000|0.000000|000|3.645651|-1.000000|-1.000000|0.000000|-1|0
1864|44|331|4|-O--|O_|8|332| |1.000000|0.000000|0.000000|000|3.745663|-1.000000|-1.000000|0.000000|-1|0
1864|44|332|5|-CB-|C_|6|333| |1.000000|0.000000|0.000000|000|4.824095|-1.000000|-1.000000|0.000000|-1|0
1864|44|333|6|-CG-|C_|6|334| |1.000000|0.000000|0.000000|000|6.093671|-1.000000|-1.000000|0.000000|-1|0
1864|44|334|8|-OD1|O_|8|335| |1.000000|0.000000|0.000000|000|6.732677|-1.000000|-1.000000|0.000000|-1|0
1864|44|335|9|-ND2|N_|7|336| |1.000000|0.000000|0.000000|000|6.943566|-1.000000|-1.000000|0.000000|-1|0
1864|45|336|1|-N--|N_|7|337| |1.000000|0.000000|0.000000|000|2.927266|-1.000000|-1.000000|0.000000|-1|0
1864|45|337|2|-CA-|C_|6|338| |1.000000|0.000000|0.000000|000|1.750242|-1.000000|-1.000000|0.000000|-1|0
1864|45|338|3|-C--|C_|6|339| |1.000000|0.000000|0.000000|000|1.142827|-1.000000|-1.000000|0.000000|-1|0
1864|45|339|4|-O--|O_|8|340| |1.000000|0.000000|0.000000|000|2.168963|-1.000000|-1.000000|0.000000|-1|0
1864|45|340|5|-CB-|C_|6|341| |1.000000|0.000000|0.000000|000|2.658913|-1.000000|-1.000000|0.000000|-1|0
1864|45|341|12|-CG-|C_|6|342| |1.000000|0.000000|0.000000|000|2.729555|-1.000000|-1.000000|0.000000|-1|0
1864|45|342|12|-CD1|C_|6|343| |1.000000|0.000000|0.000000|000|3.171916|-1.000000|-1.000000|0.000000|-1|0
1864|45|343|12|-CD2|C_|6|344| |1.000000|0.000000|0.000000|000|3.270075|-1.000000|-1.000000|0.000000|-1|0
1864|45|344|15|-NE1|N_|7|345| |1.000000|0.000000|0.000000|000|4.068174|-1.000000|-1.000000|0.000000|-1|0
1864|45|345|12|-CE2|C_|6|346| |1.000000|0.000000|0.000000|000|4.044251|-1.000000|-1.000000|0.000000|-1|0
1864|45|346|12|-CE3|C_|6|347| |1.000000|0.000000|0.000000|000|3.901970|-1.000000|-1.000000|0.000000|-1|0
1864|45|347|12|-CZ2|C_|6|348| |1.000000|0.000000|0.000000|000|5.135984|-1.000000|-1.000000|0.000000|-1|0
1864|45|348|12|-CZ3|C_|6|349| |1.000000|0.000000|0.000000|000|4.950034|-1.000000|-1.000000|0.000000|-1|0
1864|45|349|12|-CH2|C_|6|350| |1.000000|0.000000|0.000000|000|5.465365|-1.000000|-1.000000|0.000000|-1|0
1864|46|350|1|-N--|N_|7|351| |1.000000|0.000000|0.000000|000|1.379063|-1.000000|-1.000000|0.000000|-1|0
1864|46|351|2|-CA-|C_|6|352| |1.000000|0.000000|0.000000|000|2.653458|-1.000000|-1.000000|0.000000|-1|0
1864|46|352|3|-C--|C_|6|353| |1.000000|0.000000|0.000000|000|3.023536|-1.000000|-1.000000|0.000000|-1|0
1864|46|353|4|-O--|O_|8|354| |1.000000|0.000000|0.000000|000|2.825830|-1.000000|-1.000000|0.000000|-1|0
1864|46|354|5|-CB-|C_|6|355| |1.000000|0.000000|0.000000|000|3.847447|-1.000000|-1.000000|0.000000|-1|0
1864|46|355|6|-CG1|C_|6|356| |1.000000|0.000000|0.000000|000|4.195413|-1.000000|-1.000000|0.000000|-1|0
1864|46|356|6|-CG2|C_|6|357| |1.000000|0.000000|0.000000|000|5.154226|-1.000000|-1.000000|0.000000|-1|0
1864|47|357|1|-N--|N_|7|358| |1.000000|0.000000|0.000000|000|4.082460|-1.000000|-1.000000|0.000000|-1|0
1864|47|358|2|-CA-|C_|6|359| |1.000000|0.000000|0.000000|000|5.090216|-1.000000|-1.000000|0.000000|-1|0
1864|47|359|3|-C--|C_|6|360| |1.000000|0.000000|0.000000|000|6.352501|-1.000000|-1.000000|0.000000|-1|0
1864|47|360|4|-O--|O_|8|361| |1.000000|0.000000|0.000000|000|6.765561|-1.000000|-1.000000|0.000000|-1|0
1864|47|361|5|-CB-|C_|6|362| |1.000000|0.000000|0.000000|000|5.674087|-1.000000|-1.000000|0.000000|-1|0
1864|47|362|6|-CG-|C_|6|363| |1.000000|0.000000|0.000000|000|6.549448|-1.000000|-1.000000|0.000000|-1|0
1864|47|363|6|-CD1|C_|6|364| |1.000000|0.000000|0.000000|000|7.445400|-1.000000|-1.000000|0.000000|-1|0
1864|47|364|6|-CD2|C_|6|365| |1.000000|0.000000|0.000000|000|7.752142|-1.000000|-1.000000|0.000000|-1|0
1864|48|365|1|-N--|N_|7|366| |1.000000|0.000000|0.000000|000|7.264230|-1.000000|-1.000000|0.000000|-1|0
1864|48|366|2|-CA-|C_|6|367| |1.000000|0.000000|0.000000|000|8.605458|-1.000000|-1.000000|0.000000|-1|0
1864|48|367|3|-C--|C_|6|368| |1.000000|0.000000|0.000000|000|9.591584|-1.000000|-1.000000|0.000000|-1|0
1864|48|368|4|-O--|O_|8|369| |1.000000|0.000000|0.000000|000|9.374274|-1.000000|-1.000000|0.000000|-1|0
1864|48|369|5|-CB-|C_|6|370| |1.000000|0.000000|0.000000|000|8.553823|-1.000000|-1.000000|0.000000|-1|0
1864|48|370|17|-OG-|O_|8|371| |1.000000|0.000000|0.000000|000|9.774885|-1.000000|-1.000000|0.000000|-1|0
1864|49|371|1|-N--|N_|7|372| |1.000000|0.000000|0.000000|000|10.786086|-1.000000|-1.000000|0.000000|-1|0
1864|49|372|2|-CA-|C_|6|373| |1.000000|0.000000|0.000000|000|11.793173|-1.000000|-1.000000|0.000000|-1|0
1864|49|373|3|-C--|C_|6|374| |1.000000|0.000000|0.000000|000|12.059326|-1.000000|-1.000000|0.000000|-1|0
1864|49|374|4|-O--|O_|8|375| |1.000000|0.000000|0.000000|000|11.942639|-1.000000|-1.000000|0.000000|-1|0
1864|49|375|5|-CB-|C_|6|376| |1.000000|0.000000|0.000000|000|13.070227|-1.000000|-1.000000|0.000000|-1|0
1864|49|376|17|-OG1|O_|8|377| |1.000000|0.000000|0.000000|000|13.604889|-1.000000|-1.000000|0.000000|-1|0
1864|49|377|6|-CG2|C_|6|378| |1.000000|0.000000|0.000000|000|13.024932|-1.000000|-1.000000|0.000000|-1|0
1864|50|378|1|-N--|N_|7|379| |1.000000|0.000000|0.000000|000|12.626152|-1.000000|-1.000000|0.000000|-1|0
1864|50|379|2|-CA-|C_|6|380| |1.000000|0.000000|0.000000|000|13.150533|-1.000000|-1.000000|0.000000|-1|0
1864|50|380|3|-C--|C_|6|381| |1.000000|0.000000|0.000000|000|14.428794|-1.000000|-1.000000|0.000000|-1|0
1864|50|381|4|-O--|O_|8|382| |1.000000|0.000000|0.000000|000|15.653358|-1.000000|-1.000000|0.000000|-1|0
1864|50|382|5|-CB-|C_|6|383| |1.000000|0.000000|0.000000|000|13.745605|-1.000000|-1.000000|0.000000|-1|0
1864|51|383|1|-N--|N_|7|384| |1.000000|0.000000|0.000000|000|14.317826|-1.000000|-1.000000|0.000000|-1|0
1864|51|384|2|-CA-|C_|6|385| |1.000000|0.000000|0.000000|000|15.436206|-1.000000|-1.000000|0.000000|-1|0
1864|51|385|3|-C--|C_|6|386| |1.000000|0.000000|0.000000|000|14.940928|-1.000000|-1.000000|0.000000|-1|0
1864|51|386|4|-O--|O_|8|387| |1.000000|0.000000|0.000000|000|15.785999|-1.000000|-1.000000|0.000000|-1|0
1864|51|387|5|-CB-|C_|6|388| |1.000000|0.000000|0.000000|000|16.358891|-1.000000|-1.000000|0.000000|-1|0
1864|52|388|1|-N--|N_|7|389| |1.000000|0.000000|0.000000|000|13.643665|-1.000000|-1.000000|0.000000|-1|0
1864|52|389|2|-CA-|C_|6|390| |1.000000|0.000000|0.000000|000|13.264120|-1.000000|-1.000000|0.000000|-1|0
1864|52|390|3|-C--|C_|6|391| |1.000000|0.000000|0.000000|000|12.404500|-1.000000|-1.000000|0.000000|-1|0
1864|52|391|4|-O--|O_|8|392| |1.000000|0.000000|0.000000|000|12.967411|-1.000000|-1.000000|0.000000|-1|0
1864|52|392|5|-CB-|C_|6|393| |1.000000|0.000000|0.000000|000|12.625352|-1.000000|-1.000000|0.000000|-1|0
1864|52|393|6|-CG-|C_|6|394| |1.000000|0.000000|0.000000|000|13.621255|-1.000000|-1.000000|0.000000|-1|0
1864|52|394|10|-OD1|O_|8|395| |1.000000|0.000000|0.000000|000|14.266646|-1.000000|-1.000000|0.000000|-1|0
1864|52|395|10|-OD2|O_|8|396| |1.000000|0.000000|0.000000|000|13.998321|-1.000000|-1.000000|0.000000|-1|0
1864|53|396|1|-N--|N_|7|397| |1.000000|0.000000|0.000000|000|11.385439|-1.000000|-1.000000|0.000000|-1|0
1864|53|397|2|-CA-|C_|6|398| |1.000000|0.000000|0.000000|000|10.716695|-1.000000|-1.000000|0.000000|-1|0
1864|53|398|3|-C--|C_|6|399| |1.000000|0.000000|0.000000|000|11.550657|-1.000000|-1.000000|0.000000|-1|0
1864|53|399|4|-O--|O_|8|400| |1.000000|0.000000|0.000000|000|11.174016|-1.000000|-1.000000|0.000000|-1|0
1864|53|400|5|-CB-|C_|6|401| |1.000000|0.000000|0.000000|000|10.826217|-1.000000|-1.000000|0.000000|-1|0
1864|53|401|6|-CG-|C_|6|402| |1.000000|0.000000|0.000000|000|9.700107|-1.000000|-1.000000|0.000000|-1|0
1864|53|402|16|-SD-|S_|16|403| |1.000000|0.000000|0.000000|000|9.863826|-1.000000|-1.000000|0.000000|-1|0
1864|53|403|6|-CE-|C_|6|404| |1.000000|0.000000|0.000000|000|8.955073|-1.000000|-1.000000|0.000000|-1|0
1864|54|404|1|-N--|N_|7|405| |1.000000|0.000000|0.000000|000|12.846122|-1.000000|-1.000000|0.000000|-1|0
1864|54|405|2|-CA-|C_|6|406| |1.000000|0.000000|0.000000|000|13.772498|-1.000000|-1.000000|0.000000|-1|0
1864|54|406|3|-C--|C_|6|407| |1.000000|0.000000|0.000000|000|13.820695|-1.000000|-1.000000|0.000000|-1|0
1864|54|407|4|-O--|O_|8|408| |1.000000|0.000000|0.000000|000|14.383069|-1.000000|-1.000000|0.000000|-1|0
1864|54|408|5|-CB-|C_|6|409| |1.000000|0.000000|0.000000|000|15.245056|-1.000000|-1.000000|0.000000|-1|0
1864|54|409|6|-CG-|C_|6|410| |1.000000|0.000000|0.000000|000|15.940987|-1.000000|-1.000000|0.000000|-1|0
1864|55|410|1|-N--|N_|7|411| |1.000000|0.000000|0.000000|000|13.473507|-1.000000|-1.000000|0.000000|-1|0
1864|55|411|2|-CA-|C_|6|412| |1.000000|0.000000|0.000000|000|13.732937|-1.000000|-1.000000|0.000000|-1|0
1864|55|412|3|-C--|C_|6|413| |1.000000|0.000000|0.000000|000|12.795094|-1.000000|-1.000000|0.000000|-1|0
1864|55|413|4|-O--|O_|8|414| |1.000000|0.000000|0.000000|000|13.301260|-1.000000|-1.000000|0.000000|-1|0
1864|56|414|1|-N--|N_|7|415| |1.000000|0.000000|0.000000|000|11.618859|-1.000000|-1.000000|0.000000|-1|0
1864|56|415|2|-CA-|C_|6|416| |1.000000|0.000000|0.000000|000|10.473080|-1.000000|-1.000000|0.000000|-1|0
1864|56|416|3|-C--|C_|6|417| |1.000000|0.000000|0.000000|000|10.354279|-1.000000|-1.000000|0.000000|-1|0
1864|56|417|4|-O--|O_|8|418| |1.000000|0.000000|0.000000|000|10.982689|-1.000000|-1.000000|0.000000|-1|0
1864|56|418|5|-CB-|C_|6|419| |1.000000|0.000000|0.000000|000|9.575684|-1.000000|-1.000000|0.000000|-1|0
1864|56|419|6|-CG1|C_|6|420| |1.000000|0.000000|0.000000|000|9.432219|-1.000000|-1.000000|0.000000|-1|0
1864|56|420|6|-CG2|C_|6|421| |1.000000|0.000000|0.000000|000|8.304567|-1.000000|-1.000000|0.000000|-1|0
1864|57|421|1|-N--|N_|7|422| |1.000000|0.000000|0.000000|000|10.312002|-1.000000|-1.000000|0.000000|-1|0
1864|57|422|2|-CA-|C_|6|423| |1.000000|0.000000|0.000000|000|10.741764|-1.000000|-1.000000|0.000000|-1|0
1864|57|423|3|-C--|C_|6|424| |1.000000|0.000000|0.000000|000|12.073503|-1.000000|-1.000000|0.000000|-1|0
1864|57|424|4|-O--|O_|8|425| |1.000000|0.000000|0.000000|000|12.060787|-1.000000|-1.000000|0.000000|-1|0
1864|57|425|5|-CB-|C_|6|426| |1.000000|0.000000|0.000000|000|11.066496|-1.000000|-1.000000|0.000000|-1|0
1864|57|426|6|-CG1|C_|6|427| |1.000000|0.000000|0.000000|000|10.170357|-1.000000|-1.000000|0.000000|-1|0
1864|57|427|6|-CG2|C_|6|428| |1.000000|0.000000|0.000000|000|12.542269|-1.000000|-1.000000|0.000000|-1|0
1864|58|428|1|-N--|N_|7|429| |1.000000|0.000000|0.000000|000|13.242311|-1.000000|-1.000000|0.000000|-1|0
1864|58|429|2|-CA-|C_|6|430| |1.000000|0.000000|0.000000|000|14.582151|-1.000000|-1.000000|0.000000|-1|0
1864|58|430|3|-C--|C_|6|431| |1.000000|0.000000|0.000000|000|14.792808|-1.000000|-1.000000|0.000000|-1|0
1864|58|431|4|-O--|O_|8|432| |1.000000|0.000000|0.000000|000|15.330382|-1.000000|-1.000000|0.000000|-1|0
1864|58|432|5|-CB-|C_|6|433| |1.000000|0.000000|0.000000|000|15.611193|-1.000000|-1.000000|0.000000|-1|0
1864|58|433|17|-OG1|O_|8|434| |1.000000|0.000000|0.000000|000|15.757345|-1.000000|-1.000000|0.000000|-1|0
1864|58|434|6|-CG2|C_|6|435| |1.000000|0.000000|0.000000|000|17.012617|-1.000000|-1.000000|0.000000|-1|0
1864|59|435|1|-N--|N_|7|436| |1.000000|0.000000|0.000000|000|14.658457|-1.000000|-1.000000|0.000000|-1|0
1864|59|436|2|-CA-|C_|6|437| |1.000000|0.000000|0.000000|000|15.039942|-1.000000|-1.000000|0.000000|-1|0
1864|59|437|3|-C--|C_|6|438| |1.000000|0.000000|0.000000|000|14.167508|-1.000000|-1.000000|0.000000|-1|0
1864|59|438|4|-O--|O_|8|439| |1.000000|0.000000|0.000000|000|14.725224|-1.000000|-1.000000|0.000000|-1|0
1864|59|439|5|-CB-|C_|6|440| |1.000000|0.000000|0.000000|000|15.220816|-1.000000|-1.000000|0.000000|-1|0
1864|59|440|6|-CG-|C_|6|441| |1.000000|0.000000|0.000000|000|16.484797|-1.000000|-1.000000|0.000000|-1|0
1864|59|441|10|-OD1|O_|8|442| |1.000000|0.000000|0.000000|000|17.118286|-1.000000|-1.000000|0.000000|-1|0
1864|59|442|10|-OD2|O_|8|443| |1.000000|0.000000|0.000000|000|17.087561|-1.000000|-1.000000|0.000000|-1|0
1864|60|443|1|-N--|N_|7|444| |1.000000|0.000000|0.000000|000|12.890217|-1.000000|-1.000000|0.000000|-1|0
1864|60|444|2|-CA-|C_|6|445| |1.000000|0.000000|0.000000|000|12.166110|-1.000000|-1.000000|0.000000|-1|0
1864|60|445|3|-C--|C_|6|446| |1.000000|0.000000|0.000000|000|12.760914|-1.000000|-1.000000|0.000000|-1|0
1864|60|446|4|-O--|O_|8|447| |1.000000|0.000000|0.000000|000|12.816290|-1.000000|-1.000000|0.000000|-1|0
1864|61|447|1|-N--|N_|7|448| |1.000000|0.000000|0.000000|000|13.538066|-1.000000|-1.000000|0.000000|-1|0
1864|61|448|2|-CA-|C_|6|449| |1.000000|0.000000|0.000000|000|14.145610|-1.000000|-1.000000|0.000000|-1|0
1864|61|449|3|-C--|C_|6|450| |1.000000|0.000000|0.000000|000|15.432659|-1.000000|-1.000000|0.000000|-1|0
1864|61|450|4|-O--|O_|8|451| |1.000000|0.000000|0.000000|000|16.035721|-1.000000|-1.000000|0.000000|-1|0
1864|61|451|5|-CB-|C_|6|452| |1.000000|0.000000|0.000000|000|14.390829|-1.000000|-1.000000|0.000000|-1|0
1864|61|452|6|-CG-|C_|6|453| |1.000000|0.000000|0.000000|000|13.268451|-1.000000|-1.000000|0.000000|-1|0
1864|61|453|16|-SD-|S_|16|454| |1.000000|0.000000|0.000000|000|13.591555|-1.000000|-1.000000|0.000000|-1|0
1864|61|454|6|-CE-|C_|6|455| |1.000000|0.000000|0.000000|000|15.305663|-1.000000|-1.000000|0.000000|-1|0
1864|62|455|1|-N--|N_|7|456| |1.000000|0.000000|0.000000|000|15.957905|-1.000000|-1.000000|0.000000|-1|0
1864|62|456|2|-CA-|C_|6|457| |1.000000|0.000000|0.000000|000|17.178978|-1.000000|-1.000000|0.000000|-1|0
1864|62|457|3|-C--|C_|6|458| |1.000000|0.000000|0.000000|000|17.103495|-1.000000|-1.000000|0.000000|-1|0
1864|62|458|4|-O--|O_|8|459| |1.000000|0.000000|0.000000|000|17.931688|-1.000000|-1.000000|0.000000|-1|0
1864|62|459|5|-CB-|C_|6|460| |1.000000|0.000000|0.000000|000|17.641403|-1.000000|-1.000000|0.000000|-1|0
1864|63|460|1|-N--|N_|7|461| |1.000000|0.000000|0.000000|000|16.205902|-1.000000|-1.000000|0.000000|-1|0
1864|63|461|2|-CA-|C_|6|462| |1.000000|0.000000|0.000000|000|16.179533|-1.000000|-1.000000|0.000000|-1|0
1864|63|462|3|-C--|C_|6|463| |1.000000|0.000000|0.000000|000|16.449776|-1.000000|-1.000000|0.000000|-1|0
1864|63|463|4|-O--|O_|8|464| |1.000000|0.000000|0.000000|000|17.451128|-1.000000|-1.000000|0.000000|-1|0
1864|63|464|5|-CB-|C_|6|465| |1.000000|0.000000|0.000000|000|14.893502|-1.000000|-1.000000|0.000000|-1|0
1864|63|465|17|-OG-|O_|8|466| |1.000000|0.000000|0.000000|000|13.934743|-1.000000|-1.000000|0.000000|-1|0
1864|64|466|1|-N--|N_|7|467| |1.000000|0.000000|0.000000|000|15.766038|-1.000000|-1.000000|0.000000|-1|0
1864|64|467|2|-CA-|C_|6|468| |1.000000|0.000000|0.000000|000|16.356756|-1.000000|-1.000000|0.000000|-1|0
1864|64|468|3|-C--|C_|6|469| |1.000000|0.000000|0.000000|000|15.727504|-1.000000|-1.000000|0.000000|-1|0
1864|64|469|4|-O--|O_|8|470| |1.000000|0.000000|0.000000|000|14.536224|-1.000000|-1.000000|0.000000|-1|0
1864|65|470|1|-N--|N_|7|471| |1.000000|0.000000|0.000000|000|16.532681|-1.000000|-1.000000|0.000000|-1|0
1864|65|471|2|-CA-|C_|6|472| |1.000000|0.000000|0.000000|000|15.885759|-1.000000|-1.000000|0.000000|-1|0
1864|65|472|3|-C--|C_|6|473| |1.000000|0.000000|0.000000|000|15.670305|-1.000000|-1.000000|0.000000|-1|0
1864|65|473|4|-O--|O_|8|474| |1.000000|0.000000|0.000000|000|14.554540|-1.000000|-1.000000|0.000000|-1|0
1864|65|474|5|-CB-|C_|6|475| |1.000000|0.000000|0.000000|000|16.794950|-1.000000|-1.000000|0.000000|-1|0
1864|65|475|6|-CG-|C_|6|476| |1.000000|0.000000|0.000000|000|16.161612|-1.000000|-1.000000|0.000000|-1|0
1864|65|476|6|-CD1|C_|6|477| |1.000000|0.000000|0.000000|000|14.944087|-1.000000|-1.000000|0.000000|-1|0
1864|65|477|6|-CD2|C_|6|478| |1.000000|0.000000|0.000000|000|17.318638|-1.000000|-1.000000|0.000000|-1|0
1864|66|478|1|-N--|N_|7|479| |1.000000|0.000000|0.000000|000|16.750620|-1.000000|-1.000000|0.000000|-1|0
1864|66|479|2|-CA-|C_|6|480| |1.000000|0.000000|0.000000|000|16.931875|-1.000000|-1.000000|0.000000|-1|0
1864|66|480|3|-C--|C_|6|481| |1.000000|0.000000|0.000000|000|16.063360|-1.000000|-1.000000|0.000000|-1|0
1864|66|481|4|-O--|O_|8|482| |1.000000|0.000000|0.000000|000|15.712986|-1.000000|-1.000000|0.000000|-1|0
1864|66|482|5|-CB-|C_|6|483| |1.000000|0.000000|0.000000|000|18.415831|-1.000000|-1.000000|0.000000|-1|0
1864|66|483|6|-CG-|C_|6|484| |1.000000|0.000000|0.000000|000|19.098982|-1.000000|-1.000000|0.000000|-1|0
1864|66|484|10|-OD1|O_|8|485| |1.000000|0.000000|0.000000|000|20.304195|-1.000000|-1.000000|0.000000|-1|0
1864|66|485|10|-OD2|O_|8|486| |1.000000|0.000000|0.000000|000|18.698223|-1.000000|-1.000000|0.000000|-1|0
1864|67|486|1|-N--|N_|7|487| |1.000000|0.000000|0.000000|000|15.945642|-1.000000|-1.000000|0.000000|-1|0
1864|67|487|2|-CA-|C_|6|488| |1.000000|0.000000|0.000000|000|15.302426|-1.000000|-1.000000|0.000000|-1|0
1864|67|488|3|-C--|C_|6|489| |1.000000|0.000000|0.000000|000|13.814046|-1.000000|-1.000000|0.000000|-1|0
1864|67|489|4|-O--|O_|8|490| |1.000000|0.000000|0.000000|000|13.406384|-1.000000|-1.000000|0.000000|-1|0
1864|67|490|5|-CB-|C_|6|491| |1.000000|0.000000|0.000000|000|15.581449|-1.000000|-1.000000|0.000000|-1|0
1864|67|491|6|-CG-|C_|6|492| |1.000000|0.000000|0.000000|000|16.960354|-1.000000|-1.000000|0.000000|-1|0
1864|67|492|6|-CD-|C_|6|493| |1.000000|0.000000|0.000000|000|18.132164|-1.000000|-1.000000|0.000000|-1|0
1864|67|493|6|-CE-|C_|6|494| |1.000000|0.000000|0.000000|000|19.213896|-1.000000|-1.000000|0.000000|-1|0
1864|67|494|14|-NZ-|N_|7|495| |1.000000|0.000000|0.000000|000|20.529169|-1.000000|-1.000000|0.000000|-1|0
1864|68|495|1|-N--|N_|7|496| |1.000000|0.000000|0.000000|000|13.161607|-1.000000|-1.000000|0.000000|-1|0
1864|68|496|2|-CA-|C_|6|497| |1.000000|0.000000|0.000000|000|11.918749|-1.000000|-1.000000|0.000000|-1|0
1864|68|497|3|-C--|C_|6|498| |1.000000|0.000000|0.000000|000|11.090173|-1.000000|-1.000000|0.000000|-1|0
1864|68|498|4|-O--|O_|8|499| |1.000000|0.000000|0.000000|000|9.860039|-1.000000|-1.000000|0.000000|-1|0
1864|68|499|5|-CB-|C_|6|500| |1.000000|0.000000|0.000000|000|11.350124|-1.000000|-1.000000|0.000000|-1|0
1864|68|500|6|-CG-|C_|6|501| |1.000000|0.000000|0.000000|000|11.135635|-1.000000|-1.000000|0.000000|-1|0
1864|68|501|10|-OD1|O_|8|502| |1.000000|0.000000|0.000000|000|11.139924|-1.000000|-1.000000|0.000000|-1|0
1864|68|502|10|-OD2|O_|8|503| |1.000000|0.000000|0.000000|000|11.166535|-1.000000|-1.000000|0.000000|-1|0
1864|69|503|1|-N--|N_|7|504| |1.000000|0.000000|0.000000|000|11.779509|-1.000000|-1.000000|0.000000|-1|0
1864|69|504|2|-CA-|C_|6|505| |1.000000|0.000000|0.000000|000|11.580655|-1.000000|-1.000000|0.000000|-1|0
1864|69|505|3|-C--|C_|6|506| |1.000000|0.000000|0.000000|000|10.833894|-1.000000|-1.000000|0.000000|-1|0
1864|69|506|4|-O--|O_|8|507| |1.000000|0.000000|0.000000|000|10.405199|-1.000000|-1.000000|0.000000|-1|0
1864|69|507|5|-CB-|C_|6|508| |1.000000|0.000000|0.000000|000|11.045794|-1.000000|-1.000000|0.000000|-1|0
1864|69|508|12|-CG-|C_|6|509| |1.000000|0.000000|0.000000|000|12.302191|-1.000000|-1.000000|0.000000|-1|0
1864|69|509|12|-CD1|C_|6|510| |1.000000|0.000000|0.000000|000|13.571287|-1.000000|-1.000000|0.000000|-1|0
1864|69|510|12|-CD2|C_|6|511| |1.000000|0.000000|0.000000|000|12.268222|-1.000000|-1.000000|0.000000|-1|0
1864|69|511|12|-CE1|C_|6|512| |1.000000|0.000000|0.000000|000|14.686852|-1.000000|-1.000000|0.000000|-1|0
1864|69|512|12|-CE2|C_|6|513| |1.000000|0.000000|0.000000|000|13.485065|-1.000000|-1.000000|0.000000|-1|0
1864|69|513|12|-CZ-|C_|6|514| |1.000000|0.000000|0.000000|000|14.619939|-1.000000|-1.000000|0.000000|-1|0
1864|69|514|18|-OH-|O_|8|515| |1.000000|0.000000|0.000000|000|15.782837|-1.000000|-1.000000|0.000000|-1|0
1864|70|515|1|-N--|N_|7|516| |1.000000|0.000000|0.000000|000|10.690349|-1.000000|-1.000000|0.000000|-1|0
1864|70|516|2|-CA-|C_|6|517| |1.000000|0.000000|0.000000|000|10.228286|-1.000000|-1.000000|0.000000|-1|0
1864|70|517|3|-C--|C_|6|518| |1.000000|0.000000|0.000000|000|11.444804|-1.000000|-1.000000|0.000000|-1|0
1864|70|518|4|-O--|O_|8|519| |1.000000|0.000000|0.000000|000|11.735186|-1.000000|-1.000000|0.000000|-1|0
1864|70|519|5|-CB-|C_|6|520| |1.000000|0.000000|0.000000|000|8.907979|-1.000000|-1.000000|0.000000|-1|0
1864|70|520|6|-CG-|C_|6|521| |1.000000|0.000000|0.000000|000|8.118937|-1.000000|-1.000000|0.000000|-1|0
1864|70|521|6|-CD1|C_|6|522| |1.000000|0.000000|0.000000|000|7.100487|-1.000000|-1.000000|0.000000|-1|0
1864|70|522|6|-CD2|C_|6|523| |1.000000|0.000000|0.000000|000|7.710960|-1.000000|-1.000000|0.000000|-1|0
1864|71|523|1|-N--|N_|7|524| |1.000000|0.000000|0.000000|000|12.309355|-1.000000|-1.000000|0.000000|-1|0
1864|71|524|2|-CA-|C_|6|525| |1.000000|0.000000|0.000000|000|13.607346|-1.000000|-1.000000|0.000000|-1|0
1864|71|525|3|-C--|C_|6|526| |1.000000|0.000000|0.000000|000|13.728056|-1.000000|-1.000000|0.000000|-1|0
1864|71|526|4|-O--|O_|8|527| |1.000000|0.000000|0.000000|000|12.720343|-1.000000|-1.000000|0.000000|-1|0
1864|71|527|5|-CB-|C_|6|528| |1.000000|0.000000|0.000000|000|14.069422|-1.000000|-1.000000|0.000000|-1|0
1864|71|528|6|-CG-|C_|6|529| |1.000000|0.000000|0.000000|000|14.305910|-1.000000|-1.000000|0.000000|-1|0
1864|71|529|6|-CD-|C_|6|530| |1.000000|0.000000|0.000000|000|15.671760|-1.000000|-1.000000|0.000000|-1|0
1864|71|530|6|-CE-|C_|6|531| |1.000000|0.000000|0.000000|000|16.849510|-1.000000|-1.000000|0.000000|-1|0
1864|71|531|14|-NZ-|N_|7|532| |1.000000|0.000000|0.000000|000|17.799910|-1.000000|-1.000000|0.000000|-1|0
1864|72|532|1|-N--|N_|7|533| |1.000000|0.000000|0.000000|000|14.971858|-1.000000|-1.000000|0.000000|-1|0
1864|72|533|2|-CA-|C_|6|534| |1.000000|0.000000|0.000000|000|15.296517|-1.000000|-1.000000|0.000000|-1|0
1864|72|534|3|-C--|C_|6|535| |1.000000|0.000000|0.000000|000|15.293629|-1.000000|-1.000000|0.000000|-1|0
1864|72|535|4|-O--|O_|8|536| |1.000000|0.000000|0.000000|000|15.762179|-1.000000|-1.000000|0.000000|-1|0
1864|72|536|5|-CB-|C_|6|537| |1.000000|0.000000|0.000000|000|16.767298|-1.000000|-1.000000|0.000000|-1|0
1864|72|537|6|-CG-|C_|6|538| |1.000000|0.000000|0.000000|000|17.202913|-1.000000|-1.000000|0.000000|-1|0
1864|72|538|6|-CD-|C_|6|539| |1.000000|0.000000|0.000000|000|16.252792|-1.000000|-1.000000|0.000000|-1|0
1864|73|539|1|-N--|N_|7|540| |1.000000|0.000000|0.000000|000|15.097458|-1.000000|-1.000000|0.000000|-1|0
1864|73|540|2|-CA-|C_|6|541| |1.000000|0.000000|0.000000|000|15.297540|-1.000000|-1.000000|0.000000|-1|0
1864|73|541|3|-C--|C_|6|542| |1.000000|0.000000|0.000000|000|14.299046|-1.000000|-1.000000|0.000000|-1|0
1864|73|542|4|-O--|O_|8|543| |1.000000|0.000000|0.000000|000|14.174684|-1.000000|-1.000000|0.000000|-1|0
1864|73|543|5|-CB-|C_|6|544| |1.000000|0.000000|0.000000|000|16.569141|-1.000000|-1.000000|0.000000|-1|0
1864|73|544|6|-CG-|C_|6|545| |1.000000|0.000000|0.000000|000|17.215822|-1.000000|-1.000000|0.000000|-1|0
1864|73|545|10|-OD1|O_|8|546| |1.000000|0.000000|0.000000|000|18.219145|-1.000000|-1.000000|0.000000|-1|0
1864|73|546|10|-OD2|O_|8|547| |1.000000|0.000000|0.000000|000|16.917923|-1.000000|-1.000000|0.000000|-1|0
1864|74|547|1|-N--|N_|7|548| |1.000000|0.000000|0.000000|000|13.965776|-1.000000|-1.000000|0.000000|-1|0
1864|74|548|2|-CA-|C_|6|549| |1.000000|0.000000|0.000000|000|13.454535|-1.000000|-1.000000|0.000000|-1|0
1864|74|549|3|-C--|C_|6|550| |1.000000|0.000000|0.000000|000|13.200158|-1.000000|-1.000000|0.000000|-1|0
1864|74|550|4|-O--|O_|8|551| |1.000000|0.000000|0.000000|000|12.301851|-1.000000|-1.000000|0.000000|-1|0
1864|74|551|5|-CB-|C_|6|552| |1.000000|0.000000|0.000000|000|12.208803|-1.000000|-1.000000|0.000000|-1|0
1864|74|552|6|-CG-|C_|6|553| |1.000000|0.000000|0.000000|000|12.756020|-1.000000|-1.000000|0.000000|-1|0
1864|74|553|10|-OD1|O_|8|554| |1.000000|0.000000|0.000000|000|13.500967|-1.000000|-1.000000|0.000000|-1|0
1864|74|554|10|-OD2|O_|8|555| |1.000000|0.000000|0.000000|000|12.485535|-1.000000|-1.000000|0.000000|-1|0
1864|75|555|1|-N--|N_|7|556| |1.000000|0.000000|0.000000|000|14.270914|-1.000000|-1.000000|0.000000|-1|0
1864|75|556|2|-CA-|C_|6|557| |1.000000|0.000000|0.000000|000|14.553784|-1.000000|-1.000000|0.000000|-1|0
1864|75|557|3|-C--|C_|6|558| |1.000000|0.000000|0.000000|000|14.215723|-1.000000|-1.000000|0.000000|-1|0
1864|75|558|4|-O--|O_|8|559| |1.000000|0.000000|0.000000|000|14.907647|-1.000000|-1.000000|0.000000|-1|0
1864|75|559|5|-CB-|C_|6|560| |1.000000|0.000000|0.000000|000|16.038671|-1.000000|-1.000000|0.000000|-1|0
1864|75|560|17|-OG-|O_|8|561| |1.000000|0.000000|0.000000|000|16.497643|-1.000000|-1.000000|0.000000|-1|0
1864|76|561|1|-N--|N_|7|562| |1.000000|0.000000|0.000000|000|12.936726|-1.000000|-1.000000|0.000000|-1|0
1864|76|562|2|-CA-|C_|6|563| |1.000000|0.000000|0.000000|000|12.319967|-1.000000|-1.000000|0.000000|-1|0
1864|76|563|3|-C--|C_|6|564| |1.000000|0.000000|0.000000|000|10.840203|-1.000000|-1.000000|0.000000|-1|0
1864|76|564|4|-O--|O_|8|565| |1.000000|0.000000|0.000000|000|10.084250|-1.000000|-1.000000|0.000000|-1|0
1864|76|565|5|-CB-|C_|6|566| |1.000000|0.000000|0.000000|000|12.636283|-1.000000|-1.000000|0.000000|-1|0
1864|76|566|6|-CG-|C_|6|567| |1.000000|0.000000|0.000000|000|14.161301|-1.000000|-1.000000|0.000000|-1|0
1864|76|567|6|-CD-|C_|6|568| |1.000000|0.000000|0.000000|000|13.974908|-1.000000|-1.000000|0.000000|-1|0
1864|76|568|7|-NE-|N_|7|569| |1.000000|0.000000|0.000000|000|13.820204|-1.000000|-1.000000|0.000000|-1|0
1864|76|569|6|-CZ-|C_|6|570| |1.000000|0.000000|0.000000|000|14.553859|-1.000000|-1.000000|0.000000|-1|0
1864|76|570|7|-NH1|N_|7|571| |1.000000|0.000000|0.000000|000|14.403134|-1.000000|-1.000000|0.000000|-1|0
1864|76|571|7|-NH2|N_|7|572| |1.000000|0.000000|0.000000|000|15.494213|-1.000000|-1.000000|0.000000|-1|0
1864|77|572|1|-N--|N_|7|573| |1.000000|0.000000|0.000000|000|10.448591|-1.000000|-1.000000|0.000000|-1|0
1864|77|573|2|-CA-|C_|6|574| |1.000000|0.000000|0.000000|000|9.216991|-1.000000|-1.000000|0.000000|-1|0
1864|77|574|3|-C--|C_|6|575| |1.000000|0.000000|0.000000|000|9.863189|-1.000000|-1.000000|0.000000|-1|0
1864|77|575|4|-O--|O_|8|576| |1.000000|0.000000|0.000000|000|11.044784|-1.000000|-1.000000|0.000000|-1|0
1864|77|576|5|-CB-|C_|6|577| |1.000000|0.000000|0.000000|000|8.791626|-1.000000|-1.000000|0.000000|-1|0
1864|77|577|6|-CG1|C_|6|578| |1.000000|0.000000|0.000000|000|7.761672|-1.000000|-1.000000|0.000000|-1|0
1864|77|578|6|-CG2|C_|6|579| |1.000000|0.000000|0.000000|000|8.676731|-1.000000|-1.000000|0.000000|-1|0
1864|78|579|1|-N--|N_|7|580| |1.000000|0.000000|0.000000|000|9.107428|-1.000000|-1.000000|0.000000|-1|0
1864|78|580|2|-CA-|C_|6|581| |1.000000|0.000000|0.000000|000|9.798361|-1.000000|-1.000000|0.000000|-1|0
1864|78|581|3|-C--|C_|6|582| |1.000000|0.000000|0.000000|000|8.962503|-1.000000|-1.000000|0.000000|-1|0
1864|78|582|4|-O--|O_|8|583| |1.000000|0.000000|0.000000|000|9.713105|-1.000000|-1.000000|0.000000|-1|0
1864|78|583|5|-CB-|C_|6|584| |1.000000|0.000000|0.000000|000|10.220237|-1.000000|-1.000000|0.000000|-1|0
1864|78|584|6|-CG1|C_|6|585| |1.000000|0.000000|0.000000|000|11.184629|-1.000000|-1.000000|0.000000|-1|0
1864|78|585|6|-CG2|C_|6|586| |1.000000|0.000000|0.000000|000|11.108006|-1.000000|-1.000000|0.000000|-1|0
1864|78|586|6|-CD1|C_|6|587| |1.000000|0.000000|0.000000|000|11.162441|-1.000000|-1.000000|0.000000|-1|0
1864|79|587|1|-N--|N_|7|588| |1.000000|0.000000|0.000000|000|7.688750|-1.000000|-1.000000|0.000000|-1|0
1864|79|588|2|-CA-|C_|6|589| |1.000000|0.000000|0.000000|000|7.063380|-1.000000|-1.000000|0.000000|-1|0
1864|79|589|3|-C--|C_|6|590| |1.000000|0.000000|0.000000|000|5.729618|-1.000000|-1.000000|0.000000|-1|0
1864|79|590|4|-O--|O_|8|591| |1.000000|0.000000|0.000000|000|4.682945|-1.000000|-1.000000|0.000000|-1|0
1864|79|591|5|-CB-|C_|6|592| |1.000000|0.000000|0.000000|000|7.070084|-1.000000|-1.000000|0.000000|-1|0
1864|80|592|1|-N--|N_|7|593| |1.000000|0.000000|0.000000|000|6.113750|-1.000000|-1.000000|0.000000|-1|0
1864|80|593|2|-CA-|C_|6|594| |1.000000|0.000000|0.000000|000|5.590271|-1.000000|-1.000000|0.000000|-1|0
1864|80|594|3|-C--|C_|6|595| |1.000000|0.000000|0.000000|000|6.290223|-1.000000|-1.000000|0.000000|-1|0
1864|80|595|4|-O--|O_|8|596| |1.000000|0.000000|0.000000|000|7.494867|-1.000000|-1.000000|0.000000|-1|0
1864|80|596|5|-CB-|C_|6|597| |1.000000|0.000000|0.000000|000|6.381898|-1.000000|-1.000000|0.000000|-1|0
1864|80|597|12|-CG-|C_|6|598| |1.000000|0.000000|0.000000|000|7.863875|-1.000000|-1.000000|0.000000|-1|0
1864|80|598|13|-ND1|N_|7|599| |1.000000|0.000000|0.000000|000|8.520679|-1.000000|-1.000000|0.000000|-1|0
1864|80|599|12|-CD2|C_|6|600| |1.000000|0.000000|0.000000|000|8.937574|-1.000000|-1.000000|0.000000|-1|0
1864|80|600|12|-CE1|C_|6|601| |1.000000|0.000000|0.000000|000|9.805566|-1.000000|-1.000000|0.000000|-1|0
1864|80|601|13|-NE2|N_|7|602| |1.000000|0.000000|0.000000|000|10.047825|-1.000000|-1.000000|0.000000|-1|0
1864|81|602|1|-N--|N_|7|603| |1.000000|0.000000|0.000000|000|5.704525|-1.000000|-1.000000|0.000000|-1|0
1864|81|603|2|-CA-|C_|6|604| |1.000000|0.000000|0.000000|000|6.622189|-1.000000|-1.000000|0.000000|-1|0
1864|81|604|3|-C--|C_|6|605| |1.000000|0.000000|0.000000|000|7.231494|-1.000000|-1.000000|0.000000|-1|0
1864|81|605|4|-O--|O_|8|606| |1.000000|0.000000|0.000000|000|7.553533|-1.000000|-1.000000|0.000000|-1|0
1864|81|606|5|-CB-|C_|6|607| |1.000000|0.000000|0.000000|000|6.205031|-1.000000|-1.000000|0.000000|-1|0
1864|81|607|17|-OG1|O_|8|608| |1.000000|0.000000|0.000000|000|5.617148|-1.000000|-1.000000|0.000000|-1|0
1864|81|608|6|-CG2|C_|6|609| |1.000000|0.000000|0.000000|000|5.461666|-1.000000|-1.000000|0.000000|-1|0
1864|82|609|1|-N--|N_|7|610| |1.000000|0.000000|0.000000|000|7.740554|-1.000000|-1.000000|0.000000|-1|0
1864|82|610|2|-CA-|C_|6|611| |1.000000|0.000000|0.000000|000|8.549999|-1.000000|-1.000000|0.000000|-1|0
1864|82|611|3|-C--|C_|6|612| |1.000000|0.000000|0.000000|000|8.494759|-1.000000|-1.000000|0.000000|-1|0
1864|82|612|4|-O--|O_|8|613| |1.000000|0.000000|0.000000|000|7.927546|-1.000000|-1.000000|0.000000|-1|0
1864|82|613|5|-CB-|C_|6|614| |1.000000|0.000000|0.000000|000|9.971900|-1.000000|-1.000000|0.000000|-1|0
1864|82|614|6|-CG-|C_|6|615| |1.000000|0.000000|0.000000|000|10.684067|-1.000000|-1.000000|0.000000|-1|0
1864|82|615|6|-CD-|C_|6|616| |1.000000|0.000000|0.000000|000|11.343571|-1.000000|-1.000000|0.000000|-1|0
1864|82|616|6|-CE-|C_|6|617| |1.000000|0.000000|0.000000|000|12.512696|-1.000000|-1.000000|0.000000|-1|0
1864|83|617|1|-N--|N_|7|618| |1.000000|0.000000|0.000000|000|9.320180|-1.000000|-1.000000|0.000000|-1|0
1864|83|618|2|-CA-|C_|6|619| |1.000000|0.000000|0.000000|000|9.544270|-1.000000|-1.000000|0.000000|-1|0
1864|83|619|3|-C--|C_|6|620| |1.000000|0.000000|0.000000|000|10.571799|-1.000000|-1.000000|0.000000|-1|0
1864|83|620|4|-O--|O_|8|621| |1.000000|0.000000|0.000000|000|11.739269|-1.000000|-1.000000|0.000000|-1|0
1864|83|621|5|-CB-|C_|6|622| |1.000000|0.000000|0.000000|000|10.241858|-1.000000|-1.000000|0.000000|-1|0
1864|83|622|6|-CG-|C_|6|623| |1.000000|0.000000|0.000000|000|10.362902|-1.000000|-1.000000|0.000000|-1|0
1864|83|623|6|-CD1|C_|6|624| |1.000000|0.000000|0.000000|000|9.373171|-1.000000|-1.000000|0.000000|-1|0
1864|83|624|6|-CD2|C_|6|625| |1.000000|0.000000|0.000000|000|11.801935|-1.000000|-1.000000|0.000000|-1|0
1864|84|625|1|-N--|N_|7|626| |1.000000|0.000000|0.000000|000|10.128806|-1.000000|-1.000000|0.000000|-1|0
1864|84|626|2|-CA-|C_|6|627| |1.000000|0.000000|0.000000|000|11.190284|-1.000000|-1.000000|0.000000|-1|0
1864|84|627|3|-C--|C_|6|628| |1.000000|0.000000|0.000000|000|11.750601|-1.000000|-1.000000|0.000000|-1|0
1864|84|628|4|-O--|O_|8|629| |1.000000|0.000000|0.000000|000|11.248163|-1.000000|-1.000000|0.000000|-1|0
1864|84|629|5|-CB-|C_|6|630| |1.000000|0.000000|0.000000|000|10.923059|-1.000000|-1.000000|0.000000|-1|0
1864|84|630|6|-CG1|C_|6|631| |1.000000|0.000000|0.000000|000|10.284624|-1.000000|-1.000000|0.000000|-1|0
1864|84|631|6|-CG2|C_|6|632| |1.000000|0.000000|0.000000|000|10.255331|-1.000000|-1.000000|0.000000|-1|0
1864|84|632|6|-CD1|C_|6|633| |1.000000|0.000000|0.000000|000|10.690721|-1.000000|-1.000000|0.000000|-1|0
1864|85|633|1|-N--|N_|7|634| |1.000000|0.000000|0.000000|000|12.844206|-1.000000|-1.000000|0.000000|-1|0
1864|85|634|2|-CA-|C_|6|635| |1.000000|0.000000|0.000000|000|13.560753|-1.000000|-1.000000|0.000000|-1|0
1864|85|635|3|-C--|C_|6|636| |1.000000|0.000000|0.000000|000|14.419553|-1.000000|-1.000000|0.000000|-1|0
1864|85|636|4|-O--|O_|8|637| |1.000000|0.000000|0.000000|000|14.577549|-1.000000|-1.000000|0.000000|-1|0
1864|86|637|1|-N--|N_|7|638| |1.000000|0.000000|0.000000|000|15.142709|-1.000000|-1.000000|0.000000|-1|0
1864|86|638|2|-CA-|C_|6|639| |1.000000|0.000000|0.000000|000|16.208857|-1.000000|-1.000000|0.000000|-1|0
1864|86|639|3|-C--|C_|6|640| |1.000000|0.000000|0.000000|000|16.840275|-1.000000|-1.000000|0.000000|-1|0
1864|86|640|4|-O--|O_|8|641| |1.000000|0.000000|0.000000|000|17.618401|-1.000000|-1.000000|0.000000|-1|0
1864|86|641|5|-CB-|C_|6|642| |1.000000|0.000000|0.000000|000|17.471699|-1.000000|-1.000000|0.000000|-1|0
1864|86|642|17|-OG-|O_|8|643| |1.000000|0.000000|0.000000|000|17.158670|-1.000000|-1.000000|0.000000|-1|0
1864|87|643|1|-N--|N_|7|644| |1.000000|0.000000|0.000000|000|16.670486|-1.000000|-1.000000|0.000000|-1|0
1864|87|644|2|-CA-|C_|6|645| |1.000000|0.000000|0.000000|000|17.470583|-1.000000|-1.000000|0.000000|-1|0
1864|87|645|3|-C--|C_|6|646| |1.000000|0.000000|0.000000|000|16.685829|-1.000000|-1.000000|0.000000|-1|0
1864|87|646|4|-O--|O_|8|647| |1.000000|0.000000|0.000000|000|17.199352|-1.000000|-1.000000|0.000000|-1|0
1864|88|647|1|-N--|N_|7|648| |1.000000|0.000000|0.000000|000|15.566640|-1.000000|-1.000000|0.000000|-1|0
1864|88|648|2|-CA-|C_|6|649| |1.000000|0.000000|0.000000|000|14.961575|-1.000000|-1.000000|0.000000|-1|0
1864|88|649|3|-C--|C_|6|650| |1.000000|0.000000|0.000000|000|14.091909|-1.000000|-1.000000|0.000000|-1|0
1864|88|650|4|-O--|O_|8|651| |1.000000|0.000000|0.000000|000|13.947088|-1.000000|-1.000000|0.000000|-1|0
1864|88|651|5|-CB-|C_|6|652| |1.000000|0.000000|0.000000|000|14.280402|-1.000000|-1.000000|0.000000|-1|0
1864|88|652|6|-CG-|C_|6|653| |1.000000|0.000000|0.000000|000|15.497340|-1.000000|-1.000000|0.000000|-1|0
1864|88|653|6|-CD-|C_|6|654| |1.000000|0.000000|0.000000|000|15.144031|-1.000000|-1.000000|0.000000|-1|0
1864|88|654|10|-OE1|O_|8|655| |1.000000|0.000000|0.000000|000|15.896289|-1.000000|-1.000000|0.000000|-1|0
1864|88|655|10|-OE2|O_|8|656| |1.000000|0.000000|0.000000|000|14.367876|-1.000000|-1.000000|0.000000|-1|0
1864|89|656|1|-N--|N_|7|657| |1.000000|0.000000|0.000000|000|13.774814|-1.000000|-1.000000|0.000000|-1|0
1864|89|657|2|-CA-|C_|6|658| |1.000000|0.000000|0.000000|000|13.046000|-1.000000|-1.000000|0.000000|-1|0
1864|89|658|3|-C--|C_|6|659| |1.000000|0.000000|0.000000|000|12.579825|-1.000000|-1.000000|0.000000|-1|0
1864|89|659|4|-O--|O_|8|660| |1.000000|0.000000|0.000000|000|13.255314|-1.000000|-1.000000|0.000000|-1|0
1864|89|660|5|-CB-|C_|6|661| |1.000000|0.000000|0.000000|000|13.945961|-1.000000|-1.000000|0.000000|-1|0
1864|89|661|6|-CG-|C_|6|662| |1.000000|0.000000|0.000000|000|14.027539|-1.000000|-1.000000|0.000000|-1|0
1864|90|662|1|-N--|N_|7|663| |1.000000|0.000000|0.000000|000|11.570052|-1.000000|-1.000000|0.000000|-1|0
1864|90|663|2|-CA-|C_|6|664| |1.000000|0.000000|0.000000|000|11.269556|-1.000000|-1.000000|0.000000|-1|0
1864|90|664|3|-C--|C_|6|665| |1.000000|0.000000|0.000000|000|10.672959|-1.000000|-1.000000|0.000000|-1|0
1864|90|665|4|-O--|O_|8|666| |1.000000|0.000000|0.000000|000|10.419994|-1.000000|-1.000000|0.000000|-1|0
1864|90|666|5|-CB-|C_|6|667| |1.000000|0.000000|0.000000|000|10.502474|-1.000000|-1.000000|0.000000|-1|0
1864|90|667|6|-CG-|C_|6|668| |1.000000|0.000000|0.000000|000|10.818025|-1.000000|-1.000000|0.000000|-1|0
1864|90|668|10|-OD1|O_|8|669| |1.000000|0.000000|0.000000|000|11.609030|-1.000000|-1.000000|0.000000|-1|0
1864|90|669|10|-OD2|O_|8|670| |1.000000|0.000000|0.000000|000|10.278930|-1.000000|-1.000000|0.000000|-1|0
1864|91|670|1|-N--|N_|7|671| |1.000000|0.000000|0.000000|000|10.676710|-1.000000|-1.000000|0.000000|-1|0
1864|91|671|2|-CA-|C_|6|672| |1.000000|0.000000|0.000000|000|10.376700|-1.000000|-1.000000|0.000000|-1|0
1864|91|672|3|-C--|C_|6|673| |1.000000|0.000000|0.000000|000|10.035158|-1.000000|-1.000000|0.000000|-1|0
1864|91|673|4|-O--|O_|8|674| |1.000000|0.000000|0.000000|000|10.602931|-1.000000|-1.000000|0.000000|-1|0
1864|91|674|5|-CB-|C_|6|675| |1.000000|0.000000|0.000000|000|11.740500|-1.000000|-1.000000|0.000000|-1|0
1864|91|675|17|-OG-|O_|8|676| |1.000000|0.000000|0.000000|000|11.587381|-1.000000|-1.000000|0.000000|-1|0
1864|92|676|1|-N--|N_|7|677| |1.000000|0.000000|0.000000|000|9.446639|-1.000000|-1.000000|0.000000|-1|0
1864|92|677|2|-CA-|C_|6|678| |1.000000|0.000000|0.000000|000|9.337767|-1.000000|-1.000000|0.000000|-1|0
1864|92|678|3|-C--|C_|6|679| |1.000000|0.000000|0.000000|000|10.209446|-1.000000|-1.000000|0.000000|-1|0
1864|92|679|4|-O--|O_|8|680| |1.000000|0.000000|0.000000|000|9.944090|-1.000000|-1.000000|0.000000|-1|0
1864|92|680|5|-CB-|C_|6|681| |1.000000|0.000000|0.000000|000|7.922390|-1.000000|-1.000000|0.000000|-1|0
1864|92|681|6|-CG1|C_|6|682| |1.000000|0.000000|0.000000|000|7.676765|-1.000000|-1.000000|0.000000|-1|0
1864|92|682|6|-CG2|C_|6|683| |1.000000|0.000000|0.000000|000|7.803403|-1.000000|-1.000000|0.000000|-1|0
1864|93|683|1|-N--|N_|7|684| |1.000000|0.000000|0.000000|000|11.244540|-1.000000|-1.000000|0.000000|-1|0
1864|93|684|2|-CA-|C_|6|685| |1.000000|0.000000|0.000000|000|12.349759|-1.000000|-1.000000|0.000000|-1|0
1864|93|685|3|-C--|C_|6|686| |1.000000|0.000000|0.000000|000|12.584508|-1.000000|-1.000000|0.000000|-1|0
1864|93|686|4|-O--|O_|8|687| |1.000000|0.000000|0.000000|000|13.414955|-1.000000|-1.000000|0.000000|-1|0
1864|93|687|5|-CB-|C_|6|688| |1.000000|0.000000|0.000000|000|13.523357|-1.000000|-1.000000|0.000000|-1|0
1864|93|688|17|-OG1|O_|8|689| |1.000000|0.000000|0.000000|000|13.952229|-1.000000|-1.000000|0.000000|-1|0
1864|93|689|6|-CG2|C_|6|690| |1.000000|0.000000|0.000000|000|14.958109|-1.000000|-1.000000|0.000000|-1|0
1864|94|690|1|-N--|N_|7|691| |1.000000|0.000000|0.000000|000|11.899781|-1.000000|-1.000000|0.000000|-1|0
1864|94|691|2|-CA-|C_|6|692| |1.000000|0.000000|0.000000|000|12.255223|-1.000000|-1.000000|0.000000|-1|0
1864|94|692|3|-C--|C_|6|693| |1.000000|0.000000|0.000000|000|13.343861|-1.000000|-1.000000|0.000000|-1|0
1864|94|693|4|-O--|O_|8|694| |1.000000|0.000000|0.000000|000|13.638732|-1.000000|-1.000000|0.000000|-1|0
1864|94|694|5|-CB-|C_|6|695| |1.000000|0.000000|0.000000|000|11.101834|-1.000000|-1.000000|0.000000|-1|0
1864|94|695|12|-CG-|C_|6|696| |1.000000|0.000000|0.000000|000|10.400261|-1.000000|-1.000000|0.000000|-1|0
1864|94|696|12|-CD1|C_|6|697| |1.000000|0.000000|0.000000|000|11.039933|-1.000000|-1.000000|0.000000|-1|0
1864|94|697|12|-CD2|C_|6|698| |1.000000|0.000000|0.000000|000|9.204505|-1.000000|-1.000000|0.000000|-1|0
1864|94|698|12|-CE1|C_|6|699| |1.000000|0.000000|0.000000|000|10.600474|-1.000000|-1.000000|0.000000|-1|0
1864|94|699|12|-CE2|C_|6|700| |1.000000|0.000000|0.000000|000|8.683122|-1.000000|-1.000000|0.000000|-1|0
1864|94|700|12|-CZ-|C_|6|701| |1.000000|0.000000|0.000000|000|9.460138|-1.000000|-1.000000|0.000000|-1|0
1864|95|701|1|-N--|N_|7|702| |1.000000|0.000000|0.000000|000|13.993606|-1.000000|-1.000000|0.000000|-1|0
1864|95|702|2|-CA-|C_|6|703| |1.000000|0.000000|0.000000|000|15.113504|-1.000000|-1.000000|0.000000|-1|0
1864|95|703|3|-C--|C_|6|704| |1.000000|0.000000|0.000000|000|14.565290|-1.000000|-1.000000|0.000000|-1|0
1864|95|704|4|-O--|O_|8|705| |1.000000|0.000000|0.000000|000|13.350093|-1.000000|-1.000000|0.000000|-1|0
1864|95|705|5|-CB-|C_|6|706| |1.000000|0.000000|0.000000|000|15.890627|-1.000000|-1.000000|0.000000|-1|0
1864|95|706|6|-CG-|C_|6|707| |1.000000|0.000000|0.000000|000|17.371763|-1.000000|-1.000000|0.000000|-1|0
1864|95|707|10|-OD1|O_|8|708| |1.000000|0.000000|0.000000|000|17.792353|-1.000000|-1.000000|0.000000|-1|0
1864|95|708|10|-OD2|O_|8|709| |1.000000|0.000000|0.000000|000|18.277760|-1.000000|-1.000000|0.000000|-1|0
1864|96|709|1|-N--|N_|7|710| |1.000000|0.000000|0.000000|000|15.586965|-1.000000|-1.000000|0.000000|-1|0
1864|96|710|2|-CA-|C_|6|711| |1.000000|0.000000|0.000000|000|15.501735|-1.000000|-1.000000|0.000000|-1|0
1864|96|711|3|-C--|C_|6|712| |1.000000|0.000000|0.000000|000|16.526381|-1.000000|-1.000000|0.000000|-1|0
1864|96|712|4|-O--|O_|8|713| |1.000000|0.000000|0.000000|000|17.147758|-1.000000|-1.000000|0.000000|-1|0
1864|96|713|5|-CB-|C_|6|714| |1.000000|0.000000|0.000000|000|15.853406|-1.000000|-1.000000|0.000000|-1|0
1864|96|714|6|-CG1|C_|6|715| |1.000000|0.000000|0.000000|000|17.276083|-1.000000|-1.000000|0.000000|-1|0
1864|96|715|6|-CG2|C_|6|716| |1.000000|0.000000|0.000000|000|15.628914|-1.000000|-1.000000|0.000000|-1|0
1864|97|716|1|-N--|N_|7|717| |1.000000|0.000000|0.000000|000|16.998053|-1.000000|-1.000000|0.000000|-1|0
1864|97|717|2|-CA-|C_|6|718| |1.000000|0.000000|0.000000|000|18.083302|-1.000000|-1.000000|0.000000|-1|0
1864|97|718|3|-C--|C_|6|719| |1.000000|0.000000|0.000000|000|17.396944|-1.000000|-1.000000|0.000000|-1|0
1864|97|719|4|-O--|O_|8|720| |1.000000|0.000000|0.000000|000|17.903833|-1.000000|-1.000000|0.000000|-1|0
1864|98|720|1|-N--|N_|7|721| |1.000000|0.000000|0.000000|000|16.279541|-1.000000|-1.000000|0.000000|-1|0
1864|98|721|2|-CA-|C_|6|722| |1.000000|0.000000|0.000000|000|15.384809|-1.000000|-1.000000|0.000000|-1|0
1864|98|722|3|-C--|C_|6|723| |1.000000|0.000000|0.000000|000|14.915511|-1.000000|-1.000000|0.000000|-1|0
1864|98|723|4|-O--|O_|8|724| |1.000000|0.000000|0.000000|000|14.535729|-1.000000|-1.000000|0.000000|-1|0
1864|98|724|5|-CB-|C_|6|725| |1.000000|0.000000|0.000000|000|14.182919|-1.000000|-1.000000|0.000000|-1|0
1864|98|725|6|-CG-|C_|6|726| |1.000000|0.000000|0.000000|000|14.688079|-1.000000|-1.000000|0.000000|-1|0
1864|98|726|6|-CD-|C_|6|727| |1.000000|0.000000|0.000000|000|13.941218|-1.000000|-1.000000|0.000000|-1|0
1864|98|727|6|-CE-|C_|6|728| |1.000000|0.000000|0.000000|000|14.397727|-1.000000|-1.000000|0.000000|-1|0
1864|99|728|1|-N--|N_|7|729| |1.000000|0.000000|0.000000|000|15.144594|-1.000000|-1.000000|0.000000|-1|0
1864|99|729|2|-CA-|C_|6|730| |1.000000|0.000000|0.000000|000|15.029717|-1.000000|-1.000000|0.000000|-1|0
1864|99|730|3|-C--|C_|6|731| |1.000000|0.000000|0.000000|000|16.434597|-1.000000|-1.000000|0.000000|-1|0
1864|99|731|4|-O--|O_|8|732| |1.000000|0.000000|0.000000|000|17.175087|-1.000000|-1.000000|0.000000|-1|0
1864|99|732|5|-CB-|C_|6|733| |1.000000|0.000000|0.000000|000|14.128910|-1.000000|-1.000000|0.000000|-1|0
1864|99|733|6|-CG-|C_|6|734| |1.000000|0.000000|0.000000|000|12.651628|-1.000000|-1.000000|0.000000|-1|0
1864|99|734|6|-CD1|C_|6|735| |1.000000|0.000000|0.000000|000|11.946273|-1.000000|-1.000000|0.000000|-1|0
1864|99|735|6|-CD2|C_|6|736| |1.000000|0.000000|0.000000|000|12.167203|-1.000000|-1.000000|0.000000|-1|0
1864|100|736|1|-N--|N_|7|737| |1.000000|0.000000|0.000000|000|16.832899|-1.000000|-1.000000|0.000000|-1|0
1864|100|737|2|-CA-|C_|6|738| |1.000000|0.000000|0.000000|000|18.238058|-1.000000|-1.000000|0.000000|-1|0
1864|100|738|3|-C--|C_|6|739| |1.000000|0.000000|0.000000|000|18.232405|-1.000000|-1.000000|0.000000|-1|0
1864|100|739|4|-O--|O_|8|740| |1.000000|0.000000|0.000000|000|17.241138|-1.000000|-1.000000|0.000000|-1|0
1864|100|740|5|-CB-|C_|6|741| |1.000000|0.000000|0.000000|000|18.855606|-1.000000|-1.000000|0.000000|-1|0
1864|100|741|6|-CG-|C_|6|742| |1.000000|0.000000|0.000000|000|19.075777|-1.000000|-1.000000|0.000000|-1|0
1864|100|742|6|-CD-|C_|6|743| |1.000000|0.000000|0.000000|000|20.297482|-1.000000|-1.000000|0.000000|-1|0
1864|101|743|1|-N--|N_|7|744| |1.000000|0.000000|0.000000|000|19.307652|-1.000000|-1.000000|0.000000|-1|0
1864|101|744|2|-CA-|C_|6|745| |1.000000|0.000000|0.000000|000|19.313669|-1.000000|-1.000000|0.000000|-1|0
1864|101|745|3|-C--|C_|6|746| |1.000000|0.000000|0.000000|000|19.911156|-1.000000|-1.000000|0.000000|-1|0
1864|101|746|4|-O--|O_|8|747| |1.000000|0.000000|0.000000|000|20.966663|-1.000000|-1.000000|0.000000|-1|0
1864|101|747|5|-CB-|C_|6|748| |1.000000|0.000000|0.000000|000|20.252712|-1.000000|-1.000000|0.000000|-1|0
1864|101|748|6|-CG-|C_|6|749| |1.000000|0.000000|0.000000|000|21.799337|-1.000000|-1.000000|0.000000|-1|0
1864|101|749|6|-CD-|C_|6|750| |1.000000|0.000000|0.000000|000|22.710909|-1.000000|-1.000000|0.000000|-1|0
1864|101|750|10|-OE1|O_|8|751| |1.000000|0.000000|0.000000|000|23.032000|-1.000000|-1.000000|0.000000|-1|0
1864|101|751|10|-OE2|O_|8|752| |1.000000|0.000000|0.000000|000|23.081089|-1.000000|-1.000000|0.000000|-1|0
1864|102|752|1|-N--|N_|7|753| |1.000000|0.000000|0.000000|000|19.276268|-1.000000|-1.000000|0.000000|-1|0
1864|102|753|2|-CA-|C_|6|754| |1.000000|0.000000|0.000000|000|20.035162|-1.000000|-1.000000|0.000000|-1|0
1864|102|754|3|-C--|C_|6|755| |1.000000|0.000000|0.000000|000|19.342674|-1.000000|-1.000000|0.000000|-1|0
1864|102|755|4|-O--|O_|8|756| |1.000000|0.000000|0.000000|000|20.034012|-1.000000|-1.000000|0.000000|-1|0
1864|103|756|1|-N--|N_|7|757| |1.000000|0.000000|0.000000|000|18.069880|-1.000000|-1.000000|0.000000|-1|0
1864|103|757|2|-CA-|C_|6|758| |1.000000|0.000000|0.000000|000|17.098856|-1.000000|-1.000000|0.000000|-1|0
1864|103|758|3|-C--|C_|6|759| |1.000000|0.000000|0.000000|000|16.076303|-1.000000|-1.000000|0.000000|-1|0
1864|103|759|4|-O--|O_|8|760| |1.000000|0.000000|0.000000|000|16.041813|-1.000000|-1.000000|0.000000|-1|0
1864|103|760|5|-CB-|C_|6|761| |1.000000|0.000000|0.000000|000|16.778898|-1.000000|-1.000000|0.000000|-1|0
1864|103|761|6|-CG-|C_|6|762| |1.000000|0.000000|0.000000|000|16.599230|-1.000000|-1.000000|0.000000|-1|0
1864|103|762|6|-CD-|C_|6|763| |1.000000|0.000000|0.000000|000|17.748720|-1.000000|-1.000000|0.000000|-1|0
1864|103|763|10|-OE1|O_|8|764| |1.000000|0.000000|0.000000|000|17.957270|-1.000000|-1.000000|0.000000|-1|0
1864|103|764|10|-OE2|O_|8|765| |1.000000|0.000000|0.000000|000|18.348619|-1.000000|-1.000000|0.000000|-1|0
1864|104|765|1|-N--|N_|7|766| |1.000000|0.000000|0.000000|000|15.373528|-1.000000|-1.000000|0.000000|-1|0
1864|104|766|2|-CA-|C_|6|767| |1.000000|0.000000|0.000000|000|14.487427|-1.000000|-1.000000|0.000000|-1|0
1864|104|767|3|-C--|C_|6|768| |1.000000|0.000000|0.000000|000|13.203932|-1.000000|-1.000000|0.000000|-1|0
1864|104|768|4|-O--|O_|8|769| |1.000000|0.000000|0.000000|000|13.384151|-1.000000|-1.000000|0.000000|-1|0
1864|104|769|5|-CB-|C_|6|770| |1.000000|0.000000|0.000000|000|15.027164|-1.000000|-1.000000|0.000000|-1|0
1864|104|770|6|-CG-|C_|6|771| |1.000000|0.000000|0.000000|000|15.794087|-1.000000|-1.000000|0.000000|-1|0
1864|104|771|6|-CD-|C_|6|772| |1.000000|0.000000|0.000000|000|15.482491|-1.000000|-1.000000|0.000000|-1|0
1864|104|772|8|-OE1|O_|8|773| |1.000000|0.000000|0.000000|000|16.527828|-1.000000|-1.000000|0.000000|-1|0
1864|104|773|9|-NE2|N_|7|774| |1.000000|0.000000|0.000000|000|14.348373|-1.000000|-1.000000|0.000000|-1|0
1864|105|774|1|-N--|N_|7|775| |1.000000|0.000000|0.000000|000|12.260998|-1.000000|-1.000000|0.000000|-1|0
1864|105|775|2|-CA-|C_|6|776| |1.000000|0.000000|0.000000|000|10.924686|-1.000000|-1.000000|0.000000|-1|0
1864|105|776|3|-C--|C_|6|777| |1.000000|0.000000|0.000000|000|10.071037|-1.000000|-1.000000|0.000000|-1|0
1864|105|777|4|-O--|O_|8|778| |1.000000|0.000000|0.000000|000|10.379398|-1.000000|-1.000000|0.000000|-1|0
1864|105|778|5|-CB-|C_|6|779| |1.000000|0.000000|0.000000|000|10.694602|-1.000000|-1.000000|0.000000|-1|0
1864|105|779|12|-CG-|C_|6|780| |1.000000|0.000000|0.000000|000|11.711085|-1.000000|-1.000000|0.000000|-1|0
1864|105|780|12|-CD1|C_|6|781| |1.000000|0.000000|0.000000|000|11.519843|-1.000000|-1.000000|0.000000|-1|0
1864|105|781|12|-CD2|C_|6|782| |1.000000|0.000000|0.000000|000|12.898609|-1.000000|-1.000000|0.000000|-1|0
1864|105|782|12|-CE1|C_|6|783| |1.000000|0.000000|0.000000|000|12.655160|-1.000000|-1.000000|0.000000|-1|0
1864|105|783|12|-CE2|C_|6|784| |1.000000|0.000000|0.000000|000|13.859303|-1.000000|-1.000000|0.000000|-1|0
1864|105|784|12|-CZ-|C_|6|785| |1.000000|0.000000|0.000000|000|13.726918|-1.000000|-1.000000|0.000000|-1|0
1864|105|785|18|-OH-|O_|8|786| |1.000000|0.000000|0.000000|000|14.846876|-1.000000|-1.000000|0.000000|-1|0
1864|106|786|1|-N--|N_|7|787| |1.000000|0.000000|0.000000|000|9.258215|-1.000000|-1.000000|0.000000|-1|0
1864|106|787|2|-CA-|C_|6|788| |1.000000|0.000000|0.000000|000|8.546579|-1.000000|-1.000000|0.000000|-1|0
1864|106|788|3|-C--|C_|6|789| |1.000000|0.000000|0.000000|000|7.065995|-1.000000|-1.000000|0.000000|-1|0
1864|106|789|4|-O--|O_|8|790| |1.000000|0.000000|0.000000|000|6.759151|-1.000000|-1.000000|0.000000|-1|0
1864|106|790|5|-CB-|C_|6|791| |1.000000|0.000000|0.000000|000|9.084450|-1.000000|-1.000000|0.000000|-1|0
1864|106|791|6|-CG-|C_|6|792| |1.000000|0.000000|0.000000|000|10.601224|-1.000000|-1.000000|0.000000|-1|0
1864|106|792|16|-SD-|S_|16|793| |1.000000|0.000000|0.000000|000|11.814195|-1.000000|-1.000000|0.000000|-1|0
1864|106|793|6|-CE-|C_|6|794| |1.000000|0.000000|0.000000|000|12.512250|-1.000000|-1.000000|0.000000|-1|0
1864|107|794|1|-N--|N_|7|795| |1.000000|0.000000|0.000000|000|6.368251|-1.000000|-1.000000|0.000000|-1|0
1864|107|795|2|-CA-|C_|6|796| |1.000000|0.000000|0.000000|000|4.888239|-1.000000|-1.000000|0.000000|-1|0
1864|107|796|3|-C--|C_|6|797| |1.000000|0.000000|0.000000|000|4.764697|-1.000000|-1.000000|0.000000|-1|0
1864|107|797|4|-O--|O_|8|798| |1.000000|0.000000|0.000000|000|5.800868|-1.000000|-1.000000|0.000000|-1|0
1864|107|798|5|-CB-|C_|6|799| |1.000000|0.000000|0.000000|000|4.426950|-1.000000|-1.000000|0.000000|-1|0
1864|107|799|12|-CG-|C_|6|800| |1.000000|0.000000|0.000000|000|5.238496|-1.000000|-1.000000|0.000000|-1|0
1864|107|800|12|-CD1|C_|6|801| |1.000000|0.000000|0.000000|000|6.276464|-1.000000|-1.000000|0.000000|-1|0
1864|107|801|12|-CD2|C_|6|802| |1.000000|0.000000|0.000000|000|5.210525|-1.000000|-1.000000|0.000000|-1|0
1864|107|802|12|-CE1|C_|6|803| |1.000000|0.000000|0.000000|000|7.299407|-1.000000|-1.000000|0.000000|-1|0
1864|107|803|12|-CE2|C_|6|804| |1.000000|0.000000|0.000000|000|6.400345|-1.000000|-1.000000|0.000000|-1|0
1864|107|804|12|-CZ-|C_|6|805| |1.000000|0.000000|0.000000|000|7.134526|-1.000000|-1.000000|0.000000|-1|0
1864|108|805|1|-N--|N_|7|806| |1.000000|0.000000|0.000000|000|3.771265|-1.000000|-1.000000|0.000000|-1|0
1864|108|806|2|-CA-|C_|6|807| |1.000000|0.000000|0.000000|000|4.367960|-1.000000|-1.000000|0.000000|-1|0
1864|108|807|3|-C--|C_|6|808| |1.000000|0.000000|0.000000|000|3.840851|-1.000000|-1.000000|0.000000|-1|0
1864|108|808|4|-O--|O_|8|809| |1.000000|0.000000|0.000000|000|2.748027|-1.000000|-1.000000|0.000000|-1|0
1864|108|809|5|-CB-|C_|6|810| |1.000000|0.000000|0.000000|000|5.435527|-1.000000|-1.000000|0.000000|-1|0
1864|108|810|12|-CG-|C_|6|811| |1.000000|0.000000|0.000000|000|5.521165|-1.000000|-1.000000|0.000000|-1|0
1864|108|811|12|-CD1|C_|6|812| |1.000000|0.000000|0.000000|000|5.951705|-1.000000|-1.000000|0.000000|-1|0
1864|108|812|12|-CD2|C_|6|813| |1.000000|0.000000|0.000000|000|5.781296|-1.000000|-1.000000|0.000000|-1|0
1864|108|813|12|-CE1|C_|6|814| |1.000000|0.000000|0.000000|000|6.461183|-1.000000|-1.000000|0.000000|-1|0
1864|108|814|12|-CE2|C_|6|815| |1.000000|0.000000|0.000000|000|6.383094|-1.000000|-1.000000|0.000000|-1|0
1864|108|815|12|-CZ-|C_|6|816| |1.000000|0.000000|0.000000|000|6.680093|-1.000000|-1.000000|0.000000|-1|0
1864|109|816|1|-N--|N_|7|817| |1.000000|0.000000|0.000000|000|4.934476|-1.000000|-1.000000|0.000000|-1|0
1864|109|817|2|-CA-|C_|6|818| |1.000000|0.000000|0.000000|000|5.283290|-1.000000|-1.000000|0.000000|-1|0
1864|109|818|3|-C--|C_|6|819| |1.000000|0.000000|0.000000|000|6.398902|-1.000000|-1.000000|0.000000|-1|0
1864|109|819|4|-O--|O_|8|820| |1.000000|0.000000|0.000000|000|7.279042|-1.000000|-1.000000|0.000000|-1|0
1864|109|820|5|-CB-|C_|6|821| |1.000000|0.000000|0.000000|000|5.884263|-1.000000|-1.000000|0.000000|-1|0
1864|109|821|11|-SG-|S_|16|822| |1.000000|0.000000|0.000000|000|7.376590|-1.000000|-1.000000|0.000000|-1|0
1864|110|822|1|-N--|N_|7|823| |1.000000|0.000000|0.000000|000|6.533559|-1.000000|-1.000000|0.000000|-1|0
1864|110|823|2|-CA-|C_|6|824| |1.000000|0.000000|0.000000|000|7.734299|-1.000000|-1.000000|0.000000|-1|0
1864|110|824|3|-C--|C_|6|825| |1.000000|0.000000|0.000000|000|8.930048|-1.000000|-1.000000|0.000000|-1|0
1864|110|825|4|-O--|O_|8|826| |1.000000|0.000000|0.000000|000|10.042144|-1.000000|-1.000000|0.000000|-1|0
1864|110|826|5|-CB-|C_|6|827| |1.000000|0.000000|0.000000|000|7.826242|-1.000000|-1.000000|0.000000|-1|0
1864|110|827|17|-OG1|O_|8|828| |1.000000|0.000000|0.000000|000|6.709224|-1.000000|-1.000000|0.000000|-1|0
1864|110|828|6|-CG2|C_|6|829| |1.000000|0.000000|0.000000|000|8.454082|-1.000000|-1.000000|0.000000|-1|0
1864|111|829|1|-N--|N_|7|830| |1.000000|0.000000|0.000000|000|8.929871|-1.000000|-1.000000|0.000000|-1|0
1864|111|830|2|-CA-|C_|6|831| |1.000000|0.000000|0.000000|000|10.280218|-1.000000|-1.000000|0.000000|-1|0
1864|111|831|3|-C--|C_|6|832| |1.000000|0.000000|0.000000|000|11.181362|-1.000000|-1.000000|0.000000|-1|0
1864|111|832|4|-O--|O_|8|833| |1.000000|0.000000|0.000000|000|10.812537|-1.000000|-1.000000|0.000000|-1|0
1864|111|833|5|-CB-|C_|6|834| |1.000000|0.000000|0.000000|000|10.333087|-1.000000|-1.000000|0.000000|-1|0
1864|111|834|12|-CG-|C_|6|835| |1.000000|0.000000|0.000000|000|11.694882|-1.000000|-1.000000|0.000000|-1|0
1864|111|835|12|-CD1|C_|6|836| |1.000000|0.000000|0.000000|000|11.902824|-1.000000|-1.000000|0.000000|-1|0
1864|111|836|12|-CD2|C_|6|837| |1.000000|0.000000|0.000000|000|12.863476|-1.000000|-1.000000|0.000000|-1|0
1864|111|837|12|-CE1|C_|6|838| |1.000000|0.000000|0.000000|000|13.252522|-1.000000|-1.000000|0.000000|-1|0
1864|111|838|12|-CE2|C_|6|839| |1.000000|0.000000|0.000000|000|14.129989|-1.000000|-1.000000|0.000000|-1|0
1864|111|839|12|-CZ-|C_|6|840| |1.000000|0.000000|0.000000|000|14.273112|-1.000000|-1.000000|0.000000|-1|0
1864|112|840|1|-N--|N_|7|841| |1.000000|0.000000|0.000000|000|12.442425|-1.000000|-1.000000|0.000000|-1|0
1864|112|841|2|-CA-|C_|6|842| |1.000000|0.000000|0.000000|000|13.608666|-1.000000|-1.000000|0.000000|-1|0
1864|112|842|3|-C--|C_|6|843| |1.000000|0.000000|0.000000|000|13.967756|-1.000000|-1.000000|0.000000|-1|0
1864|112|843|4|-O--|O_|8|844| |1.000000|0.000000|0.000000|000|15.086819|-1.000000|-1.000000|0.000000|-1|0
1864|112|844|5|-CB-|C_|6|845| |1.000000|0.000000|0.000000|000|14.627472|-1.000000|-1.000000|0.000000|-1|0
1864|112|845|6|-CG-|C_|6|846| |1.000000|0.000000|0.000000|000|14.477807|-1.000000|-1.000000|0.000000|-1|0
1864|112|846|6|-CD-|C_|6|847| |1.000000|0.000000|0.000000|000|12.945036|-1.000000|-1.000000|0.000000|-1|0
1864|113|847|1|-N--|N_|7|848| |1.000000|0.000000|0.000000|000|13.131259|-1.000000|-1.000000|0.000000|-1|0
1864|113|848|2|-CA-|C_|6|849| |1.000000|0.000000|0.000000|000|13.676145|-1.000000|-1.000000|0.000000|-1|0
1864|113|849|3|-C--|C_|6|850| |1.000000|0.000000|0.000000|000|12.887320|-1.000000|-1.000000|0.000000|-1|0
1864|113|850|4|-O--|O_|8|851| |1.000000|0.000000|0.000000|000|13.429451|-1.000000|-1.000000|0.000000|-1|0
1864|114|851|1|-N--|N_|7|852| |1.000000|0.000000|0.000000|000|11.761238|-1.000000|-1.000000|0.000000|-1|0
1864|114|852|2|-CA-|C_|6|853| |1.000000|0.000000|0.000000|000|11.122998|-1.000000|-1.000000|0.000000|-1|0
1864|114|853|3|-C--|C_|6|854| |1.000000|0.000000|0.000000|000|10.177040|-1.000000|-1.000000|0.000000|-1|0
1864|114|854|4|-O--|O_|8|855| |1.000000|0.000000|0.000000|000|9.354620|-1.000000|-1.000000|0.000000|-1|0
1864|114|855|5|-CB-|C_|6|856| |1.000000|0.000000|0.000000|000|10.713832|-1.000000|-1.000000|0.000000|-1|0
1864|114|856|12|-CG-|C_|6|857| |1.000000|0.000000|0.000000|000|11.413366|-1.000000|-1.000000|0.000000|-1|0
1864|114|857|13|-ND1|N_|7|858| |1.000000|0.000000|0.000000|000|10.927857|-1.000000|-1.000000|0.000000|-1|0
1864|114|858|12|-CD2|C_|6|859| |1.000000|0.000000|0.000000|000|12.636592|-1.000000|-1.000000|0.000000|-1|0
1864|114|859|12|-CE1|C_|6|860| |1.000000|0.000000|0.000000|000|11.871688|-1.000000|-1.000000|0.000000|-1|0
1864|114|860|13|-NE2|N_|7|861| |1.000000|0.000000|0.000000|000|12.854953|-1.000000|-1.000000|0.000000|-1|0
1864|115|861|1|-N--|N_|7|862| |1.000000|0.000000|0.000000|000|10.301542|-1.000000|-1.000000|0.000000|-1|0
1864|115|862|2|-CA-|C_|6|863| |1.000000|0.000000|0.000000|000|9.497400|-1.000000|-1.000000|0.000000|-1|0
1864|115|863|3|-C--|C_|6|864| |1.000000|0.000000|0.000000|000|10.345094|-1.000000|-1.000000|0.000000|-1|0
1864|115|864|4|-O--|O_|8|865| |1.000000|0.000000|0.000000|000|10.273110|-1.000000|-1.000000|0.000000|-1|0
1864|115|865|5|-CB-|C_|6|866| |1.000000|0.000000|0.000000|000|9.524704|-1.000000|-1.000000|0.000000|-1|0
1864|115|866|17|-OG-|O_|8|867| |1.000000|0.000000|0.000000|000|9.620105|-1.000000|-1.000000|0.000000|-1|0
1864|116|867|1|-N--|N_|7|868| |1.000000|0.000000|0.000000|000|11.374382|-1.000000|-1.000000|0.000000|-1|0
1864|116|868|2|-CA-|C_|6|869| |1.000000|0.000000|0.000000|000|12.507679|-1.000000|-1.000000|0.000000|-1|0
1864|116|869|3|-C--|C_|6|870| |1.000000|0.000000|0.000000|000|12.548017|-1.000000|-1.000000|0.000000|-1|0
1864|116|870|4|-O--|O_|8|871| |1.000000|0.000000|0.000000|000|12.886560|-1.000000|-1.000000|0.000000|-1|0
1864|116|871|5|-CB-|C_|6|872| |1.000000|0.000000|0.000000|000|13.795758|-1.000000|-1.000000|0.000000|-1|0
1864|117|872|1|-N--|N_|7|873| |1.000000|0.000000|0.000000|000|12.446454|-1.000000|-1.000000|0.000000|-1|0
1864|117|873|2|-CA-|C_|6|874| |1.000000|0.000000|0.000000|000|12.578597|-1.000000|-1.000000|0.000000|-1|0
1864|117|874|3|-C--|C_|6|875| |1.000000|0.000000|0.000000|000|11.174914|-1.000000|-1.000000|0.000000|-1|0
1864|117|875|4|-O--|O_|8|876| |1.000000|0.000000|0.000000|000|11.191043|-1.000000|-1.000000|0.000000|-1|0
1864|117|876|5|-CB-|C_|6|877| |1.000000|0.000000|0.000000|000|13.356297|-1.000000|-1.000000|0.000000|-1|0
1864|117|877|6|-CG-|C_|6|878| |1.000000|0.000000|0.000000|000|14.858284|-1.000000|-1.000000|0.000000|-1|0
1864|117|878|6|-CD1|C_|6|879| |1.000000|0.000000|0.000000|000|15.297131|-1.000000|-1.000000|0.000000|-1|0
1864|117|879|6|-CD2|C_|6|880| |1.000000|0.000000|0.000000|000|15.783237|-1.000000|-1.000000|0.000000|-1|0
1864|118|880|1|-N--|N_|7|881| |1.000000|0.000000|0.000000|000|10.083508|-1.000000|-1.000000|0.000000|-1|0
1864|118|881|2|-CA-|C_|6|882| |1.000000|0.000000|0.000000|000|8.806509|-1.000000|-1.000000|0.000000|-1|0
1864|118|882|3|-C--|C_|6|883| |1.000000|0.000000|0.000000|000|8.079127|-1.000000|-1.000000|0.000000|-1|0
1864|118|883|4|-O--|O_|8|884| |1.000000|0.000000|0.000000|000|7.166228|-1.000000|-1.000000|0.000000|-1|0
1864|118|884|5|-CB-|C_|6|885| |1.000000|0.000000|0.000000|000|7.886528|-1.000000|-1.000000|0.000000|-1|0
1864|118|885|6|-CG-|C_|6|886| |1.000000|0.000000|0.000000|000|8.669344|-1.000000|-1.000000|0.000000|-1|0
1864|118|886|16|-SD-|S_|16|887| |1.000000|0.000000|0.000000|000|8.744680|-1.000000|-1.000000|0.000000|-1|0
1864|118|887|6|-CE-|C_|6|888| |1.000000|0.000000|0.000000|000|7.456828|-1.000000|-1.000000|0.000000|-1|0
1864|119|888|1|-N--|N_|7|889| |1.000000|0.000000|0.000000|000|8.701965|-1.000000|-1.000000|0.000000|-1|0
1864|119|889|2|-CA-|C_|6|890| |1.000000|0.000000|0.000000|000|8.308698|-1.000000|-1.000000|0.000000|-1|0
1864|119|890|3|-C--|C_|6|891| |1.000000|0.000000|0.000000|000|8.730103|-1.000000|-1.000000|0.000000|-1|0
1864|119|891|4|-O--|O_|8|892| |1.000000|0.000000|0.000000|000|9.575031|-1.000000|-1.000000|0.000000|-1|0
1864|119|892|5|-CB-|C_|6|893| |1.000000|0.000000|0.000000|000|9.231131|-1.000000|-1.000000|0.000000|-1|0
1864|119|893|6|-CG-|C_|6|894| |1.000000|0.000000|0.000000|000|10.641677|-1.000000|-1.000000|0.000000|-1|0
1864|120|894|1|-N--|N_|7|895| |1.000000|0.000000|0.000000|000|8.403594|-1.000000|-1.000000|0.000000|-1|0
1864|120|895|2|-CA-|C_|6|896| |1.000000|0.000000|0.000000|000|9.088306|-1.000000|-1.000000|0.000000|-1|0
1864|120|896|3|-C--|C_|6|897| |1.000000|0.000000|0.000000|000|9.363099|-1.000000|-1.000000|0.000000|-1|0
1864|120|897|4|-O--|O_|8|898| |1.000000|0.000000|0.000000|000|9.254807|-1.000000|-1.000000|0.000000|-1|0
1864|121|898|1|-N--|N_|7|899| |1.000000|0.000000|0.000000|000|9.969704|-1.000000|-1.000000|0.000000|-1|0
1864|121|899|2|-CA-|C_|6|900| |1.000000|0.000000|0.000000|000|10.464176|-1.000000|-1.000000|0.000000|-1|0
1864|121|900|3|-C--|C_|6|901| |1.000000|0.000000|0.000000|000|10.334095|-1.000000|-1.000000|0.000000|-1|0
1864|121|901|4|-O--|O_|8|902| |1.000000|0.000000|0.000000|000|10.379733|-1.000000|-1.000000|0.000000|-1|0
1864|121|902|5|-CB-|C_|6|903| |1.000000|0.000000|0.000000|000|11.966469|-1.000000|-1.000000|0.000000|-1|0
1864|121|903|17|-OG1|O_|8|904| |1.000000|0.000000|0.000000|000|12.681720|-1.000000|-1.000000|0.000000|-1|0
1864|121|904|6|-CG2|C_|6|905| |1.000000|0.000000|0.000000|000|12.422170|-1.000000|-1.000000|0.000000|-1|0
1864|122|905|1|-N--|N_|7|906| |1.000000|0.000000|0.000000|000|10.451024|-1.000000|-1.000000|0.000000|-1|0
1864|122|906|2|-CA-|C_|6|907| |1.000000|0.000000|0.000000|000|10.656273|-1.000000|-1.000000|0.000000|-1|0
1864|122|907|3|-C--|C_|6|908| |1.000000|0.000000|0.000000|000|12.042079|-1.000000|-1.000000|0.000000|-1|0
1864|122|908|4|-O--|O_|8|909| |1.000000|0.000000|0.000000|000|12.101506|-1.000000|-1.000000|0.000000|-1|0
1864|122|909|5|-CB-|C_|6|910| |1.000000|0.000000|0.000000|000|9.602343|-1.000000|-1.000000|0.000000|-1|0
1864|122|910|6|-CG-|C_|6|911| |1.000000|0.000000|0.000000|000|9.733808|-1.000000|-1.000000|0.000000|-1|0
1864|122|911|6|-CD1|C_|6|912| |1.000000|0.000000|0.000000|000|11.173167|-1.000000|-1.000000|0.000000|-1|0
1864|122|912|6|-CD2|C_|6|913| |1.000000|0.000000|0.000000|000|9.003901|-1.000000|-1.000000|0.000000|-1|0
1864|123|913|1|-N--|N_|7|914| |1.000000|0.000000|0.000000|000|13.096238|-1.000000|-1.000000|0.000000|-1|0
1864|123|914|2|-CA-|C_|6|915| |1.000000|0.000000|0.000000|000|14.448641|-1.000000|-1.000000|0.000000|-1|0
1864|123|915|3|-C--|C_|6|916| |1.000000|0.000000|0.000000|000|14.882456|-1.000000|-1.000000|0.000000|-1|0
1864|123|916|4|-O--|O_|8|917| |1.000000|0.000000|0.000000|000|14.340454|-1.000000|-1.000000|0.000000|-1|0
1864|123|917|5|-CB-|C_|6|918| |1.000000|0.000000|0.000000|000|15.333090|-1.000000|-1.000000|0.000000|-1|0
1864|123|918|17|-OG1|O_|8|919| |1.000000|0.000000|0.000000|000|15.181181|-1.000000|-1.000000|0.000000|-1|0
1864|123|919|6|-CG2|C_|6|920| |1.000000|0.000000|0.000000|000|15.066319|-1.000000|-1.000000|0.000000|-1|0
1864|124|920|1|-N--|N_|7|921| |1.000000|0.000000|0.000000|000|15.917309|-1.000000|-1.000000|0.000000|-1|0
1864|124|921|2|-CA-|C_|6|922| |1.000000|0.000000|0.000000|000|16.523327|-1.000000|-1.000000|0.000000|-1|0
1864|124|922|3|-C--|C_|6|923| |1.000000|0.000000|0.000000|000|18.035648|-1.000000|-1.000000|0.000000|-1|0
1864|124|923|4|-O--|O_|8|924| |1.000000|0.000000|0.000000|000|18.819973|-1.000000|-1.000000|0.000000|-1|0
1864|124|924|5|-CB-|C_|6|925| |1.000000|0.000000|0.000000|000|16.364630|-1.000000|-1.000000|0.000000|-1|0
1864|124|925|6|-CG-|C_|6|926| |1.000000|0.000000|0.000000|000|16.762756|-1.000000|-1.000000|0.000000|-1|0
1864|124|926|6|-CD1|C_|6|927| |1.000000|0.000000|0.000000|000|15.754363|-1.000000|-1.000000|0.000000|-1|0
1864|124|927|6|-CD2|C_|6|928| |1.000000|0.000000|0.000000|000|18.135126|-1.000000|-1.000000|0.000000|-1|0
1864|125|928|1|-N--|N_|7|929| |1.000000|0.000000|0.000000|000|18.493580|-1.000000|-1.000000|0.000000|-1|0
1864|125|929|2|-CA-|C_|6|930| |1.000000|0.000000|0.000000|000|20.009260|-1.000000|-1.000000|0.000000|-1|0
1864|126|930|40|CU--|Cu|29|932| |1.000000|0.000000|0.000000|000|8.807680|-1.000000|-1.000000|0.000000|-1|1
