1864|0|0|26|CYS|PHE|1535|2|201|-O--|-CD2|412|0001|555|0|3.108794|-1.410000|2.180000|-1.710000|0.000000
1864|1|1|0|SER|CYS|1115|5|1|-N--|-C--|103|0001|555|0|1.317346|-0.230000|0.600000|-1.150000|0.000000
1864|2|27|0|THR|CYS|1315|208|2|-O--|-O--|404|0001|555|0|3.153426|2.660000|1.629999|-0.460000|0.000000
1864|3|2|0|VAL|CYS|515|11|2|-N--|-O--|104|0001|555|0|3.640961|1.660000|0.570000|-3.190000|0.000000
1864|4|0|23|CYS|CYS|1515|4|178|-SG-|-SG-|1111|0001|555|0|3.290866|-1.610001|1.889999|-2.160000|0.000000
1864|5|2|1|VAL|SER|511|11|7|-N--|-C--|103|0001|555|0|1.305451|1.290001|0.200001|-0.010000|0.000000
1864|6|1|27|SER|THR|1113|6|208|-CA-|-O--|204|0001|555|0|3.118511|-2.710003|-0.709999|-1.370000|0.000000
1864|7|2|27|VAL|THR|513|11|208|-N--|-O--|104|0001|555|0|3.094592|-1.000000|-1.059999|-2.730000|0.000000
1864|8|2|3|VAL|ASP|521|13|18|-C--|-N--|301|0001|555|0|1.315181|-0.200001|0.160000|1.290000|0.000000
1864|9|2|4|VAL|ILE|509|16|32|-CG1|-CG2|606|0001|555|0|3.566763|-1.990000|0.010000|2.960000|0.000000
1864|10|2|29|VAL|ASN|523|14|219|-O--|-N--|401|0001|555|0|3.362037|-2.709999|-1.539999|-1.260000|0.000000
1864|11|2|28|VAL|VAL|505|16|218|-CG1|-CG2|606|0001|555|0|3.664218|-1.959999|-1.000000|-2.930000|0.000000
1864|12|2|26|VAL|PHE|535|16|204|-CG1|-CZ-|612|0001|555|0|3.815614|1.750002|1.580000|-3.000000|0.000000
1864|13|2|17|VAL|ILE|509|17|135|-CG2|-CD1|606|0001|555|0|3.619793|-2.580000|2.520000|-0.310000|0.000000
1864|14|4|3|ILE|ASP|921|26|20|-N--|-C--|103|0001|555|0|1.338581|1.230000|0.170000|0.500000|0.000000
1864|15|3|29|ASP|ASN|2123|25|225|-OD2|-OD1|1008|0001|555|0|2.802231|-1.250000|-1.660000|-1.880000|0.000000
1864|16|4|29|ILE|ASN|923|29|222|-O--|-O--|404|0001|555|0|2.811138|0.820000|-0.990000|-2.500000|0.000000
1864|17|4|5|ILE|GLN|927|28|34|-C--|-N--|301|0001|555|0|1.318674|-0.750000|0.420000|1.000000|0.000000
1864|18|4|13|ILE|ASN|923|27|103|-CA-|-O--|204|0001|555|0|3.941129|-0.430000|3.500000|1.760000|0.000000
1864|19|30|4|LEU|ILE|709|228|29|-CA-|-O--|204|0001|555|0|3.531516|1.540001|2.060001|2.420000|0.000000
1864|20|4|31|ILE|SER|911|29|235|-O--|-N--|401|0001|555|0|3.264982|-1.820002|-2.710001|-0.060000|0.000000
1864|21|4|14|ILE|THR|913|32|113|-CG2|-OG1|617|0001|555|0|3.118349|-0.920000|2.440001|1.710000|0.000000
1864|22|4|45|ILE|TRP|939|33|342|-CD1|-CD1|612|0001|555|0|3.428280|-2.549999|1.650002|-1.590000|0.000000
1864|23|28|4|VAL|ILE|509|217|33|-CG1|-CD1|606|0001|555|0|3.414059|-0.670000|1.379999|3.050000|0.000000
1864|24|6|5|GLY|GLN|127|43|36|-N--|-C--|103|0001|555|0|1.362498|1.160000|0.680000|0.220000|0.000000
1864|25|13|5|ASN|GLN|2327|107|37|-ND2|-O--|904|0001|555|0|2.782121|-2.469999|-1.170000|-0.520000|0.000000
1864|26|5|12|GLN|PHE|2735|37|90|-O--|-CA-|402|0001|555|0|3.601236|-1.639999|3.170000|-0.480000|0.000000
1864|27|33|5|PRO|GLN|1927|256|42|-CG-|-NE2|609|0001|555|0|3.641717|3.309999|1.480001|-0.339999|0.000000
1864|28|6|31|GLY|SER|111|43|238|-N--|-O--|104|0001|555|0|3.907288|-0.129999|-3.580000|-1.560000|0.000000
1864|29|6|7|GLY|ASN|123|45|47|-C--|-N--|301|0001|555|0|1.335890|-0.709999|0.630001|0.940001|0.000000
1864|30|6|43|GLY|HIS|133|44|325|-CA-|-CD2|212|0001|555|0|3.783147|-3.270000|-1.369999|-1.320000|0.000000
1864|31|6|11|GLY|GLN|127|44|83|-CA-|-O--|204|0001|555|0|3.607410|-1.970001|3.020000|-0.110001|0.000000
1864|32|6|32|GLY|HIS|133|46|242|-O--|-CA-|402|0001|555|0|3.913133|0.459999|-3.730001|-1.089999|0.000000
1864|33|6|33|GLY|PRO|119|46|256|-O--|-CG-|406|0001|555|0|3.155092|1.639999|-2.050001|1.750000|0.000000
1864|34|7|43|ASN|HIS|2333|50|327|-O--|-NE2|413|0001|555|0|2.670019|-0.550001|0.690001|-2.520000|0.000000
1864|35|8|7|ASP|ASN|2123|55|49|-N--|-C--|103|0001|555|0|1.286002|0.770000|-0.000000|-1.030000|0.000000
1864|36|7|9|ASN|GLN|2327|49|63|-C--|-N--|301|0001|555|0|3.320768|-1.950001|2.209999|1.530000|0.000000
1864|37|7|32|ASN|HIS|2333|50|250|-O--|-NE2|413|0001|555|0|3.361755|-0.270000|-3.139999|-1.170000|0.000000
1864|38|33|7|PRO|ASN|1923|255|54|-CB-|-ND2|509|0001|555|0|3.325748|-1.190001|2.260000|2.130000|0.000000
1864|39|8|9|ASP|GLN|2127|57|63|-C--|-N--|301|0001|555|0|1.328307|0.780001|1.059999|-0.180000|0.000000
1864|40|41|8|MET|ASP|1721|313|58|-CE-|-O--|604|0001|555|0|2.988428|1.929999|-0.230000|2.270000|0.000000
1864|41|10|8|MET|ASP|1721|72|57|-N--|-C--|103|0001|555|0|3.364133|-0.030001|-2.689999|2.020000|0.000000
1864|42|36|8|LEU|ASP|721|274|62|-CD2|-OD2|610|0001|555|0|2.927218|2.390000|1.210001|-1.180000|0.000000
1864|43|34|8|GLY|ASP|121|258|61|-N--|-OD1|110|0001|555|0|3.237669|-1.500000|2.650000|1.100000|0.000000
1864|44|8|35|ASP|ASN|2123|62|262|-OD2|-N--|1001|0001|555|0|3.818168|0.699999|-3.720001|0.500000|0.000000
1864|45|10|9|MET|GLN|1727|72|65|-N--|-C--|103|0001|555|0|1.311907|-0.290001|0.470001|1.190000|0.000000
1864|46|9|11|GLN|GLN|2727|65|80|-C--|-N--|301|0001|555|0|3.364952|2.420000|0.670000|-2.240000|0.000000
1864|47|10|41|MET|MET|1717|77|312|-CG-|-SD-|616|0001|555|0|3.521662|0.150000|-3.500000|0.360000|0.000000
1864|48|10|11|MET|GLN|1727|74|80|-C--|-N--|301|0001|555|0|1.329699|1.160000|-0.160000|0.630000|0.000000
1864|49|10|118|MET|MET|1717|75|885|-O--|-CG-|406|0001|555|0|3.084898|0.740000|-0.170000|-2.990000|0.000000
1864|50|117|10|LEU|MET|717|876|75|-CB-|-O--|504|0001|555|0|3.784243|0.760000|-3.699999|-0.230000|0.000000
1864|51|10|114|MET|HIS|1733|77|856|-CG-|-CG-|612|0001|555|0|3.517016|-0.570000|-0.590000|-3.420001|0.000000
1864|52|113|10|GLY|MET|117|850|79|-O--|-CE-|406|0001|555|0|3.667395|0.549999|-2.079998|2.969999|0.000000
1864|53|11|12|GLN|PHE|2735|82|89|-C--|-N--|301|0001|555|0|1.303304|1.190001|0.520000|-0.110000|0.000000
1864|54|118|11|MET|GLN|1727|886|83|-SD-|-O--|1604|0001|555|0|3.148221|2.289999|0.039999|2.160000|0.000000
1864|55|117|11|LEU|GLN|727|878|87|-CD1|-OE1|608|0001|555|0|3.303028|2.699999|-1.220001|1.460000|0.000000
1864|56|13|12|ASN|PHE|2335|100|91|-N--|-C--|103|0001|555|0|1.302727|-1.150000|0.049999|0.610000|0.000000
1864|57|118|12|MET|PHE|1735|884|95|-CB-|-CD1|512|0001|555|0|3.377455|3.340000|-0.459999|-0.200000|0.000000
1864|58|12|107|PHE|PHE|3535|97|801|-CE1|-CD2|1212|0001|555|0|3.823023|2.250000|1.910002|-2.430000|0.000000
1864|59|30|12|LEU|PHE|735|234|98|-CD2|-CE2|612|0001|555|0|3.799197|-1.369999|3.430000|0.890000|0.000000
1864|60|44|12|ASN|PHE|2335|331|99|-O--|-CZ-|412|0001|555|0|3.931679|2.200001|2.500000|2.090000|0.000000
1864|61|12|45|PHE|TRP|3539|99|342|-CZ-|-CD1|1212|0001|555|0|3.708854|2.160000|-0.299999|-3.000000|0.000000
1864|62|14|13|THR|ASN|1323|108|102|-N--|-C--|103|0001|555|0|1.290657|-0.209999|-1.239998|0.290000|0.000000
1864|63|13|15|ASN|ASN|2323|102|115|-C--|-N--|301|0001|555|0|3.894445|-0.450001|3.610001|-1.390000|0.000000
1864|64|14|15|THR|ASN|1323|110|115|-C--|-N--|301|0001|555|0|1.332743|-0.320002|1.130001|0.630000|0.000000
1864|65|16|14|ALA|THR|313|123|110|-N--|-C--|103|0001|555|0|3.061713|-0.339998|-2.509998|1.720000|0.000000
1864|66|14|107|THR|PHE|1335|111|804|-O--|-CZ-|412|0001|555|0|3.013453|-1.059999|-0.070000|-2.820000|0.000000
1864|67|17|14|ILE|THR|913|135|112|-CD1|-CB-|605|0001|555|0|3.489570|-0.750000|-0.350002|3.390000|0.000000
1864|68|16|15|ALA|ASN|323|123|117|-N--|-C--|103|0001|555|0|1.336151|-1.059999|0.290001|0.760000|0.000000
1864|69|120|15|GLY|ASN|123|895|118|-CA-|-O--|204|0001|555|0|3.480086|2.170000|1.299999|2.390000|0.000000
1864|70|15|119|ASN|LYS|2329|119|891|-CB-|-O--|504|0001|555|0|3.408401|-2.580000|0.180000|-2.220000|0.000000
1864|71|121|15|THR|ASN|1323|898|118|-N--|-O--|104|0001|555|0|3.856125|0.440001|0.399998|3.810000|0.000000
1864|72|120|16|GLY|ALA|103|895|123|-CA-|-N--|201|0001|555|0|3.971057|3.629999|-0.180000|1.600000|0.000000
1864|73|16|121|ALA|THR|313|125|901|-C--|-O--|304|0001|555|0|3.484551|-1.789999|0.240002|-2.980000|0.000000
1864|74|16|17|ALA|ILE|309|125|128|-C--|-N--|301|0001|555|0|1.346217|0.010000|-0.590000|-1.210000|0.000000
1864|75|17|121|ILE|THR|913|128|901|-N--|-O--|104|0001|555|0|2.657405|-1.799999|0.830002|-1.770000|0.000000
1864|76|17|18|ILE|THR|913|130|136|-C--|-N--|301|0001|555|0|1.358309|1.250000|-0.530003|0.040000|0.000000
1864|77|122|17|LEU|ILE|709|906|131|-CA-|-O--|204|0001|555|0|3.165992|2.650002|0.090000|1.730000|0.000000
1864|78|17|123|ILE|THR|913|131|913|-O--|-N--|401|0001|555|0|2.797320|-0.870001|1.549999|-2.160000|0.000000
1864|79|17|107|ILE|PHE|935|133|802|-CG1|-CE1|612|0001|555|0|3.379082|-3.219999|0.970001|0.330000|0.000000
1864|80|17|26|ILE|PHE|935|134|204|-CG2|-CZ-|612|0001|555|0|3.584216|1.310001|-2.990000|-1.480000|0.000000
1864|81|19|18|VAL|THR|513|143|138|-N--|-C--|103|0001|555|0|1.322573|0.239998|-0.040001|1.300000|0.000000
1864|82|18|123|THR|THR|1313|137|916|-CA-|-O--|204|0001|555|0|3.638956|-1.299999|1.520000|-3.040000|0.000000
1864|83|18|20|THR|ASP|1321|139|150|-O--|-N--|401|0001|555|0|3.997662|1.930000|-0.079998|-3.500000|0.000000
1864|84|19|123|VAL|THR|513|143|916|-N--|-O--|104|0001|555|0|3.306856|-1.880001|2.529999|-1.000000|0.000000
1864|85|19|20|VAL|ASP|521|145|150|-C--|-N--|301|0001|555|0|1.359152|1.139999|-0.739998|-0.010000|0.000000
1864|86|19|124|VAL|LEU|507|146|921|-O--|-CA-|402|0001|555|0|3.438922|-2.109997|2.459999|-1.150000|0.000000
1864|87|19|125|VAL|LYS|529|146|928|-O--|-N--|401|0001|555|0|2.832544|0.360001|2.610001|-1.040000|0.000000
1864|88|19|21|VAL|LYS|529|146|158|-O--|-N--|401|0001|555|0|3.972331|3.170002|-0.590000|-2.320000|0.000000
1864|89|19|26|VAL|PHE|535|149|201|-CG2|-CD2|612|0001|555|0|3.404203|-0.810001|-2.779999|1.790000|0.000000
1864|90|19|122|VAL|LEU|507|148|911|-CG1|-CD1|606|0001|555|0|3.378846|-3.209999|0.550003|0.900000|0.000000
1864|91|19|96|VAL|VAL|505|149|715|-CG2|-CG2|606|0001|555|0|3.723345|-0.529999|0.200001|-3.680000|0.000000
1864|92|20|21|ASP|LYS|2129|152|158|-C--|-N--|301|0001|555|0|1.339478|0.700001|0.910000|-0.690000|0.000000
1864|93|22|20|SER|ASP|1121|167|152|-N--|-C--|103|0001|555|0|3.369287|-2.939999|0.290001|1.620000|0.000000
1864|94|23|20|CYS|ASP|1521|177|153|-CB-|-O--|504|0001|555|0|3.806970|-1.870003|3.310001|-0.200000|0.000000
1864|95|22|21|SER|LYS|1129|167|160|-N--|-C--|103|0001|555|0|1.331500|-1.019997|0.100002|-0.849999|0.000000
1864|96|23|21|CYS|LYS|1529|173|161|-N--|-O--|104|0001|555|0|2.707732|-0.740002|2.190002|-1.410000|0.000000
1864|97|124|21|LEU|LYS|729|927|163|-CD2|-CG-|606|0001|555|0|3.148748|3.120003|-0.410000|0.110001|0.000000
1864|98|21|125|LYS|LYS|2929|165|929|-CE-|-CA-|602|0001|555|0|2.869425|-0.360001|-0.840000|2.720000|0.000000
1864|99|101|21|GLU|LYS|2529|750|166|-OE1|-NZ-|1014|0001|555|0|2.765972|1.810001|-1.189999|1.719999|0.000000
1864|100|22|23|SER|CYS|1115|169|173|-C--|-N--|301|0001|555|0|1.374446|-1.070000|-0.490002|-0.710000|0.000000
1864|101|23|24|CYS|LYS|1529|175|179|-C--|-N--|301|0001|555|0|1.343615|0.230000|-0.600000|-1.180000|0.000000
1864|102|23|25|CYS|GLN|1527|176|185|-O--|-N--|401|0001|555|0|2.645960|-1.270000|-2.210001|-0.710000|0.000000
1864|103|96|23|VAL|CYS|515|714|176|-CG1|-O--|604|0001|555|0|3.334759|2.460003|-1.510000|1.670000|0.000000
1864|104|25|24|GLN|LYS|2729|185|181|-N--|-C--|103|0001|555|0|1.324613|0.359997|0.550001|-1.150001|0.000000
1864|105|96|24|VAL|LYS|529|714|182|-CG1|-O--|604|0001|555|0|3.203281|0.630001|-2.960001|-1.050000|0.000000
1864|106|25|26|GLN|PHE|2735|187|194|-C--|-N--|301|0001|555|0|1.334653|-1.209999|-0.160000|0.540000|0.000000
1864|107|25|94|GLN|PHE|2735|189|693|-CB-|-O--|504|0001|555|0|3.015377|-2.820000|0.990000|0.400000|0.000000
1864|108|26|94|PHE|PHE|3535|194|693|-N--|-O--|104|0001|555|0|2.650699|-1.790001|-0.500000|-1.890000|0.000000
1864|109|27|26|THR|PHE|1335|205|196|-N--|-C--|103|0001|555|0|1.344396|-0.309998|0.270000|-1.280000|0.000000
1864|110|93|26|THR|PHE|1335|684|197|-CA-|-O--|204|0001|555|0|3.369600|1.380001|2.930000|0.930000|0.000000
1864|111|92|26|VAL|PHE|535|679|197|-O--|-O--|404|0001|555|0|3.732386|2.570000|2.130001|-1.670000|0.000000
1864|112|28|26|VAL|PHE|535|218|202|-CG2|-CE1|612|0001|555|0|3.443546|2.600000|2.140001|-0.720000|0.000000
1864|113|28|27|VAL|THR|513|212|207|-N--|-C--|103|0001|555|0|1.329136|1.290001|0.250000|-0.200000|0.000000
1864|114|92|27|VAL|THR|513|679|210|-O--|-OG1|417|0001|555|0|2.573518|2.369999|-0.940001|0.350000|0.000000
1864|115|27|93|THR|THR|1313|210|688|-OG1|-OG1|1717|0001|555|0|2.506371|0.369999|-1.650000|-1.850000|0.000000
1864|116|28|92|VAL|VAL|505|215|676|-O--|-N--|401|0001|555|0|2.819521|-1.420000|-0.980000|-2.230000|0.000000
1864|117|28|29|VAL|ASN|523|214|219|-C--|-N--|301|0001|555|0|1.317042|-0.080000|-0.109999|1.310000|0.000000
1864|118|28|91|VAL|SER|511|215|675|-O--|-OG-|417|0001|555|0|2.748981|0.380001|-2.699999|0.350000|0.000000
1864|119|28|45|VAL|TRP|539|217|346|-CG1|-CE3|612|0001|555|0|3.446346|-2.170000|2.000000|-1.780000|0.000000
1864|120|30|29|LEU|ASN|723|227|221|-N--|-C--|103|0001|555|0|1.321060|1.139999|0.660000|0.100000|0.000000
1864|121|91|29|SER|ASN|1123|675|226|-OG-|-ND2|1709|0001|555|0|2.608082|1.899998|1.400000|1.110000|0.000000
1864|122|90|29|ASP|ASN|2123|665|220|-O--|-CA-|402|0001|555|0|3.246676|1.920000|2.520000|0.710000|0.000000
1864|123|31|29|SER|ASN|1123|235|222|-N--|-O--|104|0001|555|0|3.985174|2.640001|1.720001|-2.440000|0.000000
1864|124|30|90|LEU|ASP|721|227|665|-N--|-O--|104|0001|555|0|2.719450|0.269999|-2.160002|-1.630000|0.000000
1864|125|30|31|LEU|SER|711|229|235|-C--|-N--|301|0001|555|0|1.325745|-0.160000|0.379999|1.260000|0.000000
1864|126|30|84|LEU|ILE|709|230|632|-O--|-CD1|406|0001|555|0|3.490187|-3.380001|-0.690001|0.530000|0.000000
1864|127|30|89|LEU|LYS|729|230|657|-O--|-CA-|402|0001|555|0|3.118750|-0.490000|-3.080000|0.010000|0.000000
1864|128|30|45|LEU|TRP|739|233|336|-CD1|-N--|601|0001|555|0|3.762207|-1.549999|1.890001|-2.860000|0.000000
1864|129|30|44|LEU|ASN|723|233|330|-CD1|-C--|603|0001|555|0|3.628251|-2.430000|1.930000|-1.880000|0.000000
1864|130|30|43|LEU|HIS|733|233|321|-CD1|-O--|604|0001|555|0|3.668378|-3.410000|-1.349998|-0.080000|0.000000
1864|131|30|81|LEU|THR|713|233|607|-CD1|-OG1|617|0001|555|0|3.912135|-0.439999|-1.059999|-3.740000|0.000000
1864|132|31|32|SER|HIS|1133|237|241|-C--|-N--|301|0001|555|0|1.336039|-0.250000|-0.760000|1.070000|0.000000
1864|133|31|88|SER|GLU|1125|240|650|-OG-|-O--|1704|0001|555|0|3.392420|-3.150002|-1.180000|-0.440000|0.000000
1864|134|84|31|ILE|SER|911|632|238|-CD1|-O--|604|0001|555|0|3.198015|0.860001|2.059999|2.290000|0.000000
1864|135|31|89|SER|LYS|1129|240|661|-OG-|-CG-|1706|0001|555|0|1.956170|0.570000|-0.760000|-1.710000|0.000000
1864|136|31|33|SER|PRO|1119|237|257|-C--|-CD-|306|0001|555|0|3.507221|-0.790001|0.220001|3.410000|0.000000
1864|137|88|32|GLU|HIS|2533|650|241|-O--|-N--|401|0001|555|0|3.275911|0.040001|2.799999|1.700000|0.000000
1864|138|33|32|PRO|HIS|1933|251|243|-N--|-C--|103|0001|555|0|1.284094|0.080000|-0.689999|-1.080000|0.000000
1864|139|87|32|GLY|HIS|133|643|244|-N--|-O--|104|0001|555|0|2.650622|1.410000|2.160000|0.610000|0.000000
1864|140|86|32|SER|HIS|1133|637|246|-N--|-CG-|112|0001|555|0|3.396131|1.840000|2.850000|0.160000|0.000000
1864|141|85|32|GLY|HIS|133|634|247|-CA-|-ND1|213|0001|555|0|3.500229|1.560001|2.740000|1.520000|0.000000
1864|142|84|32|ILE|HIS|933|632|245|-CD1|-CB-|605|0001|555|0|3.859780|-1.029999|0.270000|3.710000|0.000000
1864|143|41|32|MET|HIS|1733|309|249|-O--|-CE1|412|0001|555|0|3.100096|2.910000|-0.469999|0.960000|0.000000
1864|144|32|43|HIS|HIS|3333|249|325|-CE1|-CD2|1212|0001|555|0|3.482959|0.750000|3.260000|-0.970000|0.000000
1864|145|34|32|GLY|HIS|133|258|248|-N--|-CD2|112|0001|555|0|3.838385|-0.680000|1.080000|-3.620000|0.000000
1864|146|36|32|LEU|HIS|733|270|250|-O--|-NE2|413|0001|555|0|3.987845|3.280001|2.170000|-0.660000|0.000000
1864|147|34|33|GLY|PRO|119|258|253|-N--|-C--|103|0001|555|0|1.336450|1.260000|-0.439999|-0.070000|0.000000
1864|148|34|35|GLY|ASN|123|260|262|-C--|-N--|301|0001|555|0|1.302844|-0.790001|-0.620001|0.830000|0.000000
1864|149|34|36|GLY|LEU|107|261|267|-O--|-N--|401|0001|555|0|3.143708|-3.139999|-0.080000|0.130000|0.000000
1864|150|34|86|GLY|SER|111|261|642|-O--|-OG-|417|0001|555|0|2.403019|-1.380001|-0.510000|-1.900000|0.000000
1864|151|36|35|LEU|ASN|723|267|264|-N--|-C--|103|0001|555|0|1.308855|0.070000|-0.690001|1.110001|0.000000
1864|152|86|35|SER|ASN|1123|642|263|-OG-|-CA-|1702|0001|555|0|3.515110|-0.400000|-1.019999|3.340000|0.000000
1864|153|37|35|PRO|ASN|1923|281|264|-CD-|-C--|603|0001|555|0|3.537966|2.440001|0.559999|2.500000|0.000000
1864|154|36|37|LEU|PRO|719|269|275|-C--|-N--|301|0001|555|0|1.274441|-0.680000|-0.969999|-0.470000|0.000000
1864|155|36|86|LEU|SER|711|270|642|-O--|-OG-|417|0001|555|0|2.630495|1.990000|-1.630001|0.550000|0.000000
1864|156|36|41|LEU|MET|717|270|309|-O--|-O--|404|0001|555|0|3.917217|0.110001|2.619999|-2.910000|0.000000
1864|157|40|36|VAL|LEU|507|304|273|-CG1|-CD1|606|0001|555|0|3.672248|1.980000|-0.990000|2.930000|0.000000
1864|158|37|38|PRO|LYS|1929|277|282|-C--|-N--|301|0001|555|0|1.351777|-0.050000|-0.580000|-1.220000|0.000000
1864|159|86|37|SER|PRO|1119|642|275|-OG-|-N--|1701|0001|555|0|3.542047|-3.520000|0.060001|-0.390000|0.000000
1864|160|37|39|PRO|ASN|1923|277|291|-C--|-N--|301|0001|555|0|3.107717|-2.390000|0.670000|-1.870000|0.000000
1864|161|40|37|VAL|PRO|519|305|280|-CG2|-CG-|606|0001|555|0|3.503840|2.280000|-2.639999|0.330000|0.000000
1864|162|41|37|MET|PRO|1719|306|278|-N--|-O--|104|0001|555|0|2.899949|1.170000|-2.620001|-0.420000|0.000000
1864|163|39|38|ASN|LYS|2329|291|284|-N--|-C--|103|0001|555|0|1.343615|0.940001|0.010000|-0.960000|0.000000
1864|164|40|38|VAL|LYS|529|299|284|-N--|-C--|103|0001|555|0|3.736496|1.900001|-1.670000|-2.750000|0.000000
1864|165|65|38|LEU|LYS|729|476|285|-CD1|-O--|604|0001|555|0|3.721358|1.820001|-0.600000|3.190000|0.000000
1864|166|38|111|LYS|PHE|2935|285|837|-O--|-CE1|412|0001|555|0|3.962045|-0.560000|3.910000|0.310000|0.000000
1864|167|83|38|LEU|LYS|729|620|287|-O--|-CG-|406|0001|555|0|3.397999|-2.419999|-0.160000|2.380000|0.000000
1864|168|85|38|GLY|LYS|129|634|286|-CA-|-CB-|205|0001|555|0|3.714323|-3.270000|-0.530001|-1.680000|0.000000
1864|169|84|38|ILE|LYS|929|628|287|-O--|-CG-|406|0001|555|0|3.488523|-2.759999|-1.889999|-0.990000|0.000000
1864|170|40|39|VAL|ASN|523|299|293|-N--|-C--|103|0001|555|0|1.308205|-0.830000|-0.150000|-1.000000|0.000000
1864|171|39|111|ASN|PHE|2335|294|839|-O--|-CZ-|412|0001|555|0|3.651451|1.770000|2.709999|-1.690000|0.000000
1864|172|41|39|MET|ASN|1723|306|293|-N--|-C--|103|0001|555|0|3.810905|-3.050000|-1.660000|-1.570000|0.000000
1864|173|40|41|VAL|MET|517|301|306|-C--|-N--|301|0001|555|0|1.300654|1.130000|-0.280001|-0.580000|0.000000
1864|174|42|41|GLY|MET|117|314|308|-N--|-C--|103|0001|555|0|1.308205|0.290000|-0.119999|1.270000|0.000000
1864|175|41|114|MET|HIS|1733|312|859|-SD-|-CE1|1612|0001|555|0|3.423887|-0.580000|0.750000|-3.290000|0.000000
1864|176|41|43|MET|HIS|1733|309|318|-O--|-N--|401|0001|555|0|3.914767|1.850000|1.100000|-3.270000|0.000000
1864|177|42|111|GLY|PHE|135|314|835|-N--|-CD1|112|0001|555|0|3.319971|-2.060000|1.310001|-2.250000|0.000000
1864|178|42|114|GLY|HIS|133|317|859|-O--|-CE1|412|0001|555|0|3.483231|-2.099999|1.980000|1.950000|0.000000
1864|179|42|43|GLY|HIS|133|316|318|-C--|-N--|301|0001|555|0|1.333605|1.200001|-0.240000|-0.530000|0.000000
1864|180|42|84|GLY|ILE|109|315|628|-CA-|-O--|204|0001|555|0|3.250753|2.119999|-2.190001|-1.130000|0.000000
1864|181|42|126|GLY|_CU|146|317|930|-O--|CU--|440|0011|555|0|2.468461|0.560001|2.389999|0.260000|0.000000
1864|182|42|109|GLY|CYS|115|317|821|-O--|-SG-|411|0001|555|0|3.391770|0.740002|2.990000|-1.420000|0.000000
1864|183|84|43|ILE|HIS|933|628|318|-O--|-N--|401|0001|555|0|3.116682|-0.039999|3.110001|0.200000|0.000000
1864|184|44|43|ASN|HIS|2333|328|320|-N--|-C--|103|0001|555|0|1.301385|0.180000|-0.960001|0.860000|0.000000
1864|185|43|126|HIS|_CU|3346|324|930|-ND1|CU--|1340|0011|555|0|2.151022|-1.379999|0.990000|-1.320000|0.000000
1864|186|109|43|CYS|HIS|1533|821|324|-SG-|-ND1|1113|0001|555|0|3.601125|1.199999|-1.590000|3.000000|0.000000
1864|187|83|43|LEU|HIS|733|618|321|-CA-|-O--|204|0001|555|0|3.747186|1.990000|2.270000|2.220000|0.000000
1864|188|82|43|LYS|HIS|2933|612|321|-O--|-O--|404|0001|555|0|3.223554|-0.540001|1.660000|2.710000|0.000000
1864|189|118|43|MET|HIS|1733|886|324|-SD-|-ND1|1613|0001|555|0|3.232244|-0.520000|-3.190001|-0.030000|0.000000
1864|190|43|114|HIS|HIS|3333|324|857|-ND1|-ND1|1313|0001|555|0|3.731622|-3.370000|1.600000|-0.090000|0.000000
1864|191|109|44|CYS|ASN|1523|820|331|-CB-|-O--|504|0001|555|0|3.242560|2.369999|-1.730000|-1.380000|0.000000
1864|192|44|45|ASN|TRP|2339|330|336|-C--|-N--|301|0001|555|0|1.317726|0.880001|-0.039999|-0.980000|0.000000
1864|193|46|44|VAL|ASN|523|350|330|-N--|-C--|103|0001|555|0|3.784403|-0.720001|-2.520000|2.730000|0.000000
1864|194|44|108|ASN|PHE|2335|331|808|-O--|-O--|404|0001|555|0|3.237747|-0.449999|2.790001|-1.580000|0.000000
1864|195|110|44|THR|ASN|1323|827|335|-OG1|-ND2|1709|0001|555|0|2.609597|0.280001|-1.959999|1.700000|0.000000
1864|196|83|44|LEU|ASN|723|623|335|-CD1|-ND2|609|0001|555|0|3.294192|0.840001|2.809999|-1.500000|0.000000
1864|197|68|44|ASP|ASN|2123|498|334|-O--|-OD1|408|0001|555|0|3.740535|3.060000|0.740000|2.020000|0.000000
1864|198|44|111|ASN|PHE|2335|335|829|-ND2|-N--|901|0001|555|0|3.449073|-2.220001|1.789999|1.940000|0.000000
1864|199|46|45|VAL|TRP|539|350|338|-N--|-C--|103|0001|555|0|1.324953|0.949999|-0.870001|0.310000|0.000000
1864|200|108|45|PHE|TRP|3539|808|338|-O--|-C--|403|0001|555|0|3.441715|2.179998|-1.990002|-1.770000|0.000000
1864|201|81|45|THR|TRP|1339|607|336|-OG1|-N--|1701|0001|555|0|3.272462|-1.110001|2.950001|0.880000|0.000000
1864|202|80|45|HIS|TRP|3339|593|339|-CA-|-O--|204|0001|555|0|3.610236|0.790001|1.910000|2.960000|0.000000
1864|203|79|45|ALA|TRP|339|590|339|-O--|-O--|404|0001|555|0|3.132810|-0.330000|-0.840000|3.000000|0.000000
1864|204|47|45|LEU|TRP|739|362|349|-CG-|-CH2|612|0001|555|0|3.687019|1.560001|-2.060001|2.630000|0.000000
1864|205|107|45|PHE|TRP|3539|799|344|-CG-|-NE1|1215|0001|555|0|3.088350|0.970001|-2.930000|-0.110000|0.000000
1864|206|94|45|PHE|TRP|3539|699|348|-CE2|-CZ3|1212|0001|555|0|3.847713|-2.719999|-0.090000|2.720000|0.000000
1864|207|46|108|VAL|PHE|535|350|808|-N--|-O--|104|0001|555|0|2.663400|-1.230000|1.120001|2.080000|0.000000
1864|208|46|47|VAL|LEU|507|352|357|-C--|-N--|301|0001|555|0|1.294643|0.559999|0.200001|-1.150000|0.000000
1864|209|79|46|ALA|VAL|305|590|351|-O--|-CA-|402|0001|555|0|3.087604|-2.059999|0.790001|2.160000|0.000000
1864|210|46|107|VAL|PHE|535|353|795|-O--|-CA-|402|0001|555|0|3.108794|1.260000|2.490000|1.370000|0.000000
1864|211|46|70|VAL|LEU|507|355|521|-CG1|-CD1|606|0001|555|0|3.234270|-1.890001|-1.299999|-2.280000|0.000000
1864|212|46|110|VAL|THR|513|355|827|-CG1|-OG1|617|0001|555|0|3.194402|-2.840000|-1.190001|0.850000|0.000000
1864|213|46|56|VAL|VAL|505|356|420|-CG2|-CG2|606|0001|555|0|3.547549|-3.030001|1.410000|-1.190000|0.000000
1864|214|46|77|VAL|VAL|505|356|577|-CG2|-CG1|606|0001|555|0|3.601514|0.960001|-0.980000|-3.330000|0.000000
1864|215|79|47|ALA|LEU|307|590|357|-O--|-N--|401|0001|555|0|2.692472|-0.870001|2.380001|0.910000|0.000000
1864|216|47|48|LEU|SER|711|359|365|-C--|-N--|301|0001|555|0|1.322308|0.049999|1.320000|-0.060000|0.000000
1864|217|47|106|LEU|MET|717|358|789|-CA-|-O--|204|0001|555|0|3.657730|-0.170000|3.259998|1.650000|0.000000
1864|218|77|47|VAL|LEU|507|573|360|-CA-|-O--|204|0001|555|0|3.305843|1.049999|1.189999|2.900000|0.000000
1864|219|47|76|LEU|ARG|731|360|564|-O--|-O--|404|0001|555|0|3.663196|-2.150000|1.390003|-2.619999|0.000000
1864|220|47|78|LEU|ILE|709|360|579|-O--|-N--|401|0001|555|0|3.616932|1.140001|-1.649998|-3.010000|0.000000
1864|221|47|94|LEU|PHE|735|363|700|-CD1|-CZ-|612|0001|555|0|3.442296|3.170000|-1.340000|-0.070000|0.000000
1864|222|47|105|LEU|TYR|737|364|778|-CD2|-CB-|605|0001|555|0|3.868294|0.820000|3.770000|0.280000|0.000000
1864|223|48|108|SER|PHE|1135|369|815|-CB-|-CZ-|512|0001|555|0|3.515353|-1.740000|-1.350002|2.740000|0.000000
1864|224|48|49|SER|THR|1113|367|371|-C--|-N--|301|0001|555|0|1.312477|-0.559999|1.029999|-0.590000|0.000000
1864|225|48|106|SER|MET|1117|368|786|-O--|-N--|401|0001|555|0|2.995479|0.680000|1.079998|2.710000|0.000000
1864|226|48|76|SER|ARG|1131|370|564|-OG-|-O--|1704|0001|555|0|2.599268|0.240000|-1.849998|-1.809999|0.000000
1864|227|48|105|SER|TYR|1137|368|775|-O--|-CA-|402|0001|555|0|3.125044|2.230000|1.910000|1.070000|0.000000
1864|228|56|48|VAL|SER|511|419|370|-CG1|-OG-|617|0001|555|0|3.378891|2.770000|1.680000|-0.960000|0.000000
1864|229|48|53|SER|MET|1117|370|396|-OG-|-N--|1701|0001|555|0|3.558005|-2.469999|2.090000|1.480000|0.000000
1864|230|48|52|SER|ASP|1121|370|392|-OG-|-CB-|1705|0001|555|0|2.945132|-1.559999|1.990002|-1.510000|0.000000
1864|231|50|49|ALA|THR|313|378|373|-N--|-C--|103|0001|555|0|1.334842|-0.210001|-1.040001|-0.810000|0.000000
1864|232|49|105|THR|TYR|1337|377|782|-CG2|-CE1|612|0001|555|0|3.366214|3.090000|-1.329998|0.120000|0.000000
1864|233|49|104|THR|GLN|1327|375|768|-CB-|-O--|504|0001|555|0|3.111077|2.080000|1.320000|1.900000|0.000000
1864|234|49|52|THR|ASP|1321|376|395|-OG1|-OD2|1710|0001|555|0|2.582344|-1.949999|-1.060001|-1.320001|0.000000
1864|235|51|49|ALA|THR|313|383|374|-N--|-O--|104|0001|555|0|2.683673|1.180000|-2.410000|0.040000|0.000000
1864|236|49|53|THR|MET|1317|374|396|-O--|-N--|401|0001|555|0|3.396087|-2.930000|-1.630001|0.540000|0.000000
1864|237|50|51|ALA|ALA|303|380|383|-C--|-N--|301|0001|555|0|1.317118|-0.680000|-0.680000|-0.900000|0.000000
1864|238|50|104|ALA|GLN|327|378|768|-N--|-O--|104|0001|555|0|3.537880|3.369999|0.189999|-1.060000|0.000000
1864|239|50|106|ALA|MET|317|382|791|-CB-|-CG-|506|0001|555|0|3.478462|1.110001|-2.799999|1.740000|0.000000
1864|240|50|52|ALA|ASP|321|380|388|-C--|-N--|301|0001|555|0|3.840873|-1.890001|-2.610001|-2.090000|0.000000
1864|241|51|52|ALA|ASP|321|385|388|-C--|-N--|301|0001|555|0|1.330074|0.410000|-1.189999|0.430000|0.000000
1864|242|51|53|ALA|MET|317|385|396|-C--|-N--|301|0001|555|0|3.968236|-0.129999|-3.299999|2.200000|0.000000
1864|243|53|52|MET|ASP|1721|396|390|-N--|-C--|103|0001|555|0|1.301538|-0.660000|0.220001|-1.100000|0.000000
1864|244|55|52|GLY|ASP|121|410|391|-N--|-O--|104|0001|555|0|2.570954|2.250000|1.130001|-0.520000|0.000000
1864|245|52|54|ASP|GLN|2127|391|404|-O--|-N--|401|0001|555|0|2.658326|-0.969999|0.469997|2.430000|0.000000
1864|246|56|52|VAL|ASP|521|414|391|-N--|-O--|104|0001|555|0|3.830796|1.300000|3.570000|-0.490000|0.000000
1864|247|52|76|ASP|ARG|2131|394|566|-OD1|-CG-|1006|0001|555|0|3.169322|-1.670000|-2.590000|-0.740000|0.000000
1864|248|56|53|VAL|MET|517|414|399|-N--|-O--|104|0001|555|0|2.836105|0.550000|1.789997|2.130000|0.000000
1864|249|53|54|MET|GLN|1727|398|404|-C--|-N--|301|0001|555|0|1.339289|-0.740000|1.099998|-0.190000|0.000000
1864|250|55|53|GLY|MET|117|410|399|-N--|-O--|104|0001|555|0|2.661297|1.500000|-0.650002|2.100000|0.000000
1864|251|57|53|VAL|MET|517|421|399|-N--|-O--|104|0001|555|0|2.699054|0.830000|2.419998|-0.860000|0.000000
1864|252|53|108|MET|PHE|1735|403|811|-CE-|-CD1|612|0001|555|0|3.461171|2.340000|-2.200001|-1.290000|0.000000
1864|253|115|53|SER|MET|1117|864|403|-O--|-CE-|406|0001|555|0|3.984897|1.080000|0.210003|-3.830000|0.000000
1864|254|55|54|GLY|GLN|127|410|406|-N--|-C--|103|0001|555|0|1.284290|-0.710000|0.430000|0.980000|0.000000
1864|255|57|54|VAL|GLN|527|427|405|-CG2|-CA-|602|0001|555|0|3.824998|0.890000|2.240002|-2.970000|0.000000
1864|256|56|54|VAL|GLN|527|414|406|-N--|-C--|103|0001|555|0|3.465919|-1.660000|2.869999|1.010000|0.000000
1864|257|58|54|THR|GLN|1327|432|407|-CB-|-O--|504|0001|555|0|3.063951|2.540000|1.509998|-0.810000|0.000000
1864|258|55|56|GLY|VAL|105|412|414|-C--|-N--|301|0001|555|0|1.308624|1.259999|-0.149998|0.320000|0.000000
1864|259|55|76|GLY|ARG|131|411|571|-CA-|-NH2|207|0001|555|0|3.142547|0.040000|-0.120003|-3.140000|0.000000
1864|260|55|59|GLY|ASP|121|413|435|-O--|-N--|401|0001|555|0|2.755306|-2.360001|-1.140003|0.850000|0.000000
1864|261|55|57|GLY|VAL|105|412|421|-C--|-N--|301|0001|555|0|3.539053|0.980000|-0.779999|3.310000|0.000000
1864|262|55|58|GLY|THR|113|413|428|-O--|-N--|401|0001|555|0|3.574647|-1.180000|0.309998|3.360000|0.000000
1864|263|55|60|GLY|GLY|101|413|443|-O--|-N--|401|0001|555|0|3.669511|-0.960000|-3.310001|1.260000|0.000000
1864|264|56|76|VAL|ARG|531|414|570|-N--|-NH1|107|0001|555|0|3.777737|-1.440000|-0.840000|-3.389999|0.000000
1864|265|56|57|VAL|VAL|505|416|421|-C--|-N--|301|0001|555|0|1.264477|-0.080000|0.700001|1.050000|0.000000
1864|266|60|56|GLY|VAL|105|443|417|-N--|-O--|104|0001|555|0|2.715731|2.120000|1.579998|0.620000|0.000000
1864|267|56|58|VAL|THR|513|417|428|-O--|-N--|401|0001|555|0|3.439128|-2.340000|2.040001|1.480000|0.000000
1864|268|56|110|VAL|THR|513|417|828|-O--|-CG2|406|0001|555|0|3.463596|1.500000|-1.959999|2.430000|0.000000
1864|269|56|59|VAL|ASP|521|417|435|-O--|-N--|401|0001|555|0|3.714755|-3.520000|0.590000|-1.030000|0.000000
1864|270|56|77|VAL|VAL|505|420|578|-CG2|-CG2|606|0001|555|0|3.119519|2.030001|-0.770000|-2.240000|0.000000
1864|271|56|108|VAL|PHE|535|419|815|-CG1|-CZ-|612|0001|555|0|3.359614|1.980001|-0.150002|2.710000|0.000000
1864|272|56|70|VAL|LEU|507|420|521|-CG2|-CD1|606|0001|555|0|3.516333|0.330000|-3.309999|1.140000|0.000000
1864|273|57|58|VAL|THR|513|423|428|-C--|-N--|301|0001|555|0|1.321702|-0.830000|0.919998|-0.460000|0.000000
1864|274|57|110|VAL|THR|513|422|828|-CA-|-CG2|206|0001|555|0|3.699772|1.570000|-3.350002|-0.030000|0.000000
1864|275|60|57|GLY|VAL|105|443|424|-N--|-O--|104|0001|555|0|3.021208|0.270000|1.480000|2.620000|0.000000
1864|276|57|61|VAL|MET|517|424|447|-O--|-N--|401|0001|555|0|2.754141|-1.719999|-2.129999|-0.300000|0.000000
1864|277|57|59|VAL|ASP|521|424|435|-O--|-N--|401|0001|555|0|3.527875|-1.670000|0.689999|-3.030000|0.000000
1864|278|57|115|VAL|SER|511|426|866|-CG1|-OG-|617|0001|555|0|3.772123|-0.180000|-1.940002|3.230000|0.000000
1864|279|58|59|THR|ASP|1321|430|435|-C--|-N--|301|0001|555|0|1.346328|0.589999|0.019997|-1.210000|0.000000
1864|280|60|58|GLY|THR|113|443|430|-N--|-C--|103|0001|555|0|3.036874|-1.990000|2.150002|0.800000|0.000000
1864|281|58|61|THR|MET|1317|431|447|-O--|-N--|401|0001|555|0|2.639811|1.380001|-1.910000|1.190000|0.000000
1864|282|62|58|ALA|THR|313|455|431|-N--|-O--|104|0001|555|0|2.876335|0.920000|2.700001|-0.370000|0.000000
1864|283|60|59|GLY|ASP|121|443|437|-N--|-C--|103|0001|555|0|1.335665|-1.080000|-0.200001|-0.760000|0.000000
1864|284|61|59|MET|ASP|1721|447|437|-N--|-C--|103|0001|555|0|3.134613|0.370000|0.449999|-3.080000|0.000000
1864|285|62|59|ALA|ASP|321|455|438|-N--|-O--|104|0001|555|0|3.156866|2.080000|0.150000|-2.370000|0.000000
1864|286|63|59|SER|ASP|1121|460|438|-N--|-O--|104|0001|555|0|3.082548|1.640000|2.500000|-0.750000|0.000000
1864|287|59|76|ASP|ARG|2131|439|570|-CB-|-NH1|507|0001|555|0|3.548705|2.760000|1.490002|-1.660000|0.000000
1864|288|59|71|ASP|LYS|2129|441|531|-OD1|-NZ-|1014|0001|555|0|3.845465|0.440000|-3.080000|-2.260000|0.000000
1864|289|60|61|GLY|MET|117|445|447|-C--|-N--|301|0001|555|0|1.350334|-0.910000|0.880001|0.470000|0.000000
1864|290|60|71|GLY|LYS|129|444|523|-CA-|-N--|201|0001|555|0|3.970755|1.530000|-2.660000|-2.520000|0.000000
1864|291|60|69|GLY|TYR|137|446|506|-O--|-O--|404|0001|555|0|2.668239|2.610000|-0.549999|-0.070000|0.000000
1864|292|60|70|GLY|LEU|107|444|516|-CA-|-CA-|202|0001|555|0|3.877964|2.760000|-2.690001|-0.430000|0.000000
1864|293|60|62|GLY|ALA|103|445|455|-C--|-N--|301|0001|555|0|3.230279|-3.210000|0.090000|-0.350000|0.000000
1864|294|60|63|GLY|SER|111|446|465|-O--|-OG-|417|0001|555|0|3.740642|0.180000|-2.960001|-2.280000|0.000000
1864|295|60|64|GLY|GLY|101|446|466|-O--|-N--|401|0001|555|0|3.992543|-2.220000|-3.260000|-0.620000|0.000000
1864|296|62|61|ALA|MET|317|455|449|-N--|-C--|103|0001|555|0|1.330187|0.330000|-0.539999|1.170000|0.000000
1864|297|63|61|SER|MET|1117|460|449|-N--|-C--|103|0001|555|0|3.327507|-0.110000|1.810001|2.790000|0.000000
1864|298|64|61|GLY|MET|117|466|450|-N--|-O--|104|0001|555|0|3.269435|-1.100000|2.860001|1.140000|0.000000
1864|299|110|61|THR|MET|1317|825|452|-O--|-CG-|406|0001|555|0|3.871498|-3.200000|1.980000|-0.910000|0.000000
1864|300|61|112|MET|PRO|1719|453|841|-SD-|-CA-|1602|0001|555|0|3.500299|0.360000|-2.269999|2.640000|0.000000
1864|301|113|61|GLY|MET|117|847|453|-N--|-SD-|116|0001|555|0|3.879497|-1.410000|0.320000|-3.600000|0.000000
1864|302|62|63|ALA|SER|311|457|460|-C--|-N--|301|0001|555|0|1.320833|1.170000|-0.290001|-0.540000|0.000000
1864|303|64|62|GLY|ALA|103|466|458|-N--|-O--|104|0001|555|0|3.090065|-2.430000|1.559999|-1.100000|0.000000
1864|304|64|63|GLY|SER|111|466|462|-N--|-C--|103|0001|555|0|1.355323|-0.310000|-0.320000|-1.280000|0.000000
1864|305|63|67|SER|LYS|1129|463|493|-O--|-CE-|406|0001|555|0|3.136543|-0.370000|-1.570000|-2.690000|0.000000
1864|306|65|63|LEU|SER|711|470|463|-N--|-O--|104|0001|555|0|3.993307|-1.160000|1.600000|-3.470000|0.000000
1864|307|63|71|SER|LYS|1129|465|523|-OG-|-N--|1701|0001|555|0|3.664342|2.469999|1.720001|-2.090000|0.000000
1864|308|70|63|LEU|SER|711|515|465|-N--|-OG-|117|0001|555|0|3.254428|-2.969999|-0.900002|-0.980000|0.000000
1864|309|63|69|SER|TYR|1137|465|505|-OG-|-C--|1703|0001|555|0|3.340794|2.330000|1.220001|2.060000|0.000000
1864|310|64|65|GLY|LEU|107|468|470|-C--|-N--|301|0001|555|0|1.351259|-0.389999|-1.130001|0.630000|0.000000
1864|311|64|69|GLY|TYR|137|469|503|-O--|-N--|401|0001|555|0|2.906648|2.780001|0.790001|-0.310000|0.000000
1864|312|64|66|GLY|ASP|121|468|478|-C--|-N--|301|0001|555|0|3.867325|1.130000|-3.680000|-0.370000|0.000000
1864|313|64|68|GLY|ASP|121|469|495|-O--|-N--|401|0001|555|0|3.822957|2.980000|-1.389999|-1.950000|0.000000
1864|314|65|69|LEU|TYR|737|473|503|-O--|-N--|401|0001|555|0|3.505852|1.270000|3.250000|-0.340000|0.000000
1864|315|65|66|LEU|ASP|721|472|478|-C--|-N--|301|0001|555|0|1.282848|-0.480000|-1.070000|-0.520000|0.000000
1864|316|65|68|LEU|ASP|721|473|495|-O--|-N--|401|0001|555|0|2.688159|1.470000|1.070000|-1.980000|0.000000
1864|317|65|67|LEU|LYS|729|473|486|-O--|-N--|401|0001|555|0|2.921952|-0.790000|-0.360001|-2.790000|0.000000
1864|318|65|83|LEU|LEU|707|476|624|-CD1|-CD2|606|0001|555|0|3.541271|3.410000|0.950001|0.100000|0.000000
1864|319|66|67|ASP|LYS|2129|480|486|-C--|-N--|301|0001|555|0|1.363011|-0.600000|1.129999|-0.470000|0.000000
1864|320|66|68|ASP|ASP|2121|480|495|-C--|-N--|301|0001|555|0|3.069983|1.660000|2.559999|0.340000|0.000000
1864|321|68|67|ASP|LYS|2129|495|488|-N--|-C--|103|0001|555|0|1.296688|-0.190001|-0.180000|-1.270000|0.000000
1864|322|67|69|LYS|TYR|2937|488|503|-C--|-N--|301|0001|555|0|3.746706|-0.009999|2.360001|2.910000|0.000000
1864|323|70|67|LEU|LYS|729|518|489|-O--|-O--|404|0001|555|0|3.321760|-0.360000|-3.269999|0.460000|0.000000
1864|324|68|69|ASP|TYR|2137|497|503|-C--|-N--|301|0001|555|0|1.318711|-1.190000|0.500000|0.270000|0.000000
1864|325|70|68|LEU|ASP|721|515|498|-N--|-O--|104|0001|555|0|2.678452|1.300000|-1.710001|1.600000|0.000000
1864|326|83|68|LEU|ASP|721|617|501|-N--|-OD1|110|0001|555|0|2.801321|-2.170000|-0.670000|-1.640000|0.000000
1864|327|68|82|ASP|LYS|2129|502|613|-OD2|-CB-|1005|0001|555|0|3.323974|3.000000|-0.380001|1.380000|0.000000
1864|328|70|69|LEU|TYR|737|515|505|-N--|-C--|103|0001|555|0|1.295530|-0.639999|0.320000|1.080000|0.000000
1864|329|110|69|THR|TYR|1337|826|506|-CB-|-O--|504|0001|555|0|3.223755|-2.090000|-1.689999|-1.780000|0.000000
1864|330|112|69|PRO|TYR|1937|846|509|-CD-|-CD1|612|0001|555|0|3.502085|-0.490001|-2.260000|-2.630000|0.000000
1864|331|111|69|PHE|TYR|3537|837|512|-CE1|-CE2|1212|0001|555|0|3.497285|-1.580000|0.250000|-3.110000|0.000000
1864|332|70|71|LEU|LYS|729|517|523|-C--|-N--|301|0001|555|0|1.299000|-0.730000|0.670000|-0.840000|0.000000
1864|333|70|110|LEU|THR|713|521|827|-CD1|-OG1|617|0001|555|0|3.272842|-0.949999|0.109999|3.130000|0.000000
1864|334|70|80|LEU|HIS|733|522|598|-CD2|-ND1|613|0001|555|0|3.332762|2.250000|-2.280001|-0.920000|0.000000
1864|335|72|71|PRO|LYS|1929|532|525|-N--|-C--|103|0001|555|0|1.355323|0.460000|0.370001|1.220000|0.000000
1864|336|74|71|ASP|LYS|2129|554|528|-OD2|-CG-|1006|0001|555|0|3.193258|-2.060000|-2.369999|-0.580000|0.000000
1864|337|72|73|PRO|ASP|1921|534|539|-C--|-N--|301|0001|555|0|1.317194|1.220000|-0.210001|-0.450000|0.000000
1864|338|72|74|PRO|ASP|1921|535|547|-O--|-N--|401|0001|555|0|3.021209|2.530001|1.620001|0.320001|0.000000
1864|339|73|74|ASP|ASP|2121|541|547|-C--|-N--|301|0001|555|0|1.315485|-0.840000|0.750000|0.680000|0.000000
1864|340|75|73|SER|ASP|1121|560|546|-OG-|-OD2|1710|0001|555|0|2.861642|-0.480000|-2.809999|-0.250000|0.000000
1864|341|75|74|SER|ASP|1121|555|549|-N--|-C--|103|0001|555|0|1.322460|0.140001|-0.830000|1.020000|0.000000
1864|342|74|76|ASP|ARG|2131|553|568|-OD1|-NE-|1007|0001|555|0|2.697461|-0.330000|2.570000|0.750000|0.000000
1864|343|77|74|VAL|ASP|521|572|550|-N--|-O--|104|0001|555|0|3.335911|-1.490002|-2.309999|-1.890000|0.000000
1864|344|75|76|SER|ARG|1131|557|561|-C--|-N--|301|0001|555|0|1.302728|0.350000|-0.110001|1.250000|0.000000
1864|345|77|75|VAL|SER|511|572|557|-N--|-C--|103|0001|555|0|3.819438|-1.560001|0.930000|-3.360001|0.000000
1864|346|77|76|VAL|ARG|531|572|563|-N--|-C--|103|0001|555|0|1.298000|-0.480001|1.200001|0.120000|0.000000
1864|347|77|78|VAL|ILE|509|574|579|-C--|-N--|301|0001|555|0|1.302076|1.050001|0.000000|0.770000|0.000000
1864|348|79|77|ALA|VAL|305|587|574|-N--|-C--|103|0001|555|0|3.584342|-2.250000|1.650002|-2.250000|0.000000
1864|349|79|78|ALA|ILE|309|587|581|-N--|-C--|103|0001|555|0|1.330639|0.610001|0.230001|-1.160000|0.000000
1864|350|78|98|ILE|LYS|929|585|724|-CG2|-CB-|605|0001|555|0|3.538106|2.910000|0.299999|-1.990000|0.000000
1864|351|79|80|ALA|HIS|333|589|592|-C--|-N--|301|0001|555|0|1.345138|-0.469999|-1.259998|-0.030000|0.000000
1864|352|79|92|ALA|VAL|305|591|681|-CB-|-CG1|506|0001|555|0|3.501913|1.629999|-2.629999|1.640000|0.000000
1864|353|79|94|ALA|PHE|335|591|697|-CB-|-CD2|512|0001|555|0|3.506052|3.500000|0.100000|0.180000|0.000000
1864|354|81|80|THR|HIS|1333|602|594|-N--|-C--|103|0001|555|0|1.336675|0.090000|0.250000|-1.310000|0.000000
1864|355|92|80|VAL|HIS|533|682|595|-CG2|-O--|604|0001|555|0|3.086406|-2.830000|0.230000|-1.210000|0.000000
1864|356|81|82|THR|LYS|1329|604|609|-C--|-N--|301|0001|555|0|1.309848|-0.410000|-0.740002|1.000000|0.000000
1864|357|92|81|VAL|THR|513|682|603|-CG2|-CA-|602|0001|555|0|3.480029|-2.990000|-0.590000|1.680000|0.000000
1864|358|83|82|LEU|LYS|729|617|611|-N--|-C--|103|0001|555|0|1.352257|1.309999|0.330000|-0.060000|0.000000
1864|359|90|82|ASP|LYS|2129|669|614|-OD2|-CG-|1006|0001|555|0|3.142054|-2.940001|-0.250000|-1.080000|0.000000
1864|360|84|82|ILE|LYS|929|625|612|-N--|-O--|104|0001|555|0|2.903602|1.220001|1.450001|-2.200000|0.000000
1864|361|83|84|LEU|ILE|709|619|625|-C--|-N--|301|0001|555|0|1.317762|0.879999|0.389999|0.900000|0.000000
1864|362|85|84|GLY|ILE|109|633|627|-N--|-C--|103|0001|555|0|1.319887|-0.290001|0.880001|-0.940000|0.000000
1864|363|84|88|ILE|GLU|925|632|650|-CD1|-O--|604|0001|555|0|3.452825|1.400000|-2.320000|2.140000|0.000000
1864|364|84|90|ILE|ASP|921|631|666|-CG2|-CB-|605|0001|555|0|3.593523|3.030001|-0.350000|-1.900000|0.000000
1864|365|84|89|ILE|LYS|929|632|656|-CD1|-N--|601|0001|555|0|3.735987|1.860001|-3.240000|0.020000|0.000000
1864|366|85|88|GLY|GLU|125|636|647|-O--|-N--|401|0001|555|0|2.735746|2.410002|-1.289999|0.110000|0.000000
1864|367|85|86|GLY|SER|111|635|637|-C--|-N--|301|0001|555|0|1.331578|-0.270000|0.189999|1.290000|0.000000
1864|368|85|87|GLY|GLY|101|636|643|-O--|-N--|401|0001|555|0|3.160554|1.610001|-0.830000|2.590000|0.000000
1864|369|87|86|GLY|SER|111|643|639|-N--|-C--|103|0001|555|0|1.343205|-1.330000|-0.170000|-0.080000|0.000000
1864|370|86|88|SER|GLU|1125|639|647|-C--|-N--|301|0001|555|0|3.221957|2.130001|-0.289999|-2.400000|0.000000
1864|371|87|88|GLY|GLU|125|645|647|-C--|-N--|301|0001|555|0|1.317156|-0.619999|0.710001|-0.920000|0.000000
1864|372|88|89|GLU|LYS|2529|649|656|-C--|-N--|301|0001|555|0|1.316093|0.610001|-0.119999|-1.160000|0.000000
1864|373|90|89|ASP|LYS|2129|662|658|-N--|-C--|103|0001|555|0|1.312632|-0.430000|-1.050001|0.660000|0.000000
1864|374|91|90|SER|ASP|1121|670|664|-N--|-C--|103|0001|555|0|1.335440|-0.120001|-0.010000|1.330000|0.000000
1864|375|92|91|VAL|SER|511|676|672|-N--|-C--|103|0001|555|0|1.338543|-0.480000|-1.230000|0.220000|0.000000
1864|376|92|93|VAL|THR|513|678|683|-C--|-N--|301|0001|555|0|1.306025|0.420000|-0.370001|-1.180000|0.000000
1864|377|92|94|VAL|PHE|535|681|697|-CG1|-CD2|612|0001|555|0|3.616822|1.870001|2.730000|-1.460000|0.000000
1864|378|93|94|THR|PHE|1335|685|690|-C--|-N--|301|0001|555|0|1.349111|-0.160000|1.330000|0.160001|0.000000
1864|379|95|94|ASP|PHE|2135|701|692|-N--|-C--|103|0001|555|0|1.356945|0.220001|-0.480000|1.250000|0.000000
1864|380|99|94|LEU|PHE|735|734|698|-CD1|-CE1|612|0001|555|0|3.632810|1.030001|-2.920002|1.900000|0.000000
1864|381|96|95|VAL|ASP|521|709|703|-N--|-C--|103|0001|555|0|1.339029|-1.000000|-0.809999|0.370000|0.000000
1864|382|97|95|SER|ASP|1121|716|707|-N--|-OD1|110|0001|555|0|2.995330|0.379997|-2.760000|-1.100000|0.000000
1864|383|95|98|ASP|LYS|2129|705|725|-CB-|-CG-|506|0001|555|0|3.597236|-2.880001|2.110001|-0.440000|0.000000
1864|384|96|97|VAL|SER|511|711|716|-C--|-N--|301|0001|555|0|1.322497|-0.349998|-0.529999|-1.160000|0.000000
1864|385|96|98|VAL|LYS|529|711|720|-C--|-N--|301|0001|555|0|3.368872|-2.740000|0.010002|-1.960000|0.000000
1864|386|96|99|VAL|LEU|507|712|731|-O--|-O--|404|0001|555|0|3.423010|-1.959999|2.770000|-0.450000|0.000000
1864|387|96|124|VAL|LEU|507|715|926|-CG2|-CD1|606|0001|555|0|3.685189|-1.140003|3.470001|0.490000|0.000000
1864|388|97|98|SER|LYS|1129|718|720|-C--|-N--|301|0001|555|0|1.329848|-0.969999|-0.759998|0.500000|0.000000
1864|389|99|97|LEU|SER|711|728|719|-N--|-O--|104|0001|555|0|2.939948|1.639999|-0.009998|-2.440000|0.000000
1864|390|99|98|LEU|LYS|729|728|722|-N--|-C--|103|0001|555|0|1.322459|-0.990000|-0.619999|-0.620000|0.000000
1864|391|99|100|LEU|LYS|729|730|736|-C--|-N--|301|0001|555|0|1.332891|-0.550001|1.209999|-0.100000|0.000000
1864|392|99|105|LEU|TYR|737|729|785|-CA-|-OH-|218|0001|555|0|3.389661|-2.430000|2.320000|0.450000|0.000000
1864|393|99|124|LEU|LEU|707|732|926|-CB-|-CD1|506|0001|555|0|3.644144|3.139997|0.910000|1.610000|0.000000
1864|394|99|122|LEU|LEU|707|735|911|-CD2|-CD1|606|0001|555|0|3.607520|0.990000|-0.250000|3.460000|0.000000
1864|395|100|105|LYS|TYR|2937|736|785|-N--|-OH-|118|0001|555|0|3.038568|-2.820000|0.059998|1.130000|0.000000
1864|396|101|100|GLU|LYS|2529|743|738|-N--|-C--|103|0001|555|0|1.344357|-0.459999|-1.259998|0.090000|0.000000
1864|397|124|100|LEU|LYS|729|927|739|-CD2|-O--|604|0001|555|0|3.643487|-3.230000|0.860001|-1.450000|0.000000
1864|398|103|100|GLU|LYS|2529|764|740|-OE2|-CB-|1005|0001|555|0|3.185939|2.740000|-1.490002|-0.650001|0.000000
1864|399|102|101|GLY|GLU|125|752|745|-N--|-C--|103|0001|555|0|1.308321|0.620003|-0.270000|-1.120000|0.000000
1864|400|101|103|GLU|GLU|2525|745|756|-C--|-N--|301|0001|555|0|3.423844|-3.150002|0.290001|1.309999|0.000000
1864|401|124|101|LEU|GLU|725|927|747|-CD2|-CB-|605|0001|555|0|3.817772|-0.730000|3.559998|-1.170000|0.000000
1864|402|102|103|GLY|GLU|125|754|756|-C--|-N--|301|0001|555|0|1.309428|-0.389999|-1.200001|0.349999|0.000000
1864|403|103|104|GLU|GLN|2527|758|765|-C--|-N--|301|0001|555|0|1.314649|-1.250000|-0.170002|0.370000|0.000000
1864|404|103|105|GLU|TYR|2537|760|783|-CB-|-CE2|512|0001|555|0|3.452260|0.370001|-3.160000|1.339999|0.000000
1864|405|104|105|GLN|TYR|2737|767|774|-C--|-N--|301|0001|555|0|1.308473|0.500000|-0.860001|0.850000|0.000000
1864|406|106|104|MET|GLN|1727|793|773|-CE-|-NE2|609|0001|555|0|3.196656|2.410000|1.480003|-1.490000|0.000000
1864|407|106|105|MET|TYR|1737|786|776|-N--|-C--|103|0001|555|0|1.303151|1.170000|0.530003|-0.220000|0.000000
1864|408|122|105|LEU|TYR|737|905|777|-N--|-O--|104|0001|555|0|2.611244|-2.109999|0.790001|-1.320000|0.000000
1864|409|121|105|THR|TYR|1337|900|777|-C--|-O--|304|0001|555|0|3.398088|-1.990000|0.850002|-2.620000|0.000000
1864|410|106|107|MET|PHE|1735|788|794|-C--|-N--|301|0001|555|0|1.336788|0.150002|-0.610001|1.180000|0.000000
1864|411|120|106|GLY|MET|117|897|787|-O--|-CA-|402|0001|555|0|3.411760|-0.900002|-0.450001|-3.260000|0.000000
1864|412|106|108|MET|PHE|1735|789|813|-O--|-CE1|412|0001|555|0|3.544728|-3.389999|-1.029999|-0.110000|0.000000
1864|413|121|106|THR|MET|1317|904|793|-CG2|-CE-|606|0001|555|0|3.896523|-2.959999|0.869999|-2.380000|0.000000
1864|414|107|108|PHE|PHE|3535|796|805|-C--|-N--|301|0001|555|0|1.336003|-0.639999|-1.170002|0.080000|0.000000
1864|415|120|107|GLY|PHE|135|894|797|-N--|-O--|104|0001|555|0|3.282042|-1.660000|-1.910000|-2.090000|0.000000
1864|416|118|107|MET|PHE|1735|883|797|-O--|-O--|404|0001|555|0|3.546322|2.039999|0.680000|-2.820000|0.000000
1864|417|119|107|LYS|PHE|2935|889|797|-CA-|-O--|204|0001|555|0|3.183222|0.570000|-1.320000|-2.840000|0.000000
1864|418|121|107|THR|PHE|1335|901|802|-O--|-CE1|412|0001|555|0|3.672969|-1.670000|-3.070000|1.130000|0.000000
1864|419|109|108|CYS|PHE|1535|816|807|-N--|-C--|103|0001|555|0|1.329248|1.080000|0.230000|-0.740000|0.000000
1864|420|118|108|MET|PHE|1735|883|806|-O--|-CA-|402|0001|555|0|3.222438|0.459999|-1.490002|-2.820000|0.000000
1864|421|110|109|THR|CYS|1315|822|818|-N--|-C--|103|0001|555|0|1.332253|0.480000|0.709999|1.020000|0.000000
1864|422|109|118|CYS|MET|1517|820|887|-CB-|-CE-|506|0001|555|0|3.554911|1.939999|-0.230000|2.970000|0.000000
1864|423|109|111|CYS|PHE|1535|818|829|-C--|-N--|301|0001|555|0|3.172712|-2.559999|-1.860001|0.230000|0.000000
1864|424|115|109|SER|CYS|1115|866|819|-OG-|-O--|1704|0001|555|0|3.063233|1.990001|-2.269999|0.520000|0.000000
1864|425|109|114|CYS|HIS|1533|821|857|-SG-|-ND1|1113|0001|555|0|3.630028|-2.170001|0.010000|2.910000|0.000000
1864|426|109|126|CYS|_CU|1546|821|930|-SG-|CU--|1140|0011|555|0|1.792987|-0.180000|-0.600000|1.680000|0.000000
1864|427|110|111|THR|PHE|1335|824|829|-C--|-N--|301|0001|555|0|1.340523|0.320000|-0.610001|1.150000|0.000000
1864|428|110|112|THR|PRO|1319|825|840|-O--|-N--|401|0001|555|0|3.429796|-1.830000|-0.250000|2.890000|0.000000
1864|429|112|111|PRO|PHE|1935|840|831|-N--|-C--|103|0001|555|0|1.295300|1.280001|0.150000|-0.130000|0.000000
1864|430|113|111|GLY|PHE|135|847|832|-N--|-O--|104|0001|555|0|2.700629|1.860000|-1.570000|-1.170000|0.000000
1864|431|114|111|HIS|PHE|3335|851|832|-N--|-O--|104|0001|555|0|3.123299|-0.490000|-1.900000|-2.430000|0.000000
1864|432|113|112|GLY|PRO|119|847|842|-N--|-C--|103|0001|555|0|1.338469|-0.970000|-0.910000|0.150000|0.000000
1864|433|112|114|PRO|HIS|1933|842|851|-C--|-N--|301|0001|555|0|3.713771|3.320000|1.240000|1.110000|0.000000
1864|434|113|114|GLY|HIS|133|849|851|-C--|-N--|301|0001|555|0|1.332742|0.880000|-0.930000|-0.370000|0.000000
1864|435|113|115|GLY|SER|111|849|861|-C--|-N--|301|0001|555|0|3.114370|2.470000|0.799999|-1.720000|0.000000
1864|436|113|116|GLY|ALA|103|850|871|-O--|-CB-|405|0001|555|0|3.962589|1.740000|3.560001|-0.030000|0.000000
1864|437|115|114|SER|HIS|1133|861|853|-N--|-C--|103|0001|555|0|1.327968|0.510000|-0.750000|0.970000|0.000000
1864|438|116|114|ALA|HIS|333|867|853|-N--|-C--|103|0001|555|0|3.132111|-0.260000|-3.120003|0.090000|0.000000
1864|439|118|114|MET|HIS|1733|884|854|-CB-|-O--|504|0001|555|0|3.159318|-3.109999|0.340000|-0.440000|0.000000
1864|440|114|126|HIS|_CU|3346|857|930|-ND1|CU--|1340|0011|555|0|2.417665|1.990001|-0.610001|-1.230000|0.000000
1864|441|116|115|ALA|SER|311|867|863|-N--|-C--|103|0001|555|0|1.341753|0.429999|-0.230003|-1.250000|0.000000
1864|442|116|117|ALA|LEU|307|869|872|-C--|-N--|301|0001|555|0|1.303111|0.240000|-0.939999|0.870000|0.000000
1864|443|116|118|ALA|MET|317|869|880|-C--|-N--|301|0001|555|0|3.420248|2.020000|-2.759998|0.010000|0.000000
1864|444|116|119|ALA|LYS|329|870|893|-O--|-CG-|406|0001|555|0|3.494267|2.510000|-0.070000|-2.430000|0.000000
1864|445|117|118|LEU|MET|717|874|880|-C--|-N--|301|0001|555|0|1.336675|-0.330000|-0.730000|-1.070000|0.000000
1864|446|117|119|LEU|LYS|729|875|888|-O--|-N--|401|0001|555|0|3.407140|0.750000|0.299999|-3.310000|0.000000
1864|447|118|119|MET|LYS|1729|882|888|-C--|-N--|301|0001|555|0|1.338545|0.779999|1.080002|0.130000|0.000000
1864|448|118|126|MET|_CU|1746|886|930|-SD-|CU--|1640|0011|555|0|3.205074|-1.900000|-2.200001|-1.350000|0.000000
1864|449|120|119|GLY|LYS|129|894|890|-N--|-C--|103|0001|555|0|1.320340|-0.779999|-0.180000|1.050000|0.000000
1864|450|120|121|GLY|THR|113|896|898|-C--|-N--|301|0001|555|0|1.324990|1.299999|0.200001|-0.160000|0.000000
1864|451|122|121|LEU|THR|713|905|900|-N--|-C--|103|0001|555|0|1.306905|-0.119999|-0.060001|1.300000|0.000000
1864|452|121|123|THR|THR|1313|900|913|-C--|-N--|301|0001|555|0|3.986753|3.070000|1.020000|-2.330000|0.000000
1864|453|122|123|LEU|THR|713|907|913|-C--|-N--|301|0001|555|0|1.329473|1.150000|0.509998|0.430000|0.000000
1864|454|124|123|LEU|THR|713|920|915|-N--|-C--|103|0001|555|0|1.340821|-0.650002|-0.480000|1.070000|0.000000
1864|455|124|125|LEU|LYS|729|922|928|-C--|-N--|301|0001|555|0|1.347997|1.149998|-0.610001|0.350000|0.000000
1864|456|3|66|ASP|ASP|2121|25|482|-OD2|-CB-|1005|1011|555|2|4.950617|3.765610|-2.148649|2.390000|0.000000
1864|457|39|25|ASN|GLN|2327|297|193|-OD1|-NE2|809|1011|555|2|4.513125|-0.495609|3.298647|-3.040000|0.000000
1864|458|37|25|PRO|GLN|1927|280|193|-CG-|-NE2|609|1011|555|2|4.887959|-4.405613|2.098648|-0.280001|0.000000
