1880|0|0|1|-N--|N_|7|1| |1.000000|21.400000|0.000000|000|16.238840|-1.000000|-1.000000|0.000000|-1|0
1880|0|1|2|-CA-|C_|6|2| |1.000000|24.610001|0.000000|000|15.897677|-1.000000|-1.000000|0.000000|-1|0
1880|0|2|3|-C--|C_|6|3| |1.000000|21.959999|0.000000|000|14.453835|-1.000000|-1.000000|0.000000|-1|0
1880|0|3|4|-O--|O_|8|4| |1.000000|18.700001|0.000000|000|13.767685|-1.000000|-1.000000|0.000000|-1|0
1880|0|4|5|-CB-|C_|6|5| |1.000000|30.040001|0.000000|000|16.263361|-1.000000|-1.000000|0.000000|-1|0
1880|0|5|6|-CG-|C_|6|6| |1.000000|36.680000|0.000000|000|15.391343|-1.000000|-1.000000|0.000000|-1|0
1880|0|6|6|-CD-|C_|6|7| |1.000000|40.900002|0.000000|000|15.252016|-1.000000|-1.000000|0.000000|-1|0
1880|0|7|8|-OE1|O_|8|8| |1.000000|43.240002|0.000000|000|15.189208|-1.000000|-1.000000|0.000000|-1|0
1880|0|8|9|-NE2|N_|7|9| |1.000000|42.759998|0.000000|000|15.383485|-1.000000|-1.000000|0.000000|-1|0
1880|1|9|1|-N--|N_|7|10| |1.000000|21.139999|0.000000|000|14.149747|-1.000000|-1.000000|0.000000|-1|0
1880|1|10|2|-CA-|C_|6|11| |1.000000|19.719999|0.000000|000|12.844836|-1.000000|-1.000000|0.000000|-1|0
1880|1|11|3|-C--|C_|6|12| |1.000000|20.490000|0.000000|000|12.309447|-1.000000|-1.000000|0.000000|-1|0
1880|1|12|4|-O--|O_|8|13| |1.000000|20.840000|0.000000|000|13.142413|-1.000000|-1.000000|0.000000|-1|0
1880|1|13|5|-CB-|C_|6|14| |1.000000|20.410000|0.000000|000|13.074880|-1.000000|-1.000000|0.000000|-1|0
1880|1|14|17|-OG1|O_|8|15| |1.000000|21.240000|0.000000|000|13.735510|-1.000000|-1.000000|0.000000|-1|0
1880|1|15|6|-CG2|C_|6|16| |1.000000|18.809999|0.000000|000|11.889355|-1.000000|-1.000000|0.000000|-1|0
1880|2|16|1|-N--|N_|7|17| |1.000000|17.020000|0.000000|000|11.079478|-1.000000|-1.000000|0.000000|-1|0
1880|2|17|2|-CA-|C_|6|18| |1.000000|17.410000|0.000000|000|10.725497|-1.000000|-1.000000|0.000000|-1|0
1880|2|18|3|-C--|C_|6|19| |1.000000|14.780000|0.000000|000|9.610069|-1.000000|-1.000000|0.000000|-1|0
1880|2|19|4|-O--|O_|8|20| |1.000000|15.530000|0.000000|000|8.791396|-1.000000|-1.000000|0.000000|-1|0
1880|2|20|5|-CB-|C_|6|21| |1.000000|18.430000|0.000000|000|10.472418|-1.000000|-1.000000|0.000000|-1|0
1880|2|21|6|-CG1|C_|6|22| |1.000000|22.639999|0.000000|000|11.806003|-1.000000|-1.000000|0.000000|-1|0
1880|2|22|6|-CG2|C_|6|23| |1.000000|20.820000|0.000000|000|9.354638|-1.000000|-1.000000|0.000000|-1|0
1880|3|23|1|-N--|N_|7|24| |1.000000|12.390000|0.000000|000|9.751874|-1.000000|-1.000000|0.000000|-1|0
1880|3|24|2|-CA-|C_|6|25| |1.000000|13.670000|0.000000|000|8.967618|-1.000000|-1.000000|0.000000|-1|0
1880|3|25|3|-C--|C_|6|26| |1.000000|12.690000|0.000000|000|8.154568|-1.000000|-1.000000|0.000000|-1|0
1880|3|26|4|-O--|O_|8|27| |1.000000|14.360000|0.000000|000|8.746934|-1.000000|-1.000000|0.000000|-1|0
1880|3|27|5|-CB-|C_|6|28| |1.000000|14.820000|0.000000|000|10.032710|-1.000000|-1.000000|0.000000|-1|0
1880|4|28|1|-N--|N_|7|29| |1.000000|8.340000|0.000000|000|7.056080|-1.000000|-1.000000|0.000000|-1|0
1880|4|29|2|-CA-|C_|6|30| |1.000000|9.790000|0.000000|000|6.456512|-1.000000|-1.000000|0.000000|-1|0
1880|4|30|3|-C--|C_|6|31| |1.000000|9.300000|0.000000|000|6.592028|-1.000000|-1.000000|0.000000|-1|0
1880|4|31|4|-O--|O_|8|32| |1.000000|10.990000|0.000000|000|6.207253|-1.000000|-1.000000|0.000000|-1|0
1880|4|32|5|-CB-|C_|6|33| |1.000000|11.490000|0.000000|000|5.101181|-1.000000|-1.000000|0.000000|-1|0
1880|4|33|6|-CG1|C_|6|34| |1.000000|11.730000|0.000000|000|5.522709|-1.000000|-1.000000|0.000000|-1|0
1880|4|34|6|-CG2|C_|6|35| |1.000000|10.310000|0.000000|000|4.843607|-1.000000|-1.000000|0.000000|-1|0
1880|4|35|6|-CD1|C_|6|36| |1.000000|14.520000|0.000000|000|4.520638|-1.000000|-1.000000|0.000000|-1|0
1880|5|36|1|-N--|N_|7|37| |1.000000|8.850000|0.000000|000|7.446104|-1.000000|-1.000000|0.000000|-1|0
1880|5|37|2|-CA-|C_|6|38| |1.000000|9.020000|0.000000|000|7.971864|-1.000000|-1.000000|0.000000|-1|0
1880|5|38|3|-C--|C_|6|39| |1.000000|8.520000|0.000000|000|7.291011|-1.000000|-1.000000|0.000000|-1|0
1880|5|39|4|-O--|O_|8|40| |1.000000|9.560000|0.000000|000|6.989742|-1.000000|-1.000000|0.000000|-1|0
1880|5|40|5|-CB-|C_|6|41| |1.000000|11.740000|0.000000|000|9.403518|-1.000000|-1.000000|0.000000|-1|0
1880|5|41|6|-CG-|C_|6|42| |1.000000|15.240000|0.000000|000|10.399921|-1.000000|-1.000000|0.000000|-1|0
1880|5|42|6|-CD-|C_|6|43| |1.000000|21.240000|0.000000|000|11.762434|-1.000000|-1.000000|0.000000|-1|0
1880|5|43|6|-CE-|C_|6|44| |1.000000|26.200001|0.000000|000|12.809598|-1.000000|-1.000000|0.000000|-1|0
1880|5|44|14|-NZ-|N_|7|45| |1.000000|30.520000|0.000000|000|14.089005|-1.000000|-1.000000|0.000000|-1|0
1880|6|45|1|-N--|N_|7|46| |1.000000|7.240000|0.000000|000|7.427478|-1.000000|-1.000000|0.000000|-1|0
1880|6|46|2|-CA-|C_|6|47| |1.000000|7.620000|0.000000|000|7.299435|-1.000000|-1.000000|0.000000|-1|0
1880|6|47|3|-C--|C_|6|48| |1.000000|9.590000|0.000000|000|8.776747|-1.000000|-1.000000|0.000000|-1|0
1880|6|48|4|-O--|O_|8|49| |1.000000|8.450000|0.000000|000|9.613083|-1.000000|-1.000000|0.000000|-1|0
1880|6|49|5|-CB-|C_|6|50| |1.000000|9.300000|0.000000|000|6.949599|-1.000000|-1.000000|0.000000|-1|0
1880|6|50|6|-CG-|C_|6|51| |1.000000|9.180000|0.000000|000|5.604081|-1.000000|-1.000000|0.000000|-1|0
1880|6|51|16|-SD-|S_|16|52| |1.000000|10.840000|0.000000|000|5.581035|-1.000000|-1.000000|0.000000|-1|0
1880|6|52|6|-CE-|C_|6|53| |1.000000|10.570000|0.000000|000|7.057513|-1.000000|-1.000000|0.000000|-1|0
1880|7|53|1|-N--|N_|7|54| |1.000000|11.400000|0.000000|000|9.153915|-1.000000|-1.000000|0.000000|-1|0
1880|7|54|2|-CA-|C_|6|55| |1.000000|10.780000|0.000000|000|10.621292|-1.000000|-1.000000|0.000000|-1|0
1880|7|55|3|-C--|C_|6|56| |1.000000|13.320000|0.000000|000|11.114044|-1.000000|-1.000000|0.000000|-1|0
1880|7|56|4|-O--|O_|8|57| |1.000000|11.850000|0.000000|000|11.000270|-1.000000|-1.000000|0.000000|-1|0
1880|8|57|1|-N--|N_|7|58| |1.000000|12.500000|0.000000|000|11.783935|-1.000000|-1.000000|0.000000|-1|0
1880|8|58|2|-CA-|C_|6|59| |1.000000|13.630000|0.000000|000|12.432170|-1.000000|-1.000000|0.000000|-1|0
1880|8|59|3|-C--|C_|6|60| |1.000000|15.230000|0.000000|000|13.705157|-1.000000|-1.000000|0.000000|-1|0
1880|8|60|4|-O--|O_|8|61| |1.000000|14.390000|0.000000|000|14.277225|-1.000000|-1.000000|0.000000|-1|0
1880|8|61|5|-CB-|C_|6|62| |1.000000|12.580000|0.000000|000|12.868729|-1.000000|-1.000000|0.000000|-1|0
1880|9|62|1|-N--|N_|7|63| |1.000000|18.260000|0.000000|000|14.222681|-1.000000|-1.000000|0.000000|-1|0
1880|9|63|2|-CA-|C_|6|64| |1.000000|23.080000|0.000000|000|15.489723|-1.000000|-1.000000|0.000000|-1|0
1880|9|64|3|-C--|C_|6|65| |1.000000|24.940001|0.000000|000|16.584524|-1.000000|-1.000000|0.000000|-1|0
1880|9|65|4|-O--|O_|8|66| |1.000000|27.180000|0.000000|000|17.432755|-1.000000|-1.000000|0.000000|-1|0
1880|9|66|5|-CB-|C_|6|67| |1.000000|24.590000|0.000000|000|16.005350|-1.000000|-1.000000|0.000000|-1|0
1880|9|67|6|-CG-|C_|6|68| |1.000000|26.219999|0.000000|000|15.324849|-1.000000|-1.000000|0.000000|-1|0
1880|9|68|10|-OD1|O_|8|69| |1.000000|29.879999|0.000000|000|15.428881|-1.000000|-1.000000|0.000000|-1|0
1880|9|69|10|-OD2|O_|8|70| |1.000000|25.320000|0.000000|000|14.812531|-1.000000|-1.000000|0.000000|-1|0
1880|10|70|1|-N--|N_|7|71| |1.000000|23.559999|0.000000|000|16.615849|-1.000000|-1.000000|0.000000|-1|0
1880|10|71|2|-CA-|C_|6|72| |1.000000|22.139999|0.000000|000|17.753012|-1.000000|-1.000000|0.000000|-1|0
1880|10|72|3|-C--|C_|6|73| |1.000000|23.190001|0.000000|000|17.715950|-1.000000|-1.000000|0.000000|-1|0
1880|10|73|4|-O--|O_|8|74| |1.000000|22.490000|0.000000|000|18.593843|-1.000000|-1.000000|0.000000|-1|0
1880|10|74|5|-CB-|C_|6|75| |1.000000|21.309999|0.000000|000|18.058397|-1.000000|-1.000000|0.000000|-1|0
1880|10|75|6|-CG-|C_|6|76| |1.000000|21.860001|0.000000|000|17.063852|-1.000000|-1.000000|0.000000|-1|0
1880|10|76|8|-OD1|O_|8|77| |1.000000|20.379999|0.000000|000|16.107874|-1.000000|-1.000000|0.000000|-1|0
1880|10|77|9|-ND2|N_|7|78| |1.000000|21.790001|0.000000|000|17.381424|-1.000000|-1.000000|0.000000|-1|0
1880|11|78|1|-N--|N_|7|79| |1.000000|19.070000|0.000000|000|16.823874|-1.000000|-1.000000|0.000000|-1|0
1880|11|79|2|-CA-|C_|6|80| |1.000000|17.980000|0.000000|000|17.005960|-1.000000|-1.000000|0.000000|-1|0
1880|11|80|3|-C--|C_|6|81| |1.000000|19.209999|0.000000|000|16.334299|-1.000000|-1.000000|0.000000|-1|0
1880|11|81|4|-O--|O_|8|82| |1.000000|21.639999|0.000000|000|16.560343|-1.000000|-1.000000|0.000000|-1|0
1880|12|82|1|-N--|N_|7|83| |1.000000|16.280001|0.000000|000|15.596069|-1.000000|-1.000000|0.000000|-1|0
1880|12|83|2|-CA-|C_|6|84| |1.000000|13.480000|0.000000|000|15.079274|-1.000000|-1.000000|0.000000|-1|0
1880|12|84|3|-C--|C_|6|85| |1.000000|12.830000|0.000000|000|13.808490|-1.000000|-1.000000|0.000000|-1|0
1880|12|85|4|-O--|O_|8|86| |1.000000|11.350000|0.000000|000|12.956275|-1.000000|-1.000000|0.000000|-1|0
1880|12|86|5|-CB-|C_|6|87| |1.000000|14.340000|0.000000|000|14.890209|-1.000000|-1.000000|0.000000|-1|0
1880|12|87|6|-CG-|C_|6|88| |1.000000|12.680000|0.000000|000|16.306520|-1.000000|-1.000000|0.000000|-1|0
1880|12|88|16|-SD-|S_|16|89| |1.000000|16.170000|0.000000|000|16.453358|-1.000000|-1.000000|0.000000|-1|0
1880|12|89|6|-CE-|C_|6|90| |1.000000|12.370000|0.000000|000|15.632754|-1.000000|-1.000000|0.000000|-1|0
1880|13|90|1|-N--|N_|7|91| |1.000000|11.220000|0.000000|000|13.711534|-1.000000|-1.000000|0.000000|-1|0
1880|13|91|2|-CA-|C_|6|92| |1.000000|9.870000|0.000000|000|12.603433|-1.000000|-1.000000|0.000000|-1|0
1880|13|92|3|-C--|C_|6|93| |1.000000|10.910000|0.000000|000|11.661937|-1.000000|-1.000000|0.000000|-1|0
1880|13|93|4|-O--|O_|8|94| |1.000000|12.360000|0.000000|000|11.891303|-1.000000|-1.000000|0.000000|-1|0
1880|13|94|5|-CB-|C_|6|95| |1.000000|12.690000|0.000000|000|13.210801|-1.000000|-1.000000|0.000000|-1|0
1880|13|95|6|-CG-|C_|6|96| |1.000000|14.890000|0.000000|000|14.165198|-1.000000|-1.000000|0.000000|-1|0
1880|13|96|6|-CD1|C_|6|97| |1.000000|15.720000|0.000000|000|15.081264|-1.000000|-1.000000|0.000000|-1|0
1880|13|97|6|-CD2|C_|6|98| |1.000000|13.480000|0.000000|000|13.423655|-1.000000|-1.000000|0.000000|-1|0
1880|14|98|1|-N--|N_|7|99| |1.000000|9.070000|0.000000|000|10.725569|-1.000000|-1.000000|0.000000|-1|0
1880|14|99|2|-CA-|C_|6|100| |1.000000|8.490000|0.000000|000|9.928358|-1.000000|-1.000000|0.000000|-1|0
1880|14|100|3|-C--|C_|6|101| |1.000000|9.400000|0.000000|000|8.736367|-1.000000|-1.000000|0.000000|-1|0
1880|14|101|4|-O--|O_|8|102| |1.000000|10.450000|0.000000|000|8.871497|-1.000000|-1.000000|0.000000|-1|0
1880|14|102|5|-CB-|C_|6|103| |1.000000|6.190000|0.000000|000|10.868062|-1.000000|-1.000000|0.000000|-1|0
1880|15|103|1|-N--|N_|7|104| |1.000000|7.060000|0.000000|000|7.822292|-1.000000|-1.000000|0.000000|-1|0
1880|15|104|2|-CA-|C_|6|105| |1.000000|8.050000|0.000000|000|6.857198|-1.000000|-1.000000|0.000000|-1|0
1880|15|105|3|-C--|C_|6|106| |1.000000|8.880000|0.000000|000|7.795207|-1.000000|-1.000000|0.000000|-1|0
1880|15|106|4|-O--|O_|8|107| |1.000000|8.830000|0.000000|000|8.592436|-1.000000|-1.000000|0.000000|-1|0
1880|15|107|5|-CB-|C_|6|108| |1.000000|8.350000|0.000000|000|5.622539|-1.000000|-1.000000|0.000000|-1|0
1880|15|108|12|-CG-|C_|6|109| |1.000000|9.320000|0.000000|000|4.842441|-1.000000|-1.000000|0.000000|-1|0
1880|15|109|12|-CD1|C_|6|110| |1.000000|6.600000|0.000000|000|4.230103|-1.000000|-1.000000|0.000000|-1|0
1880|15|110|12|-CD2|C_|6|111| |1.000000|8.720000|0.000000|000|5.250940|-1.000000|-1.000000|0.000000|-1|0
1880|15|111|12|-CE1|C_|6|112| |1.000000|7.020000|0.000000|000|4.023724|-1.000000|-1.000000|0.000000|-1|0
1880|15|112|12|-CE2|C_|6|113| |1.000000|10.650000|0.000000|000|5.098689|-1.000000|-1.000000|0.000000|-1|0
1880|15|113|12|-CZ-|C_|6|114| |1.000000|8.770000|0.000000|000|4.513420|-1.000000|-1.000000|0.000000|-1|0
1880|16|114|1|-N--|N_|7|115| |1.000000|9.600000|0.000000|000|7.933400|-1.000000|-1.000000|0.000000|-1|0
1880|16|115|2|-CA-|C_|6|116| |1.000000|10.290000|0.000000|000|9.065783|-1.000000|-1.000000|0.000000|-1|0
1880|16|116|3|-C--|C_|6|117| |1.000000|9.280000|0.000000|000|8.823791|-1.000000|-1.000000|0.000000|-1|0
1880|16|117|4|-O--|O_|8|118| |1.000000|11.050000|0.000000|000|8.663638|-1.000000|-1.000000|0.000000|-1|0
1880|16|118|5|-CB-|C_|6|119| |1.000000|12.590000|0.000000|000|10.219548|-1.000000|-1.000000|0.000000|-1|0
1880|16|119|6|-CG-|C_|6|120| |1.000000|19.910000|0.000000|000|11.552307|-1.000000|-1.000000|0.000000|-1|0
1880|16|120|6|-CD-|C_|6|121| |1.000000|22.750000|0.000000|000|12.711226|-1.000000|-1.000000|0.000000|-1|0
1880|16|121|10|-OE1|O_|8|122| |1.000000|21.379999|0.000000|000|12.677925|-1.000000|-1.000000|0.000000|-1|0
1880|16|122|10|-OE2|O_|8|123| |1.000000|25.450001|0.000000|000|13.785224|-1.000000|-1.000000|0.000000|-1|0
1880|17|123|1|-N--|N_|7|124| |1.000000|10.160000|0.000000|000|9.021604|-1.000000|-1.000000|0.000000|-1|0
1880|17|124|2|-CA-|C_|6|125| |1.000000|9.540000|0.000000|000|9.564386|-1.000000|-1.000000|0.000000|-1|0
1880|17|125|3|-C--|C_|6|126| |1.000000|10.620000|0.000000|000|8.620765|-1.000000|-1.000000|0.000000|-1|0
1880|17|126|4|-O--|O_|8|127| |1.000000|9.860000|0.000000|000|7.429809|-1.000000|-1.000000|0.000000|-1|0
1880|17|127|5|-CB-|C_|6|128| |1.000000|11.940000|0.000000|000|10.257960|-1.000000|-1.000000|0.000000|-1|0
1880|17|128|6|-CG-|C_|6|129| |1.000000|13.510000|0.000000|000|9.645365|-1.000000|-1.000000|0.000000|-1|0
1880|17|129|6|-CD-|C_|6|130| |1.000000|12.160000|0.000000|000|9.171634|-1.000000|-1.000000|0.000000|-1|0
1880|18|130|1|-N--|N_|7|131| |1.000000|7.900000|0.000000|000|9.287830|-1.000000|-1.000000|0.000000|-1|0
1880|18|131|2|-CA-|C_|6|132| |1.000000|9.000000|0.000000|000|8.803530|-1.000000|-1.000000|0.000000|-1|0
1880|18|132|3|-C--|C_|6|133| |1.000000|10.000000|0.000000|000|8.775569|-1.000000|-1.000000|0.000000|-1|0
1880|18|133|4|-O--|O_|8|134| |1.000000|10.980000|0.000000|000|8.286324|-1.000000|-1.000000|0.000000|-1|0
1880|18|134|5|-CB-|C_|6|135| |1.000000|9.660000|0.000000|000|9.885363|-1.000000|-1.000000|0.000000|-1|0
1880|18|135|17|-OG-|O_|8|136| |1.000000|11.730000|0.000000|000|11.125735|-1.000000|-1.000000|0.000000|-1|0
1880|19|136|1|-N--|N_|7|137| |1.000000|10.080000|0.000000|000|9.544910|-1.000000|-1.000000|0.000000|-1|0
1880|19|137|2|-CA-|C_|6|138| |1.000000|10.550000|0.000000|000|9.821286|-1.000000|-1.000000|0.000000|-1|0
1880|19|138|3|-C--|C_|6|139| |1.000000|13.190000|0.000000|000|9.993374|-1.000000|-1.000000|0.000000|-1|0
1880|19|139|4|-O--|O_|8|140| |1.000000|10.760000|0.000000|000|10.677664|-1.000000|-1.000000|0.000000|-1|0
1880|19|140|5|-CB-|C_|6|141| |1.000000|13.160000|0.000000|000|11.234534|-1.000000|-1.000000|0.000000|-1|0
1880|19|141|17|-OG1|O_|8|142| |1.000000|13.520000|0.000000|000|11.345923|-1.000000|-1.000000|0.000000|-1|0
1880|19|142|6|-CG2|C_|6|143| |1.000000|14.480000|0.000000|000|11.560523|-1.000000|-1.000000|0.000000|-1|0
1880|20|143|1|-N--|N_|7|144| |1.000000|10.450000|0.000000|000|9.539200|-1.000000|-1.000000|0.000000|-1|0
1880|20|144|2|-CA-|C_|6|145| |1.000000|11.380000|0.000000|000|10.061586|-1.000000|-1.000000|0.000000|-1|0
1880|20|145|3|-C--|C_|6|146| |1.000000|12.750000|0.000000|000|10.636804|-1.000000|-1.000000|0.000000|-1|0
1880|20|146|4|-O--|O_|8|147| |1.000000|12.140000|0.000000|000|10.277303|-1.000000|-1.000000|0.000000|-1|0
1880|20|147|5|-CB-|C_|6|148| |1.000000|13.580000|0.000000|000|9.162898|-1.000000|-1.000000|0.000000|-1|0
1880|20|148|6|-CG1|C_|6|149| |1.000000|17.280001|0.000000|000|10.102307|-1.000000|-1.000000|0.000000|-1|0
1880|20|149|6|-CG2|C_|6|150| |1.000000|13.930000|0.000000|000|7.987289|-1.000000|-1.000000|0.000000|-1|0
1880|20|150|6|-CD1|C_|6|151| |1.000000|20.420000|0.000000|000|9.591191|-1.000000|-1.000000|0.000000|-1|0
1880|21|151|1|-N--|N_|7|152| |1.000000|11.060000|0.000000|000|11.745158|-1.000000|-1.000000|0.000000|-1|0
1880|21|152|2|-CA-|C_|6|153| |1.000000|10.950000|0.000000|000|12.472993|-1.000000|-1.000000|0.000000|-1|0
1880|21|153|3|-C--|C_|6|154| |1.000000|11.310000|0.000000|000|12.614464|-1.000000|-1.000000|0.000000|-1|0
1880|21|154|4|-O--|O_|8|155| |1.000000|9.890000|0.000000|000|12.848186|-1.000000|-1.000000|0.000000|-1|0
1880|21|155|5|-CB-|C_|6|156| |1.000000|15.340000|0.000000|000|13.890811|-1.000000|-1.000000|0.000000|-1|0
1880|21|156|6|-CG-|C_|6|157| |1.000000|21.290001|0.000000|000|14.100426|-1.000000|-1.000000|0.000000|-1|0
1880|21|157|6|-CD-|C_|6|158| |1.000000|23.420000|0.000000|000|15.333058|-1.000000|-1.000000|0.000000|-1|0
1880|21|158|10|-OE1|O_|8|159| |1.000000|24.740000|0.000000|000|16.002951|-1.000000|-1.000000|0.000000|-1|0
1880|21|159|10|-OE2|O_|8|160| |1.000000|29.379999|0.000000|000|15.676590|-1.000000|-1.000000|0.000000|-1|0
1880|22|160|1|-N--|N_|7|161| |1.000000|9.110000|0.000000|000|12.582609|-1.000000|-1.000000|0.000000|-1|0
1880|22|161|2|-CA-|C_|6|162| |1.000000|10.880000|0.000000|000|12.907536|-1.000000|-1.000000|0.000000|-1|0
1880|22|162|3|-C--|C_|6|163| |1.000000|13.750000|0.000000|000|13.997421|-1.000000|-1.000000|0.000000|-1|0
1880|22|163|4|-O--|O_|8|164| |1.000000|15.600000|0.000000|000|14.365124|-1.000000|-1.000000|0.000000|-1|0
1880|22|164|5|-CB-|C_|6|165| |1.000000|11.380000|0.000000|000|11.786325|-1.000000|-1.000000|0.000000|-1|0
1880|22|165|6|-CG1|C_|6|166| |1.000000|10.890000|0.000000|000|11.287431|-1.000000|-1.000000|0.000000|-1|0
1880|22|166|6|-CG2|C_|6|167| |1.000000|11.830000|0.000000|000|10.716417|-1.000000|-1.000000|0.000000|-1|0
1880|22|167|6|-CD1|C_|6|168| |1.000000|11.170000|0.000000|000|10.418717|-1.000000|-1.000000|0.000000|-1|0
1880|23|168|1|-N--|N_|7|169| |1.000000|15.490000|0.000000|000|14.589426|-1.000000|-1.000000|0.000000|-1|0
1880|23|169|2|-CA-|C_|6|170| |1.000000|18.620001|0.000000|000|15.692052|-1.000000|-1.000000|0.000000|-1|0
1880|23|170|3|-C--|C_|6|171| |1.000000|17.110001|0.000000|000|15.353340|-1.000000|-1.000000|0.000000|-1|0
1880|23|171|4|-O--|O_|8|172| |1.000000|17.240000|0.000000|000|14.552447|-1.000000|-1.000000|0.000000|-1|0
1880|23|172|5|-CB-|C_|6|173| |1.000000|19.200001|0.000000|000|16.879740|-1.000000|-1.000000|0.000000|-1|0
1880|23|173|6|-CG-|C_|6|174| |1.000000|25.250000|0.000000|000|17.347563|-1.000000|-1.000000|0.000000|-1|0
1880|23|174|6|-CD-|C_|6|175| |1.000000|30.299999|0.000000|000|17.987358|-1.000000|-1.000000|0.000000|-1|0
1880|23|175|8|-OE1|O_|8|176| |1.000000|30.139999|0.000000|000|18.745209|-1.000000|-1.000000|0.000000|-1|0
1880|23|176|9|-NE2|N_|7|177| |1.000000|31.320000|0.000000|000|17.783598|-1.000000|-1.000000|0.000000|-1|0
1880|24|177|1|-N--|N_|7|178| |1.000000|15.990000|0.000000|000|16.098400|-1.000000|-1.000000|0.000000|-1|0
1880|24|178|2|-CA-|C_|6|179| |1.000000|15.750000|0.000000|000|16.075750|-1.000000|-1.000000|0.000000|-1|0
1880|24|179|3|-C--|C_|6|180| |1.000000|16.520000|0.000000|000|16.306728|-1.000000|-1.000000|0.000000|-1|0
1880|24|180|4|-O--|O_|8|181| |1.000000|18.000000|0.000000|000|17.209110|-1.000000|-1.000000|0.000000|-1|0
1880|24|181|5|-CB-|C_|6|182| |1.000000|18.459999|0.000000|000|17.263472|-1.000000|-1.000000|0.000000|-1|0
1880|25|182|1|-N--|N_|7|183| |1.000000|13.680000|0.000000|000|15.617621|-1.000000|-1.000000|0.000000|-1|0
1880|25|183|2|-CA-|C_|6|184| |1.000000|16.459999|0.000000|000|15.989767|-1.000000|-1.000000|0.000000|-1|0
1880|25|184|3|-C--|C_|6|185| |1.000000|15.470000|0.000000|000|15.131978|-1.000000|-1.000000|0.000000|-1|0
1880|25|185|4|-O--|O_|8|186| |1.000000|13.930000|0.000000|000|15.300224|-1.000000|-1.000000|0.000000|-1|0
1880|26|186|1|-N--|N_|7|187| |1.000000|13.140000|0.000000|000|14.291166|-1.000000|-1.000000|0.000000|-1|0
1880|26|187|2|-CA-|C_|6|188| |1.000000|13.200000|0.000000|000|13.555953|-1.000000|-1.000000|0.000000|-1|0
1880|26|188|3|-C--|C_|6|189| |1.000000|12.660000|0.000000|000|12.336531|-1.000000|-1.000000|0.000000|-1|0
1880|26|189|4|-O--|O_|8|190| |1.000000|12.450000|0.000000|000|11.857792|-1.000000|-1.000000|0.000000|-1|0
1880|26|190|5|-CB-|C_|6|191| |1.000000|12.680000|0.000000|000|13.184630|-1.000000|-1.000000|0.000000|-1|0
1880|26|191|6|-CG-|C_|6|192| |1.000000|17.090000|0.000000|000|14.422656|-1.000000|-1.000000|0.000000|-1|0
1880|26|192|10|-OD1|O_|8|193| |1.000000|15.720000|0.000000|000|15.407757|-1.000000|-1.000000|0.000000|-1|0
1880|26|193|10|-OD2|O_|8|194| |1.000000|14.390000|0.000000|000|14.472686|-1.000000|-1.000000|0.000000|-1|0
1880|27|194|1|-N--|N_|7|195| |1.000000|13.130000|0.000000|000|12.013229|-1.000000|-1.000000|0.000000|-1|0
1880|27|195|2|-CA-|C_|6|196| |1.000000|12.290000|0.000000|000|10.997792|-1.000000|-1.000000|0.000000|-1|0
1880|27|196|3|-C--|C_|6|197| |1.000000|13.810000|0.000000|000|9.862048|-1.000000|-1.000000|0.000000|-1|0
1880|27|197|4|-O--|O_|8|198| |1.000000|15.730000|0.000000|000|10.256332|-1.000000|-1.000000|0.000000|-1|0
1880|27|198|5|-CB-|C_|6|199| |1.000000|14.520000|0.000000|000|11.769762|-1.000000|-1.000000|0.000000|-1|0
1880|27|199|17|-OG1|O_|8|200| |1.000000|15.330000|0.000000|000|12.810225|-1.000000|-1.000000|0.000000|-1|0
1880|27|200|6|-CG2|C_|6|201| |1.000000|15.360000|0.000000|000|10.994739|-1.000000|-1.000000|0.000000|-1|0
1880|28|201|1|-N--|N_|7|202| |1.000000|11.990000|0.000000|000|8.638792|-1.000000|-1.000000|0.000000|-1|0
1880|28|202|2|-CA-|C_|6|203| |1.000000|11.170000|0.000000|000|7.561116|-1.000000|-1.000000|0.000000|-1|0
1880|28|203|3|-C--|C_|6|204| |1.000000|10.950000|0.000000|000|7.289785|-1.000000|-1.000000|0.000000|-1|0
1880|28|204|4|-O--|O_|8|205| |1.000000|11.820000|0.000000|000|7.211016|-1.000000|-1.000000|0.000000|-1|0
1880|28|205|5|-CB-|C_|6|206| |1.000000|12.710000|0.000000|000|6.404328|-1.000000|-1.000000|0.000000|-1|0
1880|28|206|6|-CG1|C_|6|207| |1.000000|11.310000|0.000000|000|5.302448|-1.000000|-1.000000|0.000000|-1|0
1880|28|207|6|-CG2|C_|6|208| |1.000000|12.900000|0.000000|000|7.200988|-1.000000|-1.000000|0.000000|-1|0
1880|29|208|1|-N--|N_|7|209| |1.000000|9.500000|0.000000|000|7.457511|-1.000000|-1.000000|0.000000|-1|0
1880|29|209|2|-CA-|C_|6|210| |1.000000|10.990000|0.000000|000|7.556300|-1.000000|-1.000000|0.000000|-1|0
1880|29|210|3|-C--|C_|6|211| |1.000000|12.080000|0.000000|000|6.608549|-1.000000|-1.000000|0.000000|-1|0
1880|29|211|4|-O--|O_|8|212| |1.000000|14.190000|0.000000|000|6.745791|-1.000000|-1.000000|0.000000|-1|0
1880|29|212|5|-CB-|C_|6|213| |1.000000|13.180000|0.000000|000|9.006933|-1.000000|-1.000000|0.000000|-1|0
1880|29|213|6|-CG-|C_|6|214| |1.000000|18.990000|0.000000|000|9.517543|-1.000000|-1.000000|0.000000|-1|0
1880|29|214|6|-CD-|C_|6|215| |1.000000|23.940001|0.000000|000|10.909710|-1.000000|-1.000000|0.000000|-1|0
1880|29|215|8|-OE1|O_|8|216| |1.000000|29.459999|0.000000|000|11.461891|-1.000000|-1.000000|0.000000|-1|0
1880|29|216|9|-NE2|N_|7|217| |1.000000|29.400000|0.000000|000|11.628159|-1.000000|-1.000000|0.000000|-1|0
1880|30|217|1|-N--|N_|7|218| |1.000000|8.940000|0.000000|000|5.962069|-1.000000|-1.000000|0.000000|-1|0
1880|30|218|2|-CA-|C_|6|219| |1.000000|9.930000|0.000000|000|5.437839|-1.000000|-1.000000|0.000000|-1|0
1880|30|219|3|-C--|C_|6|220| |1.000000|10.760000|0.000000|000|6.750146|-1.000000|-1.000000|0.000000|-1|0
1880|30|220|4|-O--|O_|8|221| |1.000000|10.890000|0.000000|000|7.474327|-1.000000|-1.000000|0.000000|-1|0
1880|30|221|5|-CB-|C_|6|222| |1.000000|9.640000|0.000000|000|4.414211|-1.000000|-1.000000|0.000000|-1|0
1880|30|222|12|-CG-|C_|6|223| |1.000000|9.670000|0.000000|000|2.980015|-1.000000|-1.000000|0.000000|-1|0
1880|30|223|12|-CD1|C_|6|224| |1.000000|10.920000|0.000000|000|2.269869|-1.000000|-1.000000|0.000000|-1|0
1880|30|224|12|-CD2|C_|6|225| |1.000000|9.690000|0.000000|000|2.699601|-1.000000|-1.000000|0.000000|-1|0
1880|30|225|15|-NE1|N_|7|226| |1.000000|11.570000|0.000000|000|1.150887|-1.000000|-1.000000|0.000000|-1|0
1880|30|226|12|-CE2|C_|6|227| |1.000000|10.510000|0.000000|000|1.613294|-1.000000|-1.000000|0.000000|-1|0
1880|30|227|12|-CE3|C_|6|228| |1.000000|10.940000|0.000000|000|3.831679|-1.000000|-1.000000|0.000000|-1|0
1880|30|228|12|-CZ2|C_|6|229| |1.000000|11.650000|0.000000|000|2.273073|-1.000000|-1.000000|0.000000|-1|0
1880|30|229|12|-CZ3|C_|6|230| |1.000000|11.280000|0.000000|000|4.112231|-1.000000|-1.000000|0.000000|-1|0
1880|30|230|12|-CH2|C_|6|231| |1.000000|9.560000|0.000000|000|3.502277|-1.000000|-1.000000|0.000000|-1|0
1880|31|231|1|-N--|N_|7|232| |1.000000|8.600000|0.000000|000|7.258292|-1.000000|-1.000000|0.000000|-1|0
1880|31|232|2|-CA-|C_|6|233| |1.000000|10.740000|0.000000|000|8.632348|-1.000000|-1.000000|0.000000|-1|0
1880|31|233|3|-C--|C_|6|234| |1.000000|10.170000|0.000000|000|8.823717|-1.000000|-1.000000|0.000000|-1|0
1880|31|234|4|-O--|O_|8|235| |1.000000|10.490000|0.000000|000|8.514425|-1.000000|-1.000000|0.000000|-1|0
1880|31|235|5|-CB-|C_|6|236| |1.000000|13.930000|0.000000|000|9.622582|-1.000000|-1.000000|0.000000|-1|0
1880|31|236|6|-CG1|C_|6|237| |1.000000|14.100000|0.000000|000|11.059288|-1.000000|-1.000000|0.000000|-1|0
1880|31|237|6|-CG2|C_|6|238| |1.000000|17.320000|0.000000|000|9.633194|-1.000000|-1.000000|0.000000|-1|0
1880|32|238|1|-N--|N_|7|239| |1.000000|9.620000|0.000000|000|9.507327|-1.000000|-1.000000|0.000000|-1|0
1880|32|239|2|-CA-|C_|6|240| |1.000000|13.240000|0.000000|000|10.020294|-1.000000|-1.000000|0.000000|-1|0
1880|32|240|3|-C--|C_|6|241| |1.000000|13.950000|0.000000|000|11.028323|-1.000000|-1.000000|0.000000|-1|0
1880|32|241|4|-O--|O_|8|242| |1.000000|15.470000|0.000000|000|11.942676|-1.000000|-1.000000|0.000000|-1|0
1880|32|242|5|-CB-|C_|6|243| |1.000000|15.150000|0.000000|000|10.842700|-1.000000|-1.000000|0.000000|-1|0
1880|32|243|6|-CG-|C_|6|244| |1.000000|16.090000|0.000000|000|10.970297|-1.000000|-1.000000|0.000000|-1|0
1880|32|244|8|-OD1|O_|8|245| |1.000000|15.930000|0.000000|000|10.191964|-1.000000|-1.000000|0.000000|-1|0
1880|32|245|9|-ND2|N_|7|246| |1.000000|16.129999|0.000000|000|12.107791|-1.000000|-1.000000|0.000000|-1|0
1880|33|246|1|-N--|N_|7|247| |1.000000|15.510000|0.000000|000|10.963815|-1.000000|-1.000000|0.000000|-1|0
1880|33|247|2|-CA-|C_|6|248| |1.000000|15.610000|0.000000|000|12.009825|-1.000000|-1.000000|0.000000|-1|0
1880|33|248|3|-C--|C_|6|249| |1.000000|19.170000|0.000000|000|13.040031|-1.000000|-1.000000|0.000000|-1|0
1880|33|249|4|-O--|O_|8|250| |1.000000|21.660000|0.000000|000|14.196647|-1.000000|-1.000000|0.000000|-1|0
1880|33|250|5|-CB-|C_|6|251| |1.000000|15.460000|0.000000|000|11.517889|-1.000000|-1.000000|0.000000|-1|0
1880|33|251|6|-CG-|C_|6|252| |1.000000|20.530001|0.000000|000|12.724593|-1.000000|-1.000000|0.000000|-1|0
1880|33|252|8|-OD1|O_|8|253| |1.000000|23.190001|0.000000|000|13.665103|-1.000000|-1.000000|0.000000|-1|0
1880|33|253|9|-ND2|N_|7|254| |1.000000|18.840000|0.000000|000|12.902923|-1.000000|-1.000000|0.000000|-1|0
1880|34|254|1|-N--|N_|7|255| |1.000000|16.209999|0.000000|000|12.796627|-1.000000|-1.000000|0.000000|-1|0
1880|34|255|2|-CA-|C_|6|256| |1.000000|16.600000|0.000000|000|13.932512|-1.000000|-1.000000|0.000000|-1|0
1880|34|256|3|-C--|C_|6|257| |1.000000|15.220000|0.000000|000|13.604526|-1.000000|-1.000000|0.000000|-1|0
1880|34|257|4|-O--|O_|8|258| |1.000000|12.880000|0.000000|000|12.454816|-1.000000|-1.000000|0.000000|-1|0
1880|34|258|5|-CB-|C_|6|259| |1.000000|20.530001|0.000000|000|14.483743|-1.000000|-1.000000|0.000000|-1|0
1880|34|259|6|-CG-|C_|6|260| |1.000000|23.969999|0.000000|000|15.533049|-1.000000|-1.000000|0.000000|-1|0
1880|34|260|6|-CD-|C_|6|261| |1.000000|27.780001|0.000000|000|16.253698|-1.000000|-1.000000|0.000000|-1|0
1880|34|261|6|-CE-|C_|6|262| |1.000000|30.379999|0.000000|000|17.043056|-1.000000|-1.000000|0.000000|-1|0
1880|34|262|14|-NZ-|N_|7|263| |1.000000|33.570000|0.000000|000|17.940622|-1.000000|-1.000000|0.000000|-1|0
1880|35|263|1|-N--|N_|7|264| |1.000000|11.930000|0.000000|000|14.655761|-1.000000|-1.000000|0.000000|-1|0
1880|35|264|2|-CA-|C_|6|265| |1.000000|15.000000|0.000000|000|14.736431|-1.000000|-1.000000|0.000000|-1|0
1880|35|265|3|-C--|C_|6|266| |1.000000|14.480000|0.000000|000|13.970371|-1.000000|-1.000000|0.000000|-1|0
1880|35|266|4|-O--|O_|8|267| |1.000000|14.380000|0.000000|000|13.603668|-1.000000|-1.000000|0.000000|-1|0
1880|35|267|5|-CB-|C_|6|268| |1.000000|17.010000|0.000000|000|14.557497|-1.000000|-1.000000|0.000000|-1|0
1880|35|268|6|-CG-|C_|6|269| |1.000000|22.250000|0.000000|000|15.436446|-1.000000|-1.000000|0.000000|-1|0
1880|35|269|6|-CD1|C_|6|270| |1.000000|23.690001|0.000000|000|15.146289|-1.000000|-1.000000|0.000000|-1|0
1880|35|270|6|-CD2|C_|6|271| |1.000000|22.600000|0.000000|000|16.915380|-1.000000|-1.000000|0.000000|-1|0
1880|36|271|1|-N--|N_|7|272| |1.000000|14.450000|0.000000|000|13.924273|-1.000000|-1.000000|0.000000|-1|0
1880|36|272|2|-CA-|C_|6|273| |1.000000|15.730000|0.000000|000|13.470839|-1.000000|-1.000000|0.000000|-1|0
1880|36|273|3|-C--|C_|6|274| |1.000000|17.879999|0.000000|000|14.449802|-1.000000|-1.000000|0.000000|-1|0
1880|36|274|4|-O--|O_|8|275| |1.000000|17.650000|0.000000|000|15.495032|-1.000000|-1.000000|0.000000|-1|0
1880|36|275|5|-CB-|C_|6|276| |1.000000|17.900000|0.000000|000|13.691359|-1.000000|-1.000000|0.000000|-1|0
1880|37|276|1|-N--|N_|7|277| |1.000000|15.620000|0.000000|000|14.203097|-1.000000|-1.000000|0.000000|-1|0
1880|37|277|2|-CA-|C_|6|278| |1.000000|14.740000|0.000000|000|13.118874|-1.000000|-1.000000|0.000000|-1|0
1880|37|278|3|-C--|C_|6|279| |1.000000|11.650000|0.000000|000|11.881331|-1.000000|-1.000000|0.000000|-1|0
1880|37|279|4|-O--|O_|8|280| |1.000000|11.970000|0.000000|000|12.024357|-1.000000|-1.000000|0.000000|-1|0
1880|37|280|5|-CB-|C_|6|281| |1.000000|14.330000|0.000000|000|13.826759|-1.000000|-1.000000|0.000000|-1|0
1880|37|281|6|-CG-|C_|6|282| |1.000000|16.260000|0.000000|000|14.737631|-1.000000|-1.000000|0.000000|-1|0
1880|37|282|6|-CD-|C_|6|283| |1.000000|16.900000|0.000000|000|15.228541|-1.000000|-1.000000|0.000000|-1|0
1880|38|283|1|-N--|N_|7|284| |1.000000|8.810000|0.000000|000|10.786862|-1.000000|-1.000000|0.000000|-1|0
1880|38|284|2|-CA-|C_|6|285| |1.000000|9.240000|0.000000|000|9.553641|-1.000000|-1.000000|0.000000|-1|0
1880|38|285|3|-C--|C_|6|286| |1.000000|9.690000|0.000000|000|8.963634|-1.000000|-1.000000|0.000000|-1|0
1880|38|286|4|-O--|O_|8|287| |1.000000|10.410000|0.000000|000|9.340582|-1.000000|-1.000000|0.000000|-1|0
1880|38|287|5|-CB-|C_|6|288| |1.000000|7.050000|0.000000|000|8.612856|-1.000000|-1.000000|0.000000|-1|0
1880|38|288|12|-CG-|C_|6|289| |1.000000|7.730000|0.000000|000|9.323854|-1.000000|-1.000000|0.000000|-1|0
1880|38|289|13|-ND1|N_|7|290| |1.000000|8.720000|0.000000|000|9.801235|-1.000000|-1.000000|0.000000|-1|0
1880|38|290|12|-CD2|C_|6|291| |1.000000|7.410000|0.000000|000|9.890708|-1.000000|-1.000000|0.000000|-1|0
1880|38|291|12|-CE1|C_|6|292| |1.000000|6.630000|0.000000|000|10.610487|-1.000000|-1.000000|0.000000|-1|0
1880|38|292|13|-NE2|N_|7|293| |1.000000|8.470000|0.000000|000|10.650527|-1.000000|-1.000000|0.000000|-1|0
1880|39|293|1|-N--|N_|7|294| |1.000000|10.380000|0.000000|000|8.253764|-1.000000|-1.000000|0.000000|-1|0
1880|39|294|2|-CA-|C_|6|295| |1.000000|10.350000|0.000000|000|7.850962|-1.000000|-1.000000|0.000000|-1|0
1880|39|295|3|-C--|C_|6|296| |1.000000|9.630000|0.000000|000|6.559487|-1.000000|-1.000000|0.000000|-1|0
1880|39|296|4|-O--|O_|8|297| |1.000000|10.090000|0.000000|000|6.128300|-1.000000|-1.000000|0.000000|-1|0
1880|39|297|5|-CB-|C_|6|298| |1.000000|11.640000|0.000000|000|8.986754|-1.000000|-1.000000|0.000000|-1|0
1880|39|298|6|-CG-|C_|6|299| |1.000000|13.880000|0.000000|000|9.472369|-1.000000|-1.000000|0.000000|-1|0
1880|39|299|8|-OD1|O_|8|300| |1.000000|14.060000|0.000000|000|8.993374|-1.000000|-1.000000|0.000000|-1|0
1880|39|300|9|-ND2|N_|7|301| |1.000000|13.990000|0.000000|000|10.622706|-1.000000|-1.000000|0.000000|-1|0
1880|40|301|1|-N--|N_|7|302| |1.000000|9.570000|0.000000|000|6.282713|-1.000000|-1.000000|0.000000|-1|0
1880|40|302|2|-CA-|C_|6|303| |1.000000|6.550000|0.000000|000|5.260820|-1.000000|-1.000000|0.000000|-1|0
1880|40|303|3|-C--|C_|6|304| |1.000000|9.130000|0.000000|000|6.175556|-1.000000|-1.000000|0.000000|-1|0
1880|40|304|4|-O--|O_|8|305| |1.000000|9.260000|0.000000|000|6.742938|-1.000000|-1.000000|0.000000|-1|0
1880|40|305|5|-CB-|C_|6|306| |1.000000|9.450000|0.000000|000|4.103746|-1.000000|-1.000000|0.000000|-1|0
1880|40|306|6|-CG1|C_|6|307| |1.000000|11.420000|0.000000|000|3.566672|-1.000000|-1.000000|0.000000|-1|0
1880|40|307|6|-CG2|C_|6|308| |1.000000|12.080000|0.000000|000|3.218949|-1.000000|-1.000000|0.000000|-1|0
1880|41|308|1|-N--|N_|7|309| |1.000000|7.710000|0.000000|000|6.617800|-1.000000|-1.000000|0.000000|-1|0
1880|41|309|2|-CA-|C_|6|310| |1.000000|9.740000|0.000000|000|7.636869|-1.000000|-1.000000|0.000000|-1|0
1880|41|310|3|-C--|C_|6|311| |1.000000|8.370000|0.000000|000|7.285681|-1.000000|-1.000000|0.000000|-1|0
1880|41|311|4|-O--|O_|8|312| |1.000000|9.150000|0.000000|000|7.138600|-1.000000|-1.000000|0.000000|-1|0
1880|41|312|5|-CB-|C_|6|313| |1.000000|15.760000|0.000000|000|9.002709|-1.000000|-1.000000|0.000000|-1|0
1880|41|313|6|-CG1|C_|6|314| |1.000000|22.530001|0.000000|000|9.171637|-1.000000|-1.000000|0.000000|-1|0
1880|41|314|6|-CG2|C_|6|315| |1.000000|15.670000|0.000000|000|9.973564|-1.000000|-1.000000|0.000000|-1|0
1880|42|315|1|-N--|N_|7|316| |1.000000|8.760000|0.000000|000|7.477889|-1.000000|-1.000000|0.000000|-1|0
1880|42|316|2|-CA-|C_|6|317| |1.000000|8.800000|0.000000|000|7.629880|-1.000000|-1.000000|0.000000|-1|0
1880|42|317|3|-C--|C_|6|318| |1.000000|9.560000|0.000000|000|9.136578|-1.000000|-1.000000|0.000000|-1|0
1880|42|318|4|-O--|O_|8|319| |1.000000|10.930000|0.000000|000|9.980175|-1.000000|-1.000000|0.000000|-1|0
1880|42|319|5|-CB-|C_|6|320| |1.000000|9.050000|0.000000|000|7.529288|-1.000000|-1.000000|0.000000|-1|0
1880|42|320|6|-CG1|C_|6|321| |1.000000|9.090000|0.000000|000|8.082458|-1.000000|-1.000000|0.000000|-1|0
1880|42|321|6|-CG2|C_|6|322| |1.000000|10.150000|0.000000|000|6.227314|-1.000000|-1.000000|0.000000|-1|0
1880|43|322|1|-N--|N_|7|323| |1.000000|9.030000|0.000000|000|9.580165|-1.000000|-1.000000|0.000000|-1|0
1880|43|323|2|-CA-|C_|6|324| |1.000000|9.070000|0.000000|000|11.028293|-1.000000|-1.000000|0.000000|-1|0
1880|43|324|3|-C--|C_|6|325| |1.000000|10.320000|0.000000|000|11.869303|-1.000000|-1.000000|0.000000|-1|0
1880|43|325|4|-O--|O_|8|326| |1.000000|11.360000|0.000000|000|11.745744|-1.000000|-1.000000|0.000000|-1|0
1880|43|326|5|-CB-|C_|6|327| |1.000000|12.210000|0.000000|000|11.468043|-1.000000|-1.000000|0.000000|-1|0
1880|43|327|6|-CG-|C_|6|328| |1.000000|13.240000|0.000000|000|11.116158|-1.000000|-1.000000|0.000000|-1|0
1880|43|328|6|-CD-|C_|6|329| |1.000000|19.120001|0.000000|000|12.055921|-1.000000|-1.000000|0.000000|-1|0
1880|43|329|10|-OE1|O_|8|330| |1.000000|19.820000|0.000000|000|12.623163|-1.000000|-1.000000|0.000000|-1|0
1880|43|330|10|-OE2|O_|8|331| |1.000000|24.350000|0.000000|000|12.391679|-1.000000|-1.000000|0.000000|-1|0
1880|44|331|1|-N--|N_|7|332| |1.000000|10.830000|0.000000|000|12.886940|-1.000000|-1.000000|0.000000|-1|0
1880|44|332|2|-CA-|C_|6|333| |1.000000|12.810000|0.000000|000|13.907900|-1.000000|-1.000000|0.000000|-1|0
1880|44|333|3|-C--|C_|6|334| |1.000000|13.790000|0.000000|000|13.671482|-1.000000|-1.000000|0.000000|-1|0
1880|44|334|4|-O--|O_|8|335| |1.000000|11.180000|0.000000|000|14.619515|-1.000000|-1.000000|0.000000|-1|0
1880|45|335|1|-N--|N_|7|336| |1.000000|10.070000|0.000000|000|12.476061|-1.000000|-1.000000|0.000000|-1|0
1880|45|336|2|-CA-|C_|6|337| |1.000000|10.660000|0.000000|000|12.282631|-1.000000|-1.000000|0.000000|-1|0
1880|45|337|3|-C--|C_|6|338| |1.000000|10.900000|0.000000|000|11.921590|-1.000000|-1.000000|0.000000|-1|0
1880|45|338|4|-O--|O_|8|339| |1.000000|11.210000|0.000000|000|10.795447|-1.000000|-1.000000|0.000000|-1|0
1880|45|339|5|-CB-|C_|6|340| |1.000000|14.020000|0.000000|000|11.344544|-1.000000|-1.000000|0.000000|-1|0
1880|45|340|6|-CG-|C_|6|341| |1.000000|15.200000|0.000000|000|11.760285|-1.000000|-1.000000|0.000000|-1|0
1880|45|341|6|-CD-|C_|6|342| |1.000000|19.790001|0.000000|000|13.137387|-1.000000|-1.000000|0.000000|-1|0
1880|45|342|8|-OE1|O_|8|343| |1.000000|22.549999|0.000000|000|13.576092|-1.000000|-1.000000|0.000000|-1|0
1880|45|343|9|-NE2|N_|7|344| |1.000000|23.420000|0.000000|000|13.953949|-1.000000|-1.000000|0.000000|-1|0
1880|46|344|1|-N--|N_|7|345| |1.000000|12.620000|0.000000|000|12.958961|-1.000000|-1.000000|0.000000|-1|0
1880|46|345|2|-CA-|C_|6|346| |1.000000|11.280000|0.000000|000|12.998921|-1.000000|-1.000000|0.000000|-1|0
1880|46|346|3|-C--|C_|6|347| |1.000000|12.930000|0.000000|000|12.691744|-1.000000|-1.000000|0.000000|-1|0
1880|46|347|4|-O--|O_|8|348| |1.000000|13.230000|0.000000|000|12.150993|-1.000000|-1.000000|0.000000|-1|0
1880|46|348|5|-CB-|C_|6|349| |1.000000|13.720000|0.000000|000|14.472148|-1.000000|-1.000000|0.000000|-1|0
1880|46|349|6|-CG-|C_|6|350| |1.000000|14.480000|0.000000|000|15.089628|-1.000000|-1.000000|0.000000|-1|0
1880|46|350|6|-CD-|C_|6|351| |1.000000|12.650000|0.000000|000|14.335994|-1.000000|-1.000000|0.000000|-1|0
1880|47|351|1|-N--|N_|7|352| |1.000000|13.390000|0.000000|000|13.199012|-1.000000|-1.000000|0.000000|-1|0
1880|47|352|2|-CA-|C_|6|353| |1.000000|17.350000|0.000000|000|13.145016|-1.000000|-1.000000|0.000000|-1|0
1880|47|353|3|-C--|C_|6|354| |1.000000|15.700000|0.000000|000|11.812992|-1.000000|-1.000000|0.000000|-1|0
1880|47|354|4|-O--|O_|8|355| |1.000000|16.600000|0.000000|000|11.822448|-1.000000|-1.000000|0.000000|-1|0
1880|47|355|5|-CB-|C_|6|356| |1.000000|20.580000|0.000000|000|14.142032|-1.000000|-1.000000|0.000000|-1|0
1880|47|356|6|-CG-|C_|6|357| |1.000000|25.350000|0.000000|000|13.767094|-1.000000|-1.000000|0.000000|-1|0
1880|47|357|6|-CD-|C_|6|358| |1.000000|27.750000|0.000000|000|13.867785|-1.000000|-1.000000|0.000000|-1|0
1880|47|358|10|-OE1|O_|8|359| |1.000000|21.990000|0.000000|000|14.465728|-1.000000|-1.000000|0.000000|-1|0
1880|47|359|10|-OE2|O_|8|360| |1.000000|31.840000|0.000000|000|13.494020|-1.000000|-1.000000|0.000000|-1|0
1880|48|360|1|-N--|N_|7|361| |1.000000|11.590000|0.000000|000|10.764933|-1.000000|-1.000000|0.000000|-1|0
1880|48|361|2|-CA-|C_|6|362| |1.000000|12.130000|0.000000|000|9.533123|-1.000000|-1.000000|0.000000|-1|0
1880|48|362|3|-C--|C_|6|363| |1.000000|12.280000|0.000000|000|8.499563|-1.000000|-1.000000|0.000000|-1|0
1880|48|363|4|-O--|O_|8|364| |1.000000|12.270000|0.000000|000|7.358921|-1.000000|-1.000000|0.000000|-1|0
1880|48|364|5|-CB-|C_|6|365| |1.000000|13.080000|0.000000|000|9.107340|-1.000000|-1.000000|0.000000|-1|0
1880|48|365|6|-CG-|C_|6|366| |1.000000|15.480000|0.000000|000|10.271592|-1.000000|-1.000000|0.000000|-1|0
1880|48|366|6|-CD1|C_|6|367| |1.000000|17.040001|0.000000|000|10.160900|-1.000000|-1.000000|0.000000|-1|0
1880|48|367|6|-CD2|C_|6|368| |1.000000|16.990000|0.000000|000|10.730054|-1.000000|-1.000000|0.000000|-1|0
1880|49|368|1|-N--|N_|7|369| |1.000000|11.870000|0.000000|000|9.039096|-1.000000|-1.000000|0.000000|-1|0
1880|49|369|2|-CA-|C_|6|370| |1.000000|9.290000|0.000000|000|8.465092|-1.000000|-1.000000|0.000000|-1|0
1880|49|370|3|-C--|C_|6|371| |1.000000|12.310000|0.000000|000|8.780737|-1.000000|-1.000000|0.000000|-1|0
1880|49|371|4|-O--|O_|8|372| |1.000000|12.790000|0.000000|000|9.716550|-1.000000|-1.000000|0.000000|-1|0
1880|49|372|5|-CB-|C_|6|373| |1.000000|11.270000|0.000000|000|9.334640|-1.000000|-1.000000|0.000000|-1|0
1880|49|373|17|-OG-|O_|8|374| |1.000000|10.040000|0.000000|000|9.238050|-1.000000|-1.000000|0.000000|-1|0
1880|50|374|1|-N--|N_|7|375| |1.000000|9.270000|0.000000|000|8.234921|-1.000000|-1.000000|0.000000|-1|0
1880|50|375|2|-CA-|C_|6|376| |1.000000|13.010000|0.000000|000|8.869122|-1.000000|-1.000000|0.000000|-1|0
1880|50|376|3|-C--|C_|6|377| |1.000000|13.750000|0.000000|000|9.238347|-1.000000|-1.000000|0.000000|-1|0
1880|50|377|4|-O--|O_|8|378| |1.000000|13.100000|0.000000|000|8.574961|-1.000000|-1.000000|0.000000|-1|0
1880|50|378|5|-CB-|C_|6|379| |1.000000|13.190000|0.000000|000|8.089647|-1.000000|-1.000000|0.000000|-1|0
1880|50|379|12|-CG-|C_|6|380| |1.000000|16.209999|0.000000|000|9.028105|-1.000000|-1.000000|0.000000|-1|0
1880|50|380|13|-ND1|N_|7|381| |1.000000|17.629999|0.000000|000|9.457141|-1.000000|-1.000000|0.000000|-1|0
1880|50|381|12|-CD2|C_|6|382| |1.000000|16.580000|0.000000|000|9.824581|-1.000000|-1.000000|0.000000|-1|0
1880|50|382|12|-CE1|C_|6|383| |1.000000|18.580000|0.000000|000|10.445835|-1.000000|-1.000000|0.000000|-1|0
1880|50|383|13|-NE2|N_|7|384| |1.000000|20.160000|0.000000|000|10.650382|-1.000000|-1.000000|0.000000|-1|0
1880|51|384|1|-N--|N_|7|385| |1.000000|14.580000|0.000000|000|10.415482|-1.000000|-1.000000|0.000000|-1|0
1880|51|385|2|-CA-|C_|6|386| |1.000000|17.950001|0.000000|000|11.017982|-1.000000|-1.000000|0.000000|-1|0
1880|51|386|3|-C--|C_|6|387| |1.000000|17.620001|0.000000|000|11.607708|-1.000000|-1.000000|0.000000|-1|0
1880|51|387|4|-O--|O_|8|388| |1.000000|17.590000|0.000000|000|11.888523|-1.000000|-1.000000|0.000000|-1|0
1880|51|388|5|-CB-|C_|6|389| |1.000000|21.700001|0.000000|000|12.221301|-1.000000|-1.000000|0.000000|-1|0
1880|51|389|6|-CG-|C_|6|390| |1.000000|24.790001|0.000000|000|11.890149|-1.000000|-1.000000|0.000000|-1|0
1880|51|390|6|-CD-|C_|6|391| |1.000000|27.870001|0.000000|000|13.054562|-1.000000|-1.000000|0.000000|-1|0
1880|51|391|6|-CE-|C_|6|392| |1.000000|29.980000|0.000000|000|13.924020|-1.000000|-1.000000|0.000000|-1|0
1880|51|392|14|-NZ-|N_|7|393| |1.000000|31.150000|0.000000|000|14.311550|-1.000000|-1.000000|0.000000|-1|0
1880|52|393|1|-N--|N_|7|394| |1.000000|16.299999|0.000000|000|11.993696|-1.000000|-1.000000|0.000000|-1|0
1880|52|394|2|-CA-|C_|6|395| |1.000000|18.030001|0.000000|000|12.755036|-1.000000|-1.000000|0.000000|-1|0
1880|52|395|3|-C--|C_|6|396| |1.000000|16.270000|0.000000|000|11.963951|-1.000000|-1.000000|0.000000|-1|0
1880|52|396|4|-O--|O_|8|397| |1.000000|14.670000|0.000000|000|10.819057|-1.000000|-1.000000|0.000000|-1|0
1880|52|397|5|-CB-|C_|6|398| |1.000000|21.280001|0.000000|000|13.377761|-1.000000|-1.000000|0.000000|-1|0
1880|52|398|6|-CG-|C_|6|399| |1.000000|24.309999|0.000000|000|14.525173|-1.000000|-1.000000|0.000000|-1|0
1880|52|399|10|-OD1|O_|8|400| |1.000000|26.840000|0.000000|000|15.174291|-1.000000|-1.000000|0.000000|-1|0
1880|52|400|10|-OD2|O_|8|401| |1.000000|27.440001|0.000000|000|14.908376|-1.000000|-1.000000|0.000000|-1|0
1880|53|401|1|-N--|N_|7|402| |1.000000|14.610000|0.000000|000|12.693501|-1.000000|-1.000000|0.000000|-1|0
1880|53|402|2|-CA-|C_|6|403| |1.000000|14.230000|0.000000|000|12.297138|-1.000000|-1.000000|0.000000|-1|0
1880|53|403|3|-C--|C_|6|404| |1.000000|16.520000|0.000000|000|12.346484|-1.000000|-1.000000|0.000000|-1|0
1880|53|404|4|-O--|O_|8|405| |1.000000|15.670000|0.000000|000|13.261382|-1.000000|-1.000000|0.000000|-1|0
1880|53|405|5|-CB-|C_|6|406| |1.000000|17.290001|0.000000|000|13.390850|-1.000000|-1.000000|0.000000|-1|0
1880|53|406|6|-CG-|C_|6|407| |1.000000|19.730000|0.000000|000|13.592491|-1.000000|-1.000000|0.000000|-1|0
1880|53|407|6|-CD1|C_|6|408| |1.000000|20.350000|0.000000|000|14.935321|-1.000000|-1.000000|0.000000|-1|0
1880|53|408|6|-CD2|C_|6|409| |1.000000|18.719999|0.000000|000|12.486354|-1.000000|-1.000000|0.000000|-1|0
1880|54|409|1|-N--|N_|7|410| |1.000000|13.810000|0.000000|000|11.563705|-1.000000|-1.000000|0.000000|-1|0
1880|54|410|2|-CA-|C_|6|411| |1.000000|14.800000|0.000000|000|11.862520|-1.000000|-1.000000|0.000000|-1|0
1880|54|411|3|-C--|C_|6|412| |1.000000|14.290000|0.000000|000|12.679373|-1.000000|-1.000000|0.000000|-1|0
1880|54|412|4|-O--|O_|8|413| |1.000000|12.420000|0.000000|000|12.311066|-1.000000|-1.000000|0.000000|-1|0
1880|54|413|5|-CB-|C_|6|414| |1.000000|13.360000|0.000000|000|10.669634|-1.000000|-1.000000|0.000000|-1|0
1880|55|414|1|-N--|N_|7|415| |1.000000|15.400000|0.000000|000|13.924418|-1.000000|-1.000000|0.000000|-1|0
1880|55|415|2|-CA-|C_|6|416| |1.000000|16.200001|0.000000|000|14.907558|-1.000000|-1.000000|0.000000|-1|0
1880|55|416|3|-C--|C_|6|417| |1.000000|15.780000|0.000000|000|15.240877|-1.000000|-1.000000|0.000000|-1|0
1880|55|417|4|-O--|O_|8|418| |1.000000|15.870000|0.000000|000|15.640324|-1.000000|-1.000000|0.000000|-1|0
1880|55|418|5|-CB-|C_|6|419| |1.000000|17.910000|0.000000|000|16.273605|-1.000000|-1.000000|0.000000|-1|0
1880|55|419|12|-CG-|C_|6|420| |1.000000|19.790001|0.000000|000|16.400276|-1.000000|-1.000000|0.000000|-1|0
1880|55|420|12|-CD1|C_|6|421| |1.000000|20.930000|0.000000|000|16.861847|-1.000000|-1.000000|0.000000|-1|0
1880|55|421|12|-CD2|C_|6|422| |1.000000|21.389999|0.000000|000|16.174339|-1.000000|-1.000000|0.000000|-1|0
1880|55|422|12|-CE1|C_|6|423| |1.000000|21.629999|0.000000|000|17.119864|-1.000000|-1.000000|0.000000|-1|0
1880|55|423|12|-CE2|C_|6|424| |1.000000|22.020000|0.000000|000|16.441591|-1.000000|-1.000000|0.000000|-1|0
1880|55|424|12|-CZ-|C_|6|425| |1.000000|20.350000|0.000000|000|16.911837|-1.000000|-1.000000|0.000000|-1|0
1880|56|425|1|-N--|N_|7|426| |1.000000|15.010000|0.000000|000|15.284522|-1.000000|-1.000000|0.000000|-1|0
1880|56|426|2|-CA-|C_|6|427| |1.000000|16.370001|0.000000|000|15.875833|-1.000000|-1.000000|0.000000|-1|0
1880|56|427|3|-C--|C_|6|428| |1.000000|15.130000|0.000000|000|15.016627|-1.000000|-1.000000|0.000000|-1|0
1880|56|428|4|-O--|O_|8|429| |1.000000|12.720000|0.000000|000|13.925468|-1.000000|-1.000000|0.000000|-1|0
1880|56|429|5|-CB-|C_|6|430| |1.000000|19.000000|0.000000|000|16.757053|-1.000000|-1.000000|0.000000|-1|0
1880|56|430|17|-OG-|O_|8|431| |1.000000|23.850000|0.000000|000|17.765167|-1.000000|-1.000000|0.000000|-1|0
1880|57|431|1|-N--|N_|7|432| |1.000000|13.530000|0.000000|000|15.575984|-1.000000|-1.000000|0.000000|-1|0
1880|57|432|2|-CA-|C_|6|433| |1.000000|12.890000|0.000000|000|15.064933|-1.000000|-1.000000|0.000000|-1|0
1880|57|433|3|-C--|C_|6|434| |1.000000|13.070000|0.000000|000|14.986907|-1.000000|-1.000000|0.000000|-1|0
1880|57|434|4|-O--|O_|8|435| |1.000000|11.990000|0.000000|000|15.925477|-1.000000|-1.000000|0.000000|-1|0
1880|57|435|5|-CB-|C_|6|436| |1.000000|14.910000|0.000000|000|16.227314|-1.000000|-1.000000|0.000000|-1|0
1880|57|436|6|-CG-|C_|6|437| |1.000000|17.480000|0.000000|000|17.198275|-1.000000|-1.000000|0.000000|-1|0
1880|57|437|6|-CD-|C_|6|438| |1.000000|16.049999|0.000000|000|16.935440|-1.000000|-1.000000|0.000000|-1|0
1880|58|438|1|-N--|N_|7|439| |1.000000|11.660000|0.000000|000|13.960544|-1.000000|-1.000000|0.000000|-1|0
1880|58|439|2|-CA-|C_|6|440| |1.000000|11.770000|0.000000|000|13.976197|-1.000000|-1.000000|0.000000|-1|0
1880|58|440|3|-C--|C_|6|441| |1.000000|11.700000|0.000000|000|13.311660|-1.000000|-1.000000|0.000000|-1|0
1880|58|441|4|-O--|O_|8|442| |1.000000|14.140000|0.000000|000|13.287787|-1.000000|-1.000000|0.000000|-1|0
1880|59|442|1|-N--|N_|7|443| |1.000000|10.900000|0.000000|000|13.017500|-1.000000|-1.000000|0.000000|-1|0
1880|59|443|2|-CA-|C_|6|444| |1.000000|13.260000|0.000000|000|12.634154|-1.000000|-1.000000|0.000000|-1|0
1880|59|444|3|-C--|C_|6|445| |1.000000|13.240000|0.000000|000|11.285430|-1.000000|-1.000000|0.000000|-1|0
1880|59|445|4|-O--|O_|8|446| |1.000000|11.110000|0.000000|000|10.370179|-1.000000|-1.000000|0.000000|-1|0
1880|59|446|5|-CB-|C_|6|447| |1.000000|14.230000|0.000000|000|12.697550|-1.000000|-1.000000|0.000000|-1|0
1880|59|447|6|-CG-|C_|6|448| |1.000000|20.030001|0.000000|000|12.921535|-1.000000|-1.000000|0.000000|-1|0
1880|59|448|6|-CD-|C_|6|449| |1.000000|20.230000|0.000000|000|13.352333|-1.000000|-1.000000|0.000000|-1|0
1880|59|449|10|-OE1|O_|8|450| |1.000000|24.940001|0.000000|000|13.980063|-1.000000|-1.000000|0.000000|-1|0
1880|59|450|10|-OE2|O_|8|451| |1.000000|25.780001|0.000000|000|13.168577|-1.000000|-1.000000|0.000000|-1|0
1880|60|451|1|-N--|N_|7|452| |1.000000|10.740000|0.000000|000|11.349476|-1.000000|-1.000000|0.000000|-1|0
1880|60|452|2|-CA-|C_|6|453| |1.000000|12.420000|0.000000|000|10.216561|-1.000000|-1.000000|0.000000|-1|0
1880|60|453|3|-C--|C_|6|454| |1.000000|15.020000|0.000000|000|10.018032|-1.000000|-1.000000|0.000000|-1|0
1880|60|454|4|-O--|O_|8|455| |1.000000|15.860000|0.000000|000|10.951099|-1.000000|-1.000000|0.000000|-1|0
1880|60|455|5|-CB-|C_|6|456| |1.000000|16.290001|0.000000|000|10.758264|-1.000000|-1.000000|0.000000|-1|0
1880|60|456|17|-OG1|O_|8|457| |1.000000|21.280001|0.000000|000|11.963026|-1.000000|-1.000000|0.000000|-1|0
1880|60|457|6|-CG2|C_|6|458| |1.000000|16.570000|0.000000|000|11.314130|-1.000000|-1.000000|0.000000|-1|0
1880|61|458|1|-N--|N_|7|459| |1.000000|12.710000|0.000000|000|8.939402|-1.000000|-1.000000|0.000000|-1|0
1880|61|459|2|-CA-|C_|6|460| |1.000000|14.720000|0.000000|000|9.003348|-1.000000|-1.000000|0.000000|-1|0
1880|61|460|3|-C--|C_|6|461| |1.000000|13.800000|0.000000|000|8.193956|-1.000000|-1.000000|0.000000|-1|0
1880|61|461|4|-O--|O_|8|462| |1.000000|11.420000|0.000000|000|7.403732|-1.000000|-1.000000|0.000000|-1|0
1880|61|462|5|-CB-|C_|6|463| |1.000000|15.210000|0.000000|000|8.901770|-1.000000|-1.000000|0.000000|-1|0
1880|61|463|12|-CG-|C_|6|464| |1.000000|15.520000|0.000000|000|7.719398|-1.000000|-1.000000|0.000000|-1|0
1880|61|464|12|-CD1|C_|6|465| |1.000000|15.090000|0.000000|000|6.502186|-1.000000|-1.000000|0.000000|-1|0
1880|61|465|12|-CD2|C_|6|466| |1.000000|16.180000|0.000000|000|8.081557|-1.000000|-1.000000|0.000000|-1|0
1880|61|466|12|-CE1|C_|6|467| |1.000000|16.430000|0.000000|000|5.517781|-1.000000|-1.000000|0.000000|-1|0
1880|61|467|12|-CE2|C_|6|468| |1.000000|17.000000|0.000000|000|7.311089|-1.000000|-1.000000|0.000000|-1|0
1880|61|468|12|-CZ-|C_|6|469| |1.000000|15.080000|0.000000|000|6.027408|-1.000000|-1.000000|0.000000|-1|0
1880|62|469|1|-N--|N_|7|470| |1.000000|14.820000|0.000000|000|8.731592|-1.000000|-1.000000|0.000000|-1|0
1880|62|470|2|-CA-|C_|6|471| |1.000000|17.340000|0.000000|000|8.443854|-1.000000|-1.000000|0.000000|-1|0
1880|62|471|3|-C--|C_|6|472| |1.000000|15.280000|0.000000|000|8.522767|-1.000000|-1.000000|0.000000|-1|0
1880|62|472|4|-O--|O_|8|473| |1.000000|14.570000|0.000000|000|9.071636|-1.000000|-1.000000|0.000000|-1|0
1880|62|473|5|-CB-|C_|6|474| |1.000000|20.370001|0.000000|000|9.687365|-1.000000|-1.000000|0.000000|-1|0
1880|62|474|6|-CG-|C_|6|475| |1.000000|29.480000|0.000000|000|10.423151|-1.000000|-1.000000|0.000000|-1|0
1880|62|475|6|-CD-|C_|6|476| |1.000000|32.439999|0.000000|000|11.816108|-1.000000|-1.000000|0.000000|-1|0
1880|62|476|10|-OE1|O_|8|477| |1.000000|37.500000|0.000000|000|12.313485|-1.000000|-1.000000|0.000000|-1|0
1880|62|477|10|-OE2|O_|8|478| |1.000000|33.540001|0.000000|000|12.480696|-1.000000|-1.000000|0.000000|-1|0
1880|63|478|1|-N--|N_|7|479| |1.000000|14.270000|0.000000|000|8.290483|-1.000000|-1.000000|0.000000|-1|0
1880|63|479|2|-CA-|C_|6|480| |1.000000|12.360000|0.000000|000|8.743658|-1.000000|-1.000000|0.000000|-1|0
1880|63|480|3|-C--|C_|6|481| |1.000000|12.260000|0.000000|000|9.416127|-1.000000|-1.000000|0.000000|-1|0
1880|63|481|4|-O--|O_|8|482| |1.000000|10.820000|0.000000|000|8.950435|-1.000000|-1.000000|0.000000|-1|0
1880|63|482|5|-CB-|C_|6|483| |1.000000|12.500000|0.000000|000|7.739274|-1.000000|-1.000000|0.000000|-1|0
1880|64|483|1|-N--|N_|7|484| |1.000000|12.780000|0.000000|000|10.575122|-1.000000|-1.000000|0.000000|-1|0
1880|64|484|2|-CA-|C_|6|485| |1.000000|11.260000|0.000000|000|11.404520|-1.000000|-1.000000|0.000000|-1|0
1880|64|485|3|-C--|C_|6|486| |1.000000|11.470000|0.000000|000|11.550858|-1.000000|-1.000000|0.000000|-1|0
1880|64|486|4|-O--|O_|8|487| |1.000000|10.110000|0.000000|000|11.909854|-1.000000|-1.000000|0.000000|-1|0
1880|64|487|5|-CB-|C_|6|488| |1.000000|14.920000|0.000000|000|12.820571|-1.000000|-1.000000|0.000000|-1|0
1880|64|488|17|-OG1|O_|8|489| |1.000000|17.320000|0.000000|000|12.829053|-1.000000|-1.000000|0.000000|-1|0
1880|64|489|6|-CG2|C_|6|490| |1.000000|14.560000|0.000000|000|13.782524|-1.000000|-1.000000|0.000000|-1|0
1880|65|490|1|-N--|N_|7|491| |1.000000|8.380000|0.000000|000|11.393130|-1.000000|-1.000000|0.000000|-1|0
1880|65|491|2|-CA-|C_|6|492| |1.000000|11.260000|0.000000|000|11.704880|-1.000000|-1.000000|0.000000|-1|0
1880|65|492|3|-C--|C_|6|493| |1.000000|11.960000|0.000000|000|13.166594|-1.000000|-1.000000|0.000000|-1|0
1880|65|493|4|-O--|O_|8|494| |1.000000|15.380000|0.000000|000|13.533606|-1.000000|-1.000000|0.000000|-1|0
1880|65|494|5|-CB-|C_|6|495| |1.000000|10.260000|0.000000|000|10.886905|-1.000000|-1.000000|0.000000|-1|0
1880|65|495|12|-CG-|C_|6|496| |1.000000|13.750000|0.000000|000|9.479511|-1.000000|-1.000000|0.000000|-1|0
1880|65|496|12|-CD1|C_|6|497| |1.000000|14.390000|0.000000|000|8.516046|-1.000000|-1.000000|0.000000|-1|0
1880|65|497|12|-CD2|C_|6|498| |1.000000|13.180000|0.000000|000|9.307493|-1.000000|-1.000000|0.000000|-1|0
1880|65|498|12|-CE1|C_|6|499| |1.000000|14.390000|0.000000|000|7.242025|-1.000000|-1.000000|0.000000|-1|0
1880|65|499|12|-CE2|C_|6|500| |1.000000|15.530000|0.000000|000|8.152199|-1.000000|-1.000000|0.000000|-1|0
1880|65|500|12|-CZ-|C_|6|501| |1.000000|12.860000|0.000000|000|7.016943|-1.000000|-1.000000|0.000000|-1|0
1880|66|501|1|-N--|N_|7|502| |1.000000|13.740000|0.000000|000|14.075970|-1.000000|-1.000000|0.000000|-1|0
1880|66|502|2|-CA-|C_|6|503| |1.000000|17.629999|0.000000|000|15.473187|-1.000000|-1.000000|0.000000|-1|0
1880|66|503|3|-C--|C_|6|504| |1.000000|18.090000|0.000000|000|16.035658|-1.000000|-1.000000|0.000000|-1|0
1880|66|504|4|-O--|O_|8|505| |1.000000|17.790001|0.000000|000|17.100565|-1.000000|-1.000000|0.000000|-1|0
1880|66|505|5|-CB-|C_|6|506| |1.000000|19.200001|0.000000|000|16.380449|-1.000000|-1.000000|0.000000|-1|0
1880|66|506|17|-OG-|O_|8|507| |1.000000|21.459999|0.000000|000|16.188208|-1.000000|-1.000000|0.000000|-1|0
1880|67|507|1|-N--|N_|7|508| |1.000000|18.510000|0.000000|000|15.470428|-1.000000|-1.000000|0.000000|-1|0
1880|67|508|2|-CA-|C_|6|509| |1.000000|20.209999|0.000000|000|16.218184|-1.000000|-1.000000|0.000000|-1|0
1880|67|509|3|-C--|C_|6|510| |1.000000|18.730000|0.000000|000|15.718834|-1.000000|-1.000000|0.000000|-1|0
1880|67|510|4|-O--|O_|8|511| |1.000000|18.260000|0.000000|000|14.567498|-1.000000|-1.000000|0.000000|-1|0
1880|67|511|5|-CB-|C_|6|512| |1.000000|22.680000|0.000000|000|16.328148|-1.000000|-1.000000|0.000000|-1|0
1880|67|512|6|-CG-|C_|6|513| |1.000000|30.650000|0.000000|000|17.223515|-1.000000|-1.000000|0.000000|-1|0
1880|67|513|6|-CD-|C_|6|514| |1.000000|34.970001|0.000000|000|18.617264|-1.000000|-1.000000|0.000000|-1|0
1880|67|514|10|-OE1|O_|8|515| |1.000000|37.410000|0.000000|000|19.125362|-1.000000|-1.000000|0.000000|-1|0
1880|67|515|10|-OE2|O_|8|516| |1.000000|38.660000|0.000000|000|19.264297|-1.000000|-1.000000|0.000000|-1|0
1880|68|516|1|-N--|N_|7|517| |1.000000|18.559999|0.000000|000|16.617002|-1.000000|-1.000000|0.000000|-1|0
1880|68|517|2|-CA-|C_|6|518| |1.000000|18.170000|0.000000|000|16.412048|-1.000000|-1.000000|0.000000|-1|0
1880|68|518|3|-C--|C_|6|519| |1.000000|16.600000|0.000000|000|16.080959|-1.000000|-1.000000|0.000000|-1|0
1880|68|519|4|-O--|O_|8|520| |1.000000|18.100000|0.000000|000|16.543377|-1.000000|-1.000000|0.000000|-1|0
1880|68|520|5|-CB-|C_|6|521| |1.000000|20.049999|0.000000|000|17.810627|-1.000000|-1.000000|0.000000|-1|0
1880|68|521|6|-CG-|C_|6|522| |1.000000|22.450001|0.000000|000|18.464951|-1.000000|-1.000000|0.000000|-1|0
1880|68|522|6|-CD-|C_|6|523| |1.000000|21.490000|0.000000|000|18.027987|-1.000000|-1.000000|0.000000|-1|0
1880|69|523|1|-N--|N_|7|524| |1.000000|15.850000|0.000000|000|15.502308|-1.000000|-1.000000|0.000000|-1|0
1880|69|524|2|-CA-|C_|6|525| |1.000000|13.990000|0.000000|000|15.355452|-1.000000|-1.000000|0.000000|-1|0
1880|69|525|3|-C--|C_|6|526| |1.000000|14.300000|0.000000|000|14.128840|-1.000000|-1.000000|0.000000|-1|0
1880|69|526|4|-O--|O_|8|527| |1.000000|13.610000|0.000000|000|13.441435|-1.000000|-1.000000|0.000000|-1|0
1880|70|527|1|-N--|N_|7|528| |1.000000|15.450000|0.000000|000|14.027333|-1.000000|-1.000000|0.000000|-1|0
1880|70|528|2|-CA-|C_|6|529| |1.000000|15.790000|0.000000|000|12.992724|-1.000000|-1.000000|0.000000|-1|0
1880|70|529|3|-C--|C_|6|530| |1.000000|14.850000|0.000000|000|12.098003|-1.000000|-1.000000|0.000000|-1|0
1880|70|530|4|-O--|O_|8|531| |1.000000|15.320000|0.000000|000|12.709625|-1.000000|-1.000000|0.000000|-1|0
1880|70|531|5|-CB-|C_|6|532| |1.000000|18.820000|0.000000|000|13.762079|-1.000000|-1.000000|0.000000|-1|0
1880|70|532|17|-OG1|O_|8|533| |1.000000|20.290001|0.000000|000|14.514117|-1.000000|-1.000000|0.000000|-1|0
1880|70|533|6|-CG2|C_|6|534| |1.000000|19.270000|0.000000|000|12.901611|-1.000000|-1.000000|0.000000|-1|0
1880|71|534|1|-N--|N_|7|535| |1.000000|9.310000|0.000000|000|10.789615|-1.000000|-1.000000|0.000000|-1|0
1880|71|535|2|-CA-|C_|6|536| |1.000000|10.650000|0.000000|000|9.999041|-1.000000|-1.000000|0.000000|-1|0
1880|71|536|3|-C--|C_|6|537| |1.000000|11.740000|0.000000|000|9.200827|-1.000000|-1.000000|0.000000|-1|0
1880|71|537|4|-O--|O_|8|538| |1.000000|14.160000|0.000000|000|8.560637|-1.000000|-1.000000|0.000000|-1|0
1880|71|538|5|-CB-|C_|6|539| |1.000000|9.660000|0.000000|000|9.189002|-1.000000|-1.000000|0.000000|-1|0
1880|71|539|12|-CG-|C_|6|540| |1.000000|12.710000|0.000000|000|10.249119|-1.000000|-1.000000|0.000000|-1|0
1880|71|540|12|-CD1|C_|6|541| |1.000000|13.270000|0.000000|000|10.833684|-1.000000|-1.000000|0.000000|-1|0
1880|71|541|12|-CD2|C_|6|542| |1.000000|15.660000|0.000000|000|10.850423|-1.000000|-1.000000|0.000000|-1|0
1880|71|542|12|-CE1|C_|6|543| |1.000000|16.920000|0.000000|000|11.926092|-1.000000|-1.000000|0.000000|-1|0
1880|71|543|12|-CE2|C_|6|544| |1.000000|19.100000|0.000000|000|11.949133|-1.000000|-1.000000|0.000000|-1|0
1880|71|544|12|-CZ-|C_|6|545| |1.000000|19.770000|0.000000|000|12.429674|-1.000000|-1.000000|0.000000|-1|0
1880|71|545|18|-OH-|O_|8|546| |1.000000|20.680000|0.000000|000|13.594154|-1.000000|-1.000000|0.000000|-1|0
1880|72|546|1|-N--|N_|7|547| |1.000000|10.710000|0.000000|000|9.456628|-1.000000|-1.000000|0.000000|-1|0
1880|72|547|2|-CA-|C_|6|548| |1.000000|9.450000|0.000000|000|8.983917|-1.000000|-1.000000|0.000000|-1|0
1880|72|548|3|-C--|C_|6|549| |1.000000|8.690000|0.000000|000|8.013884|-1.000000|-1.000000|0.000000|-1|0
1880|72|549|4|-O--|O_|8|550| |1.000000|7.930000|0.000000|000|8.350003|-1.000000|-1.000000|0.000000|-1|0
1880|72|550|5|-CB-|C_|6|551| |1.000000|13.790000|0.000000|000|10.298628|-1.000000|-1.000000|0.000000|-1|0
1880|72|551|17|-OG1|O_|8|552| |1.000000|17.389999|0.000000|000|11.166614|-1.000000|-1.000000|0.000000|-1|0
1880|72|552|6|-CG2|C_|6|553| |1.000000|15.520000|0.000000|000|10.142474|-1.000000|-1.000000|0.000000|-1|0
1880|73|553|1|-N--|N_|7|554| |1.000000|7.800000|0.000000|000|7.039345|-1.000000|-1.000000|0.000000|-1|0
1880|73|554|2|-CA-|C_|6|555| |1.000000|7.740000|0.000000|000|6.302190|-1.000000|-1.000000|0.000000|-1|0
1880|73|555|3|-C--|C_|6|556| |1.000000|6.830000|0.000000|000|6.359144|-1.000000|-1.000000|0.000000|-1|0
1880|73|556|4|-O--|O_|8|557| |1.000000|8.720000|0.000000|000|6.719642|-1.000000|-1.000000|0.000000|-1|0
1880|73|557|5|-CB-|C_|6|558| |1.000000|6.830000|0.000000|000|5.033489|-1.000000|-1.000000|0.000000|-1|0
1880|73|558|12|-CG-|C_|6|559| |1.000000|8.600000|0.000000|000|3.964323|-1.000000|-1.000000|0.000000|-1|0
1880|73|559|12|-CD1|C_|6|560| |1.000000|9.990000|0.000000|000|3.073604|-1.000000|-1.000000|0.000000|-1|0
1880|73|560|12|-CD2|C_|6|561| |1.000000|7.770000|0.000000|000|4.322106|-1.000000|-1.000000|0.000000|-1|0
1880|73|561|12|-CE1|C_|6|562| |1.000000|8.250000|0.000000|000|2.550755|-1.000000|-1.000000|0.000000|-1|0
1880|73|562|12|-CE2|C_|6|563| |1.000000|9.700000|0.000000|000|3.971889|-1.000000|-1.000000|0.000000|-1|0
1880|73|563|12|-CZ-|C_|6|564| |1.000000|9.690000|0.000000|000|3.100761|-1.000000|-1.000000|0.000000|-1|0
1880|73|564|18|-OH-|O_|8|565| |1.000000|10.180000|0.000000|000|3.529258|-1.000000|-1.000000|0.000000|-1|0
1880|74|565|1|-N--|N_|7|566| |1.000000|8.180000|0.000000|000|6.515953|-1.000000|-1.000000|0.000000|-1|0
1880|74|566|2|-CA-|C_|6|567| |1.000000|7.890000|0.000000|000|7.051403|-1.000000|-1.000000|0.000000|-1|0
1880|74|567|3|-C--|C_|6|568| |1.000000|8.650000|0.000000|000|6.921254|-1.000000|-1.000000|0.000000|-1|0
1880|74|568|4|-O--|O_|8|569| |1.000000|10.370000|0.000000|000|6.664548|-1.000000|-1.000000|0.000000|-1|0
1880|74|569|5|-CB-|C_|6|570| |1.000000|8.710000|0.000000|000|8.578849|-1.000000|-1.000000|0.000000|-1|0
1880|74|570|12|-CG-|C_|6|571| |1.000000|11.460000|0.000000|000|9.353994|-1.000000|-1.000000|0.000000|-1|0
1880|74|571|12|-CD1|C_|6|572| |1.000000|12.270000|0.000000|000|9.927985|-1.000000|-1.000000|0.000000|-1|0
1880|74|572|12|-CD2|C_|6|573| |1.000000|14.250000|0.000000|000|9.799314|-1.000000|-1.000000|0.000000|-1|0
1880|74|573|12|-CE1|C_|6|574| |1.000000|16.240000|0.000000|000|10.834661|-1.000000|-1.000000|0.000000|-1|0
1880|74|574|12|-CE2|C_|6|575| |1.000000|18.000000|0.000000|000|10.710583|-1.000000|-1.000000|0.000000|-1|0
1880|74|575|12|-CZ-|C_|6|576| |1.000000|17.940001|0.000000|000|11.182679|-1.000000|-1.000000|0.000000|-1|0
1880|74|576|18|-OH-|O_|8|577| |1.000000|21.629999|0.000000|000|12.235426|-1.000000|-1.000000|0.000000|-1|0
1880|75|577|1|-N--|N_|7|578| |1.000000|8.250000|0.000000|000|7.473882|-1.000000|-1.000000|0.000000|-1|0
1880|75|578|2|-CA-|C_|6|579| |1.000000|7.830000|0.000000|000|7.920305|-1.000000|-1.000000|0.000000|-1|0
1880|75|579|3|-C--|C_|6|580| |1.000000|9.870000|0.000000|000|9.393041|-1.000000|-1.000000|0.000000|-1|0
1880|75|580|4|-O--|O_|8|581| |1.000000|8.350000|0.000000|000|10.185767|-1.000000|-1.000000|0.000000|-1|0
1880|75|581|5|-CB-|C_|6|582| |1.000000|9.330000|0.000000|000|8.006531|-1.000000|-1.000000|0.000000|-1|0
1880|75|582|11|-SG-|S_|16|583| |1.000000|10.570000|0.000000|000|9.099660|-1.000000|-1.000000|0.000000|-1|0
1880|76|583|1|-N--|N_|7|584| |1.000000|11.040000|0.000000|000|9.909323|-1.000000|-1.000000|0.000000|-1|0
1880|76|584|2|-CA-|C_|6|585| |1.000000|14.400000|0.000000|000|11.350644|-1.000000|-1.000000|0.000000|-1|0
1880|76|585|3|-C--|C_|6|586| |1.000000|14.540000|0.000000|000|12.306241|-1.000000|-1.000000|0.000000|-1|0
1880|76|586|4|-O--|O_|8|587| |1.000000|15.760000|0.000000|000|13.091343|-1.000000|-1.000000|0.000000|-1|0
1880|76|587|5|-CB-|C_|6|588| |1.000000|15.180000|0.000000|000|11.979806|-1.000000|-1.000000|0.000000|-1|0
1880|76|588|6|-CG-|C_|6|589| |1.000000|17.190001|0.000000|000|11.568591|-1.000000|-1.000000|0.000000|-1|0
1880|76|589|6|-CD-|C_|6|590| |1.000000|18.160000|0.000000|000|12.434459|-1.000000|-1.000000|0.000000|-1|0
1880|76|590|10|-OE1|O_|8|591| |1.000000|21.830000|0.000000|000|13.127860|-1.000000|-1.000000|0.000000|-1|0
1880|76|591|10|-OE2|O_|8|592| |1.000000|19.420000|0.000000|000|12.543367|-1.000000|-1.000000|0.000000|-1|0
1880|77|592|1|-N--|N_|7|593| |1.000000|14.290000|0.000000|000|12.480706|-1.000000|-1.000000|0.000000|-1|0
1880|77|593|2|-CA-|C_|6|594| |1.000000|17.020000|0.000000|000|13.589855|-1.000000|-1.000000|0.000000|-1|0
1880|77|594|3|-C--|C_|6|595| |1.000000|17.809999|0.000000|000|13.595873|-1.000000|-1.000000|0.000000|-1|0
1880|77|595|4|-O--|O_|8|596| |1.000000|16.860001|0.000000|000|14.739865|-1.000000|-1.000000|0.000000|-1|0
1880|77|596|5|-CB-|C_|6|597| |1.000000|18.270000|0.000000|000|13.733974|-1.000000|-1.000000|0.000000|-1|0
1880|77|597|6|-CG-|C_|6|598| |1.000000|18.680000|0.000000|000|12.544318|-1.000000|-1.000000|0.000000|-1|0
1880|77|598|6|-CD-|C_|6|599| |1.000000|16.340000|0.000000|000|11.879651|-1.000000|-1.000000|0.000000|-1|0
1880|78|599|1|-N--|N_|7|600| |1.000000|12.920000|0.000000|000|12.502205|-1.000000|-1.000000|0.000000|-1|0
1880|78|600|2|-CA-|C_|6|601| |1.000000|9.830000|0.000000|000|12.697273|-1.000000|-1.000000|0.000000|-1|0
1880|78|601|3|-C--|C_|6|602| |1.000000|12.290000|0.000000|000|12.451080|-1.000000|-1.000000|0.000000|-1|0
1880|78|602|4|-O--|O_|8|603| |1.000000|10.680000|0.000000|000|12.491533|-1.000000|-1.000000|0.000000|-1|0
1880|78|603|5|-CB-|C_|6|604| |1.000000|12.040000|0.000000|000|11.855801|-1.000000|-1.000000|0.000000|-1|0
1880|78|604|12|-CG-|C_|6|605| |1.000000|13.170000|0.000000|000|12.425287|-1.000000|-1.000000|0.000000|-1|0
1880|78|605|13|-ND1|N_|7|606| |1.000000|12.850000|0.000000|000|11.794689|-1.000000|-1.000000|0.000000|-1|0
1880|78|606|12|-CD2|C_|6|607| |1.000000|14.530000|0.000000|000|13.758160|-1.000000|-1.000000|0.000000|-1|0
1880|78|607|12|-CE1|C_|6|608| |1.000000|11.970000|0.000000|000|12.744391|-1.000000|-1.000000|0.000000|-1|0
1880|78|608|13|-NE2|N_|7|609| |1.000000|13.890000|0.000000|000|13.910657|-1.000000|-1.000000|0.000000|-1|0
1880|79|609|1|-N--|N_|7|610| |1.000000|13.780000|0.000000|000|12.437748|-1.000000|-1.000000|0.000000|-1|0
1880|79|610|2|-CA-|C_|6|611| |1.000000|18.000000|0.000000|000|12.406066|-1.000000|-1.000000|0.000000|-1|0
1880|79|611|3|-C--|C_|6|612| |1.000000|16.450001|0.000000|000|13.664712|-1.000000|-1.000000|0.000000|-1|0
1880|79|612|4|-O--|O_|8|613| |1.000000|15.960000|0.000000|000|13.688448|-1.000000|-1.000000|0.000000|-1|0
1880|79|613|5|-CB-|C_|6|614| |1.000000|21.570000|0.000000|000|12.539164|-1.000000|-1.000000|0.000000|-1|0
1880|79|614|6|-CG-|C_|6|615| |1.000000|26.780001|0.000000|000|12.942076|-1.000000|-1.000000|0.000000|-1|0
1880|79|615|6|-CD-|C_|6|616| |1.000000|33.509998|0.000000|000|12.321131|-1.000000|-1.000000|0.000000|-1|0
1880|79|616|7|-NE-|N_|7|617| |1.000000|36.700001|0.000000|000|13.130387|-1.000000|-1.000000|0.000000|-1|0
1880|79|617|6|-CZ-|C_|6|618| |1.000000|38.840000|0.000000|000|13.601123|-1.000000|-1.000000|0.000000|-1|0
1880|79|618|7|-NH1|N_|7|619| |1.000000|40.849998|0.000000|000|13.363933|-1.000000|-1.000000|0.000000|-1|0
1880|79|619|7|-NH2|N_|7|620| |1.000000|38.000000|0.000000|000|14.460151|-1.000000|-1.000000|0.000000|-1|0
1880|80|620|1|-N--|N_|7|621| |1.000000|17.379999|0.000000|000|14.750869|-1.000000|-1.000000|0.000000|-1|0
1880|80|621|2|-CA-|C_|6|622| |1.000000|18.139999|0.000000|000|16.047308|-1.000000|-1.000000|0.000000|-1|0
1880|80|622|3|-C--|C_|6|623| |1.000000|19.070000|0.000000|000|16.135487|-1.000000|-1.000000|0.000000|-1|0
1880|80|623|4|-O--|O_|8|624| |1.000000|21.100000|0.000000|000|17.013474|-1.000000|-1.000000|0.000000|-1|0
1880|81|624|1|-N--|N_|7|625| |1.000000|15.490000|0.000000|000|15.382929|-1.000000|-1.000000|0.000000|-1|0
1880|81|625|2|-CA-|C_|6|626| |1.000000|15.170000|0.000000|000|15.502625|-1.000000|-1.000000|0.000000|-1|0
1880|81|626|3|-C--|C_|6|627| |1.000000|13.070000|0.000000|000|14.642295|-1.000000|-1.000000|0.000000|-1|0
1880|81|627|4|-O--|O_|8|628| |1.000000|13.030000|0.000000|000|14.723280|-1.000000|-1.000000|0.000000|-1|0
1880|81|628|5|-CB-|C_|6|629| |1.000000|17.780001|0.000000|000|15.351013|-1.000000|-1.000000|0.000000|-1|0
1880|82|629|1|-N--|N_|7|630| |1.000000|11.470000|0.000000|000|13.945410|-1.000000|-1.000000|0.000000|-1|0
1880|82|630|2|-CA-|C_|6|631| |1.000000|12.060000|0.000000|000|13.316636|-1.000000|-1.000000|0.000000|-1|0
1880|82|631|3|-C--|C_|6|632| |1.000000|9.720000|0.000000|000|11.872808|-1.000000|-1.000000|0.000000|-1|0
1880|82|632|4|-O--|O_|8|633| |1.000000|10.030000|0.000000|000|11.484742|-1.000000|-1.000000|0.000000|-1|0
1880|83|633|1|-N--|N_|7|634| |1.000000|8.140000|0.000000|000|11.196181|-1.000000|-1.000000|0.000000|-1|0
1880|83|634|2|-CA-|C_|6|635| |1.000000|6.920000|0.000000|000|9.813503|-1.000000|-1.000000|0.000000|-1|0
1880|83|635|3|-C--|C_|6|636| |1.000000|8.610000|0.000000|000|8.856852|-1.000000|-1.000000|0.000000|-1|0
1880|83|636|4|-O--|O_|8|637| |1.000000|8.890000|0.000000|000|8.409025|-1.000000|-1.000000|0.000000|-1|0
1880|83|637|5|-CB-|C_|6|638| |1.000000|6.960000|0.000000|000|9.663004|-1.000000|-1.000000|0.000000|-1|0
1880|83|638|6|-CG-|C_|6|639| |1.000000|8.970000|0.000000|000|8.536858|-1.000000|-1.000000|0.000000|-1|0
1880|83|639|16|-SD-|S_|16|640| |1.000000|9.560000|0.000000|000|9.033093|-1.000000|-1.000000|0.000000|-1|0
1880|83|640|6|-CE-|C_|6|641| |1.000000|7.430000|0.000000|000|7.789023|-1.000000|-1.000000|0.000000|-1|0
1880|84|641|1|-N--|N_|7|642| |1.000000|7.160000|0.000000|000|8.850402|-1.000000|-1.000000|0.000000|-1|0
1880|84|642|2|-CA-|C_|6|643| |1.000000|8.670000|0.000000|000|8.376318|-1.000000|-1.000000|0.000000|-1|0
1880|84|643|3|-C--|C_|6|644| |1.000000|9.210000|0.000000|000|7.796620|-1.000000|-1.000000|0.000000|-1|0
1880|84|644|4|-O--|O_|8|645| |1.000000|9.060000|0.000000|000|8.406819|-1.000000|-1.000000|0.000000|-1|0
1880|84|645|5|-CB-|C_|6|646| |1.000000|11.210000|0.000000|000|9.716864|-1.000000|-1.000000|0.000000|-1|0
1880|84|646|6|-CG1|C_|6|647| |1.000000|12.640000|0.000000|000|9.722473|-1.000000|-1.000000|0.000000|-1|0
1880|84|647|6|-CG2|C_|6|648| |1.000000|11.500000|0.000000|000|10.565288|-1.000000|-1.000000|0.000000|-1|0
1880|85|648|1|-N--|N_|7|649| |1.000000|8.870000|0.000000|000|6.889087|-1.000000|-1.000000|0.000000|-1|0
1880|85|649|2|-CA-|C_|6|650| |1.000000|8.190000|0.000000|000|6.701720|-1.000000|-1.000000|0.000000|-1|0
1880|85|650|3|-C--|C_|6|651| |1.000000|10.260000|0.000000|000|7.121109|-1.000000|-1.000000|0.000000|-1|0
1880|85|651|4|-O--|O_|8|652| |1.000000|8.410000|0.000000|000|7.358973|-1.000000|-1.000000|0.000000|-1|0
1880|86|652|1|-N--|N_|7|653| |1.000000|8.460000|0.000000|000|7.414500|-1.000000|-1.000000|0.000000|-1|0
1880|86|653|2|-CA-|C_|6|654| |1.000000|11.710000|0.000000|000|8.138518|-1.000000|-1.000000|0.000000|-1|0
1880|86|654|3|-C--|C_|6|655| |1.000000|11.240000|0.000000|000|7.884356|-1.000000|-1.000000|0.000000|-1|0
1880|86|655|4|-O--|O_|8|656| |1.000000|9.270000|0.000000|000|7.790578|-1.000000|-1.000000|0.000000|-1|0
1880|86|656|5|-CB-|C_|6|657| |1.000000|15.050000|0.000000|000|9.627302|-1.000000|-1.000000|0.000000|-1|0
1880|86|657|6|-CG-|C_|6|658| |1.000000|24.040001|0.000000|000|10.577299|-1.000000|-1.000000|0.000000|-1|0
1880|86|658|6|-CD-|C_|6|659| |1.000000|26.570000|0.000000|000|11.875367|-1.000000|-1.000000|0.000000|-1|0
1880|86|659|6|-CE-|C_|6|660| |1.000000|29.120001|0.000000|000|12.699226|-1.000000|-1.000000|0.000000|-1|0
1880|86|660|14|-NZ-|N_|7|661| |1.000000|33.459999|0.000000|000|14.137075|-1.000000|-1.000000|0.000000|-1|0
1880|87|661|1|-N--|N_|7|662| |1.000000|11.160000|0.000000|000|8.012602|-1.000000|-1.000000|0.000000|-1|0
1880|87|662|2|-CA-|C_|6|663| |1.000000|12.180000|0.000000|000|8.218267|-1.000000|-1.000000|0.000000|-1|0
1880|87|663|3|-C--|C_|6|664| |1.000000|12.380000|0.000000|000|9.674554|-1.000000|-1.000000|0.000000|-1|0
1880|87|664|4|-O--|O_|8|665| |1.000000|11.900000|0.000000|000|10.030794|-1.000000|-1.000000|0.000000|-1|0
1880|87|665|5|-CB-|C_|6|666| |1.000000|13.520000|0.000000|000|7.379548|-1.000000|-1.000000|0.000000|-1|0
1880|87|666|6|-CG1|C_|6|667| |1.000000|15.780000|0.000000|000|5.949151|-1.000000|-1.000000|0.000000|-1|0
1880|87|667|6|-CG2|C_|6|668| |1.000000|14.600000|0.000000|000|8.157555|-1.000000|-1.000000|0.000000|-1|0
1880|87|668|6|-CD1|C_|6|669| |1.000000|18.520000|0.000000|000|5.051224|-1.000000|-1.000000|0.000000|-1|0
1880|88|669|1|-N--|N_|7|670| |1.000000|11.620000|0.000000|000|10.606191|-1.000000|-1.000000|0.000000|-1|0
1880|88|670|2|-CA-|C_|6|671| |1.000000|12.510000|0.000000|000|11.986847|-1.000000|-1.000000|0.000000|-1|0
1880|88|671|3|-C--|C_|6|672| |1.000000|10.700000|0.000000|000|12.345142|-1.000000|-1.000000|0.000000|-1|0
1880|88|672|4|-O--|O_|8|673| |1.000000|12.020000|0.000000|000|12.272255|-1.000000|-1.000000|0.000000|-1|0
1880|88|673|5|-CB-|C_|6|674| |1.000000|15.660000|0.000000|000|13.032243|-1.000000|-1.000000|0.000000|-1|0
1880|88|674|6|-CG1|C_|6|675| |1.000000|16.250000|0.000000|000|14.415097|-1.000000|-1.000000|0.000000|-1|0
1880|88|675|6|-CG2|C_|6|676| |1.000000|17.440001|0.000000|000|12.864221|-1.000000|-1.000000|0.000000|-1|0
1880|89|676|1|-N--|N_|7|677| |1.000000|11.600000|0.000000|000|12.862631|-1.000000|-1.000000|0.000000|-1|0
1880|89|677|2|-CA-|C_|6|678| |1.000000|11.220000|0.000000|000|13.418839|-1.000000|-1.000000|0.000000|-1|0
1880|89|678|3|-C--|C_|6|679| |1.000000|14.870000|0.000000|000|14.945580|-1.000000|-1.000000|0.000000|-1|0
1880|89|679|4|-O--|O_|8|680| |1.000000|13.410000|0.000000|000|15.520284|-1.000000|-1.000000|0.000000|-1|0
1880|89|680|5|-CB-|C_|6|681| |1.000000|11.620000|0.000000|000|13.172160|-1.000000|-1.000000|0.000000|-1|0
1880|89|681|6|-CG1|C_|6|682| |1.000000|13.080000|0.000000|000|13.912401|-1.000000|-1.000000|0.000000|-1|0
1880|89|682|6|-CG2|C_|6|683| |1.000000|11.060000|0.000000|000|11.649199|-1.000000|-1.000000|0.000000|-1|0
1880|90|683|1|-N--|N_|7|684| |1.000000|19.440001|0.000000|000|15.530177|-1.000000|-1.000000|0.000000|-1|0
1880|90|684|2|-CA-|C_|6|685| |1.000000|24.280001|0.000000|000|16.975098|-1.000000|-1.000000|0.000000|-1|0
1880|90|685|3|-C--|C_|6|686| |1.000000|25.400000|0.000000|000|17.824213|-1.000000|-1.000000|0.000000|-1|0
1880|90|686|4|-O--|O_|8|687| |1.000000|24.420000|0.000000|000|17.441793|-1.000000|-1.000000|0.000000|-1|0
1880|90|687|5|-CB-|C_|6|688| |1.000000|23.680000|0.000000|000|17.289827|-1.000000|-1.000000|0.000000|-1|0
1880|90|688|6|-CG-|C_|6|689| |1.000000|25.600000|0.000000|000|16.761448|-1.000000|-1.000000|0.000000|-1|0
1880|90|689|6|-CD-|C_|6|690| |1.000000|28.360001|0.000000|000|16.862450|-1.000000|-1.000000|0.000000|-1|0
1880|90|690|8|-OE1|O_|8|691| |1.000000|29.180000|0.000000|000|16.359644|-1.000000|-1.000000|0.000000|-1|0
1880|90|691|9|-NE2|N_|7|692| |1.000000|23.700001|0.000000|000|17.650354|-1.000000|-1.000000|0.000000|-1|0
1880|90|692|8|-OXT|O_|8|693| |1.000000|29.730000|0.000000|000|19.006886|-1.000000|-1.000000|0.000000|-1|0
1880|91|693|40|CU--|Cu|29|695| |1.000000|12.210000|0.000000|000|9.858319|-1.000000|-1.000000|0.000000|-1|2
1880|92|694|28|-O--|O_|8|696| |1.000000|12.460000|0.000000|000|5.844306|-1.000000|-1.000000|0.000000|-1|1
1880|93|695|28|-O--|O_|8|697| |1.000000|17.209999|0.000000|000|10.955758|-1.000000|-1.000000|0.000000|-1|1
1880|94|696|28|-O--|O_|8|698| |1.000000|19.420000|0.000000|000|5.974493|-1.000000|-1.000000|0.000000|-1|1
1880|95|697|28|-O--|O_|8|699| |1.000000|22.830000|0.000000|000|13.221090|-1.000000|-1.000000|0.000000|-1|1
1880|96|698|28|-O--|O_|8|700| |1.000000|26.620001|0.000000|000|12.333411|-1.000000|-1.000000|0.000000|-1|1
1880|97|699|28|-O--|O_|8|701| |1.000000|23.850000|0.000000|000|12.219787|-1.000000|-1.000000|0.000000|-1|1
1880|98|700|28|-O--|O_|8|702| |1.000000|33.380001|0.000000|000|16.311275|-1.000000|-1.000000|0.000000|-1|1
1880|99|701|28|-O--|O_|8|703| |1.000000|29.770000|0.000000|000|17.305153|-1.000000|-1.000000|0.000000|-1|1
1880|100|702|28|-O--|O_|8|704| |1.000000|34.779999|0.000000|000|17.279692|-1.000000|-1.000000|0.000000|-1|1
1880|101|703|28|-O--|O_|8|705| |1.000000|38.230000|0.000000|000|13.243137|-1.000000|-1.000000|0.000000|-1|1
1880|102|704|28|-O--|O_|8|706| |1.000000|28.209999|0.000000|000|13.401925|-1.000000|-1.000000|0.000000|-1|1
1880|103|705|28|-O--|O_|8|707| |1.000000|31.309999|0.000000|000|15.601231|-1.000000|-1.000000|0.000000|-1|1
1880|104|706|28|-O--|O_|8|708| |1.000000|38.500000|0.000000|000|16.572701|-1.000000|-1.000000|0.000000|-1|1
1880|105|707|28|-O--|O_|8|709| |1.000000|23.250000|0.000000|000|11.890458|-1.000000|-1.000000|0.000000|-1|1
1880|106|708|28|-O--|O_|8|710| |1.000000|41.730000|0.000000|000|11.786615|-1.000000|-1.000000|0.000000|-1|1
1880|107|709|28|-O--|O_|8|711| |1.000000|31.450001|0.000000|000|17.068262|-1.000000|-1.000000|0.000000|-1|1
1880|108|710|28|-O--|O_|8|712| |1.000000|31.850000|0.000000|000|13.223223|-1.000000|-1.000000|0.000000|-1|1
1880|109|711|28|-O--|O_|8|713| |1.000000|42.259998|0.000000|000|17.189209|-1.000000|-1.000000|0.000000|-1|1
1880|110|712|28|-O--|O_|8|714| |1.000000|44.730000|0.000000|000|16.043400|-1.000000|-1.000000|0.000000|-1|1
1880|111|713|28|-O--|O_|8|715| |1.000000|37.500000|0.000000|000|15.692148|-1.000000|-1.000000|0.000000|-1|1
1880|112|714|28|-O--|O_|8|716| |1.000000|27.969999|0.000000|000|16.896948|-1.000000|-1.000000|0.000000|-1|1
1880|113|715|28|-O--|O_|8|717| |1.000000|39.869999|0.000000|000|16.490250|-1.000000|-1.000000|0.000000|-1|1
1880|114|716|28|-O--|O_|8|718| |1.000000|42.220001|0.000000|000|14.351555|-1.000000|-1.000000|0.000000|-1|1
1880|115|717|28|-O--|O_|8|719| |1.000000|49.840000|0.000000|000|12.965408|-1.000000|-1.000000|0.000000|-1|1
1880|116|718|28|-O--|O_|8|720| |1.000000|32.160000|0.000000|000|14.697721|-1.000000|-1.000000|0.000000|-1|1
1880|117|719|28|-O--|O_|8|721| |1.000000|37.619999|0.000000|000|12.046954|-1.000000|-1.000000|0.000000|-1|1
1880|118|720|28|-O--|O_|8|722| |1.000000|50.709999|0.000000|000|14.008701|-1.000000|-1.000000|0.000000|-1|1
1880|119|721|28|-O--|O_|8|723| |1.000000|28.150000|0.000000|000|11.216236|-1.000000|-1.000000|0.000000|-1|1
1880|120|722|28|-O--|O_|8|724| |1.000000|38.779999|0.000000|000|14.570293|-1.000000|-1.000000|0.000000|-1|1
1880|121|723|28|-O--|O_|8|725| |1.000000|25.600000|0.000000|000|15.485090|-1.000000|-1.000000|0.000000|-1|1
1880|122|724|28|-O--|O_|8|726| |1.000000|40.279999|0.000000|000|12.122212|-1.000000|-1.000000|0.000000|-1|1
1880|123|725|28|-O--|O_|8|727| |1.000000|18.400000|0.000000|000|16.919020|-1.000000|-1.000000|0.000000|-1|1
1880|124|726|28|-O--|O_|8|728| |1.000000|36.369999|0.000000|000|15.705492|-1.000000|-1.000000|0.000000|-1|1
1880|125|727|28|-O--|O_|8|729| |1.000000|40.529999|0.000000|000|14.533997|-1.000000|-1.000000|0.000000|-1|1
1880|126|728|28|-O--|O_|8|730| |1.000000|26.400000|0.000000|000|12.188031|-1.000000|-1.000000|0.000000|-1|1
1880|127|729|28|-O--|O_|8|731| |1.000000|32.169998|0.000000|000|13.812387|-1.000000|-1.000000|0.000000|-1|1
1880|128|730|28|-O--|O_|8|732| |1.000000|46.259998|0.000000|000|16.563967|-1.000000|-1.000000|0.000000|-1|1
1880|129|731|28|-O--|O_|8|733| |1.000000|53.770000|0.000000|000|15.576780|-1.000000|-1.000000|0.000000|-1|1
1880|130|732|28|-O--|O_|8|734| |1.000000|35.959999|0.000000|000|10.346946|-1.000000|-1.000000|0.000000|-1|1
1880|131|733|28|-O--|O_|8|735| |1.000000|33.630001|0.000000|000|14.607623|-1.000000|-1.000000|0.000000|-1|1
1880|132|734|28|-O--|O_|8|736| |1.000000|28.959999|0.000000|000|13.766887|-1.000000|-1.000000|0.000000|-1|1
1880|133|735|28|-O--|O_|8|737| |1.000000|33.459999|0.000000|000|16.011110|-1.000000|-1.000000|0.000000|-1|1
1880|134|736|28|-O--|O_|8|738| |1.000000|33.419998|0.000000|000|8.302117|-1.000000|-1.000000|0.000000|-1|1
1880|135|737|28|-O--|O_|8|739| |1.000000|31.520000|0.000000|000|14.080654|-1.000000|-1.000000|0.000000|-1|1
1880|136|738|28|-O--|O_|8|740| |1.000000|30.059999|0.000000|000|14.997224|-1.000000|-1.000000|0.000000|-1|1
1880|137|739|28|-O--|O_|8|741| |1.000000|41.590000|0.000000|000|15.618077|-1.000000|-1.000000|0.000000|-1|1
1880|138|740|28|-O--|O_|8|742| |1.000000|22.930000|0.000000|000|14.026997|-1.000000|-1.000000|0.000000|-1|1
1880|139|741|28|-O--|O_|8|743| |1.000000|12.290000|0.000000|000|17.140827|-1.000000|-1.000000|0.000000|-1|1
1880|140|742|28|-O--|O_|8|744| |1.000000|34.660000|0.000000|000|12.364427|-1.000000|-1.000000|0.000000|-1|1
1880|141|743|28|-O--|O_|8|745| |1.000000|35.740002|0.000000|000|15.343270|-1.000000|-1.000000|0.000000|-1|1
1880|142|744|28|-O--|O_|8|746| |1.000000|47.900002|0.000000|000|18.752325|-1.000000|-1.000000|0.000000|-1|1
1880|143|745|28|-O--|O_|8|747| |1.000000|37.340000|0.000000|000|15.687867|-1.000000|-1.000000|0.000000|-1|1
1880|144|746|28|-O--|O_|8|748| |1.000000|42.990002|0.000000|000|17.232708|-1.000000|-1.000000|0.000000|-1|1
1880|145|747|28|-O--|O_|8|749| |1.000000|42.689999|0.000000|000|19.524271|-1.000000|-1.000000|0.000000|-1|1
1880|146|748|28|-O--|O_|8|750| |1.000000|49.610001|0.000000|000|13.471726|-1.000000|-1.000000|0.000000|-1|1
1880|147|749|28|-O--|O_|8|751| |1.000000|43.919998|0.000000|000|18.366438|-1.000000|-1.000000|0.000000|-1|1
1880|148|750|28|-O--|O_|8|752| |1.000000|44.630001|0.000000|000|18.916889|-1.000000|-1.000000|0.000000|-1|1
1880|149|751|28|-O--|O_|8|753| |1.000000|34.660000|0.000000|000|17.413940|-1.000000|-1.000000|0.000000|-1|1
1880|150|752|28|-O--|O_|8|754| |1.000000|34.820000|0.000000|000|17.540081|-1.000000|-1.000000|0.000000|-1|1
1880|151|753|28|-O--|O_|8|755| |1.000000|32.320000|0.000000|000|11.073300|-1.000000|-1.000000|0.000000|-1|1
1880|152|754|28|-O--|O_|8|756| |1.000000|25.270000|0.000000|000|15.681835|-1.000000|-1.000000|0.000000|-1|1
1880|153|755|28|-O--|O_|8|757| |1.000000|42.049999|0.000000|000|18.191525|-1.000000|-1.000000|0.000000|-1|1
1880|154|756|28|-O--|O_|8|758| |1.000000|48.860001|0.000000|000|12.955706|-1.000000|-1.000000|0.000000|-1|1
1880|155|757|28|-O--|O_|8|759| |1.000000|43.869999|0.000000|000|12.738467|-1.000000|-1.000000|0.000000|-1|1
1880|156|758|28|-O--|O_|8|760| |1.000000|33.360001|0.000000|000|16.162270|-1.000000|-1.000000|0.000000|-1|1
1880|157|759|28|-O--|O_|8|761| |1.000000|41.450001|0.000000|000|13.363426|-1.000000|-1.000000|0.000000|-1|1
1880|158|760|28|-O--|O_|8|762| |1.000000|43.630001|0.000000|000|19.575037|-1.000000|-1.000000|0.000000|-1|1
1880|159|761|28|-O--|O_|8|763| |1.000000|50.689999|0.000000|000|18.509697|-1.000000|-1.000000|0.000000|-1|1
1880|160|762|28|-O--|O_|8|764| |1.000000|35.169998|0.000000|000|17.518841|-1.000000|-1.000000|0.000000|-1|1
1880|161|763|28|-O--|O_|8|765| |1.000000|52.779999|0.000000|000|15.759900|-1.000000|-1.000000|0.000000|-1|1
1880|162|764|28|-O--|O_|8|766| |1.000000|51.349998|0.000000|000|11.608085|-1.000000|-1.000000|0.000000|-1|1
1880|163|765|28|-O--|O_|8|767| |1.000000|52.200001|0.000000|000|10.998599|-1.000000|-1.000000|0.000000|-1|1
1880|164|766|28|-O--|O_|8|768| |1.000000|53.230000|0.000000|000|15.536744|-1.000000|-1.000000|0.000000|-1|1
1880|165|767|28|-O--|O_|8|769| |1.000000|47.029999|0.000000|000|19.234997|-1.000000|-1.000000|0.000000|-1|1
1880|166|768|28|-O--|O_|8|770| |1.000000|51.650002|0.000000|000|18.864750|-1.000000|-1.000000|0.000000|-1|1
1880|167|769|28|-O--|O_|8|771| |1.000000|35.959999|0.000000|000|13.939303|-1.000000|-1.000000|0.000000|-1|1
1880|168|770|28|-O--|O_|8|772| |1.000000|60.029999|0.000000|000|13.878692|-1.000000|-1.000000|0.000000|-1|1
1880|169|771|28|-O--|O_|8|773| |1.000000|41.299999|0.000000|000|15.850698|-1.000000|-1.000000|0.000000|-1|1
1880|170|772|28|-O--|O_|8|774| |1.000000|49.240002|0.000000|000|14.755217|-1.000000|-1.000000|0.000000|-1|1
1880|171|773|28|-O--|O_|8|775| |1.000000|44.869999|0.000000|000|18.662321|-1.000000|-1.000000|0.000000|-1|1
1880|172|774|28|-O--|O_|8|776| |1.000000|53.709999|0.000000|000|10.422715|-1.000000|-1.000000|0.000000|-1|1
1880|173|775|28|-O--|O_|8|777| |1.000000|50.389999|0.000000|000|10.297203|-1.000000|-1.000000|0.000000|-1|1
