1880|0|27|GLN|A|-2|9|0|000|15.174443|-1.000000|-1.000000|0.000000|-1|-1|0|0|-1|1
1880|1|13|THR|A|-1|7|0|000|12.922034|-1.000000|-1.000000|0.000000|-1|-1|0|0|0|2
1880|2|5|VAL|A|1|7|0|000|10.164069|-1.000000|-1.000000|0.000000|-1|-1|0|0|1|3
1880|3|3|ALA|A|2|5|0|000|9.047029|-1.000000|-1.000000|0.000000|-1|-1|0|0|2|4
1880|4|9|ILE|A|3|8|0|000|5.494341|-1.000000|-1.000000|0.000000|-1|-1|0|0|3|5
1880|5|29|LYS|A|4|9|0|000|9.720798|-1.000000|-1.000000|0.000000|-1|-1|0|0|4|6
1880|6|17|MET|A|5|8|0|000|7.036602|-1.000000|-1.000000|0.000000|-1|-1|0|0|5|7
1880|7|1|GLY|A|6|4|0|000|10.424347|-1.000000|-1.000000|0.000000|-1|-1|0|0|6|8
1880|8|3|ALA|A|7|5|0|000|12.964748|-1.000000|-1.000000|0.000000|-1|-1|0|0|7|9
1880|9|21|ASP|A|8|8|0|000|15.555923|-1.000000|-1.000000|0.000000|-1|-1|0|0|8|10
1880|10|23|ASN|A|9|8|0|000|17.331409|-1.000000|-1.000000|0.000000|-1|-1|0|0|9|11
1880|11|1|GLY|A|10|4|0|000|16.624203|-1.000000|-1.000000|0.000000|-1|-1|0|0|10|12
1880|12|17|MET|A|11|8|0|000|14.948179|-1.000000|-1.000000|0.000000|-1|-1|0|0|11|13
1880|13|7|LEU|A|12|8|0|000|13.096612|-1.000000|-1.000000|0.000000|-1|-1|0|0|12|14
1880|14|3|ALA|A|13|5|0|000|9.766332|-1.000000|-1.000000|0.000000|-1|-1|0|0|13|15
1880|15|35|PHE|A|14|11|0|000|5.527666|-1.000000|-1.000000|0.000000|-1|-1|0|0|14|16
1880|16|25|GLU|A|15|9|0|000|10.533358|-1.000000|-1.000000|0.000000|-1|-1|0|0|15|17
1880|17|19|PRO|A|16|7|0|000|8.999462|-1.000000|-1.000000|0.000000|-1|-1|0|0|16|18
1880|18|11|SER|A|17|6|0|000|9.265850|-1.000000|-1.000000|0.000000|-1|-1|0|0|17|19
1880|19|13|THR|A|18|7|0|000|10.477588|-1.000000|-1.000000|0.000000|-1|-1|0|0|18|20
1880|20|9|ILE|A|19|8|0|000|9.491699|-1.000000|-1.000000|0.000000|-1|-1|0|0|19|21
1880|21|25|GLU|A|20|9|0|000|13.718325|-1.000000|-1.000000|0.000000|-1|-1|0|0|20|22
1880|22|9|ILE|A|21|8|0|000|12.176163|-1.000000|-1.000000|0.000000|-1|-1|0|0|21|23
1880|23|27|GLN|A|22|9|0|000|16.457573|-1.000000|-1.000000|0.000000|-1|-1|0|0|22|24
1880|24|3|ALA|A|23|5|0|000|16.538448|-1.000000|-1.000000|0.000000|-1|-1|0|0|23|25
1880|25|1|GLY|A|24|4|0|000|15.450679|-1.000000|-1.000000|0.000000|-1|-1|0|0|24|26
1880|26|21|ASP|A|25|8|0|000|13.580152|-1.000000|-1.000000|0.000000|-1|-1|0|0|25|27
1880|27|13|THR|A|26|7|0|000|11.148063|-1.000000|-1.000000|0.000000|-1|-1|0|0|26|28
1880|28|5|VAL|A|27|7|0|000|6.931570|-1.000000|-1.000000|0.000000|-1|-1|0|0|27|29
1880|29|27|GLN|A|28|9|0|000|8.890069|-1.000000|-1.000000|0.000000|-1|-1|0|0|28|30
1880|30|39|TRP|A|29|14|0|000|3.286931|-1.000000|-1.000000|0.000000|-1|-1|0|0|29|31
1880|31|5|VAL|A|30|7|0|000|8.970958|-1.000000|-1.000000|0.000000|-1|-1|0|0|30|32
1880|32|23|ASN|A|31|8|0|000|10.672182|-1.000000|-1.000000|0.000000|-1|-1|0|0|31|33
1880|33|23|ASN|A|32|8|0|000|12.517942|-1.000000|-1.000000|0.000000|-1|-1|0|0|32|34
1880|34|29|LYS|A|33|9|0|000|14.767350|-1.000000|-1.000000|0.000000|-1|-1|0|0|33|35
1880|35|7|LEU|A|34|8|0|000|14.759388|-1.000000|-1.000000|0.000000|-1|-1|0|0|34|36
1880|36|3|ALA|A|35|5|0|000|14.154031|-1.000000|-1.000000|0.000000|-1|-1|0|0|35|37
1880|37|19|PRO|A|36|7|0|000|13.535132|-1.000000|-1.000000|0.000000|-1|-1|0|0|36|38
1880|38|33|HIS|A|37|10|0|000|9.480236|-1.000000|-1.000000|0.000000|-1|-1|0|0|37|39
1880|39|23|ASN|A|38|8|0|000|8.263332|-1.000000|-1.000000|0.000000|-1|-1|0|0|38|40
1880|40|5|VAL|A|39|7|0|000|4.913260|-1.000000|-1.000000|0.000000|-1|-1|0|0|39|41
1880|41|5|VAL|A|40|7|0|000|8.021739|-1.000000|-1.000000|0.000000|-1|-1|0|0|40|42
1880|42|5|VAL|A|41|7|0|000|7.894900|-1.000000|-1.000000|0.000000|-1|-1|0|0|41|43
1880|43|25|GLU|A|42|9|0|000|11.316531|-1.000000|-1.000000|0.000000|-1|-1|0|0|42|44
1880|44|1|GLY|A|49|4|0|000|13.713218|-1.000000|-1.000000|0.000000|-1|-1|0|0|43|45
1880|45|27|GLN|A|52|9|0|000|12.195312|-1.000000|-1.000000|0.000000|-1|-1|0|0|44|46
1880|46|19|PRO|A|53|7|0|000|13.450943|-1.000000|-1.000000|0.000000|-1|-1|0|0|45|47
1880|47|25|GLU|A|54|9|0|000|13.165288|-1.000000|-1.000000|0.000000|-1|-1|0|0|46|48
1880|48|7|LEU|A|55|8|0|000|9.387096|-1.000000|-1.000000|0.000000|-1|-1|0|0|47|49
1880|49|11|SER|A|56|6|0|000|8.947202|-1.000000|-1.000000|0.000000|-1|-1|0|0|48|50
1880|50|33|HIS|A|57|10|0|000|9.006775|-1.000000|-1.000000|0.000000|-1|-1|0|0|49|51
1880|51|29|LYS|A|58|9|0|000|12.066194|-1.000000|-1.000000|0.000000|-1|-1|0|0|50|52
1880|52|21|ASP|A|59|8|0|000|13.111677|-1.000000|-1.000000|0.000000|-1|-1|0|0|51|53
1880|53|7|LEU|A|62|8|0|000|12.977918|-1.000000|-1.000000|0.000000|-1|-1|0|0|52|54
1880|54|3|ALA|A|63|5|0|000|11.753304|-1.000000|-1.000000|0.000000|-1|-1|0|0|53|55
1880|55|35|PHE|A|64|11|0|000|15.823022|-1.000000|-1.000000|0.000000|-1|-1|0|0|54|56
1880|56|11|SER|A|65|6|0|000|15.731580|-1.000000|-1.000000|0.000000|-1|-1|0|0|55|57
1880|57|19|PRO|A|66|7|0|000|15.924026|-1.000000|-1.000000|0.000000|-1|-1|0|0|56|58
1880|58|1|GLY|A|67|4|0|000|13.567173|-1.000000|-1.000000|0.000000|-1|-1|0|0|57|59
1880|59|25|GLU|A|68|9|0|000|12.419463|-1.000000|-1.000000|0.000000|-1|-1|0|0|58|60
1880|60|13|THR|A|69|7|0|000|10.822324|-1.000000|-1.000000|0.000000|-1|-1|0|0|59|61
1880|61|35|PHE|A|70|11|0|000|7.345327|-1.000000|-1.000000|0.000000|-1|-1|0|0|60|62
1880|62|25|GLU|A|71|9|0|000|10.001046|-1.000000|-1.000000|0.000000|-1|-1|0|0|61|63
1880|63|3|ALA|A|72|5|0|000|8.535789|-1.000000|-1.000000|0.000000|-1|-1|0|0|62|64
1880|64|13|THR|A|73|7|0|000|12.040236|-1.000000|-1.000000|0.000000|-1|-1|0|0|63|65
1880|65|35|PHE|A|74|11|0|000|9.954375|-1.000000|-1.000000|0.000000|-1|-1|0|0|64|66
1880|66|11|SER|A|75|6|0|000|15.823957|-1.000000|-1.000000|0.000000|-1|-1|0|0|65|67
1880|67|25|GLU|A|76|9|0|000|16.883148|-1.000000|-1.000000|0.000000|-1|-1|0|0|66|68
1880|68|19|PRO|A|77|7|0|000|17.079266|-1.000000|-1.000000|0.000000|-1|-1|0|0|67|69
1880|69|1|GLY|A|78|4|0|000|14.579438|-1.000000|-1.000000|0.000000|-1|-1|0|0|68|70
1880|70|13|THR|A|79|7|0|000|13.192950|-1.000000|-1.000000|0.000000|-1|-1|0|0|69|71
1880|71|37|TYR|A|80|12|0|000|10.543530|-1.000000|-1.000000|0.000000|-1|-1|0|0|70|72
1880|72|13|THR|A|81|7|0|000|9.382545|-1.000000|-1.000000|0.000000|-1|-1|0|0|71|73
1880|73|37|TYR|A|82|12|0|000|4.249508|-1.000000|-1.000000|0.000000|-1|-1|0|0|72|74
1880|74|37|TYR|A|83|12|0|000|9.010212|-1.000000|-1.000000|0.000000|-1|-1|0|0|73|75
1880|75|15|CYS|A|84|6|0|000|8.573899|-1.000000|-1.000000|0.000000|-1|-1|0|0|74|76
1880|76|25|GLU|A|85|9|0|000|11.821321|-1.000000|-1.000000|0.000000|-1|-1|0|0|75|77
1880|77|19|PRO|A|86|7|0|000|13.138748|-1.000000|-1.000000|0.000000|-1|-1|0|0|76|78
1880|78|33|HIS|A|87|10|0|000|12.460897|-1.000000|-1.000000|0.000000|-1|-1|0|0|77|79
1880|79|31|ARG|A|88|11|0|000|12.818754|-1.000000|-1.000000|0.000000|-1|-1|0|0|78|80
1880|80|1|GLY|A|89|4|0|000|15.948318|-1.000000|-1.000000|0.000000|-1|-1|0|0|79|81
1880|81|3|ALA|A|90|5|0|000|15.053252|-1.000000|-1.000000|0.000000|-1|-1|0|0|80|82
1880|82|1|GLY|A|91|4|0|000|12.619106|-1.000000|-1.000000|0.000000|-1|-1|0|0|81|83
1880|83|17|MET|A|92|8|0|000|8.907855|-1.000000|-1.000000|0.000000|-1|-1|0|0|82|84
1880|84|5|VAL|A|93|7|0|000|8.932021|-1.000000|-1.000000|0.000000|-1|-1|0|0|83|85
1880|85|1|GLY|A|94|4|0|000|6.909897|-1.000000|-1.000000|0.000000|-1|-1|0|0|84|86
1880|86|29|LYS|A|95|9|0|000|9.946976|-1.000000|-1.000000|0.000000|-1|-1|0|0|85|87
1880|87|9|ILE|A|96|8|0|000|7.707771|-1.000000|-1.000000|0.000000|-1|-1|0|0|86|88
1880|88|5|VAL|A|97|7|0|000|12.424783|-1.000000|-1.000000|0.000000|-1|-1|0|0|87|89
1880|89|5|VAL|A|98|7|0|000|13.581182|-1.000000|-1.000000|0.000000|-1|-1|0|0|88|90
1880|90|27|GLN|A|99|10|0|000|16.997084|-1.000000|-1.000000|0.000000|-1|-1|0|0|89|-1
1880|91|46|_CU|A|200|1|1|000|9.858319|-1.000000|-1.000000|0.000000|-1|-1|0|2|-1|-1
1880|92|43|HOH|A|300|1|0|000|5.844306|-1.000000|-1.000000|0.000000|-1|-1|0|1|-1|-1
1880|93|43|HOH|A|301|1|0|000|10.955758|-1.000000|-1.000000|0.000000|-1|-1|0|1|-1|-1
1880|94|43|HOH|A|302|1|0|000|5.974493|-1.000000|-1.000000|0.000000|-1|-1|0|1|-1|-1
1880|95|43|HOH|A|303|1|0|000|13.221090|-1.000000|-1.000000|0.000000|-1|-1|0|1|-1|-1
1880|96|43|HOH|A|304|1|0|000|12.333411|-1.000000|-1.000000|0.000000|-1|-1|0|1|-1|-1
1880|97|43|HOH|A|305|1|0|000|12.219787|-1.000000|-1.000000|0.000000|-1|-1|0|1|-1|-1
1880|98|43|HOH|A|306|1|0|000|16.311275|-1.000000|-1.000000|0.000000|-1|-1|0|1|-1|-1
1880|99|43|HOH|A|307|1|0|000|17.305153|-1.000000|-1.000000|0.000000|-1|-1|0|1|-1|-1
1880|100|43|HOH|A|308|1|0|000|17.279692|-1.000000|-1.000000|0.000000|-1|-1|0|1|-1|-1
1880|101|43|HOH|A|309|1|0|000|13.243137|-1.000000|-1.000000|0.000000|-1|-1|0|1|-1|-1
1880|102|43|HOH|A|310|1|0|000|13.401925|-1.000000|-1.000000|0.000000|-1|-1|0|1|-1|-1
1880|103|43|HOH|A|311|1|0|000|15.601231|-1.000000|-1.000000|0.000000|-1|-1|0|1|-1|-1
1880|104|43|HOH|A|312|1|0|000|16.572701|-1.000000|-1.000000|0.000000|-1|-1|0|1|-1|-1
1880|105|43|HOH|A|313|1|0|000|11.890458|-1.000000|-1.000000|0.000000|-1|-1|0|1|-1|-1
1880|106|43|HOH|A|314|1|0|000|11.786615|-1.000000|-1.000000|0.000000|-1|-1|0|1|-1|-1
1880|107|43|HOH|A|315|1|0|000|17.068262|-1.000000|-1.000000|0.000000|-1|-1|0|1|-1|-1
1880|108|43|HOH|A|316|1|0|000|13.223223|-1.000000|-1.000000|0.000000|-1|-1|0|1|-1|-1
1880|109|43|HOH|A|317|1|0|000|17.189209|-1.000000|-1.000000|0.000000|-1|-1|0|1|-1|-1
1880|110|43|HOH|A|318|1|0|000|16.043400|-1.000000|-1.000000|0.000000|-1|-1|0|1|-1|-1
1880|111|43|HOH|A|319|1|0|000|15.692148|-1.000000|-1.000000|0.000000|-1|-1|0|1|-1|-1
1880|112|43|HOH|A|320|1|0|000|16.896948|-1.000000|-1.000000|0.000000|-1|-1|0|1|-1|-1
1880|113|43|HOH|A|321|1|0|000|16.490250|-1.000000|-1.000000|0.000000|-1|-1|0|1|-1|-1
1880|114|43|HOH|A|322|1|0|000|14.351555|-1.000000|-1.000000|0.000000|-1|-1|0|1|-1|-1
1880|115|43|HOH|A|323|1|0|000|12.965408|-1.000000|-1.000000|0.000000|-1|-1|0|1|-1|-1
1880|116|43|HOH|A|324|1|0|000|14.697721|-1.000000|-1.000000|0.000000|-1|-1|0|1|-1|-1
1880|117|43|HOH|A|325|1|0|000|12.046954|-1.000000|-1.000000|0.000000|-1|-1|0|1|-1|-1
1880|118|43|HOH|A|326|1|0|000|14.008701|-1.000000|-1.000000|0.000000|-1|-1|0|1|-1|-1
1880|119|43|HOH|A|327|1|0|000|11.216236|-1.000000|-1.000000|0.000000|-1|-1|0|1|-1|-1
1880|120|43|HOH|A|328|1|0|000|14.570293|-1.000000|-1.000000|0.000000|-1|-1|0|1|-1|-1
1880|121|43|HOH|A|329|1|0|000|15.485090|-1.000000|-1.000000|0.000000|-1|-1|0|1|-1|-1
1880|122|43|HOH|A|330|1|0|000|12.122212|-1.000000|-1.000000|0.000000|-1|-1|0|1|-1|-1
1880|123|43|HOH|A|331|1|0|000|16.919020|-1.000000|-1.000000|0.000000|-1|-1|0|1|-1|-1
1880|124|43|HOH|A|332|1|0|000|15.705492|-1.000000|-1.000000|0.000000|-1|-1|0|1|-1|-1
1880|125|43|HOH|A|333|1|0|000|14.533997|-1.000000|-1.000000|0.000000|-1|-1|0|1|-1|-1
1880|126|43|HOH|A|334|1|0|000|12.188031|-1.000000|-1.000000|0.000000|-1|-1|0|1|-1|-1
1880|127|43|HOH|A|335|1|0|000|13.812387|-1.000000|-1.000000|0.000000|-1|-1|0|1|-1|-1
1880|128|43|HOH|A|336|1|0|000|16.563967|-1.000000|-1.000000|0.000000|-1|-1|0|1|-1|-1
1880|129|43|HOH|A|337|1|0|000|15.576780|-1.000000|-1.000000|0.000000|-1|-1|0|1|-1|-1
1880|130|43|HOH|A|338|1|0|000|10.346946|-1.000000|-1.000000|0.000000|-1|-1|0|1|-1|-1
1880|131|43|HOH|A|339|1|0|000|14.607623|-1.000000|-1.000000|0.000000|-1|-1|0|1|-1|-1
1880|132|43|HOH|A|340|1|0|000|13.766887|-1.000000|-1.000000|0.000000|-1|-1|0|1|-1|-1
1880|133|43|HOH|A|341|1|0|000|16.011110|-1.000000|-1.000000|0.000000|-1|-1|0|1|-1|-1
1880|134|43|HOH|A|342|1|0|000|8.302117|-1.000000|-1.000000|0.000000|-1|-1|0|1|-1|-1
1880|135|43|HOH|A|343|1|0|000|14.080654|-1.000000|-1.000000|0.000000|-1|-1|0|1|-1|-1
1880|136|43|HOH|A|344|1|0|000|14.997224|-1.000000|-1.000000|0.000000|-1|-1|0|1|-1|-1
1880|137|43|HOH|A|345|1|0|000|15.618077|-1.000000|-1.000000|0.000000|-1|-1|0|1|-1|-1
1880|138|43|HOH|A|346|1|0|000|14.026997|-1.000000|-1.000000|0.000000|-1|-1|0|1|-1|-1
1880|139|43|HOH|A|347|1|0|000|17.140827|-1.000000|-1.000000|0.000000|-1|-1|0|1|-1|-1
1880|140|43|HOH|A|348|1|0|000|12.364427|-1.000000|-1.000000|0.000000|-1|-1|0|1|-1|-1
1880|141|43|HOH|A|349|1|0|000|15.343270|-1.000000|-1.000000|0.000000|-1|-1|0|1|-1|-1
1880|142|43|HOH|A|350|1|0|000|18.752325|-1.000000|-1.000000|0.000000|-1|-1|0|1|-1|-1
1880|143|43|HOH|A|351|1|0|000|15.687867|-1.000000|-1.000000|0.000000|-1|-1|0|1|-1|-1
1880|144|43|HOH|A|352|1|0|000|17.232708|-1.000000|-1.000000|0.000000|-1|-1|0|1|-1|-1
1880|145|43|HOH|A|353|1|0|000|19.524271|-1.000000|-1.000000|0.000000|-1|-1|0|1|-1|-1
1880|146|43|HOH|A|354|1|0|000|13.471726|-1.000000|-1.000000|0.000000|-1|-1|0|1|-1|-1
1880|147|43|HOH|A|355|1|0|000|18.366438|-1.000000|-1.000000|0.000000|-1|-1|0|1|-1|-1
1880|148|43|HOH|A|356|1|0|000|18.916889|-1.000000|-1.000000|0.000000|-1|-1|0|1|-1|-1
1880|149|43|HOH|A|357|1|0|000|17.413940|-1.000000|-1.000000|0.000000|-1|-1|0|1|-1|-1
1880|150|43|HOH|A|358|1|0|000|17.540081|-1.000000|-1.000000|0.000000|-1|-1|0|1|-1|-1
1880|151|43|HOH|A|359|1|0|000|11.073300|-1.000000|-1.000000|0.000000|-1|-1|0|1|-1|-1
1880|152|43|HOH|A|360|1|0|000|15.681835|-1.000000|-1.000000|0.000000|-1|-1|0|1|-1|-1
1880|153|43|HOH|A|361|1|0|000|18.191525|-1.000000|-1.000000|0.000000|-1|-1|0|1|-1|-1
1880|154|43|HOH|A|362|1|0|000|12.955706|-1.000000|-1.000000|0.000000|-1|-1|0|1|-1|-1
1880|155|43|HOH|A|363|1|0|000|12.738467|-1.000000|-1.000000|0.000000|-1|-1|0|1|-1|-1
1880|156|43|HOH|A|364|1|0|000|16.162270|-1.000000|-1.000000|0.000000|-1|-1|0|1|-1|-1
1880|157|43|HOH|A|365|1|0|000|13.363426|-1.000000|-1.000000|0.000000|-1|-1|0|1|-1|-1
1880|158|43|HOH|A|366|1|0|000|19.575037|-1.000000|-1.000000|0.000000|-1|-1|0|1|-1|-1
1880|159|43|HOH|A|367|1|0|000|18.509697|-1.000000|-1.000000|0.000000|-1|-1|0|1|-1|-1
1880|160|43|HOH|A|368|1|0|000|17.518841|-1.000000|-1.000000|0.000000|-1|-1|0|1|-1|-1
1880|161|43|HOH|A|369|1|0|000|15.759900|-1.000000|-1.000000|0.000000|-1|-1|0|1|-1|-1
1880|162|43|HOH|A|370|1|0|000|11.608085|-1.000000|-1.000000|0.000000|-1|-1|0|1|-1|-1
1880|163|43|HOH|A|371|1|0|000|10.998599|-1.000000|-1.000000|0.000000|-1|-1|0|1|-1|-1
1880|164|43|HOH|A|372|1|0|000|15.536744|-1.000000|-1.000000|0.000000|-1|-1|0|1|-1|-1
1880|165|43|HOH|A|373|1|0|000|19.234997|-1.000000|-1.000000|0.000000|-1|-1|0|1|-1|-1
1880|166|43|HOH|A|374|1|0|000|18.864750|-1.000000|-1.000000|0.000000|-1|-1|0|1|-1|-1
1880|167|43|HOH|A|375|1|0|000|13.939303|-1.000000|-1.000000|0.000000|-1|-1|0|1|-1|-1
1880|168|43|HOH|A|376|1|0|000|13.878692|-1.000000|-1.000000|0.000000|-1|-1|0|1|-1|-1
1880|169|43|HOH|A|377|1|0|000|15.850698|-1.000000|-1.000000|0.000000|-1|-1|0|1|-1|-1
1880|170|43|HOH|A|378|1|0|000|14.755217|-1.000000|-1.000000|0.000000|-1|-1|0|1|-1|-1
1880|171|43|HOH|A|379|1|0|000|18.662321|-1.000000|-1.000000|0.000000|-1|-1|0|1|-1|-1
1880|172|43|HOH|A|380|1|0|000|10.422715|-1.000000|-1.000000|0.000000|-1|-1|0|1|-1|-1
1880|173|43|HOH|A|381|1|0|000|10.297203|-1.000000|-1.000000|0.000000|-1|-1|0|1|-1|-1
