1025|0|00|A|529|-1
1025|1|11|A|1|-1
1025|2|11|A|1|-1
1025|3|11|A|1|-1
1025|4|11|A|1|-1
1025|5|11|A|1|-1
1025|6|11|A|1|-1
1025|7|11|A|1|-1
1025|8|11|A|1|-1
1025|9|11|A|1|-1
1025|10|11|A|1|-1
1025|11|11|A|1|-1
1025|12|11|A|1|-1
1025|13|11|A|1|-1
1025|14|11|A|1|-1
1025|15|11|A|1|-1
1025|16|11|A|1|-1
1025|17|11|A|1|-1
1025|18|11|A|1|-1
1025|19|11|A|1|-1
1025|20|11|A|1|-1
1025|21|11|A|1|-1
1025|22|11|A|1|-1
1025|23|11|A|1|-1
1025|24|11|A|1|-1
1025|25|11|A|1|-1
1025|26|11|A|1|-1
1025|27|11|A|1|-1
1025|28|11|A|1|-1
1025|29|11|A|1|-1
1025|30|11|A|1|-1
1025|31|11|A|1|-1
1025|32|11|A|1|-1
1025|33|11|A|1|-1
1025|34|00|B|529|-1
1025|35|11|B|1|-1
1025|36|11|B|1|-1
1025|37|11|B|1|-1
1025|38|11|B|1|-1
1025|39|11|B|1|-1
1025|40|11|B|1|-1
1025|41|11|B|1|-1
1025|42|11|B|1|-1
1025|43|11|B|1|-1
1025|44|11|B|1|-1
1025|45|11|B|1|-1
1025|46|11|B|1|-1
1025|47|11|B|1|-1
1025|48|11|B|1|-1
1025|49|11|B|1|-1
1025|50|11|B|1|-1
1025|51|11|B|1|-1
1025|52|11|B|1|-1
1025|53|11|B|1|-1
1025|54|11|B|1|-1
1025|55|11|B|1|-1
1025|56|11|B|1|-1
1025|57|11|B|1|-1
1025|58|11|B|1|-1
1025|59|11|B|1|-1
1025|60|11|B|1|-1
1025|61|11|B|1|-1
1025|62|11|B|1|-1
1025|63|11|B|1|-1
1025|64|11|B|1|-1
1025|65|11|B|1|-1
1025|66|11|B|1|-1
1025|67|11|B|1|-1
1025|68|00|C|529|-1
1025|69|11|C|1|-1
1025|70|11|C|1|-1
1025|71|11|C|1|-1
1025|72|11|C|1|-1
1025|73|11|C|1|-1
1025|74|11|C|1|-1
1025|75|11|C|1|-1
1025|76|11|C|1|-1
1025|77|11|C|1|-1
1025|78|11|C|1|-1
1025|79|11|C|1|-1
1025|80|11|C|1|-1
1025|81|11|C|1|-1
1025|82|11|C|1|-1
1025|83|11|C|1|-1
1025|84|11|C|1|-1
1025|85|11|C|1|-1
1025|86|11|C|1|-1
1025|87|11|C|1|-1
1025|88|11|C|1|-1
1025|89|11|C|1|-1
1025|90|11|C|1|-1
1025|91|11|C|1|-1
1025|92|11|C|1|-1
1025|93|11|C|1|-1
1025|94|11|C|1|-1
1025|95|11|C|1|-1
1025|96|11|C|1|-1
1025|97|11|C|1|-1
1025|98|11|C|1|-1
1025|99|11|C|1|-1
1025|100|11|C|1|-1
1025|101|11|C|1|-1
1025|102|11|C|1|-1
1025|103|00|D|529|-1
1025|104|11|D|1|-1
1025|105|11|D|1|-1
1025|106|11|D|1|-1
1025|107|11|D|1|-1
1025|108|11|D|1|-1
1025|109|11|D|1|-1
1025|110|11|D|1|-1
1025|111|11|D|1|-1
1025|112|11|D|1|-1
1025|113|11|D|1|-1
1025|114|11|D|1|-1
1025|115|11|D|1|-1
1025|116|11|D|1|-1
1025|117|11|D|1|-1
1025|118|11|D|1|-1
1025|119|11|D|1|-1
1025|120|11|D|1|-1
1025|121|11|D|1|-1
1025|122|11|D|1|-1
1025|123|11|D|1|-1
1025|124|11|D|1|-1
1025|125|11|D|1|-1
1025|126|11|D|1|-1
1025|127|11|D|1|-1
1025|128|11|D|1|-1
1025|129|11|D|1|-1
1025|130|11|D|1|-1
1025|131|11|D|1|-1
1025|132|11|D|1|-1
1025|133|11|D|1|-1
1025|134|00|E|529|-1
1025|135|11|E|1|-1
1025|136|11|E|1|-1
1025|137|11|E|1|-1
1025|138|11|E|1|-1
1025|139|11|E|1|-1
1025|140|11|E|1|-1
1025|141|11|E|1|-1
1025|142|11|E|1|-1
1025|143|11|E|1|-1
1025|144|11|E|1|-1
1025|145|11|E|1|-1
1025|146|11|E|1|-1
1025|147|11|E|1|-1
1025|148|11|E|1|-1
1025|149|11|E|1|-1
1025|150|11|E|1|-1
1025|151|11|E|1|-1
1025|152|11|E|1|-1
1025|153|11|E|1|-1
1025|154|11|E|1|-1
1025|155|11|E|1|-1
1025|156|11|E|1|-1
1025|157|11|E|1|-1
1025|158|11|E|1|-1
1025|159|11|E|1|-1
1025|160|11|E|1|-1
1025|161|11|E|1|-1
1025|162|11|E|1|-1
1025|163|11|E|1|-1
1025|164|11|E|1|-1
1025|165|11|E|1|-1
1025|166|00|F|529|-1
1025|167|11|F|1|-1
1025|168|11|F|1|-1
1025|169|11|F|1|-1
1025|170|11|F|1|-1
1025|171|11|F|1|-1
1025|172|11|F|1|-1
1025|173|11|F|1|-1
1025|174|11|F|1|-1
1025|175|11|F|1|-1
1025|176|11|F|1|-1
1025|177|11|F|1|-1
1025|178|11|F|1|-1
1025|179|11|F|1|-1
1025|180|11|F|1|-1
1025|181|11|F|1|-1
1025|182|11|F|1|-1
1025|183|11|F|1|-1
1025|184|11|F|1|-1
1025|185|11|F|1|-1
1025|186|11|F|1|-1
1025|187|11|F|1|-1
1025|188|11|F|1|-1
1025|189|11|F|1|-1
1025|190|11|F|1|-1
1025|191|11|F|1|-1
1025|192|11|F|1|-1
1025|193|11|F|1|-1
1025|194|11|F|1|-1
1025|195|11|F|1|-1
