1878|0|-1|1059|35|2028|CYS|SF4|1552|296|16104|-SG-|FE2-|1140|16|26|3|0011|2.277296|-0.896239|-0.230536|0.378958|3.002360|0.728319|1.594832
1878|1|-1|2008|65|2027|HIS|_MN|3346|541|16102|-NE2|MN--|1340|7|25|3|0011|2.320438|0.425351|-0.427505|-0.797694|24.157690|0.295999|0.614056
1878|2|-1|2887|102|2027|ASP|_MN|2146|824|16102|-OD1|MN--|1040|8|25|2|0011|3.416605|-0.343616|-0.929578|0.133466|74.547081|0.012324|0.019884
1878|3|-1|2893|102|2027|ASP|_MN|2146|825|16102|-OD2|MN--|1040|8|25|2|0011|2.365662|-0.754968|-0.579965|-0.306046|45.690449|0.211012|0.340458
1878|4|-1|3134|112|2027|GLU|_MN|2546|893|16102|-OE1|MN--|1040|8|25|2|0011|2.191773|-0.548870|0.330326|0.767871|14.982537|0.337607|0.544713
1878|5|-1|3141|112|2027|GLU|_MN|2546|894|16102|-OE2|MN--|1040|8|25|2|0011|3.924296|-0.746376|-0.075173|0.661265|26.708830|0.003125|0.005042
1878|6|-1|3147|113|2027|ILE|_MN|946|895|16102|-N--|MN--|140|7|25|4|0011|3.607746|-0.847343|0.227012|-0.480078|40.426247|0.009126|0.018932
1878|7|-1|3166|113|2027|ILE|_MN|946|898|16102|-O--|MN--|440|8|25|2|0011|2.338450|-0.197140|0.711583|-0.674378|32.691792|0.227115|0.366441
1878|8|-1|3206|114|2027|LYS|_MN|2946|911|16102|-NZ-|MN--|1440|7|25|5|0011|3.858751|0.115840|0.732880|0.670424|64.550224|0.004631|0.009607
1878|9|-1|5080|187|2028|CYS|SF4|1552|1505|16105|-N--|FE3-|140|7|26|4|0011|3.905286|-0.242236|0.280645|-0.928741|2.063472|0.003033|0.008472
1878|10|-1|5110|187|2028|CYS|SF4|1552|1510|16105|-SG-|FE3-|1140|16|26|3|0011|2.096318|-0.043410|0.936404|-0.348230|3.482347|1.187811|2.601000
1878|11|-1|5168|190|2028|CYS|SF4|1552|1537|16106|-SG-|FE4-|1140|16|26|3|0011|2.130461|0.283976|-0.598462|-0.749134|1.057390|1.083108|2.371727
1878|12|-1|5329|196|2028|CYS|SF4|1552|1583|16103|-SG-|FE1-|1140|16|26|3|0011|2.246851|0.563900|-0.020028|0.825600|3.581712|0.790783|1.731610
1878|13|-1|6464|237|2030|CYS|SF4|1552|1910|16113|-SG-|FE2-|1140|16|26|3|0011|2.223003|0.897435|-0.399910|-0.186234|1.615347|0.843431|1.846896
1878|14|-1|7413|267|2029|HIS|_MN|3346|2161|16111|-NE2|MN--|1340|7|25|3|0011|2.401011|-0.467303|0.208246|0.859221|26.209501|0.238076|0.493894
1878|15|-1|8268|304|2029|ASP|_MN|2146|2444|16111|-OD1|MN--|1040|8|25|2|0011|3.340122|0.406273|-0.795779|0.449085|22.920881|0.015154|0.024450
1878|16|-1|8279|304|2029|ASP|_MN|2146|2445|16111|-OD2|MN--|1040|8|25|2|0011|2.295850|0.845003|-0.246096|0.474770|15.783974|0.254829|0.411156
1878|17|-1|8526|315|2029|GLU|_MN|2546|2525|16111|-OE1|MN--|1040|8|25|2|0011|2.166020|0.534159|-0.029547|-0.844867|18.543388|0.361942|0.583977
1878|18|-1|8537|315|2029|GLU|_MN|2546|2526|16111|-OE2|MN--|1040|8|25|2|0011|3.700251|0.769407|-0.416188|-0.484562|14.776573|0.005725|0.009238
1878|19|-1|8540|316|2029|ILE|_MN|946|2527|16111|-N--|MN--|140|7|25|4|0011|3.797711|0.842350|0.488189|0.228295|38.960583|0.005462|0.011330
1878|20|-1|8558|316|2029|ILE|_MN|946|2530|16111|-O--|MN--|440|8|25|2|0011|2.401749|0.247736|0.968461|0.026647|25.253246|0.191403|0.308820
1878|21|-1|10533|390|2030|CYS|SF4|1552|3136|16114|-SG-|FE3-|1140|16|26|3|0011|2.130175|0.027228|0.922929|-0.384006|0.172724|1.083947|2.373563
1878|22|-1|10599|393|2030|CYS|SF4|1552|3163|16115|-SG-|FE4-|1140|16|26|3|0011|2.290615|-0.274599|-0.089496|0.957385|0.010015|0.702567|1.538441
1878|23|-1|10753|399|2030|CYS|SF4|1552|3209|16112|-SG-|FE1-|1140|16|26|3|0011|2.264696|-0.557249|-0.561665|-0.611560|5.447938|0.753548|1.650076
1878|24|-1|11833|440|2032|CYS|SF4|1552|3536|16122|-SG-|FE2-|1140|16|26|3|0011|2.090638|-0.473061|-0.230073|0.850458|0.315365|1.206187|2.641238
1878|25|-1|12743|470|2031|HIS|_MN|3346|3784|16120|-NE2|MN--|1340|7|25|3|0011|2.388727|0.600320|-0.619577|-0.505709|20.433355|0.246113|0.510566
1878|26|-1|13553|507|2031|ASP|_MN|2146|4069|16120|-OD1|MN--|1040|8|25|2|0011|3.334413|0.477145|-0.465749|0.745258|26.737288|0.015389|0.024830
1878|27|-1|13554|507|2031|ASP|_MN|2146|4070|16120|-OD2|MN--|1040|8|25|2|0011|2.375839|-0.070291|-0.828760|0.555172|42.804707|0.205286|0.331221
1878|28|-1|13765|517|2031|GLU|_MN|2546|4145|16120|-OE2|MN--|1040|8|25|2|0011|2.205252|-0.726448|0.361410|0.584514|9.976462|0.325530|0.525228
1878|29|-1|13772|518|2031|ILE|_MN|946|4146|16120|-N--|MN--|140|7|25|4|0011|3.821103|-0.693255|-0.719949|0.032713|22.477428|0.005127|0.010636
1878|30|-1|13786|518|2031|ILE|_MN|946|4149|16120|-O--|MN--|440|8|25|2|0011|2.364464|-0.554037|-0.457186|-0.695718|22.945740|0.211696|0.341562
1878|31|-1|13828|519|2031|LYS|_MN|2946|4162|16120|-NZ-|MN--|1440|7|25|5|0011|3.840598|-0.603552|0.797272|0.009113|19.861378|0.004864|0.010090
1878|32|-1|15526|592|2032|CYS|SF4|1552|4752|16123|-N--|FE3-|140|7|26|4|0011|3.984596|-0.291623|-0.751896|-0.591277|3.496302|0.002448|0.006837
1878|33|-1|15552|592|2032|CYS|SF4|1552|4757|16123|-SG-|FE3-|1140|16|26|3|0011|2.251754|-0.686132|-0.026647|-0.726989|1.634490|0.780373|1.708816
1878|34|-1|15612|595|2032|CYS|SF4|1552|4784|16124|-SG-|FE4-|1140|16|26|3|0011|2.243331|0.703418|-0.640565|-0.308024|5.333024|0.798341|1.748161
1878|35|-1|15775|601|2032|CYS|SF4|1552|4830|16121|-SG-|FE1-|1140|16|26|3|0011|2.270749|0.358472|0.914676|0.186722|0.252883|0.741322|1.623304
1878|36|-1|16831|642|2034|CYS|SF4|1552|5157|16131|-SG-|FE2-|1140|16|26|3|0011|2.199606|0.422349|-0.771956|-0.475084|4.441592|0.898487|1.967454
1878|37|-1|17771|672|2033|HIS|_MN|3346|5399|16129|-NE2|MN--|1340|7|25|3|0011|2.435968|-0.648613|-0.111660|0.752883|0.822745|0.216613|0.449368
1878|38|-1|18614|709|2033|ASP|_MN|2146|5680|16129|-OD1|MN--|1040|8|25|2|0011|3.191493|-0.441172|-0.818426|-0.368166|4.730318|0.022645|0.036537
1878|39|-1|18628|709|2033|ASP|_MN|2146|5681|16129|-OD2|MN--|1040|8|25|2|0011|2.196144|0.111560|-0.990372|0.081962|5.769149|0.333642|0.538316
1878|40|-1|18973|723|2033|GLU|_MN|2546|5783|16129|-OE1|MN--|1040|8|25|2|0011|3.967706|0.497265|-0.530785|-0.686291|3.795396|0.002779|0.004484
1878|41|-1|18983|723|2033|GLU|_MN|2546|5784|16129|-OE2|MN--|1040|8|25|2|0011|2.226387|0.664305|-0.069170|-0.744254|2.578820|0.307456|0.496066
1878|42|-1|18986|724|2033|ILE|_MN|946|5785|16129|-N--|MN--|140|7|25|4|0011|3.792078|0.695661|-0.551413|0.460434|9.842728|0.005545|0.011504
1878|43|-1|19006|724|2033|ILE|_MN|946|5788|16129|-O--|MN--|440|8|25|2|0011|2.450094|0.573040|0.126118|0.809765|3.286964|0.167959|0.270994
1878|44|-1|19054|725|2033|LYS|_MN|2946|5801|16129|-NZ-|MN--|1440|7|25|5|0011|3.850233|0.554512|0.672167|-0.490620|0.439315|0.004739|0.009831
1878|45|-1|20831|798|2034|CYS|SF4|1552|6394|16132|-N--|FE3-|140|7|26|4|0011|3.835232|0.320450|-0.170003|0.931886|1.391654|0.003666|0.010237
1878|46|-1|20865|798|2034|CYS|SF4|1552|6399|16132|-SG-|FE3-|1140|16|26|3|0011|2.279927|0.779411|0.387732|0.492120|4.026910|0.723159|1.583530
1878|47|-1|20928|801|2034|CYS|SF4|1552|6424|16133|-SG-|FE4-|1140|16|26|3|0011|2.122063|-0.737018|-0.155038|0.657850|1.620272|1.107974|2.426178
1878|48|-1|21102|807|2034|CYS|SF4|1552|6470|16130|-SG-|FE1-|1140|16|26|3|0011|2.176775|-0.335358|0.587566|-0.736411|3.531314|0.955675|2.092681
1878|49|-1|22134|848|2036|CYS|SF4|1552|6788|16140|-SG-|FE2-|1140|16|26|3|0011|2.145093|0.890870|0.178547|-0.417697|15.534872|1.041111|2.279764
1878|50|-1|23017|878|2035|HIS|_MN|3346|7033|16138|-NE2|MN--|1340|7|25|3|0011|2.550585|-0.416375|0.612409|0.672003|2.449434|0.158910|0.329661
1878|51|-1|23821|915|2035|ASP|_MN|2146|7316|16138|-OD1|MN--|1040|8|25|2|0011|3.318328|0.763939|0.382723|0.519539|0.839444|0.016073|0.025933
1878|52|-1|23826|915|2035|ASP|_MN|2146|7317|16138|-OD2|MN--|1040|8|25|2|0011|2.525740|0.595073|0.802933|-0.034445|3.554309|0.136902|0.220886
1878|53|-1|24058|926|2035|GLU|_MN|2546|7393|16138|-OE1|MN--|1040|8|25|2|0011|2.226573|0.763954|-0.269921|-0.586103|2.946391|0.307301|0.495817
1878|54|-1|24067|927|2035|ILE|_MN|946|7395|16138|-N--|MN--|140|7|25|4|0011|3.913130|0.140808|0.797061|-0.587254|6.413817|0.003998|0.008294
1878|55|-1|24081|927|2035|ILE|_MN|946|7398|16138|-O--|MN--|440|8|25|2|0011|2.333772|-0.616598|0.591318|-0.519760|3.578538|0.230005|0.371103
1878|56|-1|25994|1001|2036|CYS|SF4|1552|8006|16141|-SG-|FE3-|1140|16|26|3|0011|2.222603|-0.614595|0.103933|-0.781966|1.052388|0.844342|1.848892
1878|57|-1|26064|1004|2036|CYS|SF4|1552|8033|16142|-SG-|FE4-|1140|16|26|3|0011|2.134539|-0.283434|0.556560|0.780965|1.248585|1.071236|2.345731
1878|58|-1|26194|1010|2036|CYS|SF4|1552|8079|16139|-SG-|FE1-|1140|16|26|3|0011|2.270382|0.083246|-0.973844|0.211418|1.477659|0.742056|1.624912
1878|59|-1|27170|1050|2038|CYS|SF4|1552|8384|16149|-SG-|FE2-|1140|16|26|3|0011|2.275531|-0.235549|0.256643|0.937364|5.297482|0.731801|1.602456
1878|60|-1|28077|1080|2037|HIS|_MN|3346|8629|16147|-NE2|MN--|1340|7|25|3|0011|2.208141|0.888983|-0.326518|-0.321085|13.851787|0.400960|0.831799
1878|61|-1|28867|1117|2037|ASP|_MN|2146|8909|16147|-OD1|MN--|1040|8|25|2|0011|3.225851|0.549312|0.694081|0.465304|10.235213|0.020637|0.033297
1878|62|-1|28870|1117|2037|ASP|_MN|2146|8910|16147|-OD2|MN--|1040|8|25|2|0011|2.386702|0.353626|0.135334|0.925545|3.083194|0.199347|0.321637
1878|63|-1|29117|1128|2037|GLU|_MN|2546|8992|16147|-OE1|MN--|1040|8|25|2|0011|3.756025|-0.469912|0.422522|0.775022|7.353552|0.004924|0.007945
1878|64|-1|29121|1128|2037|GLU|_MN|2546|8993|16147|-OE2|MN--|1040|8|25|2|0011|2.066550|-0.839079|0.100167|0.534708|2.041359|0.473581|0.764101
1878|65|-1|29130|1129|2037|ILE|_MN|946|8994|16147|-N--|MN--|140|7|25|4|0011|3.972106|0.079555|-0.580800|0.810150|0.520204|0.003409|0.007072
1878|66|-1|29144|1129|2037|ILE|_MN|946|8997|16147|-O--|MN--|440|8|25|2|0011|2.486338|-0.010457|-0.977743|0.209545|5.911261|0.152286|0.245707
1878|67|-1|30876|1203|2038|CYS|SF4|1552|9586|16150|-N--|FE3-|140|7|26|4|0011|3.879124|0.481810|-0.857925|0.178391|5.393137|0.003256|0.009092
1878|68|-1|30909|1203|2038|CYS|SF4|1552|9591|16150|-SG-|FE3-|1140|16|26|3|0011|2.216549|-0.357312|-0.932980|-0.043310|2.401737|0.858270|1.879391
1878|69|-1|30969|1206|2038|CYS|SF4|1552|9614|16151|-SG-|FE4-|1140|16|26|3|0011|2.190028|0.945193|0.038812|-0.324197|2.310185|0.922049|2.019049
1878|70|-1|31121|1212|2038|CYS|SF4|1552|9660|16148|-SG-|FE1-|1140|16|26|3|0011|2.386279|-0.576630|0.633204|-0.516285|2.815497|0.542502|1.187939
1878|71|-1|32229|1253|2040|CYS|SF4|1552|9986|16158|-SG-|FE2-|1140|16|26|3|0011|2.180175|-0.402719|0.786176|0.468769|2.559936|0.946934|2.073540
1878|72|-1|33150|1283|2039|HIS|_MN|3346|10231|16156|-NE2|MN--|1340|7|25|3|0011|2.364390|0.744378|0.074439|-0.663596|3.934705|0.262845|0.545278
1878|73|-1|33972|1320|2039|ASP|_MN|2146|10510|16156|-OD1|MN--|1040|8|25|2|0011|3.384203|-0.346019|0.866083|-0.360793|17.820875|0.013452|0.021704
1878|74|-1|33982|1320|2039|ASP|_MN|2146|10511|16156|-OD2|MN--|1040|8|25|2|0011|2.444514|-0.041726|0.965427|0.257311|22.636595|0.170511|0.275111
1878|75|-1|34216|1331|2039|GLU|_MN|2546|10591|16156|-OE1|MN--|1040|8|25|2|0011|3.896873|-0.680289|0.453440|0.575847|2.638342|0.003365|0.005430
1878|76|-1|34222|1331|2039|GLU|_MN|2546|10592|16156|-OE2|MN--|1040|8|25|2|0011|2.170428|-0.711840|-0.015664|0.702167|10.448621|0.357656|0.577062
1878|77|-1|34228|1332|2039|ILE|_MN|946|10593|16156|-N--|MN--|140|7|25|4|0011|3.633828|0.500024|0.465350|0.730360|18.357206|0.008505|0.017644
1878|78|-1|34245|1332|2039|ILE|_MN|946|10596|16156|-O--|MN--|440|8|25|2|0011|2.320749|0.754067|-0.326186|0.570075|19.685614|0.238245|0.384397
1878|79|-1|36084|1406|2040|CYS|SF4|1552|11199|16159|-N--|FE3-|140|7|26|4|0011|3.698930|0.953249|0.063262|0.295490|6.782487|0.005298|0.014797
1878|80|-1|36116|1406|2040|CYS|SF4|1552|11204|16159|-SG-|FE3-|1140|16|26|3|0011|2.217105|0.430290|-0.555228|0.711739|3.585941|0.856983|1.876572
1878|81|-1|36177|1409|2040|CYS|SF4|1552|11231|16160|-SG-|FE4-|1140|16|26|3|0011|2.103343|0.579077|0.281931|-0.764973|6.022998|1.165473|2.552086
1878|82|-1|36333|1415|2040|CYS|SF4|1552|11277|16157|-SG-|FE1-|1140|16|26|3|0011|2.180613|-0.819954|-0.431988|-0.375583|4.196418|0.945813|2.071087
1878|83|-1|36380|1418|2040|LYS|SF4|2952|11290|16157|-N--|FE1-|140|7|26|4|0011|3.861013|-0.169386|-0.918152|0.358196|0.924024|0.003419|0.009548
1878|84|-1|37278|1455|2042|CYS|SF4|1552|11582|16167|-SG-|FE2-|1140|16|26|3|0011|2.094399|0.528075|0.260219|-0.808346|12.501884|1.193989|2.614527
1878|85|-1|38096|1485|2041|HIS|_MN|3346|11830|16165|-NE2|MN--|1340|7|25|3|0011|2.915053|-0.856245|0.498105|0.136876|2.655363|0.059340|0.123103
1878|86|-1|38852|1522|2041|ASP|_MN|2146|12107|16165|-OD1|MN--|1040|8|25|2|0011|3.394624|-0.119012|0.935009|-0.334057|9.870668|0.013078|0.021101
1878|87|-1|38858|1522|2041|ASP|_MN|2146|12108|16165|-OD2|MN--|1040|8|25|2|0011|2.567493|-0.197469|0.489973|-0.849077|8.055654|0.122293|0.197315
1878|88|-1|39093|1533|2041|GLU|_MN|2546|12184|16165|-OE1|MN--|1040|8|25|2|0011|3.880306|0.563358|0.074221|-0.822873|7.370181|0.003519|0.005678
1878|89|-1|39097|1533|2041|GLU|_MN|2546|12185|16165|-OE2|MN--|1040|8|25|2|0011|2.119916|0.650497|-0.384922|-0.654743|4.454844|0.409972|0.661472
1878|90|-1|39112|1534|2041|ILE|_MN|946|12189|16165|-O--|MN--|440|8|25|2|0011|2.859526|-0.802930|-0.516868|-0.296902|4.989722|0.055542|0.089615
1878|91|-1|39160|1535|2041|LYS|_MN|2946|12202|16165|-NZ-|MN--|1440|7|25|5|0011|3.959909|0.513396|-0.858101|0.009344|2.858998|0.003523|0.007309
1878|92|-1|40814|1608|2042|CYS|SF4|1552|12782|16168|-N--|FE3-|140|7|26|4|0011|3.838200|-0.940284|-0.176125|-0.291282|1.660218|0.003636|0.010156
1878|93|-1|40842|1608|2042|CYS|SF4|1552|12787|16168|-SG-|FE3-|1140|16|26|3|0011|2.248268|-0.404311|-0.885126|-0.230399|3.158381|0.787759|1.724989
1878|94|-1|40904|1611|2042|CYS|SF4|1552|12814|16169|-SG-|FE4-|1140|16|26|3|0011|2.226462|-0.690782|0.592420|0.414559|4.657176|0.835582|1.829708
1878|95|-1|41029|1617|2042|CYS|SF4|1552|12860|16166|-SG-|FE1-|1140|16|26|3|0011|2.011255|0.621005|-0.018398|0.783591|6.765800|1.494833|3.273298
1878|96|-1|42039|1657|2044|CYS|SF4|1552|13182|16176|-SG-|FE2-|1140|16|26|3|0011|2.070355|0.140073|-0.286906|-0.947663|0.070135|1.274155|2.790071
1878|97|-1|42877|1687|2043|HIS|_MN|3346|13430|16174|-NE2|MN--|1340|7|25|3|0011|2.347638|-0.921351|-0.034503|0.387198|3.097458|0.275020|0.570534
1878|98|-1|43654|1724|2043|ASP|_MN|2146|13694|16174|-OD1|MN--|1040|8|25|2|0011|3.496953|-0.385192|0.205607|-0.899640|14.069500|0.009918|0.016003
1878|99|-1|43658|1724|2043|ASP|_MN|2146|13695|16174|-OD2|MN--|1040|8|25|2|0011|2.302628|-0.489006|-0.408230|-0.770857|11.969084|0.250203|0.403692
1878|100|-1|43891|1735|2043|GLU|_MN|2546|13777|16174|-OE1|MN--|1040|8|25|2|0011|3.912291|0.431205|-0.221354|-0.874680|6.356050|0.003228|0.005208
1878|101|-1|43896|1735|2043|GLU|_MN|2546|13778|16174|-OE2|MN--|1040|8|25|2|0011|2.135494|0.795133|-0.251933|-0.551628|13.894197|0.393070|0.634201
1878|102|-1|43915|1736|2043|ILE|_MN|946|13782|16174|-O--|MN--|440|8|25|2|0011|2.458458|0.070369|-0.875346|0.478350|8.255922|0.164204|0.264936
1878|103|-1|45705|1810|2044|CYS|SF4|1552|14377|16177|-N--|FE3-|140|7|26|4|0011|3.717228|-0.478044|-0.771005|0.420743|15.950814|0.005043|0.014083
1878|104|-1|45737|1810|2044|CYS|SF4|1552|14382|16177|-SG-|FE3-|1140|16|26|3|0011|2.222128|0.472970|-0.645328|0.599875|11.261893|0.845427|1.851266
1878|105|-1|45798|1813|2044|CYS|SF4|1552|14409|16178|-SG-|FE4-|1140|16|26|3|0011|2.121366|-0.984271|0.067881|0.163103|20.588932|1.110063|2.430750
1878|106|-1|45921|1819|2044|CYS|SF4|1552|14455|16175|-SG-|FE1-|1140|16|26|3|0011|2.233255|0.517182|0.851224|0.089108|7.241744|0.820381|1.796422
1878|107|-1|46882|1860|2046|CYS|SF4|1552|14778|16185|-SG-|FE2-|1140|16|26|3|0011|2.376053|-0.916224|0.366995|0.160772|9.031149|0.557704|1.221227
1878|108|-1|47763|1890|2045|HIS|_MN|3346|15023|16183|-NE2|MN--|1340|7|25|3|0011|2.376546|0.386697|0.022721|-0.921927|11.199646|0.254350|0.527655
1878|109|-1|48559|1927|2045|ASP|_MN|2146|15303|16183|-OD1|MN--|1040|8|25|2|0011|3.327770|-0.787614|-0.115694|-0.605210|0.508945|0.015668|0.025280
1878|110|-1|48568|1927|2045|ASP|_MN|2146|15304|16183|-OD2|MN--|1040|8|25|2|0011|2.430312|-0.668227|0.568238|-0.480185|1.978666|0.177183|0.285876
1878|111|-1|48796|1937|2045|GLU|_MN|2546|15379|16183|-OE2|MN--|1040|8|25|2|0011|2.232984|-0.657863|0.183611|0.730413|4.989010|0.302022|0.487300
1878|112|-1|48799|1938|2045|ILE|_MN|946|15380|16183|-N--|MN--|140|7|25|4|0011|3.810326|-0.165077|0.982067|-0.091068|2.790354|0.005278|0.010950
1878|113|-1|48815|1938|2045|ILE|_MN|946|15383|16183|-O--|MN--|440|8|25|2|0011|2.236426|0.611243|0.789205|-0.059470|4.244288|0.299226|0.482788
1878|114|-1|48859|1939|2045|LYS|_MN|2946|15396|16183|-NZ-|MN--|1440|7|25|5|0011|3.763644|0.131788|-0.210169|0.968742|0.020013|0.005988|0.012423
1878|115|-1|50551|2012|2046|CYS|SF4|1552|15986|16186|-N--|FE3-|140|7|26|4|0011|3.798356|0.519961|0.782971|-0.341463|2.035401|0.004050|0.011310
1878|116|-1|50586|2012|2046|CYS|SF4|1552|15991|16186|-SG-|FE3-|1140|16|26|3|0011|2.146000|0.629077|0.566635|0.532153|0.492814|1.038563|2.274186
1878|117|-1|50645|2015|2046|CYS|SF4|1552|16018|16187|-SG-|FE4-|1140|16|26|3|0011|2.177826|0.189638|-0.134996|-0.972529|4.646884|0.952964|2.086744
1878|118|-1|50785|2021|2046|CYS|SF4|1552|16064|16184|-SG-|FE1-|1140|16|26|3|0011|2.269189|-0.027323|-0.897678|0.439804|0.999861|0.744454|1.630161
1878|119|-1|50824|2024|2046|LYS|SF4|2952|16077|16184|-N--|FE1-|140|7|26|4|0011|3.929369|0.548179|-0.115286|0.828377|5.622664|0.002842|0.007938
1878|120|-1|50862|2090|2027|HOH|_MN|4346|16235|16102|-O--|MN--|2840|8|25|3|0011|2.614744|0.274978|-0.753037|0.597764|28.671717|0.107632|0.173659
1878|121|-1|50863|2028|2028|SF4|SF4|5252|16110|16103|-S4-|FE1-|3340|16|26|1|0000|2.091834|-0.845191|0.531113|-0.059756|1.749238|1.202296|2.632718
1878|122|-1|50864|2028|2028|SF4|SF4|5252|16109|16103|-S3-|FE1-|3340|16|26|1|0000|2.049686|-0.491295|-0.787438|-0.372252|0.877774|1.347358|2.950366
1878|123|-1|50865|2028|2028|SF4|SF4|5252|16108|16103|-S2-|FE1-|3340|16|26|1|0000|2.020280|0.187103|0.273725|-0.943434|4.145751|1.458813|3.194423
1878|124|-1|50866|2028|2028|SF4|SF4|5252|16107|16103|-S1-|FE1-|3340|16|26|1|0000|3.533575|-0.646370|0.009339|-0.762967|3.261667|0.024420|0.053473
1878|125|-1|50867|2028|2028|SF4|SF4|5252|16106|16103|FE4-|FE1-|4040|26|26|1|0000|2.936639|-0.185927|-0.372535|-0.909203|1.109231|-0.001000|-0.001000
1878|126|-1|50867|2028|2028|SF4|SF4|5252|16103|16106|FE1-|FE4-|4040|26|26|1|0000|2.936639|0.185927|0.372535|0.909203|1.109231|-0.001000|-0.001000
1878|127|-1|50868|2028|2028|SF4|SF4|5252|16105|16103|FE3-|FE1-|4040|26|26|1|0000|2.965436|-0.450523|0.583388|-0.675786|3.028037|-0.001000|-0.001000
1878|128|-1|50868|2028|2028|SF4|SF4|5252|16103|16105|FE1-|FE3-|4040|26|26|1|0000|2.965436|0.450523|-0.583388|0.675786|3.028037|-0.001000|-0.001000
1878|129|-1|50869|2028|2028|SF4|SF4|5252|16104|16103|FE2-|FE1-|4040|26|26|1|0000|2.946090|-0.943623|-0.190761|-0.270528|1.464522|-0.001000|-0.001000
1878|130|-1|50869|2028|2028|SF4|SF4|5252|16103|16104|FE1-|FE2-|4040|26|26|1|0000|2.946090|0.943623|0.190761|0.270528|1.464522|-0.001000|-0.001000
1878|131|-1|50870|2028|2028|SF4|SF4|5252|16110|16104|-S4-|FE2-|3340|16|26|1|0000|2.067524|0.489474|0.809180|0.325026|3.553967|1.283943|2.811503
1878|132|-1|50871|2028|2028|SF4|SF4|5252|16109|16104|-S3-|FE2-|3340|16|26|1|0000|2.061889|0.859891|-0.510212|0.016490|0.527056|1.303647|2.854651
1878|133|-1|50872|2028|2028|SF4|SF4|5252|16108|16104|-S2-|FE2-|3340|16|26|1|0000|3.527898|0.895150|0.316052|-0.314351|6.416572|0.024797|0.054300
1878|134|-1|50873|2028|2028|SF4|SF4|5252|16107|16104|-S1-|FE2-|3340|16|26|1|0000|2.050912|0.241844|0.290115|-0.925929|5.360544|1.342900|2.940605
1878|135|-1|50874|2028|2028|SF4|SF4|5252|16106|16104|FE4-|FE2-|4040|26|26|1|0000|2.963428|0.753856|-0.179522|-0.632038|2.789485|-0.001000|-0.001000
1878|136|-1|50874|2028|2028|SF4|SF4|5252|16104|16106|FE2-|FE4-|4040|26|26|1|0000|2.963428|-0.753856|0.179522|0.632038|2.789485|-0.001000|-0.001000
1878|137|-1|50875|2028|2028|SF4|SF4|5252|16105|16104|FE3-|FE2-|4040|26|26|1|0000|2.965679|0.486904|0.772842|-0.406989|1.325996|-0.001000|-0.001000
1878|138|-1|50875|2028|2028|SF4|SF4|5252|16104|16105|FE2-|FE3-|4040|26|26|1|0000|2.965679|-0.486904|-0.772842|0.406989|1.325996|-0.001000|-0.001000
1878|139|-1|50876|2028|2028|SF4|SF4|5252|16110|16105|-S4-|FE3-|3340|16|26|1|0000|2.024951|-0.213339|-0.305687|0.927924|5.456353|1.440510|3.154344
1878|140|-1|50877|2028|2028|SF4|SF4|5252|16109|16105|-S3-|FE3-|3340|16|26|1|0000|3.581991|0.091848|-0.933559|0.346455|1.938531|0.021425|0.046914
1878|141|-1|50878|2028|2028|SF4|SF4|5252|16108|16105|-S2-|FE3-|3340|16|26|1|0000|2.081520|0.823436|-0.565452|0.047081|8.783223|1.236282|2.707139
1878|142|-1|50879|2028|2028|SF4|SF4|5252|16107|16105|-S1-|FE3-|3340|16|26|1|0000|2.063342|-0.459449|-0.822453|-0.335378|7.555926|1.298538|2.843463
1878|143|-1|50880|2028|2028|SF4|SF4|5252|16106|16105|FE4-|FE3-|4040|26|26|1|0000|3.007097|0.262712|-0.939112|-0.221476|4.567885|-0.001000|-0.001000
1878|144|-1|50880|2028|2028|SF4|SF4|5252|16105|16106|FE3-|FE4-|4040|26|26|1|0000|3.007097|-0.262712|0.939112|0.221476|4.567885|-0.001000|-0.001000
1878|145|-1|50881|2028|2028|SF4|SF4|5252|16110|16106|-S4-|FE4-|3340|16|26|1|0000|3.582225|-0.341129|0.615539|0.710452|0.551844|0.021411|0.046885
1878|146|-1|50882|2028|2028|SF4|SF4|5252|16109|16106|-S3-|FE4-|3340|16|26|1|0000|2.029672|-0.227130|-0.256199|0.939560|2.118371|1.422246|3.114351
1878|147|-1|50883|2028|2028|SF4|SF4|5252|16108|16106|-S2-|FE4-|3340|16|26|1|0000|2.037175|0.453569|0.808473|0.375029|2.618224|1.393697|3.051836
1878|148|-1|50884|2028|2028|SF4|SF4|5252|16107|16106|-S1-|FE4-|3340|16|26|1|0000|2.071580|-0.838973|0.544029|-0.012551|1.855927|1.269943|2.780848
1878|149|-1|50891|2154|2029|HOH|_MN|4346|16299|16111|-O--|MN--|2840|8|25|3|0011|2.516866|-0.339708|-0.940455|-0.011919|26.760475|0.140226|0.226248
1878|150|-1|50892|2030|2030|SF4|SF4|5252|16114|16112|FE3-|FE1-|4040|26|26|1|0000|2.965046|0.460364|0.878232|0.129509|4.390809|-0.001000|-0.001000
1878|151|-1|50892|2030|2030|SF4|SF4|5252|16112|16114|FE1-|FE3-|4040|26|26|1|0000|2.965046|-0.460364|-0.878232|-0.129509|4.390809|-0.001000|-0.001000
1878|152|-1|50893|2030|2030|SF4|SF4|5252|16119|16112|-S4-|FE1-|3340|16|26|1|0000|2.074064|0.842790|0.435859|-0.315804|1.367015|1.261446|2.762240
1878|153|-1|50894|2030|2030|SF4|SF4|5252|16118|16112|-S3-|FE1-|3340|16|26|1|0000|2.119011|0.522886|-0.352051|0.776306|1.019822|1.117150|2.446270
1878|154|-1|50895|2030|2030|SF4|SF4|5252|16117|16112|-S2-|FE1-|3340|16|26|1|0000|2.038761|-0.161372|0.809806|0.564069|1.296697|1.387737|3.038785
1878|155|-1|50896|2030|2030|SF4|SF4|5252|16116|16112|-S1-|FE1-|3340|16|26|1|0000|3.573941|0.671808|0.499449|0.547015|1.601463|0.021896|0.047946
1878|156|-1|50897|2030|2030|SF4|SF4|5252|16115|16112|FE4-|FE1-|4040|26|26|1|0000|2.954884|0.237911|0.294428|0.925587|0.930864|-0.001000|-0.001000
1878|157|-1|50897|2030|2030|SF4|SF4|5252|16112|16115|FE1-|FE4-|4040|26|26|1|0000|2.954884|-0.237911|-0.294428|-0.925587|0.930864|-0.001000|-0.001000
1878|158|-1|50898|2030|2030|SF4|SF4|5252|16113|16112|FE2-|FE1-|4040|26|26|1|0000|2.970755|0.952620|0.030632|0.302617|0.010013|-0.001000|-0.001000
1878|159|-1|50898|2030|2030|SF4|SF4|5252|16112|16113|FE1-|FE2-|4040|26|26|1|0000|2.970755|-0.952620|-0.030632|-0.302617|0.010013|-0.001000|-0.001000
1878|160|-1|50899|2030|2030|SF4|SF4|5252|16114|16113|FE3-|FE2-|4040|26|26|1|0000|2.954085|-0.495923|0.850686|-0.174335|4.410640|-0.001000|-0.001000
1878|161|-1|50899|2030|2030|SF4|SF4|5252|16113|16114|FE2-|FE3-|4040|26|26|1|0000|2.954085|0.495923|-0.850686|0.174335|4.410640|-0.001000|-0.001000
1878|162|-1|50900|2030|2030|SF4|SF4|5252|16119|16113|-S4-|FE2-|3340|16|26|1|0000|2.060730|-0.525057|0.394520|-0.754101|1.353462|1.307738|2.863608
1878|163|-1|50901|2030|2030|SF4|SF4|5252|16118|16113|-S3-|FE2-|3340|16|26|1|0000|2.054840|-0.838021|-0.407331|0.363045|1.007174|1.328720|2.909554
1878|164|-1|50902|2030|2030|SF4|SF4|5252|16117|16113|-S2-|FE2-|3340|16|26|1|0000|3.532121|-0.894363|0.441661|0.071062|1.309882|0.024516|0.053683
1878|165|-1|50903|2030|2030|SF4|SF4|5252|16116|16113|-S1-|FE2-|3340|16|26|1|0000|2.041767|-0.210112|0.829674|0.517199|1.615347|1.376507|3.014195
1878|166|-1|50904|2030|2030|SF4|SF4|5252|16115|16113|FE4-|FE2-|4040|26|26|1|0000|2.915797|-0.729475|0.267165|0.629674|0.918448|-0.001000|-0.001000
1878|167|-1|50904|2030|2030|SF4|SF4|5252|16113|16115|FE2-|FE4-|4040|26|26|1|0000|2.915797|0.729475|-0.267165|-0.629674|0.918448|-0.001000|-0.001000
1878|168|-1|50905|2030|2030|SF4|SF4|5252|16119|16114|-S4-|FE3-|3340|16|26|1|0000|2.028844|0.188777|-0.837915|-0.512114|7.098215|1.425432|3.121328
1878|169|-1|50906|2030|2030|SF4|SF4|5252|16118|16114|-S3-|FE3-|3340|16|26|1|0000|3.588686|-0.071614|-0.933489|0.351382|6.410591|0.021040|0.046073
1878|170|-1|50907|2030|2030|SF4|SF4|5252|16117|16114|-S2-|FE3-|3340|16|26|1|0000|2.089163|-0.810851|-0.456164|0.366654|2.440523|1.211005|2.651789
1878|171|-1|50908|2030|2030|SF4|SF4|5252|16116|16114|-S1-|FE3-|3340|16|26|1|0000|2.052339|0.504790|-0.399057|0.765468|2.103414|1.337733|2.929290
1878|172|-1|50909|2030|2030|SF4|SF4|5252|16115|16114|FE4-|FE3-|4040|26|26|1|0000|2.995363|-0.221008|-0.578895|0.784880|6.234406|-0.001000|-0.001000
1878|173|-1|50909|2030|2030|SF4|SF4|5252|16114|16115|FE3-|FE4-|4040|26|26|1|0000|2.995363|0.221008|0.578895|-0.784880|6.234406|-0.001000|-0.001000
1878|174|-1|50910|2030|2030|SF4|SF4|5252|16119|16115|-S4-|FE4-|3340|16|26|1|0000|3.547573|0.294568|0.009584|-0.955583|0.346754|0.023513|0.051488
1878|175|-1|50911|2030|2030|SF4|SF4|5252|16118|16115|-S3-|FE4-|3340|16|26|1|0000|1.990875|0.203429|-0.811704|-0.547498|0.070725|1.579480|3.458654
1878|176|-1|50912|2030|2030|SF4|SF4|5252|16117|16115|-S2-|FE4-|3340|16|26|1|0000|2.046266|-0.504333|0.381671|-0.774581|2.522460|1.359869|2.977763
1878|177|-1|50913|2030|2030|SF4|SF4|5252|16116|16115|-S1-|FE4-|3340|16|26|1|0000|2.080584|0.816117|0.439780|-0.374895|2.892212|1.239412|2.713993
1878|178|-1|50920|2032|2032|SF4|SF4|5252|16128|16121|-S4-|FE1-|3340|16|26|1|0000|2.103808|-0.931168|-0.327978|0.159235|10.217387|1.164008|2.548878
1878|179|-1|50921|2032|2032|SF4|SF4|5252|16127|16121|-S3-|FE1-|3340|16|26|1|0000|2.070830|0.270906|-0.843624|0.463582|16.117855|1.272522|2.786494
1878|180|-1|50922|2032|2032|SF4|SF4|5252|16125|16121|-S1-|FE1-|3340|16|26|1|0000|3.547005|-0.370735|-0.921623|-0.114745|4.051897|0.023549|0.051567
1878|181|-1|50923|2032|2032|SF4|SF4|5252|16122|16121|FE2-|FE1-|4040|26|26|1|0000|3.041010|-0.448535|-0.768824|0.455770|4.465440|-0.001000|-0.001000
1878|182|-1|50923|2032|2032|SF4|SF4|5252|16121|16122|FE1-|FE2-|4040|26|26|1|0000|3.041010|0.448535|0.768824|-0.455770|4.465440|-0.001000|-0.001000
1878|183|-1|50924|2032|2032|SF4|SF4|5252|16126|16121|-S2-|FE1-|3340|16|26|1|0000|2.065828|-0.005325|-0.522794|-0.852443|12.520208|1.289840|2.824417
1878|184|-1|50925|2032|2032|SF4|SF4|5252|16124|16121|FE4-|FE1-|4040|26|26|1|0000|2.987515|0.205857|-0.942925|-0.261756|8.127807|-0.001000|-0.001000
1878|185|-1|50925|2032|2032|SF4|SF4|5252|16121|16124|FE1-|FE4-|4040|26|26|1|0000|2.987515|-0.205857|0.942925|0.261756|8.127807|-0.001000|-0.001000
1878|186|-1|50926|2032|2032|SF4|SF4|5252|16123|16121|FE3-|FE1-|4040|26|26|1|0000|2.977555|-0.678409|-0.536346|-0.502090|1.901759|-0.001000|-0.001000
1878|187|-1|50926|2032|2032|SF4|SF4|5252|16121|16123|FE1-|FE3-|4040|26|26|1|0000|2.977555|0.678409|0.536346|0.502090|1.901759|-0.001000|-0.001000
1878|188|-1|50927|2032|2032|SF4|SF4|5252|16128|16122|-S4-|FE2-|3340|16|26|1|0000|2.043166|-0.291215|0.806591|-0.514398|3.970400|1.371313|3.002821
1878|189|-1|50928|2032|2032|SF4|SF4|5252|16127|16122|-S3-|FE2-|3340|16|26|1|0000|2.058247|0.935262|0.287137|-0.206972|8.043321|1.316541|2.882886
1878|190|-1|50929|2032|2032|SF4|SF4|5252|16125|16122|-S1-|FE2-|3340|16|26|1|0000|2.020893|0.024247|-0.460687|-0.887231|0.294617|1.456395|3.189129
1878|191|-1|50930|2032|2032|SF4|SF4|5252|16126|16122|-S2-|FE2-|3340|16|26|1|0000|3.649216|0.370765|0.344731|-0.862377|5.559970|0.017865|0.039120
1878|192|-1|50931|2032|2032|SF4|SF4|5252|16124|16122|FE4-|FE2-|4040|26|26|1|0000|2.974240|0.665380|-0.161050|-0.728926|2.528024|-0.001000|-0.001000
1878|193|-1|50931|2032|2032|SF4|SF4|5252|16122|16124|FE2-|FE4-|4040|26|26|1|0000|2.974240|-0.665380|0.161050|0.728926|2.528024|-0.001000|-0.001000
1878|194|-1|50932|2032|2032|SF4|SF4|5252|16123|16122|FE3-|FE2-|4040|26|26|1|0000|3.046240|-0.215347|0.243251|-0.945756|2.170846|-0.001000|-0.001000
1878|195|-1|50932|2032|2032|SF4|SF4|5252|16122|16123|FE2-|FE3-|4040|26|26|1|0000|3.046240|0.215347|-0.243251|0.945756|2.170846|-0.001000|-0.001000
1878|196|-1|50933|2032|2032|SF4|SF4|5252|16128|16123|-S4-|FE3-|3340|16|26|1|0000|2.043347|0.029853|0.443879|0.895590|7.041418|1.370642|3.001353
1878|197|-1|50934|2032|2032|SF4|SF4|5252|16127|16123|-S3-|FE3-|3340|16|26|1|0000|3.565261|0.723930|-0.042073|0.688589|12.037753|0.022415|0.049084
1878|198|-1|50935|2032|2032|SF4|SF4|5252|16125|16123|-S1-|FE3-|3340|16|26|1|0000|2.115740|0.333217|-0.790268|0.514241|1.820670|1.127071|2.467995
1878|199|-1|50936|2032|2032|SF4|SF4|5252|16126|16123|-S2-|FE3-|3340|16|26|1|0000|2.091441|0.960582|0.247197|-0.127185|8.991376|1.203574|2.635515
1878|200|-1|50937|2032|2032|SF4|SF4|5252|16124|16123|FE4-|FE3-|4040|26|26|1|0000|2.989983|0.881276|-0.408030|0.238463|5.272026|-0.001000|-0.001000
1878|201|-1|50937|2032|2032|SF4|SF4|5252|16123|16124|FE3-|FE4-|4040|26|26|1|0000|2.989983|-0.881276|0.408030|-0.238463|5.272026|-0.001000|-0.001000
1878|202|-1|50938|2032|2032|SF4|SF4|5252|16128|16124|-S4-|FE4-|3340|16|26|1|0000|3.520979|-0.731047|0.604093|0.317241|1.112299|0.025265|0.055325
1878|203|-1|50939|2032|2032|SF4|SF4|5252|16127|16124|-S3-|FE4-|3340|16|26|1|0000|2.045087|-0.026405|0.523205|0.851798|4.253164|1.364212|2.987272
1878|204|-1|50940|2032|2032|SF4|SF4|5252|16125|16124|-S1-|FE4-|3340|16|26|1|0000|2.017382|-0.956686|-0.224053|0.185885|2.903757|1.470283|3.219541
1878|205|-1|50941|2032|2032|SF4|SF4|5252|16126|16124|-S2-|FE4-|3340|16|26|1|0000|2.089853|-0.299543|0.831159|-0.468454|2.338109|1.208751|2.646852
1878|206|-1|50948|2207|2033|HOH|_MN|4346|16352|16129|-O--|MN--|2840|8|25|3|0011|3.797734|-0.092687|0.419724|-0.902907|17.476847|0.004399|0.007098
1878|207|-1|50949|2220|2033|HOH|_MN|4346|16365|16129|-O--|MN--|2840|8|25|3|0011|2.295515|-0.675666|-0.084948|-0.732297|11.571253|0.255060|0.411528
1878|208|-1|50950|2034|2034|SF4|SF4|5252|16135|16130|-S2-|FE1-|3340|16|26|1|0000|2.065921|-0.017425|0.144246|0.989388|2.542812|1.289516|2.823707
1878|209|-1|50951|2034|2034|SF4|SF4|5252|16133|16130|FE4-|FE1-|4040|26|26|1|0000|2.992570|-0.208182|-0.556044|0.804659|3.512781|-0.001000|-0.001000
1878|210|-1|50951|2034|2034|SF4|SF4|5252|16130|16133|FE1-|FE4-|4040|26|26|1|0000|2.992570|0.208182|0.556044|-0.804659|3.512781|-0.001000|-0.001000
1878|211|-1|50952|2034|2034|SF4|SF4|5252|16132|16130|FE3-|FE1-|4040|26|26|1|0000|2.975142|0.657111|-0.053443|0.751897|1.224886|-0.001000|-0.001000
1878|212|-1|50952|2034|2034|SF4|SF4|5252|16130|16132|FE1-|FE3-|4040|26|26|1|0000|2.975142|-0.657111|0.053443|-0.751897|1.224886|-0.001000|-0.001000
1878|213|-1|50953|2034|2034|SF4|SF4|5252|16137|16130|-S4-|FE1-|3340|16|26|1|0000|2.002472|0.964309|-0.247195|0.094882|11.508430|1.530742|3.351929
1878|214|-1|50954|2034|2034|SF4|SF4|5252|16136|16130|-S3-|FE1-|3340|16|26|1|0000|2.101941|-0.254050|-0.947220|0.195533|4.621529|1.169898|2.561774
1878|215|-1|50955|2034|2034|SF4|SF4|5252|16134|16130|-S1-|FE1-|3340|16|26|1|0000|3.532248|0.370869|-0.607545|0.702385|2.790495|0.024507|0.053665
1878|216|-1|50956|2034|2034|SF4|SF4|5252|16131|16130|FE2-|FE1-|4040|26|26|1|0000|2.921560|0.490492|-0.854681|0.170114|3.372827|-0.001000|-0.001000
1878|217|-1|50956|2034|2034|SF4|SF4|5252|16130|16131|FE1-|FE2-|4040|26|26|1|0000|2.921560|-0.490492|0.854681|-0.170114|3.372827|-0.001000|-0.001000
1878|218|-1|50957|2034|2034|SF4|SF4|5252|16135|16131|-S2-|FE2-|3340|16|26|1|0000|3.516135|-0.417788|0.794907|0.439972|0.644100|0.025598|0.056054
1878|219|-1|50958|2034|2034|SF4|SF4|5252|16133|16131|FE4-|FE2-|4040|26|26|1|0000|2.927959|-0.702196|0.284499|0.652673|0.100630|-0.001000|-0.001000
1878|220|-1|50958|2034|2034|SF4|SF4|5252|16131|16133|FE2-|FE4-|4040|26|26|1|0000|2.927959|0.702196|-0.284499|-0.652673|0.100630|-0.001000|-0.001000
1878|221|-1|50959|2034|2034|SF4|SF4|5252|16132|16131|FE3-|FE2-|4040|26|26|1|0000|2.960800|0.176304|0.789652|0.587680|1.893329|-0.001000|-0.001000
1878|222|-1|50959|2034|2034|SF4|SF4|5252|16131|16132|FE2-|FE3-|4040|26|26|1|0000|2.960800|-0.176304|-0.789652|-0.587680|1.893329|-0.001000|-0.001000
1878|223|-1|50960|2034|2034|SF4|SF4|5252|16137|16131|-S4-|FE2-|3340|16|26|1|0000|2.085727|0.238766|0.959857|-0.147191|5.849699|1.222305|2.676532
1878|224|-1|50961|2034|2034|SF4|SF4|5252|16136|16131|-S3-|FE2-|3340|16|26|1|0000|2.032860|-0.967602|0.248911|-0.042304|0.897847|1.410047|3.087639
1878|225|-1|50962|2034|2034|SF4|SF4|5252|16134|16131|-S1-|FE2-|3340|16|26|1|0000|2.018561|-0.060934|0.173886|0.982879|0.441592|1.465603|3.209292
1878|226|-1|50963|2034|2034|SF4|SF4|5252|16135|16132|-S2-|FE3-|3340|16|26|1|0000|2.051872|-0.970333|0.222724|-0.094061|1.161702|1.339424|2.932992
1878|227|-1|50964|2034|2034|SF4|SF4|5252|16133|16132|FE4-|FE3-|4040|26|26|1|0000|2.990041|-0.862195|-0.503338|0.057189|2.016693|-0.001000|-0.001000
1878|228|-1|50964|2034|2034|SF4|SF4|5252|16132|16133|FE3-|FE4-|4040|26|26|1|0000|2.990041|0.862195|0.503338|-0.057189|2.016693|-0.001000|-0.001000
1878|229|-1|50965|2034|2034|SF4|SF4|5252|16137|16132|-S4-|FE3-|3340|16|26|1|0000|2.074533|-0.011568|-0.161964|-0.986729|9.064558|1.259851|2.758748
1878|230|-1|50966|2034|2034|SF4|SF4|5252|16136|16132|-S3-|FE3-|3340|16|26|1|0000|3.589654|-0.693381|-0.510356|-0.508684|2.994013|0.020985|0.045953
1878|231|-1|50967|2034|2034|SF4|SF4|5252|16134|16132|-S1-|FE3-|3340|16|26|1|0000|2.103266|-0.306665|-0.944721|0.116010|1.380025|1.165714|2.552614
1878|232|-1|50968|2034|2034|SF4|SF4|5252|16135|16133|-S2-|FE4-|3340|16|26|1|0000|2.080027|0.282208|0.943258|-0.174997|0.752706|1.241282|2.718087
1878|233|-1|50969|2034|2034|SF4|SF4|5252|16137|16133|-S4-|FE4-|3340|16|26|1|0000|3.578966|0.713614|0.326631|-0.619732|5.677207|0.021600|0.047299
1878|234|-1|50970|2034|2034|SF4|SF4|5252|16136|16133|-S3-|FE4-|3340|16|26|1|0000|2.025549|0.043939|-0.161438|-0.985904|0.787252|1.438183|3.149249
1878|235|-1|50971|2034|2034|SF4|SF4|5252|16134|16133|-S1-|FE4-|3340|16|26|1|0000|1.993526|0.969639|-0.241783|0.036619|0.547721|1.568203|3.433961
1878|236|-1|50978|2247|2035|HOH|_MN|4346|16392|16138|-O--|MN--|2840|8|25|3|0011|2.341822|0.348447|-0.366807|0.862576|12.068185|0.225055|0.363116
1878|237|-1|50979|2036|2036|SF4|SF4|5252|16140|16139|FE2-|FE1-|4040|26|26|1|0000|3.009486|0.532317|0.768570|-0.354878|4.029002|-0.001000|-0.001000
1878|238|-1|50979|2036|2036|SF4|SF4|5252|16139|16140|FE1-|FE2-|4040|26|26|1|0000|3.009486|-0.532317|-0.768570|0.354878|4.029002|-0.001000|-0.001000
1878|239|-1|50980|2036|2036|SF4|SF4|5252|16146|16139|-S4-|FE1-|3340|16|26|1|0000|2.023417|0.237717|0.364236|-0.900457|5.587164|1.446493|3.167447
1878|240|-1|50981|2036|2036|SF4|SF4|5252|16145|16139|-S3-|FE1-|3340|16|26|1|0000|2.131475|0.520297|0.767544|0.374388|5.999619|1.080145|2.365238
1878|241|-1|50982|2036|2036|SF4|SF4|5252|16142|16139|FE4-|FE1-|4040|26|26|1|0000|3.021224|-0.189327|0.943658|0.271413|2.125162|-0.001000|-0.001000
1878|242|-1|50982|2036|2036|SF4|SF4|5252|16139|16142|FE1-|FE4-|4040|26|26|1|0000|3.021224|0.189327|-0.943658|-0.271413|2.125162|-0.001000|-0.001000
1878|243|-1|50983|2036|2036|SF4|SF4|5252|16143|16139|-S1-|FE1-|3340|16|26|1|0000|3.533563|-0.024904|0.957108|-0.288661|8.025542|0.024420|0.053475
1878|244|-1|50984|2036|2036|SF4|SF4|5252|16141|16139|FE3-|FE1-|4040|26|26|1|0000|2.983177|-0.409295|0.652995|-0.637240|1.489472|-0.001000|-0.001000
1878|245|-1|50984|2036|2036|SF4|SF4|5252|16139|16141|FE1-|FE3-|4040|26|26|1|0000|2.983177|0.409295|-0.652995|0.637240|1.489472|-0.001000|-0.001000
1878|246|-1|50985|2036|2036|SF4|SF4|5252|16144|16139|-S2-|FE1-|3340|16|26|1|0000|2.101416|-0.778046|0.628149|-0.008566|7.069536|1.171558|2.565409
1878|247|-1|50986|2036|2036|SF4|SF4|5252|16146|16140|-S4-|FE2-|3340|16|26|1|0000|2.075797|-0.540034|-0.759227|-0.363234|1.020124|1.255552|2.749336
1878|248|-1|50987|2036|2036|SF4|SF4|5252|16145|16140|-S3-|FE2-|3340|16|26|1|0000|2.045320|-0.241038|-0.331000|0.912327|1.290157|1.363351|2.985386
1878|249|-1|50988|2036|2036|SF4|SF4|5252|16142|16140|FE4-|FE2-|4040|26|26|1|0000|2.929209|-0.742180|0.183667|0.644543|1.505810|-0.001000|-0.001000
1878|250|-1|50988|2036|2036|SF4|SF4|5252|16140|16142|FE2-|FE4-|4040|26|26|1|0000|2.929209|0.742180|-0.183667|-0.644543|1.505810|-0.001000|-0.001000
1878|251|-1|50989|2036|2036|SF4|SF4|5252|16143|16140|-S1-|FE2-|3340|16|26|1|0000|2.000290|-0.844877|0.534422|0.023997|2.616523|1.539795|3.371753
1878|252|-1|50990|2036|2036|SF4|SF4|5252|16141|16140|FE3-|FE2-|4040|26|26|1|0000|2.965880|-0.951825|-0.123067|-0.280861|2.148474|-0.001000|-0.001000
1878|253|-1|50990|2036|2036|SF4|SF4|5252|16140|16141|FE2-|FE3-|4040|26|26|1|0000|2.965880|0.951825|0.123067|0.280861|2.148474|-0.001000|-0.001000
1878|254|-1|50991|2036|2036|SF4|SF4|5252|16144|16140|-S2-|FE2-|3340|16|26|1|0000|3.544956|-0.913128|-0.280116|0.296196|1.990629|0.023680|0.051853
1878|255|-1|50992|2036|2036|SF4|SF4|5252|16146|16141|-S4-|FE3-|3340|16|26|1|0000|2.090349|0.814218|-0.579328|0.037792|3.466698|1.207129|2.643301
1878|256|-1|50993|2036|2036|SF4|SF4|5252|16145|16141|-S3-|FE3-|3340|16|26|1|0000|3.579223|0.650979|-0.087169|0.754074|3.815640|0.021585|0.047266
1878|257|-1|50994|2036|2036|SF4|SF4|5252|16142|16141|FE4-|FE3-|4040|26|26|1|0000|2.939465|0.220789|0.307199|0.925679|0.537802|-0.001000|-0.001000
1878|258|-1|50994|2036|2036|SF4|SF4|5252|16141|16142|FE3-|FE4-|4040|26|26|1|0000|2.939465|-0.220789|-0.307199|-0.925679|0.537802|-0.001000|-0.001000
1878|259|-1|50995|2036|2036|SF4|SF4|5252|16143|16141|-S1-|FE3-|3340|16|26|1|0000|2.028844|0.558446|0.706807|0.434237|5.529596|1.425435|3.121334
1878|260|-1|50996|2036|2036|SF4|SF4|5252|16144|16141|-S2-|FE3-|3340|16|26|1|0000|2.027675|-0.204175|-0.309714|0.928650|4.720803|1.429945|3.131211
1878|261|-1|50997|2036|2036|SF4|SF4|5252|16146|16142|-S4-|FE4-|3340|16|26|1|0000|3.543723|0.297145|-0.596548|-0.745544|2.738213|0.023759|0.052026
1878|262|-1|50998|2036|2036|SF4|SF4|5252|16145|16142|-S3-|FE4-|3340|16|26|1|0000|2.074239|0.810417|-0.585757|-0.010606|3.064437|1.260849|2.760934
1878|263|-1|50999|2036|2036|SF4|SF4|5252|16143|16142|-S1-|FE4-|3340|16|26|1|0000|1.975302|0.245026|0.268819|-0.931503|4.666807|1.647379|3.607334
1878|264|-1|51000|2036|2036|SF4|SF4|5252|16144|16142|-S2-|FE4-|3340|16|26|1|0000|2.043569|-0.520168|-0.749180|-0.410067|3.910670|1.369819|2.999549
1878|265|-1|51007|2267|2037|HOH|_MN|4346|16412|16147|-O--|MN--|2840|8|25|3|0011|3.924424|-0.230862|0.886245|0.401588|0.708678|0.003124|0.005040
1878|266|-1|51008|2268|2037|HOH|_MN|4346|16413|16147|-O--|MN--|2840|8|25|3|0011|2.443567|-0.469396|-0.115813|-0.875360|1.344277|0.170948|0.275817
1878|267|-1|51009|2038|2038|SF4|SF4|5252|16154|16148|-S3-|FE1-|3340|16|26|1|0000|2.071998|0.789093|0.245172|0.563225|2.853116|1.268510|2.777710
1878|268|-1|51010|2038|2038|SF4|SF4|5252|16152|16148|-S1-|FE1-|3340|16|26|1|0000|3.453480|0.504419|-0.590998|0.629510|2.641152|0.030322|0.066397
1878|269|-1|51011|2038|2038|SF4|SF4|5252|16149|16148|FE2-|FE1-|4040|26|26|1|0000|2.967266|0.280056|-0.125705|0.951718|0.810713|-0.001000|-0.001000
1878|270|-1|51011|2038|2038|SF4|SF4|5252|16148|16149|FE1-|FE2-|4040|26|26|1|0000|2.967266|-0.280056|0.125705|-0.951718|0.810713|-0.001000|-0.001000
1878|271|-1|51012|2038|2038|SF4|SF4|5252|16153|16148|-S2-|FE1-|3340|16|26|1|0000|2.058151|0.482957|-0.843475|-0.235162|5.639811|1.316882|2.883633
1878|272|-1|51013|2038|2038|SF4|SF4|5252|16151|16148|FE4-|FE1-|4040|26|26|1|0000|2.968532|0.899434|-0.378639|0.218290|2.728077|-0.001000|-0.001000
1878|273|-1|51013|2038|2038|SF4|SF4|5252|16148|16151|FE1-|FE4-|4040|26|26|1|0000|2.968532|-0.899434|0.378639|-0.218290|2.728077|-0.001000|-0.001000
1878|274|-1|51014|2038|2038|SF4|SF4|5252|16150|16148|FE3-|FE1-|4040|26|26|1|0000|2.919641|0.035621|-0.933335|0.357236|3.042565|-0.001000|-0.001000
1878|275|-1|51014|2038|2038|SF4|SF4|5252|16148|16150|FE1-|FE3-|4040|26|26|1|0000|2.919641|-0.035621|0.933335|-0.357236|3.042565|-0.001000|-0.001000
1878|276|-1|51015|2038|2038|SF4|SF4|5252|16155|16148|-S4-|FE1-|3340|16|26|1|0000|2.032117|-0.377439|-0.444364|0.812453|2.424340|1.412880|3.093843
1878|277|-1|51016|2038|2038|SF4|SF4|5252|16154|16149|-S3-|FE2-|3340|16|26|1|0000|2.041622|0.393805|0.431518|-0.811610|1.898737|1.377047|3.015378
1878|278|-1|51017|2038|2038|SF4|SF4|5252|16152|16149|-S1-|FE2-|3340|16|26|1|0000|2.008641|0.453540|-0.830412|-0.323602|1.701243|1.505428|3.296499
1878|279|-1|51018|2038|2038|SF4|SF4|5252|16153|16149|-S2-|FE2-|3340|16|26|1|0000|3.581507|0.045511|-0.380566|-0.923633|6.903392|0.021453|0.046976
1878|280|-1|51019|2038|2038|SF4|SF4|5252|16151|16149|FE4-|FE2-|4040|26|26|1|0000|2.946336|0.624165|-0.254893|-0.738544|1.782224|-0.001000|-0.001000
1878|281|-1|51019|2038|2038|SF4|SF4|5252|16149|16151|FE2-|FE4-|4040|26|26|1|0000|2.946336|-0.624165|0.254893|0.738544|1.782224|-0.001000|-0.001000
1878|282|-1|51020|2038|2038|SF4|SF4|5252|16150|16149|FE3-|FE2-|4040|26|26|1|0000|3.038486|-0.239264|-0.774070|-0.586147|2.075327|-0.001000|-0.001000
1878|283|-1|51020|2038|2038|SF4|SF4|5252|16149|16150|FE2-|FE3-|4040|26|26|1|0000|3.038486|0.239264|0.774070|0.586147|2.075327|-0.001000|-0.001000
1878|284|-1|51021|2038|2038|SF4|SF4|5252|16155|16149|-S4-|FE2-|3340|16|26|1|0000|2.051934|-0.778778|-0.258292|-0.571656|3.429723|1.339197|2.932495
1878|285|-1|51022|2038|2038|SF4|SF4|5252|16154|16150|-S3-|FE3-|3340|16|26|1|0000|3.579331|0.427734|0.903241|0.034643|0.151007|0.021579|0.047253
1878|286|-1|51023|2038|2038|SF4|SF4|5252|16152|16150|-S1-|FE3-|3340|16|26|1|0000|2.104772|0.778232|0.324977|0.537351|0.324619|1.160982|2.542251
1878|287|-1|51024|2038|2038|SF4|SF4|5252|16153|16150|-S2-|FE3-|3340|16|26|1|0000|2.025327|0.439435|0.488317|-0.753952|10.311563|1.439046|3.151138
1878|288|-1|51025|2038|2038|SF4|SF4|5252|16151|16150|FE4-|FE3-|4040|26|26|1|0000|3.050178|0.841262|0.524888|-0.129500|0.252810|-0.001000|-0.001000
1878|289|-1|51025|2038|2038|SF4|SF4|5252|16150|16151|FE3-|FE4-|4040|26|26|1|0000|3.050178|-0.841262|-0.524888|0.129500|0.252810|-0.001000|-0.001000
1878|290|-1|51026|2038|2038|SF4|SF4|5252|16155|16150|-S4-|FE3-|3340|16|26|1|0000|2.109028|-0.412987|0.863906|0.288284|6.167230|1.147703|2.513174
1878|291|-1|51027|2038|2038|SF4|SF4|5252|16154|16151|-S3-|FE4-|3340|16|26|1|0000|2.000999|-0.517242|0.815591|0.259370|0.100450|1.536847|3.365298
1878|292|-1|51028|2038|2038|SF4|SF4|5252|16152|16151|-S1-|FE4-|3340|16|26|1|0000|2.007673|-0.462227|-0.456748|0.760084|0.070221|1.509375|3.305141
1878|293|-1|51029|2038|2038|SF4|SF4|5252|16153|16151|-S2-|FE4-|3340|16|26|1|0000|2.113042|-0.793170|-0.289630|-0.535721|9.836368|1.135320|2.486058
1878|294|-1|51030|2038|2038|SF4|SF4|5252|16155|16151|-S4-|FE4-|3340|16|26|1|0000|3.587174|-0.958136|0.061609|0.279607|5.783660|0.021126|0.046262
1878|295|-1|51037|2294|2039|HOH|_MN|4346|16439|16156|-O--|MN--|2840|8|25|3|0011|2.271196|-0.767437|0.145739|-0.624340|0.373988|0.272387|0.439485
1878|296|-1|51038|2040|2040|SF4|SF4|5252|16163|16157|-S3-|FE1-|3340|16|26|1|0000|2.134915|0.195792|0.960227|-0.199071|5.093878|1.070150|2.343352
1878|297|-1|51039|2040|2040|SF4|SF4|5252|16161|16157|-S1-|FE1-|3340|16|26|1|0000|3.698561|0.714872|0.546158|0.436657|7.585598|0.015635|0.034236
1878|298|-1|51040|2040|2040|SF4|SF4|5252|16158|16157|FE2-|FE1-|4040|26|26|1|0000|3.019008|0.183503|0.813513|0.551837|1.034599|-0.001000|-0.001000
1878|299|-1|51040|2040|2040|SF4|SF4|5252|16157|16158|FE1-|FE2-|4040|26|26|1|0000|3.019008|-0.183503|-0.813513|-0.551837|1.034599|-0.001000|-0.001000
1878|300|-1|51041|2040|2040|SF4|SF4|5252|16164|16157|-S4-|FE1-|3340|16|26|1|0000|2.135435|0.064154|0.190126|0.979661|4.847136|1.068646|2.340059
1878|301|-1|51042|2040|2040|SF4|SF4|5252|16162|16157|-S2-|FE1-|3340|16|26|1|0000|2.135598|0.978647|-0.204157|-0.023880|5.077261|1.068175|2.339028
1878|302|-1|51043|2040|2040|SF4|SF4|5252|16160|16157|FE4-|FE1-|4040|26|26|1|0000|3.019533|0.830261|0.534521|-0.157971|3.217539|-0.001000|-0.001000
1878|303|-1|51043|2040|2040|SF4|SF4|5252|16157|16160|FE1-|FE4-|4040|26|26|1|0000|3.019533|-0.830261|-0.534521|0.157971|3.217539|-0.001000|-0.001000
1878|304|-1|51044|2040|2040|SF4|SF4|5252|16159|16157|FE3-|FE1-|4040|26|26|1|0000|3.019531|0.737200|-0.009935|0.675602|1.236498|-0.001000|-0.001000
1878|305|-1|51044|2040|2040|SF4|SF4|5252|16157|16159|FE1-|FE3-|4040|26|26|1|0000|3.019531|-0.737200|0.009935|-0.675602|1.236498|-0.001000|-0.001000
1878|306|-1|51045|2040|2040|SF4|SF4|5252|16163|16158|-S3-|FE2-|3340|16|26|1|0000|2.134387|-0.063717|-0.190218|-0.979672|6.711883|1.071676|2.346694
1878|307|-1|51046|2040|2040|SF4|SF4|5252|16161|16158|-S1-|FE2-|3340|16|26|1|0000|2.135602|0.978647|-0.204158|-0.023880|9.488982|1.068162|2.338999
1878|308|-1|51047|2040|2040|SF4|SF4|5252|16164|16158|-S4-|FE2-|3340|16|26|1|0000|2.134915|-0.195324|-0.960225|0.199541|6.436882|1.070148|2.343347
1878|309|-1|51048|2040|2040|SF4|SF4|5252|16162|16158|-S2-|FE2-|3340|16|26|1|0000|3.697436|0.415423|-0.782163|-0.464376|6.693363|0.015682|0.034340
1878|310|-1|51049|2040|2040|SF4|SF4|5252|16160|16158|FE4-|FE2-|4040|26|26|1|0000|3.019209|0.646859|-0.278881|-0.709788|4.620646|-0.001000|-0.001000
1878|311|-1|51049|2040|2040|SF4|SF4|5252|16158|16160|FE2-|FE4-|4040|26|26|1|0000|3.019209|-0.646859|0.278881|0.709788|4.620646|-0.001000|-0.001000
1878|312|-1|51050|2040|2040|SF4|SF4|5252|16159|16158|FE3-|FE2-|4040|26|26|1|0000|3.019215|0.553787|-0.823393|0.123873|0.181745|-0.001000|-0.001000
1878|313|-1|51050|2040|2040|SF4|SF4|5252|16158|16159|FE2-|FE3-|4040|26|26|1|0000|3.019215|-0.553787|0.823393|-0.123873|0.181745|-0.001000|-0.001000
1878|314|-1|51051|2040|2040|SF4|SF4|5252|16163|16159|-S3-|FE3-|3340|16|26|1|0000|3.697498|-0.488979|0.562543|-0.666667|7.024376|0.015680|0.034334
1878|315|-1|51052|2040|2040|SF4|SF4|5252|16161|16159|-S1-|FE3-|3340|16|26|1|0000|2.134911|0.195792|0.960227|-0.199071|9.855574|1.070161|2.343376
1878|316|-1|51053|2040|2040|SF4|SF4|5252|16164|16159|-S4-|FE3-|3340|16|26|1|0000|2.134649|-0.978616|0.204249|0.024361|6.744018|1.070920|2.345037
1878|317|-1|51054|2040|2040|SF4|SF4|5252|16162|16159|-S2-|FE3-|3340|16|26|1|0000|2.134387|-0.063719|-0.190218|-0.979672|7.005495|1.071675|2.346693
1878|318|-1|51055|2040|2040|SF4|SF4|5252|16160|16159|FE4-|FE3-|4040|26|26|1|0000|3.019434|0.093064|0.544473|-0.833599|4.892401|-0.001000|-0.001000
1878|319|-1|51055|2040|2040|SF4|SF4|5252|16159|16160|FE3-|FE4-|4040|26|26|1|0000|3.019434|-0.093064|-0.544473|0.833599|4.892401|-0.001000|-0.001000
1878|320|-1|51056|2040|2040|SF4|SF4|5252|16163|16160|-S3-|FE4-|3340|16|26|1|0000|2.134649|-0.978616|0.204249|0.024359|1.340916|1.070920|2.345037
1878|321|-1|51057|2040|2040|SF4|SF4|5252|16161|16160|-S1-|FE4-|3340|16|26|1|0000|2.135430|0.064154|0.190125|0.979662|3.121611|1.068659|2.340088
1878|322|-1|51058|2040|2040|SF4|SF4|5252|16164|16160|-S4-|FE4-|3340|16|26|1|0000|3.698099|-0.640871|-0.326654|0.694681|1.164583|0.015654|0.034278
1878|323|-1|51059|2040|2040|SF4|SF4|5252|16162|16160|-S2-|FE4-|3340|16|26|1|0000|2.134915|-0.195326|-0.960225|0.199539|1.329041|1.070148|2.343347
1878|324|-1|51066|2042|2042|SF4|SF4|5252|16172|16166|-S3-|FE1-|3340|16|26|1|0000|2.078741|-0.331451|0.832715|-0.443538|9.868631|1.245601|2.727545
1878|325|-1|51067|2042|2042|SF4|SF4|5252|16171|16166|-S2-|FE1-|3340|16|26|1|0000|2.055513|-0.958885|-0.190708|0.210166|4.561403|1.326307|2.904270
1878|326|-1|51068|2042|2042|SF4|SF4|5252|16173|16166|-S4-|FE1-|3340|16|26|1|0000|2.056129|-0.196972|-0.481488|-0.854032|5.993075|1.324100|2.899436
1878|327|-1|51069|2042|2042|SF4|SF4|5252|16167|16166|FE2-|FE1-|4040|26|26|1|0000|2.963059|-0.300365|0.280790|-0.911558|0.528320|-0.001000|-0.001000
1878|328|-1|51069|2042|2042|SF4|SF4|5252|16166|16167|FE1-|FE2-|4040|26|26|1|0000|2.963059|0.300365|-0.280790|0.911558|0.528320|-0.001000|-0.001000
1878|329|-1|51070|2042|2042|SF4|SF4|5252|16169|16166|FE4-|FE1-|4040|26|26|1|0000|3.086820|-0.864644|0.487556|-0.121160|2.509943|-0.001000|-0.001000
1878|330|-1|51070|2042|2042|SF4|SF4|5252|16166|16169|FE1-|FE4-|4040|26|26|1|0000|3.086820|0.864644|-0.487556|0.121160|2.509943|-0.001000|-0.001000
1878|331|-1|51071|2042|2042|SF4|SF4|5252|16168|16166|FE3-|FE1-|4040|26|26|1|0000|3.041182|-0.774699|-0.477117|-0.414971|1.441194|-0.001000|-0.001000
1878|332|-1|51071|2042|2042|SF4|SF4|5252|16166|16168|FE1-|FE3-|4040|26|26|1|0000|3.041182|0.774699|0.477117|0.414971|1.441194|-0.001000|-0.001000
1878|333|-1|51072|2042|2042|SF4|SF4|5252|16170|16166|-S1-|FE1-|3340|16|26|1|0000|3.532915|-0.794811|0.127657|-0.593278|1.095737|0.024463|0.053568
1878|334|-1|51073|2042|2042|SF4|SF4|5252|16172|16167|-S3-|FE2-|3340|16|26|1|0000|2.003358|0.100331|0.448748|0.888009|10.715275|1.527079|3.343908
1878|335|-1|51074|2042|2042|SF4|SF4|5252|16171|16167|-S2-|FE2-|3340|16|26|1|0000|3.533047|-0.305968|-0.346443|0.886770|5.236857|0.024455|0.053549
1878|336|-1|51075|2042|2042|SF4|SF4|5252|16173|16167|-S4-|FE2-|3340|16|26|1|0000|2.109011|0.229965|-0.863911|0.448077|6.714708|1.147755|2.513287
1878|337|-1|51076|2042|2042|SF4|SF4|5252|16169|16167|FE4-|FE2-|4040|26|26|1|0000|3.005445|-0.591926|0.223927|0.774261|3.119225|-0.001000|-0.001000
1878|338|-1|51076|2042|2042|SF4|SF4|5252|16167|16169|FE2-|FE4-|4040|26|26|1|0000|3.005445|0.591926|-0.223927|-0.774261|3.119225|-0.001000|-0.001000
1878|339|-1|51077|2042|2042|SF4|SF4|5252|16168|16167|FE3-|FE2-|4040|26|26|1|0000|3.071148|-0.477346|-0.743369|0.468554|2.016002|-0.001000|-0.001000
1878|340|-1|51077|2042|2042|SF4|SF4|5252|16167|16168|FE2-|FE3-|4040|26|26|1|0000|3.071148|0.477346|0.743369|-0.468554|2.016002|-0.001000|-0.001000
1878|341|-1|51078|2042|2042|SF4|SF4|5252|16170|16167|-S1-|FE2-|3340|16|26|1|0000|2.046926|-0.937015|-0.186131|0.295565|1.659402|1.357445|2.972454
1878|342|-1|51079|2042|2042|SF4|SF4|5252|16172|16168|-S3-|FE3-|3340|16|26|1|0000|3.608269|0.461994|0.881863|0.094228|7.726948|0.019956|0.043698
1878|343|-1|51080|2042|2042|SF4|SF4|5252|16171|16168|-S2-|FE3-|3340|16|26|1|0000|2.034536|0.189232|0.520511|0.832622|2.860857|1.403671|3.073678
1878|344|-1|51081|2042|2042|SF4|SF4|5252|16173|16168|-S4-|FE3-|3340|16|26|1|0000|2.064692|0.944935|0.223277|-0.239261|4.173528|1.293806|2.833101
1878|345|-1|51082|2042|2042|SF4|SF4|5252|16169|16168|FE4-|FE3-|4040|26|26|1|0000|3.102327|-0.100892|0.952832|0.286237|0.979915|-0.001000|-0.001000
1878|346|-1|51082|2042|2042|SF4|SF4|5252|16168|16169|FE3-|FE4-|4040|26|26|1|0000|3.102327|0.100892|-0.952832|-0.286237|0.979915|-0.001000|-0.001000
1878|347|-1|51083|2042|2042|SF4|SF4|5252|16170|16168|-S1-|FE3-|3340|16|26|1|0000|2.125433|-0.212663|0.894877|-0.392390|0.323290|1.097928|2.404179
1878|348|-1|51084|2042|2042|SF4|SF4|5252|16172|16169|-S3-|FE4-|3340|16|26|1|0000|2.066829|0.957989|0.109347|-0.265141|6.341388|1.286357|2.816791
1878|349|-1|51085|2042|2042|SF4|SF4|5252|16171|16169|-S2-|FE4-|3340|16|26|1|0000|2.176108|0.320756|-0.871740|0.370386|1.767856|0.957399|2.096456
1878|350|-1|51086|2042|2042|SF4|SF4|5252|16173|16169|-S4-|FE4-|3340|16|26|1|0000|3.641516|0.621719|-0.685154|-0.379512|3.001607|0.018241|0.039943
1878|351|-1|51087|2042|2042|SF4|SF4|5252|16170|16169|-S1-|FE4-|3340|16|26|1|0000|2.023738|-0.068685|-0.520817|-0.850901|1.323461|1.445241|3.164705
1878|352|-1|51094|2044|2044|SF4|SF4|5252|16181|16175|-S3-|FE1-|3340|16|26|1|0000|2.052400|-0.818067|-0.248002|-0.518904|4.781299|1.337511|2.928805
1878|353|-1|51095|2044|2044|SF4|SF4|5252|16182|16175|-S4-|FE1-|3340|16|26|1|0000|2.082004|0.303554|-0.916425|-0.260806|5.559442|1.234666|2.703600
1878|354|-1|51096|2044|2044|SF4|SF4|5252|16180|16175|-S2-|FE1-|3340|16|26|1|0000|2.062047|-0.446644|-0.509202|0.735678|2.712550|1.303090|2.853430
1878|355|-1|51097|2044|2044|SF4|SF4|5252|16179|16175|-S1-|FE1-|3340|16|26|1|0000|3.527769|-0.507120|-0.861735|-0.015591|7.088724|0.024806|0.054319
1878|356|-1|51098|2044|2044|SF4|SF4|5252|16178|16175|FE4-|FE1-|4040|26|26|1|0000|3.037788|-0.888805|-0.426298|0.168215|2.061174|-0.001000|-0.001000
1878|357|-1|51098|2044|2044|SF4|SF4|5252|16175|16178|FE1-|FE4-|4040|26|26|1|0000|3.037788|0.888805|0.426298|-0.168215|2.061174|-0.001000|-0.001000
1878|358|-1|51099|2044|2044|SF4|SF4|5252|16177|16175|FE3-|FE1-|4040|26|26|1|0000|3.135354|-0.031576|-0.934823|0.353708|0.712491|-0.001000|-0.001000
1878|359|-1|51099|2044|2044|SF4|SF4|5252|16175|16177|FE1-|FE3-|4040|26|26|1|0000|3.135354|0.031576|0.934823|-0.353708|0.712491|-0.001000|-0.001000
1878|360|-1|51100|2044|2044|SF4|SF4|5252|16176|16175|FE2-|FE1-|4040|26|26|1|0000|3.031900|-0.307398|-0.752994|-0.581813|4.114334|-0.001000|-0.001000
1878|361|-1|51100|2044|2044|SF4|SF4|5252|16175|16176|FE1-|FE2-|4040|26|26|1|0000|3.031900|0.307398|0.752994|0.581813|4.114334|-0.001000|-0.001000
1878|362|-1|51101|2044|2044|SF4|SF4|5252|16181|16176|-S3-|FE2-|3340|16|26|1|0000|2.047851|-0.364772|0.866275|0.341334|0.548178|1.354056|2.965034
1878|363|-1|51102|2044|2044|SF4|SF4|5252|16182|16176|-S4-|FE2-|3340|16|26|1|0000|2.019299|0.774527|0.185708|0.604666|1.187733|1.462686|3.202905
1878|364|-1|51103|2044|2044|SF4|SF4|5252|16180|16176|-S2-|FE2-|3340|16|26|1|0000|3.505052|0.003138|0.351778|0.936078|1.229117|0.026377|0.057758
1878|365|-1|51104|2044|2044|SF4|SF4|5252|16179|16176|-S1-|FE2-|3340|16|26|1|0000|2.056253|-0.416778|-0.368145|0.831123|2.444649|1.323654|2.898461
1878|366|-1|51105|2044|2044|SF4|SF4|5252|16178|16176|FE4-|FE2-|4040|26|26|1|0000|3.045915|-0.580450|0.324369|0.746903|1.856545|-0.001000|-0.001000
1878|367|-1|51105|2044|2044|SF4|SF4|5252|16176|16178|FE2-|FE4-|4040|26|26|1|0000|3.045915|0.580450|-0.324369|-0.746903|1.856545|-0.001000|-0.001000
1878|368|-1|51106|2044|2044|SF4|SF4|5252|16177|16176|FE3-|FE2-|4040|26|26|1|0000|3.060707|0.272159|-0.211715|0.938672|3.283615|-0.001000|-0.001000
1878|369|-1|51106|2044|2044|SF4|SF4|5252|16176|16177|FE2-|FE3-|4040|26|26|1|0000|3.060707|-0.272159|0.211715|-0.938672|3.283615|-0.001000|-0.001000
1878|370|-1|51107|2044|2044|SF4|SF4|5252|16181|16177|-S3-|FE3-|3340|16|26|1|0000|3.617840|-0.436725|0.669461|-0.600911|3.927400|0.019446|0.042582
1878|371|-1|51108|2044|2044|SF4|SF4|5252|16182|16177|-S4-|FE3-|3340|16|26|1|0000|2.076053|0.352111|0.492761|-0.795741|4.678500|1.254685|2.747437
1878|372|-1|51109|2044|2044|SF4|SF4|5252|16180|16177|-S2-|FE3-|3340|16|26|1|0000|2.092920|-0.392753|0.898745|0.194943|1.930548|1.198773|2.625004
1878|373|-1|51110|2044|2044|SF4|SF4|5252|16179|16177|-S1-|FE3-|3340|16|26|1|0000|2.054965|-0.822399|-0.053043|-0.566434|6.154633|1.328271|2.908570
1878|374|-1|51111|2044|2044|SF4|SF4|5252|16178|16177|FE4-|FE3-|4040|26|26|1|0000|3.130382|-0.830889|0.522619|-0.191031|1.301810|-0.001000|-0.001000
1878|375|-1|51111|2044|2044|SF4|SF4|5252|16177|16178|FE3-|FE4-|4040|26|26|1|0000|3.130382|0.830889|-0.522619|0.191031|1.301810|-0.001000|-0.001000
1878|376|-1|51112|2044|2044|SF4|SF4|5252|16181|16178|-S3-|FE4-|3340|16|26|1|0000|2.035686|0.501551|0.386112|-0.774186|2.459640|1.399316|3.064140
1878|377|-1|51113|2044|2044|SF4|SF4|5252|16182|16178|-S4-|FE4-|3340|16|26|1|0000|3.548086|0.939098|-0.172769|-0.297062|3.163266|0.023481|0.051416
1878|378|-1|51114|2044|2044|SF4|SF4|5252|16180|16178|-S2-|FE4-|3340|16|26|1|0000|2.058374|0.864274|0.119027|0.488736|0.588999|1.316091|2.881899
1878|379|-1|51115|2044|2044|SF4|SF4|5252|16179|16178|-S1-|FE4-|3340|16|26|1|0000|2.048243|0.444771|-0.851949|-0.276335|4.546100|1.352624|2.961896
1878|380|-1|51122|2046|2046|SF4|SF4|5252|16189|16184|-S2-|FE1-|3340|16|26|1|0000|2.084070|0.776365|0.481749|-0.406416|7.962850|1.227790|2.688543
1878|381|-1|51123|2046|2046|SF4|SF4|5252|16186|16184|FE3-|FE1-|4040|26|26|1|0000|3.002516|0.414652|0.908571|0.050624|0.367159|-0.001000|-0.001000
1878|382|-1|51123|2046|2046|SF4|SF4|5252|16184|16186|FE1-|FE3-|4040|26|26|1|0000|3.002516|-0.414652|-0.908571|-0.050624|0.367159|-0.001000|-0.001000
1878|383|-1|51124|2046|2046|SF4|SF4|5252|16187|16184|FE4-|FE1-|4040|26|26|1|0000|3.014650|0.189740|0.496243|-0.847197|0.566712|-0.001000|-0.001000
1878|384|-1|51124|2046|2046|SF4|SF4|5252|16184|16187|FE1-|FE4-|4040|26|26|1|0000|3.014650|-0.189740|-0.496243|0.847197|0.566712|-0.001000|-0.001000
1878|385|-1|51125|2046|2046|SF4|SF4|5252|16191|16184|-S4-|FE1-|3340|16|26|1|0000|2.065928|-0.211527|0.875636|0.434187|2.261094|1.289493|2.823656
1878|386|-1|51126|2046|2046|SF4|SF4|5252|16185|16184|FE2-|FE1-|4040|26|26|1|0000|2.896749|-0.535774|0.808837|-0.242341|0.315401|-0.001000|-0.001000
1878|387|-1|51126|2046|2046|SF4|SF4|5252|16184|16185|FE1-|FE2-|4040|26|26|1|0000|2.896749|0.535774|-0.808837|0.242341|0.315401|-0.001000|-0.001000
1878|388|-1|51127|2046|2046|SF4|SF4|5252|16188|16184|-S1-|FE1-|3340|16|26|1|0000|3.504275|0.039951|0.898902|-0.436325|3.510558|0.026432|0.057880
1878|389|-1|51128|2046|2046|SF4|SF4|5252|16190|16184|-S3-|FE1-|3340|16|26|1|0000|2.053440|-0.497703|0.309236|-0.810348|0.513812|1.333759|2.920588
1878|390|-1|51129|2046|2046|SF4|SF4|5252|16189|16185|-S2-|FE2-|3340|16|26|1|0000|3.444250|0.920375|-0.388764|-0.042099|7.387735|0.031088|0.068074
1878|391|-1|51130|2046|2046|SF4|SF4|5252|16186|16185|FE3-|FE2-|4040|26|26|1|0000|2.949704|0.948231|0.130522|0.289521|0.695231|-0.001000|-0.001000
1878|392|-1|51130|2046|2046|SF4|SF4|5252|16185|16186|FE2-|FE3-|4040|26|26|1|0000|2.949704|-0.948231|-0.130522|-0.289521|0.695231|-0.001000|-0.001000
1878|393|-1|51131|2046|2046|SF4|SF4|5252|16187|16185|FE4-|FE2-|4040|26|26|1|0000|2.942565|0.721819|-0.287844|-0.629383|0.901572|-0.001000|-0.001000
1878|394|-1|51131|2046|2046|SF4|SF4|5252|16185|16187|FE2-|FE4-|4040|26|26|1|0000|2.942565|-0.721819|0.287844|0.629383|0.901572|-0.001000|-0.001000
1878|395|-1|51132|2046|2046|SF4|SF4|5252|16191|16185|-S4-|FE2-|3340|16|26|1|0000|2.021185|0.551657|-0.264201|0.791121|1.879616|1.455249|3.186619
1878|396|-1|51133|2046|2046|SF4|SF4|5252|16188|16185|-S1-|FE2-|3340|16|26|1|0000|2.048914|0.825804|0.393868|-0.403628|3.939584|1.350174|2.956532
1878|397|-1|51134|2046|2046|SF4|SF4|5252|16190|16185|-S3-|FE2-|3340|16|26|1|0000|2.030667|0.260997|-0.841103|-0.473736|0.846880|1.418429|3.105994
1878|398|-1|51135|2046|2046|SF4|SF4|5252|16189|16186|-S2-|FE3-|3340|16|26|1|0000|2.027141|0.184004|-0.850458|-0.492812|8.649911|1.432009|3.135730
1878|399|-1|51136|2046|2046|SF4|SF4|5252|16187|16186|FE4-|FE3-|4040|26|26|1|0000|3.048473|-0.220766|-0.404137|-0.887657|0.191956|-0.001000|-0.001000
1878|400|-1|51136|2046|2046|SF4|SF4|5252|16186|16187|FE3-|FE4-|4040|26|26|1|0000|3.048473|0.220766|0.404137|0.887657|0.191956|-0.001000|-0.001000
1878|401|-1|51137|2046|2046|SF4|SF4|5252|16191|16186|-S4-|FE3-|3340|16|26|1|0000|2.056382|-0.817941|-0.446901|0.362287|2.719091|1.323195|2.897455
1878|402|-1|51138|2046|2046|SF4|SF4|5252|16188|16186|-S1-|FE3-|3340|16|26|1|0000|2.055449|-0.537595|0.205308|-0.817826|3.030419|1.326537|2.904774
1878|403|-1|51139|2046|2046|SF4|SF4|5252|16190|16186|-S3-|FE3-|3340|16|26|1|0000|3.580196|-0.633206|-0.584605|-0.507235|0.141063|0.021529|0.047142
1878|404|-1|51140|2046|2046|SF4|SF4|5252|16189|16187|-S2-|FE4-|3340|16|26|1|0000|2.061561|0.507383|-0.238653|0.828014|9.020844|1.304803|2.857181
1878|405|-1|51141|2046|2046|SF4|SF4|5252|16191|16187|-S4-|FE4-|3340|16|26|1|0000|3.609079|-0.279572|0.086726|0.956200|2.967308|0.019912|0.043602
1878|406|-1|51142|2046|2046|SF4|SF4|5252|16188|16187|-S1-|FE4-|3340|16|26|1|0000|1.993230|-0.216733|0.829809|0.514240|2.784484|1.569455|3.436702
1878|407|-1|51143|2046|2046|SF4|SF4|5252|16190|16187|-S3-|FE4-|3340|16|26|1|0000|2.018480|-0.789704|-0.426559|0.440926|0.050134|1.465925|3.209998
