1878|0|-1|90|2|2156|GLN|2743|26|16301|-O--|428|8|2|0011|3.392223|0.390010|-0.920635|-0.017982|1.770059|0.013524|0.021238
1878|1|-1|108|2|2156|GLN|2743|30|16301|-OE1|828|8|2|0011|3.326407|-0.123858|-0.603955|0.787336|24.490000|0.016157|0.025373
1878|2|-1|353|10|2048|LEU|743|90|16193|-O--|428|8|2|0011|2.993541|-0.940358|-0.155334|-0.302652|92.183228|0.039724|0.062385
1878|3|-1|502|15|2086|GLU|2543|129|16231|-O--|428|8|2|0011|2.591256|-0.224215|0.849395|-0.477761|3.632637|0.117828|0.185041
1878|4|-1|518|15|2088|GLU|2543|133|16233|-OE1|1028|8|2|0011|2.331109|-0.987513|0.092660|-0.127408|3.785401|0.238013|0.373784
1878|5|-1|913|31|2060|ASP|2143|263|16205|-OD1|1028|8|2|0011|2.939087|-0.817601|0.575689|-0.010548|22.549438|0.046023|0.072276
1878|6|-1|916|31|2060|ASP|2143|264|16205|-OD2|1028|8|2|0011|3.584858|-0.896828|0.090938|0.432932|22.629066|0.008035|0.012619
1878|7|-1|1218|39|2077|VAL|543|329|16222|-O--|428|8|2|0011|2.806445|0.453598|0.881186|0.133265|12.719808|0.065867|0.103439
1878|8|-1|1338|42|2060|GLU|2543|363|16205|-OE1|1028|8|2|0011|2.889261|0.698794|0.611575|-0.371029|13.899464|0.052657|0.082695
1878|9|-1|1437|46|2075|LYS|2943|395|16220|-O--|428|8|2|0011|2.772340|0.952986|0.215702|0.212817|7.982406|0.072227|0.113427
1878|10|-1|1456|47|2124|GLU|2543|404|16269|-O--|428|8|2|0011|2.994698|-0.415067|-0.352289|0.838816|107.692047|0.039600|0.062190
1878|11|-1|1457|47|2125|GLU|2543|404|16270|-O--|428|8|2|0011|2.744562|-0.439050|0.810694|0.387311|25.630722|0.077858|0.122271
1878|12|-1|1480|48|2124|LEU|743|413|16269|-O--|428|8|2|0011|3.753486|-0.751568|0.484083|0.448117|104.480049|0.005094|0.008000
1878|13|-1|1581|51|2054|SER|1143|436|16199|-OG-|1728|8|3|0011|2.765032|-0.477390|-0.876663|0.059674|4.751945|0.073667|0.115690
1878|14|-1|1647|54|2100|TYR|3743|464|16245|-OH-|1828|8|3|0011|2.787079|-0.935747|0.195545|-0.293497|37.781250|0.069406|0.108997
1878|15|-1|1648|54|2048|TYR|3743|464|16193|-OH-|1828|8|3|0011|2.453778|0.214363|0.599076|0.771464|36.621952|0.170850|0.268309
1878|16|-1|1741|57|2082|SER|1143|480|16227|-O--|428|8|2|0011|3.750834|0.181293|-0.500155|-0.846745|31.830055|0.005131|0.008057
1878|17|-1|1757|57|2094|SER|1143|482|16239|-OG-|1728|8|3|0011|2.615339|-0.987634|-0.145297|-0.058883|35.399231|0.110403|0.173381
1878|18|-1|1758|57|2082|SER|1143|482|16227|-OG-|1728|8|3|0011|3.062462|0.902542|0.133226|-0.409474|14.824380|0.032973|0.051782
1878|19|-1|2131|69|2066|GLU|2543|569|16211|-OE1|1028|8|2|0011|2.645389|0.088456|0.935212|0.342861|10.779961|0.101791|0.159856
1878|20|-1|2278|75|2059|ASN|2343|611|16204|-OD1|828|8|2|0011|2.588288|0.965503|-0.233745|0.114747|7.720582|0.118777|0.186531
1878|21|-1|2365|79|2085|GLU|2543|645|16230|-OE2|1028|8|2|0011|2.337755|-0.606137|-0.400812|0.686984|0.130356|0.233776|0.367130
1878|22|-1|2386|80|2085|THR|1343|649|16230|-O--|428|8|2|0011|3.884671|0.346232|0.562725|0.750643|49.129066|0.003573|0.005612
1878|23|-1|2391|80|2066|THR|1343|651|16211|-OG1|1728|8|3|0011|3.386804|-0.860397|-0.279615|0.426066|38.279415|0.013723|0.021552
1878|24|-1|2392|80|2085|THR|1343|651|16230|-OG1|1728|8|3|0011|3.155787|0.651818|0.757973|0.024717|44.993126|0.025622|0.040238
1878|25|-1|2420|81|2066|GLU|2543|660|16211|-OE1|1028|8|2|0011|3.759942|0.438305|-0.296015|0.848683|3.350453|0.005006|0.007861
1878|26|-1|2791|98|2047|LYS|2943|792|16192|-O--|428|8|2|0011|3.885347|-0.286462|-0.384264|0.877656|17.699221|0.003567|0.005601
1878|27|-1|2823|100|2092|ARG|3143|805|16237|-O--|428|8|2|0011|3.009245|-0.292765|-0.867992|0.401097|9.497871|0.038074|0.059792
1878|28|-1|2824|100|2051|ARG|3143|805|16196|-O--|428|8|2|0011|2.999888|-0.461683|0.139338|0.876033|0.601606|0.039049|0.061324
1878|29|-1|2849|101|2051|ALA|343|816|16196|-O--|428|8|2|0011|3.472564|-0.916038|-0.393369|-0.078328|1.984300|0.010884|0.017093
1878|30|-1|2888|102|2090|ASP|2143|824|16235|-OD1|1028|8|2|0011|2.503146|-0.756247|-0.482193|-0.442244|12.893155|0.149510|0.234795
1878|31|-1|2890|102|2092|ASP|2143|824|16237|-OD1|1028|8|2|0011|3.048878|0.049855|-0.365380|-0.929522|30.518919|0.034206|0.053719
1878|32|-1|2891|102|2055|ASP|2143|824|16200|-OD1|1028|8|2|0011|3.969288|0.866655|-0.306352|-0.393774|18.895405|0.002843|0.004465
1878|33|-1|2892|102|2051|ASP|2143|824|16196|-OD1|1028|8|2|0011|2.406559|-0.146266|0.796157|-0.587145|9.192502|0.194106|0.304831
1878|34|-1|2895|102|2090|ASP|2143|825|16235|-OD2|1028|8|2|0011|3.444095|-0.727331|0.173340|-0.664035|4.783072|0.011755|0.018460
1878|35|-1|2905|102|2055|ASP|2143|825|16200|-OD2|1028|8|2|0011|3.983390|0.709949|0.147613|-0.688610|8.571142|0.002737|0.004298
1878|36|-1|3091|111|2055|ILE|943|881|16200|-O--|428|8|2|0011|2.620702|-0.533444|0.074789|-0.842522|8.426151|0.108814|0.170886
1878|37|-1|3133|112|2084|GLU|2543|893|16229|-OE1|1028|8|2|0011|3.449768|-0.721787|0.095079|-0.685553|1.759733|0.011576|0.018179
1878|38|-1|3137|112|2090|GLU|2543|893|16235|-OE1|1028|8|2|0011|3.310698|-0.580541|0.813424|0.036246|6.394497|0.016857|0.026473
1878|39|-1|3140|112|2092|GLU|2543|893|16237|-OE1|1028|8|2|0011|3.218598|0.038216|0.865594|-0.499286|0.775441|0.021622|0.033956
1878|40|-1|3144|112|2092|GLU|2543|894|16237|-OE2|1028|8|2|0011|2.484939|-0.645086|0.711084|-0.279685|6.630950|0.157051|0.246637
1878|41|-1|3145|112|2055|GLU|2543|894|16200|-OE2|1028|8|2|0011|2.437874|0.691177|0.682972|0.236272|1.779939|0.178354|0.280093
1878|42|-1|3224|115|2053|THR|1343|915|16198|-O--|428|8|2|0011|3.123572|-0.869198|0.142465|-0.473496|2.135386|0.027953|0.043899
1878|43|-1|3225|115|2091|THR|1343|915|16236|-O--|428|8|2|0011|3.688316|0.269771|0.775964|-0.570179|342.982025|0.006075|0.009541
1878|44|-1|3230|115|2091|THR|1343|917|16236|-OG1|1728|8|3|0011|3.635665|0.316035|0.149904|-0.936830|392.620819|0.007004|0.011000
1878|45|-1|3253|116|2087|SER|1143|924|16232|-OG-|1728|8|3|0011|3.767449|-0.414871|-0.061846|-0.907776|26.616257|0.004905|0.007704
1878|46|-1|3293|118|2063|SER|1143|939|16208|-O--|428|8|2|0011|2.815370|0.072459|-0.345603|-0.935579|3.261528|0.064297|0.100974
1878|47|-1|3301|118|2063|SER|1143|941|16208|-OG-|1728|8|3|0011|3.557276|0.561384|0.462995|-0.685918|4.396849|0.008657|0.013595
1878|48|-1|3354|120|2063|LYS|2943|953|16208|-O--|428|8|2|0011|2.870528|-0.633681|0.758745|0.150843|1.576605|0.055392|0.086990
1878|49|-1|3379|121|2078|GLY|143|962|16223|-O--|428|8|2|0011|2.505171|-0.307763|-0.282616|-0.908521|4.469293|0.148694|0.233513
1878|50|-1|3405|122|2057|LEU|743|966|16202|-O--|428|8|2|0011|2.786331|-0.144995|-0.361766|0.920924|20.661715|0.069547|0.109218
1878|51|-1|3441|123|2078|PRO|1943|974|16223|-O--|428|8|2|0011|3.788471|-0.649074|-0.751227|-0.119837|0.131077|0.004634|0.007278
1878|52|-1|3532|126|2061|HIS|3343|997|16206|-O--|428|8|2|0011|2.907997|-0.757566|0.556741|0.340784|11.152276|0.050057|0.078612
1878|53|-1|3696|130|2061|GLN|2743|1038|16206|-OE1|828|8|2|0011|2.887853|-0.411032|-0.831067|-0.374673|1.032855|0.052858|0.083010
1878|54|-1|3697|130|2084|GLN|2743|1038|16229|-OE1|828|8|2|0011|3.294271|-0.535778|0.778624|0.326627|2.668913|0.017623|0.027675
1878|55|-1|3828|134|2047|TYR|3743|1076|16192|-OH-|1828|8|3|0011|3.022285|-0.507563|0.558849|-0.655795|12.512502|0.036755|0.057722
1878|56|-1|3829|134|2092|TYR|3743|1076|16237|-OH-|1828|8|3|0011|3.137132|-0.146312|0.076822|0.986251|3.242877|0.026947|0.042319
1878|57|-1|4201|150|2188|PRO|1943|1204|16333|-O--|428|8|2|0011|3.780869|0.171389|0.096539|0.980462|15.045204|0.004731|0.007429
1878|58|-1|4222|151|2327|ASP|2143|1211|16472|-O--|428|8|2|0011|3.087531|0.356271|-0.928250|0.106881|8.561912|0.030813|0.048390
1878|59|-1|4298|153|2068|ILE|943|1230|16213|-O--|428|8|2|0011|3.647645|0.943074|0.185873|-0.275795|8.203943|0.006781|0.010649
1878|60|-1|4339|155|2069|GLU|2543|1243|16214|-O--|428|8|2|0011|2.403355|0.692366|-0.098196|0.714833|15.916417|0.195795|0.307482
1878|61|-1|4360|155|2076|GLU|2543|1247|16221|-OE1|1028|8|2|0011|2.349662|0.881828|-0.349838|-0.316216|1.639287|0.226373|0.355503
1878|62|-1|4376|155|2076|GLU|2543|1248|16221|-OE2|1028|8|2|0011|3.917585|0.805088|0.068920|-0.589138|7.707888|0.003269|0.005134
1878|63|-1|4398|156|2057|TYR|3743|1260|16202|-OH-|1828|8|3|0011|3.370860|-0.494236|-0.868918|0.026699|14.485713|0.014328|0.022501
1878|64|-1|4930|180|2049|SER|1143|1442|16194|-O--|428|8|2|0011|2.849009|-0.788695|-0.600911|-0.129870|12.430863|0.058709|0.092199
1878|65|-1|5183|191|2056|ILE|943|1541|16201|-O--|428|8|2|0011|2.718021|-0.682850|0.208608|0.700142|56.780052|0.083648|0.131364
1878|66|-1|5279|195|2149|ILE|943|1573|16294|-O--|428|8|2|0011|3.004243|-0.244654|-0.202048|-0.948325|93.575958|0.038592|0.060606
1878|67|-1|5346|197|2173|PRO|1943|1587|16318|-O--|428|8|2|0011|3.399480|-0.319461|-0.871604|0.371822|27.090008|0.013261|0.020826
1878|68|-1|5380|198|2049|ALA|343|1594|16194|-O--|428|8|2|0011|2.569961|0.755265|-0.317903|-0.573161|32.246941|0.124809|0.196003
1878|69|-1|5393|199|2173|LYS|2943|1599|16318|-O--|428|8|2|0011|3.560670|-0.590057|-0.277195|-0.758284|17.368137|0.008578|0.013471
1878|70|-1|5427|201|2058|THR|1343|1616|16203|-O--|428|8|2|0011|3.585809|0.549667|0.254615|0.795637|12.913150|0.008014|0.012586
1878|71|-1|5446|202|2147|TYR|3743|1624|16292|-O--|428|8|2|0011|3.254146|0.216339|-0.822643|0.525791|4.783251|0.019641|0.030845
1878|72|-1|5465|203|2147|PHE|3543|1629|16292|-O--|428|8|2|0011|2.972497|0.196468|-0.825232|-0.529521|14.500474|0.042049|0.066036
1878|73|-1|5479|204|2149|GLN|2743|1640|16294|-O--|428|8|2|0011|2.940577|-0.304702|-0.705984|0.639330|4.083379|0.045838|0.071986
1878|74|-1|5490|204|2149|GLN|2743|1644|16294|-OE1|828|8|2|0011|3.957196|-0.447286|-0.808906|-0.381583|3.045397|0.002937|0.004613
1878|75|-1|5621|208|2149|THR|1343|1671|16294|-OG1|1728|8|3|0011|3.457129|0.598473|-0.714176|0.363018|17.787989|0.011348|0.017821
1878|76|-1|5736|212|2114|LEU|743|1700|16259|-O--|428|8|2|0011|3.144776|0.951101|0.075363|0.299544|10.418897|0.026396|0.041454
1878|77|-1|5882|217|2112|GLU|2543|1739|16257|-O--|428|8|2|0011|2.513261|0.087138|0.978410|-0.187406|0.845297|0.145478|0.228463
1878|78|-1|6277|232|2104|THR|1343|1869|16249|-OG1|1728|8|3|0011|2.589677|0.917103|0.281889|0.281889|22.595064|0.118332|0.185832
1878|79|-1|6302|233|2138|ASP|2143|1874|16283|-O--|428|8|2|0011|2.391561|0.191925|0.095335|0.976768|10.238935|0.202136|0.317442
1878|80|-1|6309|233|2104|ASP|2143|1877|16249|-OD1|1028|8|2|0011|2.565548|0.042096|-0.536727|-0.842705|25.350069|0.126306|0.198355
1878|81|-1|6393|236|2138|ARG|3143|1897|16283|-O--|428|8|2|0011|2.759947|-0.450009|0.885887|0.112683|4.096336|0.074687|0.117291
1878|82|-1|6489|238|2106|PRO|1943|1914|16251|-O--|428|8|2|0011|2.958551|-0.564803|0.825066|0.016224|17.163895|0.043664|0.068572
1878|83|-1|6707|244|2129|GLU|2543|1973|16274|-O--|428|8|2|0011|2.642802|-0.122975|-0.289087|-0.949371|7.374046|0.102505|0.160977
1878|84|-1|6720|244|2121|GLU|2543|1977|16266|-OE1|1028|8|2|0011|3.905522|0.518753|0.294199|-0.802710|1.310178|0.003378|0.005304
1878|85|-1|6735|245|2127|SER|1143|1982|16272|-O--|428|8|2|0011|3.422767|0.943973|0.139945|-0.298881|6.681701|0.012452|0.019555
1878|86|-1|6757|246|2127|GLU|2543|1988|16272|-O--|428|8|2|0011|2.726747|-0.243513|0.459522|-0.854132|6.602429|0.081698|0.128302
1878|87|-1|6788|247|2100|TYR|3743|1997|16245|-O--|428|8|2|0011|3.550730|0.898689|0.436812|0.039429|64.936798|0.008811|0.013838
1878|88|-1|6811|248|2115|LYS|2943|2009|16260|-O--|428|8|2|0011|2.729118|-0.964414|0.071085|-0.254661|2.623616|0.081176|0.127482
1878|89|-1|6851|249|2124|GLU|2543|2018|16269|-O--|428|8|2|0011|2.641615|0.401648|-0.870301|-0.285053|150.358459|0.102834|0.161495
1878|90|-1|6853|249|2125|GLU|2543|2018|16270|-O--|428|8|2|0011|2.649333|0.414821|0.370282|-0.831153|38.155449|0.100712|0.158161
1878|91|-1|6859|249|2127|GLU|2543|2022|16272|-OE1|1028|8|2|0011|3.957064|-0.814998|0.359610|0.454377|7.463041|0.002938|0.004615
1878|92|-1|6860|249|2100|GLU|2543|2022|16245|-OE1|1028|8|2|0011|2.761871|0.101019|-0.864269|0.492782|177.161255|0.074299|0.116682
1878|93|-1|6885|250|2124|LEU|743|2027|16269|-O--|428|8|2|0011|3.422971|0.756360|0.148117|-0.637166|79.006042|0.012445|0.019545
1878|94|-1|6970|253|2153|SER|1143|2048|16298|-O--|428|8|2|0011|3.228045|0.339524|-0.927496|0.156441|2.915664|0.021077|0.033100
1878|95|-1|6983|253|2144|SER|1143|2050|16289|-OG-|1728|8|3|0011|3.089842|0.585790|-0.619125|0.523004|27.946375|0.030621|0.048089
1878|96|-1|6997|254|2109|GLN|2743|2055|16254|-O--|428|8|2|0011|3.089548|-0.993349|0.099691|-0.057614|44.310349|0.030646|0.048127
1878|97|-1|7010|254|2121|GLN|2743|2062|16266|-OE1|828|8|2|0011|3.026514|-0.415660|0.878568|0.235254|60.856911|0.036338|0.057066
1878|98|-1|7053|256|2114|TYR|3743|2084|16259|-OH-|1828|8|3|0011|2.567621|-0.216153|-0.061146|-0.974443|11.342695|0.125600|0.197247
1878|99|-1|7158|259|2118|SER|1143|2102|16263|-OG-|1728|8|3|0011|3.265121|0.729529|0.603959|0.320968|8.067184|0.019067|0.029944
1878|100|-1|7300|264|2120|ASP|2143|2134|16265|-OD1|1028|8|2|0011|2.630222|0.522770|0.294652|0.799933|10.196286|0.106050|0.166545
1878|101|-1|7301|264|2120|ASP|2143|2135|16265|-OD2|1028|8|2|0011|3.073670|-0.142826|-0.051730|0.988395|3.120674|0.031989|0.050237
1878|102|-1|7750|281|2107|GLU|2543|2264|16252|-OE1|1028|8|2|0011|3.953552|-0.445675|-0.064499|0.892868|10.975891|0.002966|0.004659
1878|103|-1|7751|281|2107|GLU|2543|2265|16252|-OE2|1028|8|2|0011|2.547760|-0.100088|0.357176|0.928659|6.336872|0.132526|0.208124
1878|104|-1|7769|282|2131|THR|1343|2269|16276|-O--|428|8|2|0011|3.866184|-0.435313|0.027676|-0.899854|4.762225|0.003756|0.005899
1878|105|-1|7777|282|2128|THR|1343|2269|16273|-O--|428|8|2|0011|2.758770|-0.245762|0.952236|-0.181240|13.841357|0.074925|0.117664
1878|106|-1|7781|282|2131|THR|1343|2271|16276|-OG1|1728|8|3|0011|3.635415|-0.630190|0.680528|-0.373823|4.302519|0.007009|0.011007
1878|107|-1|7805|283|2128|GLU|2543|2276|16273|-O--|428|8|2|0011|3.675416|-0.622515|0.246503|-0.742773|14.796968|0.006291|0.009879
1878|108|-1|7855|285|2123|GLU|2543|2292|16268|-O--|428|8|2|0011|3.478591|-0.980282|-0.087104|-0.177371|48.916161|0.010708|0.016817
1878|109|-1|8207|302|2103|ARG|3143|2425|16248|-O--|428|8|2|0011|2.881969|0.397298|-0.878566|0.265097|5.355943|0.053705|0.084341
1878|110|-1|8266|304|2103|ASP|2143|2444|16248|-OD1|1028|8|2|0011|3.023261|-0.016208|0.399569|0.916560|0.757511|0.036658|0.057570
1878|111|-1|8269|304|2154|ASP|2143|2444|16299|-OD1|1028|8|2|0011|2.705277|0.817661|-0.107568|0.565561|1.120118|0.086579|0.135967
1878|112|-1|8282|304|2154|ASP|2143|2445|16299|-OD2|1028|8|2|0011|3.509078|0.796506|0.513525|0.319172|4.361917|0.009861|0.015487
1878|113|-1|8483|314|2143|ILE|943|2513|16288|-O--|428|8|2|0011|2.863262|0.474634|0.617827|0.626907|12.952528|0.056491|0.088715
1878|114|-1|8525|315|2103|GLU|2543|2525|16248|-OE1|1028|8|2|0011|3.850933|-0.064660|0.987293|-0.145160|2.445210|0.003915|0.006147
1878|115|-1|8531|315|2154|GLU|2543|2525|16299|-OE1|1028|8|2|0011|3.548514|0.566998|0.649004|-0.507255|2.881007|0.008864|0.013921
1878|116|-1|8532|315|2096|GLU|2543|2525|16241|-OE1|1028|8|2|0011|3.790061|0.706057|0.629277|0.324797|5.124318|0.004615|0.007247
1878|117|-1|8534|315|2143|GLU|2543|2526|16288|-OE2|1028|8|2|0011|2.649781|-0.738551|0.485701|-0.467586|3.655125|0.100590|0.157969
1878|118|-1|8535|315|2103|GLU|2543|2526|16248|-OE2|1028|8|2|0011|2.785542|0.517314|0.835026|-0.187396|4.477047|0.069695|0.109451
1878|119|-1|8622|318|2151|THR|1343|2547|16296|-O--|428|8|2|0011|3.649007|-0.216771|0.959165|-0.181693|73.739937|0.006756|0.010610
1878|120|-1|8626|318|2151|THR|1343|2549|16296|-OG1|1728|8|3|0011|3.578017|-0.363609|0.687532|0.628560|61.038631|0.008185|0.012854
1878|121|-1|8650|319|2108|SER|1143|2554|16253|-O--|428|8|2|0011|3.564295|0.637433|0.295711|-0.711501|5.946826|0.008494|0.013340
1878|122|-1|8702|321|2134|SER|1143|2571|16279|-O--|428|8|2|0011|2.828463|-0.060103|0.254555|0.965189|3.732128|0.062061|0.097463
1878|123|-1|8710|321|2134|SER|1143|2573|16279|-OG-|1728|8|3|0011|3.454355|-0.550609|0.806807|0.214223|0.530709|0.011433|0.017955
1878|124|-1|8767|323|2134|LYS|2943|2585|16279|-O--|428|8|2|0011|2.762274|0.595524|0.478229|-0.645483|16.023134|0.074219|0.116555
1878|125|-1|8810|325|2105|LEU|743|2598|16250|-O--|428|8|2|0011|3.004214|0.155781|-0.851137|-0.501296|38.946869|0.038595|0.060611
1878|126|-1|8840|326|2119|PRO|1943|2606|16264|-O--|428|8|2|0011|3.015148|-0.650051|0.276603|0.707760|29.641203|0.037471|0.058846
1878|127|-1|9206|337|2103|TYR|3743|2708|16248|-OH-|1828|8|3|0011|2.884902|0.224964|-0.538320|-0.812159|4.162048|0.053281|0.083675
1878|128|-1|9207|337|2097|TYR|3743|2708|16242|-OH-|1828|8|3|0011|3.066660|0.553697|0.807393|0.203805|24.945557|0.032601|0.051198
1878|129|-1|9565|353|2170|PRO|1943|2832|16315|-O--|428|8|2|0011|3.680906|-0.070091|-0.627291|-0.775624|2.763742|0.006198|0.009734
1878|130|-1|9701|358|2146|GLU|2543|2871|16291|-O--|428|8|2|0011|2.860441|-0.655493|-0.329320|0.679616|16.485676|0.056923|0.089394
1878|131|-1|9730|358|2116|GLU|2543|2875|16261|-OE1|1028|8|2|0011|2.520784|-0.827917|0.028166|0.560143|14.507345|0.142549|0.223864
1878|132|-1|9772|359|2105|TYR|3743|2888|16250|-OH-|1828|8|3|0011|3.492725|0.519079|-0.663952|0.538262|41.687111|0.010307|0.016186
1878|133|-1|9784|360|2145|GLU|2543|2892|16290|-O--|428|8|2|0011|3.973502|0.055870|-0.938215|-0.341512|5.877504|0.002811|0.004414
1878|134|-1|9794|360|2116|GLU|2543|2897|16261|-OE2|1028|8|2|0011|3.600507|0.789889|0.182474|-0.585473|15.530637|0.007702|0.012096
1878|135|-1|10181|376|2130|ASP|2143|3016|16275|-OD2|1028|8|2|0011|3.467703|0.734780|-0.552815|-0.393056|19.877077|0.011028|0.017319
1878|136|-1|10199|377|2106|THR|1343|3020|16251|-O--|428|8|2|0011|2.477571|0.703108|-0.134406|-0.698265|5.999292|0.160209|0.251598
1878|137|-1|10201|377|2140|THR|1343|3020|16285|-O--|428|8|2|0011|3.805771|0.740980|0.670823|-0.030743|23.120525|0.004423|0.006946
1878|138|-1|10205|377|2138|THR|1343|3022|16283|-OG1|1728|8|3|0011|2.726223|0.514265|-0.828619|-0.221185|0.151274|0.081814|0.128483
1878|139|-1|10224|378|2140|ILE|943|3027|16285|-O--|428|8|2|0011|3.065335|0.720639|-0.043715|-0.691931|15.544852|0.032718|0.051382
1878|140|-1|10263|380|2141|LEU|743|3043|16286|-O--|428|8|2|0011|2.496678|0.613215|-0.752600|-0.239918|31.332510|0.152146|0.238935
1878|141|-1|10287|381|2141|GLN|2743|3051|16286|-O--|428|8|2|0011|3.598567|0.770029|0.195911|-0.607186|64.451408|0.007743|0.012160
1878|142|-1|10305|382|2130|ASN|2343|3060|16275|-O--|428|8|2|0011|2.773646|-0.938115|0.067781|-0.339625|5.640216|0.071972|0.113028
1878|143|-1|10336|383|2102|SER|1143|3068|16247|-O--|428|8|2|0011|2.668551|0.876881|-0.397594|0.270184|123.846458|0.095614|0.150156
1878|144|-1|10340|383|2141|SER|1143|3070|16286|-OG-|1728|8|3|0011|2.834432|0.042689|0.439594|0.897181|6.452471|0.061068|0.095904
1878|145|-1|10447|387|2142|ASN|2343|3103|16287|-O--|428|8|2|0011|2.620513|0.868151|-0.056859|-0.493033|0.938475|0.108870|0.170973
1878|146|-1|10470|388|2142|TRP|3943|3111|16287|-O--|428|8|2|0011|3.320021|0.586141|-0.142469|0.797585|14.899101|0.016438|0.025815
1878|147|-1|10621|394|2113|ILE|943|3167|16258|-O--|428|8|2|0011|2.499896|0.607625|-0.298412|-0.736031|23.295279|0.150829|0.236867
1878|148|-1|10719|398|2156|ILE|943|3199|16301|-O--|428|8|2|0011|2.889717|0.235663|0.404884|0.883477|69.689369|0.052592|0.082593
1878|149|-1|10774|400|2213|PRO|1943|3213|16358|-O--|428|8|2|0011|3.743217|0.363324|-0.912317|0.188875|31.311749|0.005237|0.008225
1878|150|-1|10804|401|2102|ALA|343|3220|16247|-O--|428|8|2|0011|2.364765|-0.843213|0.108679|0.526480|8.488799|0.217318|0.341284
1878|151|-1|10825|402|2213|LYS|2943|3225|16358|-O--|428|8|2|0011|3.370892|0.630101|0.252752|0.734227|14.208070|0.014326|0.022499
1878|152|-1|10944|407|2230|GLN|2743|3266|16375|-O--|428|8|2|0011|3.085216|0.424281|-0.905285|-0.021068|7.691393|0.031007|0.048694
1878|153|-1|10996|409|2116|MSE|1843|3276|16261|-N--|128|7|4|0011|3.201989|0.119613|0.454093|0.882889|17.175676|0.032135|0.056685
1878|154|-1|11150|415|2167|LEU|743|3330|16312|-O--|428|8|2|0011|3.015186|-0.531974|-0.767117|0.358519|1.544157|0.037467|0.058840
1878|155|-1|11668|435|2158|THR|1343|3495|16303|-OG1|1728|8|3|0011|3.742517|0.126386|0.789041|-0.601200|34.338917|0.005247|0.008240
1878|156|-1|12230|452|2160|GLU|2543|3644|16305|-O--|428|8|2|0011|2.526952|-0.954114|0.292843|0.062526|1.154770|0.140193|0.220164
1878|157|-1|12232|452|2162|GLU|2543|3644|16307|-O--|428|8|2|0011|2.691525|0.001486|0.200258|0.979742|15.906054|0.089858|0.141116
1878|158|-1|12254|453|2162|LEU|743|3653|16307|-O--|428|8|2|0011|3.757990|-0.922035|0.095264|0.375201|9.791611|0.005032|0.007903
1878|159|-1|12332|456|2164|SER|1143|3674|16309|-O--|428|8|2|0011|3.759407|0.371335|0.017290|0.928338|3.745501|0.005013|0.007873
1878|160|-1|12338|456|2161|SER|1143|3674|16306|-O--|428|8|2|0011|3.151899|0.831879|-0.200514|0.517466|26.499502|0.025893|0.040663
1878|161|-1|12397|459|2164|TYR|3743|3696|16309|-O--|428|8|2|0011|3.696527|0.323276|-0.946293|-0.004599|11.411995|0.005942|0.009331
1878|162|-1|12413|459|2233|TYR|3743|3704|16378|-OH-|1828|8|3|0011|2.722019|-0.671560|-0.711604|0.206464|51.480511|0.082749|0.129952
1878|163|-1|12415|459|2167|TYR|3743|3704|16312|-OH-|1828|8|3|0011|2.522443|-0.296538|0.950270|-0.095146|8.313078|0.141912|0.222863
1878|164|-1|12516|462|2170|SER|1143|3724|16315|-OG-|1728|8|3|0011|2.911393|-0.597996|-0.563991|0.569487|5.887297|0.049600|0.077893
1878|165|-1|12518|462|2170|SER|1143|3725|16315|-OG-|1728|8|3|0011|3.278326|-0.596646|-0.769295|-0.228470|7.603086|0.018399|0.028894
1878|166|-1|12635|467|2168|ASP|2143|3754|16313|-O--|428|8|2|0011|2.816790|-0.131000|-0.386965|-0.912741|8.660975|0.064051|0.100587
1878|167|-1|12652|467|2168|ASP|2143|3757|16313|-OD1|1028|8|2|0011|3.988977|-0.116070|0.915774|-0.384560|5.262575|0.002696|0.004233
1878|168|-1|13110|486|2174|GLU|2543|3904|16319|-O--|428|8|2|0011|3.738324|-0.086402|0.096032|-0.991621|5.971750|0.005307|0.008334
1878|169|-1|13478|503|2158|LYS|2943|4037|16303|-O--|428|8|2|0011|3.830849|0.128953|0.316640|0.939740|64.464073|0.004133|0.006490
1878|170|-1|13506|505|2175|ARG|3143|4050|16320|-O--|428|8|2|0011|3.102995|0.438608|-0.165324|0.883341|10.121116|0.029552|0.046409
1878|171|-1|13552|507|2175|ASP|2143|4069|16320|-OD1|1028|8|2|0011|3.468766|0.373332|-0.811239|-0.450016|0.080297|0.010997|0.017269
1878|172|-1|13760|517|2175|GLU|2543|4144|16320|-OE1|1028|8|2|0011|2.721850|-0.896082|-0.371806|-0.242482|17.437223|0.082787|0.130011
1878|173|-1|13764|517|2175|GLU|2543|4145|16320|-OE2|1028|8|2|0011|3.379164|-0.561677|-0.137312|-0.815882|10.257042|0.014010|0.022001
1878|174|-1|13843|520|2178|THR|1343|4166|16323|-O--|428|8|2|0011|3.063219|-0.791977|-0.158657|0.589576|53.254002|0.032906|0.051676
1878|175|-1|13851|520|2178|THR|1343|4168|16323|-OG1|1728|8|3|0011|3.885124|-0.519417|-0.775780|0.358290|47.671402|0.003569|0.005605
1878|176|-1|14011|527|2173|LEU|743|4217|16318|-O--|428|8|2|0011|2.616507|0.163959|0.502579|0.848842|16.034994|0.110055|0.172834
1878|177|-1|14391|539|2158|TYR|3743|4327|16303|-OH-|1828|8|3|0011|3.339026|-0.639109|-0.670854|-0.376158|37.947521|0.015615|0.024522
1878|178|-1|14392|539|2175|TYR|3743|4327|16320|-OH-|1828|8|3|0011|2.815716|-0.298681|0.682598|0.666971|16.702896|0.064237|0.100880
1878|179|-1|14730|555|2118|PRO|1943|4447|16263|-O--|428|8|2|0011|3.672329|-0.065081|0.824545|0.562041|2.701606|0.006343|0.009962
1878|180|-1|14780|558|2149|ILE|943|4473|16294|-O--|428|8|2|0011|3.741544|0.517968|0.398499|-0.756907|26.853464|0.005261|0.008262
1878|181|-1|14803|560|2149|GLU|2543|4483|16294|-N--|128|7|4|0011|3.299890|0.347587|0.795481|0.496380|27.959412|0.024664|0.043507
1878|182|-1|14840|561|2173|TYR|3743|4503|16318|-OH-|1828|8|3|0011|3.088915|0.387838|-0.613808|0.687620|37.606514|0.030698|0.048209
1878|183|-1|15027|570|2169|ALA|343|4573|16314|-O--|428|8|2|0011|2.636462|0.092928|-0.788178|-0.608391|19.151911|0.104277|0.163760
1878|184|-1|15282|580|2163|ILE|943|4648|16308|-O--|428|8|2|0011|3.737093|-0.873674|0.147976|0.463462|4.843750|0.005325|0.008362
1878|185|-1|15625|596|2159|ILE|943|4788|16304|-O--|428|8|2|0011|2.981358|-0.724502|0.184479|0.664127|10.185560|0.041054|0.064473
1878|186|-1|15678|598|2165|SER|1143|4807|16310|-O--|428|8|2|0011|3.027568|0.111641|0.211060|0.971077|20.372091|0.036234|0.056903
1878|187|-1|15684|598|2165|SER|1143|4809|16310|-OG-|1728|8|3|0011|3.048961|-0.048213|-0.819295|0.571342|38.202564|0.034199|0.053707
1878|188|-1|15793|602|2264|PRO|1943|4834|16409|-O--|428|8|2|0011|3.957964|0.150077|-0.422945|-0.893641|22.670124|0.002931|0.004603
1878|189|-1|15798|602|2250|PRO|1943|4834|16395|-O--|428|8|2|0011|3.965512|0.292774|-0.089775|0.951958|7.646706|0.002872|0.004510
1878|190|-1|15837|604|2250|LYS|2943|4846|16395|-O--|428|8|2|0011|3.279045|-0.228115|-0.967966|0.104909|3.977647|0.018363|0.028838
1878|191|-1|15876|605|2166|LEU|743|4855|16311|-O--|428|8|2|0011|2.495650|-0.056098|0.954861|0.291708|12.283565|0.152569|0.239600
1878|192|-1|15953|609|2068|GLN|2743|4887|16213|-O--|428|8|2|0011|3.402112|-0.963519|-0.232502|-0.132565|15.520403|0.013167|0.020678
1878|193|-1|15954|609|2069|GLN|2743|4887|16214|-O--|428|8|2|0011|2.983242|-0.125702|-0.312412|-0.941593|9.992701|0.040846|0.064146
1878|194|-1|15980|609|2068|GLN|2743|4892|16213|-NE2|928|7|4|0011|2.961941|-0.751872|0.231943|-0.617163|31.346401|0.061481|0.108451
1878|195|-1|16008|611|2076|MSE|1843|4897|16221|-N--|128|7|4|0011|2.666975|-0.131236|-0.244847|-0.960639|3.787389|0.136446|0.240687
1878|196|-1|16081|613|2068|THR|1343|4918|16213|-OG1|1728|8|3|0011|3.286563|-0.019169|-0.968185|-0.249501|2.230985|0.017994|0.028258
1878|197|-1|16174|617|2208|LEU|743|4951|16353|-O--|428|8|2|0011|3.305033|0.566711|-0.801202|0.192131|3.807131|0.017117|0.026882
1878|198|-1|17121|649|2228|GLU|2543|5220|16373|-O--|428|8|2|0011|2.718129|0.424189|0.431547|-0.796135|16.081009|0.083624|0.131325
1878|199|-1|17143|650|2199|SER|1143|5231|16344|-OG-|1728|8|3|0011|3.925951|0.187725|-0.366281|0.911371|8.957026|0.003196|0.005019
1878|200|-1|17165|651|2199|GLU|2543|5239|16344|-OE1|1028|8|2|0011|3.582197|-0.605494|0.791693|-0.081235|1.120109|0.008093|0.012710
1878|201|-1|17166|651|2199|GLU|2543|5240|16344|-OE2|1028|8|2|0011|2.869346|-0.036942|0.925298|-0.377438|1.247102|0.055569|0.087268
1878|202|-1|17190|652|2316|TYR|3743|5244|16461|-O--|428|8|2|0011|3.408386|0.739059|-0.610846|0.284005|58.824516|0.012946|0.020330
1878|203|-1|17204|652|2200|TYR|3743|5252|16345|-OH-|1828|8|3|0011|2.795786|-0.343374|0.452467|0.823024|15.248226|0.067792|0.106462
1878|204|-1|17227|653|2227|LYS|2943|5256|16372|-O--|428|8|2|0011|2.664235|-0.418882|0.888435|-0.187671|23.098402|0.096736|0.151917
1878|205|-1|17262|654|2325|GLU|2543|5262|16470|-O--|428|8|2|0011|2.731692|0.938246|0.132519|-0.319583|35.056767|0.080614|0.126598
1878|206|-1|17269|654|2316|GLU|2543|5266|16461|-OE1|1028|8|2|0011|3.054847|-0.622944|-0.694634|-0.359756|75.663452|0.033659|0.052859
1878|207|-1|17378|658|2183|SER|1143|5292|16328|-O--|428|8|2|0011|3.422426|-0.507827|-0.639605|-0.577077|1.175212|0.012464|0.019573
1878|208|-1|17458|661|2211|TYR|3743|5322|16356|-OH-|1828|8|3|0011|2.532117|0.687173|-0.687172|0.235771|11.331857|0.138250|0.217112
1878|209|-1|17459|661|2208|TYR|3743|5322|16353|-OH-|1828|8|3|0011|2.521245|0.404166|0.679426|-0.612397|1.512708|0.142372|0.223586
1878|210|-1|17550|664|2188|SER|1143|5340|16333|-OG-|1728|8|3|0011|3.333251|0.691517|-0.414910|0.591315|0.070223|0.015861|0.024908
1878|211|-1|17876|676|2202|GLU|2543|5427|16347|-OE1|1028|8|2|0011|2.888585|0.712114|0.699650|0.058160|2.969038|0.052754|0.082846
1878|212|-1|18036|684|2184|ASN|2343|5485|16329|-O--|428|8|2|0011|2.879847|-0.303488|0.130909|0.943800|4.599491|0.054014|0.084826
1878|213|-1|18120|687|2195|THR|1343|5507|16340|-O--|428|8|2|0011|3.307737|0.157206|0.953220|-0.258183|49.779343|0.016993|0.026686
1878|214|-1|18123|687|2198|THR|1343|5507|16343|-O--|428|8|2|0011|2.919542|0.808002|0.328476|-0.489117|1.387023|0.048519|0.076197
1878|215|-1|18129|687|2195|THR|1343|5509|16340|-OG1|1728|8|3|0011|3.615056|0.072474|0.822947|0.563476|48.561356|0.007405|0.011630
1878|216|-1|18130|687|2202|THR|1343|5509|16347|-OG1|1728|8|3|0011|3.415632|0.451161|-0.800438|-0.394656|38.770630|0.012695|0.019936
1878|217|-1|18131|687|2198|THR|1343|5509|16343|-OG1|1728|8|3|0011|2.676663|0.784932|0.291781|0.546576|1.617066|0.093541|0.146899
1878|218|-1|18155|688|2191|GLU|2543|5514|16336|-O--|428|8|2|0011|3.596682|0.182669|0.625577|0.758476|2.726739|0.007782|0.012222
1878|219|-1|18162|688|2202|GLU|2543|5519|16347|-OE2|1028|8|2|0011|3.203915|-0.392021|0.353630|-0.849274|3.888759|0.022497|0.035330
1878|220|-1|18163|688|2217|GLU|2543|5519|16362|-OE2|1028|8|2|0011|2.772919|0.826926|-0.279489|-0.487934|17.315340|0.072114|0.113250
1878|221|-1|18205|690|2191|GLU|2543|5530|16336|-O--|428|8|2|0011|3.819441|0.688583|0.090589|-0.719477|0.625812|0.004262|0.006694
1878|222|-1|18556|707|2221|ARG|3143|5661|16366|-O--|428|8|2|0011|3.095318|-0.406420|-0.725289|-0.555678|7.438509|0.030171|0.047382
1878|223|-1|18564|707|2194|ARG|3143|5661|16339|-O--|428|8|2|0011|2.768281|0.592786|-0.544381|-0.593510|30.083923|0.073023|0.114678
1878|224|-1|18613|709|2220|ASP|2143|5680|16365|-OD1|1028|8|2|0011|2.473535|0.057813|-0.977144|0.204566|4.461301|0.161967|0.254358
1878|225|-1|18617|709|2221|ASP|2143|5680|16366|-OD1|1028|8|2|0011|2.894712|-0.336821|-0.357894|0.870898|5.118453|0.051887|0.081485
1878|226|-1|18618|709|2194|ASP|2143|5680|16339|-OD1|1028|8|2|0011|3.246565|0.592626|-0.091789|0.800230|25.057516|0.020048|0.031484
1878|227|-1|18627|709|2220|ASP|2143|5681|16365|-OD2|1028|8|2|0011|3.257198|0.551395|-0.607884|0.571350|3.483190|0.019480|0.030592
1878|228|-1|18631|709|2221|ASP|2143|5681|16366|-OD2|1028|8|2|0011|3.980183|0.170344|-0.150496|0.973824|6.184676|0.002760|0.004335
1878|229|-1|18670|711|2184|ILE|943|5690|16329|-O--|428|8|2|0011|3.709662|0.000809|0.999552|0.029922|16.383848|0.005735|0.009006
1878|230|-1|18763|714|2201|ASN|2343|5717|16346|-O--|428|8|2|0011|2.966354|0.892004|-0.401503|0.207663|42.858959|0.042753|0.067141
1878|231|-1|18974|723|2221|GLU|2543|5783|16366|-OE1|1028|8|2|0011|2.648861|0.908315|-0.200086|0.367328|3.447539|0.100840|0.158363
1878|232|-1|18979|723|2207|GLU|2543|5784|16352|-OE2|1028|8|2|0011|3.089993|0.592558|-0.565697|0.573465|12.420403|0.030609|0.048069
1878|233|-1|18982|723|2220|GLU|2543|5784|16365|-OE2|1028|8|2|0011|3.030373|0.999877|0.013530|0.007921|16.999935|0.035961|0.056474
1878|234|-1|18984|723|2221|GLU|2543|5784|16366|-OE2|1028|8|2|0011|3.136137|0.609667|0.453424|0.650163|2.258975|0.027020|0.042433
1878|235|-1|19071|726|2218|THR|1343|5805|16363|-O--|428|8|2|0011|3.608952|0.449992|0.667507|0.593247|30.015430|0.007528|0.011823
1878|236|-1|19075|726|2218|THR|1343|5807|16363|-OG1|1728|8|3|0011|3.414314|-0.189496|0.252174|0.948947|31.704266|0.012740|0.020007
1878|237|-1|19096|727|2193|SER|1143|5812|16338|-O--|428|8|2|0011|3.724291|0.946220|-0.031952|-0.321941|5.725579|0.005512|0.008657
1878|238|-1|19131|729|2222|SER|1143|5829|16367|-O--|428|8|2|0011|3.029305|-0.413296|-0.301389|0.859273|2.084650|0.036065|0.056637
1878|239|-1|19139|729|2222|SER|1143|5831|16367|-OG-|1728|8|3|0011|3.199154|-0.300704|0.590468|0.748949|4.633434|0.022789|0.035788
1878|240|-1|19192|731|2210|LYS|2943|5843|16355|-O--|428|8|2|0011|3.977043|0.308521|-0.670850|0.674370|31.134445|0.002784|0.004372
1878|241|-1|19193|731|2222|LYS|2943|5843|16367|-O--|428|8|2|0011|2.710329|0.999141|0.023244|-0.034313|3.587990|0.085405|0.134123
1878|242|-1|19209|732|2192|GLY|143|5852|16337|-O--|428|8|2|0011|3.203657|-0.707629|0.492874|0.506297|25.413488|0.022513|0.035355
1878|243|-1|19238|733|2213|LEU|743|5856|16358|-O--|428|8|2|0011|2.675645|-0.155476|-0.267973|-0.950798|15.396408|0.093798|0.147304
1878|244|-1|19239|733|2192|LEU|743|5856|16337|-O--|428|8|2|0011|3.888639|-0.276961|-0.280304|0.919088|26.768997|0.003535|0.005552
1878|245|-1|19273|734|2192|PRO|1943|5864|16337|-O--|428|8|2|0011|2.667588|-0.925181|-0.248164|-0.287150|17.999641|0.095863|0.150547
1878|246|-1|19371|737|2223|HIS|3343|5887|16368|-O--|428|8|2|0011|2.954358|0.956891|-0.037233|-0.288050|8.824809|0.044162|0.069354
1878|247|-1|19524|741|2223|GLN|2743|5928|16368|-OE1|828|8|2|0011|2.711277|-0.303547|-0.929083|0.211340|1.830488|0.085187|0.133780
1878|248|-1|19525|741|2207|GLN|2743|5928|16352|-OE1|828|8|2|0011|3.674079|0.957247|0.174738|-0.230533|16.331581|0.006313|0.009915
1878|249|-1|19660|745|2221|TYR|3743|5966|16366|-OH-|1828|8|3|0011|3.048076|0.273287|0.005249|-0.961918|0.376806|0.034281|0.053835
1878|250|-1|19661|745|2180|TYR|3743|5966|16325|-OH-|1828|8|3|0011|3.029999|0.727393|-0.196700|0.657426|11.709593|0.035997|0.056531
1878|251|-1|20006|761|2203|PRO|1943|6094|16348|-O--|428|8|2|0011|2.793902|-0.365439|-0.678979|-0.636744|36.620384|0.068138|0.107006
1878|252|-1|20007|761|2094|PRO|1943|6094|16239|-O--|428|8|2|0011|3.805928|0.034158|0.253815|-0.966650|6.571194|0.004421|0.006943
1878|253|-1|20024|762|2203|ASP|2143|6104|16348|-OD1|1028|8|2|0011|3.250812|0.329456|0.415588|-0.847788|15.703777|0.019819|0.031124
1878|254|-1|20056|764|2156|ILE|943|6120|16301|-O--|428|8|2|0011|3.802863|-0.547219|0.752065|0.367355|14.326751|0.004458|0.007000
1878|255|-1|20061|765|2156|ALA|343|6125|16301|-N--|128|7|4|0011|3.999094|-0.753171|0.644896|-0.129779|24.069475|0.003727|0.006574
1878|256|-1|20079|766|2156|GLU|2543|6130|16301|-N--|128|7|4|0011|2.993965|-0.353043|0.218105|-0.909830|24.544683|0.056383|0.099459
1878|257|-1|20091|766|2187|GLU|2543|6133|16332|-O--|428|8|2|0011|2.711385|-0.984737|-0.061961|0.162648|10.451200|0.085162|0.133741
1878|258|-1|20103|766|2224|GLU|2543|6137|16369|-OE1|1028|8|2|0011|2.658146|-0.798301|0.553017|0.238512|7.121816|0.098341|0.154438
1878|259|-1|20121|767|2213|TYR|3743|6150|16358|-OH-|1828|8|3|0011|3.318632|-0.317299|-0.931107|-0.179893|18.481064|0.016500|0.025912
1878|260|-1|20264|774|2212|ASP|2143|6206|16357|-OD1|1028|8|2|0011|3.957272|0.392948|-0.867769|-0.304251|39.480534|0.002937|0.004612
1878|261|-1|20266|774|2212|ASP|2143|6207|16357|-OD2|1028|8|2|0011|3.359155|0.547757|-0.462914|-0.696902|38.649464|0.014788|0.023224
1878|262|-1|20341|777|2212|THR|1343|6227|16357|-OG1|1728|8|3|0011|2.574545|-0.358898|0.379873|-0.852578|9.521500|0.123272|0.193590
1878|263|-1|20604|788|2215|LEU|743|6306|16360|-O--|428|8|2|0011|3.804651|0.676277|-0.712549|-0.186876|34.606174|0.004436|0.006967
1878|264|-1|20660|791|2182|SER|1143|6331|16327|-O--|428|8|2|0011|2.748612|0.110237|-0.992864|-0.045477|7.762585|0.077010|0.120939
1878|265|-1|20762|795|2226|ASN|2343|6366|16371|-O--|428|8|2|0011|2.740562|0.789620|-0.378754|-0.482748|1.139176|0.078704|0.123600
1878|266|-1|20769|795|2197|ASN|2343|6369|16342|-OD1|828|8|2|0011|3.482549|-0.385350|0.839902|-0.382192|17.980371|0.010594|0.016638
1878|267|-1|20782|796|2226|TRP|3943|6374|16371|-O--|428|8|2|0011|3.117510|-0.168403|-0.907455|0.384923|16.234852|0.028415|0.044624
1878|268|-1|20954|802|2190|ILE|943|6428|16335|-O--|428|8|2|0011|2.755469|0.694982|-0.345858|-0.630383|20.312243|0.075596|0.118719
1878|269|-1|20997|804|2196|SER|1143|6447|16341|-O--|428|8|2|0011|3.571146|-0.059645|-0.417513|-0.906711|23.513781|0.008338|0.013095
1878|270|-1|21011|804|2196|SER|1143|6449|16341|-OG-|1728|8|3|0011|3.170107|-0.003155|-0.998705|0.050787|38.936928|0.024650|0.038711
1878|271|-1|21148|809|2182|ALA|343|6481|16327|-O--|428|8|2|0011|2.337805|-0.752415|0.339208|0.564632|7.551766|0.233744|0.367080
1878|272|-1|21198|811|2206|LEU|743|6495|16351|-O--|428|8|2|0011|2.582380|0.080934|0.613775|-0.785322|8.193639|0.120689|0.189534
1878|273|-1|21241|814|2263|PHE|3543|6515|16408|-O--|428|8|2|0011|3.907736|0.101593|-0.813258|0.572966|1.382305|0.003357|0.005273
1878|274|-1|21260|815|2263|GLN|2743|6526|16408|-O--|428|8|2|0011|2.851346|0.879935|-0.454873|-0.137128|1.968248|0.058340|0.091618
1878|275|-1|21975|843|2229|THR|1343|6747|16374|-OG1|1728|8|3|0011|3.773539|-0.694574|-0.714184|0.086656|55.383999|0.004825|0.007578
1878|276|-1|22153|849|2236|PRO|1943|6792|16381|-O--|428|8|2|0011|3.007526|-0.998162|0.037573|-0.047547|1.047824|0.038251|0.060071
1878|277|-1|22350|854|2230|TYR|3743|6847|16375|-OH-|1828|8|3|0011|2.716338|0.295987|0.751379|-0.589764|0.649522|0.084029|0.131962
1878|278|-1|22438|858|2233|TYR|3743|6875|16378|-O--|428|8|2|0011|3.270224|0.278268|0.684357|-0.673960|35.870235|0.018806|0.029534
1878|279|-1|22494|860|2160|GLU|2543|6896|16305|-O--|428|8|2|0011|2.731017|0.046503|-0.344194|-0.937746|2.035054|0.080761|0.126830
1878|280|-1|22495|860|2162|GLU|2543|6896|16307|-O--|428|8|2|0011|2.787538|0.911916|-0.409322|-0.029417|14.238627|0.069320|0.108862
1878|281|-1|22503|860|2233|GLU|2543|6900|16378|-OE1|1028|8|2|0011|2.708507|0.620637|0.062396|0.781611|69.902794|0.085827|0.134785
1878|282|-1|22521|861|2162|LEU|743|6905|16307|-O--|428|8|2|0011|3.756031|0.374065|-0.129924|-0.918257|9.045051|0.005059|0.007945
1878|283|-1|22585|864|2162|SER|1143|6923|16307|-N--|128|7|4|0011|3.517588|0.365876|0.692520|-0.621733|11.364404|0.013694|0.024156
1878|284|-1|22753|870|2234|SER|1143|6974|16379|-OG-|1728|8|3|0011|2.939092|0.006124|0.787318|-0.616517|23.817970|0.046022|0.072275
1878|285|-1|22901|875|2239|ASP|2143|7006|16384|-OD1|1028|8|2|0011|3.646233|0.027974|0.982110|-0.186220|1.471973|0.006807|0.010690
1878|286|-1|22902|875|2239|ASP|2143|7007|16384|-OD2|1028|8|2|0011|3.245107|-0.134356|0.897660|0.419709|2.997454|0.020127|0.031608
1878|287|-1|23529|900|2240|GLU|2543|7199|16385|-O--|428|8|2|0011|2.296332|-0.263028|-0.320076|0.910147|14.985128|0.261470|0.410621
1878|288|-1|23736|911|2229|LYS|2943|7284|16374|-O--|428|8|2|0011|3.992834|0.877823|-0.473599|-0.071628|134.698761|0.002668|0.004189
1878|289|-1|23771|913|2231|ARG|3143|7297|16376|-O--|428|8|2|0011|3.098163|0.871162|0.172684|0.459627|17.155157|0.029940|0.047019
1878|290|-1|23820|915|2231|ASP|2143|7316|16376|-OD1|1028|8|2|0011|3.303978|-0.363804|0.855030|0.369554|5.668284|0.017166|0.026959
1878|291|-1|23822|915|2247|ASP|2143|7316|16392|-OD1|1028|8|2|0011|2.752310|0.624566|0.773531|-0.107546|10.714564|0.076245|0.119737
1878|292|-1|23831|915|2247|ASP|2143|7317|16392|-OD2|1028|8|2|0011|3.639529|0.188761|0.793234|-0.578921|7.031093|0.006931|0.010885
1878|293|-1|24057|926|2231|GLU|2543|7393|16376|-OE1|1028|8|2|0011|2.885183|-0.705674|0.330656|-0.626650|3.266901|0.053241|0.083611
1878|294|-1|24059|926|2247|GLU|2543|7393|16392|-OE1|1028|8|2|0011|3.450423|0.256490|0.074773|-0.963650|7.773880|0.011555|0.018147
1878|295|-1|24064|926|2231|GLU|2543|7394|16376|-OE2|1028|8|2|0011|2.883353|0.005203|0.496992|-0.867740|10.031292|0.053505|0.084026
1878|296|-1|24137|929|2245|THR|1343|7415|16390|-O--|428|8|2|0011|3.817054|-0.682725|0.133610|-0.718355|48.416512|0.004290|0.006737
1878|297|-1|24300|935|2238|GLY|143|7462|16383|-O--|428|8|2|0011|2.753329|-0.178329|0.926153|0.332325|0.241996|0.076035|0.119408
1878|298|-1|24348|937|2238|PRO|1943|7474|16383|-O--|428|8|2|0011|3.639459|0.692960|0.631963|0.347029|5.700150|0.006933|0.010887
1878|299|-1|24698|948|2231|TYR|3743|7576|16376|-OH-|1828|8|3|0011|3.107875|0.686965|-0.662510|-0.298597|4.036220|0.029165|0.045801
1878|300|-1|24699|948|2229|TYR|3743|7576|16374|-OH-|1828|8|3|0011|2.975993|-0.293684|0.691534|-0.659948|73.893494|0.041654|0.065415
1878|301|-1|25075|964|2260|PRO|1943|7696|16405|-O--|428|8|2|0011|3.757466|0.470530|-0.879582|-0.070260|13.714154|0.005040|0.007914
1878|302|-1|25356|976|2243|LEU|743|7797|16388|-O--|428|8|2|0011|2.888170|-0.823706|-0.447688|0.347972|9.317518|0.052813|0.082939
1878|303|-1|25397|977|2242|ASP|2143|7808|16387|-OD1|1028|8|2|0011|2.545682|0.844567|-0.484743|0.227443|43.848022|0.133273|0.209296
1878|304|-1|25431|978|2240|GLU|2543|7817|16385|-OE1|1028|8|2|0011|3.975421|-0.338581|0.255570|-0.905565|5.411687|0.002796|0.004391
1878|305|-1|25432|978|2240|GLU|2543|7818|16385|-OE2|1028|8|2|0011|2.395684|-0.386528|-0.242103|-0.889934|3.900961|0.199896|0.313924
1878|306|-1|25484|980|2242|THR|1343|7829|16387|-OG1|1728|8|3|0011|3.430421|0.203765|-0.943616|0.260900|2.702268|0.012197|0.019155
1878|307|-1|25685|988|2236|THR|1343|7890|16381|-O--|428|8|2|0011|2.471968|0.669507|-0.255667|-0.697420|7.845059|0.162654|0.255437
1878|308|-1|25910|998|2237|ASN|2343|7973|16382|-O--|428|8|2|0011|2.314081|0.633945|0.137852|-0.760993|95.450516|0.249223|0.391388
1878|309|-1|25935|999|2237|TRP|3943|7981|16382|-O--|428|8|2|0011|3.087171|0.321654|0.887221|0.330723|58.266823|0.030843|0.048437
1878|310|-1|26159|1009|2230|ILE|943|8069|16375|-O--|428|8|2|0011|2.675409|-0.920233|0.151005|-0.361066|18.920609|0.093858|0.147398
1878|311|-1|26208|1011|2155|PRO|1943|8083|16300|-O--|428|8|2|0011|3.521766|-0.910623|0.357491|0.207282|29.796974|0.009529|0.014965
1878|312|-1|26213|1011|2105|PRO|1943|8083|16250|-O--|428|8|2|0011|3.617512|0.914164|-0.050311|0.402210|42.649158|0.007356|0.011553
1878|313|-1|26221|1012|2155|ALA|343|8087|16300|-N--|128|7|4|0011|3.675636|-0.504947|0.764766|0.400203|29.796974|0.008934|0.015759
1878|314|-1|26251|1013|2105|LYS|2943|8095|16250|-O--|428|8|2|0011|3.179237|0.156641|0.986715|-0.043092|18.585951|0.024049|0.037767
1878|315|-1|26532|1025|2255|LEU|743|8195|16400|-O--|428|8|2|0011|3.308376|0.214002|-0.214304|0.953036|15.385902|0.016963|0.026640
1878|316|-1|27030|1046|2258|ASP|2143|8348|16403|-O--|428|8|2|0011|2.911059|0.984521|-0.139468|0.106147|8.975060|0.049645|0.077964
1878|317|-1|27099|1049|2258|ARG|3143|8371|16403|-O--|428|8|2|0011|3.134222|0.142619|-0.870393|-0.471249|8.355081|0.027160|0.042653
1878|318|-1|27446|1057|2257|GLU|2543|8447|16402|-O--|428|8|2|0011|2.753970|-0.916495|0.343867|-0.204432|7.828172|0.075903|0.119201
1878|319|-1|27497|1059|2259|GLU|2543|8462|16404|-O--|428|8|2|0011|3.477791|0.795332|-0.595493|0.113290|12.982192|0.010732|0.016853
1878|320|-1|27507|1059|2259|GLU|2543|8466|16404|-OE1|1028|8|2|0011|2.395753|-0.026296|0.040071|0.998851|0.484643|0.199859|0.313865
1878|321|-1|27525|1060|2301|TYR|3743|8471|16446|-O--|428|8|2|0011|3.411423|0.087354|-0.443508|0.892003|24.917810|0.012840|0.020164
1878|322|-1|27588|1062|2251|GLU|2543|8492|16396|-O--|428|8|2|0011|2.568021|-0.852407|-0.381229|0.357863|2.286354|0.125465|0.197034
1878|323|-1|27600|1062|2301|GLU|2543|8496|16446|-OE1|1028|8|2|0011|3.220930|0.663473|0.728672|0.169827|46.892532|0.021486|0.033742
1878|324|-1|27772|1069|2255|TYR|3743|8552|16400|-OH-|1828|8|3|0011|2.580554|-0.955609|0.098043|-0.277848|4.462708|0.121286|0.190471
1878|325|-1|27860|1072|2260|SER|1143|8570|16405|-OG-|1728|8|3|0011|3.187344|0.044237|-0.097574|0.994245|31.060030|0.023528|0.036949
1878|326|-1|28826|1115|2267|ARG|3143|8890|16412|-O--|428|8|2|0011|2.968259|0.313315|0.847973|0.427523|10.060135|0.042534|0.066796
1878|327|-1|28868|1117|2267|ASP|2143|8909|16412|-OD1|1028|8|2|0011|2.951682|0.907279|-0.419760|-0.025409|9.087272|0.044483|0.069857
1878|328|-1|28876|1117|2267|ASP|2143|8910|16412|-OD2|1028|8|2|0011|3.662951|0.477757|-0.861327|0.172812|2.256849|0.006506|0.010218
1878|329|-1|29119|1128|2267|GLU|2543|8992|16412|-OE1|1028|8|2|0011|2.469004|-0.347914|-0.765895|0.540704|6.330845|0.163962|0.257491
1878|330|-1|29124|1128|2267|GLU|2543|8993|16412|-OE2|1028|8|2|0011|3.406885|-0.243037|-0.960115|-0.138249|2.862051|0.012998|0.020413
1878|331|-1|29127|1128|2268|GLU|2543|8993|16413|-OE2|1028|8|2|0011|3.332897|-0.176123|0.147019|0.973327|3.595801|0.015876|0.024932
1878|332|-1|29146|1129|2268|ILE|943|8997|16413|-O--|428|8|2|0011|3.598077|0.311555|-0.596986|0.739284|4.173134|0.007753|0.012176
1878|333|-1|29205|1131|2249|THR|1343|9014|16394|-O--|428|8|2|0011|3.690965|-0.247903|-0.871858|-0.422383|65.178627|0.006032|0.009472
1878|334|-1|29226|1132|2261|SER|1143|9021|16406|-O--|428|8|2|0011|3.929947|-0.793904|-0.260054|0.549626|4.713071|0.003162|0.004965
1878|335|-1|29375|1138|2250|LEU|743|9065|16395|-O--|428|8|2|0011|3.102320|-0.422909|0.879663|0.217579|6.503750|0.029606|0.046494
1878|336|-1|29746|1150|2248|TYR|3743|9175|16393|-OH-|1828|8|3|0011|2.939337|0.068043|-0.818211|0.570877|22.949200|0.045992|0.072227
1878|337|-1|29747|1150|2267|TYR|3743|9175|16412|-OH-|1828|8|3|0011|3.371692|-0.739688|0.629061|0.239049|0.571978|0.014295|0.022450
1878|338|-1|30094|1166|2234|PRO|1943|9295|16379|-O--|428|8|2|0011|3.567973|-0.718055|0.686103|-0.116873|10.987291|0.008410|0.013208
1878|339|-1|30112|1167|2165|ASP|2143|9302|16310|-O--|428|8|2|0011|3.097157|0.651888|0.654149|-0.383578|16.076096|0.030022|0.047147
1878|340|-1|30171|1171|2263|GLU|2543|9334|16408|-O--|428|8|2|0011|2.807366|-0.424241|0.482659|-0.766199|18.029158|0.065703|0.103182
1878|341|-1|30175|1171|2254|GLU|2543|9334|16399|-O--|428|8|2|0011|2.662334|0.805308|0.375235|-0.458996|1.958510|0.097234|0.152700
1878|342|-1|30184|1171|2252|GLU|2543|9338|16397|-OE1|1028|8|2|0011|2.342072|0.569154|-0.094361|-0.816798|7.453979|0.231065|0.362871
1878|343|-1|30204|1172|2250|TYR|3743|9351|16395|-OH-|1828|8|3|0011|3.555659|0.524797|0.565577|0.636169|7.782557|0.008695|0.013655
1878|344|-1|30600|1190|2258|THR|1343|9477|16403|-OG1|1728|8|3|0011|2.781878|-0.083037|0.792990|0.603549|6.166445|0.070389|0.110541
1878|345|-1|30614|1191|2253|ILE|943|9482|16398|-O--|428|8|2|0011|3.155193|-0.785055|-0.030743|0.618663|22.153746|0.025664|0.040303
1878|346|-1|30810|1200|2256|ASN|2343|9558|16401|-O--|428|8|2|0011|2.339644|-0.484689|-0.110700|0.867653|3.259696|0.232585|0.365260
1878|347|-1|30839|1201|2256|TRP|3943|9566|16401|-O--|428|8|2|0011|3.321597|0.854709|0.019871|0.518726|8.694504|0.016368|0.025705
1878|348|-1|31774|1237|2275|SER|1143|9855|16420|-O--|428|8|2|0011|2.752951|0.941535|-0.307667|-0.137307|97.248985|0.076112|0.119530
1878|349|-1|31778|1237|2280|SER|1143|9857|16425|-OG-|1728|8|3|0011|2.549288|0.553880|-0.224376|0.801793|30.857780|0.131980|0.207266
1878|350|-1|32089|1249|2277|ASP|2143|9954|16422|-OD2|1028|8|2|0011|3.908944|-0.309547|0.449227|0.838078|0.100273|0.003346|0.005255
1878|351|-1|32378|1257|2270|VAL|543|10019|16415|-O--|428|8|2|0011|2.860027|-0.113286|-0.950342|0.289857|16.832293|0.056987|0.089494
1878|352|-1|32497|1260|2277|GLU|2543|10053|16422|-OE1|1028|8|2|0011|2.820500|0.307393|-0.937067|0.165575|5.608641|0.063412|0.099584
1878|353|-1|32521|1261|2270|SER|1143|10060|16415|-OG-|1728|8|3|0011|2.878528|-0.739615|-0.183427|-0.647553|2.800746|0.054207|0.085129
1878|354|-1|32539|1262|2288|GLU|2543|10064|16433|-O--|428|8|2|0011|3.268313|0.296790|0.608265|0.736159|13.345592|0.018903|0.029687
1878|355|-1|32730|1269|2284|SER|1143|10124|16429|-O--|428|8|2|0011|3.412605|-0.568774|0.765690|-0.300357|0.110415|0.012799|0.020100
1878|356|-1|32749|1270|2278|GLN|2743|10130|16423|-O--|428|8|2|0011|2.528701|0.124174|-0.911929|-0.391109|18.973034|0.139532|0.219125
1878|357|-1|32919|1275|2292|SER|1143|10172|16437|-OG-|1728|8|3|0011|3.335535|0.563628|0.401435|0.721923|9.760743|0.015763|0.024755
1878|358|-1|33292|1288|2286|SER|1143|10266|16431|-OG-|1728|8|3|0011|2.970729|-0.952291|-0.206346|-0.224860|8.498525|0.042251|0.066352
1878|359|-1|33922|1318|2295|ARG|3143|10491|16440|-O--|428|8|2|0011|2.623670|-0.769913|0.250412|0.586964|8.982706|0.107945|0.169520
1878|360|-1|33943|1319|2295|ALA|343|10502|16440|-O--|428|8|2|0011|3.817657|0.010478|0.887194|0.461278|15.228837|0.004283|0.006726
1878|361|-1|33974|1320|2294|ASP|2143|10510|16439|-OD1|1028|8|2|0011|2.669454|0.214276|0.973981|0.073799|18.581182|0.095381|0.149789
1878|362|-1|33975|1320|2295|ASP|2143|10510|16440|-OD1|1028|8|2|0011|2.718810|0.669043|-0.395395|0.629320|13.183426|0.083470|0.131084
1878|363|-1|33986|1320|2294|ASP|2143|10511|16439|-OD2|1028|8|2|0011|3.316615|0.494782|0.611768|0.617196|23.501297|0.016590|0.026053
1878|364|-1|34223|1331|2294|GLU|2543|10592|16439|-OE2|1028|8|2|0011|2.971161|0.066641|-0.122847|0.990186|11.049113|0.042201|0.066275
1878|365|-1|34306|1334|2291|THR|1343|10613|16436|-O--|428|8|2|0011|3.720465|0.578422|-0.743455|0.335711|20.073288|0.005570|0.008747
1878|366|-1|34311|1334|2291|THR|1343|10615|16436|-OG1|1728|8|3|0011|3.253490|0.931308|-0.239435|-0.274475|12.657074|0.019676|0.030900
1878|367|-1|34857|1353|2269|TYR|3743|10774|16414|-OH-|1828|8|3|0011|2.700653|0.752781|-0.052952|0.656137|29.499346|0.087668|0.137677
1878|368|-1|34870|1354|2287|LEU|743|10778|16432|-O--|428|8|2|0011|3.153368|0.097674|-0.409721|-0.906967|13.829012|0.025790|0.040502
1878|369|-1|34977|1358|2287|SER|1143|10819|16432|-O--|428|8|2|0011|3.770633|0.181667|0.835404|-0.518746|2.589160|0.004863|0.007638
1878|370|-1|34996|1359|2287|ALA|343|10825|16432|-O--|428|8|2|0011|2.314923|0.972388|-0.025486|-0.231973|5.464742|0.248657|0.390498
1878|371|-1|35226|1369|2302|PRO|1943|10894|16447|-O--|428|8|2|0011|3.860505|-0.980442|-0.196088|-0.016837|9.561111|0.003815|0.005990
1878|372|-1|35327|1374|2273|GLU|2543|10933|16418|-O--|428|8|2|0011|2.661472|0.197635|0.054104|-0.978781|0.761096|0.097461|0.153056
1878|373|-1|35349|1374|2279|GLU|2543|10937|16424|-OE1|1028|8|2|0011|2.297937|0.389915|-0.249357|-0.886447|4.727551|0.260338|0.408843
1878|374|-1|35406|1376|2274|GLU|2543|10959|16419|-OE2|1028|8|2|0011|2.451099|-0.477745|0.656441|0.583820|6.425312|0.172092|0.270259
1878|375|-1|35799|1393|2272|THR|1343|11088|16417|-O--|428|8|2|0011|3.856988|0.470574|0.162562|0.867256|12.176005|0.003851|0.006048
1878|376|-1|35817|1394|2272|ILE|943|11095|16417|-O--|428|8|2|0011|3.255815|-0.516614|0.078322|0.852629|1.906530|0.019553|0.030706
1878|377|-1|36028|1403|2285|ASN|2343|11174|16430|-OD1|828|8|2|0011|3.617465|-0.479894|-0.723711|-0.495927|39.037430|0.007357|0.011554
1878|378|-1|36394|1418|2318|LYS|2943|11293|16463|-O--|428|8|2|0011|3.454614|0.512937|0.821800|0.248075|3.368416|0.011425|0.017943
1878|379|-1|36446|1421|2300|PHE|3543|11318|16445|-O--|428|8|2|0011|3.101660|0.556476|0.005480|-0.830845|106.857384|0.029659|0.046577
1878|380|-1|36475|1423|2274|GLY|143|11335|16419|-N--|128|7|4|0011|3.993469|0.987613|0.084890|-0.131966|0.444935|0.003784|0.006675
1878|381|-1|36498|1424|2279|MSE|1843|11339|16424|-N--|128|7|4|0011|3.044597|0.923603|0.359651|-0.132694|13.437071|0.049172|0.086739
1878|382|-1|36666|1430|2298|LEU|743|11393|16443|-O--|428|8|2|0011|3.215043|-0.225191|0.174180|-0.958619|3.058662|0.021831|0.034284
1878|383|-1|37613|1467|2251|GLU|2543|11690|16396|-O--|428|8|2|0011|2.662312|0.350823|-0.804942|-0.478532|8.304421|0.097240|0.152709
1878|384|-1|37784|1474|2301|TYR|3743|11750|16446|-OH-|1828|8|3|0011|2.707296|-0.246002|-0.008494|-0.969232|21.979122|0.086108|0.135227
1878|385|-1|37785|1474|2298|TYR|3743|11750|16443|-OH-|1828|8|3|0011|2.543489|0.675057|-0.715552|0.179675|6.785689|0.134065|0.210540
1878|386|-1|37871|1477|2302|SER|1143|11770|16447|-OG-|1728|8|3|0011|3.773712|-0.681027|-0.130640|-0.720511|17.465260|0.004823|0.007574
1878|387|-1|37873|1477|2302|SER|1143|11771|16447|-OG-|1728|8|3|0011|3.200623|0.059988|0.282757|-0.957314|18.213392|0.022698|0.035646
1878|388|-1|38808|1520|2296|ARG|3143|12088|16441|-O--|428|8|2|0011|2.905616|0.564080|0.812908|-0.144892|27.544714|0.050380|0.079119
1878|389|-1|38853|1522|2296|ASP|2143|12108|16441|-OD2|1028|8|2|0011|3.996773|-0.989298|-0.070306|-0.127854|28.703968|0.002639|0.004145
1878|390|-1|39092|1533|2296|GLU|2543|12184|16441|-OE1|1028|8|2|0011|2.340447|-0.538786|-0.534513|-0.651157|27.606358|0.232081|0.364468
1878|391|-1|39094|1533|2296|GLU|2543|12185|16441|-OE2|1028|8|2|0011|3.146685|-0.657200|-0.748408|0.089300|22.898884|0.026261|0.041240
1878|392|-1|39699|1555|2296|TYR|3743|12367|16441|-OH-|1828|8|3|0011|3.050171|0.995354|-0.092453|-0.026884|14.386288|0.034087|0.053531
1878|393|-1|40040|1571|2292|PRO|1943|12487|16437|-O--|428|8|2|0011|3.542312|0.969141|-0.197611|0.147361|9.303279|0.009014|0.014156
1878|394|-1|41873|1652|2304|THR|1343|13141|16449|-OG1|1728|8|3|0011|3.650237|0.427918|0.481065|0.765156|49.245953|0.006734|0.010575
1878|395|-1|42989|1691|2307|GLU|2543|13458|16452|-OE1|1028|8|2|0011|2.812945|0.951316|-0.185215|0.246361|59.337772|0.064720|0.101638
1878|396|-1|43986|1738|2305|THR|1343|13799|16450|-O--|428|8|2|0011|3.663573|0.411347|-0.496237|0.764554|112.838936|0.006495|0.010200
1878|397|-1|43990|1738|2305|THR|1343|13801|16450|-OG1|1728|8|3|0011|2.830405|-0.519006|-0.201739|0.830622|109.555069|0.061737|0.096953
1878|398|-1|44098|1743|2310|LYS|2943|13837|16455|-O--|428|8|2|0011|3.587337|-0.309143|-0.935791|-0.169486|8.557536|0.007981|0.012534
1878|399|-1|44118|1744|2311|GLY|143|13846|16456|-O--|428|8|2|0011|2.685863|-0.933033|-0.355193|0.057338|1.767925|0.091243|0.143291
1878|400|-1|44172|1746|2311|PRO|1943|13858|16456|-O--|428|8|2|0011|3.944690|-0.586864|-0.130809|-0.799049|1.045818|0.003038|0.004771
1878|401|-1|44522|1757|2304|TYR|3743|13960|16449|-OH-|1828|8|3|0011|3.226246|-0.221930|-0.954670|0.198373|31.443111|0.021180|0.033261
1878|402|-1|44888|1773|2337|PRO|1943|14084|16482|-O--|428|8|2|0011|3.658585|0.692071|0.633032|-0.346855|7.238246|0.006583|0.010339
1878|403|-1|44904|1774|2196|ASP|2143|14091|16341|-O--|428|8|2|0011|3.154360|-0.615023|0.745634|-0.256470|7.681475|0.025721|0.040394
1878|404|-1|44996|1778|2306|GLU|2543|14123|16451|-O--|428|8|2|0011|2.982905|0.339602|0.890407|0.303060|17.001606|0.040883|0.064204
1878|405|-1|45061|1780|2332|GLU|2543|14148|16477|-OE1|1028|8|2|0011|3.663262|0.243499|0.959254|0.143315|40.867531|0.006501|0.010209
1878|406|-1|45655|1807|2312|ASN|2343|14352|16457|-OD1|828|8|2|0011|3.882937|0.428799|0.846524|0.315482|24.118464|0.003590|0.005638
1878|407|-1|45791|1813|2313|CYS|1543|14407|16458|-O--|428|8|2|0011|3.540418|0.444016|0.252229|-0.859785|24.540636|0.009060|0.014229
1878|408|-1|45999|1824|2309|THR|1343|14488|16454|-O--|428|8|2|0011|2.929161|-0.335932|-0.235903|0.911866|5.140069|0.047274|0.074241
1878|409|-1|46000|1824|2309|THR|1343|14490|16454|-OG1|1728|8|3|0011|3.765402|-0.227067|0.772295|0.593297|3.243759|0.004933|0.007746
1878|410|-1|46015|1825|2332|TYR|3743|14495|16477|-O--|428|8|2|0011|3.991076|-0.302424|0.023803|0.952876|29.679544|0.002680|0.004209
1878|411|-1|46038|1826|2306|PHE|3543|14507|16451|-O--|428|8|2|0011|3.711434|-0.093495|-0.987219|0.129061|1.015625|0.005707|0.008963
1878|412|-1|46056|1827|2306|GLN|2743|14518|16451|-O--|428|8|2|0011|3.012241|-0.878416|-0.155698|0.451823|0.588932|0.037767|0.059310
1878|413|-1|46069|1828|2306|GLY|143|14524|16451|-N--|128|7|4|0011|3.733638|-0.917871|-0.365327|-0.155077|0.434889|0.007637|0.013472
1878|414|-1|46192|1832|2200|GLU|2543|14558|16345|-OE1|1028|8|2|0011|2.809572|0.206438|0.636040|-0.743530|29.478098|0.065312|0.102569
1878|415|-1|46193|1832|2200|GLU|2543|14559|16345|-OE2|1028|8|2|0011|3.681785|-0.301484|0.297682|-0.905810|35.617374|0.006183|0.009710
1878|416|-1|46728|1855|2315|THR|1343|14737|16460|-OG1|1728|8|3|0011|3.556922|0.679802|-0.624979|0.383758|42.195747|0.008665|0.013608
1878|417|-1|47130|1867|2319|GLU|2543|14841|16464|-O--|428|8|2|0011|2.677001|-0.287262|-0.380650|0.878969|12.106106|0.093455|0.146765
1878|418|-1|47159|1868|2322|SER|1143|14850|16467|-O--|428|8|2|0011|3.912781|-0.581428|0.670878|0.460286|12.277471|0.003312|0.005201
1878|419|-1|47183|1869|2322|GLU|2543|14856|16467|-O--|428|8|2|0011|2.798540|0.251202|-0.023584|0.967647|9.993649|0.067289|0.105673
1878|420|-1|47187|1869|2334|GLU|2543|14860|16479|-OE1|1028|8|2|0011|2.612270|0.233896|-0.085366|-0.968507|27.846113|0.111322|0.174825
1878|421|-1|47213|1870|2211|TYR|3743|14865|16356|-O--|428|8|2|0011|3.500975|-0.378466|0.925456|0.017138|32.056175|0.010080|0.015830
1878|422|-1|47252|1871|2317|LYS|2943|14877|16462|-O--|428|8|2|0011|2.682606|0.634458|-0.734733|0.240064|31.149378|0.092050|0.144559
1878|423|-1|47259|1872|2211|GLU|2543|14883|16356|-N--|128|7|4|0011|3.488983|-0.388938|0.515910|-0.763259|20.148279|0.014795|0.026098
1878|424|-1|47280|1872|2325|GLU|2543|14886|16470|-O--|428|8|2|0011|2.565553|-0.021828|0.395236|0.918320|18.573494|0.126304|0.198352
1878|425|-1|47286|1872|2211|GLU|2543|14890|16356|-OE1|1028|8|2|0011|2.627208|-0.706833|-0.326963|-0.627281|36.341385|0.106917|0.167907
1878|426|-1|47287|1872|2322|GLU|2543|14890|16467|-OE1|1028|8|2|0011|3.670962|0.890230|-0.254429|-0.377830|7.388268|0.006367|0.009999
1878|427|-1|47289|1873|2211|LEU|743|14892|16356|-N--|128|7|4|0011|3.259269|0.364499|0.775327|-0.515760|11.312081|0.027526|0.048555
1878|428|-1|47381|1876|2321|SER|1143|14916|16466|-O--|428|8|2|0011|2.980240|-0.946232|-0.178509|-0.269776|14.667154|0.041179|0.064668
1878|429|-1|47457|1879|2316|TYR|3743|14946|16461|-OH-|1828|8|3|0011|2.477166|-0.386732|0.922021|-0.017762|50.174301|0.160385|0.251874
1878|430|-1|47540|1882|2337|SER|1143|14964|16482|-OG-|1728|8|3|0011|3.206965|-0.606180|0.794832|0.028064|3.614401|0.022313|0.035040
1878|431|-1|47541|1882|2336|SER|1143|14964|16481|-OG-|1728|8|3|0011|3.648106|0.481346|-0.802883|-0.351690|13.304732|0.006773|0.010636
1878|432|-1|48481|1923|2315|LYS|2943|15271|16460|-O--|428|8|2|0011|3.914576|-0.895116|-0.347164|0.279723|88.057289|0.003296|0.005176
1878|433|-1|48879|1940|2338|THR|1343|15400|16483|-O--|428|8|2|0011|3.877323|-0.091300|0.303044|-0.948593|2.112000|0.003645|0.005724
1878|434|-1|48880|1940|2326|THR|1343|15400|16471|-O--|428|8|2|0011|2.685708|0.686970|0.557766|-0.465799|8.532298|0.091282|0.143352
1878|435|-1|48881|1940|2336|THR|1343|15400|16481|-O--|428|8|2|0011|3.694042|-0.300484|0.946388|0.118569|3.825711|0.005982|0.009394
1878|436|-1|48882|1940|2329|THR|1343|15400|16474|-O--|428|8|2|0011|3.824037|0.766991|0.419713|0.485351|7.493395|0.004210|0.006611
1878|437|-1|48908|1941|2338|SER|1143|15409|16483|-OG-|1728|8|3|0011|3.252153|0.204172|0.808081|-0.552557|0.737454|0.019747|0.031012
1878|438|-1|49005|1946|2320|GLY|143|15447|16465|-O--|428|8|2|0011|3.315274|0.720604|-0.428924|-0.544751|1.415911|0.016650|0.026148
1878|439|-1|49030|1947|2318|LEU|743|15451|16463|-O--|428|8|2|0011|2.836976|-0.886155|-0.380334|0.264718|8.607224|0.060650|0.095247
1878|440|-1|49061|1948|2320|PRO|1943|15459|16465|-O--|428|8|2|0011|2.756855|-0.199502|-0.637320|-0.744326|1.370665|0.075313|0.118275
1878|441|-1|49412|1959|2315|TYR|3743|15561|16460|-OH-|1828|8|3|0011|3.117294|0.269786|0.961411|-0.053894|47.197887|0.028432|0.044650
1878|442|-1|49848|1981|2318|TYR|3743|15741|16463|-OH-|1828|8|3|0011|3.550650|-0.792812|0.170110|-0.585245|12.622624|0.008813|0.013841
1878|443|-1|50355|2004|2330|ASN|2343|15915|16475|-O--|428|8|2|0011|3.832727|-0.707329|-0.115322|-0.697414|14.369993|0.004112|0.006458
1878|444|-1|50392|2005|2330|SER|1143|15923|16475|-O--|428|8|2|0011|3.471461|0.128188|-0.942542|-0.308515|23.926283|0.010917|0.017144
1878|445|-1|50413|2006|2330|PRO|1943|15929|16475|-O--|428|8|2|0011|2.468307|0.046186|0.235789|-0.970706|35.083660|0.164272|0.257978
1878|446|-1|50710|2018|2327|SER|1143|16041|16472|-O--|428|8|2|0011|3.477725|-0.904040|-0.366331|0.220259|6.148693|0.010733|0.016856
1878|447|-1|50720|2018|2327|SER|1143|16043|16472|-OG-|1728|8|3|0011|3.267858|-0.742383|0.424437|-0.518382|8.599854|0.018927|0.029723
1878|448|-1|50752|2020|2068|ILE|943|16054|16213|-O--|428|8|2|0011|3.003696|0.178779|0.635550|-0.751075|8.921781|0.038649|0.060696
1878|449|-1|50796|2022|2057|PRO|1943|16068|16202|-O--|428|8|2|0011|3.680484|-0.916999|-0.277953|-0.286104|29.882023|0.006205|0.009745
1878|450|-1|50837|2024|2057|LYS|2943|16080|16202|-O--|428|8|2|0011|3.478666|-0.236011|0.783633|-0.574646|20.971869|0.010706|0.016813
1878|451|-1|50859|2025|2324|LEU|743|16089|16469|-O--|428|8|2|0011|2.868615|-0.169070|-0.549046|0.818513|23.095266|0.055679|0.087440
1878|452|-1|50862|2027|2090|_MN|4643|16102|16235|MN--|4028|25|1|0011|2.614744|-0.274978|0.753037|-0.597764|28.671717|-0.001000|-0.001000
1878|453|-1|50891|2029|2154|_MN|4643|16111|16299|MN--|4028|25|1|0011|2.516866|0.339708|0.940455|0.011919|26.760475|-0.001000|-0.001000
1878|454|-1|50948|2033|2207|_MN|4643|16129|16352|MN--|4028|25|1|0011|3.797734|0.092687|-0.419724|0.902907|17.476847|-0.001000|-0.001000
1878|455|-1|50949|2033|2220|_MN|4643|16129|16365|MN--|4028|25|1|0011|2.295515|0.675666|0.084948|0.732297|11.571253|-0.001000|-0.001000
1878|456|-1|50978|2035|2247|_MN|4643|16138|16392|MN--|4028|25|1|0011|2.341822|-0.348447|0.366807|-0.862576|12.068185|-0.001000|-0.001000
1878|457|-1|51007|2037|2267|_MN|4643|16147|16412|MN--|4028|25|1|0011|3.924424|0.230862|-0.886245|-0.401588|0.708678|-0.001000|-0.001000
1878|458|-1|51008|2037|2268|_MN|4643|16147|16413|MN--|4028|25|1|0011|2.443567|0.469396|0.115813|0.875360|1.344277|-0.001000|-0.001000
1878|459|-1|51037|2039|2294|_MN|4643|16156|16439|MN--|4028|25|1|0011|2.271196|0.767437|-0.145739|0.624340|0.373988|-0.001000|-0.001000
1878|460|-1|51150|2071|2048|HOH|4343|16216|16193|-O--|2828|8|3|0001|2.699938|0.415194|-0.909651|0.012223|200.804199|0.087838|0.137943
1878|461|-1|51150|2048|2071|HOH|4343|16193|16216|-O--|2828|8|3|0001|2.699938|-0.415194|0.909651|-0.012223|200.804199|0.087838|0.137943
1878|462|-1|51151|2058|2050|HOH|4343|16203|16195|-O--|2828|8|3|0001|2.436260|0.871007|0.298818|-0.389942|13.772120|0.179134|0.281317
1878|463|-1|51151|2050|2058|HOH|4343|16195|16203|-O--|2828|8|3|0001|2.436260|-0.871007|-0.298818|0.389942|13.772120|0.179134|0.281317
1878|464|-1|51152|2090|2051|HOH|4343|16235|16196|-O--|2828|8|3|0001|3.495919|0.440800|0.893327|-0.087531|1.740334|0.010218|0.016047
1878|465|-1|51152|2051|2090|HOH|4343|16196|16235|-O--|2828|8|3|0001|3.495919|-0.440800|-0.893327|0.087531|1.740334|0.010218|0.016047
1878|466|-1|51153|2092|2051|HOH|4343|16237|16196|-O--|2828|8|3|0001|3.384399|-0.148918|0.895285|0.419868|10.703238|0.013813|0.021692
1878|467|-1|51153|2051|2092|HOH|4343|16196|16237|-O--|2828|8|3|0001|3.384399|0.148918|-0.895285|-0.419868|10.703238|0.013813|0.021692
1878|468|-1|51154|2082|2053|HOH|4343|16227|16198|-O--|2828|8|3|0001|2.621934|0.527092|-0.616339|0.585064|8.418050|0.108452|0.170317
1878|469|-1|51154|2053|2082|HOH|4343|16198|16227|-O--|2828|8|3|0001|2.621934|-0.527092|0.616339|-0.585064|8.418050|0.108452|0.170317
1878|470|-1|51155|2095|2053|HOH|4343|16240|16198|-O--|2828|8|3|0001|3.915206|0.258990|0.107785|-0.959847|19.293856|0.003290|0.005167
1878|471|-1|51155|2053|2095|HOH|4343|16198|16240|-O--|2828|8|3|0001|3.915206|-0.258990|-0.107785|0.959847|19.293856|0.003290|0.005167
1878|472|-1|51156|2056|2054|HOH|4343|16201|16199|-O--|2828|8|3|0001|3.277035|0.301187|0.681103|0.667371|24.531008|0.018463|0.028995
1878|473|-1|51156|2054|2056|HOH|4343|16199|16201|-O--|2828|8|3|0001|3.277035|-0.301187|-0.681103|-0.667371|24.531008|0.018463|0.028995
1878|474|-1|51157|2144|2054|HOH|4343|16289|16199|-O--|2828|8|3|0011|3.286937|0.654713|-0.140861|-0.742637|4.275382|0.017975|0.028229
1878|475|-1|51157|2054|2144|HOH|4343|16199|16289|-O--|2828|8|3|0011|3.286937|-0.654713|0.140861|0.742637|4.275382|0.017975|0.028229
1878|476|-1|51158|2092|2055|HOH|4343|16237|16200|-O--|2828|8|3|0001|3.526585|0.932347|-0.028923|0.360405|4.146698|0.009406|0.014771
1878|477|-1|51158|2055|2092|HOH|4343|16200|16237|-O--|2828|8|3|0001|3.526585|-0.932347|0.028923|-0.360405|4.146698|0.009406|0.014771
1878|478|-1|51159|2153|2056|HOH|4343|16298|16201|-O--|2828|8|3|0011|2.891462|0.984623|-0.134880|-0.111016|10.009361|0.052345|0.082205
1878|479|-1|51159|2056|2153|HOH|4343|16201|16298|-O--|2828|8|3|0011|2.891462|-0.984623|0.134880|0.111016|10.009361|0.052345|0.082205
1878|480|-1|51160|2077|2060|HOH|4343|16222|16205|-O--|2828|8|3|0001|3.181760|0.377464|-0.263062|0.887873|11.257339|0.023885|0.037510
1878|481|-1|51160|2060|2077|HOH|4343|16205|16222|-O--|2828|8|3|0001|3.181760|-0.377464|0.263062|-0.887873|11.257339|0.023885|0.037510
1878|482|-1|51161|2087|2062|HOH|4343|16232|16207|-O--|2828|8|3|0001|2.846684|-0.016158|0.116276|-0.993086|33.090004|0.059079|0.092780
1878|483|-1|51161|2062|2087|HOH|4343|16207|16232|-O--|2828|8|3|0001|2.846684|0.016158|-0.116276|0.993086|33.090004|0.059079|0.092780
1878|484|-1|51162|2070|2064|HOH|4343|16215|16209|-O--|2828|8|3|0001|2.669098|-0.690496|-0.703234|-0.169346|8.686468|0.095473|0.149934
1878|485|-1|51162|2064|2070|HOH|4343|16209|16215|-O--|2828|8|3|0001|2.669098|0.690496|0.703234|0.169346|8.686468|0.095473|0.149934
1878|486|-1|51163|2072|2067|HOH|4343|16217|16212|-O--|2828|8|3|0001|3.091917|0.989678|-0.125489|-0.069213|11.894802|0.030450|0.047820
1878|487|-1|51163|2067|2072|HOH|4343|16212|16217|-O--|2828|8|3|0001|3.091917|-0.989678|0.125489|0.069213|11.894802|0.030450|0.047820
1878|488|-1|51164|2078|2067|HOH|4343|16223|16212|-O--|2828|8|3|0001|2.774146|-0.141304|0.481229|-0.865131|8.990771|0.071875|0.112875
1878|489|-1|51164|2067|2078|HOH|4343|16212|16223|-O--|2828|8|3|0001|2.774146|0.141304|-0.481229|0.865131|8.990771|0.071875|0.112875
1878|490|-1|51165|2069|2068|HOH|4343|16214|16213|-O--|2828|8|3|0001|3.742653|-0.775653|0.037674|0.630034|3.222761|0.005245|0.008237
1878|491|-1|51165|2068|2069|HOH|4343|16213|16214|-O--|2828|8|3|0001|3.742653|0.775653|-0.037674|-0.630034|3.222761|0.005245|0.008237
1878|492|-1|51166|2080|2070|HOH|4343|16225|16215|-O--|2828|8|3|0001|2.729920|-0.624560|-0.780975|-0.001465|0.010004|0.081001|0.127206
1878|493|-1|51166|2070|2080|HOH|4343|16215|16225|-O--|2828|8|3|0001|2.729920|0.624560|0.780975|0.001465|0.010004|0.081001|0.127206
1878|494|-1|51167|2095|2074|HOH|4343|16240|16219|-O--|2828|8|3|0001|3.206778|0.139704|-0.245730|0.959218|58.581944|0.022324|0.035058
1878|495|-1|51167|2074|2095|HOH|4343|16219|16240|-O--|2828|8|3|0001|3.206778|-0.139704|0.245730|-0.959218|58.581944|0.022324|0.035058
1878|496|-1|51168|2193|2074|HOH|4343|16338|16219|-O--|2828|8|3|0011|2.683285|0.184475|-0.112176|-0.976415|2.510570|0.091881|0.144293
1878|497|-1|51168|2074|2193|HOH|4343|16219|16338|-O--|2828|8|3|0011|2.683285|-0.184475|0.112176|0.976415|2.510570|0.091881|0.144293
1878|498|-1|51169|2079|2075|HOH|4343|16224|16220|-O--|2828|8|3|0001|2.590845|-0.032807|-0.990025|0.137021|2.729320|0.117959|0.185247
1878|499|-1|51169|2075|2079|HOH|4343|16220|16224|-O--|2828|8|3|0001|2.590845|0.032807|0.990025|-0.137021|2.729320|0.117959|0.185247
1878|500|-1|51170|2083|2081|HOH|4343|16228|16226|-O--|2828|8|3|0001|2.604152|0.412803|-0.579459|-0.702724|18.019930|0.113792|0.178702
1878|501|-1|51170|2081|2083|HOH|4343|16226|16228|-O--|2828|8|3|0001|2.604152|-0.412803|0.579459|0.702724|18.019930|0.113792|0.178702
1878|502|-1|51171|2090|2084|HOH|4343|16235|16229|-O--|2828|8|3|0001|3.477223|-0.163349|-0.680140|-0.714651|3.976583|0.010748|0.016879
1878|503|-1|51171|2084|2090|HOH|4343|16229|16235|-O--|2828|8|3|0001|3.477223|0.163349|0.680140|0.714651|3.976583|0.010748|0.016879
1878|504|-1|51172|2092|2084|HOH|4343|16237|16229|-O--|2828|8|3|0001|3.666619|-0.712645|-0.670372|-0.206730|2.656583|0.006442|0.010117
1878|505|-1|51172|2084|2092|HOH|4343|16229|16237|-O--|2828|8|3|0001|3.666619|0.712645|0.670372|0.206730|2.656583|0.006442|0.010117
1878|506|-1|51173|2092|2090|HOH|4343|16237|16235|-O--|2828|8|3|0001|2.678282|-0.763548|-0.034724|0.644816|7.611115|0.093132|0.146258
1878|507|-1|51173|2090|2092|HOH|4343|16235|16237|-O--|2828|8|3|0001|2.678282|0.763548|0.034724|-0.644816|7.611115|0.093132|0.146258
1878|508|-1|51174|2203|2094|HOH|4343|16348|16239|-O--|2828|8|3|0011|3.623751|0.317627|0.790065|-0.524319|70.659477|0.007233|0.011359
1878|509|-1|51174|2094|2203|HOH|4343|16239|16348|-O--|2828|8|3|0011|3.623751|-0.317627|-0.790065|0.524319|70.659477|0.007233|0.011359
1878|510|-1|51175|2103|2096|HOH|4343|16248|16241|-O--|2828|8|3|0001|3.710474|0.788309|-0.381892|0.482418|8.981478|0.005722|0.008986
1878|511|-1|51175|2096|2103|HOH|4343|16241|16248|-O--|2828|8|3|0001|3.710474|-0.788309|0.381892|-0.482418|8.981478|0.005722|0.008986
1878|512|-1|51176|2154|2096|HOH|4343|16299|16241|-O--|2828|8|3|0001|3.103962|0.213920|0.026418|0.976494|9.668920|0.029475|0.046288
1878|513|-1|51176|2096|2154|HOH|4343|16241|16299|-O--|2828|8|3|0001|3.103962|-0.213920|-0.026418|-0.976494|9.668920|0.029475|0.046288
1878|514|-1|51177|2137|2097|HOH|4343|16282|16242|-O--|2828|8|3|0001|2.843379|-0.571151|-0.552160|0.607376|108.735153|0.059609|0.093612
1878|515|-1|51177|2097|2137|HOH|4343|16242|16282|-O--|2828|8|3|0001|2.843379|0.571151|0.552160|-0.607376|108.735153|0.059609|0.093612
1878|516|-1|51178|2101|2099|HOH|4343|16246|16244|-O--|2828|8|3|0001|2.500968|0.660544|0.323875|-0.677338|11.388573|0.150392|0.236181
1878|517|-1|51178|2099|2101|HOH|4343|16244|16246|-O--|2828|8|3|0001|2.500968|-0.660544|-0.323875|0.677338|11.388573|0.150392|0.236181
1878|518|-1|51179|2117|2099|HOH|4343|16262|16244|-O--|2828|8|3|0001|3.788356|0.734091|-0.604484|0.309369|8.230443|0.004636|0.007280
1878|519|-1|51179|2099|2117|HOH|4343|16244|16262|-O--|2828|8|3|0001|3.788356|-0.734091|0.604484|-0.309369|8.230443|0.004636|0.007280
1878|520|-1|51180|2143|2103|HOH|4343|16288|16248|-O--|2828|8|3|0001|3.624916|0.937401|0.286627|0.197798|0.561100|0.007211|0.011324
1878|521|-1|51180|2103|2143|HOH|4343|16248|16288|-O--|2828|8|3|0001|3.624916|-0.937401|-0.286627|-0.197798|0.561100|0.007211|0.011324
1878|522|-1|51181|2154|2103|HOH|4343|16299|16248|-O--|2828|8|3|0001|2.983153|-0.757923|0.502488|0.416003|0.327585|0.040856|0.064161
1878|523|-1|51181|2103|2154|HOH|4343|16248|16299|-O--|2828|8|3|0001|2.983153|0.757923|-0.502488|-0.416003|0.327585|0.040856|0.064161
1878|524|-1|51182|2140|2106|HOH|4343|16285|16251|-O--|2828|8|3|0001|3.477478|-0.309995|-0.829912|-0.463842|39.482635|0.010741|0.016867
1878|525|-1|51182|2106|2140|HOH|4343|16251|16285|-O--|2828|8|3|0001|3.477478|0.309995|0.829912|0.463842|39.482635|0.010741|0.016867
1878|526|-1|51183|2123|2107|HOH|4343|16268|16252|-O--|2828|8|3|0001|3.775214|-0.502223|-0.622746|-0.599966|6.167239|0.004803|0.007544
1878|527|-1|51183|2107|2123|HOH|4343|16252|16268|-O--|2828|8|3|0001|3.775214|0.502223|0.622746|0.599966|6.167239|0.004803|0.007544
1878|528|-1|51184|2171|2108|HOH|4343|16316|16253|-O--|2828|8|3|0011|2.273403|-0.423154|0.657605|0.623295|4.067130|0.278186|0.436872
1878|529|-1|51184|2108|2171|HOH|4343|16253|16316|-O--|2828|8|3|0011|2.273403|0.423154|-0.657605|-0.623295|4.067130|0.278186|0.436872
1878|530|-1|51185|2111|2108|HOH|4343|16256|16253|-O--|2828|8|3|0001|2.304252|-0.338505|-0.730389|-0.593251|1.468796|0.255932|0.401924
1878|531|-1|51185|2108|2111|HOH|4343|16253|16256|-O--|2828|8|3|0001|2.304252|0.338505|0.730389|0.593251|1.468796|0.255932|0.401924
1878|532|-1|51186|2120|2109|HOH|4343|16265|16254|-O--|2828|8|3|0001|3.426867|0.876311|0.101259|0.470984|8.525858|0.012315|0.019340
1878|533|-1|51186|2109|2120|HOH|4343|16254|16265|-O--|2828|8|3|0001|3.426867|-0.876311|-0.101259|-0.470984|8.525858|0.012315|0.019340
1878|534|-1|51187|2122|2109|HOH|4343|16267|16254|-O--|2828|8|3|0001|3.286657|-0.053246|-0.997062|-0.055071|3.628342|0.017989|0.028251
1878|535|-1|51187|2109|2122|HOH|4343|16254|16267|-O--|2828|8|3|0001|3.286657|0.053246|0.997062|0.055071|3.628342|0.017989|0.028251
1878|536|-1|51188|2141|2110|HOH|4343|16286|16255|-O--|2828|8|3|0001|2.944472|0.872483|0.488033|0.024453|11.573782|0.045358|0.071232
1878|537|-1|51188|2110|2141|HOH|4343|16255|16286|-O--|2828|8|3|0001|2.944472|-0.872483|-0.488033|-0.024453|11.573782|0.045358|0.071232
1878|538|-1|51189|2133|2112|HOH|4343|16278|16257|-O--|2828|8|3|0001|2.982486|-0.955243|-0.092540|0.280974|16.568907|0.040929|0.064277
1878|539|-1|51189|2112|2133|HOH|4343|16257|16278|-O--|2828|8|3|0001|2.982486|0.955243|0.092540|-0.280974|16.568907|0.040929|0.064277
1878|540|-1|51190|2144|2113|HOH|4343|16289|16258|-O--|2828|8|3|0001|2.828141|0.182452|0.021569|0.982978|15.096434|0.062116|0.097548
1878|541|-1|51190|2113|2144|HOH|4343|16258|16289|-O--|2828|8|3|0001|2.828141|-0.182452|-0.021569|-0.982978|15.096434|0.062116|0.097548
1878|542|-1|51191|2135|2114|HOH|4343|16280|16259|-O--|2828|8|3|0001|2.774182|-0.388943|-0.614956|0.685968|27.574606|0.071868|0.112864
1878|543|-1|51191|2114|2135|HOH|4343|16259|16280|-O--|2828|8|3|0001|2.774182|0.388943|0.614956|-0.685968|27.574606|0.071868|0.112864
1878|544|-1|51192|2129|2115|HOH|4343|16274|16260|-O--|2828|8|3|0001|2.699900|0.731508|0.058891|-0.679285|6.472083|0.087847|0.137957
1878|545|-1|51192|2115|2129|HOH|4343|16260|16274|-O--|2828|8|3|0001|2.699900|-0.731508|-0.058891|0.679285|6.472083|0.087847|0.137957
1878|546|-1|51193|2150|2115|HOH|4343|16295|16260|-O--|2828|8|3|0001|2.683919|0.055516|-0.761573|0.645697|21.666422|0.091724|0.144046
1878|547|-1|51193|2115|2150|HOH|4343|16260|16295|-O--|2828|8|3|0001|2.683919|-0.055516|0.761573|-0.645697|21.666422|0.091724|0.144046
1878|548|-1|51194|2129|2121|HOH|4343|16274|16266|-O--|2828|8|3|0001|2.773219|-0.416844|-0.902561|-0.107817|30.439846|0.072055|0.113158
1878|549|-1|51194|2121|2129|HOH|4343|16266|16274|-O--|2828|8|3|0001|2.773219|0.416844|0.902561|0.107817|30.439846|0.072055|0.113158
1878|550|-1|51195|2125|2124|HOH|4343|16270|16269|-O--|2828|8|3|0001|3.586006|-0.010597|-0.914666|0.404070|11.850449|0.008010|0.012579
1878|551|-1|51195|2124|2125|HOH|4343|16269|16270|-O--|2828|8|3|0001|3.586006|0.010597|0.914666|-0.404070|11.850449|0.008010|0.012579
1878|552|-1|51196|2133|2132|HOH|4343|16278|16277|-O--|2828|8|3|0001|3.333418|0.673483|0.700182|0.236994|6.331679|0.015853|0.024897
1878|553|-1|51196|2132|2133|HOH|4343|16277|16278|-O--|2828|8|3|0001|3.333418|-0.673483|-0.700182|-0.236994|6.331679|0.015853|0.024897
1878|554|-1|51197|2137|2136|HOH|4343|16282|16281|-O--|2828|8|3|0001|2.407018|0.439133|0.381385|-0.813455|21.834772|0.193866|0.304453
1878|555|-1|51197|2136|2137|HOH|4343|16281|16282|-O--|2828|8|3|0001|2.407018|-0.439133|-0.381385|0.813455|21.834772|0.193866|0.304453
1878|556|-1|51198|2148|2139|HOH|4343|16293|16284|-O--|2828|8|3|0001|2.448542|0.802519|0.203795|0.560742|2.370806|0.173285|0.272133
1878|557|-1|51198|2139|2148|HOH|4343|16284|16293|-O--|2828|8|3|0001|2.448542|-0.802519|-0.203795|-0.560742|2.370806|0.173285|0.272133
1878|558|-1|51199|2146|2145|HOH|4343|16291|16290|-O--|2828|8|3|0001|2.505502|-0.587108|0.704051|0.399521|0.100436|0.148561|0.233305
1878|559|-1|51199|2145|2146|HOH|4343|16290|16291|-O--|2828|8|3|0001|2.505502|0.587108|-0.704051|-0.399521|0.100436|0.148561|0.233305
1878|560|-1|51200|2155|2146|HOH|4343|16300|16291|-O--|2828|8|3|0001|3.453946|-0.310659|0.640427|-0.702385|4.753667|0.011446|0.017975
1878|561|-1|51200|2146|2155|HOH|4343|16291|16300|-O--|2828|8|3|0001|3.453946|0.310659|-0.640427|0.702385|4.753667|0.011446|0.017975
1878|562|-1|51201|2162|2160|HOH|4343|16307|16305|-O--|2828|8|3|0001|3.466709|-0.696626|0.057980|-0.715088|18.369820|0.011058|0.017366
1878|563|-1|51201|2160|2162|HOH|4343|16305|16307|-O--|2828|8|3|0001|3.466709|0.696626|-0.057980|0.715088|18.369820|0.011058|0.017366
1878|564|-1|51202|2164|2161|HOH|4343|16309|16306|-O--|2828|8|3|0001|2.333402|0.525413|-0.298706|-0.796691|18.216703|0.236542|0.371474
1878|565|-1|51202|2161|2164|HOH|4343|16306|16309|-O--|2828|8|3|0001|2.333402|-0.525413|0.298706|0.796691|18.216703|0.236542|0.371474
1878|566|-1|51203|2216|2180|HOH|4343|16361|16325|-O--|2828|8|3|0001|2.795557|-0.987997|-0.129133|-0.084777|73.596382|0.067834|0.106528
1878|567|-1|51203|2180|2216|HOH|4343|16325|16361|-O--|2828|8|3|0001|2.795557|0.987997|0.129133|0.084777|73.596382|0.067834|0.106528
1878|568|-1|51204|2210|2181|HOH|4343|16355|16326|-O--|2828|8|3|0001|3.059014|0.703822|0.107551|0.702188|1.928931|0.033282|0.052267
1878|569|-1|51204|2181|2210|HOH|4343|16326|16355|-O--|2828|8|3|0001|3.059014|-0.703822|-0.107551|-0.702188|1.928931|0.033282|0.052267
1878|570|-1|51205|2214|2181|HOH|4343|16359|16326|-O--|2828|8|3|0001|2.438903|-0.992250|-0.045512|0.115626|3.695504|0.177859|0.279316
1878|571|-1|51205|2181|2214|HOH|4343|16326|16359|-O--|2828|8|3|0001|2.438903|0.992250|0.045512|-0.115626|3.695504|0.177859|0.279316
1878|572|-1|51206|2209|2183|HOH|4343|16354|16328|-O--|2828|8|3|0001|2.426410|0.785112|-0.145070|-0.602125|7.295746|0.183967|0.288907
1878|573|-1|51206|2183|2209|HOH|4343|16328|16354|-O--|2828|8|3|0001|2.426410|-0.785112|0.145070|0.602125|7.295746|0.183967|0.288907
1878|574|-1|51207|2201|2184|HOH|4343|16346|16329|-O--|2828|8|3|0001|3.101614|0.832792|-0.531981|0.153146|6.251660|0.029662|0.046583
1878|575|-1|51207|2184|2201|HOH|4343|16329|16346|-O--|2828|8|3|0001|3.101614|-0.832792|0.531981|-0.153146|6.251660|0.029662|0.046583
1878|576|-1|51208|2193|2186|HOH|4343|16338|16331|-O--|2828|8|3|0001|2.471375|0.158616|-0.154570|0.975166|17.014191|0.162915|0.255847
1878|577|-1|51208|2186|2193|HOH|4343|16331|16338|-O--|2828|8|3|0001|2.471375|-0.158616|0.154570|-0.975166|17.014191|0.162915|0.255847
1878|578|-1|51209|2321|2190|HOH|4343|16466|16335|-O--|2828|8|3|0011|2.717544|-0.824641|0.560800|0.073964|13.814100|0.083756|0.131533
1878|579|-1|51209|2190|2321|HOH|4343|16335|16466|-O--|2828|8|3|0011|2.717544|0.824641|-0.560800|-0.073964|13.814100|0.083756|0.131533
1878|580|-1|51210|2220|2194|HOH|4343|16365|16339|-O--|2828|8|3|0001|3.469665|0.513306|0.610722|0.602940|40.269218|0.010970|0.017227
1878|581|-1|51210|2194|2220|HOH|4343|16339|16365|-O--|2828|8|3|0001|3.469665|-0.513306|-0.610722|-0.602940|40.269218|0.010970|0.017227
1878|582|-1|51211|2221|2194|HOH|4343|16366|16339|-O--|2828|8|3|0001|2.992451|0.968770|0.246621|0.025731|13.968373|0.039842|0.062569
1878|583|-1|51211|2194|2221|HOH|4343|16339|16366|-O--|2828|8|3|0001|2.992451|-0.968770|-0.246621|-0.025731|13.968373|0.039842|0.062569
1878|584|-1|51212|2198|2195|HOH|4343|16343|16340|-O--|2828|8|3|0001|2.919765|-0.629845|0.751430|0.196590|58.054016|0.048490|0.076151
1878|585|-1|51212|2195|2198|HOH|4343|16340|16343|-O--|2828|8|3|0001|2.919765|0.629845|-0.751430|-0.196590|58.054016|0.048490|0.076151
1878|586|-1|51213|2214|2205|HOH|4343|16359|16350|-O--|2828|8|3|0001|3.395508|0.184950|0.925635|0.330142|11.588100|0.013404|0.021050
1878|587|-1|51213|2205|2214|HOH|4343|16350|16359|-O--|2828|8|3|0001|3.395508|-0.184950|-0.925635|-0.330142|11.588100|0.013404|0.021050
1878|588|-1|51214|2226|2206|HOH|4343|16371|16351|-O--|2828|8|3|0001|3.327546|0.376554|-0.877524|0.296916|10.252451|0.016107|0.025295
1878|589|-1|51214|2206|2226|HOH|4343|16351|16371|-O--|2828|8|3|0001|3.327546|-0.376554|0.877524|-0.296916|10.252451|0.016107|0.025295
1878|590|-1|51215|2220|2207|HOH|4343|16365|16352|-O--|2828|8|3|0001|2.773740|-0.432269|-0.644978|0.630197|45.753170|0.071954|0.112999
1878|591|-1|51215|2207|2220|HOH|4343|16352|16365|-O--|2828|8|3|0001|2.773740|0.432269|0.644978|-0.630197|45.753170|0.071954|0.112999
1878|592|-1|51216|2221|2207|HOH|4343|16366|16352|-O--|2828|8|3|0001|3.182255|-0.025454|-0.996149|-0.083902|16.849707|0.023853|0.037460
1878|593|-1|51216|2207|2221|HOH|4343|16352|16366|-O--|2828|8|3|0001|3.182255|0.025454|0.996149|0.083902|16.849707|0.023853|0.037460
1878|594|-1|51217|2221|2220|HOH|4343|16366|16365|-O--|2828|8|3|0001|2.686505|0.416154|-0.514051|-0.750045|12.139771|0.091085|0.143043
1878|595|-1|51217|2220|2221|HOH|4343|16365|16366|-O--|2828|8|3|0001|2.686505|-0.416154|0.514051|0.750045|12.139771|0.091085|0.143043
1878|596|-1|51218|2228|2227|HOH|4343|16373|16372|-O--|2828|8|3|0001|2.560763|0.810696|-0.210484|-0.546322|6.084804|0.127950|0.200937
1878|597|-1|51218|2227|2228|HOH|4343|16372|16373|-O--|2828|8|3|0001|2.560763|-0.810696|0.210484|0.546322|6.084804|0.127950|0.200937
1878|598|-1|51219|2247|2231|HOH|4343|16392|16376|-O--|2828|8|3|0001|3.364216|-0.868256|0.206884|0.450922|3.725003|0.014587|0.022908
1878|599|-1|51219|2231|2247|HOH|4343|16376|16392|-O--|2828|8|3|0001|3.364216|0.868256|-0.206884|-0.450922|3.725003|0.014587|0.022908
1878|600|-1|51220|2235|2232|HOH|4343|16380|16377|-O--|2828|8|3|0001|2.427664|0.385968|0.287518|-0.876563|2.112016|0.183344|0.287930
1878|601|-1|51220|2232|2235|HOH|4343|16377|16380|-O--|2828|8|3|0001|2.427664|-0.385968|-0.287518|0.876563|2.112016|0.183344|0.287930
1878|602|-1|51221|2241|2232|HOH|4343|16386|16377|-O--|2828|8|3|0001|2.249533|0.105355|0.111134|0.988205|26.553986|0.296723|0.465984
1878|603|-1|51221|2232|2241|HOH|4343|16377|16386|-O--|2828|8|3|0001|2.249533|-0.105355|-0.111134|-0.988205|26.553986|0.296723|0.465984
1878|604|-1|51222|2268|2249|HOH|4343|16413|16394|-O--|2828|8|3|0001|2.928905|-0.083649|0.861074|0.501553|28.999098|0.047307|0.074293
1878|605|-1|51222|2249|2268|HOH|4343|16394|16413|-O--|2828|8|3|0001|2.928905|0.083649|-0.861074|-0.501553|28.999098|0.047307|0.074293
1878|606|-1|51223|2263|2254|HOH|4343|16408|16399|-O--|2828|8|3|0001|3.480230|0.958270|-0.102292|0.266936|14.097568|0.010661|0.016742
1878|607|-1|51223|2254|2263|HOH|4343|16399|16408|-O--|2828|8|3|0001|3.480230|-0.958270|0.102292|-0.266936|14.097568|0.010661|0.016742
1878|608|-1|51224|2264|2254|HOH|4343|16409|16399|-O--|2828|8|3|0001|2.759674|-0.869668|-0.463460|-0.169948|12.639770|0.074742|0.117377
1878|609|-1|51224|2254|2264|HOH|4343|16399|16409|-O--|2828|8|3|0001|2.759674|0.869668|0.463460|0.169948|12.639770|0.074742|0.117377
1878|610|-1|51225|2277|2270|HOH|4343|16422|16415|-O--|2828|8|3|0001|3.150253|0.965319|0.148241|0.214903|5.239013|0.026008|0.040845
1878|611|-1|51225|2270|2277|HOH|4343|16415|16422|-O--|2828|8|3|0001|3.150253|-0.965319|-0.148241|-0.214903|5.239013|0.026008|0.040845
1878|612|-1|51226|2279|2274|HOH|4343|16424|16419|-O--|2828|8|3|0001|2.896956|-0.099070|0.496039|-0.862630|12.363114|0.051574|0.080993
1878|613|-1|51226|2274|2279|HOH|4343|16419|16424|-O--|2828|8|3|0001|2.896956|0.099070|-0.496039|0.862630|12.363114|0.051574|0.080993
1878|614|-1|51227|2282|2280|HOH|4343|16427|16425|-O--|2828|8|3|0001|2.656948|-0.712848|0.701180|0.013927|3.616569|0.098660|0.154939
1878|615|-1|51227|2280|2282|HOH|4343|16425|16427|-O--|2828|8|3|0001|2.656948|0.712848|-0.701180|-0.013927|3.616569|0.098660|0.154939
1878|616|-1|51228|2299|2297|HOH|4343|16444|16442|-O--|2828|8|3|0001|2.413317|-0.036879|0.231631|0.972105|11.674855|0.190593|0.299314
1878|617|-1|51228|2297|2299|HOH|4343|16442|16444|-O--|2828|8|3|0001|2.413317|0.036879|-0.231631|-0.972105|11.674855|0.190593|0.299314
1878|618|-1|51229|2319|2317|HOH|4343|16464|16462|-O--|2828|8|3|0001|2.530305|-0.439078|0.430778|0.788442|58.009888|0.138928|0.218178
1878|619|-1|51229|2317|2319|HOH|4343|16462|16464|-O--|2828|8|3|0001|2.530305|0.439078|-0.430778|-0.788442|58.009888|0.138928|0.218178
1878|620|-1|51230|2328|2323|HOH|4343|16473|16468|-O--|2828|8|3|0001|2.879745|-0.120497|0.775417|-0.619847|32.183624|0.054029|0.084849
1878|621|-1|51230|2323|2328|HOH|4343|16468|16473|-O--|2828|8|3|0001|2.879745|0.120497|-0.775417|0.619847|32.183624|0.054029|0.084849
1878|622|-1|51231|2338|2326|HOH|4343|16483|16471|-O--|2828|8|3|0001|3.290938|0.668199|0.098148|0.737480|11.679117|0.017782|0.027926
1878|623|-1|51231|2326|2338|HOH|4343|16471|16483|-O--|2828|8|3|0001|3.290938|-0.668199|-0.098148|-0.737480|11.679117|0.017782|0.027926
1878|624|-1|51232|2336|2326|HOH|4343|16481|16471|-O--|2828|8|3|0001|3.946741|0.748720|-0.506241|-0.427948|3.896717|0.003022|0.004745
1878|625|-1|51232|2326|2336|HOH|4343|16471|16481|-O--|2828|8|3|0001|3.946741|-0.748720|0.506241|0.427948|3.896717|0.003022|0.004745
1878|626|-1|51233|2329|2326|HOH|4343|16474|16471|-O--|2828|8|3|0001|3.293727|-0.330325|-0.032487|-0.943308|19.697243|0.017649|0.027716
1878|627|-1|51233|2326|2329|HOH|4343|16471|16474|-O--|2828|8|3|0001|3.293727|0.330325|0.032487|0.943308|19.697243|0.017649|0.027716
1878|628|-1|51234|2333|2332|HOH|4343|16478|16477|-O--|2828|8|3|0001|2.298256|0.942889|-0.251495|0.218426|16.577562|0.260113|0.408490
1878|629|-1|51234|2332|2333|HOH|4343|16477|16478|-O--|2828|8|3|0001|2.298256|-0.942889|0.251495|-0.218426|16.577562|0.260113|0.408490
1878|630|-1|51437|680|2282|LYS|2943|5453|16427|-O--|428|8|2|1011|4.645588|0.281763|0.183582|0.941758|3.760595|0.000457|0.000718
1878|631|-1|51444|684|2275|ASN|2343|5485|16420|-O--|428|8|2|1011|4.642163|0.349397|0.325894|0.878473|4.095375|0.000461|0.000724
1878|632|-1|51445|684|2282|ASN|2343|5485|16427|-O--|428|8|2|1011|4.396081|0.999971|-0.005722|-0.005001|11.879236|0.000897|0.001409
1878|633|-1|51449|684|2280|ASN|2343|5488|16425|-OD1|828|8|2|1011|4.879146|0.863462|-0.216872|0.455412|2.939138|0.000243|0.000382
1878|634|-1|51450|684|2282|ASN|2343|5488|16427|-OD1|828|8|2|1011|4.360486|0.531811|-0.669914|0.518066|7.100508|0.000988|0.001551
1878|635|-1|51459|685|2282|ALA|343|5493|16427|-O--|428|8|2|1011|2.899252|0.529776|0.847408|0.035187|33.844524|0.051254|0.080492
1878|636|-1|51470|686|2275|GLU|2543|5502|16420|-OE1|1028|8|2|1011|4.631603|-0.438086|0.724771|-0.531778|17.113811|0.000475|0.000745
1878|637|-1|51474|686|2275|GLU|2543|5503|16420|-OE2|1028|8|2|1011|2.710070|-0.207390|0.653435|-0.728020|20.559008|0.085465|0.134217
1878|638|-1|51729|746|2281|LEU|743|5970|16426|-O--|428|8|2|1011|4.368789|-0.718516|0.028347|0.694933|19.319193|0.000966|0.001517
1878|639|-1|51733|747|2281|TRP|3943|5978|16426|-O--|428|8|2|1011|4.576182|-0.999533|0.029467|0.008088|21.674316|0.000551|0.000866
1878|640|-1|51757|750|2281|SER|1143|6013|16426|-OG-|1728|8|3|1011|4.794152|-0.450975|-0.887364|0.095953|8.671530|0.000306|0.000480
1878|641|-1|51848|986|2330|GLU|2543|7877|16475|-OE1|1028|8|2|1011|4.851013|-0.801257|-0.018965|0.598019|17.557327|0.000262|0.000412
1878|642|-1|51856|986|2330|GLU|2543|7878|16475|-OE2|1028|8|2|1011|3.414426|-0.606224|0.337392|0.720180|21.362411|0.012736|0.020001
1878|643|-1|51947|1107|2123|GLY|143|8828|16268|-O--|428|8|2|1011|3.354451|-0.238191|-0.876403|-0.418548|0.722526|0.014977|0.023521
1878|644|-1|51948|1108|2123|LYS|2943|8829|16268|-N--|128|7|4|1011|4.257016|-0.041344|-0.995966|0.079633|2.856233|0.001856|0.003274
1878|645|-1|51952|2275|2184|HOH|4343|16420|16329|-O--|2828|8|3|1011|3.060982|-0.815411|-0.371075|-0.444307|10.068985|0.033105|0.051990
1878|646|-1|51952|2184|2275|HOH|4343|16329|16420|-O--|2828|8|3|1011|3.060982|0.815411|0.371075|0.444307|10.068985|0.033105|0.051990
1878|647|-1|51958|1327|2204|SER|1143|10560|16349|-OG-|1728|8|3|1011|3.451868|-0.686571|0.049004|-0.725409|9.577646|0.011510|0.018076
1878|648|-1|51962|1953|2242|LYS|2943|15507|16387|-NZ-|1428|7|5|1011|4.810759|0.158999|0.580158|-0.798834|2.520021|0.000416|0.000733
