357|0|3455|_MG|28559|MG--|12|65.279999|50.477196|1.000000|1.000000|4|4|3|0|0|0|2.447307|4|0|0|0|0|0|0|0|0|0|0|0|4|0|0|0|0|0|0|0|0|0|0|0|0|0|0|0|0|0|0|2.174497|2.165562|2.189267|1.012383|0.033309|2.123037|0.069852|5|0|1.016085|0.030989|2.130800|0.064985
357|1|3456|_CL|28560|CL--|17|52.599998|54.340000|1.000000|1.000000|0|0|0|-1|-1|1|-1.000000|0|0|0|0|0|0|0|0|0|0|0|0|0|0|0|0|0|0|0|0|0|0|0|0|0|0|0|0|0|0|0|-nan|-1.000000|-1.000000|0.000000|0.000000|0.000000|0.000000|1|0|0.018948|0.018948|0.043560|0.043560
357|2|3458|_MG|28596|MG--|12|45.080002|46.297798|1.000000|1.000000|4|4|3|0|0|0|1.660022|4|0|0|0|0|0|0|0|0|0|0|0|4|0|0|0|0|0|0|0|0|0|0|0|0|0|0|0|0|0|0|2.181091|2.178175|2.188407|0.994238|0.011921|2.084985|0.025000|5|0|0.997752|0.012448|2.092355|0.026105
357|3|3459|_MG|28597|MG--|12|39.770000|45.779381|1.000000|1.000000|4|4|3|0|0|0|3.287408|4|0|0|0|0|0|0|0|0|0|0|0|4|0|0|0|0|0|0|0|0|0|0|0|0|0|0|0|0|0|0|2.176691|2.164634|2.187552|1.006319|0.031465|2.110320|0.065983|8|0|1.204524|0.076710|2.525969|0.160865
357|4|3460|_MG|28598|MG--|12|45.029999|36.033207|1.000000|1.000000|5|5|6|0|1|0|6.081002|5|0|0|0|0|0|0|0|1|0|0|0|4|0|0|0|0|0|0|0|0|0|0|0|0|0|0|0|0|0|0|2.258080|2.164248|2.581083|1.089082|0.095796|2.283880|0.200891|10|0|1.218809|0.065547|2.555927|0.137457
357|5|3461|_CL|28599|CL--|17|57.369999|30.802483|1.000000|1.000000|0|0|0|-1|-1|1|-1.000000|0|0|0|0|0|0|0|0|0|0|0|0|0|0|0|0|0|0|0|0|0|0|0|0|0|0|0|0|0|0|0|-nan|-1.000000|-1.000000|0.000000|0.000000|0.000000|0.000000|2|0|0.031917|0.025297|0.073373|0.058156
357|6|3462|_CL|28600|CL--|17|50.709999|50.629147|1.000000|1.000000|0|0|0|-1|-1|1|-1.000000|0|0|0|0|0|0|0|0|0|0|0|0|0|0|0|0|0|0|0|0|0|0|0|0|0|0|0|0|0|0|0|-nan|-1.000000|-1.000000|0.000000|0.000000|0.000000|0.000000|5|0|0.067498|0.045502|0.155172|0.104606
357|7|3469|_MG|28696|MG--|12|53.720001|36.605938|1.000000|1.000000|4|4|3|0|0|0|3.193046|4|0|0|0|0|0|0|0|0|0|0|0|4|0|0|0|0|0|0|0|0|0|0|0|0|0|0|0|0|0|0|2.168525|2.164035|2.172957|1.028585|0.014171|2.157015|0.029718|7|0|1.049527|0.015924|2.200930|0.033393
357|8|3470|_MG|28697|MG--|12|45.360001|42.188625|1.000000|1.000000|5|5|6|0|1|0|2.324174|5|0|0|0|0|0|0|0|0|0|0|0|5|0|0|0|0|0|0|0|0|0|0|0|0|0|0|0|0|0|0|2.175098|2.168011|2.184012|1.263186|0.241644|2.648989|0.506744|7|0|1.271132|0.239739|2.665969|0.502597
357|9|3471|_CL|28698|CL--|17|41.119999|35.728096|1.000000|1.000000|1|1|15|0|1|1|180.000000|1|0|0|0|0|0|0|0|0|0|0|0|1|0|0|0|0|0|0|0|0|0|0|0|0|0|0|0|0|0|0|2.391894|2.391894|2.391894|0.128251|0.128251|0.294837|0.294837|4|0|0.145422|0.131562|0.334311|0.302447
357|10|3472|_CL|28699|CL--|17|44.650002|34.240002|1.000000|1.000000|0|0|0|-1|-1|1|-1.000000|0|0|0|0|0|0|0|0|0|0|0|0|0|0|0|0|0|0|0|0|0|0|0|0|0|0|0|0|0|0|0|-nan|-1.000000|-1.000000|0.000000|0.000000|0.000000|0.000000|1|0|0.024377|0.024377|0.056039|0.056039
357|11|3475|_MG|28714|MG--|12|86.400002|119.518196|1.000000|1.000000|0|0|0|-1|-1|1|-1.000000|0|0|0|0|0|0|0|0|0|0|0|0|0|0|0|0|0|0|0|0|0|0|0|0|0|0|0|0|0|0|0|-nan|-1.000000|-1.000000|0.000000|0.000000|0.000000|0.000000|5|0|0.012833|0.001969|0.026911|0.004129
357|12|3476|_MG|28715|MG--|12|35.060001|51.349751|1.000000|1.000000|4|4|3|0|0|0|2.017461|4|0|0|0|0|0|0|0|0|0|0|0|4|0|0|0|0|0|0|0|0|0|0|0|0|0|0|0|0|0|0|2.178177|2.169975|2.182979|1.002122|0.022488|2.101520|0.047158|8|0|1.156217|0.031919|2.424667|0.066936
357|13|3477|_MG|28716|MG--|12|57.040001|51.556324|1.000000|1.000000|3|3|3|0|1|0|3.622621|3|0|0|0|0|0|0|0|0|0|0|0|3|0|0|0|0|0|0|0|0|0|0|0|0|0|0|0|0|0|0|2.179100|2.177074|2.182693|0.749670|0.268774|1.572111|0.563637|8|0|0.950730|0.310453|1.993746|0.651042
357|14|3478|_CL|28717|CL--|17|66.550003|54.254463|1.000000|1.000000|0|0|0|-1|-1|1|-1.000000|0|0|0|0|0|0|0|0|0|0|0|0|0|0|0|0|0|0|0|0|0|0|0|0|0|0|0|0|0|0|0|-nan|-1.000000|-1.000000|0.000000|0.000000|0.000000|0.000000|3|0|0.015696|0.010957|0.036083|0.025189
357|15|3480|_MG|28725|MG--|12|34.040001|44.488613|1.000000|1.000000|5|5|6|0|1|0|11.551676|5|0|0|0|0|0|0|0|1|0|0|0|4|0|0|0|0|0|0|0|0|0|0|0|0|0|0|0|0|0|0|2.254937|2.164155|2.560173|1.090335|0.136648|2.286508|0.286560|7|0|1.167633|0.100088|2.448606|0.209892
357|16|3481|_MG|28726|MG--|12|56.009998|54.779312|1.000000|1.000000|3|3|6|0|3|0|1.151676|3|0|0|0|0|0|0|0|0|0|0|0|3|0|0|0|0|0|0|0|0|0|0|0|0|0|0|0|0|0|0|2.175195|2.166688|2.181130|0.757713|0.438092|1.588976|0.918709|7|0|0.770187|0.433348|1.615490|0.908511
357|17|3482|_CL|28727|CL--|17|62.310001|52.279999|1.000000|1.000000|0|0|0|-1|-1|1|-1.000000|0|0|0|0|0|0|0|0|0|0|0|0|0|0|0|0|0|0|0|0|0|0|0|0|0|0|0|0|0|0|0|-nan|-1.000000|-1.000000|0.000000|0.000000|0.000000|0.000000|1|0|0.019906|0.019906|0.045761|0.045761
357|18|3483|_CL|28728|CL--|17|52.430000|48.852890|1.000000|1.000000|1|1|15|0|1|1|180.000000|1|0|0|0|0|0|0|0|0|0|0|0|1|0|0|0|0|0|0|0|0|0|0|0|0|0|0|0|0|0|0|2.409067|2.409067|2.409067|0.122434|0.122434|0.281465|0.281465|5|0|0.170018|0.119087|0.390856|0.273769
357|19|3489|_MG|28765|MG--|12|42.180000|47.959175|1.000000|1.000000|4|4|6|0|2|0|3.140285|4|0|0|0|0|0|0|0|0|0|0|0|4|0|0|0|0|0|0|0|0|0|0|0|0|0|0|0|0|0|0|2.178046|2.170688|2.184869|1.002490|0.367265|2.102291|0.770180|7|0|1.013297|0.360839|2.124954|0.756704
357|20|3490|_MG|28766|MG--|12|57.810001|46.110783|1.000000|1.000000|3|3|3|0|1|0|1.741771|3|0|0|0|0|0|0|0|0|0|0|0|3|0|0|0|0|0|0|0|0|0|0|0|0|0|0|0|0|0|0|2.174738|2.172872|2.177567|0.758554|0.262811|1.590740|0.551133|9|0|0.892732|0.279527|1.872120|0.586187
357|21|3491|_CL|28767|CL--|17|60.660000|59.770000|1.000000|1.000000|0|0|0|-1|-1|1|-1.000000|0|0|0|0|0|0|0|0|0|0|0|0|0|0|0|0|0|0|0|0|0|0|0|0|0|0|0|0|0|0|0|-nan|-1.000000|-1.000000|0.000000|0.000000|0.000000|0.000000|1|0|0.016016|0.016016|0.036820|0.036820
357|22|3493|_MG|28775|MG--|12|61.959999|62.900021|1.000000|1.000000|0|0|0|-1|-1|1|-1.000000|0|0|0|0|0|0|0|0|0|0|0|0|0|0|0|0|0|0|0|0|0|0|0|0|0|0|0|0|0|0|0|-nan|-1.000000|-1.000000|0.000000|0.000000|0.000000|0.000000|4|0|0.058111|0.040523|0.121862|0.084979
357|23|3494|_MG|28776|MG--|12|69.839996|94.015678|1.000000|1.000000|0|0|0|-1|-1|1|-1.000000|0|0|0|0|0|0|0|0|0|0|0|0|0|0|0|0|0|0|0|0|0|0|0|0|0|0|0|0|0|0|0|-nan|-1.000000|-1.000000|0.000000|0.000000|0.000000|0.000000|2|0|0.006644|0.005127|0.013933|0.010751
357|24|3495|_MG|28777|MG--|12|54.080002|47.200745|1.000000|1.000000|3|3|3|0|1|0|1.253472|3|0|0|0|0|0|0|0|0|0|0|0|3|0|0|0|0|0|0|0|0|0|0|0|0|0|0|0|0|0|0|2.183017|2.177911|2.185911|0.741796|0.243955|1.555597|0.511591|7|0|0.912641|0.268567|1.913870|0.563204
357|25|3496|_MG|28778|MG--|12|45.910000|41.271889|1.000000|1.000000|5|5|6|0|1|0|3.846673|5|0|0|0|0|0|0|0|0|0|0|0|5|0|0|0|0|0|0|0|0|0|0|0|0|0|0|0|0|0|0|2.172373|2.163127|2.182331|1.272531|0.293383|2.668586|0.615245|6|0|1.276044|0.296424|2.675953|0.621622
357|26|3497|_MG|28779|MG--|12|39.490002|43.151482|1.000000|1.000000|4|4|6|0|2|0|9.503985|4|0|0|0|0|0|0|0|1|0|0|0|3|0|0|0|0|0|0|0|0|0|0|0|0|0|0|0|0|0|0|2.279580|2.181459|2.543556|0.818230|0.316892|1.715885|0.664544|8|0|0.899470|0.339915|1.886252|0.712825
357|27|3498|_CL|28780|CL--|17|46.209999|31.467955|1.000000|1.000000|2|2|3|0|2|0|2.584801|2|0|0|0|0|0|0|0|0|0|1|0|1|0|0|0|0|0|0|0|0|0|0|0|0|0|0|0|0|0|0|2.468705|2.393481|2.543930|0.212738|0.150198|0.489065|0.345291|2|0|0.212738|0.150198|0.489065|0.345291
357|28|3499|_CL|28781|CL--|17|65.290001|47.674957|1.000000|1.000000|0|0|0|-1|-1|1|-1.000000|0|0|0|0|0|0|0|0|0|0|0|0|0|0|0|0|0|0|0|0|0|0|0|0|0|0|0|0|0|0|0|-nan|-1.000000|-1.000000|0.000000|0.000000|0.000000|0.000000|2|0|0.019992|0.019400|0.045960|0.044600
357|29|3505|_CL|28817|CL--|17|52.160000|39.990002|1.000000|1.000000|0|0|0|-1|-1|1|-1.000000|0|0|0|0|0|0|0|0|0|0|0|0|0|0|0|0|0|0|0|0|0|0|0|0|0|0|0|0|0|0|0|-nan|-1.000000|-1.000000|0.000000|0.000000|0.000000|0.000000|1|0|0.029098|0.029098|0.066893|0.066893
357|30|3507|_MG|28825|MG--|12|56.250000|56.821831|1.000000|1.000000|5|5|6|0|1|0|2.425206|5|0|0|0|0|0|0|0|0|0|0|0|5|0|0|0|0|0|0|0|0|0|0|0|0|0|0|0|0|0|0|2.179815|2.170984|2.188933|1.247217|0.248314|2.615500|0.520731|8|0|1.258933|0.241875|2.640070|0.507229
357|31|3508|_MG|28826|MG--|12|58.250000|49.948616|1.000000|1.000000|6|6|6|0|0|0|2.768851|6|0|0|0|0|0|0|0|0|0|0|0|6|0|0|0|0|0|0|0|0|0|0|0|0|0|0|0|0|0|0|2.179572|2.163924|2.186149|1.497693|0.023417|3.140766|0.049108|8|0|1.503845|0.023026|3.153667|0.048288
357|32|3509|_MG|28827|MG--|12|45.330002|50.833584|1.000000|1.000000|5|5|6|0|1|1|17.613205|5|0|0|0|0|0|0|0|1|0|0|0|4|0|0|0|0|0|0|0|0|0|0|0|0|0|0|0|0|0|0|2.255578|2.164946|2.559453|1.087930|0.105956|2.281465|0.222197|8|0|1.199812|0.058897|2.516089|0.123512
357|33|3511|_MG|28835|MG--|12|107.529999|140.785904|1.000000|1.000000|2|2|3|0|2|1|35.721004|1|1|0|0|0|0|0|1|0|0|0|0|0|0|0|0|1|0|0|0|0|0|0|0|0|0|0|1|0|1|0|2.431683|2.304440|2.558925|0.345320|0.316523|0.747866|0.686864|5|0|0.367464|0.316061|0.794757|0.686029
357|34|3512|_MG|28836|MG--|12|43.099998|46.251705|1.000000|1.000000|5|5|6|0|1|0|4.243315|5|0|0|0|0|0|0|0|0|0|0|0|5|0|0|0|0|0|0|0|0|0|0|0|0|0|0|0|0|0|0|2.177516|2.169508|2.182936|1.254882|0.252757|2.631575|0.530049|6|0|1.256959|0.252378|2.635930|0.529253
357|35|3513|_MG|28837|MG--|12|50.660000|44.935390|1.000000|1.000000|4|4|3|0|0|0|2.666588|4|0|0|0|0|0|0|0|0|0|0|0|4|0|0|0|0|0|0|0|0|0|0|0|0|0|0|0|0|0|0|2.176209|2.169086|2.182917|1.007465|0.021390|2.112723|0.044856|9|0|1.182274|0.064268|2.479309|0.134775
357|36|3514|_CL|28838|CL--|17|46.730000|63.040001|1.000000|1.000000|0|0|0|-1|-1|1|-1.000000|0|0|0|0|0|0|0|0|0|0|0|0|0|0|0|0|0|0|0|0|0|0|0|0|0|0|0|0|0|0|0|-nan|-1.000000|-1.000000|0.000000|0.000000|0.000000|0.000000|1|0|0.012545|0.012545|0.028840|0.028840
