357|0|-1|2306|86|3476|ASP|_MG|2145|710|28715|-OD1|MG--|1037|8|12|2|0011|2.792639|-0.129268|-0.125329|-0.983658|51.117260|0.047598|0.099816
357|1|-1|2316|86|3476|ASP|_MG|2145|711|28715|-OD2|MG--|1037|8|12|2|0011|3.332203|0.550387|-0.063622|-0.832482|17.093870|0.011073|0.023221
357|2|-1|4339|165|3456|TYR|_CL|3747|1390|28560|-OH-|CL--|1838|8|17|3|0011|3.099435|0.575911|-0.462665|0.673993|1.797561|0.018948|0.043560
357|3|-1|6652|250|3459|ASP|_MG|2145|2112|28597|-OD1|MG--|1037|8|12|2|0011|2.601451|-0.443598|0.708451|0.548924|19.064819|0.079799|0.167344
357|4|-1|6660|250|3459|ASP|_MG|2145|2113|28597|-OD2|MG--|1037|8|12|2|0011|3.614965|-0.205811|0.977603|0.043983|6.790284|0.005157|0.010814
357|5|-1|11531|433|3458|GLU|_MG|2545|3597|28596|-OE1|MG--|1037|8|12|2|0011|3.756816|0.514265|-0.521452|-0.680896|5.598468|0.003515|0.007370
357|6|-1|11533|433|3462|GLU|_CL|2547|3597|28600|-OE1|CL--|1038|8|17|2|0011|3.626951|0.494906|0.656199|-0.569624|13.417286|0.004554|0.010469
357|7|-1|11538|433|3462|GLU|_CL|2547|3598|28600|-OE2|CL--|1038|8|17|2|0011|3.283540|0.888979|0.440074|-0.126693|8.691801|0.011521|0.026485
357|8|-1|11571|434|3459|ASP|_MG|2145|3605|28597|-OD1|MG--|1037|8|12|2|0011|2.625955|-0.300082|-0.864828|-0.402521|21.327810|0.074685|0.156620
357|9|-1|11579|434|3459|ASP|_MG|2145|3606|28597|-OD2|MG--|1037|8|12|2|0011|2.870510|0.421876|-0.904717|-0.059223|2.520183|0.038564|0.080872
357|10|-1|13530|513|3461|TYR|_CL|3747|4285|28599|-OH-|CL--|1838|8|17|3|0011|3.274141|0.161264|0.586414|0.793796|31.753120|0.011817|0.027166
357|11|-1|15844|598|3460|ASP|_MG|2145|5007|28598|-OD1|MG--|1037|8|12|2|0011|2.604974|0.457587|0.889069|-0.013052|6.434486|0.079043|0.165758
357|12|-1|15849|598|3460|ASP|_MG|2145|5008|28598|-OD2|MG--|1037|8|12|2|0011|2.937387|0.130388|0.688707|-0.713219|6.007021|0.032187|0.067499
357|13|-1|17376|657|3475|GLY|_MG|145|5467|28714|-O--|MG--|437|8|12|2|0011|3.741213|0.512131|0.138993|0.847586|18.716671|0.003666|0.007688
357|14|-1|18461|704|3469|LEU|_MG|745|5854|28696|-O--|MG--|437|8|12|2|0011|3.977807|0.316757|-0.254161|-0.913820|10.267551|0.001934|0.004056
357|15|-1|20365|777|3460|LEU|_MG|745|6456|28598|-O--|MG--|437|8|12|2|0011|3.870028|0.772604|-0.566145|0.287337|16.229847|0.002588|0.005427
357|16|-1|20478|780|3469|GLU|_MG|2545|6483|28696|-OE1|MG--|1037|8|12|2|0011|3.770999|0.465924|-0.718377|0.516574|10.941403|0.003382|0.007093
357|17|-1|20480|780|3471|GLU|_CL|2547|6483|28698|-OE1|CL--|1038|8|17|2|0011|3.358373|0.768526|-0.119402|-0.628578|3.809616|0.009411|0.021635
357|18|-1|20482|780|3460|GLU|_MG|2545|6484|28598|-OE2|MG--|1037|8|12|2|0011|3.765876|0.319979|-0.563215|-0.761841|2.894859|0.003430|0.007192
357|19|-1|20485|780|3471|GLU|_CL|2547|6484|28698|-OE2|CL--|1038|8|17|2|0011|3.667416|0.968801|0.204777|-0.139608|1.224441|0.004082|0.009385
357|20|-1|20518|781|3460|ASP|_MG|2145|6491|28598|-OD1|MG--|1037|8|12|2|0011|2.581083|-0.271204|-0.498627|0.823298|2.761280|0.084315|0.176814
357|21|-1|20529|781|3460|ASP|_MG|2145|6492|28598|-OD2|MG--|1037|8|12|2|0011|3.287965|0.343069|-0.127130|0.930667|28.304569|0.012479|0.026170
357|22|-1|22490|860|3472|TYR|_CL|3747|7171|28699|-OH-|CL--|1838|8|17|3|0011|3.006229|0.364577|0.911108|-0.192267|13.574955|0.024377|0.056039
357|23|-1|22806|871|3470|ASP|_MG|2145|7257|28697|-OD2|MG--|1037|8|12|2|0011|3.663923|-0.335433|-0.479541|-0.810879|0.110268|0.004518|0.009474
357|24|-1|24773|945|3480|ASP|_MG|2145|7893|28725|-OD1|MG--|1037|8|12|2|0011|2.560173|0.551917|-0.182800|-0.813617|4.000764|0.089217|0.187094
357|25|-1|24905|949|3470|HIS|_MG|3345|7931|28697|-NE2|MG--|1337|7|12|3|0011|3.900042|-0.206664|0.918195|-0.337945|1.957920|0.003428|0.007506
357|26|-1|26343|1006|3475|ASN|_MG|2345|8368|28714|-OD1|MG--|837|8|12|2|0011|3.904238|-0.776849|0.600886|-0.188257|215.177521|0.002360|0.004948
357|27|-1|29132|1120|3477|LEU|_MG|745|9284|28716|-O--|MG--|437|8|12|2|0011|3.647113|0.196046|0.862874|0.465848|1.319850|0.004727|0.009914
357|28|-1|29239|1123|3478|GLU|_CL|2547|9311|28717|-OE1|CL--|1038|8|17|2|0011|3.587013|0.432671|0.107053|0.895173|9.183631|0.005073|0.011662
357|29|-1|29244|1123|3478|GLU|_CL|2547|9312|28717|-OE2|CL--|1038|8|17|2|0011|3.834075|0.862268|0.106936|0.495034|1.955841|0.002602|0.005981
357|30|-1|29276|1124|3477|ASP|_MG|2145|9319|28716|-OD1|MG--|1037|8|12|2|0011|2.669663|-0.609440|0.603072|-0.514672|8.437194|0.066364|0.139169
357|31|-1|29284|1124|3477|ASP|_MG|2145|9320|28716|-OD2|MG--|1037|8|12|2|0011|2.949634|0.142390|0.810948|-0.567528|12.378154|0.031139|0.065302
357|32|-1|31436|1210|3455|ASP|_MG|2145|10057|28559|-OD2|MG--|1037|8|12|2|0011|3.737605|0.170698|-0.584064|0.793556|8.397011|0.003702|0.007763
357|33|-1|33533|1288|3476|ASP|_MG|2145|10721|28715|-OD1|MG--|1037|8|12|2|0011|2.751872|0.708244|0.155531|0.688622|67.207382|0.053142|0.111442
357|34|-1|33536|1288|3476|ASP|_MG|2145|10722|28715|-OD2|MG--|1037|8|12|2|0011|2.836457|-0.015866|0.027852|0.999486|15.771476|0.042282|0.088668
357|35|-1|35011|1347|3475|GLY|_MG|145|11181|28714|-O--|MG--|437|8|12|2|0011|3.841724|0.440686|-0.507324|-0.740553|17.415783|0.002794|0.005859
357|36|-1|35058|1349|3475|ASN|_MG|2345|11196|28714|-OD1|MG--|837|8|12|2|0011|3.985022|-0.146551|-0.982177|-0.117691|11.676668|0.001897|0.003978
357|37|-1|38014|1468|3483|GLU|_CL|2547|12175|28728|-OE1|CL--|1038|8|17|2|0011|3.050977|0.660773|-0.643072|0.387089|5.982768|0.021600|0.049656
357|38|-1|38019|1468|3483|GLU|_CL|2547|12176|28728|-OE2|CL--|1038|8|17|2|0011|3.476124|0.943004|-0.038548|0.330541|1.490102|0.006846|0.015738
357|39|-1|38051|1469|3480|ASP|_MG|2145|12183|28725|-OD1|MG--|1037|8|12|2|0011|2.794549|-0.379309|0.745380|0.548210|45.783180|0.047353|0.099302
357|40|-1|38061|1469|3480|ASP|_MG|2145|12184|28725|-OD2|MG--|1037|8|12|2|0011|2.964106|0.368408|0.654498|0.660233|32.230816|0.029945|0.062797
357|41|-1|39980|1548|3482|TYR|_CL|3747|12871|28727|-OH-|CL--|1838|8|17|3|0011|3.081200|0.814943|0.123004|-0.566338|11.954275|0.019906|0.045761
357|42|-1|40188|1555|3481|ASP|_MG|2145|12929|28726|-OD2|MG--|1037|8|12|2|0011|3.904654|0.590833|-0.791876|0.154431|5.187937|0.002357|0.004943
357|43|-1|40285|1559|3481|ASP|_MG|2145|12957|28726|-OD2|MG--|1037|8|12|2|0011|3.747028|-0.416330|-0.908987|-0.020283|3.494433|0.003609|0.007568
357|44|-1|42291|1633|3477|ASP|_MG|2145|13593|28716|-OD1|MG--|1037|8|12|2|0011|2.612149|0.042111|-0.966637|-0.252665|17.140612|0.077525|0.162574
357|45|-1|42298|1633|3477|ASP|_MG|2145|13594|28716|-OD2|MG--|1037|8|12|2|0011|3.090076|0.114884|-0.863409|0.491250|4.417586|0.021304|0.044676
357|46|-1|42419|1637|3481|HIS|_MG|3345|13631|28726|-NE2|MG--|1337|7|12|3|0011|3.858328|0.062722|0.019438|-0.997842|9.496787|0.003837|0.008402
357|47|-1|43753|1694|3475|ASN|_MG|2345|14068|28714|-OD1|MG--|837|8|12|2|0011|3.944414|-0.431497|0.057803|-0.900260|45.869015|0.002117|0.004439
357|48|-1|46727|1814|3507|GLU|_MG|2545|15032|28825|-OE1|MG--|1037|8|12|2|0011|3.987206|0.033105|-0.464736|-0.884830|15.422398|0.001886|0.003954
357|49|-1|46731|1814|3490|GLU|_MG|2545|15033|28766|-OE2|MG--|1037|8|12|2|0011|3.206691|-0.009667|-0.979514|0.201143|15.317524|0.015545|0.032599
357|50|-1|46767|1815|3490|ASP|_MG|2145|15040|28766|-OD1|MG--|1037|8|12|2|0011|2.979246|0.446758|0.360830|-0.818663|20.056444|0.028744|0.060279
357|51|-1|46771|1815|3490|ASP|_MG|2145|15041|28766|-OD2|MG--|1037|8|12|2|0011|3.239923|-0.255562|0.329329|-0.908972|5.975681|0.014209|0.029798
357|52|-1|48688|1894|3491|TYR|_CL|3747|15720|28767|-OH-|CL--|1838|8|17|3|0011|3.161632|-0.759418|0.400110|0.513027|0.903252|0.016016|0.036820
357|53|-1|48900|1901|3489|ASP|_MG|2145|15777|28765|-OD1|MG--|1037|8|12|2|0011|3.707849|-0.173148|-0.804240|0.568523|2.691434|0.004012|0.008413
357|54|-1|49004|1905|3489|ASP|_MG|2145|15806|28765|-OD2|MG--|1037|8|12|2|0011|3.665968|0.685767|-0.399622|0.608298|21.247896|0.004493|0.009421
357|55|-1|50995|1979|3495|ASP|_MG|2145|16442|28777|-OD1|MG--|1037|8|12|2|0011|2.630524|0.244057|-0.905523|0.347080|27.728296|0.073769|0.154698
357|56|-1|53506|2077|3494|ARG|_MG|3145|17203|28776|-O--|MG--|437|8|12|2|0011|3.825667|0.075804|0.985449|-0.152131|57.138409|0.002918|0.006119
357|57|-1|53555|2080|3494|ALA|_MG|345|17228|28776|-O--|MG--|437|8|12|2|0011|3.735180|-0.956045|0.225960|-0.186871|16.708420|0.003726|0.007814
357|58|-1|53636|2084|3489|LEU|_MG|745|17255|28765|-O--|MG--|437|8|12|2|0011|3.913316|0.190630|-0.736460|-0.649066|28.399544|0.002302|0.004828
357|59|-1|55609|2157|3495|LEU|_MG|745|17857|28777|-O--|MG--|437|8|12|2|0011|3.882947|-0.353340|0.229980|-0.906786|7.297679|0.002499|0.005241
357|60|-1|55745|2161|3495|ASP|_MG|2145|17892|28777|-OD1|MG--|1037|8|12|2|0011|2.658651|0.244110|0.954996|-0.168506|0.140367|0.068369|0.143374
357|61|-1|55751|2161|3495|ASP|_MG|2145|17893|28777|-OD2|MG--|1037|8|12|2|0011|3.013418|-0.515694|0.830286|-0.211387|2.941767|0.026209|0.054961
357|62|-1|57744|2240|3498|TYR|_CL|3747|18572|28780|-OH-|CL--|1838|8|17|3|0011|2.393481|-0.439110|-0.576148|0.689373|16.063665|0.127702|0.293574
357|63|-1|57971|2247|3496|ASP|_MG|2145|18630|28778|-OD2|MG--|1037|8|12|2|0011|3.756996|-0.035932|-0.805164|-0.591962|3.312982|0.003513|0.007367
357|64|-1|60067|2325|3497|ASP|_MG|2145|19294|28779|-OD1|MG--|1037|8|12|2|0011|2.543556|0.273632|-0.934125|-0.229207|4.853587|0.093315|0.195688
357|65|-1|60073|2325|3497|ASP|_MG|2145|19295|28779|-OD2|MG--|1037|8|12|2|0011|3.453203|0.128866|-0.597127|-0.791728|17.729170|0.007984|0.016744
357|66|-1|60728|2349|3493|ASP|_MG|2145|19485|28775|-OD1|MG--|1037|8|12|2|0011|2.822845|0.244434|0.777938|-0.578847|2.492965|0.043866|0.091991
357|67|-1|60729|2349|3493|ASP|_MG|2145|19486|28775|-OD2|MG--|1037|8|12|2|0011|3.904916|-0.330097|0.739068|-0.587208|22.442705|0.002355|0.004939
357|68|-1|64625|2504|3497|GLU|_MG|2545|20713|28779|-OE2|MG--|1037|8|12|2|0011|3.946153|0.078050|0.571696|-0.816745|1.721949|0.002107|0.004418
357|69|-1|64661|2505|3497|ASP|_MG|2145|20720|28779|-OD1|MG--|1037|8|12|2|0011|2.714939|0.222103|0.392642|0.892470|0.322593|0.058720|0.123141
357|70|-1|64666|2505|3497|ASP|_MG|2145|20721|28779|-OD2|MG--|1037|8|12|2|0011|3.289454|-0.439586|0.117953|0.890422|14.785690|0.012429|0.026065
357|71|-1|66566|2584|3505|TYR|_CL|3747|21400|28817|-OH-|CL--|1838|8|17|3|0011|2.940722|-0.340392|-0.879376|-0.332913|15.873646|0.029098|0.066893
357|72|-1|66781|2591|3512|ASP|_MG|2145|21457|28836|-OD1|MG--|1037|8|12|2|0011|3.951460|0.169306|-0.132609|-0.976601|2.422741|0.002077|0.004355
357|73|-1|68866|2669|3513|ASP|_MG|2145|22122|28837|-OD1|MG--|1037|8|12|2|0011|2.601074|-0.215682|0.207223|-0.954222|19.614796|0.079880|0.167514
357|74|-1|69473|2693|3493|ASP|_MG|2145|22313|28775|-OD1|MG--|1037|8|12|2|0011|3.947574|-0.117794|0.352368|0.928419|82.777939|0.002099|0.004401
357|75|-1|70392|2728|3511|GLY|_MG|145|22582|28835|-O--|MG--|437|8|12|2|0011|3.459528|-0.324033|-0.889139|0.323164|11.692818|0.007849|0.016460
357|76|-1|71400|2772|3508|LEU|_MG|745|22911|28826|-O--|MG--|437|8|12|2|0011|3.842360|-0.290966|0.232409|0.928076|13.728559|0.002789|0.005849
357|77|-1|73363|2845|3509|LEU|_MG|745|23513|28827|-O--|MG--|437|8|12|2|0011|3.826835|-0.434041|-0.805627|0.403205|0.190802|0.002909|0.006099
357|78|-1|73516|2849|3509|ASP|_MG|2145|23548|28827|-OD1|MG--|1037|8|12|2|0011|2.701280|0.727802|-0.681899|0.072928|15.085013|0.060929|0.127771
357|79|-1|73521|2849|3509|ASP|_MG|2145|23549|28827|-OD2|MG--|1037|8|12|2|0011|2.789179|0.216550|-0.804896|-0.552492|15.498860|0.048045|0.100754
357|80|-1|75641|2935|3507|ASP|_MG|2145|24286|28825|-OD2|MG--|1037|8|12|2|0011|3.689326|-0.326077|0.300326|0.896369|23.893427|0.004218|0.008845
357|81|-1|75735|2939|3507|ASP|_MG|2145|24314|28825|-OD2|MG--|1037|8|12|2|0011|3.583598|0.475219|0.372252|0.797242|6.968033|0.005613|0.011771
357|82|-1|77732|3013|3490|ASP|_MG|2145|24950|28766|-OD1|MG--|1037|8|12|2|0011|2.725500|-0.526508|0.563933|0.636214|2.427855|0.057068|0.119675
357|83|-1|77735|3013|3490|ASP|_MG|2145|24951|28766|-OD2|MG--|1037|8|12|2|0011|3.178194|-0.693476|-0.153861|0.703859|15.231477|0.016789|0.035208
357|84|-1|79303|3074|3511|ASN|_MG|2345|25426|28835|-ND2|MG--|937|7|12|4|0011|3.767616|0.048306|0.994528|-0.092631|71.061241|0.004903|0.010737
357|85|-1|82115|3190|3513|LEU|_MG|745|26372|28837|-O--|MG--|437|8|12|2|0011|3.970377|-0.763908|-0.095457|0.638226|7.181687|0.001973|0.004138
357|86|-1|82216|3193|3513|GLU|_MG|2545|26400|28837|-OE2|MG--|1037|8|12|2|0011|3.776922|-0.289390|0.930123|0.226109|6.006715|0.003329|0.006980
357|87|-1|82250|3194|3513|ASP|_MG|2145|26407|28837|-OD1|MG--|1037|8|12|2|0011|2.731994|0.389457|-0.662885|0.639458|2.078958|0.056075|0.117593
357|88|-1|82255|3194|3513|ASP|_MG|2145|26408|28837|-OD2|MG--|1037|8|12|2|0011|2.922030|-0.318614|-0.863098|0.391850|1.051375|0.033551|0.070360
357|89|-1|84237|3273|3514|TYR|_CL|3747|27087|28838|-OH-|CL--|1838|8|17|3|0011|3.252019|-0.361008|-0.148523|-0.920660|22.002621|0.012545|0.028840
357|90|-1|84572|3284|3508|ASP|_MG|2145|27173|28826|-OD2|MG--|1037|8|12|2|0011|3.773159|0.449226|0.889705|0.081366|5.818402|0.003363|0.007052
357|91|-1|86507|3358|3509|ASP|_MG|2145|27809|28827|-OD1|MG--|1037|8|12|2|0011|2.559453|-0.173084|0.972864|0.153548|5.054767|0.089391|0.187459
357|92|-1|87914|3417|3511|GLY|_MG|145|28269|28835|-O--|MG--|437|8|12|2|0011|3.393148|-0.172112|-0.491874|-0.853486|41.858334|0.009391|0.019694
357|93|-1|87952|3419|3511|ASN|_MG|2345|28284|28835|-OD1|MG--|837|8|12|2|0011|2.558925|0.724523|-0.257530|-0.639332|36.375443|0.089518|0.187726
357|94|-1|87953|3419|3511|ASN|_MG|2345|28285|28835|-ND2|MG--|937|7|12|4|0011|2.304440|0.423096|0.602749|-0.676522|46.855171|0.255802|0.560140
357|95|-1|88746|3593|3455|HOH|_MG|4345|28929|28559|-O--|MG--|2837|8|12|3|0011|2.189267|-0.628977|0.026493|0.776972|5.356138|0.243112|0.509822
357|96|-1|88747|3592|3455|HOH|_MG|4345|28928|28559|-O--|MG--|2837|8|12|3|0011|2.176385|0.477398|-0.776517|0.411232|26.246593|0.251725|0.527884
357|97|-1|88748|3523|3455|HOH|_MG|4345|28859|28559|-O--|MG--|2837|8|12|3|0011|2.165562|0.601692|-0.052180|-0.797022|17.162996|0.259197|0.543554
357|98|-1|88749|3522|3455|HOH|_MG|4345|28858|28559|-O--|MG--|2837|8|12|3|0011|2.166773|-0.445363|0.770270|-0.456439|32.236664|0.258350|0.541777
357|99|-1|88959|3519|3458|HOH|_MG|4345|28855|28596|-O--|MG--|2837|8|12|3|0011|2.178952|0.548887|0.827921|0.115193|0.020009|0.249985|0.524235
357|100|-1|88960|3537|3458|HOH|_MG|4345|28873|28596|-O--|MG--|2837|8|12|3|0011|2.178832|0.833475|-0.544328|0.095005|3.653968|0.250066|0.524405
357|101|-1|88961|3517|3458|HOH|_MG|4345|28853|28596|-O--|MG--|2837|8|12|3|0011|2.188407|-0.840794|0.540119|-0.036556|1.680389|0.243677|0.511008
357|102|-1|88962|3518|3458|HOH|_MG|4345|28854|28596|-O--|MG--|2837|8|12|3|0011|2.178175|-0.538524|-0.830971|-0.139567|12.059744|0.250510|0.525337
357|103|-1|88963|3539|3459|HOH|_MG|4345|28875|28597|-O--|MG--|2837|8|12|3|0011|2.179428|0.306502|0.449200|-0.839211|0.100254|0.249663|0.523561
357|104|-1|88964|3538|3459|HOH|_MG|4345|28874|28597|-O--|MG--|2837|8|12|3|0011|2.187552|0.903750|-0.362506|0.227651|1.098788|0.244241|0.512190
357|105|-1|88965|3520|3459|HOH|_MG|4345|28856|28597|-O--|MG--|2837|8|12|3|0011|2.164634|-0.899461|0.410231|-0.150603|15.701056|0.259848|0.544919
357|106|-1|88966|3521|3459|HOH|_MG|4345|28857|28597|-O--|MG--|2837|8|12|3|0011|2.175149|-0.354458|-0.463876|0.811898|7.976110|0.252567|0.529650
357|107|-1|88967|3569|3460|HOH|_MG|4345|28905|28598|-O--|MG--|2837|8|12|3|0011|2.174654|-0.719655|0.592279|0.362357|20.847218|0.252905|0.530360
357|108|-1|88968|3568|3460|HOH|_MG|4345|28904|28598|-O--|MG--|2837|8|12|3|0011|2.175894|0.740846|-0.587345|-0.325843|9.728329|0.252059|0.528586
357|109|-1|88969|3542|3460|HOH|_MG|4345|28878|28598|-O--|MG--|2837|8|12|3|0011|2.194521|0.701293|0.386872|0.598764|10.341407|0.239684|0.502634
357|110|-1|88970|3567|3460|HOH|_MG|4345|28903|28598|-O--|MG--|2837|8|12|3|0011|2.164248|-0.689384|-0.426014|-0.585885|13.337897|0.260119|0.545487
357|111|-1|88971|3546|3461|HOH|_CL|4347|28882|28599|-O--|CL--|2838|8|17|3|0011|3.077609|-0.558550|0.799321|-0.221600|63.634293|0.020100|0.046207
357|112|-1|88972|3520|3462|HOH|_CL|4347|28856|28600|-O--|CL--|2838|8|17|3|0011|3.325789|0.458838|0.023453|0.888210|1.134298|0.010277|0.023627
357|113|-1|88973|3537|3462|HOH|_CL|4347|28873|28600|-O--|CL--|2838|8|17|3|0011|3.639925|0.461273|0.866227|0.192037|10.956762|0.004397|0.010108
357|114|-1|88974|3518|3462|HOH|_CL|4347|28854|28600|-O--|CL--|2838|8|17|3|0011|2.854346|-0.458950|0.886017|0.065864|4.617873|0.036749|0.084483
357|115|-1|89373|3565|3469|HOH|_MG|4345|28901|28696|-O--|MG--|2837|8|12|3|0011|2.172630|0.501236|-0.000000|0.865310|18.246050|0.254293|0.533269
357|116|-1|89374|3564|3469|HOH|_MG|4345|28900|28696|-O--|MG--|2837|8|12|3|0011|3.204787|0.587559|0.658078|-0.470858|20.351831|0.015625|0.032767
357|117|-1|89375|3566|3469|HOH|_MG|4345|28902|28696|-O--|MG--|2837|8|12|3|0011|2.172957|0.390712|-0.903838|-0.174417|15.634444|0.254068|0.532798
357|118|-1|89376|3541|3469|HOH|_MG|4345|28877|28696|-O--|MG--|2837|8|12|3|0011|2.164479|-0.362212|0.919389|0.153385|63.877327|0.259956|0.545146
357|119|-1|89377|3540|3469|HOH|_MG|4345|28876|28696|-O--|MG--|2837|8|12|3|0011|2.164035|-0.557755|-0.011091|-0.829932|18.335894|0.260269|0.545801
357|120|-1|89378|3618|3470|HOH|_MG|4345|28954|28697|-O--|MG--|2837|8|12|3|0011|2.184012|0.920326|-0.378203|-0.099816|6.336725|0.246589|0.517114
357|121|-1|89379|3572|3470|HOH|_MG|4345|28908|28697|-O--|MG--|2837|8|12|3|0011|2.170429|0.445996|0.890607|0.088922|29.432062|0.255810|0.536451
357|122|-1|89380|3617|3470|HOH|_MG|4345|28953|28697|-O--|MG--|2837|8|12|3|0011|2.172204|-0.014731|-0.109106|0.993921|10.024131|0.254585|0.533883
357|123|-1|89381|3570|3470|HOH|_MG|4345|28906|28697|-O--|MG--|2837|8|12|3|0011|2.168011|-0.023523|0.119003|-0.992615|1.766194|0.257487|0.539968
357|124|-1|89382|3571|3470|HOH|_MG|4345|28907|28697|-O--|MG--|2837|8|12|3|0011|2.180835|-0.429194|-0.900115|-0.074742|0.762401|0.248716|0.521574
357|125|-1|89383|3567|3471|HOH|_CL|4347|28903|28698|-O--|CL--|2838|8|17|3|0011|2.391894|0.357875|0.815254|0.455287|7.551683|0.128251|0.294837
357|126|-1|89384|3565|3471|HOH|_CL|4347|28901|28698|-O--|CL--|2838|8|17|3|0011|3.706006|0.516189|0.622773|-0.587965|1.045946|0.003678|0.008455
357|127|-1|89421|3595|3476|HOH|_MG|4345|28931|28715|-O--|MG--|2837|8|12|3|0011|2.179952|0.303676|0.952774|-0.001835|10.000614|0.249310|0.522820
357|128|-1|89422|3524|3476|HOH|_MG|4345|28860|28715|-O--|MG--|2837|8|12|3|0011|2.182979|0.929006|-0.303255|-0.212096|14.078412|0.247279|0.518560
357|129|-1|89423|3594|3476|HOH|_MG|4345|28930|28715|-O--|MG--|2837|8|12|3|0011|2.169975|-0.933191|0.313828|0.175117|36.643154|0.256124|0.537109
357|130|-1|89424|3525|3476|HOH|_MG|4345|28861|28715|-O--|MG--|2837|8|12|3|0011|2.179802|-0.289935|-0.955591|-0.052757|28.323521|0.249411|0.523031
357|131|-1|89425|3598|3477|HOH|_MG|4345|28934|28716|-O--|MG--|2837|8|12|3|0011|2.182693|-0.106292|0.408211|0.906678|0.180568|0.247470|0.518961
357|132|-1|89426|3623|3477|HOH|_MG|4345|28959|28716|-O--|MG--|2837|8|12|3|0011|2.177534|0.029391|-0.377950|-0.925359|8.928404|0.250944|0.526247
357|133|-1|89427|3599|3477|HOH|_MG|4345|28935|28716|-O--|MG--|2837|8|12|3|0011|2.177074|-0.975163|-0.220939|-0.015617|10.447279|0.251257|0.526903
357|134|-1|89428|3599|3478|HOH|_CL|4347|28935|28717|-O--|CL--|2838|8|17|3|0011|3.417502|0.792977|0.092465|-0.602194|25.316893|0.008021|0.018440
357|135|-1|89450|3573|3480|HOH|_MG|4345|28909|28725|-O--|MG--|2837|8|12|3|0011|2.164155|0.770278|0.607165|-0.194995|2.444058|0.260185|0.545625
357|136|-1|89451|3620|3480|HOH|_MG|4345|28956|28725|-O--|MG--|2837|8|12|3|0011|2.177629|0.593765|-0.642441|0.484472|16.606846|0.250880|0.526112
357|137|-1|89452|3621|3480|HOH|_MG|4345|28957|28725|-O--|MG--|2837|8|12|3|0011|2.186918|-0.561978|0.636970|-0.527683|19.703276|0.244660|0.513069
357|138|-1|89453|3619|3480|HOH|_MG|4345|28955|28725|-O--|MG--|2837|8|12|3|0011|2.185810|-0.753496|-0.652389|0.081434|21.029484|0.245394|0.514608
357|139|-1|89454|3596|3481|HOH|_MG|4345|28932|28726|-O--|MG--|2837|8|12|3|0011|2.181130|0.696887|0.709724|-0.103158|9.524156|0.248517|0.521157
357|140|-1|89455|3624|3481|HOH|_MG|4345|28960|28726|-O--|MG--|2837|8|12|3|0011|3.858342|0.833778|-0.271879|-0.480517|8.460201|0.002671|0.005602
357|141|-1|89456|3622|3481|HOH|_MG|4345|28958|28726|-O--|MG--|2837|8|12|3|0011|2.166688|0.589840|-0.495226|0.637840|4.365674|0.258409|0.541902
357|142|-1|89457|3597|3481|HOH|_MG|4345|28933|28726|-O--|MG--|2837|8|12|3|0011|2.177767|-0.391686|0.534492|0.748933|9.881287|0.250786|0.525917
357|143|-1|89458|3572|3483|HOH|_CL|4347|28908|28728|-O--|CL--|2838|8|17|3|0011|3.797605|0.719138|-0.102433|-0.687276|47.493843|0.002871|0.006601
357|144|-1|89459|3619|3483|HOH|_CL|4347|28955|28728|-O--|CL--|2838|8|17|3|0011|2.409067|0.451628|0.889142|-0.073888|3.980937|0.122434|0.281465
357|145|-1|89460|3617|3483|HOH|_CL|4347|28953|28728|-O--|CL--|2838|8|17|3|0011|3.155880|0.548501|-0.810867|-0.204064|1.416324|0.016267|0.037397
357|146|-1|89558|3666|3489|HOH|_MG|4345|29002|28765|-O--|MG--|2837|8|12|3|0011|2.180391|0.612275|0.787015|-0.075675|5.878480|0.249014|0.522200
357|147|-1|89559|3665|3489|HOH|_MG|4345|29001|28765|-O--|MG--|2837|8|12|3|0011|2.176236|-0.812874|0.581279|-0.036762|9.891454|0.251826|0.528097
357|148|-1|89560|3664|3489|HOH|_MG|4345|29000|28765|-O--|MG--|2837|8|12|3|0011|2.184869|-0.116257|-0.067739|-0.990907|4.106959|0.246019|0.515918
357|149|-1|89561|3644|3489|HOH|_MG|4345|28980|28765|-O--|MG--|2837|8|12|3|0011|2.170688|-0.593361|-0.802972|0.056202|6.381469|0.255631|0.536076
357|150|-1|89562|3650|3490|HOH|_MG|4345|28986|28766|-O--|MG--|2837|8|12|3|0011|2.173776|0.401146|0.914538|-0.051983|16.955013|0.253506|0.531620
357|151|-1|89563|3648|3490|HOH|_MG|4345|28984|28766|-O--|MG--|2837|8|12|3|0011|2.177567|0.840388|-0.338910|0.422951|8.460001|0.250922|0.526200
357|152|-1|89564|3645|3490|HOH|_MG|4345|28981|28766|-O--|MG--|2837|8|12|3|0011|3.999918|0.133752|-0.527011|0.839268|5.353791|0.001822|0.003821
357|153|-1|89565|3649|3490|HOH|_MG|4345|28985|28766|-O--|MG--|2837|8|12|3|0011|2.172872|-0.832998|0.376461|-0.405453|40.628769|0.254126|0.532920
357|154|-1|89582|3692|3493|HOH|_MG|4345|29028|28775|-O--|MG--|2837|8|12|3|0011|3.377756|-0.862703|-0.503885|-0.042927|28.391644|0.009790|0.020531
357|155|-1|89583|3667|3495|HOH|_MG|4345|29003|28777|-O--|MG--|2837|8|12|3|0011|2.185227|0.971982|0.111659|0.206843|13.840261|0.245780|0.515419
357|156|-1|89584|3668|3495|HOH|_MG|4345|29004|28777|-O--|MG--|2837|8|12|3|0011|2.177911|-0.224985|0.533998|0.815002|4.825265|0.250689|0.525711
357|157|-1|89585|3669|3495|HOH|_MG|4345|29005|28777|-O--|MG--|2837|8|12|3|0011|2.185911|0.217300|-0.508713|-0.833062|4.448046|0.245327|0.514467
357|158|-1|89586|3672|3496|HOH|_MG|4345|29008|28778|-O--|MG--|2837|8|12|3|0011|2.174048|0.684900|0.136612|-0.715716|9.894291|0.253320|0.531229
357|159|-1|89587|3670|3496|HOH|_MG|4345|29006|28778|-O--|MG--|2837|8|12|3|0011|2.168931|0.400660|-0.871397|0.283090|0.000000|0.256847|0.538626
357|160|-1|89588|3699|3496|HOH|_MG|4345|29035|28778|-O--|MG--|2837|8|12|3|0011|2.182331|-0.426150|0.850467|-0.308386|10.718910|0.247712|0.519469
357|161|-1|89589|3671|3496|HOH|_MG|4345|29007|28778|-O--|MG--|2837|8|12|3|0011|2.173429|-0.745824|-0.153213|0.648285|7.221540|0.253744|0.532119
357|162|-1|89590|3673|3496|HOH|_MG|4345|29009|28778|-O--|MG--|2837|8|12|3|0011|2.163127|-0.497888|-0.588961|-0.636578|0.423876|0.260908|0.547143
357|163|-1|89591|3674|3497|HOH|_MG|4345|29010|28779|-O--|MG--|2837|8|12|3|0011|2.198203|0.878900|0.276135|-0.388954|5.209901|0.237311|0.497657
357|164|-1|89592|3700|3497|HOH|_MG|4345|29036|28779|-O--|MG--|2837|8|12|3|0011|2.181459|0.525335|-0.419444|0.740331|1.236462|0.248296|0.520694
357|165|-1|89593|3701|3497|HOH|_MG|4345|29037|28779|-O--|MG--|2837|8|12|3|0011|2.195101|-0.840053|-0.388137|0.379026|5.746068|0.239308|0.501845
357|166|-1|89594|3696|3498|HOH|_CL|4347|29032|28780|-O--|CL--|2838|8|17|3|0011|2.543930|0.715821|-0.676120|-0.174533|32.209538|0.085036|0.195491
357|167|-1|89595|3666|3499|HOH|_CL|4347|29002|28781|-O--|CL--|2838|8|17|3|0011|3.113331|0.329872|-0.923127|0.197538|24.623186|0.018250|0.041955
357|168|-1|89596|3665|3499|HOH|_CL|4347|29001|28781|-O--|CL--|2838|8|17|3|0011|3.982407|-0.521545|-0.834922|0.175773|19.205225|0.001742|0.004006
357|169|-1|89694|3715|3507|HOH|_MG|4345|29051|28825|-O--|MG--|2837|8|12|3|0011|2.173192|-0.204308|0.977825|0.046015|11.531972|0.253907|0.532460
357|170|-1|89695|3646|3507|HOH|_MG|4345|28982|28825|-O--|MG--|2837|8|12|3|0011|2.182201|0.899091|0.198882|-0.389976|12.528715|0.247799|0.519651
357|171|-1|89696|3645|3507|HOH|_MG|4345|28981|28825|-O--|MG--|2837|8|12|3|0011|2.183765|-0.428162|0.053577|-0.902112|3.550841|0.246754|0.517460
357|172|-1|89697|3714|3507|HOH|_MG|4345|29050|28825|-O--|MG--|2837|8|12|3|0011|2.188933|-0.878512|-0.207406|0.430347|3.504776|0.243331|0.510282
357|173|-1|89698|3647|3507|HOH|_MG|4345|28983|28825|-O--|MG--|2837|8|12|3|0011|2.170984|0.187011|-0.977897|-0.093507|2.600226|0.255427|0.535647
357|174|-1|89699|3745|3508|HOH|_MG|4345|29081|28826|-O--|MG--|2837|8|12|3|0011|2.163924|0.092427|0.816572|-0.569796|19.501204|0.260347|0.545966
357|175|-1|89700|3744|3508|HOH|_MG|4345|29080|28826|-O--|MG--|2837|8|12|3|0011|2.182384|0.906808|-0.285926|-0.309751|12.928154|0.247676|0.519394
357|176|-1|89701|3742|3508|HOH|_MG|4345|29078|28826|-O--|MG--|2837|8|12|3|0011|2.186149|0.441417|0.534273|0.720904|4.526365|0.245169|0.514137
357|177|-1|89702|3717|3508|HOH|_MG|4345|29053|28826|-O--|MG--|2837|8|12|3|0011|2.181957|-0.121450|-0.792866|0.597171|9.938558|0.247962|0.519994
357|178|-1|89703|3716|3508|HOH|_MG|4345|29052|28826|-O--|MG--|2837|8|12|3|0011|2.184399|-0.918786|0.292529|0.265063|8.332860|0.246331|0.516574
357|179|-1|89704|3743|3508|HOH|_MG|4345|29079|28826|-O--|MG--|2837|8|12|3|0011|2.178622|-0.377302|-0.554479|-0.741752|4.959063|0.250208|0.524703
357|180|-1|89705|3746|3509|HOH|_MG|4345|29082|28827|-O--|MG--|2837|8|12|3|0011|2.164946|0.562598|0.650363|0.510403|2.626775|0.259629|0.544460
357|181|-1|89706|3720|3509|HOH|_MG|4345|29056|28827|-O--|MG--|2837|8|12|3|0011|2.181445|0.461619|0.318596|-0.827892|7.035268|0.248306|0.520715
357|182|-1|89707|3719|3509|HOH|_MG|4345|29055|28827|-O--|MG--|2837|8|12|3|0011|2.178478|-0.456283|-0.284143|0.843249|8.954410|0.250305|0.524907
357|183|-1|89708|3718|3509|HOH|_MG|4345|29054|28827|-O--|MG--|2837|8|12|3|0011|2.193572|-0.539303|-0.676522|-0.501468|3.471579|0.240300|0.503925
357|184|-1|89724|3702|3512|HOH|_MG|4345|29038|28836|-O--|MG--|2837|8|12|3|0011|2.182936|0.952388|0.141095|0.270276|13.586295|0.247307|0.518620
357|185|-1|89725|3703|3512|HOH|_MG|4345|29039|28836|-O--|MG--|2837|8|12|3|0011|2.179709|0.426663|-0.307381|-0.850574|16.331089|0.249474|0.523163
357|186|-1|89726|3737|3512|HOH|_MG|4345|29073|28836|-O--|MG--|2837|8|12|3|0011|2.180228|-0.030269|0.964120|-0.263736|7.597612|0.249124|0.522430
357|187|-1|89727|3735|3512|HOH|_MG|4345|29071|28836|-O--|MG--|2837|8|12|3|0011|2.175202|-0.352610|0.265263|0.897386|14.737428|0.252531|0.529575
357|188|-1|89728|3736|3512|HOH|_MG|4345|29072|28836|-O--|MG--|2837|8|12|3|0011|2.169508|-0.034108|-0.960126|0.277481|5.313083|0.256447|0.537787
357|189|-1|89729|3739|3513|HOH|_MG|4345|29075|28837|-O--|MG--|2837|8|12|3|0011|2.182917|0.814506|0.396260|0.423743|4.050555|0.247320|0.518647
357|190|-1|89730|3740|3513|HOH|_MG|4345|29076|28837|-O--|MG--|2837|8|12|3|0011|2.169086|0.544469|-0.690152|-0.476700|18.853426|0.256740|0.538402
357|191|-1|89731|3741|3513|HOH|_MG|4345|29077|28837|-O--|MG--|2837|8|12|3|0011|2.176462|-0.563761|0.692409|0.450270|13.452806|0.251672|0.527774
357|192|-1|89732|3738|3513|HOH|_MG|4345|29074|28837|-O--|MG--|2837|8|12|3|0011|2.176373|-0.840390|-0.428235|-0.332204|1.705552|0.251733|0.527901
