81|0|289|426|52|CYS|EDO|GLU|154925|2312|3441|409|-N--|-O1-|-OE1|13110|7649|1353|3.892200|2.940634|2.892221|47.613209
81|1|52|426|426|GLU|EDO|EDO|254949|409|3441|3443|-OE1|-O1-|-O2-|103131|1353|10767|2.940634|2.428848|5.082871|142.211884
81|2|289|426|426|CYS|EDO|EDO|154949|2312|3441|3443|-N--|-O1-|-O2-|13131|7649|10767|3.892200|2.428848|6.065501|146.365173
81|3|74|426|74|GLU|EDO|GLU|254925|597|3443|598|-OE1|-O2-|-OE2|103110|2064|2065|3.401650|2.874484|2.181622|39.571182
81|4|74|426|426|GLU|EDO|EDO|254949|597|3443|3441|-OE1|-O2-|-O1-|103131|2064|10767|3.401650|2.428848|5.804453|169.010147
81|5|74|426|426|GLU|EDO|EDO|254949|598|3443|3441|-OE2|-O2-|-O1-|103131|2065|10767|2.874484|2.428848|4.896040|134.627823
81|6|221|427|236|PHE|EDO|ARG|354931|1767|3445|1895|-O--|-O1-|-NE-|43107|5955|6407|3.495712|3.814503|7.014649|147.271286
81|7|221|427|427|PHE|EDO|EDO|354949|1767|3445|3447|-O--|-O1-|-O2-|43131|5955|10773|3.495712|2.547683|3.396295|66.242363
81|8|236|427|427|ARG|EDO|EDO|314949|1895|3445|3447|-NE-|-O1-|-O2-|73131|6407|10773|3.814503|2.547683|6.004735|140.584412
81|9|221|427|221|PHE|EDO|PHE|354935|1764|3447|1767|-N--|-O2-|-O--|13104|5941|5954|3.513150|3.396295|2.702807|46.016769
81|10|221|427|427|PHE|EDO|EDO|354949|1764|3447|3445|-N--|-O2-|-O1-|13131|5941|10773|3.513150|2.547683|4.815303|104.078018
81|11|221|427|427|PHE|EDO|EDO|354949|1767|3447|3445|-O--|-O2-|-O1-|43131|5954|10773|3.396295|2.547683|3.495712|70.398621
