81|0|33|HIS|B|13|10|0|000|36.202370|-1.000000|-1.000000|0.000000|-1|-1|0|0|-1|1
81|1|3|ALA|B|14|5|0|000|31.728207|-1.000000|-1.000000|0.000000|-1|-1|0|0|0|2
81|2|27|GLN|B|15|9|0|000|27.416424|-1.000000|-1.000000|0.000000|-1|-1|0|0|1|3
81|3|37|TYR|B|16|12|0|000|28.431040|-1.000000|-1.000000|0.000000|-1|-1|0|0|2|4
81|4|5|VAL|B|17|7|0|000|23.075048|-1.000000|-1.000000|0.000000|-1|-1|0|0|3|5
81|5|1|GLY|B|18|4|0|000|25.601061|-1.000000|-1.000000|0.000000|-1|-1|0|0|4|6
81|6|19|PRO|B|19|7|0|000|25.581898|-1.000000|-1.000000|0.000000|-1|-1|0|0|5|7
81|7|37|TYR|B|20|12|0|000|22.671959|-1.000000|-1.000000|0.000000|-1|-1|0|0|6|8
81|8|31|ARG|B|21|11|0|000|27.973427|-1.000000|-1.000000|0.000000|-1|-1|0|0|7|9
81|9|7|LEU|B|22|8|0|000|24.742462|-1.000000|-1.000000|0.000000|-1|-1|0|0|8|10
81|10|25|GLU|B|23|9|0|000|26.420893|-1.000000|-1.000000|0.000000|-1|-1|0|0|9|11
81|11|29|LYS|B|24|9|0|000|24.428522|-1.000000|-1.000000|0.000000|-1|-1|0|0|10|12
81|12|13|THR|B|25|7|0|000|22.395405|-1.000000|-1.000000|0.000000|-1|-1|0|0|11|13
81|13|7|LEU|B|26|8|0|000|19.347595|-1.000000|-1.000000|0.000000|-1|-1|0|0|12|14
81|14|1|GLY|B|27|4|0|000|18.221235|-1.000000|-1.000000|0.000000|-1|-1|0|0|13|15
81|15|29|LYS|B|28|9|0|000|21.178335|-1.000000|-1.000000|0.000000|-1|-1|0|0|14|16
81|16|1|GLY|B|29|4|0|000|18.522902|-1.000000|-1.000000|0.000000|-1|-1|0|0|15|17
81|17|27|GLN|B|30|9|0|000|17.215452|-1.000000|-1.000000|0.000000|-1|-1|0|0|16|18
81|18|13|THR|B|31|7|0|000|12.813680|-1.000000|-1.000000|0.000000|-1|-1|0|0|17|19
81|19|1|GLY|B|32|4|0|000|15.443554|-1.000000|-1.000000|0.000000|-1|-1|0|0|18|20
81|20|7|LEU|B|33|8|0|000|18.526653|-1.000000|-1.000000|0.000000|-1|-1|0|0|19|21
81|21|5|VAL|B|34|7|0|000|16.831114|-1.000000|-1.000000|0.000000|-1|-1|0|0|20|22
81|22|29|LYS|B|35|9|0|000|21.121086|-1.000000|-1.000000|0.000000|-1|-1|0|0|21|23
81|23|7|LEU|B|36|8|0|000|21.918207|-1.000000|-1.000000|0.000000|-1|-1|0|0|22|24
81|24|1|GLY|B|37|4|0|000|22.025957|-1.000000|-1.000000|0.000000|-1|-1|0|0|23|25
81|25|9|ILE|B|38|8|0|000|25.433271|-1.000000|-1.000000|0.000000|-1|-1|0|0|24|26
81|26|33|HIS|B|39|10|0|000|25.974415|-1.000000|-1.000000|0.000000|-1|-1|0|0|25|27
81|27|15|CYS|B|40|6|0|000|29.665115|-1.000000|-1.000000|0.000000|-1|-1|0|0|26|28
81|28|5|VAL|B|41|7|0|000|30.625433|-1.000000|-1.000000|0.000000|-1|-1|0|0|27|29
81|29|13|THR|B|42|7|0|000|27.806276|-1.000000|-1.000000|0.000000|-1|-1|0|0|28|30
81|30|15|CYS|B|43|6|0|000|28.038532|-1.000000|-1.000000|0.000000|-1|-1|0|0|29|31
81|31|27|GLN|B|44|9|0|000|24.027580|-1.000000|-1.000000|0.000000|-1|-1|0|0|30|32
81|32|29|LYS|B|45|9|0|000|22.620064|-1.000000|-1.000000|0.000000|-1|-1|0|0|31|33
81|33|5|VAL|B|46|7|0|000|18.858835|-1.000000|-1.000000|0.000000|-1|-1|0|0|32|34
81|34|3|ALA|B|47|5|0|000|15.902373|-1.000000|-1.000000|0.000000|-1|-1|0|0|33|35
81|35|9|ILE|B|48|8|0|000|17.632076|-1.000000|-1.000000|0.000000|-1|-1|0|0|34|36
81|36|29|LYS|B|49|9|0|000|13.140183|-1.000000|-1.000000|0.000000|-1|-1|0|0|35|37
81|37|9|ILE|B|50|8|0|000|18.152470|-1.000000|-1.000000|0.000000|-1|-1|0|0|36|38
81|38|5|VAL|B|51|7|0|000|16.275381|-1.000000|-1.000000|0.000000|-1|-1|0|0|37|39
81|39|23|ASN|B|52|8|0|000|20.279785|-1.000000|-1.000000|0.000000|-1|-1|0|0|38|40
81|40|31|ARG|B|53|11|0|000|20.911297|-1.000000|-1.000000|0.000000|-1|-1|0|0|39|41
81|41|25|GLU|B|54|9|0|000|24.073706|-1.000000|-1.000000|0.000000|-1|-1|0|0|40|42
81|42|29|LYS|B|55|9|0|000|22.195669|-1.000000|-1.000000|0.000000|-1|-1|0|0|41|43
81|43|7|LEU|B|56|8|0|000|18.463665|-1.000000|-1.000000|0.000000|-1|-1|0|0|42|44
81|44|11|SER|B|57|6|0|000|20.314232|-1.000000|-1.000000|0.000000|-1|-1|0|0|43|45
81|45|25|GLU|B|58|9|0|000|21.792944|-1.000000|-1.000000|0.000000|-1|-1|0|0|44|46
81|46|11|SER|B|59|6|0|000|19.357868|-1.000000|-1.000000|0.000000|-1|-1|0|0|45|47
81|47|5|VAL|B|60|7|0|000|16.296648|-1.000000|-1.000000|0.000000|-1|-1|0|0|46|48
81|48|7|LEU|B|61|8|0|000|16.936371|-1.000000|-1.000000|0.000000|-1|-1|0|0|47|49
81|49|17|MET|B|62|8|0|000|18.539560|-1.000000|-1.000000|0.000000|-1|-1|0|0|48|50
81|50|29|LYS|B|63|9|0|000|15.026855|-1.000000|-1.000000|0.000000|-1|-1|0|0|49|51
81|51|5|VAL|B|64|7|0|000|11.904237|-1.000000|-1.000000|0.000000|-1|-1|0|0|50|52
81|52|25|GLU|B|65|9|0|000|15.724987|-1.000000|-1.000000|0.000000|-1|-1|0|0|51|53
81|53|31|ARG|B|66|11|0|000|14.965960|-1.000000|-1.000000|0.000000|-1|-1|0|0|52|54
81|54|25|GLU|B|67|9|0|000|9.625976|-1.000000|-1.000000|0.000000|-1|-1|0|0|53|55
81|55|9|ILE|B|68|8|0|000|10.871524|-1.000000|-1.000000|0.000000|-1|-1|0|0|54|56
81|56|3|ALA|B|69|5|0|000|13.775624|-1.000000|-1.000000|0.000000|-1|-1|0|0|55|57
81|57|9|ILE|B|70|8|0|000|12.082885|-1.000000|-1.000000|0.000000|-1|-1|0|0|56|58
81|58|7|LEU|B|71|8|0|000|8.991561|-1.000000|-1.000000|0.000000|-1|-1|0|0|57|59
81|59|29|LYS|B|72|9|0|000|14.670979|-1.000000|-1.000000|0.000000|-1|-1|0|0|58|60
81|60|7|LEU|B|73|8|0|000|15.575210|-1.000000|-1.000000|0.000000|-1|-1|0|0|59|61
81|61|9|ILE|B|74|8|0|000|12.220624|-1.000000|-1.000000|0.000000|-1|-1|0|0|60|62
81|62|25|GLU|B|75|9|0|000|14.455916|-1.000000|-1.000000|0.000000|-1|-1|0|0|61|63
81|63|33|HIS|B|76|10|0|000|11.644011|-1.000000|-1.000000|0.000000|-1|-1|0|0|62|64
81|64|19|PRO|B|77|7|0|000|13.766665|-1.000000|-1.000000|0.000000|-1|-1|0|0|63|65
81|65|33|HIS|B|78|10|0|000|11.762190|-1.000000|-1.000000|0.000000|-1|-1|0|0|64|66
81|66|5|VAL|B|79|7|0|000|8.183697|-1.000000|-1.000000|0.000000|-1|-1|0|0|65|67
81|67|7|LEU|B|80|8|0|000|9.151892|-1.000000|-1.000000|0.000000|-1|-1|0|0|66|68
81|68|29|LYS|B|81|9|0|000|13.046713|-1.000000|-1.000000|0.000000|-1|-1|0|0|67|69
81|69|7|LEU|B|82|8|0|000|11.910423|-1.000000|-1.000000|0.000000|-1|-1|0|0|68|70
81|70|33|HIS|B|83|10|0|000|16.051044|-1.000000|-1.000000|0.000000|-1|-1|0|0|69|71
81|71|21|ASP|B|84|8|0|000|17.234274|-1.000000|-1.000000|0.000000|-1|-1|0|0|70|72
81|72|5|VAL|B|85|7|0|000|16.394487|-1.000000|-1.000000|0.000000|-1|-1|0|0|71|73
81|73|37|TYR|B|86|12|0|000|20.764128|-1.000000|-1.000000|0.000000|-1|-1|0|0|72|74
81|74|25|GLU|B|87|9|0|000|21.501541|-1.000000|-1.000000|0.000000|-1|-1|0|0|73|75
81|75|23|ASN|B|88|8|0|000|24.141768|-1.000000|-1.000000|0.000000|-1|-1|0|0|74|76
81|76|29|LYS|B|89|9|0|000|27.241716|-1.000000|-1.000000|0.000000|-1|-1|0|0|75|77
81|77|29|LYS|B|90|9|0|000|25.472452|-1.000000|-1.000000|0.000000|-1|-1|0|0|76|78
81|78|37|TYR|B|91|12|0|000|22.094370|-1.000000|-1.000000|0.000000|-1|-1|0|0|77|79
81|79|7|LEU|B|92|8|0|000|17.240030|-1.000000|-1.000000|0.000000|-1|-1|0|0|78|80
81|80|37|TYR|B|93|12|0|000|19.736553|-1.000000|-1.000000|0.000000|-1|-1|0|0|79|81
81|81|7|LEU|B|94|8|0|000|13.452869|-1.000000|-1.000000|0.000000|-1|-1|0|0|80|82
81|82|5|VAL|B|95|7|0|000|15.852819|-1.000000|-1.000000|0.000000|-1|-1|0|0|81|83
81|83|7|LEU|B|96|8|0|000|12.776056|-1.000000|-1.000000|0.000000|-1|-1|0|0|82|84
81|84|25|GLU|B|97|9|0|000|13.985096|-1.000000|-1.000000|0.000000|-1|-1|0|0|83|85
81|85|33|HIS|B|98|10|0|000|17.775467|-1.000000|-1.000000|0.000000|-1|-1|0|0|84|86
81|86|5|VAL|B|99|7|0|000|15.724400|-1.000000|-1.000000|0.000000|-1|-1|0|0|85|87
81|87|11|SER|B|100|6|0|000|19.681086|-1.000000|-1.000000|0.000000|-1|-1|0|0|86|88
81|88|1|GLY|B|101|4|0|000|18.346256|-1.000000|-1.000000|0.000000|-1|-1|0|0|87|89
81|89|1|GLY|B|102|4|0|000|16.584545|-1.000000|-1.000000|0.000000|-1|-1|0|0|88|90
81|90|25|GLU|B|103|9|0|000|15.188246|-1.000000|-1.000000|0.000000|-1|-1|0|0|89|91
81|91|7|LEU|B|104|8|0|000|15.185248|-1.000000|-1.000000|0.000000|-1|-1|0|0|90|92
81|92|35|PHE|B|105|11|0|000|16.314924|-1.000000|-1.000000|0.000000|-1|-1|0|0|91|93
81|93|21|ASP|B|106|8|0|000|19.538166|-1.000000|-1.000000|0.000000|-1|-1|0|0|92|94
81|94|37|TYR|B|107|12|0|000|21.336145|-1.000000|-1.000000|0.000000|-1|-1|0|0|93|95
81|95|7|LEU|B|108|8|0|000|20.697521|-1.000000|-1.000000|0.000000|-1|-1|0|0|94|96
81|96|5|VAL|B|109|7|0|000|23.346317|-1.000000|-1.000000|0.000000|-1|-1|0|0|95|97
81|97|29|LYS|B|110|9|0|000|24.884214|-1.000000|-1.000000|0.000000|-1|-1|0|0|96|98
81|98|29|LYS|B|111|9|0|000|25.469635|-1.000000|-1.000000|0.000000|-1|-1|0|0|97|99
81|99|1|GLY|B|112|4|0|000|25.068693|-1.000000|-1.000000|0.000000|-1|-1|0|0|98|100
81|100|31|ARG|B|113|11|0|000|26.372038|-1.000000|-1.000000|0.000000|-1|-1|0|0|99|101
81|101|7|LEU|B|114|8|0|000|22.425726|-1.000000|-1.000000|0.000000|-1|-1|0|0|100|102
81|102|13|THR|B|115|7|0|000|25.333164|-1.000000|-1.000000|0.000000|-1|-1|0|0|101|103
81|103|19|PRO|B|116|7|0|000|24.921560|-1.000000|-1.000000|0.000000|-1|-1|0|0|102|104
81|104|29|LYS|B|117|9|0|000|25.667677|-1.000000|-1.000000|0.000000|-1|-1|0|0|103|105
81|105|25|GLU|B|118|9|0|000|22.158995|-1.000000|-1.000000|0.000000|-1|-1|0|0|104|106
81|106|3|ALA|B|119|5|0|000|19.624739|-1.000000|-1.000000|0.000000|-1|-1|0|0|105|107
81|107|31|ARG|B|120|11|0|000|21.783344|-1.000000|-1.000000|0.000000|-1|-1|0|0|106|108
81|108|29|LYS|B|121|9|0|000|19.081179|-1.000000|-1.000000|0.000000|-1|-1|0|0|107|109
81|109|35|PHE|B|122|11|0|000|16.476875|-1.000000|-1.000000|0.000000|-1|-1|0|0|108|110
81|110|35|PHE|B|123|11|0|000|15.241361|-1.000000|-1.000000|0.000000|-1|-1|0|0|109|111
81|111|31|ARG|B|124|11|0|000|18.278509|-1.000000|-1.000000|0.000000|-1|-1|0|0|110|112
81|112|27|GLN|B|125|9|0|000|13.890545|-1.000000|-1.000000|0.000000|-1|-1|0|0|111|113
81|113|9|ILE|B|126|8|0|000|10.203372|-1.000000|-1.000000|0.000000|-1|-1|0|0|112|114
81|114|9|ILE|B|127|8|0|000|12.180611|-1.000000|-1.000000|0.000000|-1|-1|0|0|113|115
81|115|11|SER|B|128|6|0|000|12.144691|-1.000000|-1.000000|0.000000|-1|-1|0|0|114|116
81|116|3|ALA|B|129|5|0|000|8.529779|-1.000000|-1.000000|0.000000|-1|-1|0|0|115|117
81|117|7|LEU|B|130|8|0|000|7.565170|-1.000000|-1.000000|0.000000|-1|-1|0|0|116|118
81|118|21|ASP|B|131|8|0|000|12.147581|-1.000000|-1.000000|0.000000|-1|-1|0|0|117|119
81|119|35|PHE|B|132|11|0|000|11.206923|-1.000000|-1.000000|0.000000|-1|-1|0|0|118|120
81|120|15|CYS|B|133|6|0|000|7.586566|-1.000000|-1.000000|0.000000|-1|-1|0|0|119|121
81|121|33|HIS|B|134|10|0|000|9.132647|-1.000000|-1.000000|0.000000|-1|-1|0|0|120|122
81|122|11|SER|B|135|6|0|000|13.016383|-1.000000|-1.000000|0.000000|-1|-1|0|0|121|123
81|123|33|HIS|B|136|10|0|000|12.216651|-1.000000|-1.000000|0.000000|-1|-1|0|0|122|124
81|124|11|SER|B|137|6|0|000|11.091189|-1.000000|-1.000000|0.000000|-1|-1|0|0|123|125
81|125|9|ILE|B|138|8|0|000|7.230637|-1.000000|-1.000000|0.000000|-1|-1|0|0|124|126
81|126|15|CYS|B|139|6|0|000|6.203043|-1.000000|-1.000000|0.000000|-1|-1|0|0|125|127
81|127|33|HIS|B|140|10|0|000|2.589134|-1.000000|-1.000000|0.000000|-1|-1|0|0|126|128
81|128|31|ARG|B|141|11|0|000|7.630344|-1.000000|-1.000000|0.000000|-1|-1|0|0|127|129
81|129|21|ASP|B|142|8|0|000|7.509769|-1.000000|-1.000000|0.000000|-1|-1|0|0|128|130
81|130|7|LEU|B|143|8|0|000|6.505259|-1.000000|-1.000000|0.000000|-1|-1|0|0|129|131
81|131|29|LYS|B|144|9|0|000|9.047935|-1.000000|-1.000000|0.000000|-1|-1|0|0|130|132
81|132|19|PRO|B|145|7|0|000|11.811439|-1.000000|-1.000000|0.000000|-1|-1|0|0|131|133
81|133|25|GLU|B|146|9|0|000|11.496557|-1.000000|-1.000000|0.000000|-1|-1|0|0|132|134
81|134|23|ASN|B|147|8|0|000|7.054729|-1.000000|-1.000000|0.000000|-1|-1|0|0|133|135
81|135|7|LEU|B|148|8|0|000|9.920162|-1.000000|-1.000000|0.000000|-1|-1|0|0|134|136
81|136|7|LEU|B|149|8|0|000|11.416176|-1.000000|-1.000000|0.000000|-1|-1|0|0|135|137
81|137|7|LEU|B|150|8|0|000|15.511817|-1.000000|-1.000000|0.000000|-1|-1|0|0|136|138
81|138|21|ASP|B|151|8|0|000|17.085943|-1.000000|-1.000000|0.000000|-1|-1|0|0|137|139
81|139|25|GLU|B|152|9|0|000|20.175611|-1.000000|-1.000000|0.000000|-1|-1|0|0|138|140
81|140|31|ARG|B|153|11|0|000|21.619400|-1.000000|-1.000000|0.000000|-1|-1|0|0|139|141
81|141|23|ASN|B|154|8|0|000|19.276590|-1.000000|-1.000000|0.000000|-1|-1|0|0|140|142
81|142|23|ASN|B|155|8|0|000|16.541723|-1.000000|-1.000000|0.000000|-1|-1|0|0|141|143
81|143|9|ILE|B|156|8|0|000|12.131739|-1.000000|-1.000000|0.000000|-1|-1|0|0|142|144
81|144|31|ARG|B|157|11|0|000|11.205605|-1.000000|-1.000000|0.000000|-1|-1|0|0|143|145
81|145|9|ILE|B|158|8|0|000|5.921047|-1.000000|-1.000000|0.000000|-1|-1|0|0|144|146
81|146|3|ALA|B|159|5|0|000|5.683908|-1.000000|-1.000000|0.000000|-1|-1|0|0|145|147
81|147|21|ASP|B|160|8|0|000|5.252974|-1.000000|-1.000000|0.000000|-1|-1|0|0|146|148
81|148|35|PHE|B|161|11|0|000|2.042748|-1.000000|-1.000000|0.000000|-1|-1|0|0|147|149
81|149|1|GLY|B|162|4|0|000|5.973600|-1.000000|-1.000000|0.000000|-1|-1|0|0|148|150
81|150|17|MET|B|163|8|0|000|7.094065|-1.000000|-1.000000|0.000000|-1|-1|0|0|149|151
81|151|3|ALA|B|164|5|0|000|8.308837|-1.000000|-1.000000|0.000000|-1|-1|0|0|150|152
81|152|11|SER|B|165|6|0|000|11.481420|-1.000000|-1.000000|0.000000|-1|-1|0|0|151|153
81|153|7|LEU|B|166|8|0|000|12.017621|-1.000000|-1.000000|0.000000|-1|-1|0|0|152|154
81|154|27|GLN|B|167|9|0|000|14.147117|-1.000000|-1.000000|0.000000|-1|-1|0|0|153|155
81|155|5|VAL|B|168|7|0|000|13.147286|-1.000000|-1.000000|0.000000|-1|-1|0|0|154|156
81|156|1|GLY|B|169|4|0|000|16.818991|-1.000000|-1.000000|0.000000|-1|-1|0|0|155|157
81|157|21|ASP|B|170|8|0|000|19.817738|-1.000000|-1.000000|0.000000|-1|-1|0|0|156|158
81|158|11|SER|B|171|6|0|000|22.088783|-1.000000|-1.000000|0.000000|-1|-1|0|0|157|159
81|159|7|LEU|B|172|8|0|000|23.409803|-1.000000|-1.000000|0.000000|-1|-1|0|0|158|160
81|160|7|LEU|B|173|8|0|000|26.087215|-1.000000|-1.000000|0.000000|-1|-1|0|0|159|161
81|161|25|GLU|B|174|9|0|000|22.889847|-1.000000|-1.000000|0.000000|-1|-1|0|0|160|162
81|162|13|THR|B|175|7|0|000|19.636354|-1.000000|-1.000000|0.000000|-1|-1|0|0|161|163
81|163|11|SER|B|176|6|0|000|15.734820|-1.000000|-1.000000|0.000000|-1|-1|0|0|162|164
81|164|15|CYS|B|177|6|0|000|16.046072|-1.000000|-1.000000|0.000000|-1|-1|0|0|163|165
81|165|1|GLY|B|178|4|0|000|13.662091|-1.000000|-1.000000|0.000000|-1|-1|0|0|164|166
81|166|11|SER|B|179|6|0|000|13.528191|-1.000000|-1.000000|0.000000|-1|-1|0|0|165|167
81|167|19|PRO|B|180|7|0|000|16.480263|-1.000000|-1.000000|0.000000|-1|-1|0|0|166|168
81|168|33|HIS|B|181|10|0|000|17.559519|-1.000000|-1.000000|0.000000|-1|-1|0|0|167|169
81|169|37|TYR|B|182|12|0|000|13.329435|-1.000000|-1.000000|0.000000|-1|-1|0|0|168|170
81|170|3|ALA|B|183|5|0|000|14.067652|-1.000000|-1.000000|0.000000|-1|-1|0|0|169|171
81|171|15|CYS|B|184|6|0|000|14.951313|-1.000000|-1.000000|0.000000|-1|-1|0|0|170|172
81|172|19|PRO|B|185|7|0|000|18.547373|-1.000000|-1.000000|0.000000|-1|-1|0|0|171|173
81|173|25|GLU|B|186|9|0|000|17.018780|-1.000000|-1.000000|0.000000|-1|-1|0|0|172|174
81|174|5|VAL|B|187|7|0|000|14.709096|-1.000000|-1.000000|0.000000|-1|-1|0|0|173|175
81|175|9|ILE|B|188|8|0|000|18.185091|-1.000000|-1.000000|0.000000|-1|-1|0|0|174|176
81|176|31|ARG|B|189|11|0|000|21.254391|-1.000000|-1.000000|0.000000|-1|-1|0|0|175|177
81|177|1|GLY|B|190|4|0|000|19.237827|-1.000000|-1.000000|0.000000|-1|-1|0|0|176|178
81|178|25|GLU|B|191|9|0|000|20.097952|-1.000000|-1.000000|0.000000|-1|-1|0|0|177|179
81|179|29|LYS|B|192|9|0|000|18.594124|-1.000000|-1.000000|0.000000|-1|-1|0|0|178|180
81|180|37|TYR|B|193|12|0|000|13.643994|-1.000000|-1.000000|0.000000|-1|-1|0|0|179|181
81|181|21|ASP|B|194|8|0|000|13.914899|-1.000000|-1.000000|0.000000|-1|-1|0|0|180|182
81|182|1|GLY|B|195|4|0|000|10.198560|-1.000000|-1.000000|0.000000|-1|-1|0|0|181|183
81|183|31|ARG|B|196|11|0|000|12.392548|-1.000000|-1.000000|0.000000|-1|-1|0|0|182|184
81|184|29|LYS|B|197|9|0|000|14.729554|-1.000000|-1.000000|0.000000|-1|-1|0|0|183|185
81|185|3|ALA|B|198|5|0|000|10.887460|-1.000000|-1.000000|0.000000|-1|-1|0|0|184|186
81|186|21|ASP|B|199|8|0|000|7.843438|-1.000000|-1.000000|0.000000|-1|-1|0|0|185|187
81|187|5|VAL|B|200|7|0|000|12.551051|-1.000000|-1.000000|0.000000|-1|-1|0|0|186|188
81|188|39|TRP|B|201|14|0|000|15.452180|-1.000000|-1.000000|0.000000|-1|-1|0|0|187|189
81|189|11|SER|B|202|6|0|000|10.858487|-1.000000|-1.000000|0.000000|-1|-1|0|0|188|190
81|190|15|CYS|B|203|6|0|000|11.736306|-1.000000|-1.000000|0.000000|-1|-1|0|0|189|191
81|191|1|GLY|B|204|4|0|000|15.192007|-1.000000|-1.000000|0.000000|-1|-1|0|0|190|192
81|192|5|VAL|B|205|7|0|000|15.373319|-1.000000|-1.000000|0.000000|-1|-1|0|0|191|193
81|193|9|ILE|B|206|8|0|000|13.199225|-1.000000|-1.000000|0.000000|-1|-1|0|0|192|194
81|194|7|LEU|B|207|8|0|000|17.126474|-1.000000|-1.000000|0.000000|-1|-1|0|0|193|195
81|195|35|PHE|B|208|11|0|000|20.650938|-1.000000|-1.000000|0.000000|-1|-1|0|0|194|196
81|196|3|ALA|B|209|5|0|000|18.685314|-1.000000|-1.000000|0.000000|-1|-1|0|0|195|197
81|197|7|LEU|B|210|8|0|000|18.224890|-1.000000|-1.000000|0.000000|-1|-1|0|0|196|198
81|198|7|LEU|B|211|8|0|000|22.076607|-1.000000|-1.000000|0.000000|-1|-1|0|0|197|199
81|199|5|VAL|B|212|7|0|000|23.785233|-1.000000|-1.000000|0.000000|-1|-1|0|0|198|200
81|200|1|GLY|B|213|4|0|000|22.932058|-1.000000|-1.000000|0.000000|-1|-1|0|0|199|201
81|201|3|ALA|B|214|5|0|000|22.399456|-1.000000|-1.000000|0.000000|-1|-1|0|0|200|202
81|202|7|LEU|B|215|8|0|000|20.156261|-1.000000|-1.000000|0.000000|-1|-1|0|0|201|203
81|203|19|PRO|B|216|7|0|000|21.079847|-1.000000|-1.000000|0.000000|-1|-1|0|0|202|204
81|204|35|PHE|B|217|11|0|000|20.990534|-1.000000|-1.000000|0.000000|-1|-1|0|0|203|205
81|205|21|ASP|B|218|8|0|000|23.637083|-1.000000|-1.000000|0.000000|-1|-1|0|0|204|206
81|206|21|ASP|B|219|8|0|000|26.389872|-1.000000|-1.000000|0.000000|-1|-1|0|0|205|207
81|207|21|ASP|B|220|8|0|000|28.827436|-1.000000|-1.000000|0.000000|-1|-1|0|0|206|208
81|208|23|ASN|B|221|8|0|000|28.201818|-1.000000|-1.000000|0.000000|-1|-1|0|0|207|209
81|209|7|LEU|B|222|8|0|000|24.098700|-1.000000|-1.000000|0.000000|-1|-1|0|0|208|210
81|210|31|ARG|B|223|11|0|000|28.960413|-1.000000|-1.000000|0.000000|-1|-1|0|0|209|211
81|211|27|GLN|B|224|9|0|000|28.392412|-1.000000|-1.000000|0.000000|-1|-1|0|0|210|212
81|212|7|LEU|B|225|8|0|000|22.644075|-1.000000|-1.000000|0.000000|-1|-1|0|0|211|213
81|213|7|LEU|B|226|8|0|000|22.453783|-1.000000|-1.000000|0.000000|-1|-1|0|0|212|214
81|214|25|GLU|B|227|9|0|000|26.358583|-1.000000|-1.000000|0.000000|-1|-1|0|0|213|215
81|215|29|LYS|B|228|9|0|000|25.238726|-1.000000|-1.000000|0.000000|-1|-1|0|0|214|216
81|216|5|VAL|B|229|7|0|000|20.631828|-1.000000|-1.000000|0.000000|-1|-1|0|0|215|217
81|217|29|LYS|B|230|9|0|000|23.192762|-1.000000|-1.000000|0.000000|-1|-1|0|0|216|218
81|218|31|ARG|B|231|11|0|000|27.612411|-1.000000|-1.000000|0.000000|-1|-1|0|0|217|219
81|219|1|GLY|B|232|4|0|000|23.756065|-1.000000|-1.000000|0.000000|-1|-1|0|0|218|220
81|220|5|VAL|B|233|7|0|000|26.712898|-1.000000|-1.000000|0.000000|-1|-1|0|0|219|221
81|221|35|PHE|B|234|11|0|000|24.255772|-1.000000|-1.000000|0.000000|-1|-1|0|0|220|222
81|222|33|HIS|B|235|10|0|000|28.842781|-1.000000|-1.000000|0.000000|-1|-1|0|0|221|223
81|223|17|MET|B|236|8|0|000|26.848177|-1.000000|-1.000000|0.000000|-1|-1|0|0|222|224
81|224|19|PRO|B|237|7|0|000|27.915619|-1.000000|-1.000000|0.000000|-1|-1|0|0|223|225
81|225|33|HIS|B|238|10|0|000|32.550888|-1.000000|-1.000000|0.000000|-1|-1|0|0|224|226
81|226|35|PHE|B|239|11|0|000|29.415459|-1.000000|-1.000000|0.000000|-1|-1|0|0|225|227
81|227|9|ILE|B|240|8|0|000|26.973063|-1.000000|-1.000000|0.000000|-1|-1|0|0|226|228
81|228|19|PRO|B|241|7|0|000|28.069725|-1.000000|-1.000000|0.000000|-1|-1|0|0|227|229
81|229|19|PRO|B|242|7|0|000|29.839882|-1.000000|-1.000000|0.000000|-1|-1|0|0|228|230
81|230|21|ASP|B|243|8|0|000|27.083055|-1.000000|-1.000000|0.000000|-1|-1|0|0|229|231
81|231|15|CYS|B|244|6|0|000|24.030668|-1.000000|-1.000000|0.000000|-1|-1|0|0|230|232
81|232|27|GLN|B|245|9|0|000|26.533636|-1.000000|-1.000000|0.000000|-1|-1|0|0|231|233
81|233|11|SER|B|246|6|0|000|24.971262|-1.000000|-1.000000|0.000000|-1|-1|0|0|232|234
81|234|7|LEU|B|247|8|0|000|20.728247|-1.000000|-1.000000|0.000000|-1|-1|0|0|233|235
81|235|7|LEU|B|248|8|0|000|20.562939|-1.000000|-1.000000|0.000000|-1|-1|0|0|234|236
81|236|31|ARG|B|249|11|0|000|24.915077|-1.000000|-1.000000|0.000000|-1|-1|0|0|235|237
81|237|1|GLY|B|250|4|0|000|20.497545|-1.000000|-1.000000|0.000000|-1|-1|0|0|236|238
81|238|17|MET|B|251|8|0|000|16.811411|-1.000000|-1.000000|0.000000|-1|-1|0|0|237|239
81|239|9|ILE|B|252|8|0|000|18.940706|-1.000000|-1.000000|0.000000|-1|-1|0|0|238|240
81|240|25|GLU|B|253|9|0|000|21.422281|-1.000000|-1.000000|0.000000|-1|-1|0|0|239|241
81|241|5|VAL|B|254|7|0|000|21.811834|-1.000000|-1.000000|0.000000|-1|-1|0|0|240|242
81|242|21|ASP|B|255|8|0|000|23.005970|-1.000000|-1.000000|0.000000|-1|-1|0|0|241|243
81|243|3|ALA|B|256|5|0|000|19.556503|-1.000000|-1.000000|0.000000|-1|-1|0|0|242|244
81|244|3|ALA|B|257|5|0|000|22.170977|-1.000000|-1.000000|0.000000|-1|-1|0|0|243|245
81|245|31|ARG|B|258|11|0|000|24.882858|-1.000000|-1.000000|0.000000|-1|-1|0|0|244|246
81|246|31|ARG|B|259|11|0|000|17.696287|-1.000000|-1.000000|0.000000|-1|-1|0|0|245|247
81|247|7|LEU|B|260|8|0|000|18.969620|-1.000000|-1.000000|0.000000|-1|-1|0|0|246|248
81|248|13|THR|B|261|7|0|000|17.493404|-1.000000|-1.000000|0.000000|-1|-1|0|0|247|249
81|249|7|LEU|B|262|8|0|000|14.185618|-1.000000|-1.000000|0.000000|-1|-1|0|0|248|250
81|250|25|GLU|B|263|9|0|000|19.827381|-1.000000|-1.000000|0.000000|-1|-1|0|0|249|251
81|251|33|HIS|B|264|10|0|000|21.182241|-1.000000|-1.000000|0.000000|-1|-1|0|0|250|252
81|252|9|ILE|B|265|8|0|000|17.557373|-1.000000|-1.000000|0.000000|-1|-1|0|0|251|253
81|253|27|GLN|B|266|9|0|000|18.007080|-1.000000|-1.000000|0.000000|-1|-1|0|0|252|254
81|254|29|LYS|B|267|9|0|000|23.158831|-1.000000|-1.000000|0.000000|-1|-1|0|0|253|255
81|255|33|HIS|B|268|10|0|000|23.276407|-1.000000|-1.000000|0.000000|-1|-1|0|0|254|256
81|256|9|ILE|B|269|8|0|000|26.653273|-1.000000|-1.000000|0.000000|-1|-1|0|0|255|257
81|257|39|TRP|B|270|14|0|000|22.871136|-1.000000|-1.000000|0.000000|-1|-1|0|0|256|258
81|258|37|TYR|B|271|12|0|000|19.337826|-1.000000|-1.000000|0.000000|-1|-1|0|0|257|259
81|259|9|ILE|B|272|8|0|000|24.504328|-1.000000|-1.000000|0.000000|-1|-1|0|0|258|260
81|260|1|GLY|B|273|4|0|000|26.480749|-1.000000|-1.000000|0.000000|-1|-1|0|0|259|261
81|261|1|GLY|B|274|4|0|000|30.067661|-1.000000|-1.000000|0.000000|-1|-1|0|0|260|262
81|262|29|LYS|B|275|9|0|000|29.091312|-1.000000|-1.000000|0.000000|-1|-1|0|0|261|263
81|263|23|ASN|B|276|8|0|000|31.807531|-1.000000|-1.000000|0.000000|-1|-1|0|0|262|-1
81|264|29|LYS|B|287|9|0|000|18.212938|-1.000000|-1.000000|0.000000|-1|-1|0|0|-1|265
81|265|5|VAL|B|288|7|0|000|18.909426|-1.000000|-1.000000|0.000000|-1|-1|0|0|264|266
81|266|27|GLN|B|289|9|0|000|23.657877|-1.000000|-1.000000|0.000000|-1|-1|0|0|265|267
81|267|9|ILE|B|290|8|0|000|21.666298|-1.000000|-1.000000|0.000000|-1|-1|0|0|266|268
81|268|31|ARG|B|291|11|0|000|27.006401|-1.000000|-1.000000|0.000000|-1|-1|0|0|267|269
81|269|11|SER|B|292|6|0|000|28.303059|-1.000000|-1.000000|0.000000|-1|-1|0|0|268|270
81|270|7|LEU|B|293|8|0|000|28.758953|-1.000000|-1.000000|0.000000|-1|-1|0|0|269|271
81|271|19|PRO|B|294|7|0|000|33.028728|-1.000000|-1.000000|0.000000|-1|-1|0|0|270|272
81|272|11|SER|B|295|6|0|000|34.356247|-1.000000|-1.000000|0.000000|-1|-1|0|0|271|273
81|273|7|LEU|B|296|8|0|000|34.341652|-1.000000|-1.000000|0.000000|-1|-1|0|0|272|274
81|274|25|GLU|B|297|9|0|000|37.076412|-1.000000|-1.000000|0.000000|-1|-1|0|0|273|275
81|275|21|ASP|B|298|8|0|000|33.235577|-1.000000|-1.000000|0.000000|-1|-1|0|0|274|276
81|276|9|ILE|B|299|8|0|000|30.374645|-1.000000|-1.000000|0.000000|-1|-1|0|0|275|277
81|277|21|ASP|B|300|8|0|000|29.645891|-1.000000|-1.000000|0.000000|-1|-1|0|0|276|278
81|278|19|PRO|B|301|7|0|000|31.569002|-1.000000|-1.000000|0.000000|-1|-1|0|0|277|279
81|279|21|ASP|B|302|8|0|000|30.074688|-1.000000|-1.000000|0.000000|-1|-1|0|0|278|280
81|280|5|VAL|B|303|7|0|000|25.841154|-1.000000|-1.000000|0.000000|-1|-1|0|0|279|281
81|281|7|LEU|B|304|8|0|000|27.554533|-1.000000|-1.000000|0.000000|-1|-1|0|0|280|282
81|282|21|ASP|B|305|8|0|000|28.661682|-1.000000|-1.000000|0.000000|-1|-1|0|0|281|283
81|283|11|SER|B|306|6|0|000|24.296255|-1.000000|-1.000000|0.000000|-1|-1|0|0|282|284
81|284|17|MET|B|307|8|0|000|22.720476|-1.000000|-1.000000|0.000000|-1|-1|0|0|283|285
81|285|33|HIS|B|308|10|0|000|26.860821|-1.000000|-1.000000|0.000000|-1|-1|0|0|284|286
81|286|11|SER|B|309|6|0|000|24.148075|-1.000000|-1.000000|0.000000|-1|-1|0|0|285|287
81|287|7|LEU|B|310|8|0|000|20.852369|-1.000000|-1.000000|0.000000|-1|-1|0|0|286|288
81|288|1|GLY|B|311|4|0|000|22.067183|-1.000000|-1.000000|0.000000|-1|-1|0|0|287|289
81|289|15|CYS|B|312|6|0|000|19.976294|-1.000000|-1.000000|0.000000|-1|-1|0|0|288|290
81|290|35|PHE|B|313|11|0|000|21.640654|-1.000000|-1.000000|0.000000|-1|-1|0|0|289|291
81|291|31|ARG|B|314|11|0|000|25.791502|-1.000000|-1.000000|0.000000|-1|-1|0|0|290|292
81|292|21|ASP|B|315|8|0|000|27.755869|-1.000000|-1.000000|0.000000|-1|-1|0|0|291|293
81|293|31|ARG|B|316|11|0|000|30.275829|-1.000000|-1.000000|0.000000|-1|-1|0|0|292|294
81|294|23|ASN|B|317|8|0|000|31.258707|-1.000000|-1.000000|0.000000|-1|-1|0|0|293|295
81|295|29|LYS|B|318|9|0|000|26.027092|-1.000000|-1.000000|0.000000|-1|-1|0|0|294|296
81|296|7|LEU|B|319|8|0|000|25.092636|-1.000000|-1.000000|0.000000|-1|-1|0|0|295|297
81|297|7|LEU|B|320|8|0|000|29.119125|-1.000000|-1.000000|0.000000|-1|-1|0|0|296|298
81|298|27|GLN|B|321|9|0|000|29.020327|-1.000000|-1.000000|0.000000|-1|-1|0|0|297|299
81|299|21|ASP|B|322|8|0|000|24.205412|-1.000000|-1.000000|0.000000|-1|-1|0|0|298|300
81|300|7|LEU|B|323|8|0|000|25.368073|-1.000000|-1.000000|0.000000|-1|-1|0|0|299|301
81|301|7|LEU|B|324|8|0|000|29.696163|-1.000000|-1.000000|0.000000|-1|-1|0|0|300|302
81|302|11|SER|B|325|6|0|000|26.980036|-1.000000|-1.000000|0.000000|-1|-1|0|0|301|303
81|303|25|GLU|B|326|9|0|000|28.338324|-1.000000|-1.000000|0.000000|-1|-1|0|0|302|304
81|304|25|GLU|B|327|9|0|000|23.230612|-1.000000|-1.000000|0.000000|-1|-1|0|0|303|305
81|305|25|GLU|B|328|9|0|000|19.847548|-1.000000|-1.000000|0.000000|-1|-1|0|0|304|306
81|306|23|ASN|B|329|8|0|000|19.513979|-1.000000|-1.000000|0.000000|-1|-1|0|0|305|307
81|307|27|GLN|B|330|9|0|000|14.790016|-1.000000|-1.000000|0.000000|-1|-1|0|0|306|308
81|308|25|GLU|B|331|9|0|000|19.649431|-1.000000|-1.000000|0.000000|-1|-1|0|0|307|309
81|309|29|LYS|B|332|9|0|000|21.579576|-1.000000|-1.000000|0.000000|-1|-1|0|0|308|310
81|310|17|MET|B|333|8|0|000|16.486629|-1.000000|-1.000000|0.000000|-1|-1|0|0|309|311
81|311|9|ILE|B|334|8|0|000|17.742292|-1.000000|-1.000000|0.000000|-1|-1|0|0|310|312
81|312|37|TYR|B|335|12|0|000|23.899010|-1.000000|-1.000000|0.000000|-1|-1|0|0|311|313
81|313|35|PHE|B|336|11|0|000|22.535152|-1.000000|-1.000000|0.000000|-1|-1|0|0|312|314
81|314|7|LEU|B|337|8|0|000|18.093464|-1.000000|-1.000000|0.000000|-1|-1|0|0|313|315
81|315|7|LEU|B|338|8|0|000|21.442490|-1.000000|-1.000000|0.000000|-1|-1|0|0|314|316
81|316|7|LEU|B|339|8|0|000|25.327396|-1.000000|-1.000000|0.000000|-1|-1|0|0|315|317
81|317|21|ASP|B|340|8|0|000|23.456856|-1.000000|-1.000000|0.000000|-1|-1|0|0|316|318
81|318|31|ARG|B|341|11|0|000|21.823277|-1.000000|-1.000000|0.000000|-1|-1|0|0|317|319
81|319|29|LYS|B|342|9|0|000|27.314840|-1.000000|-1.000000|0.000000|-1|-1|0|0|318|320
81|320|7|LEU|B|343|8|0|000|28.482727|-1.000000|-1.000000|0.000000|-1|-1|0|0|319|321
81|321|25|GLU|B|344|9|0|000|26.756510|-1.000000|-1.000000|0.000000|-1|-1|0|0|320|-1
81|322|29|LYS|A|519|9|0|000|17.974226|-1.000000|-1.000000|0.000000|-1|-1|0|4|-1|323
81|323|29|LYS|A|520|9|0|000|16.521082|-1.000000|-1.000000|0.000000|-1|-1|0|4|322|324
81|324|11|SER|A|521|6|0|000|15.852117|-1.000000|-1.000000|0.000000|-1|-1|0|4|323|325
81|325|39|TRP|A|522|14|0|000|21.537014|-1.000000|-1.000000|0.000000|-1|-1|0|4|324|326
81|326|35|PHE|A|523|11|0|000|19.356022|-1.000000|-1.000000|0.000000|-1|-1|0|4|325|327
81|327|1|GLY|A|524|4|0|000|13.817932|-1.000000|-1.000000|0.000000|-1|-1|0|4|326|328
81|328|23|ASN|A|525|8|0|000|14.632517|-1.000000|-1.000000|0.000000|-1|-1|0|4|327|329
81|329|35|PHE|A|526|11|0|000|19.883345|-1.000000|-1.000000|0.000000|-1|-1|0|4|328|330
81|330|9|ILE|A|527|8|0|000|18.226896|-1.000000|-1.000000|0.000000|-1|-1|0|4|329|331
81|331|23|ASN|A|528|8|0|000|15.492554|-1.000000|-1.000000|0.000000|-1|-1|0|4|330|332
81|332|7|LEU|A|529|8|0|000|19.217012|-1.000000|-1.000000|0.000000|-1|-1|0|4|331|333
81|333|25|GLU|A|530|9|0|000|16.027882|-1.000000|-1.000000|0.000000|-1|-1|0|4|332|334
81|334|29|LYS|A|531|9|0|000|17.470921|-1.000000|-1.000000|0.000000|-1|-1|0|4|333|335
81|335|25|GLU|A|532|9|0|000|12.902572|-1.000000|-1.000000|0.000000|-1|-1|0|4|334|336
81|336|25|GLU|A|533|9|0|000|10.548572|-1.000000|-1.000000|0.000000|-1|-1|0|4|335|337
81|337|27|GLN|A|534|9|0|000|8.725110|-1.000000|-1.000000|0.000000|-1|-1|0|4|336|338
81|338|9|ILE|A|535|8|0|000|5.702331|-1.000000|-1.000000|0.000000|-1|-1|0|4|337|339
81|339|35|PHE|A|536|11|0|000|8.241079|-1.000000|-1.000000|0.000000|-1|-1|0|4|338|340
81|340|5|VAL|A|537|7|0|000|7.352380|-1.000000|-1.000000|0.000000|-1|-1|0|4|339|341
81|341|5|VAL|A|538|7|0|000|11.605490|-1.000000|-1.000000|0.000000|-1|-1|0|4|340|342
81|342|9|ILE|A|539|8|0|000|11.786963|-1.000000|-1.000000|0.000000|-1|-1|0|4|341|343
81|343|29|LYS|A|540|9|0|000|16.602404|-1.000000|-1.000000|0.000000|-1|-1|0|4|342|344
81|344|21|ASP|A|541|8|0|000|18.571980|-1.000000|-1.000000|0.000000|-1|-1|0|4|343|345
81|345|29|LYS|A|542|9|0|000|15.003296|-1.000000|-1.000000|0.000000|-1|-1|0|4|344|346
81|346|19|PRO|A|543|7|0|000|17.171637|-1.000000|-1.000000|0.000000|-1|-1|0|4|345|347
81|347|7|LEU|A|544|8|0|000|14.771107|-1.000000|-1.000000|0.000000|-1|-1|0|4|346|348
81|348|11|SER|A|545|6|0|000|16.506512|-1.000000|-1.000000|0.000000|-1|-1|0|4|347|349
81|349|11|SER|A|546|6|0|000|15.057295|-1.000000|-1.000000|0.000000|-1|-1|0|4|348|350
81|350|9|ILE|A|547|8|0|000|11.223139|-1.000000|-1.000000|0.000000|-1|-1|0|4|349|351
81|351|29|LYS|A|548|9|0|000|12.497396|-1.000000|-1.000000|0.000000|-1|-1|0|4|350|352
81|352|3|ALA|A|549|5|0|000|13.332826|-1.000000|-1.000000|0.000000|-1|-1|0|4|351|353
81|353|21|ASP|A|550|8|0|000|11.366574|-1.000000|-1.000000|0.000000|-1|-1|0|4|352|354
81|354|9|ILE|A|551|8|0|000|7.971758|-1.000000|-1.000000|0.000000|-1|-1|0|4|353|355
81|355|5|VAL|A|552|7|0|000|11.946569|-1.000000|-1.000000|0.000000|-1|-1|0|4|354|356
81|356|33|HIS|A|553|10|0|000|14.022188|-1.000000|-1.000000|0.000000|-1|-1|0|4|355|357
81|357|3|ALA|A|554|5|0|000|10.207745|-1.000000|-1.000000|0.000000|-1|-1|0|4|356|358
81|358|35|PHE|A|555|11|0|000|9.271907|-1.000000|-1.000000|0.000000|-1|-1|0|4|357|359
81|359|7|LEU|A|556|8|0|000|14.728920|-1.000000|-1.000000|0.000000|-1|-1|0|4|358|360
81|360|11|SER|A|557|6|0|000|14.272408|-1.000000|-1.000000|0.000000|-1|-1|0|4|359|361
81|361|9|ILE|A|558|8|0|000|12.579715|-1.000000|-1.000000|0.000000|-1|-1|0|4|360|362
81|362|19|PRO|A|559|7|0|000|16.752192|-1.000000|-1.000000|0.000000|-1|-1|0|4|361|363
81|363|11|SER|A|560|6|0|000|15.686981|-1.000000|-1.000000|0.000000|-1|-1|0|4|362|364
81|364|7|LEU|A|561|8|0|000|12.064195|-1.000000|-1.000000|0.000000|-1|-1|0|4|363|365
81|365|11|SER|A|562|6|0|000|13.941934|-1.000000|-1.000000|0.000000|-1|-1|0|4|364|366
81|366|33|HIS|A|563|10|0|000|12.543257|-1.000000|-1.000000|0.000000|-1|-1|0|4|365|367
81|367|11|SER|A|564|6|0|000|13.615240|-1.000000|-1.000000|0.000000|-1|-1|0|4|366|368
81|368|5|VAL|A|565|7|0|000|14.626956|-1.000000|-1.000000|0.000000|-1|-1|0|4|367|369
81|369|9|ILE|A|566|8|0|000|13.974808|-1.000000|-1.000000|0.000000|-1|-1|0|4|368|370
81|370|11|SER|A|567|6|0|000|14.556485|-1.000000|-1.000000|0.000000|-1|-1|0|4|369|371
81|371|27|GLN|A|568|9|0|000|16.460012|-1.000000|-1.000000|0.000000|-1|-1|0|4|370|372
81|372|13|THR|A|569|7|0|000|12.522610|-1.000000|-1.000000|0.000000|-1|-1|0|4|371|373
81|373|11|SER|A|570|6|0|000|10.900049|-1.000000|-1.000000|0.000000|-1|-1|0|4|372|374
81|374|35|PHE|A|571|11|0|000|9.310688|-1.000000|-1.000000|0.000000|-1|-1|0|4|373|375
81|375|31|ARG|A|572|11|0|000|11.320113|-1.000000|-1.000000|0.000000|-1|-1|0|4|374|376
81|376|3|ALA|A|573|5|0|000|9.634750|-1.000000|-1.000000|0.000000|-1|-1|0|4|375|377
81|377|25|GLU|A|574|9|0|000|13.669785|-1.000000|-1.000000|0.000000|-1|-1|0|4|376|378
81|378|37|TYR|A|575|12|0|000|13.061328|-1.000000|-1.000000|0.000000|-1|-1|0|4|377|379
81|379|29|LYS|A|576|9|0|000|17.243418|-1.000000|-1.000000|0.000000|-1|-1|0|4|378|-1
81|380|27|GLN|A|585|9|0|000|20.416037|-1.000000|-1.000000|0.000000|-1|-1|0|4|-1|381
81|381|29|LYS|A|586|9|0|000|19.078194|-1.000000|-1.000000|0.000000|-1|-1|0|4|380|382
81|382|19|PRO|A|587|7|0|000|16.178324|-1.000000|-1.000000|0.000000|-1|-1|0|4|381|383
81|383|5|VAL|A|588|7|0|000|11.667238|-1.000000|-1.000000|0.000000|-1|-1|0|4|382|384
81|384|29|LYS|A|589|9|0|000|12.963717|-1.000000|-1.000000|0.000000|-1|-1|0|4|383|385
81|385|35|PHE|A|590|11|0|000|6.688870|-1.000000|-1.000000|0.000000|-1|-1|0|4|384|386
81|386|27|GLN|A|591|9|0|000|8.137674|-1.000000|-1.000000|0.000000|-1|-1|0|4|385|387
81|387|5|VAL|A|592|7|0|000|5.262131|-1.000000|-1.000000|0.000000|-1|-1|0|4|386|388
81|388|21|ASP|A|593|8|0|000|7.964914|-1.000000|-1.000000|0.000000|-1|-1|0|4|387|389
81|389|9|ILE|A|594|8|0|000|9.774776|-1.000000|-1.000000|0.000000|-1|-1|0|4|388|390
81|390|13|THR|A|595|7|0|000|12.023160|-1.000000|-1.000000|0.000000|-1|-1|0|4|389|391
81|391|37|TYR|A|596|12|0|000|17.511824|-1.000000|-1.000000|0.000000|-1|-1|0|4|390|392
81|392|13|THR|A|597|7|0|000|16.598900|-1.000000|-1.000000|0.000000|-1|-1|0|4|391|393
81|393|25|GLU|A|598|9|0|000|20.878187|-1.000000|-1.000000|0.000000|-1|-1|0|4|392|394
81|394|1|GLY|A|599|4|0|000|22.978214|-1.000000|-1.000000|0.000000|-1|-1|0|4|393|-1
81|395|23|ASN|A|606|8|0|000|22.998432|-1.000000|-1.000000|0.000000|-1|-1|0|4|-1|396
81|396|1|GLY|A|607|4|0|000|19.140774|-1.000000|-1.000000|0.000000|-1|-1|0|4|395|397
81|397|9|ILE|A|608|8|0|000|16.618340|-1.000000|-1.000000|0.000000|-1|-1|0|4|396|398
81|398|37|TYR|A|609|12|0|000|13.919529|-1.000000|-1.000000|0.000000|-1|-1|0|4|397|399
81|399|11|SER|A|610|6|0|000|9.841259|-1.000000|-1.000000|0.000000|-1|-1|0|4|398|400
81|400|5|VAL|A|611|7|0|000|5.838305|-1.000000|-1.000000|0.000000|-1|-1|0|4|399|401
81|401|13|THR|A|612|7|0|000|5.896660|-1.000000|-1.000000|0.000000|-1|-1|0|4|400|402
81|402|35|PHE|A|613|11|0|000|1.671483|-1.000000|-1.000000|0.000000|-1|-1|0|4|401|403
81|403|13|THR|A|614|7|0|000|7.281218|-1.000000|-1.000000|0.000000|-1|-1|0|4|402|404
81|404|7|LEU|A|615|8|0|000|9.730429|-1.000000|-1.000000|0.000000|-1|-1|0|4|403|405
81|405|7|LEU|A|616|8|0|000|11.653000|-1.000000|-1.000000|0.000000|-1|-1|0|4|404|406
81|406|11|SER|A|617|6|0|000|13.797853|-1.000000|-1.000000|0.000000|-1|-1|0|4|405|407
81|407|1|GLY|A|618|4|0|000|14.174562|-1.000000|-1.000000|0.000000|-1|-1|0|4|406|408
81|408|19|PRO|A|619|7|0|000|14.508311|-1.000000|-1.000000|0.000000|-1|-1|0|4|407|409
81|409|11|SER|A|620|6|0|000|12.675567|-1.000000|-1.000000|0.000000|-1|-1|0|4|408|410
81|410|31|ARG|A|621|11|0|000|15.877843|-1.000000|-1.000000|0.000000|-1|-1|0|4|409|411
81|411|31|ARG|A|622|11|0|000|14.095813|-1.000000|-1.000000|0.000000|-1|-1|0|4|410|412
81|412|35|PHE|A|623|11|0|000|7.366445|-1.000000|-1.000000|0.000000|-1|-1|0|4|411|413
81|413|29|LYS|A|624|9|0|000|9.751326|-1.000000|-1.000000|0.000000|-1|-1|0|4|412|414
81|414|31|ARG|A|625|11|0|000|12.568305|-1.000000|-1.000000|0.000000|-1|-1|0|4|413|415
81|415|5|VAL|A|626|7|0|000|7.753669|-1.000000|-1.000000|0.000000|-1|-1|0|4|414|416
81|416|5|VAL|A|627|7|0|000|4.650132|-1.000000|-1.000000|0.000000|-1|-1|0|4|415|417
81|417|25|GLU|A|628|9|0|000|9.275040|-1.000000|-1.000000|0.000000|-1|-1|0|4|416|418
81|418|13|THR|A|629|7|0|000|9.194437|-1.000000|-1.000000|0.000000|-1|-1|0|4|417|419
81|419|9|ILE|A|630|8|0|000|5.766033|-1.000000|-1.000000|0.000000|-1|-1|0|4|418|420
81|420|27|GLN|A|631|9|0|000|7.209120|-1.000000|-1.000000|0.000000|-1|-1|0|4|419|421
81|421|3|ALA|A|632|5|0|000|10.477888|-1.000000|-1.000000|0.000000|-1|-1|0|4|420|422
81|422|27|GLN|A|633|9|0|000|11.400347|-1.000000|-1.000000|0.000000|-1|-1|0|4|421|423
81|423|7|LEU|A|634|8|0|000|8.698897|-1.000000|-1.000000|0.000000|-1|-1|0|4|422|424
81|424|7|LEU|A|635|8|0|000|11.733026|-1.000000|-1.000000|0.000000|-1|-1|0|4|423|425
81|425|11|SER|A|636|6|0|000|14.863534|-1.000000|-1.000000|0.000000|-1|-1|0|4|424|-1
81|426|49|EDO|B|401|4|0|000|20.051115|-1.000000|-1.000000|0.000000|-1|-1|0|2|-1|-1
81|427|49|EDO|B|402|4|0|000|26.361858|-1.000000|-1.000000|0.000000|-1|-1|0|3|-1|-1
81|428|43|HOH|B|501|1|0|000|17.872377|-1.000000|-1.000000|0.000000|-1|-1|0|1|-1|-1
81|429|43|HOH|B|502|1|0|000|22.845814|-1.000000|-1.000000|0.000000|-1|-1|0|1|-1|-1
81|430|43|HOH|B|503|1|0|000|26.467628|-1.000000|-1.000000|0.000000|-1|-1|0|1|-1|-1
81|431|43|HOH|B|504|1|0|000|23.872622|-1.000000|-1.000000|0.000000|-1|-1|0|1|-1|-1
81|432|43|HOH|B|505|1|0|000|29.324068|-1.000000|-1.000000|0.000000|-1|-1|0|1|-1|-1
81|433|43|HOH|B|506|1|0|000|15.190834|-1.000000|-1.000000|0.000000|-1|-1|0|1|-1|-1
81|434|43|HOH|B|507|1|0|000|23.551155|-1.000000|-1.000000|0.000000|-1|-1|0|1|-1|-1
81|435|43|HOH|B|508|1|0|000|27.738844|-1.000000|-1.000000|0.000000|-1|-1|0|1|-1|-1
81|436|43|HOH|B|509|1|0|000|20.191244|-1.000000|-1.000000|0.000000|-1|-1|0|1|-1|-1
81|437|43|HOH|B|510|1|0|000|27.805529|-1.000000|-1.000000|0.000000|-1|-1|0|1|-1|-1
81|438|43|HOH|B|511|1|0|000|13.592109|-1.000000|-1.000000|0.000000|-1|-1|0|1|-1|-1
81|439|43|HOH|B|512|1|0|000|32.188976|-1.000000|-1.000000|0.000000|-1|-1|0|1|-1|-1
81|440|43|HOH|B|513|1|0|000|4.774452|-1.000000|-1.000000|0.000000|-1|-1|0|1|-1|-1
81|441|43|HOH|B|514|1|0|000|5.389900|-1.000000|-1.000000|0.000000|-1|-1|0|1|-1|-1
81|442|43|HOH|B|515|1|0|000|16.264147|-1.000000|-1.000000|0.000000|-1|-1|0|1|-1|-1
81|443|43|HOH|B|516|1|0|000|18.155579|-1.000000|-1.000000|0.000000|-1|-1|0|1|-1|-1
81|444|43|HOH|B|517|1|0|000|12.859934|-1.000000|-1.000000|0.000000|-1|-1|0|1|-1|-1
81|445|43|HOH|B|518|1|0|000|8.613281|-1.000000|-1.000000|0.000000|-1|-1|0|1|-1|-1
81|446|43|HOH|B|519|1|0|000|7.536594|-1.000000|-1.000000|0.000000|-1|-1|0|1|-1|-1
81|447|43|HOH|B|520|1|0|000|25.768923|-1.000000|-1.000000|0.000000|-1|-1|0|1|-1|-1
81|448|43|HOH|B|521|1|0|000|18.693048|-1.000000|-1.000000|0.000000|-1|-1|0|1|-1|-1
81|449|43|HOH|B|522|1|0|000|9.850263|-1.000000|-1.000000|0.000000|-1|-1|0|1|-1|-1
81|450|43|HOH|B|523|1|0|000|20.314953|-1.000000|-1.000000|0.000000|-1|-1|0|1|-1|-1
81|451|43|HOH|B|524|1|0|000|11.131435|-1.000000|-1.000000|0.000000|-1|-1|0|1|-1|-1
81|452|43|HOH|B|525|1|0|000|12.529553|-1.000000|-1.000000|0.000000|-1|-1|0|1|-1|-1
81|453|43|HOH|B|526|1|0|000|24.130938|-1.000000|-1.000000|0.000000|-1|-1|0|1|-1|-1
81|454|43|HOH|B|527|1|0|000|13.690708|-1.000000|-1.000000|0.000000|-1|-1|0|1|-1|-1
81|455|43|HOH|B|528|1|0|000|14.605834|-1.000000|-1.000000|0.000000|-1|-1|0|1|-1|-1
81|456|43|HOH|B|529|1|0|000|9.994744|-1.000000|-1.000000|0.000000|-1|-1|0|1|-1|-1
81|457|43|HOH|B|530|1|0|000|18.502720|-1.000000|-1.000000|0.000000|-1|-1|0|1|-1|-1
81|458|43|HOH|B|531|1|0|000|23.687103|-1.000000|-1.000000|0.000000|-1|-1|0|1|-1|-1
81|459|43|HOH|B|532|1|0|000|17.802614|-1.000000|-1.000000|0.000000|-1|-1|0|1|-1|-1
81|460|43|HOH|B|533|1|0|000|17.855457|-1.000000|-1.000000|0.000000|-1|-1|0|1|-1|-1
81|461|43|HOH|B|534|1|0|000|13.827153|-1.000000|-1.000000|0.000000|-1|-1|0|1|-1|-1
81|462|43|HOH|B|535|1|0|000|16.329529|-1.000000|-1.000000|0.000000|-1|-1|0|1|-1|-1
81|463|43|HOH|B|536|1|0|000|15.726920|-1.000000|-1.000000|0.000000|-1|-1|0|1|-1|-1
81|464|43|HOH|B|537|1|0|000|15.204839|-1.000000|-1.000000|0.000000|-1|-1|0|1|-1|-1
81|465|43|HOH|B|538|1|0|000|12.617567|-1.000000|-1.000000|0.000000|-1|-1|0|1|-1|-1
81|466|43|HOH|B|539|1|0|000|15.531518|-1.000000|-1.000000|0.000000|-1|-1|0|1|-1|-1
81|467|43|HOH|B|540|1|0|000|11.069655|-1.000000|-1.000000|0.000000|-1|-1|0|1|-1|-1
81|468|43|HOH|B|541|1|0|000|20.147150|-1.000000|-1.000000|0.000000|-1|-1|0|1|-1|-1
81|469|43|HOH|B|542|1|0|000|16.009394|-1.000000|-1.000000|0.000000|-1|-1|0|1|-1|-1
81|470|43|HOH|B|543|1|0|000|16.922821|-1.000000|-1.000000|0.000000|-1|-1|0|1|-1|-1
81|471|43|HOH|B|544|1|0|000|15.589585|-1.000000|-1.000000|0.000000|-1|-1|0|1|-1|-1
81|472|43|HOH|B|545|1|0|000|6.097797|-1.000000|-1.000000|0.000000|-1|-1|0|1|-1|-1
81|473|43|HOH|B|546|1|0|000|7.188192|-1.000000|-1.000000|0.000000|-1|-1|0|1|-1|-1
81|474|43|HOH|B|547|1|0|000|4.646831|-1.000000|-1.000000|0.000000|-1|-1|0|1|-1|-1
81|475|43|HOH|B|548|1|0|000|20.754045|-1.000000|-1.000000|0.000000|-1|-1|0|1|-1|-1
81|476|43|HOH|B|549|1|0|000|22.902712|-1.000000|-1.000000|0.000000|-1|-1|0|1|-1|-1
81|477|43|HOH|B|550|1|0|000|11.231505|-1.000000|-1.000000|0.000000|-1|-1|0|1|-1|-1
81|478|43|HOH|B|551|1|0|000|10.419574|-1.000000|-1.000000|0.000000|-1|-1|0|1|-1|-1
81|479|43|HOH|B|552|1|0|000|15.817968|-1.000000|-1.000000|0.000000|-1|-1|0|1|-1|-1
81|480|43|HOH|B|553|1|0|000|13.175320|-1.000000|-1.000000|0.000000|-1|-1|0|1|-1|-1
81|481|43|HOH|B|554|1|0|000|12.186092|-1.000000|-1.000000|0.000000|-1|-1|0|1|-1|-1
81|482|43|HOH|B|555|1|0|000|6.639346|-1.000000|-1.000000|0.000000|-1|-1|0|1|-1|-1
81|483|43|HOH|B|556|1|0|000|18.290325|-1.000000|-1.000000|0.000000|-1|-1|0|1|-1|-1
81|484|43|HOH|B|557|1|0|000|25.065363|-1.000000|-1.000000|0.000000|-1|-1|0|1|-1|-1
81|485|43|HOH|B|558|1|0|000|25.529743|-1.000000|-1.000000|0.000000|-1|-1|0|1|-1|-1
81|486|43|HOH|B|559|1|0|000|25.507242|-1.000000|-1.000000|0.000000|-1|-1|0|1|-1|-1
81|487|43|HOH|A|701|1|0|000|16.694656|-1.000000|-1.000000|0.000000|-1|-1|0|5|-1|-1
81|488|43|HOH|A|702|1|0|000|9.010381|-1.000000|-1.000000|0.000000|-1|-1|0|5|-1|-1
81|489|43|HOH|A|703|1|0|000|17.250902|-1.000000|-1.000000|0.000000|-1|-1|0|5|-1|-1
81|490|43|HOH|A|704|1|0|000|12.234650|-1.000000|-1.000000|0.000000|-1|-1|0|5|-1|-1
81|491|43|HOH|A|705|1|0|000|15.251388|-1.000000|-1.000000|0.000000|-1|-1|0|5|-1|-1
81|492|43|HOH|A|706|1|0|000|15.920746|-1.000000|-1.000000|0.000000|-1|-1|0|5|-1|-1
81|493|43|HOH|A|707|1|0|000|9.753194|-1.000000|-1.000000|0.000000|-1|-1|0|5|-1|-1
81|494|43|HOH|A|708|1|0|000|17.273293|-1.000000|-1.000000|0.000000|-1|-1|0|5|-1|-1
