81|0|-1|389|15|469|LYS|2943|125|3489|-O--|428|8|2|0011|3.319906|-0.806951|-0.428627|0.406337|152.039322|0.015578|0.024005
81|1|-1|445|17|469|GLN|2743|138|3489|-O--|428|8|2|0011|2.447954|-0.320268|0.565778|0.759818|176.178848|0.164428|0.253384
81|2|-1|478|18|469|THR|1343|149|3489|-OG1|1728|8|3|0011|3.923560|0.462080|0.846935|0.263026|157.563339|0.003048|0.004696
81|3|-1|740|29|453|THR|1343|227|3473|-OG1|1728|8|3|0011|2.421659|-0.326223|-0.928702|-0.176325|9.912551|0.176539|0.272047
81|4|-1|794|32|428|LYS|2943|247|3448|-O--|428|8|2|0011|2.563603|-0.646356|-0.709159|0.281635|13.031199|0.120291|0.185368
81|5|-1|796|32|429|LYS|2943|247|3449|-O--|428|8|2|0011|3.964792|-0.382365|0.806347|0.451222|10.804623|0.002726|0.004201
81|6|-1|1274|50|444|LYS|2943|389|3464|-O--|428|8|2|0011|2.752030|-0.472378|-0.862999|0.179140|10.968145|0.072287|0.111395
81|7|-1|1434|54|445|GLU|2543|429|3465|-OE1|1028|8|2|0011|2.768316|-0.200844|-0.504278|0.839861|3.321130|0.069174|0.106598
81|8|-1|1436|54|444|GLU|2543|429|3464|-OE1|1028|8|2|0011|3.908034|0.383313|-0.095956|-0.918620|2.258781|0.003178|0.004898
81|9|-1|1437|54|482|GLU|2543|429|3502|-OE1|1028|8|2|0011|3.835989|0.531284|0.072211|0.844111|4.517274|0.003861|0.005950
81|10|-1|1438|54|445|GLU|2543|430|3465|-OE2|1028|8|2|0011|3.784091|-0.518222|-0.759760|0.392697|4.318772|0.004443|0.006846
81|11|-1|1439|54|482|GLU|2543|430|3502|-OE2|1028|8|2|0011|2.756936|0.229603|-0.435991|0.870169|5.568655|0.071335|0.109927
81|12|-1|1641|62|466|GLU|2543|488|3486|-O--|428|8|2|0011|3.774905|-0.389944|-0.112586|-0.913930|0.782296|0.004555|0.007019
81|13|-1|1667|63|471|HIS|3343|497|3491|-O--|428|8|2|0011|3.888739|-0.863777|0.447446|-0.231695|14.995097|0.003348|0.005160
81|14|-1|1671|63|467|HIS|3343|497|3487|-O--|428|8|2|0011|3.085300|0.528311|0.079733|-0.845299|8.535569|0.029368|0.045257
81|15|-1|1805|66|467|VAL|543|524|3487|-O--|428|8|2|0011|2.686445|-0.706882|0.010423|-0.707254|15.885082|0.086306|0.132998
81|16|-1|1839|67|440|LEU|743|531|3460|-O--|428|8|2|0011|3.909026|0.512916|-0.840363|0.175235|5.938502|0.003170|0.004884
81|17|-1|2252|84|461|GLU|2543|683|3481|-O--|428|8|2|0011|3.081827|0.640205|-0.173923|0.748257|26.800352|0.029645|0.045683
81|18|-1|2279|85|428|HIS|3343|692|3448|-O--|428|8|2|0011|3.973271|-0.105706|0.253947|-0.961424|7.964294|0.002664|0.004106
81|19|-1|2750|104|476|LYS|2943|841|3496|-O--|428|8|2|0011|2.595660|-0.962375|-0.064724|-0.263902|1.370406|0.110307|0.169984
81|20|-1|2877|108|443|LYS|2943|875|3463|-O--|428|8|2|0011|2.844768|-0.929425|0.317073|-0.188768|20.451014|0.056261|0.086698
81|21|-1|3114|115|454|SER|1143|942|3474|-O--|428|8|2|0011|2.990453|-0.958717|-0.117039|-0.259158|15.709805|0.037950|0.058481
81|22|-1|3127|115|454|SER|1143|944|3474|-OG-|1728|8|3|0011|3.793453|-0.376701|-0.557276|-0.739959|9.937891|0.004332|0.006675
81|23|-1|3220|118|454|ASP|2143|965|3474|-OD2|1028|8|2|0011|3.158639|0.023745|0.976053|0.216232|3.424912|0.024088|0.037119
81|24|-1|3395|124|445|SER|1143|1012|3465|-O--|428|8|2|0011|3.025481|0.940677|-0.165593|0.296151|3.005251|0.034522|0.053198
81|25|-1|3437|126|482|CYS|1543|1026|3502|-O--|428|8|2|0011|2.679463|0.496368|-0.296701|-0.815835|1.483192|0.087951|0.135532
81|26|-1|3439|126|441|CYS|1543|1026|3461|-O--|428|8|2|0011|3.515811|0.916431|0.252004|-0.310881|2.513533|0.009174|0.014137
81|27|-1|3454|126|445|CYS|1543|1028|3465|-SG-|1128|16|3|0011|3.984285|0.336823|0.441735|-0.831517|0.343369|0.009724|0.014584
81|28|-1|3478|127|441|HIS|3343|1032|3461|-O--|428|8|2|0011|3.066888|-0.007173|0.320520|-0.947214|0.020014|0.030867|0.047566
81|29|-1|3482|127|474|HIS|3343|1032|3494|-O--|428|8|2|0011|2.847248|0.583370|0.807446|-0.087804|0.970872|0.055885|0.086119
81|30|-1|3544|128|446|ARG|3143|1042|3466|-O--|428|8|2|0011|3.669338|-0.693858|0.131359|0.708030|20.439768|0.006058|0.009336
81|31|-1|3545|128|456|ARG|3143|1042|3476|-O--|428|8|2|0011|2.694668|0.165141|-0.392627|0.904750|16.817448|0.084410|0.130075
81|32|-1|3549|128|478|ARG|3143|1042|3498|-O--|428|8|2|0011|3.041035|0.850040|-0.202234|-0.486348|36.201523|0.033101|0.051008
81|33|-1|3550|128|477|ARG|3143|1042|3497|-O--|428|8|2|0011|3.592321|0.885778|-0.209335|0.414217|13.623877|0.007460|0.011496
81|34|-1|3599|129|449|ASP|2143|1056|3469|-OD1|1028|8|2|0011|3.731755|-0.590071|-0.382126|0.711194|27.112032|0.005118|0.007887
81|35|-1|3600|129|477|ASP|2143|1056|3497|-OD1|1028|8|2|0011|3.126536|0.013433|-0.994391|-0.104908|2.052814|0.026271|0.040484
81|36|-1|3621|130|449|LEU|743|1061|3469|-O--|428|8|2|0011|2.852852|0.453231|-0.801654|-0.389785|3.858561|0.055045|0.084825
81|37|-1|3861|138|459|ASP|2143|1129|3479|-OD1|1028|8|2|0011|3.987147|-0.866785|-0.024078|-0.498100|11.886716|0.002566|0.003955
81|38|-1|3877|138|459|ASP|2143|1130|3479|-OD2|1028|8|2|0011|2.299642|-0.995372|0.071751|-0.063923|7.475499|0.245505|0.378324
81|39|-1|3986|145|440|ILE|943|1189|3460|-O--|428|8|2|0011|2.807911|0.139250|-0.249296|-0.958364|5.544542|0.062154|0.095780
81|40|-1|4037|147|474|ASP|2143|1202|3494|-O--|428|8|2|0011|2.775268|0.497970|-0.834154|0.237094|3.460124|0.067887|0.104614
81|41|-1|4042|147|473|ASP|2143|1205|3493|-OD1|1028|8|2|0011|3.219503|-0.849510|0.452554|-0.271160|1.168777|0.020434|0.031489
81|42|-1|4058|148|472|PHE|3543|1210|3492|-O--|428|8|2|0011|3.112459|-0.244180|0.931418|0.269883|35.327637|0.027290|0.042054
81|43|-1|4107|150|473|MET|1743|1228|3493|-SD-|1628|16|3|0011|3.897415|-0.531121|0.463641|0.709188|20.323294|0.012297|0.018444
81|44|-1|4177|154|460|GLN|2743|1252|3480|-O--|428|8|2|0011|3.248944|0.921223|-0.380123|-0.082796|50.849758|0.018871|0.029081
81|45|-1|4228|157|436|ASP|2143|1275|3456|-OD1|1028|8|2|0011|3.411301|0.082960|-0.947732|0.308093|455.348511|0.012168|0.018751
81|46|-1|4232|157|436|ASP|2143|1276|3456|-OD2|1028|8|2|0011|3.769325|-0.154139|-0.956405|-0.248055|472.361267|0.004624|0.007125
81|47|-1|4291|160|430|LEU|743|1294|3450|-O--|428|8|2|0011|2.772106|0.499620|-0.483748|-0.718587|32.489075|0.068469|0.105512
81|48|-1|4303|161|460|GLU|2543|1302|3480|-O--|428|8|2|0011|3.756478|-0.811664|0.144550|-0.565956|18.009815|0.004787|0.007377
81|49|-1|4310|161|436|GLU|2543|1306|3456|-OE1|1028|8|2|0011|3.070894|-0.996452|-0.079130|-0.028656|21.481083|0.030534|0.047053
81|50|-1|4340|163|438|SER|1143|1318|3458|-O--|428|8|2|0011|3.473665|-0.836580|-0.542942|-0.073122|32.604874|0.010281|0.015843
81|51|-1|4362|164|455|CYS|1543|1324|3475|-O--|428|8|2|0011|3.226954|-0.335301|-0.382714|0.860874|50.919361|0.020027|0.030861
81|52|-1|4363|164|433|CYS|1543|1324|3453|-O--|428|8|2|0011|2.834587|-0.194032|-0.773305|-0.603615|56.107552|0.057831|0.089117
81|53|-1|4364|164|438|CYS|1543|1324|3458|-O--|428|8|2|0011|3.229414|-0.240601|0.186721|-0.952495|26.892847|0.019894|0.030657
81|54|-1|4384|165|455|GLY|143|1330|3475|-O--|428|8|2|0011|3.400134|-0.492922|-0.857907|-0.144994|58.297012|0.012541|0.019326
81|55|-1|4388|165|462|GLY|143|1330|3482|-O--|428|8|2|0011|2.526845|0.894000|0.405249|-0.191147|19.097553|0.132855|0.204729
81|56|-1|4406|166|455|SER|1143|1334|3475|-O--|428|8|2|0011|3.978922|0.423984|-0.493350|-0.759502|20.997007|0.002624|0.004044
81|57|-1|4436|167|442|PRO|1943|1340|3462|-O--|428|8|2|0011|3.596245|-0.876748|-0.286966|0.385958|8.878340|0.007382|0.011375
81|58|-1|4461|168|442|HIS|3343|1347|3462|-O--|428|8|2|0011|2.787254|-0.368822|-0.833796|-0.410799|0.509273|0.065723|0.101279
81|59|-1|4465|168|448|HIS|3343|1347|3468|-O--|428|8|2|0011|3.079001|0.142579|-0.031504|0.989282|1.884090|0.029873|0.046034
81|60|-1|4495|169|451|TYR|3743|1357|3471|-O--|428|8|2|0011|3.953460|-0.341979|-0.426209|-0.837494|18.179003|0.002811|0.004332
81|61|-1|4501|169|449|TYR|3743|1357|3469|-O--|428|8|2|0011|3.220267|0.258364|0.655225|-0.709879|2.901327|0.020392|0.031424
81|62|-1|4533|170|442|ALA|343|1369|3462|-O--|428|8|2|0011|2.779612|-0.016549|0.384946|0.922791|1.373655|0.067095|0.103393
81|63|-1|4598|171|451|CYS|1543|1376|3471|-SG-|1128|16|3|0011|3.554325|0.023352|0.989499|0.142643|19.038364|0.031081|0.046619
81|64|-1|4680|173|468|GLU|2543|1391|3488|-OE1|1028|8|2|0011|2.943428|0.239517|-0.911522|0.334304|3.372439|0.043093|0.066406
81|65|-1|4682|173|479|GLU|2543|1392|3499|-OE2|1028|8|2|0011|2.911278|-0.425243|-0.049463|-0.903727|0.557349|0.047005|0.072434
81|66|-1|4811|180|464|TYR|3743|1444|3484|-O--|428|8|2|0011|3.546523|-0.654725|0.126321|-0.745237|24.609058|0.008443|0.013011
81|67|-1|4814|180|465|TYR|3743|1444|3485|-O--|428|8|2|0011|3.670252|-0.625842|0.716844|-0.307336|0.424409|0.006043|0.009313
81|68|-1|4817|180|480|TYR|3743|1444|3500|-O--|428|8|2|0011|2.915986|0.346710|0.755491|-0.555901|32.840424|0.046410|0.071518
81|69|-1|4818|180|463|TYR|3743|1444|3483|-O--|428|8|2|0011|3.681210|0.799737|0.002173|-0.600346|16.468346|0.005867|0.009041
81|70|-1|4855|181|479|ASP|2143|1456|3499|-O--|428|8|2|0011|3.446891|0.290696|-0.939977|0.178712|7.355054|0.011052|0.017032
81|71|-1|4871|181|465|ASP|2143|1459|3485|-OD1|1028|8|2|0011|3.745545|0.606053|0.295551|-0.738477|4.252174|0.004931|0.007598
81|72|-1|4991|185|446|ALA|343|1488|3466|-O--|428|8|2|0011|3.722166|0.405409|0.809744|-0.424215|5.785194|0.005252|0.008094
81|73|-1|4995|185|451|ALA|343|1488|3471|-O--|428|8|2|0011|2.921734|0.961415|-0.113631|-0.250536|6.932228|0.045695|0.070416
81|74|-1|5026|186|446|ASP|2143|1496|3466|-OD1|1028|8|2|0011|2.856538|0.833176|-0.080167|0.547166|12.058645|0.054500|0.083984
81|75|-1|5139|189|446|SER|1143|1524|3466|-OG-|1728|8|3|0011|2.822761|-0.221414|0.344698|-0.912227|2.706385|0.059709|0.092012
81|76|-1|5140|189|451|SER|1143|1524|3471|-OG-|1728|8|3|0011|3.012099|0.224096|-0.787823|-0.573686|3.644666|0.035793|0.055157
81|77|-1|5141|189|456|SER|1143|1524|3476|-OG-|1728|8|3|0011|3.660556|0.646350|-0.154895|-0.747154|1.027499|0.006204|0.009560
81|78|-1|5142|189|449|SER|1143|1524|3469|-OG-|1728|8|3|0011|3.269583|0.874423|0.434918|-0.215012|6.881362|0.017847|0.027503
81|79|-1|5470|203|486|PRO|1943|1617|3506|-O--|428|8|2|0011|3.340329|0.456542|-0.889433|0.021854|50.421871|0.014741|0.022716
81|80|-1|5475|203|484|PRO|1943|1617|3504|-O--|428|8|2|0011|3.100515|0.982418|-0.126753|0.137074|7.377731|0.028185|0.043433
81|81|-1|5477|203|485|PRO|1943|1617|3505|-O--|428|8|2|0011|2.822149|-0.217919|-0.137130|0.966285|20.549864|0.059808|0.092164
81|82|-1|5501|204|448|PHE|3543|1624|3468|-O--|428|8|2|0011|2.725897|-0.932904|0.212774|-0.290547|1.162916|0.077577|0.119547
81|83|-1|5540|205|484|ASP|2143|1635|3504|-O--|428|8|2|0011|3.244133|-0.904402|-0.327052|0.274033|11.386414|0.019118|0.029461
81|84|-1|5598|207|437|ASP|2143|1651|3457|-O--|428|8|2|0011|3.993061|0.366386|-0.381912|-0.848472|6.271393|0.002526|0.003892
81|85|-1|5644|208|435|ASN|2343|1662|3455|-OD1|828|8|2|0011|3.474808|0.349084|0.498157|-0.793713|2.089602|0.010249|0.015794
81|86|-1|5829|215|447|LYS|2943|1720|3467|-O--|428|8|2|0011|2.770097|-0.032129|-0.357027|0.933541|3.307892|0.068842|0.106086
81|87|-1|5936|220|447|VAL|543|1760|3467|-O--|428|8|2|0011|2.591237|0.552246|-0.526004|-0.646796|13.172879|0.111634|0.172028
81|88|-1|5937|220|486|VAL|543|1760|3506|-O--|428|8|2|0011|2.788991|0.740411|0.648980|0.174974|41.275280|0.065415|0.100805
81|89|-1|5990|222|485|HIS|3343|1778|3505|-O--|428|8|2|0011|3.898966|0.894340|-0.008977|-0.447298|18.953037|0.003257|0.005019
81|90|-1|6184|229|432|PRO|1943|1839|3452|-O--|428|8|2|0011|2.829878|0.297540|-0.953751|0.042758|12.177180|0.058571|0.090259
81|91|-1|6391|236|431|ARG|3143|1891|3451|-O--|428|8|2|0011|3.810828|-0.501728|-0.798252|-0.333261|0.890584|0.004133|0.006369
81|92|-1|6466|239|458|ILE|943|1914|3478|-O--|428|8|2|0011|3.944288|0.201811|-0.974574|-0.097356|0.080200|0.002882|0.004440
81|93|-1|6511|240|458|GLU|2543|1926|3478|-OE1|1028|8|2|0011|3.676305|0.663982|0.360688|0.655005|11.475875|0.005945|0.009162
81|94|-1|6512|240|431|GLU|2543|1927|3451|-OE2|1028|8|2|0011|2.810922|-0.929232|0.311642|0.198511|2.242229|0.061650|0.095003
81|95|-1|6513|240|458|GLU|2543|1927|3478|-OE2|1028|8|2|0011|3.641899|0.970922|0.155139|0.182322|8.506806|0.006525|0.010055
81|96|-1|6532|241|468|VAL|543|1931|3488|-O--|428|8|2|0011|2.755455|0.708413|0.150610|-0.689541|5.511486|0.071621|0.110368
81|97|-1|6585|243|483|ALA|343|1946|3503|-O--|428|8|2|0011|2.753336|-0.796125|0.605084|0.007627|4.010453|0.072032|0.111002
81|98|-1|6631|246|483|ARG|3143|1967|3503|-O--|428|8|2|0011|2.648462|0.251089|-0.079291|-0.964711|8.417858|0.095637|0.147377
81|99|-1|6683|248|450|THR|1343|1988|3470|-OG1|1728|8|3|0011|2.701571|-0.690339|-0.455291|-0.562265|14.122619|0.082849|0.127671
81|100|-1|6750|250|450|GLU|2543|2006|3470|-OE2|1028|8|2|0011|2.913274|0.900705|-0.388910|0.193597|30.943130|0.046752|0.072045
81|101|-1|6762|251|434|HIS|3343|2010|3454|-O--|428|8|2|0011|2.860272|-0.238090|-0.757970|0.607285|0.070124|0.053952|0.083141
81|102|-1|7594|286|489|SER|1143|2299|3509|-OG-|1728|8|3|0011|2.897999|0.510352|0.584887|0.630435|21.407755|0.048722|0.075081
81|103|-1|8101|307|444|GLN|2743|2473|3464|-OE1|828|8|2|0011|2.931050|0.985654|-0.156258|0.063800|19.437946|0.044559|0.068665
81|104|-1|8479|325|489|TRP|3943|2628|3509|-O--|428|8|2|0011|2.707368|-0.709914|0.332427|-0.620898|8.383641|0.081561|0.125686
81|105|-1|8506|326|489|PHE|3543|2642|3509|-O--|428|8|2|0011|3.800838|0.348608|-0.560929|-0.750887|1.838231|0.004246|0.006543
81|106|-1|8560|328|493|ASN|2343|2660|3513|-OD1|828|8|2|0011|3.840529|0.511127|0.771248|-0.379375|2.484568|0.003814|0.005878
81|107|-1|8701|335|490|GLU|2543|2718|3510|-O--|428|8|2|0011|3.467827|0.778585|0.312588|0.544145|59.109016|0.010444|0.016095
81|108|-1|8760|337|490|GLN|2743|2740|3510|-OE1|828|8|2|0011|2.650713|-0.118459|-0.921261|0.370466|1.149137|0.095057|0.146483
81|109|-1|9781|378|491|TYR|3743|3062|3511|-OH-|1828|8|3|0011|3.469598|-0.082430|-0.875029|0.477000|54.102142|0.010394|0.016018
81|110|-1|9999|388|488|ASP|2143|3143|3508|-O--|428|8|2|0011|3.018951|0.172245|-0.246774|0.953642|11.393211|0.035136|0.054145
81|111|-1|10051|390|488|THR|1343|3161|3508|-OG1|1728|8|3|0011|2.739538|-0.405177|-0.473803|-0.781884|9.561403|0.074770|0.115220
81|112|-1|10199|399|488|SER|1143|3230|3508|-O--|428|8|2|0011|3.228341|-0.877850|-0.117398|0.464325|1.306487|0.019952|0.030746
81|113|-1|10203|399|488|SER|1143|3232|3508|-OG-|1728|8|3|0011|2.943804|-0.883890|0.333921|-0.327468|1.091733|0.043049|0.066339
81|114|-1|10241|401|488|THR|1343|3245|3508|-OG1|1728|8|3|0011|2.761314|0.531994|0.846335|0.026437|2.848321|0.070496|0.108634
81|115|-1|10508|413|493|LYS|2943|3340|3513|-O--|428|8|2|0011|3.662406|0.432230|-0.627183|0.647934|4.044008|0.006173|0.009512
81|116|-1|10618|417|493|GLU|2543|3379|3513|-OE2|1028|8|2|0011|3.317526|0.030746|0.239938|0.970301|61.231750|0.015678|0.024160
81|117|-1|10776|438|433|HOH|4343|3458|3453|-O--|2828|8|3|0001|3.118778|0.072785|-0.896184|0.437671|16.564493|0.026828|0.041342
81|118|-1|10776|433|438|HOH|4343|3453|3458|-O--|2828|8|3|0001|3.118778|-0.072785|0.896184|-0.437671|16.564493|0.026828|0.041342
81|119|-1|10777|437|435|HOH|4343|3457|3455|-O--|2828|8|3|0001|2.739338|-0.257361|-0.863347|-0.434047|13.456635|0.074810|0.115282
81|120|-1|10777|435|437|HOH|4343|3455|3457|-O--|2828|8|3|0001|2.739338|0.257361|0.863347|0.434047|13.456635|0.074810|0.115282
81|121|-1|10778|473|440|HOH|4343|3493|3460|-O--|2828|8|3|0001|3.750581|-0.835337|-0.499389|0.229831|13.332154|0.004864|0.007495
81|122|-1|10778|440|473|HOH|4343|3460|3493|-O--|2828|8|3|0001|3.750581|0.835337|0.499389|-0.229831|13.332154|0.004864|0.007495
81|123|-1|10779|472|440|HOH|4343|3492|3460|-O--|2828|8|3|0001|2.641924|-0.300538|-0.162382|0.939845|57.015087|0.097342|0.150004
81|124|-1|10779|440|472|HOH|4343|3460|3492|-O--|2828|8|3|0001|2.641924|0.300538|0.162382|-0.939845|57.015087|0.097342|0.150004
81|125|-1|10780|482|441|HOH|4343|3502|3461|-O--|2828|8|3|0001|2.756823|0.686297|0.609760|0.396471|4.225408|0.071357|0.109961
81|126|-1|10780|441|482|HOH|4343|3461|3502|-O--|2828|8|3|0001|2.756823|-0.686297|-0.609760|-0.396471|4.225408|0.071357|0.109961
81|127|-1|10781|474|441|HOH|4343|3494|3461|-O--|2828|8|3|0001|3.407839|-0.493861|-0.386168|-0.779086|0.992200|0.012283|0.018928
81|128|-1|10781|441|474|HOH|4343|3461|3494|-O--|2828|8|3|0001|3.407839|0.493861|0.386168|0.779086|0.992200|0.012283|0.018928
81|129|-1|10782|475|443|HOH|4343|3495|3463|-O--|2828|8|3|0001|2.782001|0.653846|0.144860|-0.742631|29.661625|0.066663|0.102727
81|130|-1|10782|443|475|HOH|4343|3463|3495|-O--|2828|8|3|0001|2.782001|-0.653846|-0.144860|0.742631|29.661625|0.066663|0.102727
81|131|-1|10783|457|443|HOH|4343|3477|3463|-O--|2828|8|3|0001|2.554874|-0.037575|-0.978913|0.200793|2.795840|0.123162|0.189793
81|132|-1|10783|443|457|HOH|4343|3463|3477|-O--|2828|8|3|0001|2.554874|0.037575|0.978913|-0.200793|2.795840|0.123162|0.189793
81|133|-1|10784|482|445|HOH|4343|3502|3465|-O--|2828|8|3|0001|3.218902|-0.805865|-0.519742|-0.283637|1.008814|0.020467|0.031540
81|134|-1|10784|445|482|HOH|4343|3465|3502|-O--|2828|8|3|0001|3.218902|0.805865|0.519742|0.283637|1.008814|0.020467|0.031540
81|135|-1|10785|451|446|HOH|4343|3471|3466|-O--|2828|8|3|0001|3.688241|-0.352472|0.907207|-0.229649|0.737865|0.005757|0.008871
81|136|-1|10785|446|451|HOH|4343|3466|3471|-O--|2828|8|3|0001|3.688241|0.352472|-0.907207|0.229649|0.737865|0.005757|0.008871
81|137|-1|10786|456|446|HOH|4343|3476|3466|-O--|2828|8|3|0001|3.367979|-0.888070|0.457248|0.047506|1.527255|0.013680|0.021081
81|138|-1|10786|446|456|HOH|4343|3466|3476|-O--|2828|8|3|0001|3.367979|0.888070|-0.457248|-0.047506|1.527255|0.013680|0.021081
81|139|-1|10787|449|446|HOH|4343|3469|3466|-O--|2828|8|3|0001|3.980483|-0.875271|-0.112800|-0.470295|11.164518|0.002613|0.004027
81|140|-1|10787|446|449|HOH|4343|3466|3469|-O--|2828|8|3|0001|3.980483|0.875271|0.112800|0.470295|11.164518|0.002613|0.004027
81|141|-1|10788|486|447|HOH|4343|3506|3467|-O--|2828|8|3|0001|3.892658|-0.162871|-0.815124|-0.555918|75.572571|0.003313|0.005105
81|142|-1|10788|447|486|HOH|4343|3467|3506|-O--|2828|8|3|0001|3.892658|0.162871|0.815124|0.555918|75.572571|0.003313|0.005105
81|143|-1|10789|456|449|HOH|4343|3476|3469|-O--|2828|8|3|0001|2.885861|0.170833|0.689222|0.704123|8.507494|0.050347|0.077585
81|144|-1|10789|449|456|HOH|4343|3469|3476|-O--|2828|8|3|0001|2.885861|-0.170833|-0.689222|-0.704123|8.507494|0.050347|0.077585
81|145|-1|10790|456|451|HOH|4343|3476|3471|-O--|2828|8|3|0001|2.671173|-0.633055|-0.676107|0.376988|2.380795|0.089943|0.138603
81|146|-1|10790|451|456|HOH|4343|3471|3476|-O--|2828|8|3|0001|2.671173|0.633055|0.676107|-0.376988|2.380795|0.089943|0.138603
81|147|-1|10791|477|455|HOH|4343|3497|3475|-O--|2828|8|3|0001|3.603651|0.907968|-0.303026|0.289429|11.216058|0.007235|0.011150
81|148|-1|10791|455|477|HOH|4343|3475|3497|-O--|2828|8|3|0001|3.603651|-0.907968|0.303026|-0.289429|11.216058|0.007235|0.011150
81|149|-1|10792|477|456|HOH|4343|3497|3476|-O--|2828|8|3|0001|2.913297|-0.939485|-0.105036|0.326091|43.334637|0.046749|0.072040
81|150|-1|10792|456|477|HOH|4343|3476|3497|-O--|2828|8|3|0001|2.913297|0.939485|0.105036|-0.326091|43.334637|0.046749|0.072040
81|151|-1|10793|480|463|HOH|4343|3500|3483|-O--|2828|8|3|0001|2.983527|0.647891|-0.735706|-0.197417|10.353241|0.038667|0.059586
81|152|-1|10793|463|480|HOH|4343|3483|3500|-O--|2828|8|3|0001|2.983527|-0.647891|0.735706|0.197417|10.353241|0.038667|0.059586
81|153|-1|10794|465|464|HOH|4343|3485|3484|-O--|2828|8|3|0001|2.657318|-0.009408|-0.821505|-0.570124|23.759199|0.093375|0.143891
81|154|-1|10794|464|465|HOH|4343|3484|3485|-O--|2828|8|3|0001|2.657318|0.009408|0.821505|0.570124|23.759199|0.093375|0.143891
81|155|-1|10795|480|464|HOH|4343|3500|3484|-O--|2828|8|3|0001|3.902999|-0.853959|-0.449654|-0.261850|4.496709|0.003222|0.004965
81|156|-1|10795|464|480|HOH|4343|3484|3500|-O--|2828|8|3|0001|3.902999|0.853959|0.449654|0.261850|4.496709|0.003222|0.004965
81|157|-1|10796|481|465|HOH|4343|3501|3485|-O--|2828|8|3|0001|3.020014|0.699666|-0.567216|0.434435|32.536598|0.035036|0.053990
81|158|-1|10796|465|481|HOH|4343|3485|3501|-O--|2828|8|3|0001|3.020014|-0.699666|0.567216|-0.434435|32.536598|0.035036|0.053990
81|159|-1|10797|480|465|HOH|4343|3500|3485|-O--|2828|8|3|0001|3.371809|-0.981076|0.126935|0.146212|31.861589|0.013539|0.020863
81|160|-1|10797|465|480|HOH|4343|3485|3500|-O--|2828|8|3|0001|3.371809|0.981076|-0.126935|-0.146212|31.861589|0.013539|0.020863
81|161|-1|10798|473|472|HOH|4343|3493|3492|-O--|2828|8|3|0001|3.191191|-0.732955|-0.452496|-0.507961|26.143026|0.022059|0.033993
81|162|-1|10798|472|473|HOH|4343|3492|3493|-O--|2828|8|3|0001|3.191191|0.732955|0.452496|0.507961|26.143026|0.022059|0.033993
81|163|-1|10799|478|477|HOH|4343|3498|3497|-O--|2828|8|3|0001|3.029566|0.197058|-0.045221|0.979348|14.215278|0.034143|0.052614
81|164|-1|10799|477|478|HOH|4343|3497|3498|-O--|2828|8|3|0001|3.029566|-0.197058|0.045221|-0.979348|14.215278|0.034143|0.052614
81|165|-1|10800|486|484|HOH|4343|3506|3504|-O--|2828|8|3|0001|3.013872|0.504666|0.855378|0.116793|73.004417|0.035622|0.054894
81|166|-1|10800|484|486|HOH|4343|3504|3506|-O--|2828|8|3|0001|3.013872|-0.504666|-0.855378|-0.116793|73.004417|0.035622|0.054894
