1878|0|2027|_MN|16102|MN--|25|32.349998|17.900072|0.990000|1.000000|5|5|6|0|1|0|6.602748|4|1|0|0|0|0|1|0|2|0|0|0|1|0|0|0|0|1|0|0|0|0|0|0|0|0|0|0|0|0|0|2.366213|2.191773|2.614744|1.179364|0.273688|2.039327|0.475688|9|0|1.208570|0.285746|2.092792|0.493382
1878|1|2028|SF4|16103|FE1-|26|14.420000|13.762621|0.990000|0.991639|4|4|5|0|1|0|5.832559|0|0|4|0|0|0|0|0|0|0|0|0|0|0|0|0|0|0|0|0|0|0|1|0|3|0|0|1|0|0|0|2.102163|2.020280|2.246851|4.799249|1.613514|10.509117|3.533180|8|3|4.823669|1.637868|10.562590|3.586508
1878|2|2028|SF4|16104|FE2-|26|15.760000|14.053215|0.990000|0.991555|4|4|5|0|1|0|5.919966|0|0|4|0|0|0|0|0|0|0|0|0|0|0|0|0|0|0|0|0|0|0|1|0|3|0|0|1|0|0|0|2.114405|2.050912|2.277296|4.658810|1.629307|10.201590|3.567761|8|3|4.683607|1.654066|10.255890|3.621979
1878|3|2028|SF4|16105|FE3-|26|16.990000|12.484184|0.990000|0.992296|4|4|5|0|1|0|5.651738|0|0|4|0|0|0|0|0|0|0|0|0|0|0|0|0|0|0|0|0|0|0|1|0|3|0|0|1|0|0|0|2.066533|2.024951|2.096318|5.163141|1.225170|11.305947|2.682805|9|3|5.187599|1.244409|11.361333|2.723701
1878|4|2028|SF4|16106|FE4-|26|13.390000|12.706119|0.990000|0.992087|4|4|5|0|1|0|5.591747|0|0|4|0|0|0|0|0|0|0|0|0|0|0|0|0|0|0|0|0|0|0|1|0|3|0|0|1|0|0|0|2.067222|2.029672|2.130461|5.168994|1.383402|11.318762|3.029294|8|3|5.190405|1.404785|11.365646|3.076117
1878|5|2029|_MN|16111|MN--|25|26.920000|15.066350|0.990000|1.000000|5|5|6|0|1|0|5.628038|4|1|0|0|0|0|1|0|2|0|0|0|1|0|0|0|0|1|0|0|0|0|0|0|0|0|0|0|0|0|0|2.356299|2.166020|2.516866|1.186476|0.299569|2.024095|0.453562|8|0|1.212817|0.314160|2.069113|0.479033
1878|6|2030|SF4|16112|FE1-|26|7.660000|8.078837|0.990000|0.991659|4|4|5|0|1|0|6.849463|0|0|4|0|0|0|0|0|0|0|0|0|0|0|0|0|0|0|0|0|0|0|1|0|3|0|0|1|0|0|0|2.124133|2.038761|2.264696|4.519881|1.538447|9.897372|3.368802|8|3|4.541776|1.560291|9.945318|3.416635
1878|7|2030|SF4|16113|FE2-|26|7.650000|7.728429|0.990000|0.991728|4|4|5|0|1|0|5.740606|0|0|4|0|0|0|0|0|0|0|0|0|0|0|0|0|0|0|0|0|0|0|1|0|3|0|0|1|0|0|0|2.095085|2.041767|2.223003|4.856396|1.544515|10.634254|3.382090|8|3|4.880912|1.568954|10.687937|3.435604
1878|8|2030|SF4|16114|FE3-|26|10.780000|8.587901|0.990000|0.992134|4|4|5|0|1|0|5.549344|0|0|4|0|0|0|0|0|0|0|0|0|0|0|0|0|0|0|0|0|0|0|1|0|3|0|0|1|0|0|0|2.075130|2.028844|2.130175|5.058117|1.320080|11.075970|2.890633|8|3|5.079157|1.340942|11.122043|2.936316
1878|9|2030|SF4|16115|FE4-|26|6.830000|7.904114|0.990000|0.991432|4|4|5|0|1|0|5.361758|0|0|4|0|0|0|0|0|0|0|0|0|0|0|0|0|0|0|0|0|0|0|1|0|3|0|0|1|0|0|0|2.102085|1.990875|2.290615|4.881329|1.791520|10.688850|3.922966|8|3|4.904842|1.814692|10.740338|3.973707
1878|10|2031|_MN|16120|MN--|25|37.049999|23.982704|0.800000|1.000000|4|4|6|0|2|0|11.843996|3|1|0|0|0|0|1|0|2|0|0|0|0|0|0|0|0|1|0|0|0|0|0|0|0|0|0|0|0|0|0|2.333570|2.205252|2.388727|0.988625|0.375114|1.708576|0.627025|7|0|1.014005|0.381435|1.754132|0.637843
1878|11|2032|SF4|16121|FE1-|26|21.930000|15.143289|0.990000|0.991651|4|4|5|0|1|0|6.136766|0|0|4|0|0|0|0|0|0|0|0|0|0|0|0|0|0|0|0|0|0|0|1|0|3|0|0|1|0|0|0|2.127804|2.065828|2.270749|4.467692|1.540193|9.783092|3.372625|8|3|4.491241|1.563696|9.834659|3.424092
1878|12|2032|SF4|16122|FE2-|26|18.219999|16.013632|0.990000|0.992247|4|4|5|0|1|0|7.691573|0|0|4|0|0|0|0|0|0|0|0|0|0|0|0|0|0|0|0|0|0|0|1|0|3|0|0|1|0|0|0|2.053236|2.020893|2.090638|5.350436|1.386749|11.716074|3.036622|8|3|5.368301|1.404371|11.755194|3.075210
1878|13|2032|SF4|16123|FE3-|26|20.180000|16.737583|0.990000|0.991737|4|4|5|0|1|0|6.930881|0|0|4|0|0|0|0|0|0|0|0|0|0|0|0|0|0|0|0|0|0|0|1|0|3|0|0|1|0|0|0|2.125570|2.043347|2.251754|4.481660|1.502235|9.813679|3.289506|9|3|4.506524|1.523078|9.869600|3.334225
1878|14|2032|SF4|16124|FE4-|26|16.000000|15.996616|0.990000|0.991640|4|4|5|0|1|0|5.275218|0|0|4|0|0|0|0|0|0|0|0|0|0|0|0|0|0|0|0|0|0|0|1|0|3|0|0|1|0|0|0|2.098913|2.017382|2.243331|4.841587|1.644362|10.601826|3.600729|8|3|4.866852|1.669511|10.657151|3.655797
1878|15|2033|_MN|16129|MN--|25|19.850000|17.311363|0.800000|1.000000|5|5|6|0|1|0|8.044689|4|1|0|0|0|0|1|0|2|0|0|0|1|0|0|0|0|1|0|0|0|0|0|0|0|0|0|0|0|0|0|2.320822|2.196144|2.450094|1.280729|0.387585|2.166273|0.622694|10|0|1.320837|0.408281|2.235726|0.654333
1878|16|2034|SF4|16130|FE1-|26|18.809999|15.729196|0.990000|0.991923|4|4|5|0|1|0|5.499209|0|0|4|0|0|0|0|0|0|0|0|0|0|0|0|0|0|0|0|0|0|0|1|0|3|0|0|1|0|0|0|2.086777|2.002472|2.176775|4.945830|1.462855|10.830091|3.203275|8|3|4.970338|1.486714|10.883756|3.255519
1878|17|2034|SF4|16131|FE2-|26|15.950000|15.445941|0.990000|0.991789|4|4|5|0|1|0|4.894659|0|0|4|0|0|0|0|0|0|0|0|0|0|0|0|0|0|0|0|0|0|0|1|0|3|0|0|1|0|0|0|2.084188|2.018561|2.199606|4.996441|1.545811|10.940917|3.384927|8|3|5.022040|1.571156|10.996970|3.440427
1878|18|2034|SF4|16132|FE3-|26|17.660000|15.862275|0.990000|0.991611|4|4|5|0|1|0|7.228850|0|0|4|0|0|0|0|0|0|0|0|0|0|0|0|0|0|0|0|0|0|0|1|0|3|0|0|1|0|0|0|2.127399|2.051872|2.279927|4.488147|1.589578|9.827884|3.480765|9|3|4.512798|1.608098|9.884074|3.519864
1878|19|2034|SF4|16133|FE4-|26|15.850000|15.650496|0.990000|0.992060|4|4|5|0|1|0|6.534940|0|0|4|0|0|0|0|0|0|0|0|0|0|0|0|0|0|0|0|0|0|0|1|0|3|0|0|1|0|0|0|2.055291|1.993526|2.122063|5.355642|1.455887|11.727474|3.188018|8|3|5.377243|1.477404|11.774773|3.235133
1878|20|2035|_MN|16138|MN--|25|35.400002|31.949522|0.800000|1.000000|5|5|6|0|1|1|17.113676|4|1|0|0|0|0|1|0|2|0|0|0|1|0|0|0|0|1|0|0|0|0|0|0|0|0|0|0|0|0|0|2.395698|2.226573|2.550585|1.058173|0.257779|1.780584|0.430308|7|0|1.078244|0.273515|1.814811|0.457196
1878|21|2036|SF4|16139|FE1-|26|17.080000|13.073906|0.990000|0.991662|4|4|5|0|1|0|6.843164|0|0|4|0|0|0|0|0|0|0|0|0|0|0|0|0|0|0|0|0|0|0|1|0|3|0|0|1|0|0|0|2.131673|2.023417|2.270382|4.440252|1.562761|9.723006|3.422042|8|3|4.464673|1.586614|9.776481|3.474276
1878|22|2036|SF4|16140|FE2-|26|13.820000|14.478878|0.990000|0.991993|4|4|5|0|1|0|6.912622|0|0|4|0|0|0|0|0|0|0|0|0|0|0|0|0|0|0|0|0|0|0|1|0|3|0|0|1|0|0|0|2.066625|2.000290|2.145093|5.199809|1.487704|11.386239|3.257688|8|3|5.223489|1.511366|11.438092|3.309501
1878|23|2036|SF4|16141|FE3-|26|15.710000|12.934404|0.990000|0.991713|4|4|5|0|1|0|6.015582|0|0|4|0|0|0|0|0|0|0|0|0|0|0|0|0|0|0|0|0|0|0|1|0|3|0|0|1|0|0|0|2.092368|2.027675|2.222603|4.906852|1.647477|10.744739|3.607550|8|3|4.928437|1.668951|10.792005|3.654573
1878|24|2036|SF4|16142|FE4-|26|15.190000|12.925188|0.990000|0.991994|4|4|5|0|1|0|5.518606|0|0|4|0|0|0|0|0|0|0|0|0|0|0|0|0|0|0|0|0|0|0|1|0|3|0|0|1|0|0|0|2.056912|1.975302|2.134539|5.349283|1.521458|11.713548|3.331600|8|3|5.373042|1.544943|11.765575|3.383027
1878|25|2037|_MN|16147|MN--|25|25.490000|28.862572|0.600000|1.000000|5|5|6|0|1|0|9.024643|4|1|0|0|0|0|1|0|2|0|0|0|1|0|0|0|0|1|0|0|0|0|0|0|0|0|0|0|0|0|0|2.318260|2.066550|2.486338|1.397121|0.300044|2.439061|0.498046|9|0|1.429215|0.297875|2.492415|0.493949
1878|26|2038|SF4|16148|FE1-|26|19.809999|18.892105|0.990000|0.991187|4|4|5|0|1|0|6.353188|0|0|4|0|0|0|0|0|0|0|0|0|0|0|0|0|0|0|0|0|0|0|1|0|3|0|0|1|0|0|0|2.137136|2.032117|2.386279|4.540775|1.849372|9.943124|4.049648|8|3|4.571096|1.879554|10.009521|4.115739
1878|27|2038|SF4|16149|FE2-|26|20.590000|21.381615|0.990000|0.991471|4|4|5|0|1|0|8.757789|0|0|4|0|0|0|0|0|0|0|0|0|0|0|0|0|0|0|0|0|0|0|1|0|3|0|0|1|0|0|0|2.094432|2.008641|2.275531|4.953473|1.870781|10.846828|4.096526|8|3|4.974926|1.892179|10.893803|4.143383
1878|28|2038|SF4|16150|FE3-|26|22.490000|18.607265|0.990000|0.991860|4|4|5|0|1|0|7.113869|0|0|4|0|0|0|0|0|0|0|0|0|0|0|0|0|0|0|0|0|0|0|1|0|3|0|0|1|0|0|0|2.113919|2.025327|2.216549|4.606001|1.487692|10.085954|3.257661|9|3|4.630836|1.507292|10.142299|3.299584
1878|29|2038|SF4|16151|FE4-|26|22.240000|21.099194|0.990000|0.991799|4|4|5|0|1|0|7.057857|0|0|4|0|0|0|0|0|0|0|0|0|0|0|0|0|0|0|0|0|0|0|1|0|3|0|0|1|0|0|0|2.077935|2.000999|2.190028|5.103590|1.672310|11.175546|3.661927|8|3|5.124717|1.693198|11.221807|3.707666
1878|30|2039|_MN|16156|MN--|25|34.320000|27.337269|0.800000|1.000000|5|5|6|0|1|0|8.370395|4|1|0|0|0|0|1|0|2|0|0|0|1|0|0|0|0|1|0|0|0|0|0|0|0|0|0|0|0|0|0|2.314255|2.170428|2.444514|1.301644|0.190583|2.221334|0.251285|8|0|1.326966|0.206236|2.266111|0.281517
1878|31|2040|SF4|16157|FE1-|26|17.590000|15.368901|0.990000|0.992275|4|4|5|0|1|0|6.063953|0|0|4|0|0|0|0|0|0|0|0|0|0|0|0|0|0|0|0|0|0|0|1|0|3|0|0|1|0|0|0|2.146640|2.134915|2.180613|4.152784|0.933009|9.093526|2.043049|9|3|4.171838|0.946650|9.137309|2.071855
1878|32|2040|SF4|16158|FE2-|26|18.570000|14.969159|0.990000|0.992269|4|4|5|0|1|0|3.738600|0|0|4|0|0|0|0|0|0|0|0|0|0|0|0|0|0|0|0|0|0|0|1|0|3|0|0|1|0|0|0|2.146270|2.134387|2.180175|4.156919|0.906272|9.102580|1.984501|8|3|4.172601|0.921953|9.136920|2.018838
1878|33|2040|SF4|16159|FE3-|26|18.750000|15.057950|0.990000|0.992108|4|4|5|0|1|0|4.237995|0|0|4|0|0|0|0|0|0|0|0|0|0|0|0|0|0|0|0|0|0|0|1|0|3|0|0|1|0|0|0|2.155263|2.134387|2.217105|4.069739|1.001781|8.911678|2.193642|9|3|4.090717|1.013938|8.960809|2.218162
1878|34|2040|SF4|16160|FE4-|26|14.870000|14.861874|0.990000|0.992654|4|4|5|0|1|0|4.739891|0|0|4|0|0|0|0|0|0|0|0|0|0|0|0|0|0|0|0|0|0|0|1|0|3|0|0|1|0|0|0|2.127084|2.103343|2.135430|4.375200|0.704675|9.580558|1.543056|8|3|4.390854|0.720098|9.614836|1.576829
1878|35|2041|_MN|16165|MN--|25|45.849998|49.258194|0.600000|1.000000|2|2|3|0|2|1|13.820045|2|0|0|0|0|0|0|0|2|0|0|0|0|0|0|0|0|0|0|0|0|0|0|0|0|0|0|0|0|0|0|2.343705|2.119916|2.567493|0.532266|0.454957|0.858787|0.734053|7|0|0.667269|0.424755|1.105593|0.671781
1878|36|2042|SF4|16166|FE1-|26|32.500000|26.991283|0.990000|0.992760|4|4|5|0|1|1|9.664823|0|0|4|0|0|0|0|0|0|0|0|0|0|0|0|0|0|0|0|0|0|0|1|0|3|0|0|1|0|0|0|2.050409|2.011255|2.078741|5.390841|1.050329|11.804549|2.299951|8|3|5.415304|1.072781|11.858118|2.349114
1878|37|2042|SF4|16167|FE2-|26|33.020000|31.216827|0.990000|0.992274|4|4|5|0|1|0|9.339043|0|0|4|0|0|0|0|0|0|0|0|0|0|0|0|0|0|0|0|0|0|0|1|0|3|0|0|1|0|0|0|2.063424|2.003358|2.109011|5.226268|1.348557|11.444177|2.952991|8|3|5.250722|1.372380|11.497726|3.005157
1878|38|2042|SF4|16168|FE3-|26|31.120001|29.833055|0.990000|0.991718|4|4|5|0|1|0|8.562901|0|0|4|0|0|0|0|0|0|0|0|0|0|0|0|0|0|0|0|0|0|0|1|0|3|0|0|1|0|0|0|2.118232|2.034536|2.248268|4.583164|1.624734|10.035946|3.557749|9|3|4.606756|1.641828|10.089800|3.593590
1878|39|2042|SF4|16169|FE4-|26|30.170000|29.481480|0.990000|0.991839|4|4|5|0|1|0|8.584513|0|0|4|0|0|0|0|0|0|0|0|0|0|0|0|0|0|0|0|0|0|0|1|0|3|0|0|1|0|0|0|2.123284|2.023738|2.226462|4.524579|1.551403|9.907660|3.397172|8|3|4.542820|1.569263|9.947603|3.436280
1878|40|2043|_MN|16174|MN--|25|43.150002|35.363312|0.700000|1.000000|4|4|6|0|2|0|10.430059|3|1|0|0|0|0|1|0|2|0|0|0|0|0|0|0|0|1|0|0|0|0|0|0|0|0|0|0|0|0|0|2.311054|2.135494|2.458458|1.082497|0.422771|1.873363|0.685747|6|0|1.095643|0.428335|1.894574|0.693982
1878|41|2044|SF4|16175|FE1-|26|39.930000|35.645569|0.990000|0.991738|4|4|5|0|1|0|8.796093|0|0|4|0|0|0|0|0|0|0|0|0|0|0|0|0|0|0|0|0|0|0|1|0|3|0|0|1|0|0|0|2.107426|2.052400|2.233255|4.695648|1.676272|10.282257|3.670604|8|3|4.720454|1.701066|10.336576|3.724896
1878|42|2044|SF4|16176|FE2-|26|36.200001|35.188728|0.990000|0.992342|4|4|5|0|1|0|9.123795|0|0|4|0|0|0|0|0|0|0|0|0|0|0|0|0|0|0|0|0|0|0|1|0|3|0|0|1|0|0|0|2.048440|2.019299|2.070355|5.414552|1.398788|11.856471|3.062983|8|3|5.440929|1.424614|11.914229|3.119537
1878|43|2044|SF4|16177|FE3-|26|39.230000|34.491714|0.990000|0.991828|4|4|5|0|1|1|10.078368|0|0|4|0|0|0|0|0|0|0|0|0|0|0|0|0|0|0|0|0|0|0|1|0|3|0|0|1|0|0|0|2.111516|2.054965|2.222128|4.627156|1.645044|10.132278|3.602223|9|3|4.651645|1.661695|10.188943|3.637005
1878|44|2044|SF4|16178|FE4-|26|37.970001|33.283859|0.990000|0.992134|4|4|5|0|1|1|9.849312|0|0|4|0|0|0|0|0|0|0|0|0|0|0|0|0|0|0|0|0|0|0|1|0|3|0|0|1|0|0|0|2.065917|2.035686|2.121366|5.178093|1.537152|11.338686|3.365966|8|3|5.201573|1.560372|11.390103|3.416811
1878|45|2045|_MN|16183|MN--|25|28.450001|32.503235|0.600000|1.000000|4|4|6|0|2|1|15.315220|3|1|0|0|0|0|1|0|2|0|0|0|0|0|0|0|0|1|0|0|0|0|0|0|0|0|0|0|0|0|0|2.319067|2.232984|2.430312|1.032781|0.416383|1.783619|0.709934|7|0|1.059716|0.420827|1.832271|0.717087
1878|46|2046|SF4|16184|FE1-|26|18.100000|16.383141|0.990000|0.991616|4|4|5|0|1|0|6.370523|0|0|4|0|0|0|0|0|0|0|0|0|0|0|0|0|0|0|0|0|0|0|1|0|3|0|0|1|0|0|0|2.118157|2.053440|2.269189|4.595495|1.620235|10.062949|3.547897|9|3|4.624770|1.645339|10.128766|3.602084
1878|47|2046|SF4|16185|FE2-|26|17.790001|19.176052|0.990000|0.991159|4|4|5|0|1|0|6.557930|0|0|4|0|0|0|0|0|0|0|0|0|0|0|0|0|0|0|0|0|0|0|1|0|3|0|0|1|0|0|0|2.119205|2.021185|2.376053|4.781555|1.966137|10.470372|4.305333|8|3|4.812643|1.997152|10.538446|4.373248
1878|48|2046|SF4|16186|FE3-|26|18.459999|16.799801|0.990000|0.992026|4|4|5|0|1|0|7.084754|0|0|4|0|0|0|0|0|0|0|0|0|0|0|0|0|0|0|0|0|0|0|1|0|3|0|0|1|0|0|0|2.071243|2.027141|2.146000|5.120304|1.498906|11.212144|3.282217|9|3|5.145883|1.517850|11.270597|3.322172
1878|49|2046|SF4|16187|FE4-|26|18.650000|17.192904|0.990000|0.991794|4|4|5|0|1|0|7.566176|0|0|4|0|0|0|0|0|0|0|0|0|0|0|0|0|0|0|0|0|0|0|1|0|3|0|0|1|0|0|0|2.062774|1.993230|2.177826|5.293147|1.751533|11.590626|3.835406|8|3|5.313059|1.771320|11.634228|3.878733
