77|0|-1|1439|45|307|HIS|_CU|3346|349|2272|-ND1|CU--|1340|7|29|3|0011|2.062703|-0.096960|0.430503|-0.897366|1.348209|0.294192|1.232334
77|1|-1|1440|45|306|HIS|_ZN|3346|349|2271|-ND1|ZN--|1340|7|30|3|0011|2.590188|-0.124315|-0.028956|-0.991820|3.064753|0.108966|0.296199
77|2|-1|1549|47|307|HIS|_CU|3346|369|2272|-NE2|CU--|1340|7|29|3|0011|1.990796|-0.519390|-0.379747|0.765523|2.817313|0.357301|1.496688
77|3|-1|1550|47|306|HIS|_ZN|3346|369|2271|-NE2|ZN--|1340|7|30|3|0011|2.222821|-0.520060|-0.773342|0.362602|4.779649|0.294098|0.799442
77|4|-1|2061|62|308|HIS|_ZN|3346|472|2273|-ND1|ZN--|1340|7|30|3|0011|2.041095|0.603108|-0.383128|0.699624|1.640352|0.480615|1.306448
77|5|-1|2084|62|307|HIS|_CU|3346|475|2272|-NE2|CU--|1340|7|29|3|0011|3.494413|-0.612120|0.787257|0.074405|0.181908|0.006140|0.025718
77|6|-1|2085|62|306|HIS|_ZN|3346|475|2271|-NE2|ZN--|1340|7|30|3|0011|2.918702|-0.774659|0.612600|-0.156919|1.703323|0.044842|0.121894
77|7|-1|2413|70|308|HIS|_ZN|3346|542|2273|-ND1|ZN--|1340|7|30|3|0011|2.058624|0.517336|0.760217|-0.392981|0.704557|0.458376|1.245996
77|8|-1|2753|79|308|HIS|_ZN|3346|619|2273|-ND1|ZN--|1340|7|30|3|0011|2.027603|-0.895639|0.178536|0.407378|1.137431|0.498463|1.354964
77|9|-1|2816|82|308|ASP|_ZN|2146|640|2273|-OD1|ZN--|1040|8|30|2|0011|1.930100|0.025387|-0.664214|-0.747111|2.852885|0.542764|1.104872
77|10|-1|2817|82|308|ASP|_ZN|2146|641|2273|-OD2|ZN--|1040|8|30|2|0011|2.803469|-0.417340|0.065633|-0.906377|1.231908|0.051224|0.104275
77|11|-1|3797|119|306|HIS|_ZN|3346|906|2271|-ND1|ZN--|1340|7|30|3|0011|3.720722|0.982605|0.169053|0.076867|9.680986|0.005132|0.013951
77|12|-1|3808|119|307|HIS|_CU|3346|909|2272|-NE2|CU--|1340|7|29|3|0011|2.097756|0.937668|0.285067|0.198784|0.850128|0.267600|1.120945
77|13|-1|3809|119|306|HIS|_ZN|3346|909|2271|-NE2|ZN--|1340|7|30|3|0011|1.904692|0.968661|-0.191632|-0.158031|2.483340|0.694869|1.888850
77|14|-1|4325|135|308|LYS|_ZN|2946|1026|2273|-O--|ZN--|440|8|30|2|0011|3.996819|0.165131|0.685795|0.708814|9.612496|0.002036|0.004144
77|15|-1|6153|198|313|HIS|_CU|3346|1483|2299|-ND1|CU--|1340|7|29|3|0011|2.380219|-0.633555|0.031930|0.773038|12.013297|0.124722|0.522443
77|16|-1|6154|198|313|HIS|_CU|3346|1483|2298|-ND1|CU--|1340|7|29|3|0011|2.053453|-0.586816|-0.431468|0.685187|0.691611|0.301639|1.263531
77|17|-1|6268|200|313|HIS|_CU|3346|1503|2299|-NE2|CU--|1340|7|29|3|0011|2.292420|-0.161401|0.773854|-0.612453|14.075536|0.158124|0.662360
77|18|-1|6269|200|313|HIS|_CU|3346|1503|2298|-NE2|CU--|1340|7|29|3|0011|2.009577|-0.033340|0.404065|-0.914123|0.161879|0.339616|1.422611
77|19|-1|6730|215|314|HIS|_ZN|3346|1606|2300|-ND1|ZN--|1340|7|30|3|0011|1.992659|0.878725|0.386920|-0.279526|0.307420|0.547835|1.489170
77|20|-1|6750|215|313|HIS|_CU|3346|1609|2299|-NE2|CU--|1340|7|29|3|0011|2.773472|-0.752126|-0.588432|-0.296740|8.329690|0.043088|0.180489
77|21|-1|6751|215|313|HIS|_CU|3346|1609|2298|-NE2|CU--|1340|7|29|3|0011|3.389020|-0.526111|-0.765413|-0.370608|2.817998|0.008163|0.034193
77|22|-1|7079|223|314|HIS|_ZN|3346|1676|2300|-ND1|ZN--|1340|7|30|3|0011|2.024765|0.218791|-0.721566|0.656867|1.816625|0.502302|1.365399
77|23|-1|7444|232|314|HIS|_ZN|3346|1747|2300|-ND1|ZN--|1340|7|30|3|0011|2.007017|-0.588934|-0.169406|-0.790227|0.598105|0.526983|1.432489
77|24|-1|7506|235|314|ASP|_ZN|2146|1768|2300|-OD1|ZN--|1040|8|30|2|0011|1.973687|-0.373919|0.671333|0.639919|0.276009|0.482447|0.982089
77|25|-1|7507|235|314|ASP|_ZN|2146|1769|2300|-OD2|ZN--|1040|8|30|2|0011|2.845109|-0.839335|-0.046395|0.541631|0.060296|0.045772|0.093176
77|26|-1|8523|272|313|HIS|_CU|3346|2035|2299|-ND1|CU--|1340|7|29|3|0011|3.801989|0.907157|-0.167281|0.386114|18.603733|0.002674|0.011200
77|27|-1|8536|272|313|HIS|_CU|3346|2038|2299|-NE2|CU--|1340|7|29|3|0011|1.911235|0.816226|0.165338|0.553569|10.215223|0.443016|1.855739
77|28|-1|8537|272|313|HIS|_CU|3346|2038|2298|-NE2|CU--|1340|7|29|3|0011|2.068504|0.900651|-0.312303|0.302151|1.614688|0.289616|1.213164
77|29|-1|9073|288|314|LYS|_ZN|2946|2155|2300|-O--|ZN--|440|8|30|2|0011|3.858278|0.538064|-0.663249|-0.520180|7.207484|0.002961|0.006027
77|30|-1|9428|479|306|HOH|_ZN|4346|2482|2271|-O--|ZN--|2840|8|30|3|0011|2.937113|0.210070|0.962510|-0.171597|10.138596|0.035695|0.072663
77|31|-1|9429|499|306|HOH|_ZN|4346|2502|2271|-O--|ZN--|2840|8|30|3|0011|3.045357|-0.028896|0.593690|0.804175|9.642934|0.026641|0.054232
77|32|-1|9430|306|307|_ZN|_CU|4646|2271|2272|ZN--|CU--|4040|30|29|1|0011|1.207386|0.101045|0.797592|0.594674|1.490980|-0.001000|-0.001000
77|33|-1|9430|307|306|_CU|_ZN|4646|2272|2271|CU--|ZN--|4040|29|30|1|0011|1.207386|-0.101045|-0.797592|-0.594674|1.490980|-0.001000|-0.001000
77|34|-1|9431|479|307|HOH|_CU|4346|2482|2272|-O--|CU--|2840|8|29|3|0011|3.867302|0.191089|0.980012|0.055336|13.030373|0.002700|0.005881
77|35|-1|9503|694|313|HOH|_CU|4346|2697|2298|-O--|CU--|2840|8|29|3|0011|3.779834|0.165087|-0.985229|0.045505|19.625311|0.003421|0.007450
77|36|-1|9504|701|313|HOH|_CU|4346|2704|2299|-O--|CU--|2840|8|29|3|0011|3.005367|0.391300|-0.604252|-0.694092|4.924393|0.027743|0.060422
77|37|-1|9505|694|313|HOH|_CU|4346|2697|2299|-O--|CU--|2840|8|29|3|0011|2.845649|0.112804|-0.970605|0.212605|2.756546|0.042719|0.093040
