77|0|45|306|47|HIS|_ZN|HIS|334633|349|2271|369|-ND1|ZN--|-NE2|134013|1440|1550|2.590188|2.222821|3.845636|105.818565
77|1|45|306|62|HIS|_ZN|HIS|334633|349|2271|475|-ND1|ZN--|-NE2|134013|1440|2085|2.590188|2.918702|3.418597|76.455567
77|2|45|306|119|HIS|_ZN|HIS|334633|349|2271|906|-ND1|ZN--|-ND1|134013|1440|3797|2.590188|3.720722|4.946830|101.729168
77|3|45|306|119|HIS|_ZN|HIS|334633|349|2271|909|-ND1|ZN--|-NE2|134013|1440|3809|2.590188|1.904692|3.150208|87.600441
77|4|45|306|479|HIS|_ZN|HOH|334643|349|2271|2482|-ND1|ZN--|-O--|134028|1440|9428|2.590188|2.937113|3.683416|83.326680
77|5|45|306|499|HIS|_ZN|HOH|334643|349|2271|2502|-ND1|ZN--|-O--|134028|1440|9429|2.590188|3.045357|5.364770|144.212862
77|6|45|306|307|HIS|_ZN|_CU|334646|349|2271|2272|-ND1|ZN--|CU--|134040|1440|9430|2.590188|1.207386|2.062703|51.283629
77|7|47|306|62|HIS|_ZN|HIS|334633|369|2271|475|-NE2|ZN--|-NE2|134013|1550|2085|2.222821|2.918702|3.888157|97.341294
77|8|119|306|47|HIS|_ZN|HIS|334633|906|2271|369|-ND1|ZN--|-NE2|134013|3797|1550|3.720722|2.222821|5.379484|127.870367
77|9|47|306|119|HIS|_ZN|HIS|334633|369|2271|909|-NE2|ZN--|-NE2|134013|1550|3809|2.222821|1.904692|3.473437|114.385023
77|10|47|306|479|HIS|_ZN|HOH|334643|369|2271|2482|-NE2|ZN--|-O--|134028|1550|9428|2.222821|2.937113|5.052301|156.322402
77|11|47|306|499|HIS|_ZN|HOH|334643|369|2271|2502|-NE2|ZN--|-O--|134028|1550|9429|2.222821|3.045357|4.034823|98.771954
77|12|47|306|307|HIS|_ZN|_CU|334646|369|2271|2272|-NE2|ZN--|CU--|134040|1550|9430|2.222821|1.207386|1.990796|63.016706
77|13|119|306|62|HIS|_ZN|HIS|334633|906|2271|475|-ND1|ZN--|-NE2|134013|3797|2085|3.720722|2.918702|6.075171|132.042669
77|14|62|306|119|HIS|_ZN|HIS|334633|475|2271|909|-NE2|ZN--|-NE2|134013|2085|3809|2.918702|1.904692|4.638889|147.455944
77|15|62|306|479|HIS|_ZN|HOH|334643|475|2271|2482|-NE2|ZN--|-O--|134028|2085|9428|2.918702|2.937113|3.060151|63.010456
77|16|62|306|499|HIS|_ZN|HOH|334643|475|2271|2502|-NE2|ZN--|-O--|134028|2085|9429|2.918702|3.045357|3.629459|74.936502
77|17|62|306|307|HIS|_ZN|_CU|334646|475|2271|2272|-NE2|ZN--|CU--|134040|2085|9430|2.918702|1.207386|3.494413|108.482457
77|18|119|306|119|HIS|_ZN|HIS|334633|906|2271|909|-ND1|ZN--|-NE2|134013|3797|3809|3.720722|1.904692|2.147633|24.869596
77|19|119|306|479|HIS|_ZN|HOH|334643|906|2271|2482|-ND1|ZN--|-O--|134028|3797|9428|3.720722|2.937113|3.832861|69.148858
77|20|119|306|499|HIS|_ZN|HOH|334643|906|2271|2502|-ND1|ZN--|-O--|134028|3797|9429|3.720722|3.045357|4.481757|82.311605
77|21|119|306|307|HIS|_ZN|_CU|334646|906|2271|2272|-ND1|ZN--|CU--|134040|3797|9430|3.720722|1.207386|4.220873|106.250240
77|22|119|306|479|HIS|_ZN|HOH|334643|909|2271|2482|-NE2|ZN--|-O--|134028|3809|9428|1.904692|2.937113|3.426085|87.354498
77|23|119|306|499|HIS|_ZN|HOH|334643|909|2271|2502|-NE2|ZN--|-O--|134028|3809|9429|1.904692|3.045357|4.002614|105.595603
77|24|119|306|307|HIS|_ZN|_CU|334646|909|2271|2272|-NE2|ZN--|CU--|134040|3809|9430|1.904692|1.207386|2.097756|81.434305
77|25|479|306|499|HOH|_ZN|HOH|434643|2482|2271|2502|-O--|ZN--|-O--|284028|9428|9429|2.937113|3.045357|3.202435|64.699339
77|26|479|306|307|HOH|_ZN|_CU|434646|2482|2271|2272|-O--|ZN--|CU--|284040|9428|9430|2.937113|1.207386|3.867302|133.383044
77|27|499|306|307|HOH|_ZN|_CU|434646|2502|2271|2272|-O--|ZN--|CU--|284040|9429|9430|3.045357|1.207386|4.208264|161.590634
77|28|45|307|47|HIS|_CU|HIS|334633|349|2272|369|-ND1|CU--|-NE2|134013|1439|1549|2.062703|1.990796|3.845636|143.137426
77|29|45|307|62|HIS|_CU|HIS|334633|349|2272|475|-ND1|CU--|-NE2|134013|1439|2084|2.062703|3.494413|3.418597|70.640172
77|30|45|307|119|HIS|_CU|HIS|334633|349|2272|909|-ND1|CU--|-NE2|134013|1439|3808|2.062703|2.097756|3.150208|98.428554
77|31|45|307|306|HIS|_CU|_ZN|334646|349|2272|2271|-ND1|CU--|ZN--|134040|1439|9430|2.062703|1.207386|2.590188|101.541125
77|32|45|307|479|HIS|_CU|HOH|334643|349|2272|2482|-ND1|CU--|-O--|134028|1439|9431|2.062703|3.867302|3.683416|69.285376
77|33|47|307|62|HIS|_CU|HIS|334633|369|2272|475|-NE2|CU--|-NE2|134013|1549|2084|1.990796|3.494413|3.888157|85.645394
77|34|47|307|119|HIS|_CU|HIS|334633|369|2272|909|-NE2|CU--|-NE2|134013|1549|3808|1.990796|2.097756|3.473437|116.301554
77|35|47|307|306|HIS|_CU|_ZN|334646|369|2272|2271|-NE2|CU--|ZN--|134040|1549|9430|1.990796|1.207386|2.222821|84.268241
77|36|47|307|479|HIS|_CU|HOH|334643|369|2272|2482|-NE2|CU--|-O--|134028|1549|9431|1.990796|3.867302|5.052301|115.407029
77|37|62|307|119|HIS|_CU|HIS|334633|475|2272|909|-NE2|CU--|-NE2|134013|2084|3808|3.494413|2.097756|4.638889|109.557616
77|38|62|307|306|HIS|_CU|_ZN|334646|475|2272|2271|-NE2|CU--|ZN--|134040|2084|9430|3.494413|1.207386|2.918702|52.388472
77|39|62|307|479|HIS|_CU|HOH|334643|475|2272|2482|-NE2|CU--|-O--|134028|2084|9431|3.494413|3.867302|3.060151|48.801607
77|40|119|307|306|HIS|_CU|_ZN|334646|909|2272|2271|-NE2|CU--|ZN--|134040|3808|9430|2.097756|1.207386|1.904692|63.875382
77|41|119|307|479|HIS|_CU|HOH|334643|909|2272|2482|-NE2|CU--|-O--|134028|3808|9431|2.097756|3.867302|3.426085|61.995105
77|42|479|307|306|HOH|_CU|_ZN|434646|2482|2272|2271|-O--|CU--|ZN--|284040|9431|9430|3.867302|1.207386|2.937113|33.502166
77|43|62|308|70|HIS|_ZN|HIS|334633|472|2273|542|-ND1|ZN--|-ND1|134013|2061|2413|2.041095|2.058624|3.246557|104.725579
77|44|62|308|79|HIS|_ZN|HIS|334633|472|2273|619|-ND1|ZN--|-ND1|134013|2061|2753|2.041095|2.027603|3.309886|108.878188
77|45|82|308|62|ASP|_ZN|HIS|214633|640|2273|472|-OD1|ZN--|-ND1|104013|2816|2061|1.930100|2.041095|3.143886|104.649617
77|46|82|308|62|ASP|_ZN|HIS|214633|641|2273|472|-OD2|ZN--|-ND1|104013|2817|2061|2.803469|2.041095|4.738240|155.639816
77|47|135|308|62|LYS|_ZN|HIS|294633|1026|2273|472|-O--|ZN--|-ND1|44013|4325|2061|3.996819|2.041095|3.835569|70.564334
77|48|70|308|79|HIS|_ZN|HIS|334633|542|2273|619|-ND1|ZN--|-ND1|134013|2413|2753|2.058624|2.027603|3.524287|119.190290
77|49|82|308|70|ASP|_ZN|HIS|214633|640|2273|542|-OD1|ZN--|-ND1|104013|2816|2413|1.930100|2.058624|3.088423|101.432444
77|50|82|308|70|ASP|_ZN|HIS|214633|641|2273|542|-OD2|ZN--|-ND1|104013|2817|2413|2.803469|2.058624|3.146778|79.036755
77|51|135|308|70|LYS|_ZN|HIS|294633|1026|2273|542|-O--|ZN--|-ND1|44013|4325|2413|3.996819|2.058624|3.848527|70.838561
77|52|82|308|79|ASP|_ZN|HIS|214633|640|2273|619|-OD1|ZN--|-ND1|104013|2816|2753|1.930100|2.027603|3.365231|116.466860
77|53|82|308|79|ASP|_ZN|HIS|214633|641|2273|619|-OD2|ZN--|-ND1|104013|2817|2753|2.803469|2.027603|3.433030|89.067993
77|54|135|308|79|LYS|_ZN|HIS|294633|1026|2273|619|-O--|ZN--|-ND1|44013|4325|2753|3.996819|2.027603|3.977218|74.734295
77|55|82|308|82|ASP|_ZN|ASP|214621|640|2273|641|-OD1|ZN--|-OD2|104010|2816|2817|1.930100|2.803469|2.200663|51.466279
77|56|135|308|82|LYS|_ZN|ASP|294621|1026|2273|640|-O--|ZN--|-OD1|44010|4325|2816|3.996819|1.930100|5.901988|168.779386
77|57|135|308|82|LYS|_ZN|ASP|294621|1026|2273|641|-O--|ZN--|-OD2|44010|4325|2817|3.996819|2.803469|6.226317|131.786577
77|58|142|309|309|ARG|SO4|SO4|314747|1066|2274|2278|-N--|-S--|-O4-|13331|4482|9432|3.263184|1.444715|2.592177|50.351988
77|59|142|309|309|ARG|SO4|SO4|314747|1066|2274|2276|-N--|-S--|-O2-|13331|4482|9433|3.263184|1.466708|4.577533|148.414223
77|60|142|309|501|ARG|SO4|HOH|314743|1066|2274|2504|-N--|-S--|-O--|13328|4482|9434|3.263184|3.439438|2.890548|51.011634
77|61|142|309|309|ARG|SO4|SO4|314747|1066|2274|2277|-N--|-S--|-O3-|13331|4482|9435|3.263184|1.449160|3.039687|68.223268
77|62|142|309|309|ARG|SO4|SO4|314747|1066|2274|2275|-N--|-S--|-O1-|13331|4482|9436|3.263184|1.468110|3.854132|102.358032
77|63|309|309|309|SO4|SO4|SO4|474747|2276|2274|2278|-O2-|-S--|-O4-|313331|9433|9432|1.466708|1.444715|2.375939|109.385275
77|64|501|309|309|HOH|SO4|SO4|434747|2504|2274|2278|-O--|-S--|-O4-|283331|9434|9432|3.439438|1.444715|2.065824|13.844376
77|65|309|309|309|SO4|SO4|SO4|474747|2277|2274|2278|-O3-|-S--|-O4-|313331|9435|9432|1.449160|1.444715|2.383353|110.890613
77|66|309|309|309|SO4|SO4|SO4|474747|2275|2274|2278|-O1-|-S--|-O4-|313331|9436|9432|1.468110|1.444715|2.394425|110.574155
77|67|501|309|309|HOH|SO4|SO4|434747|2504|2274|2276|-O--|-S--|-O2-|283331|9434|9433|3.439438|1.466708|4.032672|103.069238
77|68|309|309|309|SO4|SO4|SO4|474747|2276|2274|2277|-O2-|-S--|-O3-|313331|9433|9435|1.466708|1.449160|2.347904|107.260763
77|69|309|309|309|SO4|SO4|SO4|474747|2275|2274|2276|-O1-|-S--|-O2-|313331|9436|9433|1.468110|1.466708|2.376813|108.165906
77|70|501|309|309|HOH|SO4|SO4|434747|2504|2274|2277|-O--|-S--|-O3-|283331|9434|9435|3.439438|1.449160|4.006203|102.277954
77|71|501|309|309|HOH|SO4|SO4|434747|2504|2274|2275|-O--|-S--|-O1-|283331|9434|9436|3.439438|1.468110|4.437156|124.384179
77|72|309|309|309|SO4|SO4|SO4|474747|2275|2274|2277|-O1-|-S--|-O3-|313331|9436|9435|1.468110|1.449160|2.396423|110.460870
77|73|142|309|309|ARG|SO4|SO4|314747|1066|2275|2274|-N--|-O1-|-S--|13133|4486|9436|3.854132|1.468110|3.263184|55.797249
77|74|142|309|309|ARG|SO4|SO4|314747|1066|2275|2278|-N--|-O1-|-O4-|13131|4486|9437|3.854132|2.394425|2.592177|41.289423
77|75|142|309|309|ARG|SO4|SO4|314747|1066|2275|2276|-N--|-O1-|-O2-|13131|4486|9438|3.854132|2.376813|4.577533|91.408170
77|76|142|309|502|ARG|SO4|HOH|314743|1066|2275|2505|-N--|-O1-|-O--|13128|4486|9439|3.854132|3.466135|6.092774|112.567286
77|77|142|309|484|ARG|SO4|HOH|314743|1066|2275|2487|-N--|-O1-|-O--|13128|4486|9440|3.854132|3.229897|5.788681|109.284071
77|78|142|309|309|ARG|SO4|SO4|314747|1066|2275|2277|-N--|-O1-|-O3-|13131|4486|9441|3.854132|2.396423|3.039687|52.059721
77|79|309|309|309|SO4|SO4|SO4|474747|2278|2275|2274|-O4-|-O1-|-S--|313133|9437|9436|2.394425|1.468110|1.444715|34.394117
77|80|309|309|309|SO4|SO4|SO4|474747|2276|2275|2274|-O2-|-O1-|-S--|313133|9438|9436|2.376813|1.468110|1.466708|35.897211
77|81|502|309|309|HOH|SO4|SO4|434747|2505|2275|2274|-O--|-O1-|-S--|283133|9439|9436|3.466135|1.468110|4.200759|109.976521
77|82|484|309|309|HOH|SO4|SO4|434747|2487|2275|2274|-O--|-O1-|-S--|283133|9440|9436|3.229897|1.468110|4.019604|112.110684
77|83|309|309|309|SO4|SO4|SO4|474747|2277|2275|2274|-O3-|-O1-|-S--|313133|9441|9436|2.396423|1.468110|1.449160|34.511179
77|84|309|309|309|SO4|SO4|SO4|474747|2276|2275|2278|-O2-|-O1-|-O4-|313131|9438|9437|2.376813|2.394425|2.375939|59.730375
77|85|502|309|309|HOH|SO4|SO4|434747|2505|2275|2278|-O--|-O1-|-O4-|283131|9439|9437|3.466135|2.394425|4.127180|87.535512
77|86|484|309|309|HOH|SO4|SO4|434747|2487|2275|2278|-O--|-O1-|-O4-|283131|9440|9437|3.229897|2.394425|5.295678|140.172664
77|87|309|309|309|SO4|SO4|SO4|474747|2277|2275|2278|-O3-|-O1-|-O4-|313131|9441|9437|2.396423|2.394425|2.383353|59.666891
77|88|502|309|309|HOH|SO4|SO4|434747|2505|2275|2276|-O--|-O1-|-O2-|283131|9439|9438|3.466135|2.376813|4.329789|93.771307
77|89|484|309|309|HOH|SO4|SO4|434747|2487|2275|2276|-O--|-O1-|-O2-|283131|9440|9438|3.229897|2.376813|4.545781|107.365809
77|90|309|309|309|SO4|SO4|SO4|474747|2276|2275|2277|-O2-|-O1-|-O3-|313131|9438|9441|2.376813|2.396423|2.347904|58.927972
77|91|484|309|502|HOH|SO4|HOH|434743|2487|2275|2505|-O--|-O1-|-O--|283128|9440|9439|3.229897|3.466135|6.122726|132.204413
77|92|502|309|309|HOH|SO4|SO4|434747|2505|2275|2277|-O--|-O1-|-O3-|283131|9439|9441|3.466135|2.396423|5.590256|144.318725
77|93|484|309|309|HOH|SO4|SO4|434747|2487|2275|2277|-O--|-O1-|-O3-|283131|9440|9441|3.229897|2.396423|3.713227|81.129809
77|94|309|309|309|SO4|SO4|SO4|474747|2275|2276|2274|-O1-|-O2-|-S--|313133|9438|9433|2.376813|1.466708|1.468110|35.936883
77|95|309|309|309|SO4|SO4|SO4|474747|2278|2276|2274|-O4-|-O2-|-S--|313133|9442|9433|2.375939|1.466708|1.444715|35.000833
77|96|500|309|309|HOH|SO4|SO4|434747|2503|2276|2274|-O--|-O2-|-S--|283133|9443|9433|3.564006|1.466708|4.574543|125.513422
77|97|309|309|309|SO4|SO4|SO4|474747|2277|2276|2274|-O3-|-O2-|-S--|313133|9444|9433|2.347904|1.466708|1.449160|36.115687
77|98|309|309|309|SO4|SO4|SO4|474747|2275|2276|2278|-O1-|-O2-|-O4-|313131|9438|9442|2.376813|2.375939|2.394425|60.503126
77|99|500|309|309|HOH|SO4|SO4|434747|2503|2276|2275|-O--|-O2-|-O1-|283131|9443|9438|3.564006|2.376813|4.652130|101.200788
77|100|309|309|309|SO4|SO4|SO4|474747|2275|2276|2277|-O1-|-O2-|-O3-|313131|9438|9444|2.376813|2.347904|2.396423|60.952661
77|101|500|309|309|HOH|SO4|SO4|434747|2503|2276|2278|-O--|-O2-|-O4-|283131|9443|9442|3.564006|2.375939|5.855354|160.234475
77|102|309|309|309|SO4|SO4|SO4|474747|2277|2276|2278|-O3-|-O2-|-O4-|313131|9444|9442|2.347904|2.375939|2.383353|60.597787
77|103|500|309|309|HOH|SO4|SO4|434747|2503|2276|2277|-O--|-O2-|-O3-|283131|9443|9444|3.564006|2.347904|4.754644|105.213780
77|104|142|309|309|ARG|SO4|SO4|314747|1066|2277|2274|-N--|-O3-|-S--|13133|4485|9435|3.039687|1.449160|3.263184|85.498909
77|105|142|309|309|ARG|SO4|SO4|314747|1066|2277|2275|-N--|-O3-|-O1-|13131|4485|9441|3.039687|2.396423|3.854132|89.495798
77|106|142|309|309|ARG|SO4|SO4|314747|1066|2277|2276|-N--|-O3-|-O2-|13131|4485|9444|3.039687|2.347904|4.577533|115.751259
77|107|142|309|309|ARG|SO4|SO4|314747|1066|2277|2278|-N--|-O3-|-O4-|13131|4485|9445|3.039687|2.383353|2.592177|55.529445
77|108|142|309|482|ARG|SO4|HOH|314743|1066|2277|2485|-N--|-O3-|-O--|13128|4485|9446|3.039687|3.389720|4.680851|93.283903
77|109|142|309|484|ARG|SO4|HOH|314743|1066|2277|2487|-N--|-O3-|-O--|13128|4485|9447|3.039687|3.713227|5.788681|117.664688
77|110|309|309|309|SO4|SO4|SO4|474747|2275|2277|2274|-O1-|-O3-|-S--|313133|9441|9435|2.396423|1.449160|1.468110|35.027951
77|111|309|309|309|SO4|SO4|SO4|474747|2276|2277|2274|-O2-|-O3-|-S--|313133|9444|9435|2.347904|1.449160|1.466708|36.623550
77|112|309|309|309|SO4|SO4|SO4|474747|2278|2277|2274|-O4-|-O3-|-S--|313133|9445|9435|2.383353|1.449160|1.444715|34.494083
77|113|482|309|309|HOH|SO4|SO4|434747|2485|2277|2274|-O--|-O3-|-S--|283133|9446|9435|3.389720|1.449160|4.731687|153.582739
77|114|484|309|309|HOH|SO4|SO4|434747|2487|2277|2274|-O--|-O3-|-S--|283133|9447|9435|3.713227|1.449160|4.019604|91.432778
77|115|309|309|309|SO4|SO4|SO4|474747|2275|2277|2276|-O1-|-O3-|-O2-|313131|9441|9444|2.396423|2.347904|2.376813|60.119367
77|116|309|309|309|SO4|SO4|SO4|474747|2275|2277|2278|-O1-|-O3-|-O4-|313131|9441|9445|2.396423|2.383353|2.394425|60.124894
77|117|482|309|309|HOH|SO4|SO4|434747|2485|2277|2275|-O--|-O3-|-O1-|283131|9446|9441|3.389720|2.396423|5.003190|118.687791
77|118|484|309|309|HOH|SO4|SO4|434747|2487|2277|2275|-O--|-O3-|-O1-|283131|9447|9441|3.713227|2.396423|3.229897|59.252930
77|119|309|309|309|SO4|SO4|SO4|474747|2276|2277|2278|-O2-|-O3-|-O4-|313131|9444|9445|2.347904|2.383353|2.375939|60.283022
77|120|482|309|309|HOH|SO4|SO4|434747|2485|2277|2276|-O--|-O3-|-O2-|283131|9446|9444|3.389720|2.347904|5.555328|150.536200
77|121|484|309|309|HOH|SO4|SO4|434747|2487|2277|2276|-O--|-O3-|-O2-|283131|9447|9444|3.713227|2.347904|4.545781|94.484680
77|122|482|309|309|HOH|SO4|SO4|434747|2485|2277|2278|-O--|-O3-|-O4-|283131|9446|9445|3.389720|2.383353|5.555436|147.931159
77|123|484|309|309|HOH|SO4|SO4|434747|2487|2277|2278|-O--|-O3-|-O4-|283131|9447|9445|3.713227|2.383353|5.295678|118.980408
77|124|482|309|484|HOH|SO4|HOH|434743|2485|2277|2487|-O--|-O3-|-O--|283128|9446|9447|3.389720|3.713227|3.866831|65.783438
77|125|142|309|141|ARG|SO4|SER|314711|1066|2278|1065|-N--|-O4-|-OG-|13117|4481|4478|2.592177|3.908803|3.389720|58.765958
77|126|142|309|141|ARG|SO4|SER|314711|1069|2278|1065|-O--|-O4-|-OG-|43117|4499|4478|3.113641|3.908803|4.502975|78.874834
77|127|141|309|309|SER|SO4|SO4|114747|1065|2278|2274|-OG-|-O4-|-S--|173133|4478|9432|3.908803|1.444715|4.832078|121.988132
77|128|141|309|309|SER|SO4|SO4|114747|1065|2278|2275|-OG-|-O4-|-O1-|173131|4478|9437|3.908803|2.394425|6.091221|149.274076
77|129|141|309|309|SER|SO4|SO4|114747|1065|2278|2276|-OG-|-O4-|-O2-|173131|4478|9442|3.908803|2.375939|5.377636|115.495798
77|130|141|309|309|SER|SO4|SO4|114747|1065|2278|2277|-OG-|-O4-|-O3-|173131|4478|9445|3.908803|2.383353|4.600538|90.632998
77|131|141|309|501|SER|SO4|HOH|114743|1065|2278|2504|-OG-|-O4-|-O--|173128|4478|9448|3.908803|2.065824|2.600225|37.658811
77|132|142|309|142|ARG|SO4|ARG|314731|1066|2278|1069|-N--|-O4-|-O--|13104|4481|4499|2.592177|3.113641|2.903245|60.351036
77|133|142|309|309|ARG|SO4|SO4|314747|1066|2278|2274|-N--|-O4-|-S--|13133|4481|9432|2.592177|1.444715|3.263184|104.235187
77|134|142|309|309|ARG|SO4|SO4|314747|1066|2278|2275|-N--|-O4-|-O1-|13131|4481|9437|2.592177|2.394425|3.854132|101.155527
77|135|142|309|309|ARG|SO4|SO4|314747|1066|2278|2276|-N--|-O4-|-O2-|13131|4481|9442|2.592177|2.375939|4.577533|134.212120
77|136|142|309|309|ARG|SO4|SO4|314747|1066|2278|2277|-N--|-O4-|-O3-|13131|4481|9445|2.592177|2.383353|3.039687|75.182100
77|137|142|309|501|ARG|SO4|HOH|314743|1066|2278|2504|-N--|-O4-|-O--|13128|4481|9448|2.592177|2.065824|2.890548|75.775123
77|138|142|309|309|ARG|SO4|SO4|314747|1069|2278|2274|-O--|-O4-|-S--|43133|4499|9432|3.113641|1.444715|4.377645|145.135615
77|139|142|309|309|ARG|SO4|SO4|314747|1069|2278|2275|-O--|-O4-|-O1-|43131|4499|9437|3.113641|2.394425|4.610488|113.010330
77|140|142|309|309|ARG|SO4|SO4|314747|1069|2278|2276|-O--|-O4-|-O2-|43131|4499|9442|3.113641|2.375939|5.429514|162.876405
77|141|142|309|309|ARG|SO4|SO4|314747|1069|2278|2277|-O--|-O4-|-O3-|43131|4499|9445|3.113641|2.383353|5.054400|133.263072
77|142|142|309|501|ARG|SO4|HOH|314743|1069|2278|2504|-O--|-O4-|-O--|43128|4499|9448|3.113641|2.065824|2.585207|55.540111
77|143|309|309|309|SO4|SO4|SO4|474747|2275|2278|2274|-O1-|-O4-|-S--|313133|9437|9432|2.394425|1.444715|1.468110|35.031728
77|144|309|309|309|SO4|SO4|SO4|474747|2276|2278|2274|-O2-|-O4-|-S--|313133|9442|9432|2.375939|1.444715|1.466708|35.613892
77|145|309|309|309|SO4|SO4|SO4|474747|2277|2278|2274|-O3-|-O4-|-S--|313133|9445|9432|2.383353|1.444715|1.449160|34.615303
77|146|501|309|309|HOH|SO4|SO4|434747|2504|2278|2274|-O--|-O4-|-S--|283133|9448|9432|2.065824|1.444715|3.439438|156.522304
77|147|309|309|309|SO4|SO4|SO4|474747|2275|2278|2276|-O1-|-O4-|-O2-|313131|9437|9442|2.394425|2.375939|2.376813|59.766499
77|148|309|309|309|SO4|SO4|SO4|474747|2275|2278|2277|-O1-|-O4-|-O3-|313131|9437|9445|2.394425|2.383353|2.396423|60.208215
77|149|501|309|309|HOH|SO4|SO4|434747|2504|2278|2275|-O--|-O4-|-O1-|283131|9448|9437|2.065824|2.394425|4.437156|168.302390
77|150|309|309|309|SO4|SO4|SO4|474747|2276|2278|2277|-O2-|-O4-|-O3-|313131|9442|9445|2.375939|2.383353|2.347904|59.119192
77|151|501|309|309|HOH|SO4|SO4|434747|2504|2278|2276|-O--|-O4-|-O2-|283131|9448|9442|2.065824|2.375939|4.032672|130.303738
77|152|501|309|309|HOH|SO4|SO4|434747|2504|2278|2277|-O--|-O4-|-O3-|283131|9448|9445|2.065824|2.383353|4.006203|128.289536
77|153|293|310|289|GLY|SO4|THR|14713|2185|2279|2166|-N--|-S--|-OG1|13317|9173|9100|3.709966|3.542537|5.516998|99.026296
77|154|289|310|310|THR|SO4|SO4|134747|2166|2279|2282|-OG1|-S--|-O3-|173331|9100|9449|3.542537|1.441921|4.595417|129.433924
77|155|289|310|695|THR|SO4|HOH|134743|2166|2279|2698|-OG1|-S--|-O--|173328|9100|9450|3.542537|3.904041|5.815987|102.601401
77|156|289|310|672|THR|SO4|HOH|134743|2166|2279|2675|-OG1|-S--|-O--|173328|9100|9451|3.542537|3.936718|7.199388|148.508157
77|157|289|310|503|THR|SO4|HOH|134743|2166|2279|2506|-OG1|-S--|-O--|173328|9100|9452|3.542537|3.932221|6.219561|112.520954
77|158|289|310|310|THR|SO4|SO4|134747|2166|2279|2281|-OG1|-S--|-O2-|173331|9100|9453|3.542537|1.456318|4.332338|113.405447
77|159|289|310|310|THR|SO4|SO4|134747|2166|2279|2283|-OG1|-S--|-O4-|173331|9100|9454|3.542537|1.448964|3.518747|77.239688
77|160|289|310|505|THR|SO4|HOH|134743|2166|2279|2508|-OG1|-S--|-O--|173328|9100|9455|3.542537|3.653369|4.073124|68.928385
77|161|289|310|310|THR|SO4|SO4|134747|2166|2279|2280|-OG1|-S--|-O1-|173331|9100|9456|3.542537|1.476969|2.469078|34.396958
77|162|293|310|310|GLY|SO4|SO4|14747|2185|2279|2282|-N--|-S--|-O3-|13331|9173|9449|3.709966|1.441921|4.055555|93.239211
77|163|293|310|695|GLY|SO4|HOH|14743|2185|2279|2698|-N--|-S--|-O--|13328|9173|9450|3.709966|3.904041|5.870227|100.852696
77|164|293|310|672|GLY|SO4|HOH|14743|2185|2279|2675|-N--|-S--|-O--|13328|9173|9451|3.709966|3.936718|4.137097|65.429367
77|165|293|310|503|GLY|SO4|HOH|14743|2185|2279|2506|-N--|-S--|-O--|13328|9173|9452|3.709966|3.932221|4.421177|70.624986
77|166|293|310|310|GLY|SO4|SO4|14747|2185|2279|2281|-N--|-S--|-O2-|13331|9173|9453|3.709966|1.456318|2.982835|49.711578
77|167|293|310|310|GLY|SO4|SO4|14747|2185|2279|2283|-N--|-S--|-O4-|13331|9173|9454|3.709966|1.448964|5.088741|158.923028
77|168|293|310|505|GLY|SO4|HOH|14743|2185|2279|2508|-N--|-S--|-O--|13328|9173|9455|3.709966|3.653369|3.650630|59.437095
77|169|293|310|310|GLY|SO4|SO4|14747|2185|2279|2280|-N--|-S--|-O1-|13331|9173|9456|3.709966|1.476969|3.510758|70.712444
77|170|695|310|310|HOH|SO4|SO4|434747|2698|2279|2282|-O--|-S--|-O3-|283331|9450|9449|3.904041|1.441921|4.841644|122.932957
77|171|672|310|310|HOH|SO4|SO4|434747|2675|2279|2282|-O--|-S--|-O3-|283331|9451|9449|3.936718|1.441921|3.961639|80.456324
77|172|503|310|310|HOH|SO4|SO4|434747|2506|2279|2282|-O--|-S--|-O3-|283331|9452|9449|3.932221|1.441921|4.778677|117.831251
77|173|310|310|310|SO4|SO4|SO4|474747|2281|2279|2282|-O2-|-S--|-O3-|313331|9453|9449|1.456318|1.441921|2.400130|111.814101
77|174|310|310|310|SO4|SO4|SO4|474747|2282|2279|2283|-O3-|-S--|-O4-|313331|9449|9454|1.441921|1.448964|2.296652|105.205680
77|175|505|310|310|HOH|SO4|SO4|434747|2508|2279|2282|-O--|-S--|-O3-|283331|9455|9449|3.653369|1.441921|3.593425|76.197671
77|176|310|310|310|SO4|SO4|SO4|474747|2280|2279|2282|-O1-|-S--|-O3-|313331|9456|9449|1.476969|1.441921|2.403328|110.841549
77|177|672|310|695|HOH|SO4|HOH|434743|2675|2279|2698|-O--|-S--|-O--|283328|9451|9450|3.936718|3.904041|3.772500|57.517904
77|178|503|310|695|HOH|SO4|HOH|434743|2506|2279|2698|-O--|-S--|-O--|283328|9452|9450|3.932221|3.904041|2.081326|30.802749
77|179|695|310|310|HOH|SO4|SO4|434747|2698|2279|2281|-O--|-S--|-O2-|283331|9450|9453|3.904041|1.456318|3.212141|51.719188
77|180|695|310|310|HOH|SO4|SO4|434747|2698|2279|2283|-O--|-S--|-O4-|283331|9450|9454|3.904041|1.448964|3.433643|60.616132
77|181|505|310|695|HOH|SO4|HOH|434743|2508|2279|2698|-O--|-S--|-O--|283328|9455|9450|3.653369|3.904041|7.380558|155.146876
77|182|695|310|310|HOH|SO4|SO4|434747|2698|2279|2280|-O--|-S--|-O1-|283331|9450|9456|3.904041|1.476969|4.920679|126.071207
77|183|503|310|672|HOH|SO4|HOH|434743|2506|2279|2675|-O--|-S--|-O--|283328|9452|9451|3.932221|3.936718|2.544473|37.732020
77|184|672|310|310|HOH|SO4|SO4|434747|2675|2279|2281|-O--|-S--|-O2-|283331|9451|9453|3.936718|1.456318|2.877298|35.457497
77|185|672|310|310|HOH|SO4|SO4|434747|2675|2279|2283|-O--|-S--|-O4-|283331|9451|9454|3.936718|1.448964|4.577662|107.117016
77|186|505|310|672|HOH|SO4|HOH|434743|2508|2279|2675|-O--|-S--|-O--|283328|9455|9451|3.653369|3.936718|6.499347|117.757773
77|187|672|310|310|HOH|SO4|SO4|434747|2675|2279|2280|-O--|-S--|-O1-|283331|9451|9456|3.936718|1.476969|5.093454|135.288269
77|188|503|310|310|HOH|SO4|SO4|434747|2506|2279|2281|-O--|-S--|-O2-|283331|9452|9453|3.932221|1.456318|2.625131|21.007039
77|189|503|310|310|HOH|SO4|SO4|434747|2506|2279|2283|-O--|-S--|-O4-|283331|9452|9454|3.932221|1.448964|4.224207|91.418367
77|190|503|310|505|HOH|SO4|HOH|434743|2506|2279|2508|-O--|-S--|-O--|283328|9452|9455|3.932221|3.653369|6.850251|129.089894
77|191|503|310|310|HOH|SO4|SO4|434747|2506|2279|2280|-O--|-S--|-O1-|283331|9452|9456|3.932221|1.476969|4.806826|118.048104
77|192|310|310|310|SO4|SO4|SO4|474747|2281|2279|2283|-O2-|-S--|-O4-|313331|9453|9454|1.456318|1.448964|2.412683|112.289091
77|193|505|310|310|HOH|SO4|SO4|434747|2508|2279|2281|-O--|-S--|-O2-|283331|9455|9453|3.653369|1.456318|4.346336|108.762807
77|194|310|310|310|SO4|SO4|SO4|474747|2280|2279|2281|-O1-|-S--|-O2-|313331|9456|9453|1.476969|1.456318|2.343789|106.073305
77|195|505|310|310|HOH|SO4|SO4|434747|2508|2279|2283|-O--|-S--|-O4-|283331|9455|9454|3.653369|1.448964|4.781150|134.440280
77|196|310|310|310|SO4|SO4|SO4|474747|2280|2279|2283|-O1-|-S--|-O4-|313331|9456|9454|1.476969|1.448964|2.407313|110.718495
77|197|505|310|310|HOH|SO4|SO4|434747|2508|2279|2280|-O--|-S--|-O1-|283331|9455|9456|3.653369|1.476969|2.628126|36.975635
77|198|292|310|289|ALA|SO4|THR|34713|2180|2280|2166|-N--|-O1-|-OG1|13117|9157|9102|3.686030|2.469078|4.307351|86.441102
77|199|293|310|289|GLY|SO4|THR|14713|2185|2280|2166|-N--|-O1-|-OG1|13117|9175|9102|3.510758|2.469078|5.516998|133.873532
77|200|289|310|310|THR|SO4|SO4|134747|2166|2280|2279|-OG1|-O1-|-S--|173133|9102|9456|2.469078|1.476969|3.542537|125.852260
77|201|289|310|310|THR|SO4|SO4|134747|2166|2280|2282|-OG1|-O1-|-O3-|173131|9102|9457|2.469078|2.403328|4.595417|141.171813
77|202|289|310|310|THR|SO4|SO4|134747|2166|2280|2281|-OG1|-O1-|-O2-|173131|9102|9458|2.469078|2.343789|4.332338|128.338735
77|203|289|310|310|THR|SO4|SO4|134747|2166|2280|2283|-OG1|-O1-|-O4-|173131|9102|9459|2.469078|2.407313|3.518747|92.362743
77|204|289|310|505|THR|SO4|HOH|134743|2166|2280|2508|-OG1|-O1-|-O--|173128|9102|9460|2.469078|2.628126|4.073124|106.044571
77|205|292|310|293|ALA|SO4|GLY|34701|2180|2280|2185|-N--|-O1-|-N--|13101|9157|9175|3.686030|3.510758|2.932259|48.011967
77|206|292|310|310|ALA|SO4|SO4|34747|2180|2280|2279|-N--|-O1-|-S--|13133|9157|9456|3.686030|1.476969|4.484622|113.510733
77|207|292|310|310|ALA|SO4|SO4|34747|2180|2280|2282|-N--|-O1-|-O3-|13131|9157|9457|3.686030|2.403328|5.532856|129.416166
77|208|292|310|310|ALA|SO4|SO4|34747|2180|2280|2281|-N--|-O1-|-O2-|13131|9157|9458|3.686030|2.343789|3.896446|76.962412
77|209|292|310|310|ALA|SO4|SO4|34747|2180|2280|2283|-N--|-O1-|-O4-|13131|9157|9459|3.686030|2.407313|5.425457|124.506612
77|210|292|310|505|ALA|SO4|HOH|34743|2180|2280|2508|-N--|-O1-|-O--|13128|9157|9460|3.686030|2.628126|4.476967|88.667259
77|211|293|310|310|GLY|SO4|SO4|14747|2185|2280|2279|-N--|-O1-|-S--|13133|9175|9456|3.510758|1.476969|3.709966|85.891448
77|212|293|310|310|GLY|SO4|SO4|14747|2185|2280|2282|-N--|-O1-|-O3-|13131|9175|9457|3.510758|2.403328|4.055555|84.375541
77|213|293|310|310|GLY|SO4|SO4|14747|2185|2280|2281|-N--|-O1-|-O2-|13131|9175|9458|3.510758|2.343789|2.982835|57.172675
77|214|293|310|310|GLY|SO4|SO4|14747|2185|2280|2283|-N--|-O1-|-O4-|13131|9175|9459|3.510758|2.407313|5.088741|117.384570
77|215|293|310|505|GLY|SO4|HOH|14743|2185|2280|2508|-N--|-O1-|-O--|13128|9175|9460|3.510758|2.628126|3.650630|71.336174
77|216|310|310|310|SO4|SO4|SO4|474747|2282|2280|2279|-O3-|-O1-|-S--|313133|9457|9456|2.403328|1.476969|1.441921|34.104999
77|217|310|310|310|SO4|SO4|SO4|474747|2281|2280|2279|-O2-|-O1-|-S--|313133|9458|9456|2.343789|1.476969|1.456318|36.659785
77|218|310|310|310|SO4|SO4|SO4|474747|2283|2280|2279|-O4-|-O1-|-S--|313133|9459|9456|2.407313|1.476969|1.448964|34.261865
77|219|505|310|310|HOH|SO4|SO4|434747|2508|2280|2279|-O--|-O1-|-S--|283133|9460|9456|2.628126|1.476969|3.653369|123.268042
77|220|310|310|310|SO4|SO4|SO4|474747|2281|2280|2282|-O2-|-O1-|-O3-|313131|9458|9457|2.343789|2.403328|2.400130|60.726654
77|221|310|310|310|SO4|SO4|SO4|474747|2282|2280|2283|-O3-|-O1-|-O4-|313131|9457|9459|2.403328|2.407313|2.296652|57.032809
77|222|505|310|310|HOH|SO4|SO4|434747|2508|2280|2282|-O--|-O1-|-O3-|283131|9460|9457|2.628126|2.403328|3.593425|91.041743
77|223|310|310|310|SO4|SO4|SO4|474747|2281|2280|2283|-O2-|-O1-|-O4-|313131|9458|9459|2.343789|2.407313|2.412683|61.019462
77|224|505|310|310|HOH|SO4|SO4|434747|2508|2280|2281|-O--|-O1-|-O2-|283131|9460|9458|2.628126|2.343789|4.346336|121.791174
77|225|505|310|310|HOH|SO4|SO4|434747|2508|2280|2283|-O--|-O1-|-O4-|283131|9460|9459|2.628126|2.407313|4.781150|143.390832
77|226|292|310|291|ALA|SO4|ASN|34723|2180|2281|2175|-N--|-O2-|-O--|13104|9156|9143|3.896446|3.892848|2.214880|33.039872
77|227|293|310|291|GLY|SO4|ASN|14723|2185|2281|2175|-N--|-O2-|-O--|13104|9172|9143|2.982835|3.892848|3.510650|59.671326
77|228|291|310|310|ASN|SO4|SO4|234747|2175|2281|2279|-O--|-O2-|-S--|43133|9143|9453|3.892848|1.456318|5.026882|134.835289
77|229|291|310|310|ASN|SO4|SO4|234747|2175|2281|2280|-O--|-O2-|-O1-|43131|9143|9458|3.892848|2.343789|4.846446|98.954881
77|230|291|310|507|ASN|SO4|HOH|234743|2175|2281|2510|-O--|-O2-|-O--|43128|9143|9461|3.892848|3.795122|6.831920|125.403578
77|231|291|310|310|ASN|SO4|SO4|234747|2175|2281|2282|-O--|-O2-|-O3-|43131|9143|9462|3.892848|2.400130|6.125857|152.739670
77|232|291|310|695|ASN|SO4|HOH|234743|2175|2281|2698|-O--|-O2-|-O--|43128|9143|9463|3.892848|3.212141|4.938238|87.511337
77|233|291|310|672|ASN|SO4|HOH|234743|2175|2281|2675|-O--|-O2-|-O--|43128|9143|9464|3.892848|2.877298|5.121613|97.174554
77|234|291|310|503|ASN|SO4|HOH|234743|2175|2281|2506|-O--|-O2-|-O--|43128|9143|9465|3.892848|2.625131|3.519204|61.791845
77|235|291|310|310|ASN|SO4|SO4|234747|2175|2281|2283|-O--|-O2-|-O4-|43131|9143|9466|3.892848|2.412683|5.788371|131.838936
77|236|292|310|293|ALA|SO4|GLY|34701|2180|2281|2185|-N--|-O2-|-N--|13101|9156|9172|3.896446|2.982835|2.932259|48.239769
77|237|292|310|310|ALA|SO4|SO4|34747|2180|2281|2279|-N--|-O2-|-S--|13133|9156|9453|3.896446|1.456318|4.484622|104.328656
77|238|292|310|310|ALA|SO4|SO4|34747|2180|2281|2280|-N--|-O2-|-O1-|13131|9156|9458|3.896446|2.343789|3.686030|67.162936
77|239|292|310|507|ALA|SO4|HOH|34743|2180|2281|2510|-N--|-O2-|-O--|13128|9156|9461|3.896446|3.795122|6.967139|129.861924
77|240|292|310|310|ALA|SO4|SO4|34747|2180|2281|2282|-N--|-O2-|-O3-|13131|9156|9462|3.896446|2.400130|5.532856|121.129892
77|241|292|310|695|ALA|SO4|HOH|34743|2180|2281|2698|-N--|-O2-|-O--|13128|9156|9463|3.896446|3.212141|5.913922|112.240220
77|242|292|310|672|ALA|SO4|HOH|34743|2180|2281|2675|-N--|-O2-|-O--|13128|9156|9464|3.896446|2.877298|5.973494|123.028472
77|243|292|310|503|ALA|SO4|HOH|34743|2180|2281|2506|-N--|-O2-|-O--|13128|9156|9465|3.896446|2.625131|4.868495|94.566213
77|244|292|310|310|ALA|SO4|SO4|34747|2180|2281|2283|-N--|-O2-|-O4-|13131|9156|9466|3.896446|2.412683|5.425457|116.646335
77|245|293|310|310|GLY|SO4|SO4|14747|2185|2281|2279|-N--|-O2-|-S--|13133|9172|9453|2.982835|1.456318|3.709966|108.423261
77|246|293|310|310|GLY|SO4|SO4|14747|2185|2281|2280|-N--|-O2-|-O1-|13131|9172|9458|2.982835|2.343789|3.510758|81.506124
77|247|293|310|507|GLY|SO4|HOH|14743|2185|2281|2510|-N--|-O2-|-O--|13128|9172|9461|2.982835|3.795122|4.473001|81.638035
77|248|293|310|310|GLY|SO4|SO4|14747|2185|2281|2282|-N--|-O2-|-O3-|13131|9172|9462|2.982835|2.400130|4.055555|97.179930
77|249|293|310|695|GLY|SO4|HOH|14743|2185|2281|2698|-N--|-O2-|-O--|13128|9172|9463|2.982835|3.212141|5.870227|142.705361
77|250|293|310|672|GLY|SO4|HOH|14743|2185|2281|2675|-N--|-O2-|-O--|13128|9172|9464|2.982835|2.877298|4.137097|89.797809
77|251|293|310|503|GLY|SO4|HOH|14743|2185|2281|2506|-N--|-O2-|-O--|13128|9172|9465|2.982835|2.625131|4.421177|103.885150
77|252|293|310|310|GLY|SO4|SO4|14747|2185|2281|2283|-N--|-O2-|-O4-|13131|9172|9466|2.982835|2.412683|5.088741|140.944804
77|253|310|310|310|SO4|SO4|SO4|474747|2280|2281|2279|-O1-|-O2-|-S--|313133|9458|9453|2.343789|1.456318|1.476969|37.266910
77|254|507|310|310|HOH|SO4|SO4|434747|2510|2281|2279|-O--|-O2-|-S--|283133|9461|9453|3.795122|1.456318|4.091248|91.111877
77|255|310|310|310|SO4|SO4|SO4|474747|2282|2281|2279|-O3-|-O2-|-S--|313133|9462|9453|2.400130|1.456318|1.441921|33.900298
77|256|695|310|310|HOH|SO4|SO4|434747|2698|2281|2279|-O--|-O2-|-S--|283133|9463|9453|3.212141|1.456318|3.904041|107.432480
77|257|672|310|310|HOH|SO4|SO4|434747|2675|2281|2279|-O--|-O2-|-S--|283133|9464|9453|2.877298|1.456318|3.936718|127.468190
77|258|503|310|310|HOH|SO4|SO4|434747|2506|2281|2279|-O--|-O2-|-S--|283133|9465|9453|2.625131|1.456318|3.932221|147.521962
77|259|310|310|310|SO4|SO4|SO4|474747|2283|2281|2279|-O4-|-O2-|-S--|313133|9466|9453|2.412683|1.456318|1.448964|33.758162
77|260|507|310|310|HOH|SO4|SO4|434747|2510|2281|2280|-O--|-O2-|-O1-|283131|9461|9458|3.795122|2.343789|5.170407|112.600777
77|261|310|310|310|SO4|SO4|SO4|474747|2280|2281|2282|-O1-|-O2-|-O3-|313131|9458|9462|2.343789|2.400130|2.403328|60.863119
77|262|695|310|310|HOH|SO4|SO4|434747|2698|2281|2280|-O--|-O2-|-O1-|283131|9463|9458|3.212141|2.343789|4.920679|123.917536
77|263|672|310|310|HOH|SO4|SO4|434747|2675|2281|2280|-O--|-O2-|-O1-|283131|9464|9458|2.877298|2.343789|5.093454|154.474503
77|264|503|310|310|HOH|SO4|SO4|434747|2506|2281|2280|-O--|-O2-|-O1-|283131|9465|9458|2.625131|2.343789|4.806826|150.601788
77|265|310|310|310|SO4|SO4|SO4|474747|2280|2281|2283|-O1-|-O2-|-O4-|313131|9458|9466|2.343789|2.412683|2.407313|60.790048
77|266|507|310|310|HOH|SO4|SO4|434747|2510|2281|2282|-O--|-O2-|-O3-|283131|9461|9462|3.795122|2.400130|3.219523|57.462869
77|267|507|310|695|HOH|SO4|HOH|434743|2510|2281|2698|-O--|-O2-|-O--|283128|9461|9463|3.795122|3.212141|5.665993|107.626175
77|268|507|310|672|HOH|SO4|HOH|434743|2510|2281|2675|-O--|-O2-|-O--|283128|9461|9464|3.795122|2.877298|2.542895|42.056238
77|269|503|310|507|HOH|SO4|HOH|434743|2506|2281|2510|-O--|-O2-|-O--|283128|9465|9461|2.625131|3.795122|4.863367|96.796600
77|270|507|310|310|HOH|SO4|SO4|434747|2510|2281|2283|-O--|-O2-|-O4-|283131|9461|9466|3.795122|2.412683|4.922548|102.640601
77|271|695|310|310|HOH|SO4|SO4|434747|2698|2281|2282|-O--|-O2-|-O3-|283131|9463|9462|3.212141|2.400130|4.841644|118.523995
77|272|672|310|310|HOH|SO4|SO4|434747|2675|2281|2282|-O--|-O2-|-O3-|283131|9464|9462|2.877298|2.400130|3.961639|96.882519
77|273|503|310|310|HOH|SO4|SO4|434747|2506|2281|2282|-O--|-O2-|-O3-|283131|9465|9462|2.625131|2.400130|4.778677|143.916045
77|274|310|310|310|SO4|SO4|SO4|474747|2282|2281|2283|-O3-|-O2-|-O4-|313131|9462|9466|2.400130|2.412683|2.296652|57.004065
77|275|672|310|695|HOH|SO4|HOH|434743|2675|2281|2698|-O--|-O2-|-O--|283128|9464|9463|2.877298|3.212141|3.772500|76.341205
77|276|503|310|695|HOH|SO4|HOH|434743|2506|2281|2698|-O--|-O2-|-O--|283128|9465|9463|2.625131|3.212141|2.081326|40.220292
77|277|695|310|310|HOH|SO4|SO4|434747|2698|2281|2283|-O--|-O2-|-O4-|283131|9463|9466|3.212141|2.412683|3.433643|73.704946
77|278|503|310|672|HOH|SO4|HOH|434743|2506|2281|2675|-O--|-O2-|-O--|283128|9465|9464|2.625131|2.877298|2.544473|54.856155
77|279|672|310|310|HOH|SO4|SO4|434747|2675|2281|2283|-O--|-O2-|-O4-|283131|9464|9466|2.877298|2.412683|4.577662|119.586808
77|280|503|310|310|HOH|SO4|SO4|434747|2506|2281|2283|-O--|-O2-|-O4-|283131|9465|9466|2.625131|2.412683|4.224207|113.897820
77|281|310|310|310|SO4|SO4|SO4|474747|2280|2282|2279|-O1-|-O3-|-S--|313133|9457|9449|2.403328|1.441921|1.476969|35.053452
77|282|310|310|310|SO4|SO4|SO4|474747|2281|2282|2279|-O2-|-O3-|-S--|313133|9462|9449|2.400130|1.441921|1.456318|34.285601
77|283|507|310|310|HOH|SO4|SO4|434747|2510|2282|2279|-O--|-O3-|-S--|283133|9467|9449|3.219523|1.441921|4.091248|117.546621
77|284|504|310|310|HOH|SO4|SO4|434747|2507|2282|2279|-O--|-O3-|-S--|283133|9468|9449|2.680645|1.441921|4.084036|163.556045
77|285|672|310|310|HOH|SO4|SO4|434747|2675|2282|2279|-O--|-O3-|-S--|283133|9469|9449|3.961639|1.441921|3.936718|78.508981
77|286|506|310|310|HOH|SO4|SO4|434747|2509|2282|2279|-O--|-O3-|-S--|283133|9470|9449|3.329771|1.441921|4.179154|116.594669
77|287|310|310|310|SO4|SO4|SO4|474747|2283|2282|2279|-O4-|-O3-|-S--|313133|9471|9449|2.296652|1.441921|1.448964|37.503876
77|288|505|310|310|HOH|SO4|SO4|434747|2508|2282|2279|-O--|-O3-|-S--|283133|9472|9449|3.593425|1.441921|3.653369|80.867756
77|289|310|310|310|SO4|SO4|SO4|474747|2280|2282|2281|-O1-|-O3-|-O2-|313131|9457|9462|2.403328|2.400130|2.343789|58.410226
77|290|507|310|310|HOH|SO4|SO4|434747|2510|2282|2280|-O--|-O3-|-O1-|283131|9467|9457|3.219523|2.403328|5.170407|133.191565
77|291|504|310|310|HOH|SO4|SO4|434747|2507|2282|2280|-O--|-O3-|-O1-|283131|9468|9457|2.680645|2.403328|4.707102|135.530301
77|292|672|310|310|HOH|SO4|SO4|434747|2675|2282|2280|-O--|-O3-|-O1-|283131|9469|9457|3.961639|2.403328|5.093454|103.584749
77|293|506|310|310|HOH|SO4|SO4|434747|2509|2282|2280|-O--|-O3-|-O1-|283131|9470|9457|3.329771|2.403328|5.229265|130.912710
77|294|310|310|310|SO4|SO4|SO4|474747|2280|2282|2283|-O1-|-O3-|-O4-|313131|9457|9471|2.403328|2.296652|2.407313|61.570943
77|295|505|310|310|HOH|SO4|SO4|434747|2508|2282|2280|-O--|-O3-|-O1-|283131|9472|9457|3.593425|2.403328|2.628126|46.991286
77|296|507|310|310|HOH|SO4|SO4|434747|2510|2282|2281|-O--|-O3-|-O2-|283131|9467|9462|3.219523|2.400130|3.795122|83.598889
77|297|504|310|310|HOH|SO4|SO4|434747|2507|2282|2281|-O--|-O3-|-O2-|283131|9468|9462|2.680645|2.400130|4.684433|134.364481
77|298|672|310|310|HOH|SO4|SO4|434747|2675|2282|2281|-O--|-O3-|-O2-|283131|9469|9462|3.961639|2.400130|2.877298|46.141731
77|299|506|310|310|HOH|SO4|SO4|434747|2509|2282|2281|-O--|-O3-|-O2-|283131|9470|9462|3.329771|2.400130|5.148106|127.160524
77|300|310|310|310|SO4|SO4|SO4|474747|2281|2282|2283|-O2-|-O3-|-O4-|313131|9462|9471|2.400130|2.296652|2.412683|61.773163
77|301|505|310|310|HOH|SO4|SO4|434747|2508|2282|2281|-O--|-O3-|-O2-|283131|9472|9462|3.593425|2.400130|4.346336|90.721848
77|302|504|310|507|HOH|SO4|HOH|434743|2507|2282|2510|-O--|-O3-|-O--|283128|9468|9467|2.680645|3.219523|2.815827|56.119282
77|303|507|310|672|HOH|SO4|HOH|434743|2510|2282|2675|-O--|-O3-|-O--|283128|9467|9469|3.219523|3.961639|2.542895|39.816421
77|304|506|310|507|HOH|SO4|HOH|434743|2509|2282|2510|-O--|-O3-|-O--|283128|9470|9467|3.329771|3.219523|4.746030|92.866189
77|305|507|310|310|HOH|SO4|SO4|434747|2510|2282|2283|-O--|-O3-|-O4-|283131|9467|9471|3.219523|2.296652|4.922548|125.518843
77|306|505|310|507|HOH|SO4|HOH|434743|2508|2282|2510|-O--|-O3-|-O--|283128|9472|9467|3.593425|3.219523|5.756535|115.221595
77|307|504|310|672|HOH|SO4|HOH|434743|2507|2282|2675|-O--|-O3-|-O--|283128|9468|9469|2.680645|3.961639|5.002930|95.806710
77|308|504|310|506|HOH|SO4|HOH|434743|2507|2282|2509|-O--|-O3-|-O--|283128|9468|9470|2.680645|3.329771|3.883588|79.703195
77|309|504|310|310|HOH|SO4|SO4|434747|2507|2282|2283|-O--|-O3-|-O4-|283131|9468|9471|2.680645|2.296652|4.893546|158.885103
77|310|504|310|505|HOH|SO4|HOH|434743|2507|2282|2508|-O--|-O3-|-O--|283128|9468|9472|2.680645|3.593425|4.429965|88.590270
77|311|506|310|672|HOH|SO4|HOH|434743|2509|2282|2675|-O--|-O3-|-O--|283128|9470|9469|3.329771|3.961639|5.786225|104.708122
77|312|672|310|310|HOH|SO4|SO4|434747|2675|2282|2283|-O--|-O3-|-O4-|283131|9469|9471|3.961639|2.296652|4.577662|89.955274
77|313|505|310|672|HOH|SO4|HOH|434743|2508|2282|2675|-O--|-O3-|-O--|283128|9472|9469|3.593425|3.961639|6.499347|118.611579
77|314|506|310|310|HOH|SO4|SO4|434747|2509|2282|2283|-O--|-O3-|-O4-|283131|9470|9471|3.329771|2.296652|3.673215|79.186471
77|315|505|310|506|HOH|SO4|HOH|434743|2508|2282|2509|-O--|-O3-|-O--|283128|9472|9470|3.593425|3.329771|6.421255|136.062869
77|316|505|310|310|HOH|SO4|SO4|434747|2508|2282|2283|-O--|-O3-|-O4-|283131|9472|9471|3.593425|2.296652|4.781150|106.442859
77|317|285|310|289|GLU|SO4|THR|254713|2138|2283|2166|-OE2|-O4-|-OG1|103117|9009|9101|3.766997|3.518747|4.397875|74.172296
77|318|285|310|310|GLU|SO4|SO4|254747|2138|2283|2279|-OE2|-O4-|-S--|103133|9009|9454|3.766997|1.448964|4.915830|136.173716
77|319|285|310|310|GLU|SO4|SO4|254747|2138|2283|2280|-OE2|-O4-|-O1-|103131|9009|9459|3.766997|2.407313|5.059665|108.034053
77|320|285|310|310|GLU|SO4|SO4|254747|2138|2283|2281|-OE2|-O4-|-O2-|103131|9009|9466|3.766997|2.412683|6.133747|165.669601
77|321|285|310|310|GLU|SO4|SO4|254747|2138|2283|2282|-OE2|-O4-|-O3-|103131|9009|9471|3.766997|2.296652|5.243980|117.667479
77|322|285|310|695|GLU|SO4|HOH|254743|2138|2283|2698|-OE2|-O4-|-O--|103128|9009|9473|3.766997|3.433643|6.374333|124.498829
77|323|285|310|506|GLU|SO4|HOH|254743|2138|2283|2509|-OE2|-O4-|-O--|103128|9009|9474|3.766997|3.673215|4.518092|74.770396
77|324|285|310|689|GLU|SO4|HOH|254743|2138|2283|2692|-OE2|-O4-|-O--|103128|9009|9475|3.766997|3.751265|3.527438|55.962035
77|325|289|310|310|THR|SO4|SO4|134747|2166|2283|2279|-OG1|-O4-|-S--|173133|9101|9454|3.518747|1.448964|3.542537|79.081187
77|326|289|310|310|THR|SO4|SO4|134747|2166|2283|2280|-OG1|-O4-|-O1-|173131|9101|9459|3.518747|2.407313|2.469078|44.514983
77|327|289|310|310|THR|SO4|SO4|134747|2166|2283|2281|-OG1|-O4-|-O2-|173131|9101|9466|3.518747|2.412683|4.332338|91.912105
77|328|289|310|310|THR|SO4|SO4|134747|2166|2283|2282|-OG1|-O4-|-O3-|173131|9101|9471|3.518747|2.296652|4.595417|102.367222
77|329|289|310|695|THR|SO4|HOH|134743|2166|2283|2698|-OG1|-O4-|-O--|173128|9101|9473|3.518747|3.433643|5.815987|113.548475
77|330|289|310|506|THR|SO4|HOH|134743|2166|2283|2509|-OG1|-O4-|-O--|173128|9101|9474|3.518747|3.673215|6.579523|132.355485
77|331|289|310|689|THR|SO4|HOH|134743|2166|2283|2692|-OG1|-O4-|-O--|173128|9101|9475|3.518747|3.751265|6.484126|126.196296
77|332|310|310|310|SO4|SO4|SO4|474747|2280|2283|2279|-O1-|-O4-|-S--|313133|9459|9454|2.407313|1.448964|1.476969|35.019641
77|333|310|310|310|SO4|SO4|SO4|474747|2281|2283|2279|-O2-|-O4-|-S--|313133|9466|9454|2.412683|1.448964|1.456318|33.952747
77|334|310|310|310|SO4|SO4|SO4|474747|2282|2283|2279|-O3-|-O4-|-S--|313133|9471|9454|2.296652|1.448964|1.441921|37.290444
77|335|695|310|310|HOH|SO4|SO4|434747|2698|2283|2279|-O--|-O4-|-S--|283133|9473|9454|3.433643|1.448964|3.904041|97.809901
77|336|506|310|310|HOH|SO4|SO4|434747|2509|2283|2279|-O--|-O4-|-S--|283133|9474|9454|3.673215|1.448964|4.179154|100.136086
77|337|689|310|310|HOH|SO4|SO4|434747|2692|2283|2279|-O--|-O4-|-S--|283133|9475|9454|3.751265|1.448964|5.076587|152.020345
77|338|310|310|310|SO4|SO4|SO4|474747|2280|2283|2281|-O1-|-O4-|-O2-|313131|9459|9466|2.407313|2.412683|2.343789|58.190490
77|339|310|310|310|SO4|SO4|SO4|474747|2280|2283|2282|-O1-|-O4-|-O3-|313131|9459|9471|2.407313|2.296652|2.403328|61.396247
77|340|695|310|310|HOH|SO4|SO4|434747|2698|2283|2280|-O--|-O4-|-O1-|283131|9473|9459|3.433643|2.407313|4.920679|113.636198
77|341|506|310|310|HOH|SO4|SO4|434747|2509|2283|2280|-O--|-O4-|-O1-|283131|9474|9459|3.673215|2.407313|5.229265|117.104253
77|342|689|310|310|HOH|SO4|SO4|434747|2692|2283|2280|-O--|-O4-|-O1-|283131|9475|9459|3.751265|2.407313|6.089775|162.428278
77|343|310|310|310|SO4|SO4|SO4|474747|2281|2283|2282|-O2-|-O4-|-O3-|313131|9466|9471|2.412683|2.296652|2.400130|61.222772
77|344|695|310|310|HOH|SO4|SO4|434747|2698|2283|2281|-O--|-O4-|-O2-|283131|9473|9466|3.433643|2.412683|3.212141|63.884884
77|345|506|310|310|HOH|SO4|SO4|434747|2509|2283|2281|-O--|-O4-|-O2-|283131|9474|9466|3.673215|2.412683|5.148106|113.929987
77|346|689|310|310|HOH|SO4|SO4|434747|2692|2283|2281|-O--|-O4-|-O2-|283131|9475|9466|3.751265|2.412683|5.778785|138.234688
77|347|695|310|310|HOH|SO4|SO4|434747|2698|2283|2282|-O--|-O4-|-O3-|283131|9473|9471|3.433643|2.296652|4.841644|113.849135
77|348|506|310|310|HOH|SO4|SO4|434747|2509|2283|2282|-O--|-O4-|-O3-|283131|9474|9471|3.673215|2.296652|3.329771|62.924021
77|349|689|310|310|HOH|SO4|SO4|434747|2692|2283|2282|-O--|-O4-|-O3-|283131|9475|9471|3.751265|2.296652|5.212090|116.987678
77|350|506|310|695|HOH|SO4|HOH|434743|2509|2283|2698|-O--|-O4-|-O--|283128|9474|9473|3.673215|3.433643|5.952190|113.717396
77|351|689|310|695|HOH|SO4|HOH|434743|2692|2283|2698|-O--|-O4-|-O--|283128|9475|9473|3.751265|3.433643|4.785981|83.410334
77|352|506|310|689|HOH|SO4|HOH|434743|2509|2283|2692|-O--|-O4-|-O--|283128|9474|9475|3.673215|3.751265|3.430929|55.034578
77|353|140|312|136|GLY|SO4|THR|14713|1056|2293|1037|-N--|-S--|-OG1|13317|4423|4356|3.755181|3.550223|5.375655|94.716024
77|354|136|312|480|THR|SO4|HOH|134743|1037|2293|2483|-OG1|-S--|-O--|173328|4356|9482|3.550223|3.970787|5.726075|99.012624
77|355|136|312|509|THR|SO4|HOH|134743|1037|2293|2512|-OG1|-S--|-O--|173328|4356|9483|3.550223|3.106926|6.612550|166.698496
77|356|136|312|312|THR|SO4|SO4|134747|1037|2293|2296|-OG1|-S--|-O3-|173331|4356|9484|3.550223|1.470021|3.518750|76.800239
77|357|136|312|312|THR|SO4|SO4|134747|1037|2293|2295|-OG1|-S--|-O2-|173331|4356|9485|3.550223|1.474885|4.636104|129.875869
77|358|136|312|312|THR|SO4|SO4|134747|1037|2293|2297|-OG1|-S--|-O4-|173331|4356|9486|3.550223|1.478649|2.540560|37.441068
77|359|136|312|508|THR|SO4|HOH|134743|1037|2293|2511|-OG1|-S--|-O--|173328|4356|9487|3.550223|3.704086|3.999902|66.884852
77|360|136|312|312|THR|SO4|SO4|134747|1037|2293|2294|-OG1|-S--|-O1-|173331|4356|9488|3.550223|1.476549|4.310171|111.211539
77|361|140|312|480|GLY|SO4|HOH|14743|1056|2293|2483|-N--|-S--|-O--|13328|4423|9482|3.755181|3.970787|5.789954|97.039946
77|362|140|312|509|GLY|SO4|HOH|14743|1056|2293|2512|-N--|-S--|-O--|13328|4423|9483|3.755181|3.106926|4.347073|77.985210
77|363|140|312|312|GLY|SO4|SO4|14747|1056|2293|2296|-N--|-S--|-O3-|13331|4423|9484|3.755181|1.470021|5.092002|151.107239
77|364|140|312|312|GLY|SO4|SO4|14747|1056|2293|2295|-N--|-S--|-O2-|13331|4423|9485|3.755181|1.474885|3.167435|55.688161
77|365|140|312|312|GLY|SO4|SO4|14747|1056|2293|2297|-N--|-S--|-O4-|13331|4423|9486|3.755181|1.478649|3.233087|58.303185
77|366|140|312|508|GLY|SO4|HOH|14743|1056|2293|2511|-N--|-S--|-O--|13328|4423|9487|3.755181|3.704086|3.616989|58.006834
77|367|140|312|312|GLY|SO4|SO4|14747|1056|2293|2294|-N--|-S--|-O1-|13331|4423|9488|3.755181|1.476549|4.276249|100.415086
77|368|480|312|509|HOH|SO4|HOH|434743|2483|2293|2512|-O--|-S--|-O--|283328|9482|9483|3.970787|3.106926|5.166713|92.961523
77|369|480|312|312|HOH|SO4|SO4|434747|2483|2293|2296|-O--|-S--|-O3-|283331|9482|9484|3.970787|1.470021|3.429692|58.122050
77|370|480|312|312|HOH|SO4|SO4|434747|2483|2293|2295|-O--|-S--|-O2-|283331|9482|9485|3.970787|1.474885|3.322531|53.887755
77|371|480|312|312|HOH|SO4|SO4|434747|2483|2293|2297|-O--|-S--|-O4-|283331|9482|9486|3.970787|1.478649|4.681204|109.708670
77|372|480|312|508|HOH|SO4|HOH|434743|2483|2293|2511|-O--|-S--|-O--|283328|9482|9487|3.970787|3.704086|7.379501|148.085454
77|373|480|312|312|HOH|SO4|SO4|434747|2483|2293|2294|-O--|-S--|-O1-|283331|9482|9488|3.970787|1.476549|5.230866|143.405591
77|374|509|312|312|HOH|SO4|SO4|434747|2512|2293|2296|-O--|-S--|-O3-|283331|9483|9484|3.106926|1.470021|3.956007|114.831487
77|375|509|312|312|HOH|SO4|SO4|434747|2512|2293|2295|-O--|-S--|-O2-|283331|9483|9485|3.106926|1.474885|2.550370|54.485337
77|376|509|312|312|HOH|SO4|SO4|434747|2512|2293|2297|-O--|-S--|-O4-|283331|9483|9486|3.106926|1.478649|4.242816|132.117980
77|377|508|312|509|HOH|SO4|HOH|434743|2511|2293|2512|-O--|-S--|-O--|283328|9487|9483|3.704086|3.106926|5.225634|99.841315
77|378|509|312|312|HOH|SO4|SO4|434747|2512|2293|2294|-O--|-S--|-O1-|283331|9483|9488|3.106926|1.476549|2.694879|60.120425
77|379|312|312|312|SO4|SO4|SO4|474747|2295|2293|2296|-O2-|-S--|-O3-|313331|9485|9484|1.474885|1.470021|2.398077|109.039012
77|380|312|312|312|SO4|SO4|SO4|474747|2296|2293|2297|-O3-|-S--|-O4-|313331|9484|9486|1.470021|1.478649|2.458243|112.956683
77|381|508|312|312|HOH|SO4|SO4|434747|2511|2293|2296|-O--|-S--|-O3-|283331|9487|9484|3.704086|1.470021|4.878584|136.652524
77|382|312|312|312|SO4|SO4|SO4|474747|2294|2293|2296|-O1-|-S--|-O3-|313331|9488|9484|1.476549|1.470021|2.390151|108.419416
77|383|312|312|312|SO4|SO4|SO4|474747|2295|2293|2297|-O2-|-S--|-O4-|313331|9485|9486|1.474885|1.478649|2.365022|106.402172
77|384|508|312|312|HOH|SO4|SO4|434747|2511|2293|2295|-O--|-S--|-O2-|283331|9487|9485|3.704086|1.474885|4.474221|112.170284
77|385|312|312|312|SO4|SO4|SO4|474747|2294|2293|2295|-O1-|-S--|-O2-|313331|9488|9485|1.476549|1.474885|2.464788|113.255743
77|386|508|312|312|HOH|SO4|SO4|434747|2511|2293|2297|-O--|-S--|-O4-|283331|9487|9486|3.704086|1.478649|2.784617|41.905434
77|387|312|312|312|SO4|SO4|SO4|474747|2294|2293|2297|-O1-|-S--|-O4-|313331|9488|9486|1.476549|1.478649|2.373071|106.838135
77|388|508|312|312|HOH|SO4|SO4|434747|2511|2293|2294|-O--|-S--|-O1-|283331|9487|9488|3.704086|1.476549|3.397320|66.517500
77|389|509|312|312|HOH|SO4|SO4|434747|2512|2294|2293|-O--|-O1-|-S--|283133|9489|9488|2.694879|1.476549|3.106926|91.515143
77|390|312|312|312|SO4|SO4|SO4|474747|2296|2294|2293|-O3-|-O1-|-S--|313133|9490|9488|2.390151|1.476549|1.470021|35.698775
77|391|312|312|312|SO4|SO4|SO4|474747|2295|2294|2293|-O2-|-O1-|-S--|313133|9491|9488|2.464788|1.476549|1.474885|33.350851
77|392|312|312|312|SO4|SO4|SO4|474747|2297|2294|2293|-O4-|-O1-|-S--|313133|9492|9488|2.373071|1.476549|1.478649|36.611156
77|393|508|312|312|HOH|SO4|SO4|434747|2511|2294|2293|-O--|-O1-|-S--|283133|9493|9488|3.397320|1.476549|3.704086|89.990122
77|394|482|312|312|HOH|SO4|SO4|434747|2485|2294|2293|-O--|-O1-|-S--|283133|9494|9488|3.662057|1.476549|4.788027|132.703198
77|395|509|312|312|HOH|SO4|SO4|434747|2512|2294|2296|-O--|-O1-|-O3-|283131|9489|9490|2.694879|2.390151|3.956007|101.983682
77|396|509|312|312|HOH|SO4|SO4|434747|2512|2294|2295|-O--|-O1-|-O2-|283131|9489|9491|2.694879|2.464788|2.550370|59.044861
77|397|509|312|312|HOH|SO4|SO4|434747|2512|2294|2297|-O--|-O1-|-O4-|283131|9489|9492|2.694879|2.373071|4.242816|113.536830
77|398|508|312|509|HOH|SO4|HOH|434743|2511|2294|2512|-O--|-O1-|-O--|283128|9493|9489|3.397320|2.694879|5.225634|117.669949
77|399|482|312|509|HOH|SO4|HOH|434743|2485|2294|2512|-O--|-O1-|-O--|283128|9494|9489|3.662057|2.694879|4.599526|91.401096
77|400|312|312|312|SO4|SO4|SO4|474747|2295|2294|2296|-O2-|-O1-|-O3-|313131|9491|9490|2.464788|2.390151|2.398077|59.176677
77|401|312|312|312|SO4|SO4|SO4|474747|2296|2294|2297|-O3-|-O1-|-O4-|313131|9490|9492|2.390151|2.373071|2.458243|62.139233
77|402|508|312|312|HOH|SO4|SO4|434747|2511|2294|2296|-O--|-O1-|-O3-|283131|9493|9490|3.397320|2.390151|4.878584|113.770380
77|403|482|312|312|HOH|SO4|SO4|434747|2485|2294|2296|-O--|-O1-|-O3-|283131|9494|9490|3.662057|2.390151|5.977389|161.547366
77|404|312|312|312|SO4|SO4|SO4|474747|2295|2294|2297|-O2-|-O1-|-O4-|313131|9491|9492|2.464788|2.373071|2.365022|58.494212
77|405|508|312|312|HOH|SO4|SO4|434747|2511|2294|2295|-O--|-O1-|-O2-|283131|9493|9491|3.397320|2.464788|4.474221|98.245043
77|406|482|312|312|HOH|SO4|SO4|434747|2485|2294|2295|-O--|-O1-|-O2-|283131|9494|9491|3.662057|2.464788|5.342484|120.110342
77|407|508|312|312|HOH|SO4|SO4|434747|2511|2294|2297|-O--|-O1-|-O4-|283131|9493|9492|3.397320|2.373071|2.784617|54.256049
77|408|482|312|312|HOH|SO4|SO4|434747|2485|2294|2297|-O--|-O1-|-O4-|283131|9494|9492|3.662057|2.373071|4.727137|100.957379
77|409|482|312|508|HOH|SO4|HOH|434743|2485|2294|2511|-O--|-O1-|-O--|283128|9494|9493|3.662057|3.397320|2.880882|47.989410
77|410|140|312|312|GLY|SO4|SO4|14747|1056|2295|2293|-N--|-O2-|-S--|13133|4422|9485|3.167435|1.474885|3.755181|101.692295
77|411|140|312|312|GLY|SO4|SO4|14747|1056|2295|2294|-N--|-O2-|-O1-|13131|4422|9491|3.167435|2.464788|4.276249|98.020056
77|412|140|312|480|GLY|SO4|HOH|14743|1056|2295|2483|-N--|-O2-|-O--|13128|4422|9495|3.167435|3.322531|5.789954|126.270044
77|413|140|312|509|GLY|SO4|HOH|14743|1056|2295|2512|-N--|-O2-|-O--|13128|4422|9496|3.167435|2.550370|4.347073|98.399467
77|414|140|312|312|GLY|SO4|SO4|14747|1056|2295|2296|-N--|-O2-|-O3-|13131|4422|9497|3.167435|2.398077|5.092002|131.898400
77|415|140|312|312|GLY|SO4|SO4|14747|1056|2295|2297|-N--|-O2-|-O4-|13131|4422|9498|3.167435|2.365022|3.233087|69.800691
77|416|312|312|312|SO4|SO4|SO4|474747|2294|2295|2293|-O1-|-O2-|-S--|313133|9491|9485|2.464788|1.474885|1.476549|33.393406
77|417|480|312|312|HOH|SO4|SO4|434747|2483|2295|2293|-O--|-O2-|-S--|283133|9495|9485|3.322531|1.474885|3.970787|105.097140
77|418|509|312|312|HOH|SO4|SO4|434747|2512|2295|2293|-O--|-O2-|-S--|283133|9496|9485|2.550370|1.474885|3.106926|97.433698
77|419|312|312|312|SO4|SO4|SO4|474747|2296|2295|2293|-O3-|-O2-|-S--|313133|9497|9485|2.398077|1.474885|1.470021|35.413041
77|420|312|312|312|SO4|SO4|SO4|474747|2297|2295|2293|-O4-|-O2-|-S--|313133|9498|9485|2.365022|1.474885|1.478649|36.853544
77|421|480|312|312|HOH|SO4|SO4|434747|2483|2295|2294|-O--|-O2-|-O1-|283131|9495|9491|3.322531|2.464788|5.230866|128.731068
77|422|509|312|312|HOH|SO4|SO4|434747|2512|2295|2294|-O--|-O2-|-O1-|283131|9496|9491|2.550370|2.464788|2.694879|64.980191
77|423|312|312|312|SO4|SO4|SO4|474747|2294|2295|2296|-O1-|-O2-|-O3-|313131|9491|9497|2.464788|2.398077|2.390151|58.860757
77|424|312|312|312|SO4|SO4|SO4|474747|2294|2295|2297|-O1-|-O2-|-O4-|313131|9491|9498|2.464788|2.365022|2.373071|58.813813
77|425|480|312|509|HOH|SO4|HOH|434743|2483|2295|2512|-O--|-O2-|-O--|283128|9495|9496|3.322531|2.550370|5.166713|122.682621
77|426|480|312|312|HOH|SO4|SO4|434747|2483|2295|2296|-O--|-O2-|-O3-|283131|9495|9497|3.322531|2.398077|3.429692|71.610568
77|427|480|312|312|HOH|SO4|SO4|434747|2483|2295|2297|-O--|-O2-|-O4-|283131|9495|9498|3.322531|2.365022|4.681204|109.635873
77|428|509|312|312|HOH|SO4|SO4|434747|2512|2295|2296|-O--|-O2-|-O3-|283131|9496|9497|2.550370|2.398077|3.956007|106.113282
77|429|509|312|312|HOH|SO4|SO4|434747|2512|2295|2297|-O--|-O2-|-O4-|283131|9496|9498|2.550370|2.365022|4.242816|119.300928
77|430|312|312|312|SO4|SO4|SO4|474747|2296|2295|2297|-O3-|-O2-|-O4-|313131|9497|9498|2.398077|2.365022|2.458243|62.137663
77|431|136|312|312|THR|SO4|SO4|134747|1037|2296|2293|-OG1|-O3-|-S--|173133|4355|9484|3.518750|1.470021|3.550223|79.200155
77|432|136|312|312|THR|SO4|SO4|134747|1037|2296|2294|-OG1|-O3-|-O1-|173131|4355|9490|3.518750|2.390151|4.310171|91.645960
77|433|136|312|312|THR|SO4|SO4|134747|1037|2296|2295|-OG1|-O3-|-O2-|173131|4355|9497|3.518750|2.398077|4.636104|101.487724
77|434|136|312|480|THR|SO4|HOH|134743|1037|2296|2483|-OG1|-O3-|-O--|173128|4355|9499|3.518750|3.429692|5.726075|110.984258
77|435|136|312|509|THR|SO4|HOH|134743|1037|2296|2512|-OG1|-O3-|-O--|173128|4355|9500|3.518750|3.956007|6.612550|124.313520
77|436|136|312|312|THR|SO4|SO4|134747|1037|2296|2297|-OG1|-O3-|-O4-|173131|4355|9501|3.518750|2.458243|2.540560|46.217805
77|437|312|312|312|SO4|SO4|SO4|474747|2294|2296|2293|-O1-|-O3-|-S--|313133|9490|9484|2.390151|1.470021|1.476549|35.881809
77|438|312|312|312|SO4|SO4|SO4|474747|2295|2296|2293|-O2-|-O3-|-S--|313133|9497|9484|2.398077|1.470021|1.474885|35.547946
77|439|480|312|312|HOH|SO4|SO4|434747|2483|2296|2293|-O--|-O3-|-S--|283133|9499|9484|3.429692|1.470021|3.970787|100.533746
77|440|509|312|312|HOH|SO4|SO4|434747|2512|2296|2293|-O--|-O3-|-S--|283133|9500|9484|3.956007|1.470021|3.106926|45.459875
77|441|312|312|312|SO4|SO4|SO4|474747|2297|2296|2293|-O4-|-O3-|-S--|313133|9501|9484|2.458243|1.470021|1.478649|33.632722
77|442|312|312|312|SO4|SO4|SO4|474747|2294|2296|2295|-O1-|-O3-|-O2-|313131|9490|9497|2.390151|2.398077|2.464788|61.962566
77|443|480|312|312|HOH|SO4|SO4|434747|2483|2296|2294|-O--|-O3-|-O1-|283131|9499|9490|3.429692|2.390151|5.230866|127.085887
77|444|509|312|312|HOH|SO4|SO4|434747|2512|2296|2294|-O--|-O3-|-O1-|283131|9500|9490|3.956007|2.390151|2.694879|41.787205
77|445|312|312|312|SO4|SO4|SO4|474747|2294|2296|2297|-O1-|-O3-|-O4-|313131|9490|9501|2.390151|2.458243|2.373071|58.589401
77|446|480|312|312|HOH|SO4|SO4|434747|2483|2296|2295|-O--|-O3-|-O2-|283131|9499|9497|3.429692|2.398077|3.322531|66.821711
77|447|509|312|312|HOH|SO4|SO4|434747|2512|2296|2295|-O--|-O3-|-O2-|283131|9500|9497|3.956007|2.398077|2.550370|38.269160
77|448|312|312|312|SO4|SO4|SO4|474747|2295|2296|2297|-O2-|-O3-|-O4-|313131|9497|9501|2.398077|2.458243|2.365022|58.271240
77|449|480|312|509|HOH|SO4|HOH|434743|2483|2296|2512|-O--|-O3-|-O--|283128|9499|9500|3.429692|3.956007|5.166713|88.484110
77|450|480|312|312|HOH|SO4|SO4|434747|2483|2296|2297|-O--|-O3-|-O4-|283131|9499|9501|3.429692|2.458243|4.681204|104.100262
77|451|509|312|312|HOH|SO4|SO4|434747|2512|2296|2297|-O--|-O3-|-O4-|283131|9500|9501|3.956007|2.458243|4.242816|79.059128
77|452|138|312|136|ASN|SO4|THR|234713|1043|2297|1037|-N--|-O4-|-OG1|13117|4380|4357|3.914900|2.540560|3.082682|51.885965
77|453|139|312|136|ALA|SO4|THR|34713|1051|2297|1037|-N--|-O4-|-OG1|13117|4406|4357|3.407015|2.540560|4.197121|88.522486
77|454|140|312|136|GLY|SO4|THR|14713|1056|2297|1037|-N--|-O4-|-OG1|13117|4424|4357|3.233087|2.540560|5.375655|136.876930
77|455|136|312|312|THR|SO4|SO4|134747|1037|2297|2293|-OG1|-O4-|-S--|173133|4357|9486|2.540560|1.478649|3.550223|121.836907
77|456|136|312|312|THR|SO4|SO4|134747|1037|2297|2294|-OG1|-O4-|-O1-|173131|4357|9492|2.540560|2.373071|4.310171|122.573160
77|457|136|312|312|THR|SO4|SO4|134747|1037|2297|2295|-OG1|-O4-|-O2-|173131|4357|9498|2.540560|2.365022|4.636104|141.816011
77|458|136|312|312|THR|SO4|SO4|134747|1037|2297|2296|-OG1|-O4-|-O3-|173131|4357|9501|2.540560|2.458243|3.518750|89.468801
77|459|136|312|508|THR|SO4|HOH|134743|1037|2297|2511|-OG1|-O4-|-O--|173128|4357|9502|2.540560|2.784617|3.999902|97.270765
77|460|138|312|139|ASN|SO4|ALA|234703|1043|2297|1051|-N--|-O4-|-N--|13101|4380|4406|3.914900|3.407015|2.775274|43.867626
77|461|138|312|140|ASN|SO4|GLY|234701|1043|2297|1056|-N--|-O4-|-N--|13101|4380|4424|3.914900|3.233087|5.229523|93.552633
77|462|138|312|312|ASN|SO4|SO4|234747|1043|2297|2293|-N--|-O4-|-S--|13133|4380|9486|3.914900|1.478649|4.944221|126.783142
77|463|138|312|312|ASN|SO4|SO4|234747|1043|2297|2294|-N--|-O4-|-O1-|13131|4380|9492|3.914900|2.373071|6.206772|160.978622
77|464|138|312|312|ASN|SO4|SO4|234747|1043|2297|2295|-N--|-O4-|-O2-|13131|4380|9498|3.914900|2.365022|5.201143|109.338607
77|465|138|312|312|ASN|SO4|SO4|234747|1043|2297|2296|-N--|-O4-|-O3-|13131|4380|9501|3.914900|2.458243|5.027420|101.707263
77|466|138|312|508|ASN|SO4|HOH|234743|1043|2297|2511|-N--|-O4-|-O--|13128|4380|9502|3.914900|2.784617|5.708051|115.834939
77|467|139|312|140|ALA|SO4|GLY|34701|1051|2297|1056|-N--|-O4-|-N--|13101|4406|4424|3.407015|3.233087|2.848207|50.717768
77|468|139|312|312|ALA|SO4|SO4|34747|1051|2297|2293|-N--|-O4-|-S--|13133|4406|9486|3.407015|1.478649|4.530781|131.938471
77|469|139|312|312|ALA|SO4|SO4|34747|1051|2297|2294|-N--|-O4-|-O1-|13131|4406|9492|3.407015|2.373071|5.572587|148.684712
77|470|139|312|312|ALA|SO4|SO4|34747|1051|2297|2295|-N--|-O4-|-O2-|13131|4406|9498|3.407015|2.365022|4.346077|96.010008
77|471|139|312|312|ALA|SO4|SO4|34747|1051|2297|2296|-N--|-O4-|-O3-|13131|4406|9501|3.407015|2.458243|5.365026|131.653372
77|472|139|312|508|ALA|SO4|HOH|34743|1051|2297|2511|-N--|-O4-|-O--|13128|4406|9502|3.407015|2.784617|4.442969|91.141880
77|473|140|312|312|GLY|SO4|SO4|14747|1056|2297|2293|-N--|-O4-|-S--|13133|4424|9486|3.233087|1.478649|3.755181|98.796375
77|474|140|312|312|GLY|SO4|SO4|14747|1056|2297|2294|-N--|-O4-|-O1-|13131|4424|9492|3.233087|2.373071|4.276249|98.250520
77|475|140|312|312|GLY|SO4|SO4|14747|1056|2297|2295|-N--|-O4-|-O2-|13131|4424|9498|3.233087|2.365022|3.167435|66.844345
77|476|140|312|312|GLY|SO4|SO4|14747|1056|2297|2296|-N--|-O4-|-O3-|13131|4424|9501|3.233087|2.458243|5.092002|126.400134
77|477|140|312|508|GLY|SO4|HOH|14743|1056|2297|2511|-N--|-O4-|-O--|13128|4424|9502|3.233087|2.784617|3.616989|73.465471
77|478|312|312|312|SO4|SO4|SO4|474747|2294|2297|2293|-O1-|-O4-|-S--|313133|9492|9486|2.373071|1.478649|1.476549|36.550709
77|479|312|312|312|SO4|SO4|SO4|474747|2295|2297|2293|-O2-|-O4-|-S--|313133|9498|9486|2.365022|1.478649|1.474885|36.744284
77|480|312|312|312|SO4|SO4|SO4|474747|2296|2297|2293|-O3-|-O4-|-S--|313133|9501|9486|2.458243|1.478649|1.470021|33.410595
77|481|508|312|312|HOH|SO4|SO4|434747|2511|2297|2293|-O--|-O4-|-S--|283133|9502|9486|2.784617|1.478649|3.704086|117.321913
77|482|312|312|312|SO4|SO4|SO4|474747|2294|2297|2295|-O1-|-O4-|-O2-|313131|9492|9498|2.373071|2.365022|2.464788|62.691975
77|483|312|312|312|SO4|SO4|SO4|474747|2294|2297|2296|-O1-|-O4-|-O3-|313131|9492|9501|2.373071|2.458243|2.390151|59.271366
77|484|508|312|312|HOH|SO4|SO4|434747|2511|2297|2294|-O--|-O4-|-O1-|283131|9502|9492|2.784617|2.373071|3.397320|81.980564
77|485|312|312|312|SO4|SO4|SO4|474747|2295|2297|2296|-O2-|-O4-|-O3-|313131|9498|9501|2.365022|2.458243|2.398077|59.591098
77|486|508|312|312|HOH|SO4|SO4|434747|2511|2297|2295|-O--|-O4-|-O2-|283131|9502|9498|2.784617|2.365022|4.474221|120.430639
77|487|508|312|312|HOH|SO4|SO4|434747|2511|2297|2296|-O--|-O4-|-O3-|283131|9502|9501|2.784617|2.458243|4.878584|136.944235
77|488|198|313|200|HIS|_CU|HIS|334633|1483|2298|1503|-ND1|CU--|-NE2|134013|6154|6269|2.053453|2.009577|3.834291|141.363390
77|489|198|313|215|HIS|_CU|HIS|334633|1483|2298|1609|-ND1|CU--|-NE2|134013|6154|6751|2.053453|3.389020|3.216041|67.353444
77|490|198|313|272|HIS|_CU|HIS|334633|1483|2298|2038|-ND1|CU--|-NE2|134013|6154|8537|2.053453|2.068504|3.175177|100.762469
77|491|198|313|694|HIS|_CU|HOH|334643|1483|2298|2697|-ND1|CU--|-O--|134028|6154|9503|2.053453|3.779834|3.595097|68.936742
77|492|200|313|215|HIS|_CU|HIS|334633|1503|2298|1609|-NE2|CU--|-NE2|134013|6269|6751|2.009577|3.389020|3.857855|87.303470
77|493|200|313|272|HIS|_CU|HIS|334633|1503|2298|2038|-NE2|CU--|-NE2|134013|6269|8537|2.009577|2.068504|3.451392|115.621340
77|494|200|313|694|HIS|_CU|HOH|334643|1503|2298|2697|-NE2|CU--|-O--|134028|6269|9503|2.009577|3.779834|5.008878|116.435949
77|495|215|313|272|HIS|_CU|HIS|334633|1609|2298|2038|-NE2|CU--|-NE2|134013|6751|8537|3.389020|2.068504|4.541605|110.290552
77|496|215|313|694|HIS|_CU|HOH|334643|1609|2298|2697|-NE2|CU--|-O--|134028|6751|9503|3.389020|3.779834|3.018234|49.429095
77|497|272|313|694|HIS|_CU|HOH|334643|2038|2298|2697|-NE2|CU--|-O--|134028|8537|9503|2.068504|3.779834|3.348794|61.957625
77|498|198|313|200|HIS|_CU|HIS|334633|1483|2299|1503|-ND1|CU--|-NE2|134013|6153|6268|2.380219|2.292420|3.834291|110.272415
77|499|198|313|215|HIS|_CU|HIS|334633|1483|2299|1609|-ND1|CU--|-NE2|134013|6153|6750|2.380219|2.773472|3.216041|76.801038
77|500|198|313|272|HIS|_CU|HIS|334633|1483|2299|2035|-ND1|CU--|-ND1|134013|6153|8523|2.380219|3.801989|5.021671|106.355397
77|501|198|313|272|HIS|_CU|HIS|334633|1483|2299|2038|-ND1|CU--|-NE2|134013|6153|8536|2.380219|1.911235|3.175177|94.813651
77|502|198|313|701|HIS|_CU|HOH|334643|1483|2299|2704|-ND1|CU--|-O--|134028|6153|9504|2.380219|3.005367|5.118300|143.490996
77|503|198|313|694|HIS|_CU|HOH|334643|1483|2299|2697|-ND1|CU--|-O--|134028|6153|9505|2.380219|2.845649|3.595097|86.451521
77|504|200|313|215|HIS|_CU|HIS|334633|1503|2299|1609|-NE2|CU--|-NE2|134013|6268|6750|2.292420|2.773472|3.857855|98.756013
77|505|272|313|200|HIS|_CU|HIS|334633|2035|2299|1503|-ND1|CU--|-NE2|134013|8523|6268|3.801989|2.292420|5.351751|120.820090
77|506|200|313|272|HIS|_CU|HIS|334633|1503|2299|2038|-NE2|CU--|-NE2|134013|6268|8536|2.292420|1.911235|3.451392|110.049233
77|507|200|313|701|HIS|_CU|HOH|334643|1503|2299|2704|-NE2|CU--|-O--|134028|6268|9504|2.292420|3.005367|3.967787|96.065242
77|508|200|313|694|HIS|_CU|HOH|334643|1503|2299|2697|-NE2|CU--|-O--|134028|6268|9505|2.292420|2.845649|5.008878|154.095631
77|509|272|313|215|HIS|_CU|HIS|334633|2035|2299|1609|-ND1|CU--|-NE2|134013|8523|6750|3.801989|2.773472|6.072637|134.301808
77|510|215|313|272|HIS|_CU|HIS|334633|1609|2299|2038|-NE2|CU--|-NE2|134013|6750|8536|2.773472|1.911235|4.541605|151.099547
77|511|215|313|701|HIS|_CU|HOH|334643|1609|2299|2704|-NE2|CU--|-O--|134028|6750|9504|2.773472|3.005367|3.502809|74.501128
77|512|215|313|694|HIS|_CU|HOH|334643|1609|2299|2697|-NE2|CU--|-O--|134028|6750|9505|2.773472|2.845649|3.018234|64.962959
77|513|272|313|272|HIS|_CU|HIS|334633|2035|2299|2038|-ND1|CU--|-NE2|134013|8523|8536|3.801989|1.911235|2.154698|22.100163
77|514|272|313|701|HIS|_CU|HOH|334643|2035|2299|2704|-ND1|CU--|-O--|134028|8523|9504|3.801989|3.005367|4.380622|79.160882
77|515|272|313|694|HIS|_CU|HOH|334643|2035|2299|2697|-ND1|CU--|-O--|134028|8523|9505|3.801989|2.845649|3.879309|69.709259
77|516|272|313|701|HIS|_CU|HOH|334643|2038|2299|2704|-NE2|CU--|-O--|134028|8536|9504|1.911235|3.005367|3.818065|99.482377
77|517|272|313|694|HIS|_CU|HOH|334643|2038|2299|2697|-NE2|CU--|-O--|134028|8536|9505|1.911235|2.845649|3.348794|87.174918
77|518|694|313|701|HOH|_CU|HOH|434643|2697|2299|2704|-O--|CU--|-O--|284028|9505|9504|2.845649|3.005367|2.977822|61.114353
77|519|215|314|223|HIS|_ZN|HIS|334633|1606|2300|1676|-ND1|ZN--|-ND1|134013|6730|7079|1.992659|2.024765|3.202102|105.696525
77|520|215|314|232|HIS|_ZN|HIS|334633|1606|2300|1747|-ND1|ZN--|-ND1|134013|6730|7444|1.992659|2.007017|3.300856|111.233437
77|521|235|314|215|ASP|_ZN|HIS|214633|1768|2300|1606|-OD1|ZN--|-ND1|104013|7506|6730|1.973687|1.992659|3.132800|104.341110
77|522|235|314|215|ASP|_ZN|HIS|214633|1769|2300|1606|-OD2|ZN--|-ND1|104013|7507|6730|2.845109|1.992659|4.727402|155.079880
77|523|288|314|215|LYS|_ZN|HIS|294633|2155|2300|1606|-O--|ZN--|-ND1|44013|9073|6730|3.858278|1.992659|3.646509|68.802146
77|524|223|314|232|HIS|_ZN|HIS|334633|1676|2300|1747|-ND1|ZN--|-ND1|134013|7079|7444|2.024765|2.007017|3.521409|121.714697
77|525|235|314|223|ASP|_ZN|HIS|214633|1768|2300|1676|-OD1|ZN--|-ND1|104013|7506|7079|1.973687|2.024765|3.026723|98.388191
77|526|235|314|223|ASP|_ZN|HIS|214633|1769|2300|1676|-OD2|ZN--|-ND1|104013|7507|7079|2.845109|2.024765|3.134537|78.134328
77|527|288|314|223|LYS|_ZN|HIS|294633|2155|2300|1676|-O--|ZN--|-ND1|44013|9073|7079|3.858278|2.024765|3.873998|75.249386
77|528|235|314|232|ASP|_ZN|HIS|214633|1768|2300|1747|-OD1|ZN--|-ND1|104013|7506|7444|1.973687|2.007017|3.329589|113.527902
77|529|235|314|232|ASP|_ZN|HIS|214633|1769|2300|1747|-OD2|ZN--|-ND1|104013|7507|7444|2.845109|2.007017|3.357950|85.747024
77|530|288|314|232|LYS|_ZN|HIS|294633|2155|2300|1747|-O--|ZN--|-ND1|44013|9073|7444|3.858278|2.007017|3.964311|78.080630
77|531|235|314|235|ASP|_ZN|ASP|214621|1768|2300|1769|-OD1|ZN--|-OD2|104010|7506|7507|1.973687|2.845109|2.218701|51.001712
77|532|288|314|235|LYS|_ZN|ASP|294621|2155|2300|1768|-O--|ZN--|-OD1|44010|9073|7506|3.858278|1.973687|5.804908|168.329397
77|533|288|314|235|LYS|_ZN|ASP|294621|2155|2300|1769|-O--|ZN--|-OD2|44010|9073|7507|3.858278|2.845109|6.197252|134.635174
