77|0|3|ALA|A|1|5|0|000|21.156431|-1.000000|-1.000000|0.000000|-1|-1|0|0|-1|1
77|1|13|THR|A|2|7|0|000|17.695793|-1.000000|-1.000000|0.000000|-1|-1|0|0|0|2
77|2|29|LYS|A|3|9|0|000|17.314182|-1.000000|-1.000000|0.000000|-1|-1|0|0|1|3
77|3|3|ALA|A|4|5|0|000|12.957649|-1.000000|-1.000000|0.000000|-1|-1|0|0|2|4
77|4|5|VAL|A|5|7|0|000|12.627366|-1.000000|-1.000000|0.000000|-1|-1|0|0|3|5
77|5|15|CYS|A|6|6|0|000|9.773489|-1.000000|-1.000000|0.000000|-1|-1|0|0|4|6
77|6|5|VAL|A|7|7|0|000|12.600025|-1.000000|-1.000000|0.000000|-1|-1|0|0|5|7
77|7|7|LEU|A|8|13|0|000|9.320539|-1.000000|-1.000000|0.000000|-1|-1|0|0|6|8
77|8|29|LYS|A|9|9|0|000|14.385152|-1.000000|-1.000000|0.000000|-1|-1|0|0|7|9
77|9|1|GLY|A|10|4|0|000|15.438044|-1.000000|-1.000000|0.000000|-1|-1|0|0|8|10
77|10|21|ASP|A|11|8|0|000|17.981056|-1.000000|-1.000000|0.000000|-1|-1|0|0|9|11
77|11|1|GLY|A|12|4|0|000|18.042942|-1.000000|-1.000000|0.000000|-1|-1|0|0|10|12
77|12|19|PRO|A|13|7|0|000|18.063919|-1.000000|-1.000000|0.000000|-1|-1|0|0|11|13
77|13|5|VAL|A|14|7|0|000|13.995432|-1.000000|-1.000000|0.000000|-1|-1|0|0|12|14
77|14|27|GLN|A|15|9|0|000|15.592689|-1.000000|-1.000000|0.000000|-1|-1|0|0|13|15
77|15|1|GLY|A|16|4|0|000|12.051103|-1.000000|-1.000000|0.000000|-1|-1|0|0|14|16
77|16|9|ILE|A|17|8|0|000|12.603096|-1.000000|-1.000000|0.000000|-1|-1|0|0|15|17
77|17|9|ILE|A|18|8|0|000|8.968173|-1.000000|-1.000000|0.000000|-1|-1|0|0|16|18
77|18|23|ASN|A|19|8|0|000|12.294185|-1.000000|-1.000000|0.000000|-1|-1|0|0|17|19
77|19|35|PHE|A|20|11|0|000|9.758126|-1.000000|-1.000000|0.000000|-1|-1|0|0|18|20
77|20|25|GLU|A|21|9|0|000|16.002396|-1.000000|-1.000000|0.000000|-1|-1|0|0|19|21
77|21|27|GLN|A|22|9|0|000|16.060789|-1.000000|-1.000000|0.000000|-1|-1|0|0|20|22
77|22|29|LYS|A|23|9|0|000|20.536869|-1.000000|-1.000000|0.000000|-1|-1|0|0|21|23
77|23|25|GLU|A|24|9|0|000|21.257030|-1.000000|-1.000000|0.000000|-1|-1|0|0|22|24
77|24|11|SER|A|25|6|0|000|21.022583|-1.000000|-1.000000|0.000000|-1|-1|0|0|23|25
77|25|23|ASN|A|26|8|0|000|19.356991|-1.000000|-1.000000|0.000000|-1|-1|0|0|24|26
77|26|1|GLY|A|27|4|0|000|17.411438|-1.000000|-1.000000|0.000000|-1|-1|0|0|25|27
77|27|19|PRO|A|28|7|0|000|16.074127|-1.000000|-1.000000|0.000000|-1|-1|0|0|26|28
77|28|5|VAL|A|29|7|0|000|12.002358|-1.000000|-1.000000|0.000000|-1|-1|0|0|27|29
77|29|29|LYS|A|30|9|0|000|14.337829|-1.000000|-1.000000|0.000000|-1|-1|0|0|28|30
77|30|5|VAL|A|31|7|0|000|9.193301|-1.000000|-1.000000|0.000000|-1|-1|0|0|29|31
77|31|39|TRP|A|32|14|0|000|13.323363|-1.000000|-1.000000|0.000000|-1|-1|0|0|30|32
77|32|1|GLY|A|33|4|0|000|12.142441|-1.000000|-1.000000|0.000000|-1|-1|0|0|31|33
77|33|11|SER|A|34|9|0|000|13.323887|-1.000000|-1.000000|0.000000|-1|-1|0|0|32|34
77|34|9|ILE|A|35|8|0|000|11.290292|-1.000000|-1.000000|0.000000|-1|-1|0|0|33|35
77|35|29|LYS|A|36|9|0|000|16.362101|-1.000000|-1.000000|0.000000|-1|-1|0|0|34|36
77|36|1|GLY|A|37|4|0|000|16.439270|-1.000000|-1.000000|0.000000|-1|-1|0|0|35|37
77|37|5|VAL|A|38|7|0|000|14.802578|-1.000000|-1.000000|0.000000|-1|-1|0|0|36|38
77|38|13|THR|A|39|7|0|000|16.854818|-1.000000|-1.000000|0.000000|-1|-1|0|0|37|39
77|39|25|GLU|A|40|9|0|000|19.368460|-1.000000|-1.000000|0.000000|-1|-1|0|0|38|40
77|40|1|GLY|A|41|4|0|000|15.311916|-1.000000|-1.000000|0.000000|-1|-1|0|0|39|41
77|41|7|LEU|A|42|13|0|000|13.205867|-1.000000|-1.000000|0.000000|-1|-1|0|0|40|42
77|42|33|HIS|A|43|10|0|000|10.881662|-1.000000|-1.000000|0.000000|-1|-1|0|0|41|43
77|43|1|GLY|A|44|4|0|000|6.977241|-1.000000|-1.000000|0.000000|-1|-1|0|0|42|44
77|44|35|PHE|A|45|11|0|000|3.201714|-1.000000|-1.000000|0.000000|-1|-1|0|0|43|45
77|45|33|HIS|A|46|10|0|000|3.850410|-1.000000|-1.000000|0.000000|-1|-1|0|0|44|46
77|46|5|VAL|A|47|7|0|000|4.540154|-1.000000|-1.000000|0.000000|-1|-1|0|0|45|47
77|47|33|HIS|A|48|10|0|000|7.013507|-1.000000|-1.000000|0.000000|-1|-1|0|0|46|48
77|48|25|GLU|A|49|9|0|000|12.259459|-1.000000|-1.000000|0.000000|-1|-1|0|0|47|49
77|49|35|PHE|A|50|11|0|000|13.536119|-1.000000|-1.000000|0.000000|-1|-1|0|0|48|50
77|50|1|GLY|A|51|4|0|000|13.156775|-1.000000|-1.000000|0.000000|-1|-1|0|0|49|51
77|51|21|ASP|A|52|8|0|000|15.410853|-1.000000|-1.000000|0.000000|-1|-1|0|0|50|52
77|52|23|ASN|A|53|13|0|000|14.562557|-1.000000|-1.000000|0.000000|-1|-1|0|0|51|53
77|53|13|THR|A|54|7|0|000|19.275721|-1.000000|-1.000000|0.000000|-1|-1|0|0|52|54
77|54|3|ALA|A|55|5|0|000|18.557926|-1.000000|-1.000000|0.000000|-1|-1|0|0|53|55
77|55|1|GLY|A|56|4|0|000|15.417888|-1.000000|-1.000000|0.000000|-1|-1|0|0|54|56
77|56|15|CYS|A|57|6|0|000|12.085266|-1.000000|-1.000000|0.000000|-1|-1|0|0|55|57
77|57|13|THR|A|58|7|0|000|14.858229|-1.000000|-1.000000|0.000000|-1|-1|0|0|56|58
77|58|11|SER|A|59|6|0|000|15.143089|-1.000000|-1.000000|0.000000|-1|-1|0|0|57|59
77|59|3|ALA|A|60|5|0|000|11.536426|-1.000000|-1.000000|0.000000|-1|-1|0|0|58|60
77|60|1|GLY|A|61|4|0|000|11.951901|-1.000000|-1.000000|0.000000|-1|-1|0|0|59|61
77|61|19|PRO|A|62|7|0|000|11.813058|-1.000000|-1.000000|0.000000|-1|-1|0|0|60|62
77|62|33|HIS|A|63|10|0|000|8.576224|-1.000000|-1.000000|0.000000|-1|-1|0|0|61|63
77|63|35|PHE|A|64|11|0|000|9.995152|-1.000000|-1.000000|0.000000|-1|-1|0|0|62|64
77|64|23|ASN|A|65|8|0|000|13.267982|-1.000000|-1.000000|0.000000|-1|-1|0|0|63|65
77|65|19|PRO|A|66|7|0|000|14.748723|-1.000000|-1.000000|0.000000|-1|-1|0|0|64|66
77|66|7|LEU|A|67|8|0|000|16.920694|-1.000000|-1.000000|0.000000|-1|-1|0|0|65|67
77|67|11|SER|A|68|6|0|000|17.874348|-1.000000|-1.000000|0.000000|-1|-1|0|0|66|68
77|68|31|ARG|A|69|11|0|000|16.822012|-1.000000|-1.000000|0.000000|-1|-1|0|0|67|69
77|69|29|LYS|A|70|9|0|000|17.367016|-1.000000|-1.000000|0.000000|-1|-1|0|0|68|70
77|70|33|HIS|A|71|10|0|000|11.750543|-1.000000|-1.000000|0.000000|-1|-1|0|0|69|71
77|71|1|GLY|A|72|4|0|000|11.545394|-1.000000|-1.000000|0.000000|-1|-1|0|0|70|72
77|72|1|GLY|A|73|4|0|000|11.430987|-1.000000|-1.000000|0.000000|-1|-1|0|0|71|73
77|73|19|PRO|A|74|7|0|000|10.435945|-1.000000|-1.000000|0.000000|-1|-1|0|0|72|74
77|74|29|LYS|A|75|9|0|000|14.899991|-1.000000|-1.000000|0.000000|-1|-1|0|0|73|75
77|75|21|ASP|A|76|8|0|000|15.000485|-1.000000|-1.000000|0.000000|-1|-1|0|0|74|76
77|76|25|GLU|A|77|9|0|000|18.529793|-1.000000|-1.000000|0.000000|-1|-1|0|0|75|77
77|77|25|GLU|A|78|15|0|000|17.329659|-1.000000|-1.000000|0.000000|-1|-1|0|0|76|78
77|78|31|ARG|A|79|11|0|000|11.267208|-1.000000|-1.000000|0.000000|-1|-1|0|0|77|79
77|79|33|HIS|A|80|10|0|000|10.758112|-1.000000|-1.000000|0.000000|-1|-1|0|0|78|80
77|80|5|VAL|A|81|7|0|000|9.802334|-1.000000|-1.000000|0.000000|-1|-1|0|0|79|81
77|81|1|GLY|A|82|4|0|000|5.929827|-1.000000|-1.000000|0.000000|-1|-1|0|0|80|82
77|82|21|ASP|A|83|8|0|000|7.361409|-1.000000|-1.000000|0.000000|-1|-1|0|0|81|83
77|83|7|LEU|A|84|8|0|000|4.706859|-1.000000|-1.000000|0.000000|-1|-1|0|0|82|84
77|84|1|GLY|A|85|4|0|000|6.805406|-1.000000|-1.000000|0.000000|-1|-1|0|0|83|85
77|85|23|ASN|A|86|8|0|000|9.038770|-1.000000|-1.000000|0.000000|-1|-1|0|0|84|86
77|86|5|VAL|A|87|7|0|000|8.921186|-1.000000|-1.000000|0.000000|-1|-1|0|0|85|87
77|87|13|THR|A|88|7|0|000|13.364651|-1.000000|-1.000000|0.000000|-1|-1|0|0|86|88
77|88|3|ALA|A|89|5|0|000|15.395462|-1.000000|-1.000000|0.000000|-1|-1|0|0|87|89
77|89|21|ASP|A|90|8|0|000|18.882963|-1.000000|-1.000000|0.000000|-1|-1|0|0|88|90
77|90|29|LYS|A|91|9|0|000|22.798407|-1.000000|-1.000000|0.000000|-1|-1|0|0|89|91
77|91|21|ASP|A|92|8|0|000|21.237940|-1.000000|-1.000000|0.000000|-1|-1|0|0|90|92
77|92|1|GLY|A|93|4|0|000|17.448776|-1.000000|-1.000000|0.000000|-1|-1|0|0|91|93
77|93|5|VAL|A|94|7|0|000|16.568806|-1.000000|-1.000000|0.000000|-1|-1|0|0|92|94
77|94|3|ALA|A|95|5|0|000|12.916698|-1.000000|-1.000000|0.000000|-1|-1|0|0|93|95
77|95|21|ASP|A|96|8|0|000|14.508458|-1.000000|-1.000000|0.000000|-1|-1|0|0|94|96
77|96|5|VAL|A|97|7|0|000|10.366868|-1.000000|-1.000000|0.000000|-1|-1|0|0|95|97
77|97|11|SER|A|98|9|0|000|12.872174|-1.000000|-1.000000|0.000000|-1|-1|0|0|96|98
77|98|9|ILE|A|99|8|0|000|9.506143|-1.000000|-1.000000|0.000000|-1|-1|0|0|97|99
77|99|25|GLU|A|100|9|0|000|13.805148|-1.000000|-1.000000|0.000000|-1|-1|0|0|98|100
77|100|21|ASP|A|101|8|0|000|10.542230|-1.000000|-1.000000|0.000000|-1|-1|0|0|99|101
77|101|11|SER|A|102|6|0|000|14.141314|-1.000000|-1.000000|0.000000|-1|-1|0|0|100|102
77|102|5|VAL|A|103|7|0|000|12.094222|-1.000000|-1.000000|0.000000|-1|-1|0|0|101|103
77|103|9|ILE|A|104|8|0|000|9.569026|-1.000000|-1.000000|0.000000|-1|-1|0|0|102|104
77|104|11|SER|A|105|6|0|000|12.894036|-1.000000|-1.000000|0.000000|-1|-1|0|0|103|105
77|105|7|LEU|A|106|8|0|000|13.628199|-1.000000|-1.000000|0.000000|-1|-1|0|0|104|106
77|106|11|SER|A|107|6|0|000|16.931456|-1.000000|-1.000000|0.000000|-1|-1|0|0|105|107
77|107|1|GLY|A|108|4|0|000|17.451954|-1.000000|-1.000000|0.000000|-1|-1|0|0|106|108
77|108|21|ASP|A|109|8|0|000|17.353868|-1.000000|-1.000000|0.000000|-1|-1|0|0|107|109
77|109|33|HIS|A|110|10|0|000|14.066463|-1.000000|-1.000000|0.000000|-1|-1|0|0|108|110
77|110|15|CYS|A|111|6|0|000|13.171526|-1.000000|-1.000000|0.000000|-1|-1|0|0|109|111
77|111|9|ILE|A|112|8|0|000|9.197165|-1.000000|-1.000000|0.000000|-1|-1|0|0|110|112
77|112|9|ILE|A|113|8|0|000|12.999071|-1.000000|-1.000000|0.000000|-1|-1|0|0|111|113
77|113|1|GLY|A|114|4|0|000|12.496117|-1.000000|-1.000000|0.000000|-1|-1|0|0|112|114
77|114|31|ARG|A|115|11|0|000|10.765903|-1.000000|-1.000000|0.000000|-1|-1|0|0|113|115
77|115|13|THR|A|116|7|0|000|7.731071|-1.000000|-1.000000|0.000000|-1|-1|0|0|114|116
77|116|7|LEU|A|117|8|0|000|4.330958|-1.000000|-1.000000|0.000000|-1|-1|0|0|115|117
77|117|5|VAL|A|118|7|0|000|5.213407|-1.000000|-1.000000|0.000000|-1|-1|0|0|116|118
77|118|5|VAL|A|119|7|0|000|7.333679|-1.000000|-1.000000|0.000000|-1|-1|0|0|117|119
77|119|33|HIS|A|120|10|0|000|8.403894|-1.000000|-1.000000|0.000000|-1|-1|0|0|118|120
77|120|25|GLU|A|121|15|0|000|14.669228|-1.000000|-1.000000|0.000000|-1|-1|0|0|119|121
77|121|29|LYS|A|122|9|0|000|14.320525|-1.000000|-1.000000|0.000000|-1|-1|0|0|120|122
77|122|3|ALA|A|123|5|0|000|12.752489|-1.000000|-1.000000|0.000000|-1|-1|0|0|121|123
77|123|21|ASP|A|124|8|0|000|10.409664|-1.000000|-1.000000|0.000000|-1|-1|0|0|122|124
77|124|21|ASP|A|125|8|0|000|14.658841|-1.000000|-1.000000|0.000000|-1|-1|0|0|123|125
77|125|7|LEU|A|126|8|0|000|12.663066|-1.000000|-1.000000|0.000000|-1|-1|0|0|124|126
77|126|1|GLY|A|127|4|0|000|15.806396|-1.000000|-1.000000|0.000000|-1|-1|0|0|125|127
77|127|29|LYS|A|128|9|0|000|18.067293|-1.000000|-1.000000|0.000000|-1|-1|0|0|126|128
77|128|1|GLY|A|129|4|0|000|19.614943|-1.000000|-1.000000|0.000000|-1|-1|0|0|127|129
77|129|1|GLY|A|130|4|0|000|21.948713|-1.000000|-1.000000|0.000000|-1|-1|0|0|128|130
77|130|23|ASN|A|131|8|0|000|20.509729|-1.000000|-1.000000|0.000000|-1|-1|0|0|129|131
77|131|25|GLU|A|132|9|0|000|21.224998|-1.000000|-1.000000|0.000000|-1|-1|0|0|130|132
77|132|25|GLU|A|133|9|0|000|16.822226|-1.000000|-1.000000|0.000000|-1|-1|0|0|131|133
77|133|11|SER|A|134|6|0|000|16.155550|-1.000000|-1.000000|0.000000|-1|-1|0|0|132|134
77|134|13|THR|A|135|7|0|000|16.855404|-1.000000|-1.000000|0.000000|-1|-1|0|0|133|135
77|135|29|LYS|A|136|9|0|000|15.863064|-1.000000|-1.000000|0.000000|-1|-1|0|0|134|136
77|136|13|THR|A|137|7|0|000|12.168507|-1.000000|-1.000000|0.000000|-1|-1|0|0|135|137
77|137|1|GLY|A|138|4|0|000|12.656846|-1.000000|-1.000000|0.000000|-1|-1|0|0|136|138
77|138|23|ASN|A|139|8|0|000|15.151752|-1.000000|-1.000000|0.000000|-1|-1|0|0|137|139
77|139|3|ALA|A|140|5|0|000|11.489612|-1.000000|-1.000000|0.000000|-1|-1|0|0|138|140
77|140|1|GLY|A|141|4|0|000|12.794983|-1.000000|-1.000000|0.000000|-1|-1|0|0|139|141
77|141|11|SER|A|142|6|0|000|13.280277|-1.000000|-1.000000|0.000000|-1|-1|0|0|140|142
77|142|31|ARG|A|143|11|0|000|10.748658|-1.000000|-1.000000|0.000000|-1|-1|0|0|141|143
77|143|7|LEU|A|144|8|0|000|12.210737|-1.000000|-1.000000|0.000000|-1|-1|0|0|142|144
77|144|3|ALA|A|145|5|0|000|9.924988|-1.000000|-1.000000|0.000000|-1|-1|0|0|143|145
77|145|15|CYS|A|146|6|0|000|9.675602|-1.000000|-1.000000|0.000000|-1|-1|0|0|144|146
77|146|1|GLY|A|147|4|0|000|9.236947|-1.000000|-1.000000|0.000000|-1|-1|0|0|145|147
77|147|5|VAL|A|148|7|0|000|11.481444|-1.000000|-1.000000|0.000000|-1|-1|0|0|146|148
77|148|9|ILE|A|149|8|0|000|9.594178|-1.000000|-1.000000|0.000000|-1|-1|0|0|147|149
77|149|1|GLY|A|150|4|0|000|13.459338|-1.000000|-1.000000|0.000000|-1|-1|0|0|148|150
77|150|9|ILE|A|151|8|0|000|16.999735|-1.000000|-1.000000|0.000000|-1|-1|0|0|149|151
77|151|3|ALA|A|152|5|0|000|17.653282|-1.000000|-1.000000|0.000000|-1|-1|0|0|150|152
77|152|27|GLN|A|153|10|0|000|22.040356|-1.000000|-1.000000|0.000000|-1|-1|0|0|151|-1
77|153|3|ALA|F|1|5|0|000|20.969391|-1.000000|-1.000000|0.000000|-1|-1|0|8|-1|154
77|154|13|THR|F|2|7|0|000|17.677019|-1.000000|-1.000000|0.000000|-1|-1|0|8|153|155
77|155|29|LYS|F|3|9|0|000|17.457052|-1.000000|-1.000000|0.000000|-1|-1|0|8|154|156
77|156|3|ALA|F|4|5|0|000|13.074559|-1.000000|-1.000000|0.000000|-1|-1|0|8|155|157
77|157|5|VAL|F|5|7|0|000|12.904299|-1.000000|-1.000000|0.000000|-1|-1|0|8|156|158
77|158|15|CYS|F|6|6|0|000|10.179125|-1.000000|-1.000000|0.000000|-1|-1|0|8|157|159
77|159|5|VAL|F|7|7|0|000|13.040107|-1.000000|-1.000000|0.000000|-1|-1|0|8|158|160
77|160|7|LEU|F|8|8|0|000|10.209908|-1.000000|-1.000000|0.000000|-1|-1|0|8|159|161
77|161|29|LYS|F|9|9|0|000|14.994993|-1.000000|-1.000000|0.000000|-1|-1|0|8|160|162
77|162|1|GLY|F|10|4|0|000|15.648668|-1.000000|-1.000000|0.000000|-1|-1|0|8|161|163
77|163|21|ASP|F|11|8|0|000|18.422232|-1.000000|-1.000000|0.000000|-1|-1|0|8|162|164
77|164|1|GLY|F|12|4|0|000|20.050190|-1.000000|-1.000000|0.000000|-1|-1|0|8|163|165
77|165|19|PRO|F|13|7|0|000|19.284000|-1.000000|-1.000000|0.000000|-1|-1|0|8|164|166
77|166|5|VAL|F|14|7|0|000|14.659105|-1.000000|-1.000000|0.000000|-1|-1|0|8|165|167
77|167|27|GLN|F|15|9|0|000|16.209570|-1.000000|-1.000000|0.000000|-1|-1|0|8|166|168
77|168|1|GLY|F|16|4|0|000|12.396266|-1.000000|-1.000000|0.000000|-1|-1|0|8|167|169
77|169|9|ILE|F|17|13|0|000|13.482430|-1.000000|-1.000000|0.000000|-1|-1|0|8|168|170
77|170|9|ILE|F|18|8|0|000|9.166443|-1.000000|-1.000000|0.000000|-1|-1|0|8|169|171
77|171|23|ASN|F|19|8|0|000|12.426680|-1.000000|-1.000000|0.000000|-1|-1|0|8|170|172
77|172|35|PHE|F|20|11|0|000|9.757338|-1.000000|-1.000000|0.000000|-1|-1|0|8|171|173
77|173|25|GLU|F|21|9|0|000|15.960965|-1.000000|-1.000000|0.000000|-1|-1|0|8|172|174
77|174|27|GLN|F|22|9|0|000|15.865689|-1.000000|-1.000000|0.000000|-1|-1|0|8|173|175
77|175|29|LYS|F|23|9|0|000|20.570030|-1.000000|-1.000000|0.000000|-1|-1|0|8|174|176
77|176|25|GLU|F|24|9|0|000|21.046600|-1.000000|-1.000000|0.000000|-1|-1|0|8|175|177
77|177|11|SER|F|25|6|0|000|19.637522|-1.000000|-1.000000|0.000000|-1|-1|0|8|176|178
77|178|23|ASN|F|26|8|0|000|20.926079|-1.000000|-1.000000|0.000000|-1|-1|0|8|177|179
77|179|1|GLY|F|27|4|0|000|17.263002|-1.000000|-1.000000|0.000000|-1|-1|0|8|178|180
77|180|19|PRO|F|28|7|0|000|15.613553|-1.000000|-1.000000|0.000000|-1|-1|0|8|179|181
77|181|5|VAL|F|29|7|0|000|11.639709|-1.000000|-1.000000|0.000000|-1|-1|0|8|180|182
77|182|29|LYS|F|30|9|0|000|14.099806|-1.000000|-1.000000|0.000000|-1|-1|0|8|181|183
77|183|5|VAL|F|31|7|0|000|8.981641|-1.000000|-1.000000|0.000000|-1|-1|0|8|182|184
77|184|39|TRP|F|32|14|0|000|13.286434|-1.000000|-1.000000|0.000000|-1|-1|0|8|183|185
77|185|1|GLY|F|33|4|0|000|12.191498|-1.000000|-1.000000|0.000000|-1|-1|0|8|184|186
77|186|11|SER|F|34|6|0|000|13.198661|-1.000000|-1.000000|0.000000|-1|-1|0|8|185|187
77|187|9|ILE|F|35|8|0|000|11.506083|-1.000000|-1.000000|0.000000|-1|-1|0|8|186|188
77|188|29|LYS|F|36|9|0|000|16.753603|-1.000000|-1.000000|0.000000|-1|-1|0|8|187|189
77|189|1|GLY|F|37|4|0|000|16.728371|-1.000000|-1.000000|0.000000|-1|-1|0|8|188|190
77|190|5|VAL|F|38|7|0|000|15.005481|-1.000000|-1.000000|0.000000|-1|-1|0|8|189|191
77|191|13|THR|F|39|7|0|000|16.997713|-1.000000|-1.000000|0.000000|-1|-1|0|8|190|192
77|192|25|GLU|F|40|9|0|000|19.358189|-1.000000|-1.000000|0.000000|-1|-1|0|8|191|193
77|193|1|GLY|F|41|4|0|000|15.291994|-1.000000|-1.000000|0.000000|-1|-1|0|8|192|194
77|194|7|LEU|F|42|8|0|000|13.132619|-1.000000|-1.000000|0.000000|-1|-1|0|8|193|195
77|195|33|HIS|F|43|10|0|000|10.946133|-1.000000|-1.000000|0.000000|-1|-1|0|8|194|196
77|196|1|GLY|F|44|4|0|000|7.001981|-1.000000|-1.000000|0.000000|-1|-1|0|8|195|197
77|197|35|PHE|F|45|11|0|000|3.125480|-1.000000|-1.000000|0.000000|-1|-1|0|8|196|198
77|198|33|HIS|F|46|10|0|000|3.841849|-1.000000|-1.000000|0.000000|-1|-1|0|8|197|199
77|199|5|VAL|F|47|7|0|000|4.623581|-1.000000|-1.000000|0.000000|-1|-1|0|8|198|200
77|200|33|HIS|F|48|10|0|000|7.315296|-1.000000|-1.000000|0.000000|-1|-1|0|8|199|201
77|201|25|GLU|F|49|9|0|000|12.488208|-1.000000|-1.000000|0.000000|-1|-1|0|8|200|202
77|202|35|PHE|F|50|11|0|000|13.887287|-1.000000|-1.000000|0.000000|-1|-1|0|8|201|203
77|203|1|GLY|F|51|4|0|000|13.569051|-1.000000|-1.000000|0.000000|-1|-1|0|8|202|204
77|204|21|ASP|F|52|8|0|000|15.951421|-1.000000|-1.000000|0.000000|-1|-1|0|8|203|205
77|205|23|ASN|F|53|8|0|000|14.882977|-1.000000|-1.000000|0.000000|-1|-1|0|8|204|206
77|206|13|THR|F|54|11|0|000|19.777370|-1.000000|-1.000000|0.000000|-1|-1|0|8|205|207
77|207|3|ALA|F|55|5|0|000|19.145723|-1.000000|-1.000000|0.000000|-1|-1|0|8|206|208
77|208|1|GLY|F|56|4|0|000|15.979014|-1.000000|-1.000000|0.000000|-1|-1|0|8|207|209
77|209|15|CYS|F|57|6|0|000|12.622699|-1.000000|-1.000000|0.000000|-1|-1|0|8|208|210
77|210|13|THR|F|58|7|0|000|15.379060|-1.000000|-1.000000|0.000000|-1|-1|0|8|209|211
77|211|11|SER|F|59|7|0|000|15.906456|-1.000000|-1.000000|0.000000|-1|-1|0|8|210|212
77|212|3|ALA|F|60|5|0|000|12.000100|-1.000000|-1.000000|0.000000|-1|-1|0|8|211|213
77|213|1|GLY|F|61|4|0|000|12.309905|-1.000000|-1.000000|0.000000|-1|-1|0|8|212|214
77|214|19|PRO|F|62|7|0|000|11.998502|-1.000000|-1.000000|0.000000|-1|-1|0|8|213|215
77|215|33|HIS|F|63|10|0|000|8.548491|-1.000000|-1.000000|0.000000|-1|-1|0|8|214|216
77|216|35|PHE|F|64|11|0|000|9.921623|-1.000000|-1.000000|0.000000|-1|-1|0|8|215|217
77|217|23|ASN|F|65|8|0|000|13.124322|-1.000000|-1.000000|0.000000|-1|-1|0|8|216|218
77|218|19|PRO|F|66|7|0|000|14.528712|-1.000000|-1.000000|0.000000|-1|-1|0|8|217|219
77|219|7|LEU|F|67|8|0|000|16.674320|-1.000000|-1.000000|0.000000|-1|-1|0|8|218|220
77|220|11|SER|F|68|6|0|000|17.725906|-1.000000|-1.000000|0.000000|-1|-1|0|8|219|221
77|221|31|ARG|F|69|11|0|000|16.041121|-1.000000|-1.000000|0.000000|-1|-1|0|8|220|222
77|222|29|LYS|F|70|9|0|000|17.110992|-1.000000|-1.000000|0.000000|-1|-1|0|8|221|223
77|223|33|HIS|F|71|10|0|000|11.439757|-1.000000|-1.000000|0.000000|-1|-1|0|8|222|224
77|224|1|GLY|F|72|4|0|000|11.162930|-1.000000|-1.000000|0.000000|-1|-1|0|8|223|225
77|225|1|GLY|F|73|4|0|000|10.943177|-1.000000|-1.000000|0.000000|-1|-1|0|8|224|226
77|226|19|PRO|F|74|7|0|000|9.867686|-1.000000|-1.000000|0.000000|-1|-1|0|8|225|227
77|227|29|LYS|F|75|9|0|000|14.474646|-1.000000|-1.000000|0.000000|-1|-1|0|8|226|228
77|228|21|ASP|F|76|8|0|000|14.506697|-1.000000|-1.000000|0.000000|-1|-1|0|8|227|229
77|229|25|GLU|F|77|9|0|000|18.066162|-1.000000|-1.000000|0.000000|-1|-1|0|8|228|230
77|230|25|GLU|F|78|9|0|000|16.536404|-1.000000|-1.000000|0.000000|-1|-1|0|8|229|231
77|231|31|ARG|F|79|11|0|000|10.825779|-1.000000|-1.000000|0.000000|-1|-1|0|8|230|232
77|232|33|HIS|F|80|10|0|000|10.532360|-1.000000|-1.000000|0.000000|-1|-1|0|8|231|233
77|233|5|VAL|F|81|7|0|000|9.468156|-1.000000|-1.000000|0.000000|-1|-1|0|8|232|234
77|234|1|GLY|F|82|4|0|000|5.624633|-1.000000|-1.000000|0.000000|-1|-1|0|8|233|235
77|235|21|ASP|F|83|8|0|000|6.982499|-1.000000|-1.000000|0.000000|-1|-1|0|8|234|236
77|236|7|LEU|F|84|8|0|000|4.111851|-1.000000|-1.000000|0.000000|-1|-1|0|8|235|237
77|237|1|GLY|F|85|4|0|000|6.438315|-1.000000|-1.000000|0.000000|-1|-1|0|8|236|238
77|238|23|ASN|F|86|8|0|000|8.788207|-1.000000|-1.000000|0.000000|-1|-1|0|8|237|239
77|239|5|VAL|F|87|7|0|000|8.784292|-1.000000|-1.000000|0.000000|-1|-1|0|8|238|240
77|240|13|THR|F|88|7|0|000|13.222469|-1.000000|-1.000000|0.000000|-1|-1|0|8|239|241
77|241|3|ALA|F|89|5|0|000|15.355433|-1.000000|-1.000000|0.000000|-1|-1|0|8|240|242
77|242|21|ASP|F|90|8|0|000|18.898266|-1.000000|-1.000000|0.000000|-1|-1|0|8|241|243
77|243|29|LYS|F|91|9|0|000|22.722750|-1.000000|-1.000000|0.000000|-1|-1|0|8|242|244
77|244|21|ASP|F|92|8|0|000|21.880493|-1.000000|-1.000000|0.000000|-1|-1|0|8|243|245
77|245|1|GLY|F|93|4|0|000|17.587809|-1.000000|-1.000000|0.000000|-1|-1|0|8|244|246
77|246|5|VAL|F|94|7|0|000|16.686897|-1.000000|-1.000000|0.000000|-1|-1|0|8|245|247
77|247|3|ALA|F|95|5|0|000|12.961181|-1.000000|-1.000000|0.000000|-1|-1|0|8|246|248
77|248|21|ASP|F|96|8|0|000|14.506952|-1.000000|-1.000000|0.000000|-1|-1|0|8|247|249
77|249|5|VAL|F|97|7|0|000|10.271894|-1.000000|-1.000000|0.000000|-1|-1|0|8|248|250
77|250|11|SER|F|98|9|0|000|12.543906|-1.000000|-1.000000|0.000000|-1|-1|0|8|249|251
77|251|9|ILE|F|99|8|0|000|9.230218|-1.000000|-1.000000|0.000000|-1|-1|0|8|250|252
77|252|25|GLU|F|100|9|0|000|13.402359|-1.000000|-1.000000|0.000000|-1|-1|0|8|251|253
77|253|21|ASP|F|101|8|0|000|10.021348|-1.000000|-1.000000|0.000000|-1|-1|0|8|252|254
77|254|11|SER|F|102|7|0|000|13.762425|-1.000000|-1.000000|0.000000|-1|-1|0|8|253|255
77|255|5|VAL|F|103|7|0|000|11.655078|-1.000000|-1.000000|0.000000|-1|-1|0|8|254|256
77|256|9|ILE|F|104|8|0|000|9.189621|-1.000000|-1.000000|0.000000|-1|-1|0|8|255|257
77|257|11|SER|F|105|6|0|000|12.645902|-1.000000|-1.000000|0.000000|-1|-1|0|8|256|258
77|258|7|LEU|F|106|8|0|000|13.548659|-1.000000|-1.000000|0.000000|-1|-1|0|8|257|259
77|259|11|SER|F|107|6|0|000|16.819918|-1.000000|-1.000000|0.000000|-1|-1|0|8|258|260
77|260|1|GLY|F|108|4|0|000|17.304474|-1.000000|-1.000000|0.000000|-1|-1|0|8|259|261
77|261|21|ASP|F|109|8|0|000|17.089308|-1.000000|-1.000000|0.000000|-1|-1|0|8|260|262
77|262|33|HIS|F|110|10|0|000|13.788379|-1.000000|-1.000000|0.000000|-1|-1|0|8|261|263
77|263|15|CYS|F|111|6|0|000|13.069771|-1.000000|-1.000000|0.000000|-1|-1|0|8|262|264
77|264|9|ILE|F|112|8|0|000|9.165425|-1.000000|-1.000000|0.000000|-1|-1|0|8|263|265
77|265|9|ILE|F|113|8|0|000|13.080287|-1.000000|-1.000000|0.000000|-1|-1|0|8|264|266
77|266|1|GLY|F|114|4|0|000|12.804879|-1.000000|-1.000000|0.000000|-1|-1|0|8|265|267
77|267|31|ARG|F|115|11|0|000|10.937946|-1.000000|-1.000000|0.000000|-1|-1|0|8|266|268
77|268|13|THR|F|116|7|0|000|8.243046|-1.000000|-1.000000|0.000000|-1|-1|0|8|267|269
77|269|7|LEU|F|117|8|0|000|4.874234|-1.000000|-1.000000|0.000000|-1|-1|0|8|268|270
77|270|5|VAL|F|118|7|0|000|5.702589|-1.000000|-1.000000|0.000000|-1|-1|0|8|269|271
77|271|5|VAL|F|119|7|0|000|7.690264|-1.000000|-1.000000|0.000000|-1|-1|0|8|270|272
77|272|33|HIS|F|120|10|0|000|8.647933|-1.000000|-1.000000|0.000000|-1|-1|0|8|271|273
77|273|25|GLU|F|121|15|0|000|14.840638|-1.000000|-1.000000|0.000000|-1|-1|0|8|272|274
77|274|29|LYS|F|122|9|0|000|14.240973|-1.000000|-1.000000|0.000000|-1|-1|0|8|273|275
77|275|3|ALA|F|123|5|0|000|12.620866|-1.000000|-1.000000|0.000000|-1|-1|0|8|274|276
77|276|21|ASP|F|124|8|0|000|10.159501|-1.000000|-1.000000|0.000000|-1|-1|0|8|275|277
77|277|21|ASP|F|125|8|0|000|14.367705|-1.000000|-1.000000|0.000000|-1|-1|0|8|276|278
77|278|7|LEU|F|126|8|0|000|12.289781|-1.000000|-1.000000|0.000000|-1|-1|0|8|277|279
77|279|1|GLY|F|127|4|0|000|15.478056|-1.000000|-1.000000|0.000000|-1|-1|0|8|278|280
77|280|29|LYS|F|128|9|0|000|17.579506|-1.000000|-1.000000|0.000000|-1|-1|0|8|279|281
77|281|1|GLY|F|129|4|0|000|19.401514|-1.000000|-1.000000|0.000000|-1|-1|0|8|280|282
77|282|1|GLY|F|130|4|0|000|21.776701|-1.000000|-1.000000|0.000000|-1|-1|0|8|281|283
77|283|23|ASN|F|131|8|0|000|20.344730|-1.000000|-1.000000|0.000000|-1|-1|0|8|282|284
77|284|25|GLU|F|132|9|0|000|21.116261|-1.000000|-1.000000|0.000000|-1|-1|0|8|283|285
77|285|25|GLU|F|133|9|0|000|16.884417|-1.000000|-1.000000|0.000000|-1|-1|0|8|284|286
77|286|11|SER|F|134|6|0|000|15.895716|-1.000000|-1.000000|0.000000|-1|-1|0|8|285|287
77|287|13|THR|F|135|7|0|000|16.613823|-1.000000|-1.000000|0.000000|-1|-1|0|8|286|288
77|288|29|LYS|F|136|9|0|000|15.701673|-1.000000|-1.000000|0.000000|-1|-1|0|8|287|289
77|289|13|THR|F|137|7|0|000|12.102929|-1.000000|-1.000000|0.000000|-1|-1|0|8|288|290
77|290|1|GLY|F|138|4|0|000|12.509691|-1.000000|-1.000000|0.000000|-1|-1|0|8|289|291
77|291|23|ASN|F|139|8|0|000|15.090705|-1.000000|-1.000000|0.000000|-1|-1|0|8|290|292
77|292|3|ALA|F|140|5|0|000|11.522565|-1.000000|-1.000000|0.000000|-1|-1|0|8|291|293
77|293|1|GLY|F|141|4|0|000|13.029029|-1.000000|-1.000000|0.000000|-1|-1|0|8|292|294
77|294|11|SER|F|142|6|0|000|13.602239|-1.000000|-1.000000|0.000000|-1|-1|0|8|293|295
77|295|31|ARG|F|143|11|0|000|11.163519|-1.000000|-1.000000|0.000000|-1|-1|0|8|294|296
77|296|7|LEU|F|144|8|0|000|12.536046|-1.000000|-1.000000|0.000000|-1|-1|0|8|295|297
77|297|3|ALA|F|145|5|0|000|10.415073|-1.000000|-1.000000|0.000000|-1|-1|0|8|296|298
77|298|15|CYS|F|146|6|0|000|10.270103|-1.000000|-1.000000|0.000000|-1|-1|0|8|297|299
77|299|1|GLY|F|147|4|0|000|9.824847|-1.000000|-1.000000|0.000000|-1|-1|0|8|298|300
77|300|5|VAL|F|148|7|0|000|11.925820|-1.000000|-1.000000|0.000000|-1|-1|0|8|299|301
77|301|9|ILE|F|149|8|0|000|9.881260|-1.000000|-1.000000|0.000000|-1|-1|0|8|300|302
77|302|1|GLY|F|150|4|0|000|13.724389|-1.000000|-1.000000|0.000000|-1|-1|0|8|301|303
77|303|9|ILE|F|151|8|0|000|17.173416|-1.000000|-1.000000|0.000000|-1|-1|0|8|302|304
77|304|3|ALA|F|152|5|0|000|17.764015|-1.000000|-1.000000|0.000000|-1|-1|0|8|303|305
77|305|27|GLN|F|153|10|0|000|22.173922|-1.000000|-1.000000|0.000000|-1|-1|0|8|304|-1
77|306|46|_ZN|A|154|1|1|000|7.216379|-1.000000|-1.000000|0.000000|-1|-1|0|2|-1|-1
77|307|46|_CU|A|154|1|1|000|6.022383|-1.000000|-1.000000|0.000000|-1|-1|0|3|-1|-1
77|308|46|_ZN|A|155|1|1|000|9.108101|-1.000000|-1.000000|0.000000|-1|-1|0|4|-1|-1
77|309|47|SO4|A|156|5|0|000|14.393131|-1.000000|-1.000000|0.000000|-1|-1|0|5|-1|-1
77|310|47|SO4|A|157|5|0|000|36.239006|-1.000000|-1.000000|0.000000|-1|-1|0|6|-1|-1
77|311|17|MET|A|158|9|0|000|15.605330|-1.000000|-1.000000|0.000000|-1|-1|0|0|-1|-1
77|312|47|SO4|A|160|5|0|000|14.873137|-1.000000|-1.000000|0.000000|-1|-1|0|7|-1|-1
77|313|46|_CU|F|154|2|1|000|6.725025|-1.000000|-1.000000|0.000000|-1|-1|0|10|-1|-1
77|314|46|_ZN|F|155|1|1|000|8.971887|-1.000000|-1.000000|0.000000|-1|-1|0|11|-1|-1
77|315|17|MET|F|158|18|0|000|14.713177|-1.000000|-1.000000|0.000000|-1|-1|0|8|-1|-1
77|316|43|HOH|A|2001|1|0|000|22.935997|-1.000000|-1.000000|0.000000|-1|-1|0|1|-1|-1
77|317|43|HOH|A|2002|1|0|000|23.170624|-1.000000|-1.000000|0.000000|-1|-1|0|1|-1|-1
77|318|43|HOH|A|2003|1|0|000|20.382998|-1.000000|-1.000000|0.000000|-1|-1|0|1|-1|-1
77|319|43|HOH|A|2004|1|0|000|13.500596|-1.000000|-1.000000|0.000000|-1|-1|0|1|-1|-1
77|320|43|HOH|A|2005|1|0|000|15.093098|-1.000000|-1.000000|0.000000|-1|-1|0|1|-1|-1
77|321|43|HOH|A|2006|1|0|000|18.291828|-1.000000|-1.000000|0.000000|-1|-1|0|1|-1|-1
77|322|43|HOH|A|2007|1|0|000|15.359607|-1.000000|-1.000000|0.000000|-1|-1|0|1|-1|-1
77|323|43|HOH|A|2008|1|0|000|19.907173|-1.000000|-1.000000|0.000000|-1|-1|0|1|-1|-1
77|324|43|HOH|A|2010|1|0|000|19.792080|-1.000000|-1.000000|0.000000|-1|-1|0|1|-1|-1
77|325|43|HOH|A|2011|1|0|000|16.247765|-1.000000|-1.000000|0.000000|-1|-1|0|1|-1|-1
77|326|43|HOH|A|2012|1|0|000|17.697554|-1.000000|-1.000000|0.000000|-1|-1|0|1|-1|-1
77|327|43|HOH|A|2013|1|0|000|21.588915|-1.000000|-1.000000|0.000000|-1|-1|0|1|-1|-1
77|328|43|HOH|A|2014|1|0|000|19.323875|-1.000000|-1.000000|0.000000|-1|-1|0|1|-1|-1
77|329|43|HOH|A|2015|1|0|000|17.596146|-1.000000|-1.000000|0.000000|-1|-1|0|1|-1|-1
77|330|43|HOH|A|2016|1|0|000|18.494814|-1.000000|-1.000000|0.000000|-1|-1|0|1|-1|-1
77|331|43|HOH|A|2017|1|0|000|19.405787|-1.000000|-1.000000|0.000000|-1|-1|0|1|-1|-1
77|332|43|HOH|A|2018|1|0|000|15.941587|-1.000000|-1.000000|0.000000|-1|-1|0|1|-1|-1
77|333|43|HOH|A|2019|1|0|000|16.633108|-1.000000|-1.000000|0.000000|-1|-1|0|1|-1|-1
77|334|43|HOH|A|2020|1|0|000|19.241699|-1.000000|-1.000000|0.000000|-1|-1|0|1|-1|-1
77|335|43|HOH|A|2021|1|0|000|16.415651|-1.000000|-1.000000|0.000000|-1|-1|0|1|-1|-1
77|336|43|HOH|A|2022|1|0|000|15.467650|-1.000000|-1.000000|0.000000|-1|-1|0|1|-1|-1
77|337|43|HOH|A|2023|1|0|000|18.684015|-1.000000|-1.000000|0.000000|-1|-1|0|1|-1|-1
77|338|43|HOH|A|2024|1|0|000|15.931267|-1.000000|-1.000000|0.000000|-1|-1|0|1|-1|-1
77|339|43|HOH|A|2025|1|0|000|15.048589|-1.000000|-1.000000|0.000000|-1|-1|0|1|-1|-1
77|340|43|HOH|A|2026|1|0|000|22.408783|-1.000000|-1.000000|0.000000|-1|-1|0|1|-1|-1
77|341|43|HOH|A|2027|1|0|000|15.389978|-1.000000|-1.000000|0.000000|-1|-1|0|1|-1|-1
77|342|43|HOH|A|2028|1|0|000|19.095243|-1.000000|-1.000000|0.000000|-1|-1|0|1|-1|-1
77|343|43|HOH|A|2029|1|0|000|19.055546|-1.000000|-1.000000|0.000000|-1|-1|0|1|-1|-1
77|344|43|HOH|A|2030|1|0|000|18.573643|-1.000000|-1.000000|0.000000|-1|-1|0|1|-1|-1
77|345|43|HOH|A|2031|1|0|000|15.471671|-1.000000|-1.000000|0.000000|-1|-1|0|1|-1|-1
77|346|43|HOH|A|2032|1|0|000|17.774035|-1.000000|-1.000000|0.000000|-1|-1|0|1|-1|-1
77|347|43|HOH|A|2033|1|0|000|23.360888|-1.000000|-1.000000|0.000000|-1|-1|0|1|-1|-1
77|348|43|HOH|A|2034|1|0|000|23.997316|-1.000000|-1.000000|0.000000|-1|-1|0|1|-1|-1
77|349|43|HOH|A|2035|1|0|000|20.290232|-1.000000|-1.000000|0.000000|-1|-1|0|1|-1|-1
77|350|43|HOH|A|2036|1|0|000|16.657595|-1.000000|-1.000000|0.000000|-1|-1|0|1|-1|-1
77|351|43|HOH|A|2037|1|0|000|18.266630|-1.000000|-1.000000|0.000000|-1|-1|0|1|-1|-1
77|352|43|HOH|A|2038|1|0|000|18.164001|-1.000000|-1.000000|0.000000|-1|-1|0|1|-1|-1
77|353|43|HOH|A|2039|1|0|000|16.708763|-1.000000|-1.000000|0.000000|-1|-1|0|1|-1|-1
77|354|43|HOH|A|2040|1|0|000|12.568777|-1.000000|-1.000000|0.000000|-1|-1|0|1|-1|-1
77|355|43|HOH|A|2041|1|0|000|15.137769|-1.000000|-1.000000|0.000000|-1|-1|0|1|-1|-1
77|356|43|HOH|A|2042|1|0|000|20.272270|-1.000000|-1.000000|0.000000|-1|-1|0|1|-1|-1
77|357|43|HOH|A|2043|1|0|000|17.901428|-1.000000|-1.000000|0.000000|-1|-1|0|1|-1|-1
77|358|43|HOH|A|2044|1|0|000|10.360292|-1.000000|-1.000000|0.000000|-1|-1|0|1|-1|-1
77|359|43|HOH|A|2045|1|0|000|17.592148|-1.000000|-1.000000|0.000000|-1|-1|0|1|-1|-1
77|360|43|HOH|A|2046|1|0|000|12.784557|-1.000000|-1.000000|0.000000|-1|-1|0|1|-1|-1
77|361|43|HOH|A|2047|1|0|000|15.423868|-1.000000|-1.000000|0.000000|-1|-1|0|1|-1|-1
77|362|43|HOH|A|2048|1|0|000|21.427776|-1.000000|-1.000000|0.000000|-1|-1|0|1|-1|-1
77|363|43|HOH|A|2049|1|0|000|16.364182|-1.000000|-1.000000|0.000000|-1|-1|0|1|-1|-1
77|364|43|HOH|A|2050|1|0|000|19.841927|-1.000000|-1.000000|0.000000|-1|-1|0|1|-1|-1
77|365|43|HOH|A|2051|1|0|000|21.082668|-1.000000|-1.000000|0.000000|-1|-1|0|1|-1|-1
77|366|43|HOH|A|2052|1|0|000|16.504131|-1.000000|-1.000000|0.000000|-1|-1|0|1|-1|-1
77|367|43|HOH|A|2053|1|0|000|15.155645|-1.000000|-1.000000|0.000000|-1|-1|0|1|-1|-1
77|368|43|HOH|A|2054|1|0|000|21.449091|-1.000000|-1.000000|0.000000|-1|-1|0|1|-1|-1
77|369|43|HOH|A|2055|1|0|000|19.403618|-1.000000|-1.000000|0.000000|-1|-1|0|1|-1|-1
77|370|43|HOH|A|2056|1|0|000|23.954182|-1.000000|-1.000000|0.000000|-1|-1|0|1|-1|-1
77|371|43|HOH|A|2057|1|0|000|22.291418|-1.000000|-1.000000|0.000000|-1|-1|0|1|-1|-1
77|372|43|HOH|A|2058|1|0|000|20.666985|-1.000000|-1.000000|0.000000|-1|-1|0|1|-1|-1
77|373|43|HOH|A|2059|1|0|000|19.134077|-1.000000|-1.000000|0.000000|-1|-1|0|1|-1|-1
77|374|43|HOH|A|2060|1|0|000|21.190247|-1.000000|-1.000000|0.000000|-1|-1|0|1|-1|-1
77|375|43|HOH|A|2061|1|0|000|17.528784|-1.000000|-1.000000|0.000000|-1|-1|0|1|-1|-1
77|376|43|HOH|A|2062|1|0|000|18.330925|-1.000000|-1.000000|0.000000|-1|-1|0|1|-1|-1
77|377|43|HOH|A|2063|1|0|000|16.984831|-1.000000|-1.000000|0.000000|-1|-1|0|1|-1|-1
77|378|43|HOH|A|2064|1|0|000|17.492275|-1.000000|-1.000000|0.000000|-1|-1|0|1|-1|-1
77|379|43|HOH|A|2065|1|0|000|22.754299|-1.000000|-1.000000|0.000000|-1|-1|0|1|-1|-1
77|380|43|HOH|A|2066|1|0|000|16.590073|-1.000000|-1.000000|0.000000|-1|-1|0|1|-1|-1
77|381|43|HOH|A|2067|1|0|000|22.446156|-1.000000|-1.000000|0.000000|-1|-1|0|1|-1|-1
77|382|43|HOH|A|2068|1|0|000|15.453473|-1.000000|-1.000000|0.000000|-1|-1|0|1|-1|-1
77|383|43|HOH|A|2069|1|0|000|17.731495|-1.000000|-1.000000|0.000000|-1|-1|0|1|-1|-1
77|384|43|HOH|A|2070|1|0|000|15.117331|-1.000000|-1.000000|0.000000|-1|-1|0|1|-1|-1
77|385|43|HOH|A|2071|1|0|000|14.407431|-1.000000|-1.000000|0.000000|-1|-1|0|1|-1|-1
77|386|43|HOH|A|2072|1|0|000|18.554190|-1.000000|-1.000000|0.000000|-1|-1|0|1|-1|-1
77|387|43|HOH|A|2073|1|0|000|20.389889|-1.000000|-1.000000|0.000000|-1|-1|0|1|-1|-1
77|388|43|HOH|A|2074|1|0|000|17.456879|-1.000000|-1.000000|0.000000|-1|-1|0|1|-1|-1
77|389|43|HOH|A|2075|1|0|000|16.934902|-1.000000|-1.000000|0.000000|-1|-1|0|1|-1|-1
77|390|43|HOH|A|2076|1|0|000|16.030579|-1.000000|-1.000000|0.000000|-1|-1|0|1|-1|-1
77|391|43|HOH|A|2077|1|0|000|13.309529|-1.000000|-1.000000|0.000000|-1|-1|0|1|-1|-1
77|392|43|HOH|A|2078|1|0|000|14.223886|-1.000000|-1.000000|0.000000|-1|-1|0|1|-1|-1
77|393|43|HOH|A|2079|1|0|000|17.169870|-1.000000|-1.000000|0.000000|-1|-1|0|1|-1|-1
77|394|43|HOH|A|2080|1|0|000|20.427618|-1.000000|-1.000000|0.000000|-1|-1|0|1|-1|-1
77|395|43|HOH|A|2081|1|0|000|20.756531|-1.000000|-1.000000|0.000000|-1|-1|0|1|-1|-1
77|396|43|HOH|A|2082|1|0|000|23.667692|-1.000000|-1.000000|0.000000|-1|-1|0|1|-1|-1
77|397|43|HOH|A|2083|1|0|000|15.159601|-1.000000|-1.000000|0.000000|-1|-1|0|1|-1|-1
77|398|43|HOH|A|2084|1|0|000|18.782469|-1.000000|-1.000000|0.000000|-1|-1|0|1|-1|-1
77|399|43|HOH|A|2085|1|0|000|38.290550|-1.000000|-1.000000|0.000000|-1|-1|0|1|-1|-1
77|400|43|HOH|A|2086|1|0|000|16.774120|-1.000000|-1.000000|0.000000|-1|-1|0|1|-1|-1
77|401|43|HOH|A|2087|1|0|000|19.037489|-1.000000|-1.000000|0.000000|-1|-1|0|1|-1|-1
77|402|43|HOH|A|2088|1|0|000|11.105287|-1.000000|-1.000000|0.000000|-1|-1|0|1|-1|-1
77|403|43|HOH|A|2089|1|0|000|13.233801|-1.000000|-1.000000|0.000000|-1|-1|0|1|-1|-1
77|404|43|HOH|A|2090|1|0|000|14.617761|-1.000000|-1.000000|0.000000|-1|-1|0|1|-1|-1
77|405|43|HOH|A|2091|1|0|000|20.849882|-1.000000|-1.000000|0.000000|-1|-1|0|1|-1|-1
77|406|43|HOH|A|2092|1|0|000|19.550920|-1.000000|-1.000000|0.000000|-1|-1|0|1|-1|-1
77|407|43|HOH|A|2093|1|0|000|17.959827|-1.000000|-1.000000|0.000000|-1|-1|0|1|-1|-1
77|408|43|HOH|A|2094|1|0|000|16.730780|-1.000000|-1.000000|0.000000|-1|-1|0|1|-1|-1
77|409|43|HOH|A|2095|1|0|000|18.341946|-1.000000|-1.000000|0.000000|-1|-1|0|1|-1|-1
77|410|43|HOH|A|2096|1|0|000|19.348768|-1.000000|-1.000000|0.000000|-1|-1|0|1|-1|-1
77|411|43|HOH|A|2097|1|0|000|19.834850|-1.000000|-1.000000|0.000000|-1|-1|0|1|-1|-1
77|412|43|HOH|A|2098|1|0|000|18.027529|-1.000000|-1.000000|0.000000|-1|-1|0|1|-1|-1
77|413|43|HOH|A|2099|1|0|000|13.027385|-1.000000|-1.000000|0.000000|-1|-1|0|1|-1|-1
77|414|43|HOH|A|2100|1|0|000|14.161839|-1.000000|-1.000000|0.000000|-1|-1|0|1|-1|-1
77|415|43|HOH|A|2101|1|0|000|15.356507|-1.000000|-1.000000|0.000000|-1|-1|0|1|-1|-1
77|416|43|HOH|A|2102|1|0|000|15.595967|-1.000000|-1.000000|0.000000|-1|-1|0|1|-1|-1
77|417|43|HOH|A|2103|1|0|000|22.257944|-1.000000|-1.000000|0.000000|-1|-1|0|1|-1|-1
77|418|43|HOH|A|2104|1|0|000|16.013241|-1.000000|-1.000000|0.000000|-1|-1|0|1|-1|-1
77|419|43|HOH|A|2105|1|0|000|20.076508|-1.000000|-1.000000|0.000000|-1|-1|0|1|-1|-1
77|420|43|HOH|A|2106|1|0|000|22.098963|-1.000000|-1.000000|0.000000|-1|-1|0|1|-1|-1
77|421|43|HOH|A|2107|1|0|000|13.729063|-1.000000|-1.000000|0.000000|-1|-1|0|1|-1|-1
77|422|43|HOH|A|2108|1|0|000|15.132279|-1.000000|-1.000000|0.000000|-1|-1|0|1|-1|-1
77|423|43|HOH|A|2109|1|0|000|8.602223|-1.000000|-1.000000|0.000000|-1|-1|0|1|-1|-1
77|424|43|HOH|A|2110|1|0|000|10.238866|-1.000000|-1.000000|0.000000|-1|-1|0|1|-1|-1
77|425|43|HOH|A|2111|1|0|000|9.161058|-1.000000|-1.000000|0.000000|-1|-1|0|1|-1|-1
77|426|43|HOH|A|2112|1|0|000|11.345701|-1.000000|-1.000000|0.000000|-1|-1|0|1|-1|-1
77|427|43|HOH|A|2113|1|0|000|15.347885|-1.000000|-1.000000|0.000000|-1|-1|0|1|-1|-1
77|428|43|HOH|A|2114|1|0|000|14.901621|-1.000000|-1.000000|0.000000|-1|-1|0|1|-1|-1
77|429|43|HOH|A|2115|1|0|000|11.918676|-1.000000|-1.000000|0.000000|-1|-1|0|1|-1|-1
77|430|43|HOH|A|2116|1|0|000|22.011633|-1.000000|-1.000000|0.000000|-1|-1|0|1|-1|-1
77|431|43|HOH|A|2117|1|0|000|21.166988|-1.000000|-1.000000|0.000000|-1|-1|0|1|-1|-1
77|432|43|HOH|A|2118|1|0|000|21.050581|-1.000000|-1.000000|0.000000|-1|-1|0|1|-1|-1
77|433|43|HOH|A|2119|1|0|000|24.597622|-1.000000|-1.000000|0.000000|-1|-1|0|1|-1|-1
77|434|43|HOH|A|2120|1|0|000|22.585192|-1.000000|-1.000000|0.000000|-1|-1|0|1|-1|-1
77|435|43|HOH|A|2121|1|0|000|17.092737|-1.000000|-1.000000|0.000000|-1|-1|0|1|-1|-1
77|436|43|HOH|A|2122|1|0|000|11.607126|-1.000000|-1.000000|0.000000|-1|-1|0|1|-1|-1
77|437|43|HOH|A|2123|1|0|000|14.525316|-1.000000|-1.000000|0.000000|-1|-1|0|1|-1|-1
77|438|43|HOH|A|2124|1|0|000|14.651917|-1.000000|-1.000000|0.000000|-1|-1|0|1|-1|-1
77|439|43|HOH|A|2125|1|0|000|12.283681|-1.000000|-1.000000|0.000000|-1|-1|0|1|-1|-1
77|440|43|HOH|A|2126|1|0|000|15.031241|-1.000000|-1.000000|0.000000|-1|-1|0|1|-1|-1
77|441|43|HOH|A|2127|1|0|000|10.340336|-1.000000|-1.000000|0.000000|-1|-1|0|1|-1|-1
77|442|43|HOH|A|2128|1|0|000|19.183929|-1.000000|-1.000000|0.000000|-1|-1|0|1|-1|-1
77|443|43|HOH|A|2129|1|0|000|10.292060|-1.000000|-1.000000|0.000000|-1|-1|0|1|-1|-1
77|444|43|HOH|A|2130|1|0|000|11.995821|-1.000000|-1.000000|0.000000|-1|-1|0|1|-1|-1
77|445|43|HOH|A|2131|1|0|000|12.755071|-1.000000|-1.000000|0.000000|-1|-1|0|1|-1|-1
77|446|43|HOH|A|2132|1|0|000|14.882142|-1.000000|-1.000000|0.000000|-1|-1|0|1|-1|-1
77|447|43|HOH|A|2133|1|0|000|18.259605|-1.000000|-1.000000|0.000000|-1|-1|0|1|-1|-1
77|448|43|HOH|A|2134|1|0|000|14.762070|-1.000000|-1.000000|0.000000|-1|-1|0|1|-1|-1
77|449|43|HOH|A|2135|1|0|000|17.596407|-1.000000|-1.000000|0.000000|-1|-1|0|1|-1|-1
77|450|43|HOH|A|2136|1|0|000|16.373341|-1.000000|-1.000000|0.000000|-1|-1|0|1|-1|-1
77|451|43|HOH|A|2137|1|0|000|20.110834|-1.000000|-1.000000|0.000000|-1|-1|0|1|-1|-1
77|452|43|HOH|A|2138|1|0|000|20.131935|-1.000000|-1.000000|0.000000|-1|-1|0|1|-1|-1
77|453|43|HOH|A|2139|1|0|000|19.794144|-1.000000|-1.000000|0.000000|-1|-1|0|1|-1|-1
77|454|43|HOH|A|2140|1|0|000|20.241005|-1.000000|-1.000000|0.000000|-1|-1|0|1|-1|-1
77|455|43|HOH|A|2141|1|0|000|15.961486|-1.000000|-1.000000|0.000000|-1|-1|0|1|-1|-1
77|456|43|HOH|A|2142|1|0|000|15.896162|-1.000000|-1.000000|0.000000|-1|-1|0|1|-1|-1
77|457|43|HOH|A|2143|1|0|000|14.448740|-1.000000|-1.000000|0.000000|-1|-1|0|1|-1|-1
77|458|43|HOH|A|2144|1|0|000|15.212192|-1.000000|-1.000000|0.000000|-1|-1|0|1|-1|-1
77|459|43|HOH|A|2145|1|0|000|17.388887|-1.000000|-1.000000|0.000000|-1|-1|0|1|-1|-1
77|460|43|HOH|A|2146|1|0|000|19.506968|-1.000000|-1.000000|0.000000|-1|-1|0|1|-1|-1
77|461|43|HOH|A|2147|1|0|000|17.197483|-1.000000|-1.000000|0.000000|-1|-1|0|1|-1|-1
77|462|43|HOH|A|2148|1|0|000|18.455999|-1.000000|-1.000000|0.000000|-1|-1|0|1|-1|-1
77|463|43|HOH|A|2149|1|0|000|15.682024|-1.000000|-1.000000|0.000000|-1|-1|0|1|-1|-1
77|464|43|HOH|A|2150|1|0|000|18.414753|-1.000000|-1.000000|0.000000|-1|-1|0|1|-1|-1
77|465|43|HOH|A|2151|1|0|000|19.758339|-1.000000|-1.000000|0.000000|-1|-1|0|1|-1|-1
77|466|43|HOH|A|2152|1|0|000|15.448935|-1.000000|-1.000000|0.000000|-1|-1|0|1|-1|-1
77|467|43|HOH|A|2153|1|0|000|16.120010|-1.000000|-1.000000|0.000000|-1|-1|0|1|-1|-1
77|468|43|HOH|A|2154|1|0|000|7.784517|-1.000000|-1.000000|0.000000|-1|-1|0|1|-1|-1
77|469|43|HOH|A|2155|1|0|000|16.151587|-1.000000|-1.000000|0.000000|-1|-1|0|1|-1|-1
77|470|43|HOH|A|2156|1|0|000|19.738796|-1.000000|-1.000000|0.000000|-1|-1|0|1|-1|-1
77|471|43|HOH|A|2157|1|0|000|19.670645|-1.000000|-1.000000|0.000000|-1|-1|0|1|-1|-1
77|472|43|HOH|A|2158|1|0|000|23.711702|-1.000000|-1.000000|0.000000|-1|-1|0|1|-1|-1
77|473|43|HOH|A|2160|1|0|000|23.031340|-1.000000|-1.000000|0.000000|-1|-1|0|1|-1|-1
77|474|43|HOH|A|2161|1|0|000|21.272888|-1.000000|-1.000000|0.000000|-1|-1|0|1|-1|-1
77|475|43|HOH|A|2162|1|0|000|18.898024|-1.000000|-1.000000|0.000000|-1|-1|0|1|-1|-1
77|476|43|HOH|A|2163|1|0|000|22.086025|-1.000000|-1.000000|0.000000|-1|-1|0|1|-1|-1
77|477|43|HOH|A|2164|1|0|000|11.474216|-1.000000|-1.000000|0.000000|-1|-1|0|1|-1|-1
77|478|43|HOH|A|2165|1|0|000|18.016066|-1.000000|-1.000000|0.000000|-1|-1|0|1|-1|-1
77|479|43|HOH|A|2166|1|0|000|9.270571|-1.000000|-1.000000|0.000000|-1|-1|0|1|-1|-1
77|480|43|HOH|A|2167|1|0|000|17.738863|-1.000000|-1.000000|0.000000|-1|-1|0|1|-1|-1
77|481|43|HOH|A|2168|1|0|000|19.230238|-1.000000|-1.000000|0.000000|-1|-1|0|1|-1|-1
77|482|43|HOH|A|2169|1|0|000|12.627357|-1.000000|-1.000000|0.000000|-1|-1|0|1|-1|-1
77|483|43|HOH|A|2170|1|0|000|15.464949|-1.000000|-1.000000|0.000000|-1|-1|0|1|-1|-1
77|484|43|HOH|A|2171|1|0|000|13.547251|-1.000000|-1.000000|0.000000|-1|-1|0|1|-1|-1
77|485|43|HOH|A|2172|1|0|000|14.059657|-1.000000|-1.000000|0.000000|-1|-1|0|1|-1|-1
77|486|43|HOH|A|2173|1|0|000|13.166634|-1.000000|-1.000000|0.000000|-1|-1|0|1|-1|-1
77|487|43|HOH|A|2174|1|0|000|15.345857|-1.000000|-1.000000|0.000000|-1|-1|0|1|-1|-1
77|488|43|HOH|A|2175|1|0|000|14.726679|-1.000000|-1.000000|0.000000|-1|-1|0|1|-1|-1
77|489|43|HOH|A|2176|1|0|000|15.187898|-1.000000|-1.000000|0.000000|-1|-1|0|1|-1|-1
77|490|43|HOH|A|2177|1|0|000|13.317454|-1.000000|-1.000000|0.000000|-1|-1|0|1|-1|-1
77|491|43|HOH|A|2178|1|0|000|12.509412|-1.000000|-1.000000|0.000000|-1|-1|0|1|-1|-1
77|492|43|HOH|A|2179|1|0|000|13.237695|-1.000000|-1.000000|0.000000|-1|-1|0|1|-1|-1
77|493|43|HOH|A|2180|1|0|000|21.276844|-1.000000|-1.000000|0.000000|-1|-1|0|1|-1|-1
77|494|43|HOH|A|2181|1|0|000|18.893070|-1.000000|-1.000000|0.000000|-1|-1|0|1|-1|-1
77|495|43|HOH|A|2182|1|0|000|21.172716|-1.000000|-1.000000|0.000000|-1|-1|0|1|-1|-1
77|496|43|HOH|A|2183|1|0|000|22.372961|-1.000000|-1.000000|0.000000|-1|-1|0|1|-1|-1
77|497|43|HOH|A|2184|1|0|000|21.987007|-1.000000|-1.000000|0.000000|-1|-1|0|1|-1|-1
77|498|43|HOH|A|2185|1|0|000|19.747084|-1.000000|-1.000000|0.000000|-1|-1|0|1|-1|-1
77|499|43|HOH|A|2186|1|0|000|10.200795|-1.000000|-1.000000|0.000000|-1|-1|0|1|-1|-1
77|500|43|HOH|A|2187|1|0|000|17.784264|-1.000000|-1.000000|0.000000|-1|-1|0|1|-1|-1
77|501|43|HOH|A|2188|1|0|000|14.505809|-1.000000|-1.000000|0.000000|-1|-1|0|1|-1|-1
77|502|43|HOH|A|2189|1|0|000|15.269648|-1.000000|-1.000000|0.000000|-1|-1|0|1|-1|-1
77|503|43|HOH|A|2190|1|0|000|39.415054|-1.000000|-1.000000|0.000000|-1|-1|0|1|-1|-1
77|504|43|HOH|A|2191|1|0|000|33.619732|-1.000000|-1.000000|0.000000|-1|-1|0|1|-1|-1
77|505|43|HOH|A|2192|1|0|000|32.974171|-1.000000|-1.000000|0.000000|-1|-1|0|1|-1|-1
77|506|43|HOH|A|2193|1|0|000|36.166592|-1.000000|-1.000000|0.000000|-1|-1|0|1|-1|-1
77|507|43|HOH|A|2194|1|0|000|35.890072|-1.000000|-1.000000|0.000000|-1|-1|0|1|-1|-1
77|508|43|HOH|A|2195|1|0|000|11.411928|-1.000000|-1.000000|0.000000|-1|-1|0|1|-1|-1
77|509|43|HOH|A|2196|1|0|000|16.207266|-1.000000|-1.000000|0.000000|-1|-1|0|1|-1|-1
77|510|43|HOH|F|2001|1|0|000|22.167498|-1.000000|-1.000000|0.000000|-1|-1|0|9|-1|-1
77|511|43|HOH|F|2002|1|0|000|25.177671|-1.000000|-1.000000|0.000000|-1|-1|0|9|-1|-1
77|512|43|HOH|F|2003|1|0|000|18.881214|-1.000000|-1.000000|0.000000|-1|-1|0|9|-1|-1
77|513|43|HOH|F|2004|1|0|000|20.586338|-1.000000|-1.000000|0.000000|-1|-1|0|9|-1|-1
77|514|43|HOH|F|2005|1|0|000|19.889696|-1.000000|-1.000000|0.000000|-1|-1|0|9|-1|-1
77|515|43|HOH|F|2006|1|0|000|16.021894|-1.000000|-1.000000|0.000000|-1|-1|0|9|-1|-1
77|516|43|HOH|F|2007|1|0|000|18.017649|-1.000000|-1.000000|0.000000|-1|-1|0|9|-1|-1
77|517|43|HOH|F|2008|1|0|000|16.804373|-1.000000|-1.000000|0.000000|-1|-1|0|9|-1|-1
77|518|43|HOH|F|2009|1|0|000|18.306681|-1.000000|-1.000000|0.000000|-1|-1|0|9|-1|-1
77|519|43|HOH|F|2010|1|0|000|21.040913|-1.000000|-1.000000|0.000000|-1|-1|0|9|-1|-1
77|520|43|HOH|F|2011|1|0|000|14.006346|-1.000000|-1.000000|0.000000|-1|-1|0|9|-1|-1
77|521|43|HOH|F|2012|1|0|000|15.861106|-1.000000|-1.000000|0.000000|-1|-1|0|9|-1|-1
77|522|43|HOH|F|2013|1|0|000|23.326681|-1.000000|-1.000000|0.000000|-1|-1|0|9|-1|-1
77|523|43|HOH|F|2014|1|0|000|21.080931|-1.000000|-1.000000|0.000000|-1|-1|0|9|-1|-1
77|524|43|HOH|F|2015|1|0|000|16.467260|-1.000000|-1.000000|0.000000|-1|-1|0|9|-1|-1
77|525|43|HOH|F|2016|1|0|000|15.607364|-1.000000|-1.000000|0.000000|-1|-1|0|9|-1|-1
77|526|43|HOH|F|2017|1|0|000|20.811056|-1.000000|-1.000000|0.000000|-1|-1|0|9|-1|-1
77|527|43|HOH|F|2018|1|0|000|18.398699|-1.000000|-1.000000|0.000000|-1|-1|0|9|-1|-1
77|528|43|HOH|F|2019|1|0|000|19.464148|-1.000000|-1.000000|0.000000|-1|-1|0|9|-1|-1
77|529|43|HOH|F|2020|1|0|000|16.491388|-1.000000|-1.000000|0.000000|-1|-1|0|9|-1|-1
77|530|43|HOH|F|2021|1|0|000|18.678663|-1.000000|-1.000000|0.000000|-1|-1|0|9|-1|-1
77|531|43|HOH|F|2022|1|0|000|11.795253|-1.000000|-1.000000|0.000000|-1|-1|0|9|-1|-1
77|532|43|HOH|F|2023|1|0|000|20.020016|-1.000000|-1.000000|0.000000|-1|-1|0|9|-1|-1
77|533|43|HOH|F|2024|1|0|000|18.910210|-1.000000|-1.000000|0.000000|-1|-1|0|9|-1|-1
77|534|43|HOH|F|2025|1|0|000|22.445692|-1.000000|-1.000000|0.000000|-1|-1|0|9|-1|-1
77|535|43|HOH|F|2026|1|0|000|15.898123|-1.000000|-1.000000|0.000000|-1|-1|0|9|-1|-1
77|536|43|HOH|F|2027|1|0|000|16.622078|-1.000000|-1.000000|0.000000|-1|-1|0|9|-1|-1
77|537|43|HOH|F|2028|1|0|000|15.191100|-1.000000|-1.000000|0.000000|-1|-1|0|9|-1|-1
77|538|43|HOH|F|2029|1|0|000|16.177752|-1.000000|-1.000000|0.000000|-1|-1|0|9|-1|-1
77|539|43|HOH|F|2030|1|0|000|18.576754|-1.000000|-1.000000|0.000000|-1|-1|0|9|-1|-1
77|540|43|HOH|F|2031|1|0|000|19.679367|-1.000000|-1.000000|0.000000|-1|-1|0|9|-1|-1
77|541|43|HOH|F|2032|1|0|000|17.798941|-1.000000|-1.000000|0.000000|-1|-1|0|9|-1|-1
77|542|43|HOH|F|2033|1|0|000|21.967546|-1.000000|-1.000000|0.000000|-1|-1|0|9|-1|-1
77|543|43|HOH|F|2034|1|0|000|19.963161|-1.000000|-1.000000|0.000000|-1|-1|0|9|-1|-1
77|544|43|HOH|F|2035|1|0|000|20.303886|-1.000000|-1.000000|0.000000|-1|-1|0|9|-1|-1
77|545|43|HOH|F|2036|1|0|000|16.393812|-1.000000|-1.000000|0.000000|-1|-1|0|9|-1|-1
77|546|43|HOH|F|2037|1|0|000|21.606218|-1.000000|-1.000000|0.000000|-1|-1|0|9|-1|-1
77|547|43|HOH|F|2038|1|0|000|22.930662|-1.000000|-1.000000|0.000000|-1|-1|0|9|-1|-1
77|548|43|HOH|F|2039|1|0|000|22.388514|-1.000000|-1.000000|0.000000|-1|-1|0|9|-1|-1
77|549|43|HOH|F|2040|1|0|000|14.333273|-1.000000|-1.000000|0.000000|-1|-1|0|9|-1|-1
77|550|43|HOH|F|2041|1|0|000|16.591488|-1.000000|-1.000000|0.000000|-1|-1|0|9|-1|-1
77|551|43|HOH|F|2042|1|0|000|17.755259|-1.000000|-1.000000|0.000000|-1|-1|0|9|-1|-1
77|552|43|HOH|F|2043|1|0|000|11.990017|-1.000000|-1.000000|0.000000|-1|-1|0|9|-1|-1
77|553|43|HOH|F|2044|1|0|000|17.365129|-1.000000|-1.000000|0.000000|-1|-1|0|9|-1|-1
77|554|43|HOH|F|2045|1|0|000|23.301634|-1.000000|-1.000000|0.000000|-1|-1|0|9|-1|-1
77|555|43|HOH|F|2046|1|0|000|20.090631|-1.000000|-1.000000|0.000000|-1|-1|0|9|-1|-1
77|556|43|HOH|F|2047|1|0|000|17.934021|-1.000000|-1.000000|0.000000|-1|-1|0|9|-1|-1
77|557|43|HOH|F|2048|1|0|000|20.205572|-1.000000|-1.000000|0.000000|-1|-1|0|9|-1|-1
77|558|43|HOH|F|2049|1|0|000|9.787894|-1.000000|-1.000000|0.000000|-1|-1|0|9|-1|-1
77|559|43|HOH|F|2050|1|0|000|11.327036|-1.000000|-1.000000|0.000000|-1|-1|0|9|-1|-1
77|560|43|HOH|F|2051|1|0|000|12.472893|-1.000000|-1.000000|0.000000|-1|-1|0|9|-1|-1
77|561|43|HOH|F|2052|1|0|000|20.354881|-1.000000|-1.000000|0.000000|-1|-1|0|9|-1|-1
77|562|43|HOH|F|2053|1|0|000|16.215803|-1.000000|-1.000000|0.000000|-1|-1|0|9|-1|-1
77|563|43|HOH|F|2054|1|0|000|19.157248|-1.000000|-1.000000|0.000000|-1|-1|0|9|-1|-1
77|564|43|HOH|F|2055|1|0|000|16.987806|-1.000000|-1.000000|0.000000|-1|-1|0|9|-1|-1
77|565|43|HOH|F|2056|1|0|000|17.165525|-1.000000|-1.000000|0.000000|-1|-1|0|9|-1|-1
77|566|43|HOH|F|2057|1|0|000|15.764584|-1.000000|-1.000000|0.000000|-1|-1|0|9|-1|-1
77|567|43|HOH|F|2058|1|0|000|15.625464|-1.000000|-1.000000|0.000000|-1|-1|0|9|-1|-1
77|568|43|HOH|F|2059|1|0|000|18.057381|-1.000000|-1.000000|0.000000|-1|-1|0|9|-1|-1
77|569|43|HOH|F|2060|1|0|000|16.641958|-1.000000|-1.000000|0.000000|-1|-1|0|9|-1|-1
77|570|43|HOH|F|2061|1|0|000|23.739202|-1.000000|-1.000000|0.000000|-1|-1|0|9|-1|-1
77|571|43|HOH|F|2062|1|0|000|21.445169|-1.000000|-1.000000|0.000000|-1|-1|0|9|-1|-1
77|572|43|HOH|F|2063|1|0|000|18.021290|-1.000000|-1.000000|0.000000|-1|-1|0|9|-1|-1
77|573|43|HOH|F|2064|1|0|000|21.184750|-1.000000|-1.000000|0.000000|-1|-1|0|9|-1|-1
77|574|43|HOH|F|2065|1|0|000|15.624685|-1.000000|-1.000000|0.000000|-1|-1|0|9|-1|-1
77|575|43|HOH|F|2066|1|0|000|25.049692|-1.000000|-1.000000|0.000000|-1|-1|0|9|-1|-1
77|576|43|HOH|F|2067|1|0|000|25.697910|-1.000000|-1.000000|0.000000|-1|-1|0|9|-1|-1
77|577|43|HOH|F|2068|1|0|000|16.533089|-1.000000|-1.000000|0.000000|-1|-1|0|9|-1|-1
77|578|43|HOH|F|2069|1|0|000|18.008516|-1.000000|-1.000000|0.000000|-1|-1|0|9|-1|-1
77|579|43|HOH|F|2070|1|0|000|20.878157|-1.000000|-1.000000|0.000000|-1|-1|0|9|-1|-1
77|580|43|HOH|F|2071|1|0|000|19.048773|-1.000000|-1.000000|0.000000|-1|-1|0|9|-1|-1
77|581|43|HOH|F|2072|1|0|000|14.499932|-1.000000|-1.000000|0.000000|-1|-1|0|9|-1|-1
77|582|43|HOH|F|2073|1|0|000|17.634047|-1.000000|-1.000000|0.000000|-1|-1|0|9|-1|-1
77|583|43|HOH|F|2074|1|0|000|14.374746|-1.000000|-1.000000|0.000000|-1|-1|0|9|-1|-1
77|584|43|HOH|F|2075|1|0|000|22.477177|-1.000000|-1.000000|0.000000|-1|-1|0|9|-1|-1
77|585|43|HOH|F|2076|1|0|000|21.510889|-1.000000|-1.000000|0.000000|-1|-1|0|9|-1|-1
77|586|43|HOH|F|2077|1|0|000|18.738417|-1.000000|-1.000000|0.000000|-1|-1|0|9|-1|-1
77|587|43|HOH|F|2078|1|0|000|15.338473|-1.000000|-1.000000|0.000000|-1|-1|0|9|-1|-1
77|588|43|HOH|F|2079|1|0|000|15.637813|-1.000000|-1.000000|0.000000|-1|-1|0|9|-1|-1
77|589|43|HOH|F|2080|1|0|000|15.052192|-1.000000|-1.000000|0.000000|-1|-1|0|9|-1|-1
77|590|43|HOH|F|2081|1|0|000|14.660558|-1.000000|-1.000000|0.000000|-1|-1|0|9|-1|-1
77|591|43|HOH|F|2082|1|0|000|19.538635|-1.000000|-1.000000|0.000000|-1|-1|0|9|-1|-1
77|592|43|HOH|F|2083|1|0|000|17.188986|-1.000000|-1.000000|0.000000|-1|-1|0|9|-1|-1
77|593|43|HOH|F|2084|1|0|000|11.102477|-1.000000|-1.000000|0.000000|-1|-1|0|9|-1|-1
77|594|43|HOH|F|2085|1|0|000|12.883579|-1.000000|-1.000000|0.000000|-1|-1|0|9|-1|-1
77|595|43|HOH|F|2086|1|0|000|19.183491|-1.000000|-1.000000|0.000000|-1|-1|0|9|-1|-1
77|596|43|HOH|F|2087|1|0|000|20.179308|-1.000000|-1.000000|0.000000|-1|-1|0|9|-1|-1
77|597|43|HOH|F|2088|1|0|000|17.857243|-1.000000|-1.000000|0.000000|-1|-1|0|9|-1|-1
77|598|43|HOH|F|2089|1|0|000|20.852072|-1.000000|-1.000000|0.000000|-1|-1|0|9|-1|-1
77|599|43|HOH|F|2090|1|0|000|19.767344|-1.000000|-1.000000|0.000000|-1|-1|0|9|-1|-1
77|600|43|HOH|F|2091|1|0|000|19.312721|-1.000000|-1.000000|0.000000|-1|-1|0|9|-1|-1
77|601|43|HOH|F|2092|1|0|000|14.327632|-1.000000|-1.000000|0.000000|-1|-1|0|9|-1|-1
77|602|43|HOH|F|2093|1|0|000|15.361158|-1.000000|-1.000000|0.000000|-1|-1|0|9|-1|-1
77|603|43|HOH|F|2094|1|0|000|20.422932|-1.000000|-1.000000|0.000000|-1|-1|0|9|-1|-1
77|604|43|HOH|F|2095|1|0|000|20.782799|-1.000000|-1.000000|0.000000|-1|-1|0|9|-1|-1
77|605|43|HOH|F|2096|1|0|000|16.533997|-1.000000|-1.000000|0.000000|-1|-1|0|9|-1|-1
77|606|43|HOH|F|2097|1|0|000|12.088202|-1.000000|-1.000000|0.000000|-1|-1|0|9|-1|-1
77|607|43|HOH|F|2098|1|0|000|19.235397|-1.000000|-1.000000|0.000000|-1|-1|0|9|-1|-1
77|608|43|HOH|F|2099|1|0|000|16.403336|-1.000000|-1.000000|0.000000|-1|-1|0|9|-1|-1
77|609|43|HOH|F|2100|1|0|000|12.461450|-1.000000|-1.000000|0.000000|-1|-1|0|9|-1|-1
77|610|43|HOH|F|2101|1|0|000|16.885151|-1.000000|-1.000000|0.000000|-1|-1|0|9|-1|-1
77|611|43|HOH|F|2102|1|0|000|14.094621|-1.000000|-1.000000|0.000000|-1|-1|0|9|-1|-1
77|612|43|HOH|F|2103|1|0|000|17.219744|-1.000000|-1.000000|0.000000|-1|-1|0|9|-1|-1
77|613|43|HOH|F|2104|1|0|000|14.899109|-1.000000|-1.000000|0.000000|-1|-1|0|9|-1|-1
77|614|43|HOH|F|2105|1|0|000|20.153294|-1.000000|-1.000000|0.000000|-1|-1|0|9|-1|-1
77|615|43|HOH|F|2106|1|0|000|14.820336|-1.000000|-1.000000|0.000000|-1|-1|0|9|-1|-1
77|616|43|HOH|F|2107|1|0|000|18.499199|-1.000000|-1.000000|0.000000|-1|-1|0|9|-1|-1
77|617|43|HOH|F|2108|1|0|000|22.420340|-1.000000|-1.000000|0.000000|-1|-1|0|9|-1|-1
77|618|43|HOH|F|2109|1|0|000|15.612716|-1.000000|-1.000000|0.000000|-1|-1|0|9|-1|-1
77|619|43|HOH|F|2110|1|0|000|17.946875|-1.000000|-1.000000|0.000000|-1|-1|0|9|-1|-1
77|620|43|HOH|F|2111|1|0|000|21.822601|-1.000000|-1.000000|0.000000|-1|-1|0|9|-1|-1
77|621|43|HOH|F|2112|1|0|000|13.429531|-1.000000|-1.000000|0.000000|-1|-1|0|9|-1|-1
77|622|43|HOH|F|2113|1|0|000|14.906135|-1.000000|-1.000000|0.000000|-1|-1|0|9|-1|-1
77|623|43|HOH|F|2114|1|0|000|8.130368|-1.000000|-1.000000|0.000000|-1|-1|0|9|-1|-1
77|624|43|HOH|F|2115|1|0|000|8.908658|-1.000000|-1.000000|0.000000|-1|-1|0|9|-1|-1
77|625|43|HOH|F|2116|1|0|000|9.788371|-1.000000|-1.000000|0.000000|-1|-1|0|9|-1|-1
77|626|43|HOH|F|2117|1|0|000|15.215741|-1.000000|-1.000000|0.000000|-1|-1|0|9|-1|-1
77|627|43|HOH|F|2118|1|0|000|11.489898|-1.000000|-1.000000|0.000000|-1|-1|0|9|-1|-1
77|628|43|HOH|F|2119|1|0|000|20.885815|-1.000000|-1.000000|0.000000|-1|-1|0|9|-1|-1
77|629|43|HOH|F|2120|1|0|000|22.606049|-1.000000|-1.000000|0.000000|-1|-1|0|9|-1|-1
77|630|43|HOH|F|2121|1|0|000|26.231131|-1.000000|-1.000000|0.000000|-1|-1|0|9|-1|-1
77|631|43|HOH|F|2122|1|0|000|22.548191|-1.000000|-1.000000|0.000000|-1|-1|0|9|-1|-1
77|632|43|HOH|F|2123|1|0|000|26.725576|-1.000000|-1.000000|0.000000|-1|-1|0|9|-1|-1
77|633|43|HOH|F|2124|1|0|000|24.383482|-1.000000|-1.000000|0.000000|-1|-1|0|9|-1|-1
77|634|43|HOH|F|2125|1|0|000|19.062160|-1.000000|-1.000000|0.000000|-1|-1|0|9|-1|-1
77|635|43|HOH|F|2126|1|0|000|25.543827|-1.000000|-1.000000|0.000000|-1|-1|0|9|-1|-1
77|636|43|HOH|F|2127|1|0|000|15.078468|-1.000000|-1.000000|0.000000|-1|-1|0|9|-1|-1
77|637|43|HOH|F|2128|1|0|000|18.149828|-1.000000|-1.000000|0.000000|-1|-1|0|9|-1|-1
77|638|43|HOH|F|2129|1|0|000|11.352011|-1.000000|-1.000000|0.000000|-1|-1|0|9|-1|-1
77|639|43|HOH|F|2130|1|0|000|14.031666|-1.000000|-1.000000|0.000000|-1|-1|0|9|-1|-1
77|640|43|HOH|F|2131|1|0|000|14.384259|-1.000000|-1.000000|0.000000|-1|-1|0|9|-1|-1
77|641|43|HOH|F|2132|1|0|000|15.715242|-1.000000|-1.000000|0.000000|-1|-1|0|9|-1|-1
77|642|43|HOH|F|2133|1|0|000|9.972116|-1.000000|-1.000000|0.000000|-1|-1|0|9|-1|-1
77|643|43|HOH|F|2134|1|0|000|11.690336|-1.000000|-1.000000|0.000000|-1|-1|0|9|-1|-1
77|644|43|HOH|F|2135|1|0|000|14.085048|-1.000000|-1.000000|0.000000|-1|-1|0|9|-1|-1
77|645|43|HOH|F|2136|1|0|000|16.921764|-1.000000|-1.000000|0.000000|-1|-1|0|9|-1|-1
77|646|43|HOH|F|2137|1|0|000|9.854810|-1.000000|-1.000000|0.000000|-1|-1|0|9|-1|-1
77|647|43|HOH|F|2138|1|0|000|12.342314|-1.000000|-1.000000|0.000000|-1|-1|0|9|-1|-1
77|648|43|HOH|F|2139|1|0|000|16.573805|-1.000000|-1.000000|0.000000|-1|-1|0|9|-1|-1
77|649|43|HOH|F|2140|1|0|000|14.408766|-1.000000|-1.000000|0.000000|-1|-1|0|9|-1|-1
77|650|43|HOH|F|2141|1|0|000|17.301605|-1.000000|-1.000000|0.000000|-1|-1|0|9|-1|-1
77|651|43|HOH|F|2142|1|0|000|15.822097|-1.000000|-1.000000|0.000000|-1|-1|0|9|-1|-1
77|652|43|HOH|F|2143|1|0|000|14.837498|-1.000000|-1.000000|0.000000|-1|-1|0|9|-1|-1
77|653|43|HOH|F|2144|1|0|000|17.333794|-1.000000|-1.000000|0.000000|-1|-1|0|9|-1|-1
77|654|43|HOH|F|2145|1|0|000|17.618446|-1.000000|-1.000000|0.000000|-1|-1|0|9|-1|-1
77|655|43|HOH|F|2146|1|0|000|21.021633|-1.000000|-1.000000|0.000000|-1|-1|0|9|-1|-1
77|656|43|HOH|F|2147|1|0|000|19.837799|-1.000000|-1.000000|0.000000|-1|-1|0|9|-1|-1
77|657|43|HOH|F|2148|1|0|000|17.306332|-1.000000|-1.000000|0.000000|-1|-1|0|9|-1|-1
77|658|43|HOH|F|2149|1|0|000|20.424290|-1.000000|-1.000000|0.000000|-1|-1|0|9|-1|-1
77|659|43|HOH|F|2150|1|0|000|17.216465|-1.000000|-1.000000|0.000000|-1|-1|0|9|-1|-1
77|660|43|HOH|F|2151|1|0|000|19.503428|-1.000000|-1.000000|0.000000|-1|-1|0|9|-1|-1
77|661|43|HOH|F|2152|1|0|000|20.348272|-1.000000|-1.000000|0.000000|-1|-1|0|9|-1|-1
77|662|43|HOH|F|2153|1|0|000|16.034819|-1.000000|-1.000000|0.000000|-1|-1|0|9|-1|-1
77|663|43|HOH|F|2154|1|0|000|16.152300|-1.000000|-1.000000|0.000000|-1|-1|0|9|-1|-1
77|664|43|HOH|F|2155|1|0|000|17.719887|-1.000000|-1.000000|0.000000|-1|-1|0|9|-1|-1
77|665|43|HOH|F|2156|1|0|000|14.495461|-1.000000|-1.000000|0.000000|-1|-1|0|9|-1|-1
77|666|43|HOH|F|2157|1|0|000|18.355930|-1.000000|-1.000000|0.000000|-1|-1|0|9|-1|-1
77|667|43|HOH|F|2158|1|0|000|17.558533|-1.000000|-1.000000|0.000000|-1|-1|0|9|-1|-1
77|668|43|HOH|F|2159|1|0|000|16.208082|-1.000000|-1.000000|0.000000|-1|-1|0|9|-1|-1
77|669|43|HOH|F|2160|1|0|000|17.999559|-1.000000|-1.000000|0.000000|-1|-1|0|9|-1|-1
77|670|43|HOH|F|2161|1|0|000|18.773127|-1.000000|-1.000000|0.000000|-1|-1|0|9|-1|-1
77|671|43|HOH|F|2162|1|0|000|15.779718|-1.000000|-1.000000|0.000000|-1|-1|0|9|-1|-1
77|672|43|HOH|F|2163|1|0|000|17.071259|-1.000000|-1.000000|0.000000|-1|-1|0|9|-1|-1
77|673|43|HOH|F|2164|1|0|000|16.110458|-1.000000|-1.000000|0.000000|-1|-1|0|9|-1|-1
77|674|43|HOH|F|2165|1|0|000|15.266762|-1.000000|-1.000000|0.000000|-1|-1|0|9|-1|-1
77|675|43|HOH|F|2166|1|0|000|7.388842|-1.000000|-1.000000|0.000000|-1|-1|0|9|-1|-1
77|676|43|HOH|F|2167|1|0|000|17.703054|-1.000000|-1.000000|0.000000|-1|-1|0|9|-1|-1
77|677|43|HOH|F|2168|1|0|000|15.037669|-1.000000|-1.000000|0.000000|-1|-1|0|9|-1|-1
77|678|43|HOH|F|2169|1|0|000|15.958131|-1.000000|-1.000000|0.000000|-1|-1|0|9|-1|-1
77|679|43|HOH|F|2170|1|0|000|19.372885|-1.000000|-1.000000|0.000000|-1|-1|0|9|-1|-1
77|680|43|HOH|F|2171|1|0|000|25.490385|-1.000000|-1.000000|0.000000|-1|-1|0|9|-1|-1
77|681|43|HOH|F|2172|1|0|000|20.888054|-1.000000|-1.000000|0.000000|-1|-1|0|9|-1|-1
77|682|43|HOH|F|2173|1|0|000|20.415136|-1.000000|-1.000000|0.000000|-1|-1|0|9|-1|-1
77|683|43|HOH|F|2174|1|0|000|22.086414|-1.000000|-1.000000|0.000000|-1|-1|0|9|-1|-1
77|684|43|HOH|F|2175|1|0|000|24.865822|-1.000000|-1.000000|0.000000|-1|-1|0|9|-1|-1
77|685|43|HOH|F|2176|1|0|000|24.224968|-1.000000|-1.000000|0.000000|-1|-1|0|9|-1|-1
77|686|43|HOH|F|2177|1|0|000|23.751431|-1.000000|-1.000000|0.000000|-1|-1|0|9|-1|-1
77|687|43|HOH|F|2178|1|0|000|22.800257|-1.000000|-1.000000|0.000000|-1|-1|0|9|-1|-1
77|688|43|HOH|F|2179|1|0|000|16.228270|-1.000000|-1.000000|0.000000|-1|-1|0|9|-1|-1
77|689|43|HOH|F|2180|1|0|000|19.442926|-1.000000|-1.000000|0.000000|-1|-1|0|9|-1|-1
77|690|43|HOH|F|2181|1|0|000|21.044792|-1.000000|-1.000000|0.000000|-1|-1|0|9|-1|-1
77|691|43|HOH|F|2182|1|0|000|19.283432|-1.000000|-1.000000|0.000000|-1|-1|0|9|-1|-1
77|692|43|HOH|F|2183|1|0|000|11.506439|-1.000000|-1.000000|0.000000|-1|-1|0|9|-1|-1
77|693|43|HOH|F|2184|1|0|000|22.530888|-1.000000|-1.000000|0.000000|-1|-1|0|9|-1|-1
77|694|43|HOH|F|2185|1|0|000|9.238971|-1.000000|-1.000000|0.000000|-1|-1|0|9|-1|-1
77|695|43|HOH|F|2186|1|0|000|17.914921|-1.000000|-1.000000|0.000000|-1|-1|0|9|-1|-1
77|696|43|HOH|F|2187|1|0|000|12.721341|-1.000000|-1.000000|0.000000|-1|-1|0|9|-1|-1
77|697|43|HOH|F|2188|1|0|000|15.411825|-1.000000|-1.000000|0.000000|-1|-1|0|9|-1|-1
77|698|43|HOH|F|2189|1|0|000|14.777369|-1.000000|-1.000000|0.000000|-1|-1|0|9|-1|-1
77|699|43|HOH|F|2190|1|0|000|13.521230|-1.000000|-1.000000|0.000000|-1|-1|0|9|-1|-1
77|700|43|HOH|F|2191|1|0|000|14.681417|-1.000000|-1.000000|0.000000|-1|-1|0|9|-1|-1
77|701|43|HOH|F|2192|1|0|000|10.194149|-1.000000|-1.000000|0.000000|-1|-1|0|9|-1|-1
77|702|43|HOH|F|2193|1|0|000|14.155774|-1.000000|-1.000000|0.000000|-1|-1|0|9|-1|-1
77|703|43|HOH|F|2194|1|0|000|15.393324|-1.000000|-1.000000|0.000000|-1|-1|0|9|-1|-1
77|704|43|HOH|F|2195|1|0|000|14.086540|-1.000000|-1.000000|0.000000|-1|-1|0|9|-1|-1
77|705|43|HOH|F|2196|1|0|000|13.868779|-1.000000|-1.000000|0.000000|-1|-1|0|9|-1|-1
77|706|43|HOH|F|2197|1|0|000|12.989553|-1.000000|-1.000000|0.000000|-1|-1|0|9|-1|-1
77|707|43|HOH|F|2198|1|0|000|18.959904|-1.000000|-1.000000|0.000000|-1|-1|0|9|-1|-1
77|708|43|HOH|F|2199|1|0|000|21.960600|-1.000000|-1.000000|0.000000|-1|-1|0|9|-1|-1
77|709|43|HOH|F|2200|1|0|000|25.030918|-1.000000|-1.000000|0.000000|-1|-1|0|9|-1|-1
