65|0|0|26|-O5'|O_|8|1| |1.000000|25.540001|0.000000|000|15.477706|-1.000000|-1.000000|0.000000|-1|0
65|0|1|24|-C5'|C_|6|2| |1.000000|29.110001|0.000000|000|14.444242|-1.000000|-1.000000|0.000000|-1|0
65|0|2|24|-C4'|C_|6|3| |1.000000|30.190001|0.000000|000|14.490682|-1.000000|-1.000000|0.000000|-1|0
65|0|3|26|-O4'|O_|8|4| |1.000000|34.549999|0.000000|000|15.818775|-1.000000|-1.000000|0.000000|-1|0
65|0|4|24|-C3'|C_|6|5| |1.000000|25.080000|0.000000|000|13.593622|-1.000000|-1.000000|0.000000|-1|0
65|0|5|26|-O3'|O_|8|6| |1.000000|25.160000|0.000000|000|13.742694|-1.000000|-1.000000|0.000000|-1|0
65|0|6|24|-C2'|C_|6|7| |1.000000|24.459999|0.000000|000|14.535182|-1.000000|-1.000000|0.000000|-1|0
65|0|7|24|-C1'|C_|6|8| |1.000000|24.719999|0.000000|000|15.891194|-1.000000|-1.000000|0.000000|-1|0
65|0|8|25|-N1-|N_|7|9| |1.000000|26.190001|0.000000|000|17.032660|-1.000000|-1.000000|0.000000|-1|0
65|0|9|24|-C2-|C_|6|10| |1.000000|23.160000|0.000000|000|17.832354|-1.000000|-1.000000|0.000000|-1|0
65|0|10|26|-O2-|O_|8|11| |1.000000|21.520000|0.000000|000|17.673792|-1.000000|-1.000000|0.000000|-1|0
65|0|11|25|-N3-|N_|7|12| |1.000000|25.760000|0.000000|000|18.916002|-1.000000|-1.000000|0.000000|-1|0
65|0|12|24|-C4-|C_|6|13| |1.000000|29.129999|0.000000|000|19.231525|-1.000000|-1.000000|0.000000|-1|0
65|0|13|25|-N4-|N_|7|14| |1.000000|32.139999|0.000000|000|20.363400|-1.000000|-1.000000|0.000000|-1|0
65|0|14|24|-C5-|C_|6|15| |1.000000|28.670000|0.000000|000|18.493027|-1.000000|-1.000000|0.000000|-1|0
65|0|15|24|-C6-|C_|6|16| |1.000000|27.450001|0.000000|000|17.411783|-1.000000|-1.000000|0.000000|-1|0
65|1|16|27|-P--|P_|15|17| |1.000000|30.820000|0.000000|000|13.057652|-1.000000|-1.000000|0.000000|-1|0
65|1|17|26|-OP1|O_|8|18| |1.000000|31.290001|0.000000|000|13.847409|-1.000000|-1.000000|0.000000|-1|0
65|1|18|26|-OP2|O_|8|19| |1.000000|28.129999|0.000000|000|12.888703|-1.000000|-1.000000|0.000000|-1|0
65|1|19|26|-O5'|O_|8|20| |1.000000|33.480000|0.000000|000|11.716777|-1.000000|-1.000000|0.000000|-1|0
65|1|20|24|-C5'|C_|6|21| |1.000000|29.299999|0.000000|000|11.364180|-1.000000|-1.000000|0.000000|-1|0
65|1|21|24|-C4'|C_|6|22| |1.000000|26.160000|0.000000|000|10.915711|-1.000000|-1.000000|0.000000|-1|0
65|1|22|26|-O4'|O_|8|23| |1.000000|26.340000|0.000000|000|10.555752|-1.000000|-1.000000|0.000000|-1|0
65|1|23|24|-C3'|C_|6|24| |1.000000|24.400000|0.000000|000|9.804360|-1.000000|-1.000000|0.000000|-1|0
65|1|24|26|-O3'|O_|8|25| |1.000000|26.450001|0.000000|000|9.889359|-1.000000|-1.000000|0.000000|-1|0
65|1|25|24|-C2'|C_|6|26| |1.000000|25.750000|0.000000|000|8.615392|-1.000000|-1.000000|0.000000|-1|0
65|1|26|24|-C1'|C_|6|27| |1.000000|18.129999|0.000000|000|9.128510|-1.000000|-1.000000|0.000000|-1|0
65|1|27|25|-N9-|N_|7|28| |1.000000|8.520000|0.000000|000|8.906697|-1.000000|-1.000000|0.000000|-1|0
65|1|28|24|-C8-|C_|6|29| |1.000000|6.630000|0.000000|000|9.190101|-1.000000|-1.000000|0.000000|-1|0
65|1|29|25|-N7-|N_|7|30| |1.000000|5.510000|0.000000|000|9.202188|-1.000000|-1.000000|0.000000|-1|0
65|1|30|24|-C5-|C_|6|31| |1.000000|3.380000|0.000000|000|8.907521|-1.000000|-1.000000|0.000000|-1|0
65|1|31|24|-C6-|C_|6|32| |1.000000|13.070000|0.000000|000|9.069690|-1.000000|-1.000000|0.000000|-1|0
65|1|32|26|-O6-|O_|8|33| |1.000000|17.660000|0.000000|000|9.478972|-1.000000|-1.000000|0.000000|-1|0
65|1|33|25|-N1-|N_|7|34| |1.000000|15.760000|0.000000|000|9.025776|-1.000000|-1.000000|0.000000|-1|0
65|1|34|24|-C2-|C_|6|35| |1.000000|12.950000|0.000000|000|8.881613|-1.000000|-1.000000|0.000000|-1|0
65|1|35|25|-N2-|N_|7|36| |1.000000|16.840000|0.000000|000|9.154514|-1.000000|-1.000000|0.000000|-1|0
65|1|36|25|-N3-|N_|7|37| |1.000000|9.300000|0.000000|000|8.691236|-1.000000|-1.000000|0.000000|-1|0
65|1|37|24|-C4-|C_|6|38| |1.000000|3.000000|0.000000|000|8.725839|-1.000000|-1.000000|0.000000|-1|0
65|2|38|27|-P--|P_|15|39| |1.000000|34.380001|0.000000|000|9.308688|-1.000000|-1.000000|0.000000|-1|0
65|2|39|26|-OP1|O_|8|40| |1.000000|36.110001|0.000000|000|10.512463|-1.000000|-1.000000|0.000000|-1|0
65|2|40|26|-OP2|O_|8|41| |1.000000|34.320000|0.000000|000|8.798659|-1.000000|-1.000000|0.000000|-1|0
65|2|41|26|-O5'|O_|8|42| |1.000000|33.849998|0.000000|000|8.210714|-1.000000|-1.000000|0.000000|-1|0
65|2|42|24|-C5'|C_|6|43| |1.000000|35.529999|0.000000|000|8.825475|-1.000000|-1.000000|0.000000|-1|0
65|2|43|24|-C4'|C_|6|44| |1.000000|35.320000|0.000000|000|8.040562|-1.000000|-1.000000|0.000000|-1|0
65|2|44|26|-O4'|O_|8|45| |1.000000|33.360001|0.000000|000|7.347836|-1.000000|-1.000000|0.000000|-1|0
65|2|45|24|-C3'|C_|6|46| |1.000000|35.049999|0.000000|000|7.224812|-1.000000|-1.000000|0.000000|-1|0
65|2|46|26|-O3'|O_|8|47| |1.000000|41.500000|0.000000|000|7.404453|-1.000000|-1.000000|0.000000|-1|0
65|2|47|24|-C2'|C_|6|48| |1.000000|33.820000|0.000000|000|5.858894|-1.000000|-1.000000|0.000000|-1|0
65|2|48|24|-C1'|C_|6|49| |1.000000|26.820000|0.000000|000|5.934064|-1.000000|-1.000000|0.000000|-1|0
65|2|49|25|-N9-|N_|7|50| |1.000000|20.219999|0.000000|000|5.299235|-1.000000|-1.000000|0.000000|-1|0
65|2|50|24|-C8-|C_|6|51| |1.000000|21.900000|0.000000|000|5.057108|-1.000000|-1.000000|0.000000|-1|0
65|2|51|25|-N7-|N_|7|52| |1.000000|23.350000|0.000000|000|4.958312|-1.000000|-1.000000|0.000000|-1|0
65|2|52|24|-C5-|C_|6|53| |1.000000|26.030001|0.000000|000|5.170758|-1.000000|-1.000000|0.000000|-1|0
65|2|53|24|-C6-|C_|6|54| |1.000000|26.500000|0.000000|000|5.680191|-1.000000|-1.000000|0.000000|-1|0
65|2|54|25|-N6-|N_|7|55| |1.000000|27.150000|0.000000|000|6.046389|-1.000000|-1.000000|0.000000|-1|0
65|2|55|25|-N1-|N_|7|56| |1.000000|23.049999|0.000000|000|6.272817|-1.000000|-1.000000|0.000000|-1|0
65|2|56|24|-C2-|C_|6|57| |1.000000|27.280001|0.000000|000|6.404478|-1.000000|-1.000000|0.000000|-1|0
65|2|57|25|-N3-|N_|7|58| |1.000000|22.820000|0.000000|000|6.053431|-1.000000|-1.000000|0.000000|-1|0
65|2|58|24|-C4-|C_|6|59| |1.000000|21.240000|0.000000|000|5.398931|-1.000000|-1.000000|0.000000|-1|0
65|3|59|27|-P--|P_|15|60| |1.000000|46.730000|0.000000|000|6.961479|-1.000000|-1.000000|0.000000|-1|0
65|3|60|26|-OP1|O_|8|61| |1.000000|40.680000|0.000000|000|7.889991|-1.000000|-1.000000|0.000000|-1|0
65|3|61|26|-OP2|O_|8|62| |1.000000|40.060001|0.000000|000|5.509699|-1.000000|-1.000000|0.000000|-1|0
65|3|62|26|-O5'|O_|8|63| |1.000000|41.580002|0.000000|000|7.754903|-1.000000|-1.000000|0.000000|-1|0
65|3|63|24|-C5'|C_|6|64| |1.000000|41.889999|0.000000|000|7.799968|-1.000000|-1.000000|0.000000|-1|0
65|3|64|24|-C4'|C_|6|65| |1.000000|39.310001|0.000000|000|6.708478|-1.000000|-1.000000|0.000000|-1|0
65|3|65|26|-O4'|O_|8|66| |1.000000|36.470001|0.000000|000|5.680872|-1.000000|-1.000000|0.000000|-1|0
65|3|66|24|-C3'|C_|6|67| |1.000000|39.200001|0.000000|000|6.325844|-1.000000|-1.000000|0.000000|-1|0
65|3|67|26|-O3'|O_|8|68| |1.000000|39.590000|0.000000|000|7.404677|-1.000000|-1.000000|0.000000|-1|0
65|3|68|24|-C2'|C_|6|69| |1.000000|37.950001|0.000000|000|4.940259|-1.000000|-1.000000|0.000000|-1|0
65|3|69|24|-C1'|C_|6|70| |1.000000|34.490002|0.000000|000|4.702951|-1.000000|-1.000000|0.000000|-1|0
65|3|70|25|-N1-|N_|7|71| |1.000000|31.379999|0.000000|000|3.383718|-1.000000|-1.000000|0.000000|-1|0
65|3|71|24|-C2-|C_|6|72| |1.000000|29.650000|0.000000|000|3.361735|-1.000000|-1.000000|0.000000|-1|0
65|3|72|26|-O2-|O_|8|73| |1.000000|28.270000|0.000000|000|4.459685|-1.000000|-1.000000|0.000000|-1|0
65|3|73|25|-N3-|N_|7|74| |1.000000|24.370001|0.000000|000|2.598394|-1.000000|-1.000000|0.000000|-1|0
65|3|74|24|-C4-|C_|6|75| |1.000000|24.120001|0.000000|000|1.659720|-1.000000|-1.000000|0.000000|-1|0
65|3|75|26|-O4-|O_|8|76| |1.000000|15.700000|0.000000|000|2.031297|-1.000000|-1.000000|0.000000|-1|0
65|3|76|24|-C5-|C_|6|77| |1.000000|25.450001|0.000000|000|1.733174|-1.000000|-1.000000|0.000000|-1|0
65|3|77|24|-C7-|C_|6|78| |1.000000|29.860001|0.000000|000|2.278288|-1.000000|-1.000000|0.000000|-1|0
65|3|78|24|-C6-|C_|6|79| |1.000000|27.990000|0.000000|000|2.693299|-1.000000|-1.000000|0.000000|-1|0
65|4|79|27|-P--|P_|15|80| |1.000000|46.669998|0.000000|000|7.792568|-1.000000|-1.000000|0.000000|-1|0
65|4|80|26|-OP1|O_|8|81| |1.000000|49.189999|0.000000|000|9.254438|-1.000000|-1.000000|0.000000|-1|0
65|4|81|26|-OP2|O_|8|82| |1.000000|41.849998|0.000000|000|7.413552|-1.000000|-1.000000|0.000000|-1|0
65|4|82|26|-O5'|O_|8|83| |1.000000|36.400002|0.000000|000|7.143687|-1.000000|-1.000000|0.000000|-1|0
65|4|83|24|-C5'|C_|6|84| |1.000000|20.870001|0.000000|000|7.725534|-1.000000|-1.000000|0.000000|-1|0
65|4|84|24|-C4'|C_|6|85| |1.000000|19.309999|0.000000|000|7.398691|-1.000000|-1.000000|0.000000|-1|0
65|4|85|26|-O4'|O_|8|86| |1.000000|18.090000|0.000000|000|6.101331|-1.000000|-1.000000|0.000000|-1|0
65|4|86|24|-C3'|C_|6|87| |1.000000|18.309999|0.000000|000|7.837608|-1.000000|-1.000000|0.000000|-1|0
65|4|87|26|-O3'|O_|8|88| |1.000000|26.070000|0.000000|000|8.749614|-1.000000|-1.000000|0.000000|-1|0
65|4|88|24|-C2'|C_|6|89| |1.000000|17.549999|0.000000|000|6.667172|-1.000000|-1.000000|0.000000|-1|0
65|4|89|24|-C1'|C_|6|90| |1.000000|17.840000|0.000000|000|5.781726|-1.000000|-1.000000|0.000000|-1|0
65|4|90|25|-N1-|N_|7|91| |1.000000|15.470000|0.000000|000|4.389723|-1.000000|-1.000000|0.000000|-1|0
65|4|91|24|-C2-|C_|6|92| |1.000000|22.650000|0.000000|000|3.975317|-1.000000|-1.000000|0.000000|-1|0
65|4|92|26|-O2-|O_|8|93| |1.000000|31.590000|0.000000|000|4.873789|-1.000000|-1.000000|0.000000|-1|0
65|4|93|25|-N3-|N_|7|94| |1.000000|24.809999|0.000000|000|2.967182|-1.000000|-1.000000|0.000000|-1|0
65|4|94|24|-C4-|C_|6|95| |1.000000|20.600000|0.000000|000|2.194472|-1.000000|-1.000000|0.000000|-1|0
65|4|95|25|-N4-|N_|7|96| |1.000000|23.450001|0.000000|000|1.786468|-1.000000|-1.000000|0.000000|-1|0
65|4|96|24|-C5-|C_|6|97| |1.000000|23.639999|0.000000|000|2.827571|-1.000000|-1.000000|0.000000|-1|0
65|4|97|24|-C6-|C_|6|98| |1.000000|24.540001|0.000000|000|3.896209|-1.000000|-1.000000|0.000000|-1|0
65|5|98|27|-P--|P_|15|99| |1.000000|19.780001|0.000000|000|10.162354|-1.000000|-1.000000|0.000000|-1|0
65|5|99|26|-OP1|O_|8|100| |1.000000|30.350000|0.000000|000|11.228977|-1.000000|-1.000000|0.000000|-1|0
65|5|100|26|-OP2|O_|8|101| |1.000000|23.490000|0.000000|000|10.314402|-1.000000|-1.000000|0.000000|-1|0
65|5|101|26|-O5'|O_|8|102| |1.000000|21.040001|0.000000|000|10.396639|-1.000000|-1.000000|0.000000|-1|0
65|5|102|24|-C5'|C_|6|103| |1.000000|24.559999|0.000000|000|10.880282|-1.000000|-1.000000|0.000000|-1|0
65|5|103|24|-C4'|C_|6|104| |1.000000|23.230000|0.000000|000|11.753464|-1.000000|-1.000000|0.000000|-1|0
65|5|104|26|-O4'|O_|8|105| |1.000000|22.530001|0.000000|000|11.098902|-1.000000|-1.000000|0.000000|-1|0
65|5|105|24|-C3'|C_|6|106| |1.000000|22.270000|0.000000|000|12.357058|-1.000000|-1.000000|0.000000|-1|0
65|5|106|26|-O3'|O_|8|107| |1.000000|28.070000|0.000000|000|13.512457|-1.000000|-1.000000|0.000000|-1|0
65|5|107|24|-C2'|C_|6|108| |1.000000|21.940001|0.000000|000|12.841023|-1.000000|-1.000000|0.000000|-1|0
65|5|108|24|-C1'|C_|6|109| |1.000000|16.639999|0.000000|000|11.756799|-1.000000|-1.000000|0.000000|-1|0
65|5|109|25|-N9-|N_|7|110| |1.000000|10.160000|0.000000|000|10.918239|-1.000000|-1.000000|0.000000|-1|0
65|5|110|24|-C8-|C_|6|111| |1.000000|6.260000|0.000000|000|10.591491|-1.000000|-1.000000|0.000000|-1|0
65|5|111|25|-N7-|N_|7|112| |1.000000|11.930000|0.000000|000|9.999220|-1.000000|-1.000000|0.000000|-1|0
65|5|112|24|-C5-|C_|6|113| |1.000000|12.750000|0.000000|000|9.844875|-1.000000|-1.000000|0.000000|-1|0
65|5|113|24|-C6-|C_|6|114| |1.000000|14.050000|0.000000|000|9.496578|-1.000000|-1.000000|0.000000|-1|0
65|5|114|26|-O6-|O_|8|115| |1.000000|26.260000|0.000000|000|9.228810|-1.000000|-1.000000|0.000000|-1|0
65|5|115|25|-N1-|N_|7|116| |1.000000|13.820000|0.000000|000|9.773378|-1.000000|-1.000000|0.000000|-1|0
65|5|116|24|-C2-|C_|6|117| |1.000000|12.080000|0.000000|000|10.343814|-1.000000|-1.000000|0.000000|-1|0
65|5|117|25|-N2-|N_|7|118| |1.000000|9.680000|0.000000|000|10.824202|-1.000000|-1.000000|0.000000|-1|0
65|5|118|25|-N3-|N_|7|119| |1.000000|12.950000|0.000000|000|10.693008|-1.000000|-1.000000|0.000000|-1|0
65|5|119|24|-C4-|C_|6|120| |1.000000|11.330000|0.000000|000|10.413683|-1.000000|-1.000000|0.000000|-1|0
65|6|120|40|CU--|Cu|29|122| |1.000000|17.370001|0.000000|000|6.385110|-1.000000|-1.000000|0.000000|-1|2
65|6|121|30|-NA-|N_|7|123| |1.000000|25.090000|0.000000|000|5.520308|-1.000000|-1.000000|0.000000|-1|2
65|6|122|29|-C1A|C_|6|124| |1.000000|26.459999|0.000000|000|5.638018|-1.000000|-1.000000|0.000000|-1|2
65|6|123|29|-C2A|C_|6|125| |1.000000|29.870001|0.000000|000|5.442301|-1.000000|-1.000000|0.000000|-1|2
65|6|124|29|-C3A|C_|6|126| |1.000000|32.360001|0.000000|000|5.176100|-1.000000|-1.000000|0.000000|-1|2
65|6|125|29|-C4A|C_|6|127| |1.000000|29.980000|0.000000|000|5.239888|-1.000000|-1.000000|0.000000|-1|2
65|6|126|29|-C5A|C_|6|128| |1.000000|29.790001|0.000000|000|5.470843|-1.000000|-1.000000|0.000000|-1|2
65|6|127|29|-C6A|C_|6|129| |1.000000|30.320000|0.000000|000|5.853858|-1.000000|-1.000000|0.000000|-1|2
65|6|128|29|-C7A|C_|6|130| |1.000000|29.129999|0.000000|000|7.191599|-1.000000|-1.000000|0.000000|-1|2
65|6|129|29|-C8A|C_|6|131| |1.000000|34.480000|0.000000|000|7.835297|-1.000000|-1.000000|0.000000|-1|2
65|6|130|30|-NPA|N_|7|132| |1.000000|39.490002|0.000000|000|7.385257|-1.000000|-1.000000|0.000000|-1|2
65|6|131|29|-CMA|C_|6|133| |1.000000|41.189999|0.000000|000|8.325700|-1.000000|-1.000000|0.000000|-1|2
65|6|132|29|-C9A|C_|6|134| |1.000000|34.430000|0.000000|000|6.051071|-1.000000|-1.000000|0.000000|-1|2
65|6|133|29|-C0A|C_|6|135| |1.000000|32.990002|0.000000|000|5.172084|-1.000000|-1.000000|0.000000|-1|2
65|6|134|30|-NB-|N_|7|136| |1.000000|23.110001|0.000000|000|6.371057|-1.000000|-1.000000|0.000000|-1|2
65|6|135|29|-C1B|C_|6|137| |1.000000|25.400000|0.000000|000|6.044671|-1.000000|-1.000000|0.000000|-1|2
65|6|136|29|-C2B|C_|6|138| |1.000000|23.670000|0.000000|000|6.748851|-1.000000|-1.000000|0.000000|-1|2
65|6|137|29|-C3B|C_|6|139| |1.000000|23.200001|0.000000|000|7.457116|-1.000000|-1.000000|0.000000|-1|2
65|6|138|29|-C4B|C_|6|140| |1.000000|22.780001|0.000000|000|7.268096|-1.000000|-1.000000|0.000000|-1|2
65|6|139|29|-C5B|C_|6|141| |1.000000|16.559999|0.000000|000|8.168486|-1.000000|-1.000000|0.000000|-1|2
65|6|140|29|-C6B|C_|6|142| |1.000000|11.190000|0.000000|000|9.063273|-1.000000|-1.000000|0.000000|-1|2
65|6|141|29|-C7B|C_|6|143| |1.000000|17.000000|0.000000|000|10.366714|-1.000000|-1.000000|0.000000|-1|2
65|6|142|29|-C8B|C_|6|144| |1.000000|22.240000|0.000000|000|11.182799|-1.000000|-1.000000|0.000000|-1|2
65|6|143|30|-NPB|N_|7|145| |1.000000|20.660000|0.000000|000|10.897328|-1.000000|-1.000000|0.000000|-1|2
65|6|144|29|-CMB|C_|6|146| |1.000000|24.520000|0.000000|000|11.875852|-1.000000|-1.000000|0.000000|-1|2
65|6|145|29|-C9B|C_|6|147| |1.000000|18.250000|0.000000|000|9.609887|-1.000000|-1.000000|0.000000|-1|2
65|6|146|29|-C0B|C_|6|148| |1.000000|18.090000|0.000000|000|8.655863|-1.000000|-1.000000|0.000000|-1|2
65|6|147|30|-NC-|N_|7|149| |1.000000|13.950000|0.000000|000|7.830365|-1.000000|-1.000000|0.000000|-1|2
65|6|148|29|-C1C|C_|6|150| |1.000000|14.120000|0.000000|000|8.398932|-1.000000|-1.000000|0.000000|-1|2
65|6|149|29|-C2C|C_|6|151| |1.000000|12.160000|0.000000|000|9.521524|-1.000000|-1.000000|0.000000|-1|2
65|6|150|29|-C3C|C_|6|152| |1.000000|10.610000|0.000000|000|9.695212|-1.000000|-1.000000|0.000000|-1|2
65|6|151|29|-C4C|C_|6|153| |1.000000|13.640000|0.000000|000|8.680196|-1.000000|-1.000000|0.000000|-1|2
65|6|152|29|-C5C|C_|6|154| |1.000000|16.440001|0.000000|000|8.822796|-1.000000|-1.000000|0.000000|-1|2
65|6|153|29|-C6C|C_|6|155| |1.000000|17.940001|0.000000|000|10.049020|-1.000000|-1.000000|0.000000|-1|2
65|6|154|29|-C7C|C_|6|156| |1.000000|24.350000|0.000000|000|10.254428|-1.000000|-1.000000|0.000000|-1|2
65|6|155|29|-C8C|C_|6|157| |1.000000|21.320000|0.000000|000|11.486390|-1.000000|-1.000000|0.000000|-1|2
65|6|156|30|-NPC|N_|7|158| |1.000000|25.530001|0.000000|000|12.544870|-1.000000|-1.000000|0.000000|-1|2
65|6|157|29|-CMC|C_|6|159| |1.000000|28.260000|0.000000|000|13.773398|-1.000000|-1.000000|0.000000|-1|2
65|6|158|29|-C9C|C_|6|160| |1.000000|22.709999|0.000000|000|12.351875|-1.000000|-1.000000|0.000000|-1|2
65|6|159|29|-C0C|C_|6|161| |1.000000|19.910000|0.000000|000|11.237128|-1.000000|-1.000000|0.000000|-1|2
65|6|160|30|-ND-|N_|7|162| |1.000000|21.100000|0.000000|000|7.064957|-1.000000|-1.000000|0.000000|-1|2
65|6|161|29|-C1D|C_|6|163| |1.000000|16.719999|0.000000|000|8.092671|-1.000000|-1.000000|0.000000|-1|2
65|6|162|29|-C2D|C_|6|164| |1.000000|16.180000|0.000000|000|8.584218|-1.000000|-1.000000|0.000000|-1|2
65|6|163|29|-C3D|C_|6|165| |1.000000|17.799999|0.000000|000|7.971853|-1.000000|-1.000000|0.000000|-1|2
65|6|164|29|-C4D|C_|6|166| |1.000000|23.299999|0.000000|000|6.958891|-1.000000|-1.000000|0.000000|-1|2
65|6|165|29|-C5D|C_|6|167| |1.000000|25.459999|0.000000|000|6.304175|-1.000000|-1.000000|0.000000|-1|2
65|6|166|29|-C6D|C_|6|168| |1.000000|26.830000|0.000000|000|6.765965|-1.000000|-1.000000|0.000000|-1|2
65|6|167|29|-C7D|C_|6|169| |1.000000|32.040001|0.000000|000|6.317794|-1.000000|-1.000000|0.000000|-1|2
65|6|168|29|-C8D|C_|6|170| |1.000000|32.250000|0.000000|000|7.148937|-1.000000|-1.000000|0.000000|-1|2
65|6|169|30|-NPD|N_|7|171| |1.000000|32.220001|0.000000|000|8.312260|-1.000000|-1.000000|0.000000|-1|2
65|6|170|29|-CMD|C_|6|172| |1.000000|37.970001|0.000000|000|9.366873|-1.000000|-1.000000|0.000000|-1|2
65|6|171|29|-C9D|C_|6|173| |1.000000|32.139999|0.000000|000|8.562327|-1.000000|-1.000000|0.000000|-1|2
65|6|172|29|-C0D|C_|6|174| |1.000000|32.590000|0.000000|000|7.907188|-1.000000|-1.000000|0.000000|-1|2
65|7|173|36|NA--|Na|11|175| |0.500000|23.049999|0.000000|000|6.800190|-1.000000|-1.000000|0.000000|-1|3
65|8|174|28|-O--|O_|8|176| |1.000000|12.990000|0.000000|000|9.293640|-1.000000|-1.000000|0.000000|-1|1
65|9|175|28|-O--|O_|8|177| |1.000000|25.610001|0.000000|000|12.262872|-1.000000|-1.000000|0.000000|-1|1
65|10|176|28|-O--|O_|8|178| |1.000000|45.549999|0.000000|000|14.570305|-1.000000|-1.000000|0.000000|-1|1
65|11|177|28|-O--|O_|8|179| |1.000000|2.000000|0.000000|000|19.963930|-1.000000|-1.000000|0.000000|-1|1
65|12|178|28|-O--|O_|8|180| |1.000000|13.500000|0.000000|000|6.807736|-1.000000|-1.000000|0.000000|-1|1
65|13|179|28|-O--|O_|8|181| |1.000000|26.469999|0.000000|000|10.498566|-1.000000|-1.000000|0.000000|-1|1
65|14|180|28|-O--|O_|8|182| |1.000000|27.639999|0.000000|000|11.754019|-1.000000|-1.000000|0.000000|-1|1
65|15|181|28|-O--|O_|8|183| |1.000000|8.810000|0.000000|000|16.399290|-1.000000|-1.000000|0.000000|-1|1
65|16|182|28|-O--|O_|8|184| |1.000000|43.080002|0.000000|000|10.577566|-1.000000|-1.000000|0.000000|-1|1
65|17|183|28|-O--|O_|8|185| |1.000000|26.000000|0.000000|000|18.239235|-1.000000|-1.000000|0.000000|-1|1
65|18|184|28|-O--|O_|8|186| |1.000000|25.940001|0.000000|000|14.233758|-1.000000|-1.000000|0.000000|-1|1
65|19|185|28|-O--|O_|8|187| |1.000000|52.680000|0.000000|000|25.277092|-1.000000|-1.000000|0.000000|-1|1
65|20|186|28|-O--|O_|8|188| |1.000000|23.010000|0.000000|000|3.354099|-1.000000|-1.000000|0.000000|-1|1
65|21|187|28|-O--|O_|8|189| |1.000000|22.180000|0.000000|000|13.312392|-1.000000|-1.000000|0.000000|-1|1
65|22|188|28|-O--|O_|8|190| |1.000000|30.459999|0.000000|000|5.550692|-1.000000|-1.000000|0.000000|-1|1
65|23|189|28|-O--|O_|8|191| |1.000000|52.139999|0.000000|000|12.749445|-1.000000|-1.000000|0.000000|-1|1
65|24|190|28|-O--|O_|8|192| |1.000000|26.139999|0.000000|000|12.011566|-1.000000|-1.000000|0.000000|-1|1
65|25|191|28|-O--|O_|8|193| |1.000000|23.879999|0.000000|000|14.003816|-1.000000|-1.000000|0.000000|-1|1
65|26|192|28|-O--|O_|8|194| |1.000000|24.180000|0.000000|000|10.024137|-1.000000|-1.000000|0.000000|-1|1
65|27|193|28|-O--|O_|8|195| |1.000000|30.639999|0.000000|000|16.540169|-1.000000|-1.000000|0.000000|-1|1
65|28|194|28|-O--|O_|8|196| |1.000000|63.880001|0.000000|000|10.542250|-1.000000|-1.000000|0.000000|-1|1
65|29|195|28|-O--|O_|8|197| |1.000000|25.330000|0.000000|000|12.897301|-1.000000|-1.000000|0.000000|-1|1
65|30|196|28|-O--|O_|8|198| |1.000000|14.460000|0.000000|000|13.603502|-1.000000|-1.000000|0.000000|-1|1
65|31|197|28|-O--|O_|8|199| |1.000000|48.919998|0.000000|000|11.868557|-1.000000|-1.000000|0.000000|-1|1
65|32|198|28|-O--|O_|8|200| |1.000000|42.799999|0.000000|000|22.192171|-1.000000|-1.000000|0.000000|-1|1
65|33|199|28|-O--|O_|8|201| |1.000000|44.959999|0.000000|000|10.989644|-1.000000|-1.000000|0.000000|-1|1
65|34|200|28|-O--|O_|8|202| |1.000000|39.419998|0.000000|000|19.844690|-1.000000|-1.000000|0.000000|-1|1
65|35|201|28|-O--|O_|8|203| |0.500000|30.950001|0.000000|000|10.820192|-1.000000|-1.000000|0.000000|-1|1
65|36|202|28|-O--|O_|8|204| |1.000000|52.770000|0.000000|000|12.175200|-1.000000|-1.000000|0.000000|-1|1
