65|0|0|10|_DC|HOH|4243|0|176|-O5'|-O--|2628|0011|555|0|2.776052|-2.508000|0.519000|1.070999|35.687366
65|1|0|1|_DC|_DG|4242|5|16|-O3'|-P--|2627|0001|555|0|1.620421|-1.604000|-0.215000|-0.082001|6.933275
65|2|0|11|_DC|HOH|4243|14|177|-C5-|-O--|2428|0011|555|0|3.347158|3.132000|-1.100000|0.429001|382.314453
65|3|2|1|_DA|_DG|4242|38|24|-P--|-O3'|2726|0001|555|0|1.621582|1.065001|-0.530000|-1.101999|10.307502
65|4|1|8|_DG|HOH|4243|32|174|-O6-|-O--|2628|0011|555|0|2.725921|2.102000|0.126001|1.731001|6.348899
65|5|1|28|_DG|HOH|4243|35|194|-N2-|-O--|2528|0011|555|0|3.336594|-2.994000|1.014000|-1.068001|178.439148
65|6|2|3|_DA|_DT|4242|46|59|-O3'|-P--|2627|0001|555|0|1.640794|-0.630000|-0.009000|1.514999|5.889105
65|7|2|8|_DA|HOH|4243|54|174|-N6-|-O--|2528|0011|555|0|3.651696|3.282001|-0.723999|-1.427999|29.595381
65|8|3|33|_DT|HOH|4243|62|199|-O5'|-O--|2628|0011|555|0|3.531207|-3.334000|1.163000|-0.035999|3.654754
65|9|4|3|_DC|_DT|4242|79|67|-P--|-O3'|2726|0001|555|0|1.624419|0.499000|0.221000|-1.529999|8.346135
65|10|3|7|_DT|_NA|4244|72|173|-O2-|NA--|2636|0011|555|0|2.415538|-0.685000|-2.166000|-0.820999|6.402145
65|11|3|12|_DT|HOH|4243|72|178|-O2-|-O--|2628|0011|555|0|3.847441|-0.003000|-3.337000|1.915001|30.929476
65|12|3|22|_DT|HOH|4243|77|188|-C7-|-O--|2428|0011|555|0|3.501036|-1.319000|3.243000|-0.021000|0.612055
65|13|3|20|_DT|HOH|4243|77|186|-C7-|-O--|2428|0011|555|0|3.243229|-0.276000|0.734000|3.146999|8.889223
65|14|4|5|_DC|_DG|4242|87|98|-O3'|-P--|2627|0001|555|0|1.597167|-1.085000|-0.467001|1.075001|8.290206
65|15|4|12|_DC|HOH|4243|92|178|-O2-|-O--|2628|0011|555|0|3.047700|-0.826000|-1.997000|-2.148998|42.330601
65|16|4|6|_DC|PCU|4248|96|133|-C5-|-C0A|2429|0011|555|0|3.083100|-0.605000|1.616000|2.555000|13.048079
65|17|4|20|_DC|HOH|4243|95|186|-N4-|-O--|2528|0011|555|0|3.065490|-0.955000|2.904000|0.228001|0.448414
65|18|5|6|_DG|PCU|4248|104|141|-O4'|-C7B|2629|0011|555|0|3.077305|2.620000|-1.251001|-1.020000|7.328877
65|19|5|25|_DG|HOH|4243|103|191|-C4'|-O--|2428|0011|555|0|3.509447|0.328000|-3.470999|0.400997|0.668187
65|20|5|15|_DG|HOH|4243|107|181|-C2'|-O--|2428|0011|555|0|3.601691|-1.011000|-1.866001|2.910000|32.698318
65|21|5|14|_DG|HOH|4243|111|180|-N7-|-O--|2528|0011|555|0|2.729311|-1.423000|1.723001|1.566998|36.397682
65|22|20|6|HOH|PCU|4348|186|133|-O--|-C0A|2829|0011|555|0|3.647013|-1.964000|-1.851000|2.452999|14.308573
65|23|13|6|HOH|PCU|4348|179|131|-O--|-CMA|2829|0011|555|0|3.686597|2.297000|2.379999|-1.628002|22.905809
65|24|24|6|HOH|PCU|4348|190|131|-O--|-CMA|2829|0011|555|0|3.954767|1.759000|-2.922000|-2.002003|23.714975
65|25|25|6|HOH|PCU|4348|191|144|-O--|-CMB|2829|0011|555|0|3.386805|1.410000|-0.046001|-3.078999|0.657154
65|26|16|6|HOH|PCU|4348|182|171|-O--|-C9D|2829|0011|555|0|3.479882|-2.677000|2.192000|-0.371998|14.663825
65|27|12|7|HOH|_NA|4344|178|173|-O--|NA--|2836|0011|555|0|3.053205|-0.682000|1.171000|-2.736000|16.305738
65|28|9|36|HOH|HOH|4343|175|202|-O--|-O--|2828|0001|555|0|3.559795|-2.140000|-2.451000|1.444000|55.963810
65|29|9|30|HOH|HOH|4343|175|196|-O--|-O--|2828|0001|555|0|3.876173|-2.765000|0.215000|-2.708000|19.747684
65|30|9|29|HOH|HOH|4343|175|195|-O--|-O--|2828|0001|555|0|3.595525|3.057000|1.883000|0.192001|0.283096
65|31|10|31|HOH|HOH|4343|176|197|-O--|-O--|2828|0001|555|0|3.332398|-2.355000|-1.856000|1.454000|3.619327
65|32|13|35|HOH|HOH|4343|179|201|-O--|-O--|2828|0001|555|0|3.527001|-1.534000|-2.751000|-1.587002|5.238234
65|33|14|18|HOH|HOH|4343|180|184|-O--|-O--|2828|0001|555|0|3.416726|0.027000|2.257000|2.565002|1.811410
65|34|17|27|HOH|HOH|4343|183|193|-O--|-O--|2828|0001|555|0|3.776807|-2.665000|-0.526000|2.623999|5.468060
65|35|21|35|HOH|HOH|4343|187|201|-O--|-O--|2828|0001|555|0|3.009646|2.594000|-1.249000|-0.877003|12.237670
65|36|24|36|HOH|HOH|4343|190|202|-O--|-O--|2828|0001|555|0|3.858347|-1.385000|1.705000|-3.172001|53.759190
