65|0|-1|0|0|10|_DC|4243|0|176|-O5'|2628|8|2|0011|2.776052|-0.903441|0.186956|0.385799|35.687366|0.071506|0.112295
65|1|-1|16|0|11|_DC|4243|13|177|-N4-|2528|7|2|0011|3.470863|0.495842|-0.863474|0.092485|484.349792|0.015538|0.027408
65|2|-1|32|1|8|_DG|4243|29|174|-N7-|2528|7|3|0011|3.725567|0.442617|-0.782431|0.438054|17.634335|0.007806|0.013769
65|3|-1|43|1|8|_DG|4243|32|174|-O6-|2628|8|2|0011|2.725921|0.771116|0.046223|0.635015|6.348899|0.081881|0.128589
65|4|-1|54|1|28|_DG|4243|35|194|-N2-|2528|7|2|0011|3.336594|-0.897322|0.303903|-0.320087|178.439148|0.022335|0.039398
65|5|-1|98|2|8|_DA|4243|54|174|-N6-|2528|7|2|0011|3.651696|0.898761|-0.198264|-0.391051|29.595381|0.009531|0.016812
65|6|-1|112|3|33|_DT|4243|62|199|-O5'|2628|8|2|0011|3.531207|-0.944153|0.329349|-0.010195|3.654754|0.009289|0.014588
65|7|-1|129|3|12|_DT|4243|72|178|-O2-|2628|8|2|0011|3.847441|-0.000780|-0.867330|0.497734|30.929476|0.003952|0.006206
65|8|-1|147|4|12|_DC|4243|85|178|-O4'|2628|8|3|0011|3.380839|0.700714|-0.598668|-0.388068|6.150600|0.013946|0.021902
65|9|-1|166|4|12|_DC|4243|92|178|-O2-|2628|8|2|0011|3.047700|-0.271024|-0.655248|-0.705121|42.330601|0.034315|0.053890
65|10|-1|176|4|20|_DC|4243|95|186|-N4-|2528|7|2|0011|3.065490|-0.311533|0.947320|0.074377|0.448414|0.046473|0.081976
65|11|-1|198|5|25|_DG|4243|104|191|-O4'|2628|8|3|0011|3.760624|-0.293037|-0.952767|0.079774|1.430890|0.004997|0.007847
65|12|-1|210|5|14|_DG|4243|111|180|-N7-|2528|7|3|0011|2.729311|-0.521377|0.631295|0.574137|36.397682|0.115290|0.203369
65|13|-1|334|6|13|PCU|4843|130|179|-NPA|3028|7|4|0011|3.994981|-0.829040|-0.363957|0.424532|19.424252|0.003769|0.006648
65|14|-1|405|6|25|PCU|4843|143|191|-NPB|3028|7|4|0011|3.764911|-0.614888|-0.248346|0.748490|3.721858|0.007018|0.012380
65|15|-1|521|6|16|PCU|4843|169|182|-NPD|3028|7|4|0011|3.783377|0.586249|-0.684574|0.433211|14.520448|0.006677|0.011778
65|16|-1|530|7|12|_NA|4443|173|178|NA--|3628|11|1|0011|3.053205|0.223372|-0.383531|0.896108|16.305738|-0.001000|-0.001000
65|17|-1|531|36|9|HOH|4343|202|175|-O--|2828|8|3|0001|3.559795|0.601158|0.688523|-0.405641|55.963810|0.008598|0.013503
65|18|-1|531|9|36|HOH|4343|175|202|-O--|2828|8|3|0001|3.559795|-0.601158|-0.688523|0.405641|55.963810|0.008598|0.013503
65|19|-1|532|30|9|HOH|4343|196|175|-O--|2828|8|3|0001|3.876173|0.713333|-0.055467|0.698627|19.747684|0.003656|0.005742
65|20|-1|532|9|30|HOH|4343|175|196|-O--|2828|8|3|0001|3.876173|-0.713333|0.055467|-0.698627|19.747684|0.003656|0.005742
65|21|-1|533|29|9|HOH|4343|195|175|-O--|2828|8|3|0001|3.595525|-0.850223|-0.523706|-0.053400|0.283096|0.007807|0.012260
65|22|-1|533|9|29|HOH|4343|175|195|-O--|2828|8|3|0001|3.595525|0.850223|0.523706|0.053400|0.283096|0.007807|0.012260
65|23|-1|534|31|10|HOH|4343|197|176|-O--|2828|8|3|0001|3.332398|0.706698|0.556956|-0.436323|3.619327|0.015897|0.024965
65|24|-1|534|10|31|HOH|4343|176|197|-O--|2828|8|3|0001|3.332398|-0.706698|-0.556956|0.436323|3.619327|0.015897|0.024965
65|25|-1|535|35|13|HOH|4343|201|179|-O--|2828|8|3|0001|3.527001|0.434930|0.779983|0.449958|5.238234|0.009395|0.014754
65|26|-1|535|13|35|HOH|4343|179|201|-O--|2828|8|3|0001|3.527001|-0.434930|-0.779983|-0.449958|5.238234|0.009395|0.014754
65|27|-1|536|18|14|HOH|4343|184|180|-O--|2828|8|3|0001|3.416726|-0.007902|-0.660574|-0.750719|1.811410|0.012657|0.019877
65|28|-1|536|14|18|HOH|4343|180|184|-O--|2828|8|3|0001|3.416726|0.007902|0.660574|0.750719|1.811410|0.012657|0.019877
65|29|-1|537|27|17|HOH|4343|193|183|-O--|2828|8|3|0001|3.776807|0.705622|0.139271|-0.694766|5.468060|0.004783|0.007511
65|30|-1|537|17|27|HOH|4343|183|193|-O--|2828|8|3|0001|3.776807|-0.705622|-0.139271|0.694766|5.468060|0.004783|0.007511
65|31|-1|538|35|21|HOH|4343|201|187|-O--|2828|8|3|0001|3.009646|-0.861895|0.414999|0.291397|12.237670|0.038033|0.059728
65|32|-1|538|21|35|HOH|4343|187|201|-O--|2828|8|3|0001|3.009646|0.861895|-0.414999|-0.291397|12.237670|0.038033|0.059728
65|33|-1|539|36|24|HOH|4343|202|190|-O--|2828|8|3|0001|3.858347|0.358962|-0.441899|0.822114|53.759190|0.003837|0.006026
65|34|-1|539|24|36|HOH|4343|190|202|-O--|2828|8|3|0001|3.858347|-0.358962|0.441899|-0.822114|53.759190|0.003837|0.006026
