367|0|0|1|GLN|ASN|2723|0|19|-N--|-N--|101|0001|555|0|2.796809|2.367001|-0.740000|1.293000|4.069231
367|3|2|0|GLU|GLN|2527|33|2|-N--|-C--|103|0001|555|0|3.343556|-0.808000|-2.495000|-2.074000|6.947578
367|4|0|1|GLN|ASN|2723|2|23|-C--|-CB-|305|0001|555|0|3.500371|3.388000|0.864000|0.166000|0.688167
367|5|0|1|GLN|ASN|2723|2|21|-C--|-C--|303|0001|555|0|3.374883|1.971000|1.914000|1.960000|3.514286
367|7|1|0|ASN|GLN|2327|19|2|-N--|-C--|103|0001|555|0|1.304799|-1.003000|-0.833000|0.051000|0.863880
367|8|2|0|GLU|GLN|2527|33|3|-N--|-O--|104|0001|555|0|3.663116|-0.880000|-3.344000|-1.209000|8.500000
367|9|0|1|GLN|ASN|2723|3|23|-O--|-CB-|405|0001|555|0|3.923591|3.460000|1.713000|-0.698999|1.144695
367|10|1|0|ASN|GLN|2327|21|3|-C--|-O--|304|0001|555|0|3.606528|-2.043000|-2.763000|-1.095000|4.465609
367|13|1|0|ASN|GLN|2327|19|4|-N--|-CB-|105|0001|555|0|3.105204|-1.581000|-1.258000|-2.358001|4.069231
367|14|1|2|ASN|GLU|2325|19|33|-N--|-N--|101|0001|555|0|2.704791|-0.195001|1.662000|2.125000|3.994453
367|17|1|2|ASN|GLU|2325|21|35|-C--|-C--|303|0001|555|0|3.633516|-2.752000|1.699000|1.656000|1.014146
367|18|2|1|GLU|ASN|2523|33|21|-N--|-C--|103|0001|555|0|1.305039|1.163000|-0.581000|-0.114000|0.900703
367|20|1|2|ASN|GLU|2325|21|38|-C--|-CG-|306|0001|555|0|3.420116|0.347000|3.390000|0.291000|3.720212
367|21|1|2|ASN|GLU|2325|21|37|-C--|-CB-|305|0001|555|0|3.187198|-1.124000|2.974000|0.224000|1.328571
367|24|1|2|ASN|GLU|2325|22|38|-O--|-CG-|406|0001|555|0|3.106077|-0.607000|3.024000|-0.367000|1.476148
367|25|1|2|ASN|GLU|2325|22|37|-O--|-CB-|405|0001|555|0|3.362753|-2.078000|2.608000|-0.434000|0.093000
367|26|2|1|GLU|ASN|2523|33|23|-N--|-CB-|105|0001|555|0|3.599586|2.580000|-1.631000|-1.908000|4.446328
367|27|2|1|GLU|ASN|2523|33|24|-N--|-CG-|106|0001|555|0|3.755956|2.573000|-0.332000|-2.716000|7.431953
367|28|2|1|GLU|ASN|2523|33|26|-N--|-ND2|109|0001|555|0|3.560280|2.758000|0.804000|-2.103000|10.549453
367|29|2|1|GLU|ASN|2523|38|26|-CG-|-ND2|609|0001|555|0|3.282671|1.248000|-2.005000|-2.280000|0.708963
367|30|2|1|GLU|ASN|2523|37|26|-CB-|-ND2|509|0001|555|0|3.849059|2.719000|-1.589000|-2.213000|2.474767
367|31|2|3|GLU|GLY|2501|33|48|-N--|-N--|101|0001|555|0|3.596962|-1.724000|1.479000|2.789000|0.560899
367|35|3|2|GLY|GLU|125|48|35|-N--|-C--|103|0001|555|0|1.305203|0.135000|-0.361000|-1.247000|0.469888
367|36|2|3|GLU|GLY|2501|35|51|-C--|-O--|304|0001|555|0|3.802609|-1.244000|2.701000|2.370000|0.170833
367|37|2|3|GLU|GLY|2501|35|50|-C--|-C--|303|0001|555|0|3.582280|-1.620000|1.613000|2.758000|0.362526
367|40|3|2|GLY|GLU|125|50|36|-C--|-O--|304|0001|555|0|3.993651|0.660000|-1.945000|-3.425000|1.191158
367|41|3|2|GLY|GLU|125|48|37|-N--|-CB-|105|0001|555|0|3.334758|1.763000|0.914000|-2.679000|5.956180
367|42|3|4|GLY|HIS|133|48|55|-N--|-N--|101|0001|555|0|3.541598|-2.016000|1.105000|2.694000|0.041882
367|43|3|4|GLY|HIS|133|49|62|-CA-|-CD2|212|0001|555|0|3.416755|-2.957000|1.659000|0.422000|0.134400
367|44|3|22|GLY|SER|111|49|311|-CA-|-CA-|202|0001|555|0|3.854118|-0.275000|-3.676000|1.125000|0.136364
367|47|3|4|GLY|HIS|133|50|64|-C--|-NE2|313|0001|555|0|3.991538|-3.907000|-0.408000|-0.708000|0.214105
367|48|3|4|GLY|HIS|133|50|62|-C--|-CD2|312|0001|555|0|2.887725|-2.821000|0.417000|-0.455000|0.200421
367|49|3|4|GLY|HIS|133|50|60|-C--|-CG-|312|0001|555|0|3.109942|-2.867000|0.863000|0.841000|0.041758
367|50|3|4|GLY|HIS|133|50|59|-C--|-CB-|305|0001|555|0|3.098786|-1.952000|1.778000|1.622000|0.041684
367|51|3|4|GLY|HIS|133|50|57|-C--|-C--|303|0001|555|0|3.661474|-0.825000|0.573000|3.521000|0.041758
367|53|4|3|HIS|GLY|3301|55|50|-N--|-C--|103|0001|555|0|1.305013|0.531000|0.147000|-1.183000|0.111765
367|54|3|4|GLY|HIS|133|51|62|-O--|-CD2|412|0001|555|0|3.267344|-3.197000|-0.671000|-0.067000|0.041481
367|55|3|4|GLY|HIS|133|51|60|-O--|-CG-|412|0001|555|0|3.475358|-3.243000|-0.225000|1.229000|0.201758
367|56|3|4|GLY|HIS|133|51|59|-O--|-CB-|405|0001|555|0|3.152108|-2.328000|0.690000|2.010000|0.098182
367|59|4|5|HIS|GLU|3325|55|72|-N--|-N--|101|0001|555|0|3.155480|-1.493000|0.433000|2.746000|0.064557
367|62|4|5|HIS|GLU|3325|57|74|-C--|-C--|303|0001|555|0|3.666088|-2.759000|-1.470000|1.915000|0.325970
367|63|5|4|GLU|HIS|2533|72|57|-N--|-C--|103|0001|555|0|1.298628|1.199000|0.287000|-0.408000|0.138228
367|64|4|5|HIS|GLU|3325|57|76|-C--|-CB-|305|0001|555|0|3.048667|-1.417000|0.524000|2.648000|0.010111
367|66|4|5|HIS|GLU|3325|57|80|-C--|-OE2|310|0001|555|0|3.571125|1.652000|2.149000|2.325000|3.677142
367|67|4|5|HIS|GLU|3325|57|78|-C--|-CD-|306|0001|555|0|3.512591|0.516000|2.104000|2.765000|1.850110
367|68|4|5|HIS|GLU|3325|57|77|-C--|-CG-|306|0001|555|0|3.316746|-0.021000|0.749000|3.231000|0.817143
367|70|4|5|HIS|GLU|3325|58|76|-O--|-CB-|405|0001|555|0|3.116475|-2.379000|0.624000|1.914000|0.244445
367|72|4|5|HIS|GLU|3325|58|80|-O--|-OE2|410|0001|555|0|2.839962|0.690000|2.249000|1.591000|2.637818
367|73|4|5|HIS|GLU|3325|58|78|-O--|-CD-|406|0001|555|0|3.030098|-0.446000|2.204000|2.031000|1.214455
367|74|4|5|HIS|GLU|3325|58|77|-O--|-CG-|406|0001|555|0|2.814622|-0.983000|0.849000|2.497000|0.429000
367|75|4|5|HIS|GLU|3325|58|79|-O--|-OE1|410|0001|555|0|3.996226|-1.181000|3.173000|2.123000|2.414454
367|76|5|4|GLU|HIS|2533|72|59|-N--|-CB-|105|0001|555|0|2.748363|0.072000|1.492000|-2.307000|0.250633
367|77|5|4|GLU|HIS|2533|72|60|-N--|-CG-|112|0001|555|0|3.252587|-0.843000|0.577000|-3.088000|0.138228
367|78|25|4|CYS|HIS|1533|345|61|-O--|-ND1|413|0001|555|0|3.655769|2.931000|-0.208000|2.175000|0.112500
367|79|23|4|CYS|HIS|1533|324|61|-O--|-ND1|413|0001|555|0|3.687384|0.120000|3.064000|2.048000|0.041778
367|80|23|4|CYS|HIS|1533|326|61|-SG-|-ND1|1113|0001|555|0|3.723992|1.417000|3.425000|-0.360000|0.496552
367|81|5|4|GLU|HIS|2533|72|61|-N--|-ND1|113|0001|555|0|3.217861|-1.982000|0.009000|-2.535000|0.125316
367|82|23|4|CYS|HIS|1533|324|62|-O--|-CD2|412|0001|555|0|3.448655|1.305000|3.186000|0.199000|0.214468
367|83|25|4|CYS|HIS|1533|342|63|-N--|-CE1|112|0001|555|0|3.488852|2.227000|1.664000|2.108000|0.076203
367|84|25|4|CYS|HIS|1533|345|63|-O--|-CE1|412|0001|555|0|2.812171|2.347000|-0.956000|1.219000|0.064500
367|85|25|4|CYS|HIS|1533|344|63|-C--|-CE1|312|0001|555|0|3.798320|3.374000|-0.491000|1.674000|0.211884
367|86|23|4|CYS|HIS|1533|324|63|-O--|-CE1|412|0001|555|0|2.602233|-0.464000|2.316000|1.092000|0.087442
367|87|23|4|CYS|HIS|1533|323|63|-C--|-CE1|312|0001|555|0|3.717756|-0.237000|3.494000|1.248000|0.041951
367|88|23|4|CYS|HIS|1533|326|63|-SG-|-CE1|1112|0001|555|0|3.097107|0.833000|2.677000|-1.316000|0.415172
367|89|25|4|CYS|HIS|1533|342|64|-N--|-NE2|113|0001|555|0|3.509163|2.910000|1.709000|0.962000|0.486329
367|90|25|4|CYS|HIS|1533|345|64|-O--|-NE2|413|0001|555|0|3.164830|3.030000|-0.911000|0.073000|0.466125
367|91|23|4|CYS|HIS|1533|324|64|-O--|-NE2|413|0001|555|0|2.371750|0.219000|2.361000|-0.054000|0.228404
367|92|23|4|CYS|HIS|1533|323|64|-C--|-NE2|313|0001|555|0|3.568451|0.446000|3.539000|0.102000|0.427195
367|93|23|4|CYS|HIS|1533|326|64|-SG-|-NE2|1113|0001|555|0|3.971018|1.516000|2.722000|-2.462000|1.071552
367|94|5|6|GLU|CYS|2515|72|87|-N--|-N--|101|0001|555|0|3.278270|-1.558000|-2.487000|1.461000|0.233115
367|97|7|5|GLN|GLU|2725|97|74|-N--|-C--|103|0001|555|0|3.309569|2.248000|1.246000|-2.085000|0.054032
367|98|5|6|GLU|CYS|2515|74|91|-C--|-CB-|305|0001|555|0|3.593076|-1.020000|-3.383000|-0.652000|0.285106
367|99|5|6|GLU|CYS|2515|74|89|-C--|-C--|303|0001|555|0|3.143595|-1.619000|-2.225000|1.520000|0.161296
367|101|6|5|CYS|GLU|1525|87|74|-N--|-C--|103|0001|555|0|1.304813|-0.002000|1.304000|0.046000|0.065902
367|102|7|5|GLN|GLU|2725|97|75|-N--|-O--|104|0001|555|0|2.962794|1.211000|1.867000|-1.956000|0.065806
367|103|6|5|CYS|GLU|1525|89|75|-C--|-O--|304|0001|555|0|3.220764|0.582000|2.846000|-1.391000|0.176296
367|106|6|5|CYS|GLU|1525|87|76|-N--|-CB-|105|0001|555|0|3.644070|1.340000|3.298000|0.779000|0.427869
367|107|6|40|CYS|CU1|1546|87|524|-N--|CU--|140|0011|555|0|3.959002|-2.994000|-1.957000|-1.697000|0.275952
367|108|6|7|CYS|GLN|1527|87|97|-N--|-N--|101|0001|555|0|3.099520|-2.250000|0.058000|2.131000|0.010164
367|109|6|20|CYS|GLN|1527|87|274|-N--|-O--|104|0001|555|0|3.721512|2.940000|-2.234000|0.464000|0.116393
367|110|6|40|CYS|CU1|1546|88|524|-CA-|CU--|240|0011|555|0|2.783596|-1.734000|-1.221000|-1.803000|0.138810
367|111|6|8|CYS|CYS|1515|88|119|-CA-|-SG-|211|0001|555|0|3.845910|-3.688000|-0.791000|-0.751000|0.138810
367|112|8|6|CYS|CYS|1515|114|88|-N--|-CA-|102|0001|555|0|3.766697|3.046000|0.664000|-2.114000|0.043265
367|115|6|23|CYS|CYS|1515|88|326|-CA-|-SG-|211|0001|555|0|3.791751|-0.581000|-0.193000|-3.742000|0.054717
367|116|6|40|CYS|CU1|1546|89|524|-C--|CU--|340|0011|555|0|3.688576|-1.373000|-1.036000|-3.263000|0.154286
367|117|8|6|CYS|CYS|1515|114|89|-N--|-C--|103|0001|555|0|2.804707|2.685000|0.479000|-0.654000|0.055102
367|118|7|6|GLN|CYS|2715|97|89|-N--|-C--|103|0001|555|0|1.293564|0.629000|-0.979000|-0.565000|0.091852
367|119|6|7|CYS|GLN|1527|89|101|-C--|-CB-|305|0001|555|0|3.585795|-1.283000|2.232000|2.496000|0.365741
367|120|6|7|CYS|GLN|1527|89|99|-C--|-C--|303|0001|555|0|3.050066|-2.445000|0.094000|1.821000|0.054630
367|122|6|20|CYS|GLN|1527|89|278|-C--|-OE1|308|0001|555|0|3.574532|1.229000|-3.053000|1.395000|10.442964
367|123|8|6|CYS|CYS|1515|114|90|-N--|-O--|104|0001|555|0|2.953243|2.899000|-0.560000|-0.062000|0.020816
367|125|7|6|GLN|CYS|2715|99|90|-C--|-O--|304|0001|555|0|3.140766|2.659000|-1.133000|-1.229000|0.092549
367|127|6|20|CYS|GLN|1527|90|279|-O--|-NE2|409|0001|555|0|3.504772|-0.197000|-3.490000|-0.254000|8.560783
367|128|6|20|CYS|GLN|1527|90|278|-O--|-OE1|408|0001|555|0|2.393999|1.015000|-2.014000|0.803000|11.213727
367|129|6|20|CYS|GLN|1527|90|277|-O--|-CD-|406|0001|555|0|3.195953|0.957000|-3.045000|0.162000|5.050196
367|130|6|7|CYS|GLN|1527|90|105|-O--|-NE2|409|0001|555|0|3.788493|1.205000|1.802000|3.107000|13.903138
367|131|6|40|CYS|CU1|1546|91|524|-CB-|CU--|540|0011|555|0|2.256978|-1.972000|0.122000|-1.091000|0.055952
367|132|6|8|CYS|CYS|1515|91|119|-CB-|-SG-|511|0001|555|0|3.964808|-3.926000|0.552000|-0.039000|0.055952
367|133|7|6|GLN|CYS|2715|97|91|-N--|-CB-|105|0001|555|0|3.683194|1.228000|-2.137000|-2.737000|0.197872
367|134|6|42|CYS|CU1|1546|91|526|-CB-|CU--|540|0011|555|0|3.271505|-0.788000|-2.960000|-1.149000|0.161143
367|135|6|23|CYS|CYS|1515|91|325|-CB-|-CB-|505|0001|555|0|3.227077|-0.072000|-0.489000|-3.189000|0.080426
367|136|19|6|CYS|CYS|1515|264|91|-O--|-CB-|405|0001|555|0|3.542700|-1.997000|2.346000|1.749000|0.031915
367|137|20|6|GLN|CYS|2715|272|91|-CA-|-CB-|205|0001|555|0|3.649381|-2.773000|2.224000|-0.826000|0.067660
367|138|6|23|CYS|CYS|1515|91|326|-CB-|-SG-|511|0001|555|0|3.342777|-0.819000|1.150000|-3.030000|0.135745
367|139|6|46|CYS|CU1|1546|92|530|-SG-|CU--|1140|0011|555|0|3.305040|-1.993000|-0.714000|-2.538000|0.032308
367|140|6|13|CYS|CYS|1515|92|174|-SG-|-SG-|1111|0001|555|0|3.913280|-3.286000|-1.829000|-1.082000|0.153214
367|141|8|6|CYS|CYS|1515|118|92|-CB-|-SG-|511|0001|555|0|3.304268|3.194000|-0.590000|-0.607000|0.044571
367|142|6|40|CYS|CU1|1546|92|524|-SG-|CU--|1140|0011|555|0|2.384294|-0.867000|1.415000|-1.712000|0.032308
367|143|6|8|CYS|CYS|1515|92|119|-SG-|-SG-|1111|0001|555|0|3.434773|-2.821000|1.845000|-0.660000|0.032308
367|144|8|6|CYS|CYS|1515|114|92|-N--|-SG-|111|0001|555|0|3.674078|2.179000|-1.972000|-2.205000|0.125641
367|145|6|42|CYS|CU1|1546|92|526|-SG-|CU--|1140|0011|555|0|2.451995|0.317000|-1.667000|-1.770000|0.044571
367|146|20|6|GLN|CYS|2715|279|92|-NE2|-SG-|911|0001|555|0|2.856560|-0.523000|2.078000|-1.889000|11.921025
367|147|20|6|GLN|CYS|2715|278|92|-OE1|-SG-|811|0001|555|0|3.471534|-1.735000|0.602000|-2.946000|15.482566
367|148|20|6|GLN|CYS|2715|277|92|-CD-|-SG-|611|0001|555|0|3.285125|-1.677000|1.633000|-2.305000|7.182564
367|149|20|6|GLN|CYS|2715|272|92|-CA-|-SG-|211|0001|555|0|3.993453|-3.878000|0.931000|-0.205000|0.190256
367|150|7|8|GLN|CYS|2715|97|115|-N--|-CA-|102|0001|555|0|3.964545|-3.318000|-2.163000|-0.173000|0.273953
367|151|7|8|GLN|CYS|2715|97|114|-N--|-N--|101|0001|555|0|2.522067|-2.056000|-1.458000|0.089000|0.164490
367|154|9|7|GLN|GLN|2727|124|99|-N--|-C--|103|0001|555|0|3.781380|3.037000|2.251000|-0.092000|0.150638
367|155|7|8|GLN|CYS|2715|99|118|-C--|-CB-|305|0001|555|0|3.611409|-1.255000|-1.955000|-2.765000|0.404571
367|156|7|8|GLN|CYS|2715|99|116|-C--|-C--|303|0001|555|0|2.958828|-1.827000|-2.300000|-0.356000|0.201136
367|157|7|8|GLN|CYS|2715|99|117|-C--|-O--|304|0001|555|0|3.295508|-1.025000|-3.132000|0.018000|0.183556
367|159|8|7|CYS|GLN|1527|114|99|-N--|-C--|103|0001|555|0|1.322051|0.240000|0.573000|1.167000|0.120408
367|160|9|7|GLN|GLN|2727|124|100|-N--|-O--|104|0001|555|0|3.255322|2.232000|2.224000|0.818000|0.248936
367|161|7|9|GLN|GLN|2727|100|130|-O--|-CD-|406|0001|555|0|3.988703|-2.841000|-0.356000|2.777000|2.260616
367|162|7|9|GLN|GLN|2727|100|129|-O--|-CG-|406|0001|555|0|3.214059|-2.205000|-1.408000|1.867000|1.270154
367|163|8|7|CYS|GLN|1527|116|100|-C--|-O--|304|0001|555|0|2.795312|1.022000|2.273000|1.266000|0.310227
367|164|7|8|GLN|CYS|2715|100|117|-O--|-O--|404|0001|555|0|3.238069|-0.220000|-3.105000|-0.892000|0.288889
367|167|8|7|CYS|GLN|1527|114|101|-N--|-CB-|105|0001|555|0|3.564841|1.402000|2.711000|1.842000|0.483673
367|168|8|9|CYS|GLN|1527|114|124|-N--|-N--|101|0001|555|0|3.496280|-2.797000|-1.678000|1.259000|0.020851
367|171|10|8|CYS|CYS|1515|141|116|-N--|-C--|103|0001|555|0|3.340049|2.835000|1.688000|0.519000|0.069474
367|172|8|9|CYS|GLN|1527|116|128|-C--|-CB-|305|0001|555|0|3.447909|-2.268000|-0.071000|2.596000|0.310227
367|173|8|9|CYS|GLN|1527|116|126|-C--|-C--|303|0001|555|0|3.382097|-2.788000|-1.744000|0.790000|0.010227
367|175|9|8|GLN|CYS|2715|124|116|-N--|-C--|103|0001|555|0|1.291203|1.210000|-0.049000|-0.448000|0.032045
367|176|8|9|CYS|GLN|1527|116|129|-C--|-CG-|306|0001|555|0|3.458815|-1.183000|0.865000|3.132999|2.492045
367|177|8|13|CYS|CYS|1515|116|173|-C--|-CB-|305|0001|555|0|3.717083|0.256000|-2.781000|-2.453000|0.334400
367|178|10|8|CYS|CYS|1515|141|117|-N--|-O--|104|0001|555|0|3.841608|3.637000|0.856000|0.893000|0.082895
367|179|8|9|CYS|GLN|1527|117|128|-O--|-CB-|405|0001|555|0|3.865398|-3.070000|0.761000|2.222000|0.288889
367|180|9|8|GLN|CYS|2715|126|117|-C--|-O--|304|0001|555|0|3.727318|3.590000|0.912000|-0.416000|0.000000
367|183|8|9|CYS|GLN|1527|117|129|-O--|-CG-|406|0001|555|0|3.798962|-1.985000|1.697000|2.759000|2.408000
367|184|8|13|CYS|CYS|1515|117|173|-O--|-CB-|405|0001|555|0|3.476873|-0.546000|-1.949000|-2.827000|0.360000
367|185|8|41|CYS|CU1|1546|118|525|-CB-|CU--|540|0011|555|0|3.329789|-1.990000|-1.374000|-2.289000|0.032813
367|186|8|10|CYS|CYS|1515|118|146|-CB-|-SG-|511|0001|555|0|3.942303|-3.790000|-0.825000|-0.705000|0.070286
367|187|9|8|GLN|CYS|2715|124|118|-N--|-CB-|105|0001|555|0|3.380176|1.782000|0.296000|-2.857000|0.161143
367|188|8|44|CYS|CU1|1546|118|528|-CB-|CU--|540|0011|555|0|3.609770|-2.838000|1.039000|-1.974000|0.161143
367|189|8|46|CYS|CU1|1546|118|530|-CB-|CU--|540|0011|555|0|3.610241|1.201000|-1.304000|-3.145000|0.084000
367|190|8|13|CYS|CYS|1515|118|174|-CB-|-SG-|511|0001|555|0|2.951736|-0.092000|-2.419000|-1.689000|0.087500
367|191|8|13|CYS|CYS|1515|118|173|-CB-|-CB-|505|0001|555|0|3.142239|-0.316000|-3.126000|-0.044000|0.140000
367|192|8|40|CYS|CU1|1546|118|524|-CB-|CU--|540|0011|555|0|3.387228|2.327000|0.825000|-2.319000|0.084000
367|193|8|41|CYS|CU1|1546|119|525|-SG-|CU--|1140|0011|555|0|3.679660|-2.363000|-2.629000|-1.022000|0.131250
367|194|8|44|CYS|CU1|1546|119|528|-SG-|CU--|1140|0011|555|0|3.295000|-3.211000|-0.216000|-0.707000|0.055952
367|195|8|46|CYS|CU1|1546|119|530|-SG-|CU--|1140|0011|555|0|3.280389|0.828000|-2.559000|-1.878000|0.000000
367|196|8|13|CYS|CYS|1515|119|174|-SG-|-SG-|1111|0001|555|0|3.727276|-0.465000|-3.674000|-0.422000|0.210000
367|197|8|40|CYS|CU1|1546|119|524|-SG-|CU--|1140|0011|555|0|2.260469|1.954000|-0.430000|-1.052000|0.000000
367|198|9|10|GLN|CYS|2715|124|141|-N--|-N--|101|0001|555|0|2.567661|-1.625000|-1.737000|-0.967000|0.111316
367|199|9|14|GLN|LYS|2729|125|184|-CA-|-CG-|206|0001|555|0|3.723934|0.848000|-3.324000|1.449000|4.196923
367|200|9|10|GLN|CYS|2715|125|144|-CA-|-O--|204|0001|555|0|3.986828|-1.636000|-3.388000|-1.319000|0.067826
367|203|9|10|GLN|CYS|2715|126|143|-C--|-C--|303|0001|555|0|2.947279|-1.031000|-2.178000|-1.697000|0.056250
367|204|9|14|GLN|LYS|2729|126|184|-C--|-CG-|306|0001|555|0|3.805399|1.940000|-2.498000|2.116000|5.123556
367|205|9|10|GLN|CYS|2715|126|144|-C--|-O--|304|0001|555|0|2.699052|-0.544000|-2.562000|-0.652000|0.010222
367|206|9|10|GLN|CYS|2715|126|145|-C--|-CB-|305|0001|555|0|3.617346|-0.647000|-0.498000|-3.524000|0.128571
367|208|10|9|CYS|GLN|1527|141|126|-N--|-C--|103|0001|555|0|1.311040|0.047000|-0.056000|1.309000|0.082895
367|209|10|9|CYS|GLN|1527|143|127|-C--|-O--|304|0001|555|0|2.800700|0.243000|1.515000|2.343000|0.110250
367|210|9|14|GLN|LYS|2729|127|184|-O--|-CG-|406|0001|555|0|3.601404|2.728000|-1.835000|1.470000|4.561633
367|211|9|10|GLN|CYS|2715|127|144|-O--|-O--|404|0001|555|0|2.313123|0.244000|-1.899000|-1.298000|0.031957
367|212|9|14|GLN|LYS|2729|127|186|-O--|-CE-|406|0001|555|0|3.744394|0.950000|-1.664000|3.217000|12.277959
367|215|10|9|CYS|GLN|1527|141|128|-N--|-CB-|105|0001|555|0|3.555194|0.567000|1.617000|3.115000|0.461842
367|216|10|11|CYS|GLY|1501|141|151|-N--|-N--|101|0001|555|0|3.634832|-1.487000|-3.073000|-1.248000|0.032368
367|217|10|13|CYS|CYS|1515|141|173|-N--|-CB-|105|0001|555|0|3.806479|3.091000|-1.093000|-1.934000|0.197600
367|220|10|32|CYS|ASP|1521|142|428|-CA-|-OD1|210|0001|555|0|3.316650|-2.842000|1.706000|-0.113000|10.749475
367|221|10|32|CYS|ASP|1521|142|427|-CA-|-CG-|206|0001|555|0|3.756869|-3.668000|0.811000|-0.046000|3.821842
367|223|11|10|GLY|CYS|115|151|143|-N--|-C--|103|0001|555|0|1.302509|0.503000|0.839000|0.860000|0.010250
367|224|12|10|SER|CYS|1115|158|143|-N--|-C--|103|0001|555|0|3.490573|-1.141000|2.309000|2.356000|0.010250
367|225|10|11|CYS|GLY|1501|143|153|-C--|-C--|303|0001|555|0|3.281056|0.690000|-2.932000|-1.301000|0.069000
367|228|12|10|SER|CYS|1115|158|144|-N--|-O--|104|0001|555|0|3.962341|-0.654000|1.925000|3.401000|0.056098
367|229|11|10|GLY|CYS|115|153|144|-C--|-O--|304|0001|555|0|3.469471|-0.203000|2.548000|2.346000|0.000000
367|230|10|14|CYS|LYS|1529|144|184|-O--|-CG-|406|0001|555|0|3.719701|2.484000|0.064000|2.768000|4.973913
367|231|10|14|CYS|LYS|1529|144|183|-O--|-CB-|405|0001|555|0|3.187448|2.499000|-1.024000|1.693000|0.055435
367|232|14|10|LYS|CYS|2915|179|144|-N--|-O--|104|0001|555|0|3.668232|-3.594000|0.617000|0.398000|0.144571
367|233|11|10|GLY|CYS|115|151|145|-N--|-CB-|105|0001|555|0|2.840285|0.887000|2.519000|-0.967000|0.070286
367|234|10|32|CYS|ASP|1521|145|428|-CB-|-OD1|510|0001|555|0|3.835931|-3.260000|1.511000|1.343000|11.861143
367|235|10|41|CYS|CU1|1546|145|525|-CB-|CU--|540|0011|555|0|3.065445|2.017000|1.213000|-1.964000|0.032813
367|236|10|13|CYS|CYS|1515|145|173|-CB-|-CB-|505|0001|555|0|3.740717|3.691000|-0.539000|0.281000|0.140000
367|237|32|10|ASP|CYS|2115|428|146|-OD1|-SG-|1011|0001|555|0|3.888606|3.477000|0.251000|-1.723000|9.800488
367|238|31|10|SER|CYS|1115|414|146|-O--|-SG-|411|0001|555|0|3.826586|3.227000|-1.547000|1.355000|0.317561
367|239|10|41|CYS|CU1|1546|146|525|-SG-|CU--|1140|0011|555|0|2.459768|1.800000|-0.549000|-1.584000|0.115313
367|240|10|44|CYS|CU1|1546|146|528|-SG-|CU--|1140|0011|555|0|2.447685|0.952000|1.864000|-1.269000|0.068780
367|241|11|12|GLY|SER|111|151|158|-N--|-N--|101|0001|555|0|2.664892|1.644000|-1.470000|-1.496000|0.000000
367|244|11|12|GLY|SER|111|153|162|-C--|-CB-|305|0001|555|0|3.517250|1.247000|0.226000|-3.281000|0.020870
367|245|13|11|CYS|GLY|1501|169|153|-N--|-C--|103|0001|555|0|3.367332|-2.746000|-1.845000|0.628000|0.245333
367|246|11|12|GLY|SER|111|153|160|-C--|-C--|303|0001|555|0|3.339396|2.874000|0.860000|-1.467000|0.144571
367|248|12|11|SER|GLY|1101|158|153|-N--|-C--|103|0001|555|0|1.305586|-0.451000|-0.623000|1.055000|0.056098
367|249|11|15|GLY|ASN|123|154|208|-O--|-ND2|409|0001|555|0|3.823320|1.049000|-3.000999|2.124000|4.255472
367|250|11|12|GLY|SER|111|154|162|-O--|-CB-|405|0001|555|0|3.952353|0.740000|1.258000|-3.673000|0.055208
367|251|13|11|CYS|GLY|1501|169|154|-N--|-O--|104|0001|555|0|3.785585|-2.239000|-2.877000|1.020000|0.406333
367|252|12|11|SER|GLY|1101|160|154|-C--|-O--|304|0001|555|0|3.555030|-2.367000|-1.892000|1.859000|0.272571
367|255|11|15|GLY|ASN|123|154|205|-O--|-CB-|405|0001|555|0|3.661237|2.960000|-1.830999|1.136000|0.147170
367|256|12|13|SER|CYS|1115|158|169|-N--|-N--|101|0001|555|0|2.634889|2.295000|1.222000|0.427000|0.150333
367|259|13|12|CYS|SER|1511|169|160|-N--|-C--|103|0001|555|0|1.300204|0.128000|-0.985000|-0.839000|0.058333
367|260|14|12|LYS|SER|2911|179|160|-N--|-C--|103|0001|555|0|3.616152|-0.517000|-1.071000|-3.415000|0.000000
367|261|12|13|SER|CYS|1115|160|171|-C--|-C--|303|0001|555|0|3.319663|1.474000|1.397000|2.626000|0.032813
367|263|12|13|SER|CYS|1115|160|173|-C--|-CB-|305|0001|555|0|3.475309|0.511000|3.213000|1.222000|0.140000
367|265|12|16|SER|ASN|1123|161|219|-O--|-CB-|405|0001|555|0|3.447515|2.682000|-2.166000|-0.026000|0.290278
367|266|16|12|ASN|SER|2311|215|161|-N--|-O--|104|0001|555|0|3.626662|-1.897000|2.132000|-2.238000|0.160000
367|267|13|12|CYS|SER|1511|171|161|-C--|-O--|304|0001|555|0|3.558911|-0.398000|-1.682000|-3.111000|0.045000
367|269|12|13|SER|CYS|1115|161|173|-O--|-CB-|405|0001|555|0|3.933075|-0.565000|3.498000|1.707000|0.158400
367|270|12|16|SER|ASN|1123|161|218|-O--|-O--|404|0001|555|0|3.864470|3.715000|0.186000|1.048000|0.083611
367|271|12|39|SER|ASN|1123|162|517|-CB-|-OXT|508|0001|555|0|2.914022|0.854000|0.453000|-2.749000|19.643333
367|272|39|12|ASN|SER|2311|511|162|-C--|-CB-|305|0001|555|0|3.989699|-0.810000|-0.069000|3.906000|12.283335
367|273|13|12|CYS|SER|1511|169|162|-N--|-CB-|105|0001|555|0|3.450590|-1.499000|-1.619000|-2.653000|0.288000
367|274|39|12|ASN|SER|2311|515|163|-OD1|-OG-|817|0001|555|0|3.874785|-1.616000|2.200001|2.750000|9.223140
367|275|39|12|ASN|SER|2311|517|163|-OXT|-OG-|817|0001|555|0|3.047642|-1.190000|-1.725999|2.212000|5.789421
367|276|39|12|ASN|SER|2311|511|163|-C--|-OG-|317|0001|555|0|3.803215|-1.146000|-1.342000|3.369000|3.255868
367|277|13|14|CYS|LYS|1529|169|179|-N--|-N--|101|0001|555|0|2.656915|0.645000|0.086000|2.576000|0.058333
367|280|13|14|CYS|LYS|1529|171|183|-C--|-CB-|305|0001|555|0|3.611425|-2.052000|-0.733000|2.880000|0.302812
367|281|14|13|LYS|CYS|2915|179|171|-N--|-C--|103|0001|555|0|1.282437|0.957000|0.326000|-0.789000|0.032813
367|282|15|13|ASN|CYS|2315|201|171|-N--|-C--|103|0001|555|0|3.166828|0.354000|2.923000|-1.166000|0.281250
367|283|13|14|CYS|LYS|1529|171|181|-C--|-C--|303|0001|555|0|3.088294|-0.102000|-2.166000|2.199000|0.182812
367|285|13|20|CYS|GLN|1527|171|279|-C--|-NE2|309|0001|555|0|3.821264|3.070000|2.274000|-0.078000|15.044999
367|286|16|13|ASN|CYS|2315|215|172|-N--|-O--|104|0001|555|0|3.999591|-0.333000|3.796000|1.215000|0.160000
367|288|15|13|ASN|CYS|2315|201|172|-N--|-O--|104|0001|555|0|3.380592|1.520000|2.905000|-0.824000|0.194444
367|289|13|14|CYS|LYS|1529|172|182|-O--|-O--|404|0001|555|0|3.822881|-0.596000|-2.549000|2.786000|0.231111
367|290|14|13|LYS|CYS|2915|181|172|-C--|-O--|304|0001|555|0|3.109691|1.268000|2.148000|-1.857000|0.112500
367|292|13|16|CYS|ASN|1523|172|218|-O--|-O--|404|0001|555|0|3.548987|2.151000|-1.478000|-2.405000|0.083611
367|293|16|13|ASN|CYS|2315|217|172|-C--|-O--|304|0001|555|0|3.853544|-2.362000|2.486000|1.758000|0.083611
367|294|13|17|CYS|GLU|1525|172|234|-O--|-CG-|406|0001|555|0|3.979107|3.429000|-0.787000|1.859000|4.750000
367|295|13|20|CYS|GLN|1527|172|279|-O--|-NE2|409|0001|555|0|3.009133|1.904000|2.292000|-0.420000|13.111109
367|296|13|41|CYS|CU1|1546|173|525|-CB-|CU--|540|0011|555|0|3.303302|-1.674000|1.752000|-2.245000|0.089600
367|297|14|13|LYS|CYS|2915|179|173|-N--|-CB-|105|0001|555|0|3.065526|-0.006000|2.142000|-2.193000|0.140000
367|298|13|46|CYS|CU1|1546|173|530|-CB-|CU--|540|0011|555|0|3.903482|1.517000|1.822000|-3.101000|0.285600
367|299|13|41|CYS|CU1|1546|174|525|-SG-|CU--|1140|0011|555|0|2.248206|-1.898000|1.045000|-0.600000|0.045714
367|300|13|35|CYS|CYS|1515|174|473|-SG-|-SG-|1111|0001|555|0|3.848344|-2.434000|1.060000|-2.786000|0.210000
367|301|13|46|CYS|CU1|1546|174|530|-SG-|CU--|1140|0011|555|0|2.243883|1.293000|1.115000|-1.456000|0.210000
367|302|13|37|CYS|CYS|1515|174|497|-SG-|-SG-|1111|0001|555|0|3.961725|1.915000|0.290000|-3.456000|0.501429
367|303|13|42|CYS|CU1|1546|174|526|-SG-|CU--|1140|0011|555|0|3.671675|3.603000|0.162000|-0.688000|0.087500
367|304|14|15|LYS|ASN|2923|179|201|-N--|-N--|101|0001|555|0|2.692610|0.603000|-2.597000|0.377000|0.214286
367|307|16|14|ASN|LYS|2329|215|181|-N--|-C--|103|0001|555|0|3.836181|-1.601000|1.648000|3.072000|0.032000
367|308|14|15|LYS|ASN|2923|181|205|-C--|-CB-|305|0001|555|0|3.561159|-0.779000|-2.954000|-1.830000|0.288889
367|309|14|15|LYS|ASN|2923|181|204|-C--|-O--|304|0001|555|0|3.962688|2.619000|-2.629000|-1.390000|0.410222
367|310|14|15|LYS|ASN|2923|181|203|-C--|-C--|303|0001|555|0|3.278600|1.606000|-2.160000|-1.872000|0.080889
367|312|15|14|ASN|LYS|2329|201|181|-N--|-C--|103|0001|555|0|1.305236|0.252000|0.757000|1.033000|0.055556
367|313|14|15|LYS|ASN|2923|182|204|-O--|-O--|404|0001|555|0|3.759329|1.947000|-2.228000|-2.319000|0.259423
367|314|15|14|ASN|LYS|2329|203|182|-C--|-O--|304|0001|555|0|3.436865|-0.934000|1.759000|2.801000|0.000000
367|317|15|14|ASN|LYS|2329|201|183|-N--|-CB-|105|0001|555|0|3.258389|-1.698000|2.190000|1.714000|0.010200
367|318|15|16|ASN|ASN|2323|201|215|-N--|-N--|101|0001|555|0|2.895688|1.853000|-0.891000|-2.039000|0.020833
367|321|15|16|ASN|ASN|2323|203|219|-C--|-CB-|305|0001|555|0|3.582762|0.780000|0.478000|-3.464000|0.031731
367|323|16|15|ASN|ASN|2323|215|203|-N--|-C--|103|0001|555|0|1.304672|0.005000|-0.512000|1.200000|0.043333
367|324|17|15|GLU|ASN|2523|229|203|-N--|-C--|103|0001|555|0|3.524532|-2.923000|-1.800000|0.799000|0.055319
367|325|15|16|ASN|ASN|2323|203|217|-C--|-C--|303|0001|555|0|3.233312|2.024000|1.822000|-1.743000|0.108837
367|328|17|15|GLU|ASN|2523|229|204|-N--|-O--|104|0001|555|0|3.230700|-1.910000|-2.269000|1.281000|0.362553
367|329|16|15|ASN|ASN|2323|217|204|-C--|-O--|304|0001|555|0|3.349840|-1.011000|-2.291000|2.225000|0.462326
367|330|16|15|ASN|ASN|2323|215|205|-N--|-CB-|105|0001|555|0|2.985398|-2.380000|-1.306000|1.242000|0.230208
367|331|16|17|ASN|GLU|2325|215|229|-N--|-N--|101|0001|555|0|3.223806|2.928000|1.288000|0.401000|0.010213
367|334|18|16|GLN|ASN|2723|244|217|-N--|-C--|103|0001|555|0|3.073465|-2.977000|-0.411000|0.644000|0.138140
367|335|16|17|ASN|GLU|2325|217|231|-C--|-C--|303|0001|555|0|3.194258|2.910000|1.275000|0.331000|0.153488
367|337|17|16|GLU|ASN|2523|229|217|-N--|-C--|103|0001|555|0|1.303772|-0.899000|0.022000|-0.944000|0.043721
367|338|16|17|ASN|GLU|2325|217|233|-C--|-CB-|305|0001|555|0|3.595421|2.116000|1.054000|2.709000|0.255349
367|339|16|19|ASN|CYS|2315|218|266|-O--|-SG-|411|0001|555|0|3.037190|0.276000|2.107000|-2.170000|0.055814
367|340|19|16|CYS|ASN|1523|261|218|-N--|-O--|104|0001|555|0|3.851101|-3.145000|-1.335000|1.777000|0.094884
367|341|18|16|GLN|ASN|2723|244|218|-N--|-O--|104|0001|555|0|3.243418|-3.188000|0.597000|-0.003000|0.138140
367|342|17|16|GLU|ASN|2523|231|218|-C--|-O--|304|0001|555|0|3.281526|-3.121000|-0.267000|-0.978000|0.153488
367|345|17|16|GLU|ASN|2523|229|219|-N--|-CB-|105|0001|555|0|3.666382|-2.143000|-1.322000|-2.665000|0.093617
367|346|17|18|GLU|GLN|2527|229|244|-N--|-N--|101|0001|555|0|2.650909|2.078000|0.433000|-1.588000|0.080426
367|348|17|20|GLU|GLN|2527|230|276|-CA-|-CG-|206|0001|555|0|3.247758|0.276000|3.231000|0.180000|1.359231
367|350|19|17|CYS|GLU|1525|261|231|-N--|-C--|103|0001|555|0|2.954865|-0.024000|-1.068000|2.755000|0.043137
367|351|18|17|GLN|GLU|2725|244|231|-N--|-C--|103|0001|555|0|1.304458|-0.067000|0.864000|0.975000|0.010185
367|352|17|20|GLU|GLN|2527|231|276|-C--|-CG-|306|0001|555|0|3.475013|-0.945000|3.159000|1.097000|1.222909
367|353|20|17|GLN|GLU|2725|271|231|-N--|-C--|103|0001|555|0|3.782335|-0.093000|-3.448000|1.552000|0.067347
367|354|17|18|GLU|GLN|2527|231|248|-C--|-CB-|305|0001|555|0|3.627444|1.165000|-2.164001|-2.668000|0.190909
367|355|17|18|GLU|GLN|2527|231|246|-C--|-C--|303|0001|555|0|3.088563|1.094000|0.342000|-2.868000|0.031636
367|357|19|17|CYS|GLU|1525|261|232|-N--|-O--|104|0001|555|0|3.049128|0.843000|-0.233000|2.921000|0.133726
367|359|17|20|GLU|GLN|2527|232|276|-O--|-CG-|406|0001|555|0|3.090482|-1.812000|2.324000|0.931000|0.956129
367|360|17|20|GLU|GLN|2527|232|275|-O--|-CB-|405|0001|555|0|3.413867|-0.683000|3.294000|0.581000|0.020667
367|361|20|17|GLN|GLU|2725|271|232|-N--|-O--|104|0001|555|0|3.221548|0.774000|-2.613000|1.718000|0.164490
367|362|18|17|GLN|GLU|2725|246|232|-C--|-O--|304|0001|555|0|3.082164|-0.227000|0.493000|3.034000|0.042759
367|364|18|17|GLN|GLU|2725|244|233|-N--|-CB-|105|0001|555|0|3.520991|-0.861000|0.643000|3.353000|0.079074
367|365|17|20|GLU|GLN|2527|233|276|-CB-|-CG-|506|0001|555|0|3.617756|-0.151000|3.380000|-1.281000|0.990492
367|366|17|20|GLU|GLN|2527|234|276|-CG-|-CG-|606|0001|555|0|3.616400|0.898000|2.735000|-2.189000|0.473684
367|367|18|19|GLN|CYS|2715|244|261|-N--|-N--|101|0001|555|0|2.627332|-0.043000|1.932000|-1.780000|0.031765
367|370|18|19|GLN|CYS|2715|246|265|-C--|-CB-|305|0001|555|0|3.395495|-2.596000|1.605000|-1.488000|0.000000
367|372|19|18|CYS|GLN|1527|261|246|-N--|-C--|103|0001|555|0|1.297977|1.070000|-0.726000|-0.113000|0.079608
367|373|18|19|GLN|CYS|2715|246|263|-C--|-C--|303|0001|555|0|3.466540|-1.412000|3.165000|0.077000|0.120833
367|374|20|18|GLN|GLN|2727|271|246|-N--|-C--|103|0001|555|0|3.518677|1.001000|-3.106000|-1.316000|0.106531
367|375|18|19|GLN|CYS|2715|247|265|-O--|-CB-|405|0001|555|0|3.767587|-3.453000|1.353000|-0.664000|0.078448
367|378|19|18|CYS|GLN|1527|263|247|-C--|-O--|304|0001|555|0|3.800754|2.269000|-2.913000|-0.901000|0.230208
367|379|19|18|CYS|GLN|1527|261|248|-N--|-CB-|105|0001|555|0|3.428597|1.141000|-3.232000|0.087000|0.260784
367|380|19|20|CYS|GLN|1527|261|271|-N--|-N--|101|0001|555|0|2.667652|0.069000|2.380000|1.203000|0.020816
367|381|19|42|CYS|CU1|1546|262|526|-CA-|CU--|240|0011|555|0|3.901789|-3.384000|1.674000|0.985000|0.293143
367|384|19|42|CYS|CU1|1546|263|526|-C--|CU--|340|0011|555|0|3.284281|-3.256000|0.407000|0.139000|0.178286
367|385|19|20|CYS|GLN|1527|263|276|-C--|-CG-|306|0001|555|0|3.953578|-0.627000|-0.348000|3.888000|1.567500
367|386|19|20|CYS|GLN|1527|263|275|-C--|-CB-|305|0001|555|0|3.627166|0.502000|0.622000|3.538000|0.150000
367|388|20|19|GLN|CYS|2715|271|263|-N--|-C--|103|0001|555|0|1.306722|-0.411000|0.059000|-1.239000|0.010208
367|389|22|19|SER|CYS|1115|310|263|-N--|-C--|103|0001|555|0|3.769787|-2.151000|-2.533000|1.780000|0.465208
367|390|21|19|LYS|CYS|2915|288|263|-N--|-C--|103|0001|555|0|2.969446|-2.181000|-1.861000|-0.773000|0.247500
367|391|19|20|CYS|GLN|1527|263|273|-C--|-C--|303|0001|555|0|3.111519|1.387000|2.162000|1.756000|0.180833
367|392|22|19|SER|CYS|1115|312|264|-C--|-O--|304|0001|555|0|3.663833|-1.018000|-1.450000|3.207000|0.524800
367|393|19|42|CYS|CU1|1546|264|526|-O--|CU--|440|0011|555|0|2.914313|-2.785000|-0.614000|0.600000|0.214286
367|394|19|23|CYS|CYS|1515|264|325|-O--|-CB-|405|0001|555|0|3.130944|-2.069000|1.857000|-1.440000|0.043200
367|395|23|19|CYS|CYS|1515|322|264|-CA-|-O--|204|0001|555|0|3.503192|1.348000|-1.653000|2.779000|0.244800
367|396|23|19|CYS|CYS|1515|321|264|-N--|-O--|104|0001|555|0|3.078680|-0.067000|-1.893000|2.427000|0.298200
367|399|22|19|SER|CYS|1115|310|264|-N--|-O--|104|0001|555|0|3.301635|-2.622000|-1.512000|1.319000|0.415800
367|400|21|19|LYS|CYS|2915|288|264|-N--|-O--|104|0001|555|0|3.043265|-2.652000|-0.840000|-1.234000|0.211200
367|401|20|19|GLN|CYS|2715|273|264|-C--|-O--|304|0001|555|0|3.109523|-1.858000|-1.141000|-2.217000|0.148800
367|402|19|42|CYS|CU1|1546|265|526|-CB-|CU--|540|0011|555|0|3.326543|-2.072000|1.967000|1.704000|0.381143
367|403|20|19|GLN|CYS|2715|271|265|-N--|-CB-|105|0001|555|0|3.558011|-1.595000|-1.501000|-2.804000|0.106531
367|404|19|37|CYS|CYS|1515|266|497|-SG-|-SG-|1111|0001|555|0|3.981542|-2.417000|2.202000|-2.272000|0.067500
367|405|19|42|CYS|CU1|1546|266|526|-SG-|CU--|1140|0011|555|0|2.253649|-0.729000|2.074000|0.496000|0.178286
367|406|20|19|GLN|CYS|2715|271|266|-N--|-SG-|111|0001|555|0|3.710084|-2.938000|-1.608000|-1.596000|0.010208
367|407|20|42|GLN|CU1|2746|271|526|-N--|CU--|140|0011|555|0|3.856688|-3.667000|0.466000|-1.100000|0.196000
367|408|20|21|GLN|LYS|2729|271|288|-N--|-N--|101|0001|555|0|2.652632|1.770000|1.920000|-0.466000|0.228980
367|411|22|20|SER|GLN|1127|310|273|-N--|-C--|103|0001|555|0|3.636569|-0.764000|-0.371000|3.536000|0.186290
367|412|20|21|GLN|LYS|2729|273|292|-C--|-CB-|305|0001|555|0|3.350229|3.182000|-0.052000|-1.047000|0.406452
367|414|21|20|LYS|GLN|2927|288|273|-N--|-C--|103|0001|555|0|1.298971|-0.794000|0.301000|0.983000|0.042581
367|415|20|21|GLN|LYS|2729|273|293|-C--|-CG-|306|0001|555|0|3.301168|3.256999|-0.271000|0.465000|2.446452
367|416|20|21|GLN|LYS|2729|273|290|-C--|-C--|303|0001|555|0|3.523772|1.779000|0.892000|-2.908000|0.281129
367|417|20|21|GLN|LYS|2729|274|292|-O--|-CB-|405|0001|555|0|3.659130|3.075000|-1.102000|-1.649000|0.240845
367|420|20|21|GLN|LYS|2729|274|293|-O--|-CG-|406|0001|555|0|3.418524|3.150000|-1.321000|-0.137000|1.936057
367|421|21|20|LYS|GLN|2927|290|274|-C--|-O--|304|0001|555|0|3.891098|-1.672000|0.158000|3.510000|0.140282
367|422|21|20|LYS|GLN|2927|288|275|-N--|-CB-|105|0001|555|0|3.464013|-1.679000|-1.239000|2.765000|0.066000
367|423|20|42|GLN|CU1|2746|279|526|-NE2|CU--|940|0011|555|0|3.687768|-0.206000|0.411000|-3.659000|13.553142
367|424|21|22|LYS|SER|2911|288|310|-N--|-N--|101|0001|555|0|2.640131|-0.030000|0.672000|-2.553000|0.128333
367|427|21|22|LYS|SER|2911|290|312|-C--|-C--|303|0001|555|0|3.678221|-2.619000|-0.583000|-2.516000|0.010122
367|428|23|21|CYS|LYS|1529|321|290|-N--|-C--|103|0001|555|0|3.972178|3.570000|0.140000|1.736000|0.140282
367|429|21|22|LYS|SER|2911|290|315|-C--|-OG-|317|0001|555|0|2.767870|1.090000|-1.131000|-2.279000|1.263614
367|430|21|22|LYS|SER|2911|290|314|-C--|-CB-|305|0001|555|0|3.058839|-0.238000|-1.355000|-2.732000|0.150361
367|432|22|21|SER|LYS|1129|310|290|-N--|-C--|103|0001|555|0|1.302325|1.015000|0.521000|0.628000|0.064675
367|433|21|22|LYS|SER|2911|291|315|-O--|-OG-|417|0001|555|0|2.472025|0.249000|-1.784000|-1.693000|0.937872
367|434|21|22|LYS|SER|2911|291|314|-O--|-CB-|405|0001|555|0|3.130754|-1.079000|-2.008000|-2.146000|0.020426
367|437|22|21|SER|LYS|1129|310|292|-N--|-CB-|105|0001|555|0|3.495822|2.418000|-0.423000|2.489000|0.151948
367|438|22|23|SER|CYS|1115|310|321|-N--|-N--|101|0001|555|0|2.810845|-2.555000|0.381000|-1.108000|0.065070
367|441|22|23|SER|CYS|1115|312|325|-C--|-CB-|305|0001|555|0|3.580154|-3.087000|0.407000|1.767000|0.425185
367|443|23|22|CYS|SER|1511|321|312|-N--|-C--|103|0001|555|0|1.307306|0.951000|-0.443000|-0.780000|0.127042
367|444|24|22|SER|SER|1111|331|312|-N--|-C--|103|0001|555|0|3.817060|3.309000|-0.790000|1.731000|0.041951
367|445|22|23|SER|CYS|1115|312|324|-C--|-O--|304|0001|555|0|3.530204|-2.537000|2.407000|-0.482000|0.137561
367|446|22|23|SER|CYS|1115|312|323|-C--|-C--|303|0001|555|0|3.091469|-2.764000|1.229000|-0.638000|0.000000
367|449|24|22|SER|SER|1111|331|313|-N--|-O--|104|0001|555|0|3.430870|3.050000|-1.400000|0.713000|0.052907
367|450|22|23|SER|CYS|1115|313|324|-O--|-O--|404|0001|555|0|3.818228|-2.278000|3.017000|0.536000|0.030989
367|451|23|22|CYS|SER|1511|323|313|-C--|-O--|304|0001|555|0|3.130710|2.505000|-1.839000|-0.380000|0.099878
367|452|23|22|CYS|SER|1511|321|314|-N--|-CB-|105|0001|555|0|3.683811|3.332000|-1.215000|-0.996000|0.338028
367|453|23|24|CYS|SER|1511|321|331|-N--|-N--|101|0001|555|0|3.462036|-2.358000|0.347000|-2.511000|0.181690
367|454|23|43|CYS|CU1|1546|322|527|-CA-|CU--|240|0011|555|0|3.169559|-3.083000|0.169000|0.716000|0.209231
367|455|23|37|CYS|CYS|1515|322|497|-CA-|-SG-|211|0001|555|0|3.835918|-3.125000|-2.139000|0.611000|0.176296
367|458|23|43|CYS|CU1|1546|323|527|-C--|CU--|340|0011|555|0|3.334546|-2.685000|-0.857000|1.782000|0.473077
367|459|25|23|CYS|CYS|1515|342|323|-N--|-C--|103|0001|555|0|3.187443|2.464000|-1.830000|0.860000|0.031139
367|460|23|24|CYS|SER|1511|323|333|-C--|-C--|303|0001|555|0|3.216915|-2.278000|1.153000|-1.957000|0.099878
367|461|23|24|CYS|SER|1511|323|336|-C--|-OG-|317|0001|555|0|3.964830|0.424000|-0.502000|-3.910000|2.288781
367|462|23|24|CYS|SER|1511|323|335|-C--|-CB-|305|0001|555|0|3.589672|-0.911000|-0.324000|-3.457000|0.480976
367|464|24|23|SER|CYS|1115|331|323|-N--|-C--|103|0001|555|0|1.297843|0.545000|0.439000|1.093000|0.041951
367|465|23|43|CYS|CU1|1546|324|527|-O--|CU--|440|0011|555|0|3.907025|-2.912000|-2.035000|1.626000|0.759231
367|466|25|23|CYS|CYS|1515|342|324|-N--|-O--|104|0001|555|0|2.949380|2.691000|-0.652000|1.016000|0.178481
367|467|24|23|SER|CYS|1115|333|324|-C--|-O--|304|0001|555|0|3.277258|2.505000|0.025000|2.113000|0.030989
367|470|23|46|CYS|CU1|1546|325|530|-CB-|CU--|540|0011|555|0|3.616488|-3.026000|-1.518000|1.272000|0.154286
367|471|23|43|CYS|CU1|1546|325|527|-CB-|CU--|540|0011|555|0|2.443031|-2.362000|-0.035000|-0.623000|0.020769
367|472|23|37|CYS|CYS|1515|325|497|-CB-|-SG-|511|0001|555|0|3.434945|-2.404000|-2.343000|-0.728000|0.000000
367|473|23|40|CYS|CU1|1546|325|524|-CB-|CU--|540|0011|555|0|2.895674|-1.900000|0.611000|2.098000|0.154286
367|474|23|42|CYS|CU1|1546|325|526|-CB-|CU--|540|0011|555|0|3.283306|-0.716000|-2.471000|2.040000|0.293143
367|475|24|23|SER|CYS|1115|331|325|-N--|-CB-|105|0001|555|0|3.525901|0.222000|-0.383000|3.498000|0.509630
367|476|23|43|CYS|CU1|1546|326|527|-SG-|CU--|1140|0011|555|0|2.453981|-1.615000|-1.674000|-0.782000|0.066923
367|477|23|25|CYS|CYS|1515|326|347|-SG-|-SG-|1111|0001|555|0|3.903642|-3.220000|-0.773000|-2.067000|0.628965
367|478|25|23|CYS|CYS|1515|346|326|-CB-|-SG-|511|0001|555|0|3.835162|3.188000|-1.022000|1.871000|0.303448
367|479|25|23|CYS|CYS|1515|342|326|-N--|-SG-|111|0001|555|0|3.833169|1.394000|-1.013000|3.424000|0.286035
367|480|23|40|CYS|CU1|1546|326|524|-SG-|CU--|1140|0011|555|0|2.479095|-1.153000|-1.028000|1.939000|0.220952
367|481|24|23|SER|CYS|1115|331|326|-N--|-SG-|111|0001|555|0|3.902155|-0.525000|1.256000|3.657000|0.415172
367|482|24|43|SER|CU1|1146|331|527|-N--|CU--|140|0011|555|0|3.608317|-2.140000|-0.418000|2.875000|0.562308
367|483|24|25|SER|CYS|1115|331|342|-N--|-N--|101|0001|555|0|2.980807|-1.919000|2.269000|0.233000|0.076203
367|486|24|36|SER|PRO|1119|333|481|-C--|-O--|304|0001|555|0|3.987318|-2.415000|-3.016000|-0.985000|0.031023
367|487|24|25|SER|CYS|1115|333|347|-C--|-SG-|311|0001|555|0|3.361568|-2.012000|-1.109000|2.454000|0.052747
367|488|24|25|SER|CYS|1115|333|346|-C--|-CB-|305|0001|555|0|3.378387|-1.980000|0.686000|2.650000|0.125125
367|490|25|24|CYS|SER|1511|342|333|-N--|-C--|103|0001|555|0|1.302434|0.186000|-0.677000|-1.097000|0.138228
367|491|24|25|SER|CYS|1115|333|345|-C--|-O--|304|0001|555|0|3.861093|-0.306000|3.297000|1.986000|0.125125
367|492|24|25|SER|CYS|1115|333|344|-C--|-C--|303|0001|555|0|3.484405|-1.333000|2.832000|1.531000|0.290145
367|493|24|36|SER|PRO|1119|334|481|-O--|-O--|404|0001|555|0|3.280157|-1.528000|-2.898000|-0.162000|0.111364
367|494|24|25|SER|CYS|1115|334|347|-O--|-SG-|411|0001|555|0|3.603670|-1.125000|-0.991000|3.277000|0.020417
367|495|24|25|SER|CYS|1115|334|346|-O--|-CB-|405|0001|555|0|3.728645|-1.093000|0.804000|3.473000|0.220500
367|498|25|24|CYS|SER|1511|344|334|-C--|-O--|304|0001|555|0|3.800359|0.446000|-2.950000|-2.354000|0.411884
367|499|25|24|CYS|SER|1511|342|335|-N--|-CB-|105|0001|555|0|3.714288|1.553000|-2.154000|-2.597000|0.543291
367|500|25|43|CYS|CU1|1546|342|527|-N--|CU--|140|0011|555|0|3.774781|-0.221000|-2.687000|2.642000|0.410192
367|501|25|26|CYS|PRO|1519|342|352|-N--|-N--|101|0001|555|0|3.603300|-2.175000|2.872000|0.069000|0.141493
367|502|25|26|CYS|PRO|1519|343|358|-CA-|-CD-|206|0001|555|0|2.840583|-2.123000|1.734000|-0.745000|0.031268
367|505|25|26|CYS|PRO|1519|344|358|-C--|-CD-|306|0001|555|0|2.477859|-2.290000|0.222000|-0.920000|0.020580
367|506|25|26|CYS|PRO|1519|344|357|-C--|-CG-|306|0001|555|0|3.627768|-3.033000|1.469000|-1.343000|0.182609
367|507|25|26|CYS|PRO|1519|344|356|-C--|-CB-|305|0001|555|0|3.582052|-2.097000|2.634000|-1.223000|0.290145
367|508|25|26|CYS|PRO|1519|344|354|-C--|-C--|303|0001|555|0|3.167671|-1.374000|2.597000|1.184000|0.154493
367|510|26|25|PRO|CYS|1915|352|344|-N--|-C--|103|0001|555|0|1.305411|1.028000|-0.717000|0.365000|0.020597
367|511|25|26|CYS|PRO|1519|344|355|-C--|-O--|304|0001|555|0|3.089606|-1.468000|1.767000|2.066000|0.053623
367|512|25|26|CYS|PRO|1519|345|358|-O--|-CD-|406|0001|555|0|3.598912|-3.317000|-0.243000|-1.375000|0.101408
367|513|26|25|PRO|CYS|1915|354|345|-C--|-O--|304|0001|555|0|3.292668|2.401000|-2.132000|-0.729000|0.020500
367|516|25|26|CYS|PRO|1519|345|355|-O--|-O--|404|0001|555|0|3.242769|-2.495000|1.302000|1.611000|0.064865
367|517|25|45|CYS|CU1|1546|346|529|-CB-|CU--|540|0011|555|0|3.133510|-1.711000|-2.326000|1.217000|0.533333
367|518|25|29|CYS|CYS|1515|346|392|-CB-|-SG-|511|0001|555|0|3.831237|-3.055000|-0.747000|2.188000|1.082353
367|519|25|29|CYS|CYS|1515|346|391|-CB-|-CB-|505|0001|555|0|3.967675|-2.915000|1.032000|2.486000|0.561702
367|520|25|26|CYS|PRO|1519|346|358|-CB-|-CD-|506|0001|555|0|3.530495|-1.643000|2.368000|-2.039000|0.101408
367|521|25|43|CYS|CU1|1546|346|527|-CB-|CU--|540|0011|555|0|3.305853|1.573000|-2.696000|1.089000|0.430769
367|522|26|25|PRO|CYS|1915|352|346|-N--|-CB-|105|0001|555|0|3.247181|0.381000|-2.863000|1.484000|0.155224
367|523|37|25|CYS|CYS|1515|492|347|-N--|-SG-|111|0001|555|0|3.609007|1.129000|2.993000|1.671000|0.356571
367|524|36|25|PRO|CYS|1915|480|347|-C--|-SG-|311|0001|555|0|3.830872|1.330000|2.301000|2.759000|0.221538
367|525|25|45|CYS|CU1|1546|347|529|-SG-|CU--|1140|0011|555|0|2.257780|-1.679000|-0.531000|1.413000|0.960000
367|526|25|29|CYS|CYS|1515|347|392|-SG-|-SG-|1111|0001|555|0|3.990024|-3.023000|1.048000|2.384000|1.750588
367|527|37|25|CYS|CYS|1515|496|347|-CB-|-SG-|511|0001|555|0|3.675407|-0.081000|3.666000|-0.250000|0.685714
367|528|37|25|CYS|CYS|1515|493|347|-CA-|-SG-|211|0001|555|0|3.551423|-0.251000|3.324000|1.225000|0.285405
367|529|36|25|PRO|CYS|1915|481|347|-O--|-SG-|411|0001|555|0|3.952946|0.403000|1.907000|3.439000|0.087273
367|530|25|43|CYS|CU1|1546|347|527|-SG-|CU--|1140|0011|555|0|2.244783|1.605000|-0.901000|1.285000|0.812308
367|531|25|37|CYS|CYS|1515|347|497|-SG-|-SG-|1111|0001|555|0|3.759395|1.563000|-3.209000|1.180000|0.746667
367|532|26|27|PRO|THR|1913|352|366|-N--|-N--|101|0001|555|0|3.660324|-0.556000|3.144000|1.790000|0.512537
367|535|28|26|GLY|PRO|119|380|354|-N--|-C--|103|0001|555|0|3.062721|2.689000|-0.636001|-1.321000|0.150610
367|536|26|27|PRO|THR|1913|354|368|-C--|-C--|303|0001|555|0|3.220232|-2.083000|1.676001|1.795000|0.444878
367|538|27|26|THR|PRO|1319|366|354|-N--|-C--|103|0001|555|0|1.303793|0.210000|-1.264000|-0.241000|0.234024
367|539|26|27|PRO|THR|1913|354|370|-C--|-CB-|305|0001|555|0|3.582644|-0.013000|3.112000|1.775000|0.966219
367|540|26|29|PRO|CYS|1915|355|391|-O--|-CB-|405|0001|555|0|3.879886|-2.094000|-2.881000|1.539000|0.425106
367|541|29|26|CYS|PRO|1519|387|355|-N--|-O--|104|0001|555|0|3.683396|3.314000|0.843000|-1.369000|0.053623
367|542|28|26|GLY|PRO|119|380|355|-N--|-O--|104|0001|555|0|3.012624|2.595000|-1.466001|-0.439000|0.269595
367|543|27|26|THR|PRO|1319|368|355|-C--|-O--|304|0001|555|0|3.327120|1.989000|-2.506001|-0.913000|0.616216
367|546|27|26|THR|PRO|1319|366|356|-N--|-CB-|105|0001|555|0|2.963208|-0.513000|-1.227000|-2.648000|0.110989
367|547|27|26|THR|PRO|1319|366|357|-N--|-CG-|106|0001|555|0|3.934855|-1.449000|-2.392000|-2.768000|0.204405
367|548|27|28|THR|GLY|1301|366|380|-N--|-N--|101|0001|555|0|2.776009|-2.479000|-0.627999|1.080000|0.063789
367|551|27|28|THR|GLY|1301|368|382|-C--|-C--|303|0001|555|0|3.542602|-2.342000|-2.658000|0.010000|0.484500
367|552|29|27|CYS|THR|1513|387|368|-N--|-C--|103|0001|555|0|3.630340|1.325000|3.349000|-0.456000|0.743478
367|554|28|27|GLY|THR|113|380|368|-N--|-C--|103|0001|555|0|1.293643|0.606000|1.040000|0.474000|0.228000
367|555|28|27|GLY|THR|113|382|369|-C--|-O--|304|0001|555|0|3.994078|1.746000|3.548000|0.562000|0.881125
367|558|28|27|GLY|THR|113|380|370|-N--|-CB-|105|0001|555|0|3.673917|2.676000|2.476000|0.454000|0.643789
367|559|28|29|GLY|CYS|115|380|387|-N--|-N--|101|0001|555|0|2.591012|-0.719000|-2.309000|0.930000|0.357971
367|562|30|28|ASN|GLY|2301|397|382|-N--|-C--|103|0001|555|0|3.149272|0.717000|1.673000|-2.570000|0.042000
367|563|28|29|GLY|CYS|115|382|391|-C--|-CB-|305|0001|555|0|3.582048|2.237000|-2.729000|0.616000|0.561702
367|564|28|29|GLY|CYS|115|382|389|-C--|-C--|303|0001|555|0|3.221190|0.383000|-2.279000|2.244000|0.127536
367|566|29|28|CYS|GLY|1501|387|382|-N--|-C--|103|0001|555|0|1.307932|-1.017000|0.691000|-0.446000|0.127536
367|567|30|28|ASN|GLY|2301|397|383|-N--|-O--|104|0001|555|0|2.978492|-0.383000|1.175000|-2.710000|0.020488
367|568|29|28|CYS|GLY|1501|389|383|-C--|-O--|304|0001|555|0|3.324862|-1.483000|1.781000|-2.384000|0.154493
367|571|29|30|CYS|ASN|1523|387|397|-N--|-N--|101|0001|555|0|2.912465|-1.734000|-0.982000|2.124000|0.182609
367|574|29|44|CYS|CU1|1546|388|528|-CA-|CU--|240|0011|555|0|3.948746|1.171000|-3.466000|1.486000|0.080426
367|575|31|29|SER|CYS|1115|411|389|-N--|-C--|103|0001|555|0|3.387951|3.147000|1.066000|-0.662000|0.168406
367|576|29|30|CYS|ASN|1523|389|399|-C--|-C--|303|0001|555|0|3.318937|-2.745000|-0.539000|1.786000|0.357971
367|577|30|29|ASN|CYS|2315|397|389|-N--|-C--|103|0001|555|0|1.297502|1.100000|-0.606000|-0.326000|0.182609
367|578|29|30|CYS|ASN|1523|389|401|-C--|-CB-|305|0001|555|0|3.531735|-2.172000|1.899000|2.037000|1.149275
367|580|29|44|CYS|CU1|1546|389|528|-C--|CU--|340|0011|555|0|3.700963|1.639000|-3.318000|0.041000|0.322979
367|581|31|29|SER|CYS|1115|411|390|-N--|-O--|104|0001|555|0|3.797658|3.773000|0.407000|0.145000|0.100946
367|582|30|29|ASN|CYS|2315|399|390|-C--|-O--|304|0001|555|0|3.512333|3.371000|-0.120000|-0.979000|0.269595
367|584|29|30|CYS|ASN|1523|390|401|-O--|-CB-|405|0001|555|0|3.985607|-2.798000|2.558000|1.230000|0.983784
367|586|29|44|CYS|CU1|1546|390|528|-O--|CU--|440|0011|555|0|2.946728|1.013000|-2.659000|-0.766000|0.425106
367|587|30|29|ASN|CYS|2315|397|391|-N--|-CB-|105|0001|555|0|3.695858|2.954000|-1.056000|-1.954000|0.661277
367|588|29|45|CYS|CU1|1546|391|529|-CB-|CU--|540|0011|555|0|3.786310|1.204000|-3.358000|-1.269000|0.010213
367|589|29|44|CYS|CU1|1546|391|528|-CB-|CU--|540|0011|555|0|3.325238|-0.215000|-2.868000|1.669000|0.000000
367|590|35|29|CYS|CYS|1515|469|392|-CA-|-SG-|211|0001|555|0|3.761347|1.655000|2.512000|2.258000|0.339706
367|591|29|41|CYS|CU1|1546|392|525|-SG-|CU--|1140|0011|555|0|3.948498|0.773000|-3.502000|1.652000|0.021250
367|592|29|35|CYS|CYS|1515|392|473|-SG-|-SG-|1111|0001|555|0|3.535604|0.237000|-3.487000|-0.534000|0.098824
367|593|35|29|CYS|CYS|1515|472|392|-CB-|-SG-|511|0001|555|0|3.761070|1.510000|3.307000|0.964000|0.162353
367|594|29|45|CYS|CU1|1546|392|529|-SG-|CU--|1140|0011|555|0|2.289633|1.344000|-1.579000|-0.971000|0.197647
367|595|29|44|CYS|CU1|1546|392|528|-SG-|CU--|1140|0011|555|0|2.249586|-0.075000|-1.089000|1.967000|0.179706
367|596|30|31|ASN|SER|2311|397|411|-N--|-N--|101|0001|555|0|2.664337|-2.047000|-1.672000|0.336000|0.010120
367|599|30|31|ASN|SER|2311|399|416|-C--|-OG-|317|0001|555|0|3.606620|-2.962000|0.106000|-2.055000|1.555158
367|600|30|31|ASN|SER|2311|399|415|-C--|-CB-|305|0001|555|0|3.515602|-2.389000|-1.173000|-2.297000|0.285684
367|601|30|31|ASN|SER|2311|399|414|-C--|-O--|304|0001|555|0|3.602749|0.205000|-3.096000|-1.831000|0.505645
367|602|30|31|ASN|SER|2311|399|413|-C--|-C--|303|0001|555|0|3.357007|-0.894000|-2.948000|-1.334000|0.606035
367|604|31|30|SER|ASN|1123|411|399|-N--|-C--|103|0001|555|0|1.304879|0.402000|0.527000|1.124000|0.137349
367|605|30|31|ASN|SER|2311|400|416|-O--|-OG-|417|0001|555|0|3.999784|-2.469000|0.432000|-3.117000|1.153704
367|606|30|31|ASN|SER|2311|400|415|-O--|-CB-|405|0001|555|0|3.949064|-1.896000|-0.847000|-3.359000|0.109259
367|607|31|30|SER|ASN|1123|413|400|-C--|-O--|304|0001|555|0|3.574423|0.401000|2.622000|2.396000|0.931035
367|610|31|30|SER|ASN|1123|411|401|-N--|-CB-|105|0001|555|0|3.410641|0.975000|2.965000|1.375000|0.736145
367|611|31|32|SER|ASP|1121|411|422|-N--|-N--|101|0001|555|0|3.654714|-1.209000|-3.445000|0.165000|0.042025
367|614|33|31|ASP|SER|2111|434|413|-N--|-C--|103|0001|555|0|3.215392|1.330000|2.202000|1.929000|0.475690
367|615|31|32|SER|ASP|1121|413|424|-C--|-C--|303|0001|555|0|3.270766|-0.676000|-2.994000|-1.130000|0.606035
367|616|31|32|SER|ASP|1121|413|428|-C--|-OD1|310|0001|555|0|3.342047|0.849000|-1.946000|2.581000|6.277242
367|617|31|32|SER|ASP|1121|413|427|-C--|-CG-|306|0001|555|0|3.883776|0.023000|-2.841000|2.648000|2.017759
367|618|31|32|SER|ASP|1121|413|426|-C--|-CB-|305|0001|555|0|3.566780|-0.746000|-3.205000|1.376000|0.204138
367|620|32|31|ASP|SER|2111|422|413|-N--|-C--|103|0001|555|0|1.305102|0.717000|1.024000|-0.375000|0.286035
367|621|33|31|ASP|SER|2111|434|414|-N--|-O--|104|0001|555|0|3.488492|2.429000|2.054000|1.432000|0.387581
367|622|32|31|ASP|SER|2111|424|414|-C--|-O--|304|0001|555|0|3.413360|1.775000|2.846000|0.633000|0.505645
367|623|31|32|SER|ASP|1121|414|428|-O--|-OD1|410|0001|555|0|3.573428|-0.250000|-1.798000|3.078000|5.729033
367|626|32|31|ASP|SER|2111|422|415|-N--|-CB-|105|0001|555|0|3.198426|-0.778000|2.799000|-1.338000|0.582532
367|627|32|33|ASP|ASP|2121|422|434|-N--|-N--|101|0001|555|0|2.659299|-0.613000|-1.178000|-2.304000|0.112658
367|630|32|33|ASP|ASP|2121|424|436|-C--|-C--|303|0001|555|0|3.550615|-0.815001|1.295000|-3.204000|0.137349
367|631|32|33|ASP|ASP|2121|424|439|-C--|-CG-|306|0001|555|0|3.947958|-3.009001|-1.371000|-2.157000|4.560631
367|632|32|33|ASP|ASP|2121|424|438|-C--|-CB-|305|0001|555|0|3.297298|-2.651000|0.103000|-1.958000|1.781684
367|634|33|32|ASP|ASP|2121|434|424|-N--|-C--|103|0001|555|0|1.301300|0.654000|-0.792000|0.799000|0.064045
367|635|34|32|LYS|ASP|2921|446|424|-N--|-C--|103|0001|555|0|3.634140|-0.341000|-1.859000|3.104000|0.087356
367|636|32|33|ASP|ASP|2121|425|440|-O--|-OD1|410|0001|555|0|3.584046|-2.442000|-0.922000|-2.456000|3.965329
367|637|33|32|ASP|ASP|2121|436|425|-C--|-O--|304|0001|555|0|3.939467|1.041000|-2.450000|2.904000|1.263614
367|638|32|33|ASP|ASP|2121|425|439|-O--|-CG-|406|0001|555|0|3.736353|-3.235001|-0.216000|-1.857000|1.871644
367|639|32|33|ASP|ASP|2121|425|438|-O--|-CB-|405|0001|555|0|3.550867|-2.877000|1.258000|-1.658000|0.416053
367|642|33|32|ASP|ASP|2121|434|426|-N--|-CB-|105|0001|555|0|3.502869|0.584000|-1.003000|3.305000|0.180405
367|643|33|34|ASP|LYS|2129|434|446|-N--|-N--|101|0001|555|0|2.727918|0.995000|1.067000|-2.305000|0.020460
367|646|33|34|ASP|LYS|2129|436|451|-C--|-CG-|306|0001|555|0|3.913353|0.291000|3.476000|-1.774000|1.720482
367|647|35|33|CYS|ASP|1521|468|436|-N--|-C--|103|0001|555|0|3.784767|-3.717000|-0.517000|0.491000|0.246406
367|648|34|33|LYS|ASP|2921|446|436|-N--|-C--|103|0001|555|0|1.290129|-1.156000|-0.564000|-0.100000|0.041928
367|649|33|34|ASP|LYS|2129|436|450|-C--|-CB-|305|0001|555|0|3.079005|0.960000|2.876000|-0.536000|1.484337
367|650|33|34|ASP|LYS|2129|436|448|-C--|-C--|303|0001|555|0|3.620733|3.135000|1.634000|-0.782000|0.233494
367|652|33|34|ASP|LYS|2129|437|451|-O--|-CG-|406|0001|555|0|3.510978|1.054000|3.237000|-0.859000|0.525000
367|654|33|34|ASP|LYS|2129|437|450|-O--|-CB-|405|0001|555|0|3.172718|1.723000|2.637000|0.379000|0.400000
367|656|34|33|LYS|ASP|2921|446|438|-N--|-CB-|105|0001|555|0|3.653616|-2.992000|-1.756000|1.146000|2.116552
367|657|34|35|LYS|CYS|2915|446|468|-N--|-N--|101|0001|555|0|2.628728|2.561000|-0.047000|-0.591000|0.312656
367|660|35|34|CYS|LYS|1529|468|448|-N--|-C--|103|0001|555|0|1.292708|-0.582000|1.117000|-0.291000|0.605625
367|661|36|34|PRO|LYS|1929|478|448|-N--|-C--|103|0001|555|0|3.797405|-3.245000|1.145000|1.606000|0.532836
367|662|34|35|LYS|CYS|2915|448|470|-C--|-C--|303|0001|555|0|3.405965|2.729000|-1.919000|-0.686000|0.743390
367|664|34|35|LYS|CYS|2915|448|472|-C--|-CB-|305|0001|555|0|3.452381|2.199000|-1.984000|1.774000|1.241739
367|665|34|36|LYS|PRO|2919|448|484|-C--|-CD-|306|0001|555|0|3.622332|3.213000|0.319000|-1.642000|0.466286
367|667|36|34|PRO|LYS|1929|478|449|-N--|-O--|104|0001|555|0|3.726035|-2.634000|2.186000|1.472000|1.654925
367|668|35|34|CYS|LYS|1529|470|449|-C--|-O--|304|0001|555|0|3.681335|-2.118000|2.960000|0.552000|2.074577
367|670|34|35|LYS|CYS|2915|449|472|-O--|-CB-|405|0001|555|0|3.913162|1.588000|-3.025000|1.908000|3.067826
367|671|34|36|LYS|PRO|2919|449|484|-O--|-CD-|406|0001|555|0|3.092855|2.602000|-0.722000|-1.508000|1.522286
367|672|35|34|CYS|LYS|1529|468|450|-N--|-CB-|105|0001|555|0|3.628768|-2.757000|2.359000|-0.045000|2.400000
367|673|35|36|CYS|PRO|1519|468|478|-N--|-N--|101|0001|555|0|3.269704|2.663000|-0.028000|-1.897000|0.031406
367|674|35|36|CYS|PRO|1519|468|484|-N--|-CD-|106|0001|555|0|3.566615|2.631000|1.436000|-1.933000|0.065625
367|677|35|36|CYS|PRO|1519|469|484|-CA-|-CD-|206|0001|555|0|2.849601|1.159000|1.508000|-2.122000|0.190909
367|678|35|45|CYS|CU1|1546|469|529|-CA-|CU--|240|0011|555|0|3.394239|2.999000|0.933000|1.287000|0.080208
367|679|35|36|CYS|PRO|1519|470|482|-C--|-CB-|305|0001|555|0|3.583390|1.158000|1.331000|-3.119000|0.514576
367|680|37|35|CYS|CYS|1515|492|470|-N--|-C--|103|0001|555|0|3.049006|-2.874000|0.799000|0.631000|0.130508
367|681|35|36|CYS|PRO|1519|470|480|-C--|-C--|303|0001|555|0|3.179833|2.673000|-0.107000|-1.719000|0.251186
367|683|36|35|PRO|CYS|1915|478|470|-N--|-C--|103|0001|555|0|1.308332|-0.516000|-0.774000|0.920000|0.090848
367|684|35|36|CYS|PRO|1519|470|484|-C--|-CD-|306|0001|555|0|2.481297|0.484000|2.238000|-0.956000|0.130508
367|685|35|36|CYS|PRO|1519|470|483|-C--|-CG-|306|0001|555|0|3.631071|1.022000|2.596000|-2.324000|0.432542
367|686|35|45|CYS|CU1|1546|470|529|-C--|CU--|340|0011|555|0|3.766132|2.324000|1.663000|2.453000|0.135208
367|687|37|35|CYS|CYS|1515|492|471|-N--|-O--|104|0001|555|0|2.921059|-2.828000|-0.414000|0.603000|0.116667
367|688|36|35|PRO|CYS|1915|480|471|-C--|-O--|304|0001|555|0|3.314188|-2.627000|-1.106000|1.691000|0.234000
367|691|35|36|CYS|PRO|1519|471|484|-O--|-CD-|406|0001|555|0|3.600337|0.438000|3.451000|-0.928000|0.116667
367|692|36|35|PRO|CYS|1915|478|472|-N--|-CB-|105|0001|555|0|3.636267|-1.046000|-0.839000|3.380000|0.305870
367|693|35|41|CYS|CU1|1546|472|525|-CB-|CU--|540|0011|555|0|3.477581|2.283000|-0.195000|2.616000|0.201250
367|694|35|45|CYS|CU1|1546|472|529|-CB-|CU--|540|0011|555|0|3.336368|2.854000|1.728000|-0.007000|0.020870
367|695|35|44|CYS|CU1|1546|472|528|-CB-|CU--|540|0011|555|0|3.945822|1.435000|2.218000|2.931000|0.010217
367|696|37|35|CYS|CYS|1515|492|473|-N--|-SG-|111|0001|555|0|3.930650|-1.657000|0.554000|3.521000|0.466667
367|697|35|41|CYS|CU1|1546|473|525|-SG-|CU--|1140|0011|555|0|2.250803|0.536000|-0.015000|2.186000|0.131250
367|698|35|45|CYS|CU1|1546|473|529|-SG-|CU--|1140|0011|555|0|2.248751|1.107000|1.908000|-0.437000|0.068571
367|699|35|44|CYS|CU1|1546|473|528|-SG-|CU--|1140|0011|555|0|3.478901|-0.312000|2.398000|2.501000|0.055952
367|700|37|35|CYS|CYS|1515|496|473|-CB-|-SG-|511|0001|555|0|3.505027|-2.867000|1.227000|1.600000|0.186667
367|701|35|46|CYS|CU1|1546|473|530|-SG-|CU--|1140|0011|555|0|3.957582|3.727000|0.055000|1.330000|0.000000
367|702|36|37|PRO|CYS|1915|478|492|-N--|-N--|101|0001|555|0|2.849213|2.358000|-1.573000|0.289000|0.031343
367|703|36|45|PRO|CU1|1946|478|529|-N--|CU--|140|0011|555|0|3.928908|1.808000|0.889000|3.373000|0.265208
367|706|37|36|CYS|PRO|1519|492|480|-N--|-C--|103|0001|555|0|1.304994|-0.201000|0.692000|-1.088000|0.089143
367|707|36|37|PRO|CYS|1915|480|495|-C--|-O--|304|0001|555|0|3.075879|1.606000|-2.610000|-0.264000|1.442051
367|708|36|37|PRO|CYS|1915|480|496|-C--|-CB-|305|0001|555|0|3.592802|1.411000|-1.365000|3.009000|0.306429
367|709|36|37|PRO|CYS|1915|480|494|-C--|-C--|303|0001|555|0|3.170445|2.118000|-2.230000|0.770000|0.251282
367|712|36|37|PRO|CYS|1915|481|495|-O--|-O--|404|0001|555|0|3.107751|0.679000|-3.004000|0.416000|1.105455
367|713|37|36|CYS|PRO|1519|494|481|-C--|-O--|304|0001|555|0|3.225889|-1.191000|2.624000|-1.450000|0.111364
367|715|37|36|CYS|PRO|1519|492|482|-N--|-CB-|105|0001|555|0|3.697526|-1.716000|2.130000|-2.488000|0.289143
367|716|37|36|CYS|PRO|1519|492|484|-N--|-CD-|106|0001|555|0|3.878285|-2.390000|3.037000|-0.325000|0.000000
367|717|36|45|PRO|CU1|1946|484|529|-CD-|CU--|640|0011|555|0|3.916313|1.840000|-0.575000|3.409000|0.320833
367|718|37|45|CYS|CU1|1546|492|529|-N--|CU--|140|0011|555|0|3.984344|-0.550000|2.462000|3.084000|0.320833
367|719|37|38|CYS|GLY|1501|492|502|-N--|-N--|101|0001|555|0|3.647891|2.947000|-2.141000|0.196000|0.982143
367|722|37|43|CYS|CU1|1546|493|527|-CA-|CU--|240|0011|555|0|3.742238|1.354000|2.423000|2.510000|0.313077
367|723|39|37|ASN|CYS|2315|509|494|-N--|-C--|103|0001|555|0|3.015111|0.356000|2.912000|-0.696000|1.349388
367|724|37|38|CYS|GLY|1501|494|505|-C--|-O--|304|0001|555|0|3.969110|0.619000|-3.770000|-1.076000|0.283980
367|725|37|38|CYS|GLY|1501|494|504|-C--|-C--|303|0001|555|0|2.977635|0.578000|-2.913000|-0.216000|0.391837
367|727|38|37|GLY|CYS|115|502|494|-N--|-C--|103|0001|555|0|1.299502|-1.030000|0.603000|-0.514000|0.344388
367|728|39|37|ASN|CYS|2315|509|495|-N--|-O--|104|0001|555|0|3.070547|-0.156000|2.532000|-1.730000|0.251842
367|729|37|38|CYS|GLY|1501|495|505|-O--|-O--|404|0001|555|0|3.573937|1.131000|-3.390000|-0.042000|0.389421
367|730|38|37|GLY|CYS|115|504|495|-C--|-O--|304|0001|555|0|2.876337|-1.090000|2.533000|-0.818000|0.285000
367|733|37|45|CYS|CU1|1546|496|529|-CB-|CU--|540|0011|555|0|3.778676|-1.760000|3.135000|1.163000|0.093333
367|734|38|37|GLY|CYS|115|502|496|-N--|-CB-|105|0001|555|0|2.854438|-1.737000|1.468000|1.725000|1.540179
367|735|37|46|CYS|CU1|1546|496|530|-CB-|CU--|540|0011|555|0|3.311801|0.860000|1.282000|2.930000|0.186667
367|736|37|43|CYS|CU1|1546|496|527|-CB-|CU--|540|0011|555|0|3.322503|1.524000|2.765000|1.035000|0.043077
367|737|38|37|GLY|CYS|115|502|497|-N--|-SG-|111|0001|555|0|3.289328|-0.255000|1.925000|2.655000|1.643518
367|738|37|46|CYS|CU1|1546|497|530|-SG-|CU--|1140|0011|555|0|2.251113|-0.622000|0.825000|2.000000|0.154286
367|739|37|43|CYS|CU1|1546|497|527|-SG-|CU--|1140|0011|555|0|2.310769|0.042000|2.308000|0.105000|0.020769
367|740|37|42|CYS|CU1|1546|497|526|-SG-|CU--|1140|0011|555|0|3.244619|1.688000|-0.128000|2.768000|0.293143
367|741|38|39|GLY|ASN|123|502|509|-N--|-N--|101|0001|555|0|2.699185|-1.386000|-2.309000|0.182000|0.682080
367|744|38|39|GLY|ASN|123|504|511|-C--|-C--|303|0001|555|0|3.656287|-3.270000|-0.540000|1.544000|2.931250
367|745|38|39|GLY|ASN|123|504|513|-C--|-CB-|305|0001|555|0|3.136567|-1.390000|-2.196000|1.756000|4.485000
367|747|39|38|ASN|GLY|2301|509|504|-N--|-C--|103|0001|555|0|1.305412|0.934000|-0.001000|-0.912000|0.625313
367|748|38|39|GLY|ASN|123|505|516|-O--|-ND2|409|0001|555|0|3.844883|-1.880000|-3.181000|1.063000|12.235537
367|749|38|39|GLY|ASN|123|505|513|-O--|-CB-|405|0001|555|0|3.268660|-1.431000|-1.339000|2.616000|4.924958
367|752|40|46|CU1|CU1|4646|524|530|CU--|CU--|4040|0011|555|0|2.546133|-1.126000|-2.129000|-0.826000|0.000000
367|753|40|43|CU1|CU1|4646|524|527|CU--|CU--|4040|0011|555|0|2.834537|-0.462000|-0.646000|-2.721000|0.123810
367|754|40|42|CU1|CU1|4646|524|526|CU--|CU--|4040|0011|555|0|3.302112|1.184000|-3.082000|-0.058000|0.084000
367|755|41|45|CU1|CU1|4646|525|529|CU--|CU--|4040|0011|555|0|3.302135|0.571000|1.923000|-2.623000|0.240000
367|756|41|44|CU1|CU1|4646|525|528|CU--|CU--|4040|0011|555|0|2.576994|-0.848000|2.413000|0.315000|0.220313
367|757|41|46|CU1|CU1|4646|525|530|CU--|CU--|4040|0011|555|0|3.304560|3.191000|0.070000|-0.856000|0.131250
367|758|42|46|CU1|CU1|4646|526|530|CU--|CU--|4040|0011|555|0|2.614218|-2.310000|0.953000|-0.768000|0.084000
367|759|42|43|CU1|CU1|4646|526|527|CU--|CU--|4040|0011|555|0|3.966734|-1.646000|2.436000|-2.663000|0.252571
367|760|43|45|CU1|CU1|4646|527|529|CU--|CU--|4040|0011|555|0|3.307256|-3.284000|0.370000|0.128000|0.043333
367|761|43|46|CU1|CU1|4646|527|530|CU--|CU--|4040|0011|555|0|2.496239|-0.664000|-1.483000|1.895000|0.123810
367|762|44|45|CU1|CU1|4646|528|529|CU--|CU--|4040|0011|555|0|3.299319|1.419000|-0.490000|-2.938000|0.010213
367|763|45|46|CU1|CU1|4646|529|530|CU--|CU--|4040|0011|555|0|3.663373|2.620000|-1.853000|1.767000|0.068571
