367|0|-1|107|6|40|CYS|CU1|1546|87|524|-N--|CU--|140|7|29|4|0011|3.959002|-0.756251|-0.494317|-0.428643|0.275952|0.001749|0.007327
367|1|-1|139|6|46|CYS|CU1|1546|92|530|-SG-|CU--|1140|16|29|3|0011|3.305040|-0.603018|-0.216034|-0.767918|0.032308|0.020131|0.099170
367|2|-1|142|6|40|CYS|CU1|1546|92|524|-SG-|CU--|1140|16|29|3|0011|2.384294|-0.363630|0.593467|-0.718032|0.032308|0.242438|1.194328
367|3|-1|145|6|42|CYS|CU1|1546|92|526|-SG-|CU--|1140|16|29|3|0011|2.451995|0.129283|-0.679855|-0.721861|0.044571|0.201899|0.994624
367|4|-1|193|8|41|CYS|CU1|1546|119|525|-SG-|CU--|1140|16|29|3|0011|3.679660|-0.642179|-0.714468|-0.277743|0.131250|0.007314|0.036030
367|5|-1|194|8|44|CYS|CU1|1546|119|528|-SG-|CU--|1140|16|29|3|0011|3.295000|-0.974507|-0.065554|-0.214568|0.055952|0.020684|0.101898
367|6|-1|195|8|46|CYS|CU1|1546|119|530|-SG-|CU--|1140|16|29|3|0011|3.280389|0.252409|-0.780091|-0.572493|0.000000|0.021518|0.106002
367|7|-1|197|8|40|CYS|CU1|1546|119|524|-SG-|CU--|1140|16|29|3|0011|2.260469|0.864422|-0.190226|-0.465390|0.000000|0.338799|1.669036
367|8|-1|239|10|41|CYS|CU1|1546|146|525|-SG-|CU--|1140|16|29|3|0011|2.459768|0.731776|-0.223192|-0.643963|0.115313|0.197702|0.973946
367|9|-1|240|10|44|CYS|CU1|1546|146|528|-SG-|CU--|1140|16|29|3|0011|2.447685|0.388939|0.761536|-0.518449|0.068780|0.204265|1.006276
367|10|-1|299|13|41|CYS|CU1|1546|174|525|-SG-|CU--|1140|16|29|3|0011|2.248206|-0.844229|0.464815|-0.266879|0.045714|0.350216|1.725281
367|11|-1|301|13|46|CYS|CU1|1546|174|530|-SG-|CU--|1140|16|29|3|0011|2.243883|0.576233|0.496907|-0.648875|0.210000|0.354332|1.745558
367|12|-1|303|13|42|CYS|CU1|1546|174|526|-SG-|CU--|1140|16|29|3|0011|3.671675|0.981296|0.044122|-0.187380|0.087500|0.007473|0.036816
367|13|-1|393|19|42|CYS|CU1|1546|264|526|-O--|CU--|440|8|29|2|0011|2.914313|-0.955628|-0.210684|0.205880|0.214286|0.035484|0.077281
367|14|-1|405|19|42|CYS|CU1|1546|266|526|-SG-|CU--|1140|16|29|3|0011|2.253649|-0.323475|0.920285|0.220088|0.178286|0.345102|1.700085
367|15|-1|407|20|42|GLN|CU1|2746|271|526|-N--|CU--|140|7|29|4|0011|3.856688|-0.950816|0.120829|-0.285219|0.196000|0.002306|0.009661
367|16|-1|423|20|42|GLN|CU1|2746|279|526|-NE2|CU--|940|7|29|4|0011|3.687768|-0.055860|0.111450|-0.992199|13.553142|0.003641|0.015250
367|17|-1|465|23|43|CYS|CU1|1546|324|527|-O--|CU--|440|8|29|2|0011|3.907025|-0.745324|-0.520857|0.416173|0.759231|0.002426|0.005283
367|18|-1|476|23|43|CYS|CU1|1546|326|527|-SG-|CU--|1140|16|29|3|0011|2.453981|-0.658114|-0.682157|-0.318666|0.066923|0.200818|0.989297
367|19|-1|480|23|40|CYS|CU1|1546|326|524|-SG-|CU--|1140|16|29|3|0011|2.479095|-0.465089|-0.414667|0.782140|0.220952|0.187640|0.924376
367|20|-1|482|24|43|SER|CU1|1146|331|527|-N--|CU--|140|7|29|4|0011|3.608317|-0.593074|-0.115843|0.796770|0.562308|0.004513|0.018903
367|21|-1|500|25|43|CYS|CU1|1546|342|527|-N--|CU--|140|7|29|4|0011|3.774781|-0.058546|-0.711829|0.699908|0.410192|0.002878|0.012054
367|22|-1|525|25|45|CYS|CU1|1546|347|529|-SG-|CU--|1140|16|29|3|0011|2.257780|-0.743651|-0.235187|0.625836|0.960000|0.341270|1.681209
367|23|-1|530|25|43|CYS|CU1|1546|347|527|-SG-|CU--|1140|16|29|3|0011|2.244783|0.714991|-0.401375|0.572438|0.812308|0.353471|1.741314
367|24|-1|586|29|44|CYS|CU1|1546|390|528|-O--|CU--|440|8|29|2|0011|2.946728|0.343771|-0.902357|-0.259949|0.425106|0.032507|0.070799
367|25|-1|591|29|41|CYS|CU1|1546|392|525|-SG-|CU--|1140|16|29|3|0011|3.948498|0.195771|-0.886919|0.418387|0.021250|0.003537|0.017422
367|26|-1|594|29|45|CYS|CU1|1546|392|529|-SG-|CU--|1140|16|29|3|0011|2.289633|0.586994|-0.689630|-0.424086|0.197647|0.313120|1.542533
367|27|-1|595|29|44|CYS|CU1|1546|392|528|-SG-|CU--|1140|16|29|3|0011|2.249586|-0.033340|-0.484089|0.874383|0.179706|0.348913|1.718859
367|28|-1|697|35|41|CYS|CU1|1546|473|525|-SG-|CU--|1140|16|29|3|0011|2.250803|0.238137|-0.006664|0.971209|0.131250|0.347766|1.713211
367|29|-1|698|35|45|CYS|CU1|1546|473|529|-SG-|CU--|1140|16|29|3|0011|2.248751|0.492273|0.848471|-0.194330|0.068571|0.349700|1.722740
367|30|-1|699|35|44|CYS|CU1|1546|473|528|-SG-|CU--|1140|16|29|3|0011|3.478901|-0.089684|0.689298|0.718905|0.055952|0.012583|0.061988
367|31|-1|701|35|46|CYS|CU1|1546|473|530|-SG-|CU--|1140|16|29|3|0011|3.957582|0.941737|0.013897|0.336064|0.000000|0.003451|0.017000
367|32|-1|703|36|45|PRO|CU1|1946|478|529|-N--|CU--|140|7|29|4|0011|3.928908|0.460179|0.226272|0.858508|0.265208|0.001897|0.007948
367|33|-1|718|37|45|CYS|CU1|1546|492|529|-N--|CU--|140|7|29|4|0011|3.984344|-0.138040|0.617918|0.774030|0.320833|0.001633|0.006842
367|34|-1|738|37|46|CYS|CU1|1546|497|530|-SG-|CU--|1140|16|29|3|0011|2.251113|-0.276308|0.366485|0.888450|0.154286|0.347475|1.711779
367|35|-1|739|37|43|CYS|CU1|1546|497|527|-SG-|CU--|1140|16|29|3|0011|2.310769|0.018176|0.998802|0.045439|0.020769|0.295734|1.456885
367|36|-1|740|37|42|CYS|CU1|1546|497|526|-SG-|CU--|1140|16|29|3|0011|3.244619|0.520246|-0.039450|0.853105|0.293143|0.023702|0.116762
367|37|-1|752|46|40|CU1|CU1|4646|530|524|CU--|CU--|4040|29|29|1|0011|2.546133|0.442239|0.836170|0.324414|0.000000|-0.001000|-0.001000
367|38|-1|752|40|46|CU1|CU1|4646|524|530|CU--|CU--|4040|29|29|1|0011|2.546133|-0.442239|-0.836170|-0.324414|0.000000|-0.001000|-0.001000
367|39|-1|753|43|40|CU1|CU1|4646|527|524|CU--|CU--|4040|29|29|1|0011|2.834537|0.162990|0.227903|0.959945|0.123810|-0.001000|-0.001000
367|40|-1|753|40|43|CU1|CU1|4646|524|527|CU--|CU--|4040|29|29|1|0011|2.834537|-0.162990|-0.227903|-0.959945|0.123810|-0.001000|-0.001000
367|41|-1|754|42|40|CU1|CU1|4646|526|524|CU--|CU--|4040|29|29|1|0011|3.302112|-0.358558|0.933342|0.017565|0.084000|-0.001000|-0.001000
367|42|-1|754|40|42|CU1|CU1|4646|524|526|CU--|CU--|4040|29|29|1|0011|3.302112|0.358558|-0.933342|-0.017565|0.084000|-0.001000|-0.001000
367|43|-1|755|45|41|CU1|CU1|4646|529|525|CU--|CU--|4040|29|29|1|0011|3.302135|-0.172918|-0.582350|0.794335|0.240000|-0.001000|-0.001000
367|44|-1|755|41|45|CU1|CU1|4646|525|529|CU--|CU--|4040|29|29|1|0011|3.302135|0.172918|0.582350|-0.794335|0.240000|-0.001000|-0.001000
367|45|-1|756|44|41|CU1|CU1|4646|528|525|CU--|CU--|4040|29|29|1|0011|2.576994|0.329066|-0.936362|-0.122235|0.220313|-0.001000|-0.001000
367|46|-1|756|41|44|CU1|CU1|4646|525|528|CU--|CU--|4040|29|29|1|0011|2.576994|-0.329066|0.936362|0.122235|0.220313|-0.001000|-0.001000
367|47|-1|757|46|41|CU1|CU1|4646|530|525|CU--|CU--|4040|29|29|1|0011|3.304560|-0.965635|-0.021183|0.259036|0.131250|-0.001000|-0.001000
367|48|-1|757|41|46|CU1|CU1|4646|525|530|CU--|CU--|4040|29|29|1|0011|3.304560|0.965635|0.021183|-0.259036|0.131250|-0.001000|-0.001000
367|49|-1|758|46|42|CU1|CU1|4646|530|526|CU--|CU--|4040|29|29|1|0011|2.614218|0.883630|-0.364545|0.293778|0.084000|-0.001000|-0.001000
367|50|-1|758|42|46|CU1|CU1|4646|526|530|CU--|CU--|4040|29|29|1|0011|2.614218|-0.883630|0.364545|-0.293778|0.084000|-0.001000|-0.001000
367|51|-1|759|43|42|CU1|CU1|4646|527|526|CU--|CU--|4040|29|29|1|0011|3.966734|0.414951|-0.614107|0.671333|0.252571|-0.001000|-0.001000
367|52|-1|759|42|43|CU1|CU1|4646|526|527|CU--|CU--|4040|29|29|1|0011|3.966734|-0.414951|0.614107|-0.671333|0.252571|-0.001000|-0.001000
367|53|-1|760|45|43|CU1|CU1|4646|529|527|CU--|CU--|4040|29|29|1|0011|3.307256|0.992968|-0.111875|-0.038703|0.043333|-0.001000|-0.001000
367|54|-1|760|43|45|CU1|CU1|4646|527|529|CU--|CU--|4040|29|29|1|0011|3.307256|-0.992968|0.111875|0.038703|0.043333|-0.001000|-0.001000
367|55|-1|761|46|43|CU1|CU1|4646|530|527|CU--|CU--|4040|29|29|1|0011|2.496239|0.266000|0.594094|-0.759142|0.123810|-0.001000|-0.001000
367|56|-1|761|43|46|CU1|CU1|4646|527|530|CU--|CU--|4040|29|29|1|0011|2.496239|-0.266000|-0.594094|0.759142|0.123810|-0.001000|-0.001000
367|57|-1|762|45|44|CU1|CU1|4646|529|528|CU--|CU--|4040|29|29|1|0011|3.299319|-0.430089|0.148515|0.890487|0.010213|-0.001000|-0.001000
367|58|-1|762|44|45|CU1|CU1|4646|528|529|CU--|CU--|4040|29|29|1|0011|3.299319|0.430089|-0.148515|-0.890487|0.010213|-0.001000|-0.001000
367|59|-1|763|46|45|CU1|CU1|4646|530|529|CU--|CU--|4040|29|29|1|0011|3.663373|-0.715188|0.505818|-0.482342|0.068571|-0.001000|-0.001000
367|60|-1|763|45|46|CU1|CU1|4646|529|530|CU--|CU--|4040|29|29|1|0011|3.663373|0.715188|-0.505818|0.482342|0.068571|-0.001000|-0.001000
