367|0|1|0|ASN|GLN|2327|19|2|-N--|-C--|103|0001|555|0|1.304799|-1.003000|-0.833000|0.051000|0.863880
367|1|2|0|GLU|GLN|2527|33|2|-N--|-C--|103|0001|555|0|3.343556|-0.808000|-2.495000|-2.074000|6.947578
367|2|1|2|ASN|GLU|2325|21|33|-C--|-N--|301|0001|555|0|1.305039|-1.163000|0.581000|0.114000|0.900703
367|3|3|2|GLY|GLU|125|48|35|-N--|-C--|103|0001|555|0|1.305203|0.135000|-0.361000|-1.247000|0.469888
367|4|3|4|GLY|HIS|133|50|55|-C--|-N--|301|0001|555|0|1.305013|-0.531000|-0.147000|1.183000|0.111765
367|5|3|22|GLY|SER|111|49|311|-CA-|-CA-|202|0001|555|0|3.854118|-0.275000|-3.676000|1.125000|0.136364
367|6|5|4|GLU|HIS|2533|72|57|-N--|-C--|103|0001|555|0|1.298628|1.199000|0.287000|-0.408000|0.138228
367|7|25|4|CYS|HIS|1533|345|63|-O--|-CE1|412|0001|555|0|2.812171|2.347000|-0.956000|1.219000|0.064500
367|8|23|4|CYS|HIS|1533|324|64|-O--|-NE2|413|0001|555|0|2.371750|0.219000|2.361000|-0.054000|0.228404
367|9|6|5|CYS|GLU|1525|87|74|-N--|-C--|103|0001|555|0|1.304813|-0.002000|1.304000|0.046000|0.065902
367|10|5|7|GLU|GLN|2527|75|97|-O--|-N--|401|0001|555|0|2.962794|-1.211000|-1.867000|1.956000|0.065806
367|11|6|40|CYS|CU1|1546|91|524|-CB-|CU--|540|0011|555|0|2.256978|-1.972000|0.122000|-1.091000|0.055952
367|12|6|7|CYS|GLN|1527|89|97|-C--|-N--|301|0001|555|0|1.293564|-0.629000|0.979000|0.565000|0.091852
367|13|6|20|CYS|GLN|1527|90|278|-O--|-OE1|408|0001|555|0|2.393999|1.015000|-2.014000|0.803000|11.213727
367|14|6|8|CYS|CYS|1515|89|114|-C--|-N--|301|0001|555|0|2.804707|-2.685000|-0.479000|0.654000|0.055102
367|15|6|23|CYS|CYS|1515|91|325|-CB-|-CB-|505|0001|555|0|3.227077|-0.072000|-0.489000|-3.189000|0.080426
367|16|6|42|CYS|CU1|1546|92|526|-SG-|CU--|1140|0011|555|0|2.451995|0.317000|-1.667000|-1.770000|0.044571
367|17|6|19|CYS|CYS|1515|91|264|-CB-|-O--|504|0001|555|0|3.542700|1.997000|-2.346000|-1.749000|0.031915
367|18|6|46|CYS|CU1|1546|92|530|-SG-|CU--|1140|0011|555|0|3.305040|-1.993000|-0.714000|-2.538000|0.032308
367|19|6|13|CYS|CYS|1515|92|174|-SG-|-SG-|1111|0001|555|0|3.913280|-3.286000|-1.829000|-1.082000|0.153214
367|20|8|7|CYS|GLN|1527|114|99|-N--|-C--|103|0001|555|0|1.322051|0.240000|0.573000|1.167000|0.120408
367|21|7|9|GLN|GLN|2727|100|129|-O--|-CG-|406|0001|555|0|3.214059|-2.205000|-1.408000|1.867000|1.270154
367|22|8|9|CYS|GLN|1527|116|124|-C--|-N--|301|0001|555|0|1.291203|-1.210000|0.049000|0.448000|0.032045
367|23|8|10|CYS|CYS|1515|116|141|-C--|-N--|301|0001|555|0|3.340049|-2.835000|-1.688000|-0.519000|0.069474
367|24|8|13|CYS|CYS|1515|118|174|-CB-|-SG-|511|0001|555|0|2.951736|-0.092000|-2.419000|-1.689000|0.087500
367|25|8|41|CYS|CU1|1546|118|525|-CB-|CU--|540|0011|555|0|3.329789|-1.990000|-1.374000|-2.289000|0.032813
367|26|8|44|CYS|CU1|1546|119|528|-SG-|CU--|1140|0011|555|0|3.295000|-3.211000|-0.216000|-0.707000|0.055952
367|27|8|46|CYS|CU1|1546|119|530|-SG-|CU--|1140|0011|555|0|3.280389|0.828000|-2.559000|-1.878000|0.000000
367|28|8|40|CYS|CU1|1546|119|524|-SG-|CU--|1140|0011|555|0|2.260469|1.954000|-0.430000|-1.052000|0.000000
367|29|10|9|CYS|GLN|1527|141|126|-N--|-C--|103|0001|555|0|1.311040|0.047000|-0.056000|1.309000|0.082895
367|30|9|14|GLN|LYS|2729|127|184|-O--|-CG-|406|0001|555|0|3.601404|2.728000|-1.835000|1.470000|4.561633
367|31|11|10|GLY|CYS|115|151|143|-N--|-C--|103|0001|555|0|1.302509|0.503000|0.839000|0.860000|0.010250
367|32|10|13|CYS|CYS|1515|145|173|-CB-|-CB-|505|0001|555|0|3.740717|3.691000|-0.539000|0.281000|0.140000
367|33|10|32|CYS|ASP|1521|142|428|-CA-|-OD1|210|0001|555|0|3.316650|-2.842000|1.706000|-0.113000|10.749475
367|34|12|10|SER|CYS|1115|158|143|-N--|-C--|103|0001|555|0|3.490573|-1.141000|2.309000|2.356000|0.010250
367|35|10|14|CYS|LYS|1529|144|183|-O--|-CB-|405|0001|555|0|3.187448|2.499000|-1.024000|1.693000|0.055435
367|36|10|41|CYS|CU1|1546|146|525|-SG-|CU--|1140|0011|555|0|2.459768|1.800000|-0.549000|-1.584000|0.115313
367|37|31|10|SER|CYS|1115|414|146|-O--|-SG-|411|0001|555|0|3.826586|3.227000|-1.547000|1.355000|0.317561
367|38|10|44|CYS|CU1|1546|146|528|-SG-|CU--|1140|0011|555|0|2.447685|0.952000|1.864000|-1.269000|0.068780
367|39|11|12|GLY|SER|111|153|158|-C--|-N--|301|0001|555|0|1.305586|0.451000|0.623000|-1.055000|0.056098
367|40|11|13|GLY|CYS|115|153|169|-C--|-N--|301|0001|555|0|3.367332|2.746000|1.845000|-0.628000|0.245333
367|41|11|15|GLY|ASN|123|154|205|-O--|-CB-|405|0001|555|0|3.661237|2.960000|-1.830999|1.136000|0.147170
367|42|12|13|SER|CYS|1115|160|169|-C--|-N--|301|0001|555|0|1.300204|-0.128000|0.985000|0.839000|0.058333
367|43|12|14|SER|LYS|1129|160|179|-C--|-N--|301|0001|555|0|3.616152|0.517000|1.071000|3.415000|0.000000
367|44|12|16|SER|ASN|1123|161|219|-O--|-CB-|405|0001|555|0|3.447515|2.682000|-2.166000|-0.026000|0.290278
367|45|12|39|SER|ASN|1123|162|517|-CB-|-OXT|508|0001|555|0|2.914022|0.854000|0.453000|-2.749000|19.643333
367|46|13|14|CYS|LYS|1529|171|179|-C--|-N--|301|0001|555|0|1.282437|-0.957000|-0.326000|0.789000|0.032813
367|47|13|15|CYS|ASN|1523|171|201|-C--|-N--|301|0001|555|0|3.166828|-0.354000|-2.923000|1.166000|0.281250
367|48|13|20|CYS|GLN|1527|172|279|-O--|-NE2|409|0001|555|0|3.009133|1.904000|2.292000|-0.420000|13.111109
367|49|13|16|CYS|ASN|1523|172|218|-O--|-O--|404|0001|555|0|3.548987|2.151000|-1.478000|-2.405000|0.083611
367|50|13|17|CYS|GLU|1525|172|234|-O--|-CG-|406|0001|555|0|3.979107|3.429000|-0.787000|1.859000|4.750000
367|51|13|41|CYS|CU1|1546|174|525|-SG-|CU--|1140|0011|555|0|2.248206|-1.898000|1.045000|-0.600000|0.045714
367|52|13|46|CYS|CU1|1546|174|530|-SG-|CU--|1140|0011|555|0|2.243883|1.293000|1.115000|-1.456000|0.210000
367|53|13|35|CYS|CYS|1515|174|473|-SG-|-SG-|1111|0001|555|0|3.848344|-2.434000|1.060000|-2.786000|0.210000
367|54|13|37|CYS|CYS|1515|174|497|-SG-|-SG-|1111|0001|555|0|3.961725|1.915000|0.290000|-3.456000|0.501429
367|55|13|42|CYS|CU1|1546|174|526|-SG-|CU--|1140|0011|555|0|3.671675|3.603000|0.162000|-0.688000|0.087500
367|56|15|14|ASN|LYS|2329|201|181|-N--|-C--|103|0001|555|0|1.305236|0.252000|0.757000|1.033000|0.055556
367|57|16|14|ASN|LYS|2329|215|181|-N--|-C--|103|0001|555|0|3.836181|-1.601000|1.648000|3.072000|0.032000
367|58|15|16|ASN|ASN|2323|203|215|-C--|-N--|301|0001|555|0|1.304672|-0.005000|0.512000|-1.200000|0.043333
367|59|15|17|ASN|GLU|2325|204|229|-O--|-N--|401|0001|555|0|3.230700|1.910000|2.269000|-1.281000|0.362553
367|60|16|17|ASN|GLU|2325|217|229|-C--|-N--|301|0001|555|0|1.303772|0.899000|-0.022000|0.944000|0.043721
367|61|16|18|ASN|GLN|2327|217|244|-C--|-N--|301|0001|555|0|3.073465|2.977000|0.411000|-0.644000|0.138140
367|62|19|16|CYS|ASN|1523|266|218|-SG-|-O--|1104|0001|555|0|3.037190|-0.276000|-2.107000|2.170000|0.055814
367|63|17|18|GLU|GLN|2527|231|244|-C--|-N--|301|0001|555|0|1.304458|0.067000|-0.864000|-0.975000|0.010185
367|64|17|20|GLU|GLN|2527|232|276|-O--|-CG-|406|0001|555|0|3.090482|-1.812000|2.324000|0.931000|0.956129
367|65|19|17|CYS|GLU|1525|261|231|-N--|-C--|103|0001|555|0|2.954865|-0.024000|-1.068000|2.755000|0.043137
367|66|19|18|CYS|GLN|1527|261|246|-N--|-C--|103|0001|555|0|1.297977|1.070000|-0.726000|-0.113000|0.079608
367|67|18|20|GLN|GLN|2727|246|271|-C--|-N--|301|0001|555|0|3.518677|-1.001000|3.106000|1.316000|0.106531
367|68|19|20|CYS|GLN|1527|263|271|-C--|-N--|301|0001|555|0|1.306722|0.411000|-0.059000|1.239000|0.010208
367|69|19|42|CYS|CU1|1546|266|526|-SG-|CU--|1140|0011|555|0|2.253649|-0.729000|2.074000|0.496000|0.178286
367|70|22|19|SER|CYS|1115|310|264|-N--|-O--|104|0001|555|0|3.301635|-2.622000|-1.512000|1.319000|0.415800
367|71|19|21|CYS|LYS|1529|263|288|-C--|-N--|301|0001|555|0|2.969446|2.181000|1.861000|0.773000|0.247500
367|72|19|23|CYS|CYS|1515|264|321|-O--|-N--|401|0001|555|0|3.078680|0.067000|1.893000|-2.427000|0.298200
367|73|19|37|CYS|CYS|1515|266|497|-SG-|-SG-|1111|0001|555|0|3.981542|-2.417000|2.202000|-2.272000|0.067500
367|74|20|42|GLN|CU1|2746|279|526|-NE2|CU--|940|0011|555|0|3.687768|-0.206000|0.411000|-3.659000|13.553142
367|75|20|21|GLN|LYS|2729|273|288|-C--|-N--|301|0001|555|0|1.298971|0.794000|-0.301000|-0.983000|0.042581
367|76|22|20|SER|GLN|1127|310|273|-N--|-C--|103|0001|555|0|3.636569|-0.764000|-0.371000|3.536000|0.186290
367|77|22|21|SER|LYS|1129|310|290|-N--|-C--|103|0001|555|0|1.302325|1.015000|0.521000|0.628000|0.064675
367|78|23|21|CYS|LYS|1529|321|290|-N--|-C--|103|0001|555|0|3.972178|3.570000|0.140000|1.736000|0.140282
367|79|22|23|SER|CYS|1115|312|321|-C--|-N--|301|0001|555|0|1.307306|-0.951000|0.443000|0.780000|0.127042
367|80|22|24|SER|SER|1111|313|331|-O--|-N--|401|0001|555|0|3.430870|-3.050000|1.400000|-0.713000|0.052907
367|81|24|23|SER|CYS|1115|331|323|-N--|-C--|103|0001|555|0|1.297843|0.545000|0.439000|1.093000|0.041951
367|82|23|43|CYS|CU1|1546|325|527|-CB-|CU--|540|0011|555|0|2.443031|-2.362000|-0.035000|-0.623000|0.020769
367|83|23|37|CYS|CYS|1515|325|497|-CB-|-SG-|511|0001|555|0|3.434945|-2.404000|-2.343000|-0.728000|0.000000
367|84|23|25|CYS|CYS|1515|324|342|-O--|-N--|401|0001|555|0|2.949380|-2.691000|0.652000|-1.016000|0.178481
367|85|23|46|CYS|CU1|1546|325|530|-CB-|CU--|540|0011|555|0|3.616488|-3.026000|-1.518000|1.272000|0.154286
367|86|23|40|CYS|CU1|1546|326|524|-SG-|CU--|1140|0011|555|0|2.479095|-1.153000|-1.028000|1.939000|0.220952
367|87|23|42|CYS|CU1|1546|325|526|-CB-|CU--|540|0011|555|0|3.283306|-0.716000|-2.471000|2.040000|0.293143
367|88|24|43|SER|CU1|1146|331|527|-N--|CU--|140|0011|555|0|3.608317|-2.140000|-0.418000|2.875000|0.562308
367|89|24|25|SER|CYS|1115|333|342|-C--|-N--|301|0001|555|0|1.302434|-0.186000|0.677000|1.097000|0.138228
367|90|24|36|SER|PRO|1119|334|481|-O--|-O--|404|0001|555|0|3.280157|-1.528000|-2.898000|-0.162000|0.111364
367|91|25|43|CYS|CU1|1546|347|527|-SG-|CU--|1140|0011|555|0|2.244783|1.605000|-0.901000|1.285000|0.812308
367|92|25|26|CYS|PRO|1519|344|352|-C--|-N--|301|0001|555|0|1.305411|-1.028000|0.717000|-0.365000|0.020597
367|93|25|45|CYS|CU1|1546|347|529|-SG-|CU--|1140|0011|555|0|2.257780|-1.679000|-0.531000|1.413000|0.960000
367|94|25|29|CYS|CYS|1515|346|392|-CB-|-SG-|511|0001|555|0|3.831237|-3.055000|-0.747000|2.188000|1.082353
367|95|25|37|CYS|CYS|1515|347|493|-SG-|-CA-|1102|0001|555|0|3.551423|0.251000|-3.324000|-1.225000|0.285405
367|96|25|36|CYS|PRO|1519|347|480|-SG-|-C--|1103|0001|555|0|3.830872|-1.330000|-2.301000|-2.759000|0.221538
367|97|27|26|THR|PRO|1319|366|354|-N--|-C--|103|0001|555|0|1.303793|0.210000|-1.264000|-0.241000|0.234024
367|98|28|26|GLY|PRO|119|380|355|-N--|-O--|104|0001|555|0|3.012624|2.595000|-1.466001|-0.439000|0.269595
367|99|29|26|CYS|PRO|1519|387|355|-N--|-O--|104|0001|555|0|3.683396|3.314000|0.843000|-1.369000|0.053623
367|100|28|27|GLY|THR|113|380|368|-N--|-C--|103|0001|555|0|1.293643|0.606000|1.040000|0.474000|0.228000
367|101|27|29|THR|CYS|1315|368|387|-C--|-N--|301|0001|555|0|3.630340|-1.325000|-3.349000|0.456000|0.743478
367|102|28|29|GLY|CYS|115|382|387|-C--|-N--|301|0001|555|0|1.307932|1.017000|-0.691000|0.446000|0.127536
367|103|28|30|GLY|ASN|123|383|397|-O--|-N--|401|0001|555|0|2.978492|0.383000|-1.175000|2.710000|0.020488
367|104|29|30|CYS|ASN|1523|389|397|-C--|-N--|301|0001|555|0|1.297502|-1.100000|0.606000|0.326000|0.182609
367|105|29|44|CYS|CU1|1546|392|528|-SG-|CU--|1140|0011|555|0|2.249586|-0.075000|-1.089000|1.967000|0.179706
367|106|31|29|SER|CYS|1115|411|389|-N--|-C--|103|0001|555|0|3.387951|3.147000|1.066000|-0.662000|0.168406
367|107|29|45|CYS|CU1|1546|392|529|-SG-|CU--|1140|0011|555|0|2.289633|1.344000|-1.579000|-0.971000|0.197647
367|108|29|35|CYS|CYS|1515|392|473|-SG-|-SG-|1111|0001|555|0|3.535604|0.237000|-3.487000|-0.534000|0.098824
367|109|29|41|CYS|CU1|1546|392|525|-SG-|CU--|1140|0011|555|0|3.948498|0.773000|-3.502000|1.652000|0.021250
367|110|31|30|SER|ASN|1123|411|399|-N--|-C--|103|0001|555|0|1.304879|0.402000|0.527000|1.124000|0.137349
367|111|31|32|SER|ASP|1121|413|422|-C--|-N--|301|0001|555|0|1.305102|-0.717000|-1.024000|0.375000|0.286035
367|112|31|33|SER|ASP|1121|413|434|-C--|-N--|301|0001|555|0|3.215392|-1.330000|-2.202000|-1.929000|0.475690
367|113|32|33|ASP|ASP|2121|424|434|-C--|-N--|301|0001|555|0|1.301300|-0.654000|0.792000|-0.799000|0.064045
367|114|32|34|ASP|LYS|2129|424|446|-C--|-N--|301|0001|555|0|3.634140|0.341000|1.859000|-3.104000|0.087356
367|115|33|34|ASP|LYS|2129|436|446|-C--|-N--|301|0001|555|0|1.290129|1.156000|0.564000|0.100000|0.041928
367|116|35|33|CYS|ASP|1521|468|436|-N--|-C--|103|0001|555|0|3.784767|-3.717000|-0.517000|0.491000|0.246406
367|117|35|34|CYS|LYS|1529|468|448|-N--|-C--|103|0001|555|0|1.292708|-0.582000|1.117000|-0.291000|0.605625
367|118|36|34|PRO|LYS|1929|484|449|-CD-|-O--|604|0001|555|0|3.092855|-2.602000|0.722000|1.508000|1.522286
367|119|35|36|CYS|PRO|1519|470|478|-C--|-N--|301|0001|555|0|1.308332|0.516000|0.774000|-0.920000|0.090848
367|120|35|45|CYS|CU1|1546|473|529|-SG-|CU--|1140|0011|555|0|2.248751|1.107000|1.908000|-0.437000|0.068571
367|121|35|37|CYS|CYS|1515|471|492|-O--|-N--|401|0001|555|0|2.921059|2.828000|0.414000|-0.603000|0.116667
367|122|35|41|CYS|CU1|1546|473|525|-SG-|CU--|1140|0011|555|0|2.250803|0.536000|-0.015000|2.186000|0.131250
367|123|35|44|CYS|CU1|1546|473|528|-SG-|CU--|1140|0011|555|0|3.478901|-0.312000|2.398000|2.501000|0.055952
367|124|35|46|CYS|CU1|1546|473|530|-SG-|CU--|1140|0011|555|0|3.957582|3.727000|0.055000|1.330000|0.000000
367|125|37|36|CYS|PRO|1519|492|480|-N--|-C--|103|0001|555|0|1.304994|-0.201000|0.692000|-1.088000|0.089143
367|126|36|45|PRO|CU1|1946|484|529|-CD-|CU--|640|0011|555|0|3.916313|1.840000|-0.575000|3.409000|0.320833
367|127|37|45|CYS|CU1|1546|496|529|-CB-|CU--|540|0011|555|0|3.778676|-1.760000|3.135000|1.163000|0.093333
367|128|38|37|GLY|CYS|115|502|494|-N--|-C--|103|0001|555|0|1.299502|-1.030000|0.603000|-0.514000|0.344388
367|129|37|43|CYS|CU1|1546|497|527|-SG-|CU--|1140|0011|555|0|2.310769|0.042000|2.308000|0.105000|0.020769
367|130|37|39|CYS|ASN|1523|494|509|-C--|-N--|301|0001|555|0|3.015111|-0.356000|-2.912000|0.696000|1.349388
367|131|37|46|CYS|CU1|1546|497|530|-SG-|CU--|1140|0011|555|0|2.251113|-0.622000|0.825000|2.000000|0.154286
367|132|37|42|CYS|CU1|1546|497|526|-SG-|CU--|1140|0011|555|0|3.244619|1.688000|-0.128000|2.768000|0.293143
367|133|38|39|GLY|ASN|123|504|509|-C--|-N--|301|0001|555|0|1.305412|-0.934000|0.001000|0.912000|0.625313
367|134|40|46|CU1|CU1|4646|524|530|CU--|CU--|4040|0011|555|0|2.546133|-1.126000|-2.129000|-0.826000|0.000000
367|135|40|43|CU1|CU1|4646|524|527|CU--|CU--|4040|0011|555|0|2.834537|-0.462000|-0.646000|-2.721000|0.123810
367|136|40|42|CU1|CU1|4646|524|526|CU--|CU--|4040|0011|555|0|3.302112|1.184000|-3.082000|-0.058000|0.084000
367|137|41|45|CU1|CU1|4646|525|529|CU--|CU--|4040|0011|555|0|3.302135|0.571000|1.923000|-2.623000|0.240000
367|138|41|44|CU1|CU1|4646|525|528|CU--|CU--|4040|0011|555|0|2.576994|-0.848000|2.413000|0.315000|0.220313
367|139|41|46|CU1|CU1|4646|525|530|CU--|CU--|4040|0011|555|0|3.304560|3.191000|0.070000|-0.856000|0.131250
367|140|42|46|CU1|CU1|4646|526|530|CU--|CU--|4040|0011|555|0|2.614218|-2.310000|0.953000|-0.768000|0.084000
367|141|42|43|CU1|CU1|4646|526|527|CU--|CU--|4040|0011|555|0|3.966734|-1.646000|2.436000|-2.663000|0.252571
367|142|43|45|CU1|CU1|4646|527|529|CU--|CU--|4040|0011|555|0|3.307256|-3.284000|0.370000|0.128000|0.043333
367|143|43|46|CU1|CU1|4646|527|530|CU--|CU--|4040|0011|555|0|2.496239|-0.664000|-1.483000|1.895000|0.123810
367|144|44|45|CU1|CU1|4646|528|529|CU--|CU--|4040|0011|555|0|3.299319|1.419000|-0.490000|-2.938000|0.010213
367|145|45|46|CU1|CU1|4646|529|530|CU--|CU--|4040|0011|555|0|3.663373|2.620000|-1.853000|1.767000|0.068571
