367|0|27|GLN|A|1|19|0|000|14.295942|-1.000000|-1.000000|0.000000|-1|-1|0|0|-1|1
367|1|23|ASN|A|2|14|0|000|15.363949|-1.000000|-1.000000|0.000000|-1|-1|0|0|0|2
367|2|25|GLU|A|3|15|0|000|13.522240|-1.000000|-1.000000|0.000000|-1|-1|0|0|1|3
367|3|1|GLY|A|4|7|0|000|9.678303|-1.000000|-1.000000|0.000000|-1|-1|0|0|2|4
367|4|33|HIS|A|5|17|0|000|7.887824|-1.000000|-1.000000|0.000000|-1|-1|0|0|3|5
367|5|25|GLU|A|6|15|0|000|8.911062|-1.000000|-1.000000|0.000000|-1|-1|0|0|4|6
367|6|15|CYS|A|7|10|0|000|4.159097|-1.000000|-1.000000|0.000000|-1|-1|0|0|5|7
367|7|27|GLN|A|8|17|0|000|8.026981|-1.000000|-1.000000|0.000000|-1|-1|0|0|6|8
367|8|15|CYS|A|9|10|0|000|4.461134|-1.000000|-1.000000|0.000000|-1|-1|0|0|7|9
367|9|27|GLN|A|10|17|0|000|9.366068|-1.000000|-1.000000|0.000000|-1|-1|0|0|8|10
367|10|15|CYS|A|11|10|0|000|7.299372|-1.000000|-1.000000|0.000000|-1|-1|0|0|9|11
367|11|1|GLY|A|12|7|0|000|9.624795|-1.000000|-1.000000|0.000000|-1|-1|0|0|10|12
367|12|11|SER|A|13|11|0|000|7.745368|-1.000000|-1.000000|0.000000|-1|-1|0|0|11|13
367|13|15|CYS|A|14|10|0|000|5.250120|-1.000000|-1.000000|0.000000|-1|-1|0|0|12|14
367|14|29|LYS|A|15|22|0|000|10.636422|-1.000000|-1.000000|0.000000|-1|-1|0|0|13|15
367|15|23|ASN|A|16|14|0|000|11.215383|-1.000000|-1.000000|0.000000|-1|-1|0|0|14|16
367|16|23|ASN|A|17|14|0|000|8.885450|-1.000000|-1.000000|0.000000|-1|-1|0|0|15|17
367|17|25|GLU|A|18|15|0|000|9.265740|-1.000000|-1.000000|0.000000|-1|-1|0|0|16|18
367|18|27|GLN|A|19|17|0|000|10.831585|-1.000000|-1.000000|0.000000|-1|-1|0|0|17|19
367|19|15|CYS|A|20|10|0|000|5.731798|-1.000000|-1.000000|0.000000|-1|-1|0|0|18|20
367|20|27|GLN|A|21|17|0|000|6.216377|-1.000000|-1.000000|0.000000|-1|-1|0|0|19|21
367|21|29|LYS|A|22|22|0|000|10.588699|-1.000000|-1.000000|0.000000|-1|-1|0|0|20|22
367|22|11|SER|A|23|11|0|000|7.950612|-1.000000|-1.000000|0.000000|-1|-1|0|0|21|23
367|23|15|CYS|A|24|10|0|000|3.796588|-1.000000|-1.000000|0.000000|-1|-1|0|0|22|24
367|24|11|SER|A|25|11|0|000|6.752988|-1.000000|-1.000000|0.000000|-1|-1|0|0|23|25
367|25|15|CYS|A|26|10|0|000|5.252922|-1.000000|-1.000000|0.000000|-1|-1|0|0|24|26
367|26|19|PRO|A|27|14|0|000|8.946352|-1.000000|-1.000000|0.000000|-1|-1|0|0|25|27
367|27|13|THR|A|28|14|0|000|11.361080|-1.000000|-1.000000|0.000000|-1|-1|0|0|26|28
367|28|1|GLY|A|29|7|0|000|10.274429|-1.000000|-1.000000|0.000000|-1|-1|0|0|27|29
367|29|15|CYS|A|30|10|0|000|6.938561|-1.000000|-1.000000|0.000000|-1|-1|0|0|28|30
367|30|23|ASN|A|31|14|0|000|10.755639|-1.000000|-1.000000|0.000000|-1|-1|0|0|29|31
367|31|11|SER|A|32|11|0|000|11.111105|-1.000000|-1.000000|0.000000|-1|-1|0|0|30|32
367|32|21|ASP|A|33|12|0|000|10.690303|-1.000000|-1.000000|0.000000|-1|-1|0|0|31|33
367|33|21|ASP|A|34|12|0|000|12.672682|-1.000000|-1.000000|0.000000|-1|-1|0|0|32|34
367|34|29|LYS|A|35|22|0|000|12.343549|-1.000000|-1.000000|0.000000|-1|-1|0|0|33|35
367|35|15|CYS|A|36|10|0|000|6.697722|-1.000000|-1.000000|0.000000|-1|-1|0|0|34|36
367|36|19|PRO|A|37|14|0|000|7.597161|-1.000000|-1.000000|0.000000|-1|-1|0|0|35|37
367|37|15|CYS|A|38|10|0|000|4.658777|-1.000000|-1.000000|0.000000|-1|-1|0|0|36|38
367|38|1|GLY|A|39|7|0|000|7.124148|-1.000000|-1.000000|0.000000|-1|-1|0|0|37|39
367|39|23|ASN|A|40|15|0|000|9.156108|-1.000000|-1.000000|0.000000|-1|-1|0|0|38|-1
367|40|46|CU1|A|41|1|1|000|1.669582|-1.000000|-1.000000|0.000000|-1|-1|0|1|-1|-1
367|41|46|CU1|A|42|1|1|000|3.924187|-1.000000|-1.000000|0.000000|-1|-1|0|2|-1|-1
367|42|46|CU1|A|43|1|1|000|2.712633|-1.000000|-1.000000|0.000000|-1|-1|0|3|-1|-1
367|43|46|CU1|A|44|1|1|000|1.916072|-1.000000|-1.000000|0.000000|-1|-1|0|4|-1|-1
367|44|46|CU1|A|45|1|1|000|4.931191|-1.000000|-1.000000|0.000000|-1|-1|0|5|-1|-1
367|45|46|CU1|A|46|1|1|000|3.675602|-1.000000|-1.000000|0.000000|-1|-1|0|6|-1|-1
367|46|46|CU1|A|47|1|1|000|1.013300|-1.000000|-1.000000|0.000000|-1|-1|0|7|-1|-1
