399|0|-1|3542|109|291|LEU|_MG|745|867|2241|-O--|MG--|437|8|12|2|0011|2.640238|0.820002|0.166271|-0.547678|14.921501|0.071857|0.150689
399|1|-1|5752|187|290|SER|BO2|1153|1443|2238|-N--|-B26|139|7|5|4|0011|3.577090|-0.647174|-0.270889|0.712590|5.135579|0.003363|0.017968
399|2|-1|5770|187|291|SER|_MG|1145|1446|2241|-O--|MG--|437|8|12|2|0011|2.874431|-0.723274|-0.216394|0.655781|19.790174|0.038158|0.080019
399|3|-1|5793|187|291|SER|_MG|1145|1448|2241|-OG-|MG--|1737|8|12|3|0011|2.624162|-0.633345|-0.644016|-0.429089|16.090845|0.075048|0.157381
399|4|-1|5799|187|290|SER|BO2|1153|1448|2238|-OG-|-B26|1739|8|5|3|0011|1.545921|-0.278798|0.580239|0.765241|0.753466|0.623281|2.901070
399|5|-1|5803|188|291|ALA|_MG|345|1449|2241|-N--|MG--|137|7|12|4|0011|3.926931|-0.429088|-0.716080|0.550557|25.350008|0.003188|0.006980
399|6|-1|6559|212|291|THR|_MG|1345|1623|2241|-OG1|MG--|1737|8|12|3|0011|2.624490|-0.619549|0.778437|-0.100972|13.414500|0.074982|0.157242
399|7|-1|7102|230|291|LYS|_MG|2945|1754|2241|-NZ-|MG--|1437|7|12|5|0011|3.684545|-0.433432|0.309127|-0.846509|18.797159|0.006137|0.013439
399|8|-1|7104|230|290|LYS|BO2|2953|1754|2238|-NZ-|-B26|1439|7|5|5|0011|3.830550|-0.095548|0.972706|-0.211457|1.861808|0.001695|0.009057
399|9|-1|8661|290|290|BO2|BO2|5353|2231|2238|-O19|-B26|3139|8|5|2|0000|3.350106|0.684456|0.024778|-0.728633|1.088492|0.004753|0.022124
399|10|-1|8668|290|290|BO2|BO2|5353|2232|2238|-N20|-B26|3039|7|5|3|0000|2.518456|0.734180|-0.585673|-0.343464|0.986603|0.058797|0.314117
399|11|-1|8689|291|290|_MG|BO2|4553|2241|2238|MG--|-B26|3739|12|5|1|0011|3.679599|0.334547|0.703067|0.627515|14.251057|-0.001000|-0.001000
399|12|-1|8689|290|291|BO2|_MG|5345|2238|2241|-B26|MG--|3937|5|12|1|0011|3.679599|-0.334547|-0.703067|-0.627515|14.251057|-0.001000|-0.001000
399|13|-1|8690|290|290|BO2|BO2|5353|2239|2238|-O27|-B26|3139|8|5|1|0000|1.542736|-0.169180|0.651443|-0.739594|0.050154|0.628669|2.926149
399|14|-1|8691|290|290|BO2|BO2|5353|2240|2238|-O28|-B26|3139|8|5|1|0000|1.526694|-0.736231|-0.675969|-0.032095|0.305656|0.656524|3.055803
399|15|-1|8692|407|290|HOH|BO2|4353|2375|2238|-O--|-B26|2839|8|5|3|0011|3.820552|-0.760361|0.392877|-0.517202|2.384652|0.001333|0.006204
399|16|-1|8696|380|291|HOH|_MG|4345|2348|2241|-O--|MG--|2837|8|12|3|0011|2.706115|0.498131|0.119725|0.858796|24.717497|0.060138|0.126113
