399|0|19|PRO|A|491|7|0|000|29.085390|-1.000000|-1.000000|0.000000|-1|-1|0|0|-1|1
399|1|1|GLY|A|492|4|0|000|28.253994|-1.000000|-1.000000|0.000000|-1|-1|0|0|0|2
399|2|37|TYR|A|493|12|0|000|28.007725|-1.000000|-1.000000|0.000000|-1|-1|0|0|1|3
399|3|13|THR|A|494|7|0|000|28.201466|-1.000000|-1.000000|0.000000|-1|-1|0|0|2|4
399|4|23|ASN|A|495|8|0|000|24.645294|-1.000000|-1.000000|0.000000|-1|-1|0|0|3|5
399|5|17|MET|A|496|8|0|000|29.576817|-1.000000|-1.000000|0.000000|-1|-1|0|0|4|6
399|6|25|GLU|A|497|9|0|000|29.927593|-1.000000|-1.000000|0.000000|-1|-1|0|0|5|7
399|7|29|LYS|A|498|9|0|000|24.405460|-1.000000|-1.000000|0.000000|-1|-1|0|0|6|8
399|8|27|GLN|A|499|9|0|000|26.237032|-1.000000|-1.000000|0.000000|-1|-1|0|0|7|9
399|9|3|ALA|A|500|5|0|000|29.756405|-1.000000|-1.000000|0.000000|-1|-1|0|0|8|10
399|10|9|ILE|A|501|8|0|000|28.748972|-1.000000|-1.000000|0.000000|-1|-1|0|0|9|11
399|11|3|ALA|A|502|5|0|000|26.595896|-1.000000|-1.000000|0.000000|-1|-1|0|0|10|12
399|12|31|ARG|A|503|11|0|000|29.178297|-1.000000|-1.000000|0.000000|-1|-1|0|0|11|13
399|13|27|GLN|A|504|9|0|000|32.717327|-1.000000|-1.000000|0.000000|-1|-1|0|0|12|14
399|14|37|TYR|A|505|12|0|000|32.370831|-1.000000|-1.000000|0.000000|-1|-1|0|0|13|15
399|15|7|LEU|A|506|8|0|000|26.438019|-1.000000|-1.000000|0.000000|-1|-1|0|0|14|16
399|16|39|TRP|A|507|14|0|000|25.932817|-1.000000|-1.000000|0.000000|-1|-1|0|0|15|17
399|17|19|PRO|A|508|7|0|000|29.982260|-1.000000|-1.000000|0.000000|-1|-1|0|0|16|18
399|18|29|LYS|A|509|9|0|000|29.296824|-1.000000|-1.000000|0.000000|-1|-1|0|0|17|19
399|19|27|GLN|A|510|9|0|000|25.518013|-1.000000|-1.000000|0.000000|-1|-1|0|0|18|20
399|20|5|VAL|A|511|7|0|000|28.123093|-1.000000|-1.000000|0.000000|-1|-1|0|0|19|21
399|21|31|ARG|A|512|11|0|000|32.218887|-1.000000|-1.000000|0.000000|-1|-1|0|0|20|22
399|22|25|GLU|A|513|9|0|000|29.177164|-1.000000|-1.000000|0.000000|-1|-1|0|0|21|23
399|23|11|SER|A|514|6|0|000|27.475445|-1.000000|-1.000000|0.000000|-1|-1|0|0|22|24
399|24|1|GLY|A|515|4|0|000|30.576498|-1.000000|-1.000000|0.000000|-1|-1|0|0|23|25
399|25|17|MET|A|516|8|0|000|28.947805|-1.000000|-1.000000|0.000000|-1|-1|0|0|24|26
399|26|25|GLU|A|517|9|0|000|33.525974|-1.000000|-1.000000|0.000000|-1|-1|0|0|25|27
399|27|1|GLY|A|518|4|0|000|33.125343|-1.000000|-1.000000|0.000000|-1|-1|0|0|26|28
399|28|31|ARG|A|519|11|0|000|31.513874|-1.000000|-1.000000|0.000000|-1|-1|0|0|27|29
399|29|9|ILE|A|520|8|0|000|27.413328|-1.000000|-1.000000|0.000000|-1|-1|0|0|28|30
399|30|25|GLU|A|521|9|0|000|28.297859|-1.000000|-1.000000|0.000000|-1|-1|0|0|29|31
399|31|5|VAL|A|522|7|0|000|25.144262|-1.000000|-1.000000|0.000000|-1|-1|0|0|30|32
399|32|13|THR|A|523|7|0|000|25.532022|-1.000000|-1.000000|0.000000|-1|-1|0|0|31|33
399|33|21|ASP|A|524|8|0|000|27.126810|-1.000000|-1.000000|0.000000|-1|-1|0|0|32|34
399|34|3|ALA|A|525|5|0|000|23.233997|-1.000000|-1.000000|0.000000|-1|-1|0|0|33|35
399|35|3|ALA|A|526|5|0|000|21.233309|-1.000000|-1.000000|0.000000|-1|-1|0|0|34|36
399|36|9|ILE|A|527|8|0|000|22.767792|-1.000000|-1.000000|0.000000|-1|-1|0|0|35|37
399|37|7|LEU|A|528|8|0|000|21.522955|-1.000000|-1.000000|0.000000|-1|-1|0|0|36|38
399|38|31|ARG|A|529|11|0|000|16.262424|-1.000000|-1.000000|0.000000|-1|-1|0|0|37|39
399|39|5|VAL|A|530|7|0|000|17.279926|-1.000000|-1.000000|0.000000|-1|-1|0|0|38|40
399|40|9|ILE|A|531|8|0|000|19.318213|-1.000000|-1.000000|0.000000|-1|-1|0|0|39|41
399|41|11|SER|A|532|6|0|000|16.861156|-1.000000|-1.000000|0.000000|-1|-1|0|0|40|42
399|42|25|GLU|A|533|9|0|000|13.242597|-1.000000|-1.000000|0.000000|-1|-1|0|0|41|43
399|43|37|TYR|A|534|12|0|000|12.344132|-1.000000|-1.000000|0.000000|-1|-1|0|0|42|44
399|44|13|THR|A|535|7|0|000|15.865876|-1.000000|-1.000000|0.000000|-1|-1|0|0|43|45
399|45|31|ARG|A|536|11|0|000|15.233095|-1.000000|-1.000000|0.000000|-1|-1|0|0|44|46
399|46|25|GLU|A|537|9|0|000|19.705658|-1.000000|-1.000000|0.000000|-1|-1|0|0|45|47
399|47|3|ALA|A|538|5|0|000|23.550074|-1.000000|-1.000000|0.000000|-1|-1|0|0|46|48
399|48|1|GLY|A|539|4|0|000|23.416851|-1.000000|-1.000000|0.000000|-1|-1|0|0|47|49
399|49|5|VAL|A|540|7|0|000|23.659388|-1.000000|-1.000000|0.000000|-1|-1|0|0|48|50
399|50|31|ARG|A|541|11|0|000|22.815697|-1.000000|-1.000000|0.000000|-1|-1|0|0|49|51
399|51|1|GLY|A|542|4|0|000|18.673904|-1.000000|-1.000000|0.000000|-1|-1|0|0|50|52
399|52|7|LEU|A|543|8|0|000|20.463398|-1.000000|-1.000000|0.000000|-1|-1|0|0|51|53
399|53|25|GLU|A|544|9|0|000|23.348965|-1.000000|-1.000000|0.000000|-1|-1|0|0|52|54
399|54|31|ARG|A|545|11|0|000|18.628834|-1.000000|-1.000000|0.000000|-1|-1|0|0|53|55
399|55|25|GLU|A|546|9|0|000|16.177406|-1.000000|-1.000000|0.000000|-1|-1|0|0|54|56
399|56|7|LEU|A|547|8|0|000|21.240116|-1.000000|-1.000000|0.000000|-1|-1|0|0|55|57
399|57|1|GLY|A|548|4|0|000|20.971174|-1.000000|-1.000000|0.000000|-1|-1|0|0|56|58
399|58|29|LYS|A|549|9|0|000|16.704945|-1.000000|-1.000000|0.000000|-1|-1|0|0|57|59
399|59|9|ILE|A|550|8|0|000|19.714403|-1.000000|-1.000000|0.000000|-1|-1|0|0|58|60
399|60|3|ALA|A|551|5|0|000|23.002640|-1.000000|-1.000000|0.000000|-1|-1|0|0|59|61
399|61|31|ARG|A|552|11|0|000|21.496668|-1.000000|-1.000000|0.000000|-1|-1|0|0|60|62
399|62|29|LYS|A|553|9|0|000|19.373680|-1.000000|-1.000000|0.000000|-1|-1|0|0|61|63
399|63|1|GLY|A|554|4|0|000|23.678333|-1.000000|-1.000000|0.000000|-1|-1|0|0|62|64
399|64|3|ALA|A|555|5|0|000|25.379435|-1.000000|-1.000000|0.000000|-1|-1|0|0|63|65
399|65|29|LYS|A|556|9|0|000|22.299206|-1.000000|-1.000000|0.000000|-1|-1|0|0|64|66
399|66|35|PHE|A|557|11|0|000|22.979565|-1.000000|-1.000000|0.000000|-1|-1|0|0|65|67
399|67|39|TRP|A|558|14|0|000|30.336395|-1.000000|-1.000000|0.000000|-1|-1|0|0|66|68
399|68|7|LEU|A|559|8|0|000|28.189953|-1.000000|-1.000000|0.000000|-1|-1|0|0|67|69
399|69|25|GLU|A|560|9|0|000|26.007101|-1.000000|-1.000000|0.000000|-1|-1|0|0|68|70
399|70|1|GLY|A|561|4|0|000|29.684759|-1.000000|-1.000000|0.000000|-1|-1|0|0|69|71
399|71|3|ALA|A|562|5|0|000|32.191788|-1.000000|-1.000000|0.000000|-1|-1|0|0|70|72
399|72|39|TRP|A|563|14|0|000|30.450846|-1.000000|-1.000000|0.000000|-1|-1|0|0|71|73
399|73|25|GLU|A|564|9|0|000|36.359283|-1.000000|-1.000000|0.000000|-1|-1|0|0|72|74
399|74|1|GLY|A|565|4|0|000|34.038651|-1.000000|-1.000000|0.000000|-1|-1|0|0|73|75
399|75|7|LEU|A|566|8|0|000|31.849634|-1.000000|-1.000000|0.000000|-1|-1|0|0|74|76
399|76|31|ARG|A|567|11|0|000|26.707510|-1.000000|-1.000000|0.000000|-1|-1|0|0|75|77
399|77|13|THR|A|568|7|0|000|27.313993|-1.000000|-1.000000|0.000000|-1|-1|0|0|76|78
399|78|9|ILE|A|569|8|0|000|22.985603|-1.000000|-1.000000|0.000000|-1|-1|0|0|77|79
399|79|21|ASP|A|570|8|0|000|23.214163|-1.000000|-1.000000|0.000000|-1|-1|0|0|78|80
399|80|3|ALA|A|571|5|0|000|19.826294|-1.000000|-1.000000|0.000000|-1|-1|0|0|79|81
399|81|11|SER|A|572|6|0|000|19.547026|-1.000000|-1.000000|0.000000|-1|-1|0|0|80|82
399|82|21|ASP|A|573|8|0|000|19.875870|-1.000000|-1.000000|0.000000|-1|-1|0|0|81|83
399|83|9|ILE|A|574|8|0|000|16.502117|-1.000000|-1.000000|0.000000|-1|-1|0|0|82|84
399|84|19|PRO|A|575|7|0|000|13.595545|-1.000000|-1.000000|0.000000|-1|-1|0|0|83|85
399|85|13|THR|A|576|7|0|000|16.257357|-1.000000|-1.000000|0.000000|-1|-1|0|0|84|86
399|86|37|TYR|A|577|12|0|000|18.334061|-1.000000|-1.000000|0.000000|-1|-1|0|0|85|87
399|87|7|LEU|A|578|8|0|000|13.453352|-1.000000|-1.000000|0.000000|-1|-1|0|0|86|88
399|88|1|GLY|A|579|4|0|000|10.329377|-1.000000|-1.000000|0.000000|-1|-1|0|0|87|89
399|89|9|ILE|A|580|8|0|000|7.074941|-1.000000|-1.000000|0.000000|-1|-1|0|0|88|90
399|90|19|PRO|A|581|7|0|000|8.727159|-1.000000|-1.000000|0.000000|-1|-1|0|0|89|91
399|91|31|ARG|A|582|11|0|000|8.857053|-1.000000|-1.000000|0.000000|-1|-1|0|0|90|92
399|92|37|TYR|A|583|12|0|000|10.971626|-1.000000|-1.000000|0.000000|-1|-1|0|0|91|93
399|93|31|ARG|A|584|11|0|000|11.310044|-1.000000|-1.000000|0.000000|-1|-1|0|0|92|94
399|94|19|PRO|A|585|7|0|000|15.782084|-1.000000|-1.000000|0.000000|-1|-1|0|0|93|95
399|95|21|ASP|A|586|8|0|000|16.772194|-1.000000|-1.000000|0.000000|-1|-1|0|0|94|96
399|96|29|LYS|A|587|9|0|000|14.270122|-1.000000|-1.000000|0.000000|-1|-1|0|0|95|97
399|97|3|ALA|A|588|5|0|000|13.151976|-1.000000|-1.000000|0.000000|-1|-1|0|0|96|98
399|98|25|GLU|A|589|9|0|000|13.659409|-1.000000|-1.000000|0.000000|-1|-1|0|0|97|99
399|99|13|THR|A|590|7|0|000|10.174179|-1.000000|-1.000000|0.000000|-1|-1|0|0|98|100
399|100|25|GLU|A|591|9|0|000|9.167150|-1.000000|-1.000000|0.000000|-1|-1|0|0|99|101
399|101|19|PRO|A|592|7|0|000|5.412508|-1.000000|-1.000000|0.000000|-1|-1|0|0|100|102
399|102|27|GLN|A|593|9|0|000|8.021794|-1.000000|-1.000000|0.000000|-1|-1|0|0|101|103
399|103|5|VAL|A|594|7|0|000|9.124081|-1.000000|-1.000000|0.000000|-1|-1|0|0|102|104
399|104|1|GLY|A|595|4|0|000|10.028303|-1.000000|-1.000000|0.000000|-1|-1|0|0|103|105
399|105|13|THR|A|596|7|0|000|8.881231|-1.000000|-1.000000|0.000000|-1|-1|0|0|104|106
399|106|3|ALA|A|597|5|0|000|9.471183|-1.000000|-1.000000|0.000000|-1|-1|0|0|105|107
399|107|27|GLN|A|598|9|0|000|11.211009|-1.000000|-1.000000|0.000000|-1|-1|0|0|106|108
399|108|1|GLY|A|599|4|0|000|14.109571|-1.000000|-1.000000|0.000000|-1|-1|0|0|107|109
399|109|7|LEU|A|600|8|0|000|16.700256|-1.000000|-1.000000|0.000000|-1|-1|0|0|108|110
399|110|3|ALA|A|601|5|0|000|20.822174|-1.000000|-1.000000|0.000000|-1|-1|0|0|109|111
399|111|39|TRP|A|602|14|0|000|25.564583|-1.000000|-1.000000|0.000000|-1|-1|0|0|110|112
399|112|13|THR|A|603|7|0|000|27.621523|-1.000000|-1.000000|0.000000|-1|-1|0|0|111|113
399|113|19|PRO|A|604|7|0|000|31.136972|-1.000000|-1.000000|0.000000|-1|-1|0|0|112|114
399|114|5|VAL|A|605|7|0|000|30.437128|-1.000000|-1.000000|0.000000|-1|-1|0|0|113|115
399|115|1|GLY|A|606|4|0|000|26.533773|-1.000000|-1.000000|0.000000|-1|-1|0|0|114|116
399|116|1|GLY|A|607|4|0|000|23.309595|-1.000000|-1.000000|0.000000|-1|-1|0|0|115|117
399|117|13|THR|A|608|7|0|000|21.055616|-1.000000|-1.000000|0.000000|-1|-1|0|0|116|118
399|118|7|LEU|A|609|8|0|000|17.017336|-1.000000|-1.000000|0.000000|-1|-1|0|0|117|119
399|119|7|LEU|A|610|8|0|000|17.387358|-1.000000|-1.000000|0.000000|-1|-1|0|0|118|120
399|120|13|THR|A|611|7|0|000|14.091319|-1.000000|-1.000000|0.000000|-1|-1|0|0|119|121
399|121|9|ILE|A|612|8|0|000|13.546745|-1.000000|-1.000000|0.000000|-1|-1|0|0|120|122
399|122|25|GLU|A|613|9|0|000|15.140965|-1.000000|-1.000000|0.000000|-1|-1|0|0|121|123
399|123|5|VAL|A|614|7|0|000|14.009811|-1.000000|-1.000000|0.000000|-1|-1|0|0|122|124
399|124|3|ALA|A|615|5|0|000|16.634794|-1.000000|-1.000000|0.000000|-1|-1|0|0|123|125
399|125|3|ALA|A|616|5|0|000|17.072704|-1.000000|-1.000000|0.000000|-1|-1|0|0|124|126
399|126|5|VAL|A|617|7|0|000|20.828197|-1.000000|-1.000000|0.000000|-1|-1|0|0|125|127
399|127|19|PRO|A|618|7|0|000|23.448284|-1.000000|-1.000000|0.000000|-1|-1|0|0|126|128
399|128|1|GLY|A|619|4|0|000|25.724955|-1.000000|-1.000000|0.000000|-1|-1|0|0|127|129
399|129|11|SER|A|620|6|0|000|27.554373|-1.000000|-1.000000|0.000000|-1|-1|0|0|128|130
399|130|1|GLY|A|621|4|0|000|25.381979|-1.000000|-1.000000|0.000000|-1|-1|0|0|129|131
399|131|29|LYS|A|622|9|0|000|26.811644|-1.000000|-1.000000|0.000000|-1|-1|0|0|130|132
399|132|7|LEU|A|623|8|0|000|23.158627|-1.000000|-1.000000|0.000000|-1|-1|0|0|131|133
399|133|11|SER|A|624|6|0|000|23.275723|-1.000000|-1.000000|0.000000|-1|-1|0|0|132|134
399|134|7|LEU|A|625|8|0|000|22.957272|-1.000000|-1.000000|0.000000|-1|-1|0|0|133|135
399|135|13|THR|A|626|7|0|000|23.027836|-1.000000|-1.000000|0.000000|-1|-1|0|0|134|136
399|136|1|GLY|A|627|4|0|000|23.808365|-1.000000|-1.000000|0.000000|-1|-1|0|0|135|137
399|137|27|GLN|A|628|9|0|000|27.455103|-1.000000|-1.000000|0.000000|-1|-1|0|0|136|138
399|138|7|LEU|A|629|8|0|000|24.123245|-1.000000|-1.000000|0.000000|-1|-1|0|0|137|139
399|139|1|GLY|A|630|4|0|000|26.633869|-1.000000|-1.000000|0.000000|-1|-1|0|0|138|140
399|140|25|GLU|A|631|9|0|000|28.985516|-1.000000|-1.000000|0.000000|-1|-1|0|0|139|141
399|141|5|VAL|A|632|7|0|000|26.281178|-1.000000|-1.000000|0.000000|-1|-1|0|0|140|142
399|142|17|MET|A|633|8|0|000|22.140625|-1.000000|-1.000000|0.000000|-1|-1|0|0|141|143
399|143|29|LYS|A|634|9|0|000|24.924370|-1.000000|-1.000000|0.000000|-1|-1|0|0|142|144
399|144|25|GLU|A|635|9|0|000|26.143541|-1.000000|-1.000000|0.000000|-1|-1|0|0|143|145
399|145|11|SER|A|636|6|0|000|20.826626|-1.000000|-1.000000|0.000000|-1|-1|0|0|144|146
399|146|3|ALA|A|637|5|0|000|19.831722|-1.000000|-1.000000|0.000000|-1|-1|0|0|145|147
399|147|27|GLN|A|638|9|0|000|23.649733|-1.000000|-1.000000|0.000000|-1|-1|0|0|146|148
399|148|3|ALA|A|639|5|0|000|21.052505|-1.000000|-1.000000|0.000000|-1|-1|0|0|147|149
399|149|3|ALA|A|640|5|0|000|17.702602|-1.000000|-1.000000|0.000000|-1|-1|0|0|148|150
399|150|7|LEU|A|641|8|0|000|19.205862|-1.000000|-1.000000|0.000000|-1|-1|0|0|149|151
399|151|13|THR|A|642|7|0|000|21.854414|-1.000000|-1.000000|0.000000|-1|-1|0|0|150|152
399|152|37|TYR|A|643|12|0|000|17.790075|-1.000000|-1.000000|0.000000|-1|-1|0|0|151|153
399|153|7|LEU|A|644|8|0|000|16.227169|-1.000000|-1.000000|0.000000|-1|-1|0|0|152|154
399|154|31|ARG|A|645|11|0|000|22.229301|-1.000000|-1.000000|0.000000|-1|-1|0|0|153|155
399|155|3|ALA|A|646|5|0|000|21.335657|-1.000000|-1.000000|0.000000|-1|-1|0|0|154|156
399|156|33|HIS|A|647|10|0|000|18.702240|-1.000000|-1.000000|0.000000|-1|-1|0|0|155|157
399|157|13|THR|A|648|7|0|000|18.572197|-1.000000|-1.000000|0.000000|-1|-1|0|0|156|158
399|158|27|GLN|A|649|9|0|000|20.083385|-1.000000|-1.000000|0.000000|-1|-1|0|0|157|159
399|159|21|ASP|A|650|8|0|000|16.662838|-1.000000|-1.000000|0.000000|-1|-1|0|0|158|160
399|160|37|TYR|A|651|12|0|000|13.034767|-1.000000|-1.000000|0.000000|-1|-1|0|0|159|161
399|161|1|GLY|A|652|4|0|000|14.308876|-1.000000|-1.000000|0.000000|-1|-1|0|0|160|162
399|162|7|LEU|A|653|8|0|000|15.432955|-1.000000|-1.000000|0.000000|-1|-1|0|0|161|163
399|163|19|PRO|A|654|7|0|000|18.357313|-1.000000|-1.000000|0.000000|-1|-1|0|0|162|164
399|164|25|GLU|A|655|9|0|000|22.376997|-1.000000|-1.000000|0.000000|-1|-1|0|0|163|165
399|165|21|ASP|A|656|8|0|000|23.620823|-1.000000|-1.000000|0.000000|-1|-1|0|0|164|166
399|166|35|PHE|A|657|11|0|000|19.973623|-1.000000|-1.000000|0.000000|-1|-1|0|0|165|167
399|167|37|TYR|A|658|12|0|000|25.365322|-1.000000|-1.000000|0.000000|-1|-1|0|0|166|168
399|168|23|ASN|A|659|8|0|000|26.898289|-1.000000|-1.000000|0.000000|-1|-1|0|0|167|169
399|169|29|LYS|A|660|9|0|000|25.632341|-1.000000|-1.000000|0.000000|-1|-1|0|0|168|170
399|170|5|VAL|A|661|7|0|000|21.555626|-1.000000|-1.000000|0.000000|-1|-1|0|0|169|171
399|171|21|ASP|A|662|8|0|000|23.118835|-1.000000|-1.000000|0.000000|-1|-1|0|0|170|172
399|172|7|LEU|A|663|8|0|000|19.231436|-1.000000|-1.000000|0.000000|-1|-1|0|0|171|173
399|173|33|HIS|A|664|10|0|000|20.395767|-1.000000|-1.000000|0.000000|-1|-1|0|0|172|174
399|174|5|VAL|A|665|7|0|000|18.336794|-1.000000|-1.000000|0.000000|-1|-1|0|0|173|175
399|175|33|HIS|A|666|10|0|000|19.667227|-1.000000|-1.000000|0.000000|-1|-1|0|0|174|176
399|176|5|VAL|A|667|7|0|000|19.064543|-1.000000|-1.000000|0.000000|-1|-1|0|0|175|177
399|177|19|PRO|A|668|7|0|000|19.500895|-1.000000|-1.000000|0.000000|-1|-1|0|0|176|178
399|178|21|ASP|A|669|8|0|000|23.756001|-1.000000|-1.000000|0.000000|-1|-1|0|0|177|179
399|179|1|GLY|A|670|4|0|000|25.531271|-1.000000|-1.000000|0.000000|-1|-1|0|0|178|180
399|180|3|ALA|A|671|5|0|000|28.201143|-1.000000|-1.000000|0.000000|-1|-1|0|0|179|181
399|181|13|THR|A|672|7|0|000|26.363943|-1.000000|-1.000000|0.000000|-1|-1|0|0|180|182
399|182|19|PRO|A|673|7|0|000|27.840883|-1.000000|-1.000000|0.000000|-1|-1|0|0|181|183
399|183|29|LYS|A|674|9|0|000|23.620899|-1.000000|-1.000000|0.000000|-1|-1|0|0|182|184
399|184|21|ASP|A|675|8|0|000|25.672417|-1.000000|-1.000000|0.000000|-1|-1|0|0|183|185
399|185|1|GLY|A|676|4|0|000|23.518551|-1.000000|-1.000000|0.000000|-1|-1|0|0|184|186
399|186|19|PRO|A|677|7|0|000|22.520935|-1.000000|-1.000000|0.000000|-1|-1|0|0|185|187
399|187|11|SER|A|678|6|0|000|19.399309|-1.000000|-1.000000|0.000000|-1|-1|0|0|186|188
399|188|3|ALA|A|679|5|0|000|16.776081|-1.000000|-1.000000|0.000000|-1|-1|0|0|187|189
399|189|1|GLY|A|680|4|0|000|16.167263|-1.000000|-1.000000|0.000000|-1|-1|0|0|188|190
399|190|9|ILE|A|681|8|0|000|13.434630|-1.000000|-1.000000|0.000000|-1|-1|0|0|189|191
399|191|13|THR|A|682|7|0|000|12.336420|-1.000000|-1.000000|0.000000|-1|-1|0|0|190|192
399|192|17|MET|A|683|8|0|000|14.931961|-1.000000|-1.000000|0.000000|-1|-1|0|0|191|193
399|193|3|ALA|A|684|5|0|000|12.354824|-1.000000|-1.000000|0.000000|-1|-1|0|0|192|194
399|194|13|THR|A|685|7|0|000|8.618735|-1.000000|-1.000000|0.000000|-1|-1|0|0|193|195
399|195|3|ALA|A|686|5|0|000|10.268773|-1.000000|-1.000000|0.000000|-1|-1|0|0|194|196
399|196|9|ILE|A|687|8|0|000|13.421021|-1.000000|-1.000000|0.000000|-1|-1|0|0|195|197
399|197|3|ALA|A|688|5|0|000|10.544080|-1.000000|-1.000000|0.000000|-1|-1|0|0|196|198
399|198|11|SER|A|689|6|0|000|8.439793|-1.000000|-1.000000|0.000000|-1|-1|0|0|197|199
399|199|3|ALA|A|690|5|0|000|11.994127|-1.000000|-1.000000|0.000000|-1|-1|0|0|198|200
399|200|7|LEU|A|691|8|0|000|14.308848|-1.000000|-1.000000|0.000000|-1|-1|0|0|199|201
399|201|11|SER|A|692|6|0|000|11.180276|-1.000000|-1.000000|0.000000|-1|-1|0|0|200|202
399|202|31|ARG|A|693|11|0|000|12.436876|-1.000000|-1.000000|0.000000|-1|-1|0|0|201|203
399|203|31|ARG|A|694|11|0|000|7.458024|-1.000000|-1.000000|0.000000|-1|-1|0|0|202|204
399|204|19|PRO|A|695|7|0|000|4.863216|-1.000000|-1.000000|0.000000|-1|-1|0|0|203|205
399|205|3|ALA|A|696|5|0|000|3.394113|-1.000000|-1.000000|0.000000|-1|-1|0|0|204|206
399|206|31|ARG|A|697|11|0|000|3.607434|-1.000000|-1.000000|0.000000|-1|-1|0|0|205|207
399|207|17|MET|A|698|8|0|000|7.332725|-1.000000|-1.000000|0.000000|-1|-1|0|0|206|208
399|208|21|ASP|A|699|8|0|000|7.838880|-1.000000|-1.000000|0.000000|-1|-1|0|0|207|209
399|209|9|ILE|A|700|8|0|000|7.748385|-1.000000|-1.000000|0.000000|-1|-1|0|0|208|210
399|210|3|ALA|A|701|5|0|000|11.432044|-1.000000|-1.000000|0.000000|-1|-1|0|0|209|211
399|211|17|MET|A|702|8|0|000|11.591251|-1.000000|-1.000000|0.000000|-1|-1|0|0|210|212
399|212|13|THR|A|703|7|0|000|16.341391|-1.000000|-1.000000|0.000000|-1|-1|0|0|211|213
399|213|1|GLY|A|704|4|0|000|17.230190|-1.000000|-1.000000|0.000000|-1|-1|0|0|212|214
399|214|25|GLU|A|705|9|0|000|21.372400|-1.000000|-1.000000|0.000000|-1|-1|0|0|213|215
399|215|5|VAL|A|706|7|0|000|19.098623|-1.000000|-1.000000|0.000000|-1|-1|0|0|214|216
399|216|11|SER|A|707|6|0|000|21.844423|-1.000000|-1.000000|0.000000|-1|-1|0|0|215|217
399|217|7|LEU|A|708|8|0|000|23.358561|-1.000000|-1.000000|0.000000|-1|-1|0|0|216|218
399|218|31|ARG|A|709|11|0|000|24.011671|-1.000000|-1.000000|0.000000|-1|-1|0|0|217|219
399|219|1|GLY|A|710|4|0|000|19.109022|-1.000000|-1.000000|0.000000|-1|-1|0|0|218|220
399|220|29|LYS|A|711|9|0|000|21.497515|-1.000000|-1.000000|0.000000|-1|-1|0|0|219|221
399|221|5|VAL|A|712|7|0|000|18.658724|-1.000000|-1.000000|0.000000|-1|-1|0|0|220|222
399|222|17|MET|A|713|8|0|000|22.459845|-1.000000|-1.000000|0.000000|-1|-1|0|0|221|223
399|223|19|PRO|A|714|7|0|000|23.620201|-1.000000|-1.000000|0.000000|-1|-1|0|0|222|224
399|224|9|ILE|A|715|8|0|000|22.039316|-1.000000|-1.000000|0.000000|-1|-1|0|0|223|225
399|225|1|GLY|A|716|4|0|000|23.927534|-1.000000|-1.000000|0.000000|-1|-1|0|0|224|226
399|226|1|GLY|A|717|4|0|000|23.992664|-1.000000|-1.000000|0.000000|-1|-1|0|0|225|227
399|227|5|VAL|A|718|7|0|000|22.611095|-1.000000|-1.000000|0.000000|-1|-1|0|0|226|228
399|228|29|LYS|A|719|9|0|000|26.042408|-1.000000|-1.000000|0.000000|-1|-1|0|0|227|229
399|229|25|GLU|A|720|9|0|000|25.066629|-1.000000|-1.000000|0.000000|-1|-1|0|0|228|230
399|230|29|LYS|A|721|9|0|000|20.146496|-1.000000|-1.000000|0.000000|-1|-1|0|0|229|231
399|231|7|LEU|A|722|8|0|000|19.437275|-1.000000|-1.000000|0.000000|-1|-1|0|0|230|232
399|232|7|LEU|A|723|8|0|000|23.083387|-1.000000|-1.000000|0.000000|-1|-1|0|0|231|233
399|233|3|ALA|A|724|5|0|000|20.081955|-1.000000|-1.000000|0.000000|-1|-1|0|0|232|234
399|234|3|ALA|A|725|5|0|000|17.255978|-1.000000|-1.000000|0.000000|-1|-1|0|0|233|235
399|235|33|HIS|A|726|10|0|000|20.358786|-1.000000|-1.000000|0.000000|-1|-1|0|0|234|236
399|236|27|GLN|A|727|9|0|000|22.365248|-1.000000|-1.000000|0.000000|-1|-1|0|0|235|237
399|237|3|ALA|A|728|5|0|000|17.857695|-1.000000|-1.000000|0.000000|-1|-1|0|0|236|238
399|238|1|GLY|A|729|4|0|000|16.311733|-1.000000|-1.000000|0.000000|-1|-1|0|0|237|239
399|239|9|ILE|A|730|8|0|000|13.724709|-1.000000|-1.000000|0.000000|-1|-1|0|0|238|240
399|240|33|HIS|A|731|10|0|000|15.599283|-1.000000|-1.000000|0.000000|-1|-1|0|0|239|241
399|241|29|LYS|A|732|9|0|000|11.157002|-1.000000|-1.000000|0.000000|-1|-1|0|0|240|242
399|242|9|ILE|A|733|8|0|000|13.759003|-1.000000|-1.000000|0.000000|-1|-1|0|0|241|243
399|243|5|VAL|A|734|7|0|000|12.496306|-1.000000|-1.000000|0.000000|-1|-1|0|0|242|244
399|244|7|LEU|A|735|8|0|000|17.376526|-1.000000|-1.000000|0.000000|-1|-1|0|0|243|245
399|245|19|PRO|A|736|7|0|000|19.014515|-1.000000|-1.000000|0.000000|-1|-1|0|0|244|246
399|246|29|LYS|A|737|9|0|000|21.896183|-1.000000|-1.000000|0.000000|-1|-1|0|0|245|247
399|247|21|ASP|A|738|8|0|000|24.200943|-1.000000|-1.000000|0.000000|-1|-1|0|0|246|248
399|248|23|ASN|A|739|8|0|000|22.841372|-1.000000|-1.000000|0.000000|-1|-1|0|0|247|249
399|249|25|GLU|A|740|9|0|000|24.041489|-1.000000|-1.000000|0.000000|-1|-1|0|0|248|250
399|250|3|ALA|A|741|5|0|000|27.208605|-1.000000|-1.000000|0.000000|-1|-1|0|0|249|251
399|251|27|GLN|A|742|9|0|000|26.161552|-1.000000|-1.000000|0.000000|-1|-1|0|0|250|252
399|252|7|LEU|A|743|8|0|000|23.606209|-1.000000|-1.000000|0.000000|-1|-1|0|0|251|253
399|253|25|GLU|A|744|9|0|000|28.338844|-1.000000|-1.000000|0.000000|-1|-1|0|0|252|254
399|254|25|GLU|A|745|9|0|000|28.433542|-1.000000|-1.000000|0.000000|-1|-1|0|0|253|255
399|255|7|LEU|A|746|8|0|000|25.513176|-1.000000|-1.000000|0.000000|-1|-1|0|0|254|256
399|256|19|PRO|A|747|7|0|000|27.373465|-1.000000|-1.000000|0.000000|-1|-1|0|0|255|257
399|257|29|LYS|A|748|9|0|000|28.698298|-1.000000|-1.000000|0.000000|-1|-1|0|0|256|258
399|258|25|GLU|A|749|9|0|000|27.674170|-1.000000|-1.000000|0.000000|-1|-1|0|0|257|259
399|259|5|VAL|A|750|7|0|000|23.464903|-1.000000|-1.000000|0.000000|-1|-1|0|0|258|260
399|260|7|LEU|A|751|8|0|000|23.090702|-1.000000|-1.000000|0.000000|-1|-1|0|0|259|261
399|261|25|GLU|A|752|9|0|000|24.632631|-1.000000|-1.000000|0.000000|-1|-1|0|0|260|262
399|262|1|GLY|A|753|4|0|000|19.859131|-1.000000|-1.000000|0.000000|-1|-1|0|0|261|263
399|263|7|LEU|A|754|8|0|000|18.215998|-1.000000|-1.000000|0.000000|-1|-1|0|0|262|264
399|264|25|GLU|A|755|9|0|000|14.890387|-1.000000|-1.000000|0.000000|-1|-1|0|0|263|265
399|265|9|ILE|A|756|8|0|000|16.847218|-1.000000|-1.000000|0.000000|-1|-1|0|0|264|266
399|266|29|LYS|A|757|9|0|000|13.357756|-1.000000|-1.000000|0.000000|-1|-1|0|0|265|267
399|267|7|LEU|A|758|8|0|000|18.011681|-1.000000|-1.000000|0.000000|-1|-1|0|0|266|268
399|268|5|VAL|A|759|7|0|000|16.090809|-1.000000|-1.000000|0.000000|-1|-1|0|0|267|269
399|269|25|GLU|A|760|9|0|000|20.227331|-1.000000|-1.000000|0.000000|-1|-1|0|0|268|270
399|270|21|ASP|A|761|8|0|000|17.017916|-1.000000|-1.000000|0.000000|-1|-1|0|0|269|271
399|271|5|VAL|A|762|7|0|000|14.132990|-1.000000|-1.000000|0.000000|-1|-1|0|0|270|272
399|272|1|GLY|A|763|4|0|000|12.945204|-1.000000|-1.000000|0.000000|-1|-1|0|0|271|273
399|273|25|GLU|A|764|9|0|000|13.840772|-1.000000|-1.000000|0.000000|-1|-1|0|0|272|274
399|274|5|VAL|A|765|7|0|000|10.022000|-1.000000|-1.000000|0.000000|-1|-1|0|0|273|275
399|275|7|LEU|A|766|8|0|000|9.005146|-1.000000|-1.000000|0.000000|-1|-1|0|0|274|276
399|276|25|GLU|A|767|9|0|000|9.285077|-1.000000|-1.000000|0.000000|-1|-1|0|0|275|277
399|277|37|TYR|A|768|12|0|000|7.502733|-1.000000|-1.000000|0.000000|-1|-1|0|0|276|278
399|278|7|LEU|A|769|8|0|000|4.402056|-1.000000|-1.000000|0.000000|-1|-1|0|0|277|279
399|279|7|LEU|A|770|8|0|000|4.709159|-1.000000|-1.000000|0.000000|-1|-1|0|0|278|280
399|280|7|LEU|A|771|8|0|000|4.163629|-1.000000|-1.000000|0.000000|-1|-1|0|0|279|281
399|281|19|PRO|A|772|7|0|000|8.249037|-1.000000|-1.000000|0.000000|-1|-1|0|0|280|282
399|282|25|GLU|A|773|9|0|000|10.850129|-1.000000|-1.000000|0.000000|-1|-1|0|0|281|283
399|283|19|PRO|A|774|7|0|000|11.206120|-1.000000|-1.000000|0.000000|-1|-1|0|0|282|284
399|284|13|THR|A|775|7|0|000|10.765058|-1.000000|-1.000000|0.000000|-1|-1|0|0|283|285
399|285|17|MET|A|776|8|0|000|13.262349|-1.000000|-1.000000|0.000000|-1|-1|0|0|284|286
399|286|19|PRO|A|777|7|0|000|16.904558|-1.000000|-1.000000|0.000000|-1|-1|0|0|285|287
399|287|19|PRO|A|778|7|0|000|18.032242|-1.000000|-1.000000|0.000000|-1|-1|0|0|286|288
399|288|5|VAL|A|779|7|0|000|18.958166|-1.000000|-1.000000|0.000000|-1|-1|0|0|287|289
399|289|5|VAL|A|780|7|0|000|22.229727|-1.000000|-1.000000|0.000000|-1|-1|0|0|288|-1
399|290|53|BO2|A|801|28|1|000|23.255579|-1.000000|-1.000000|0.000000|-1|-1|0|2|-1|-1
399|291|45|_MG|A|802|1|1|000|17.894194|-1.000000|-1.000000|0.000000|-1|-1|0|3|-1|-1
399|292|49|PEG|A|803|7|0|000|29.369555|-1.000000|-1.000000|0.000000|-1|-1|0|4|-1|-1
399|293|53|CIT|A|804|13|0|000|12.298469|-1.000000|-1.000000|0.000000|-1|-1|0|5|-1|-1
399|294|43|HOH|A|901|1|0|000|29.072901|-1.000000|-1.000000|0.000000|-1|-1|0|1|-1|-1
399|295|43|HOH|A|902|1|0|000|6.545125|-1.000000|-1.000000|0.000000|-1|-1|0|1|-1|-1
399|296|43|HOH|A|903|1|0|000|27.582014|-1.000000|-1.000000|0.000000|-1|-1|0|1|-1|-1
399|297|43|HOH|A|904|1|0|000|10.967842|-1.000000|-1.000000|0.000000|-1|-1|0|1|-1|-1
399|298|43|HOH|A|905|1|0|000|13.037992|-1.000000|-1.000000|0.000000|-1|-1|0|1|-1|-1
399|299|43|HOH|A|906|1|0|000|32.156879|-1.000000|-1.000000|0.000000|-1|-1|0|1|-1|-1
399|300|43|HOH|A|907|1|0|000|12.050787|-1.000000|-1.000000|0.000000|-1|-1|0|1|-1|-1
399|301|43|HOH|A|908|1|0|000|29.697735|-1.000000|-1.000000|0.000000|-1|-1|0|1|-1|-1
399|302|43|HOH|A|909|1|0|000|20.162031|-1.000000|-1.000000|0.000000|-1|-1|0|1|-1|-1
399|303|43|HOH|A|910|1|0|000|23.099468|-1.000000|-1.000000|0.000000|-1|-1|0|1|-1|-1
399|304|43|HOH|A|911|1|0|000|30.058622|-1.000000|-1.000000|0.000000|-1|-1|0|1|-1|-1
399|305|43|HOH|A|912|1|0|000|20.507769|-1.000000|-1.000000|0.000000|-1|-1|0|1|-1|-1
399|306|43|HOH|A|913|1|0|000|30.699652|-1.000000|-1.000000|0.000000|-1|-1|0|1|-1|-1
399|307|43|HOH|A|914|1|0|000|23.545280|-1.000000|-1.000000|0.000000|-1|-1|0|1|-1|-1
399|308|43|HOH|A|915|1|0|000|21.240318|-1.000000|-1.000000|0.000000|-1|-1|0|1|-1|-1
399|309|43|HOH|A|916|1|0|000|15.557180|-1.000000|-1.000000|0.000000|-1|-1|0|1|-1|-1
399|310|43|HOH|A|917|1|0|000|10.541908|-1.000000|-1.000000|0.000000|-1|-1|0|1|-1|-1
399|311|43|HOH|A|918|1|0|000|24.977806|-1.000000|-1.000000|0.000000|-1|-1|0|1|-1|-1
399|312|43|HOH|A|919|1|0|000|34.734165|-1.000000|-1.000000|0.000000|-1|-1|0|1|-1|-1
399|313|43|HOH|A|920|1|0|000|19.698505|-1.000000|-1.000000|0.000000|-1|-1|0|1|-1|-1
399|314|43|HOH|A|921|1|0|000|31.035585|-1.000000|-1.000000|0.000000|-1|-1|0|1|-1|-1
399|315|43|HOH|A|922|1|0|000|17.633863|-1.000000|-1.000000|0.000000|-1|-1|0|1|-1|-1
399|316|43|HOH|A|923|1|0|000|27.635679|-1.000000|-1.000000|0.000000|-1|-1|0|1|-1|-1
399|317|43|HOH|A|924|1|0|000|8.308327|-1.000000|-1.000000|0.000000|-1|-1|0|1|-1|-1
399|318|43|HOH|A|925|1|0|000|12.415382|-1.000000|-1.000000|0.000000|-1|-1|0|1|-1|-1
399|319|43|HOH|A|926|1|0|000|31.066044|-1.000000|-1.000000|0.000000|-1|-1|0|1|-1|-1
399|320|43|HOH|A|927|1|0|000|15.319312|-1.000000|-1.000000|0.000000|-1|-1|0|1|-1|-1
399|321|43|HOH|A|928|1|0|000|33.424377|-1.000000|-1.000000|0.000000|-1|-1|0|1|-1|-1
399|322|43|HOH|A|929|1|0|000|28.052755|-1.000000|-1.000000|0.000000|-1|-1|0|1|-1|-1
399|323|43|HOH|A|930|1|0|000|28.063549|-1.000000|-1.000000|0.000000|-1|-1|0|1|-1|-1
399|324|43|HOH|A|931|1|0|000|25.934483|-1.000000|-1.000000|0.000000|-1|-1|0|1|-1|-1
399|325|43|HOH|A|932|1|0|000|36.313179|-1.000000|-1.000000|0.000000|-1|-1|0|1|-1|-1
399|326|43|HOH|A|933|1|0|000|10.443174|-1.000000|-1.000000|0.000000|-1|-1|0|1|-1|-1
399|327|43|HOH|A|934|1|0|000|24.625839|-1.000000|-1.000000|0.000000|-1|-1|0|1|-1|-1
399|328|43|HOH|A|935|1|0|000|22.909653|-1.000000|-1.000000|0.000000|-1|-1|0|1|-1|-1
399|329|43|HOH|A|936|1|0|000|15.831985|-1.000000|-1.000000|0.000000|-1|-1|0|1|-1|-1
399|330|43|HOH|A|937|1|0|000|34.260502|-1.000000|-1.000000|0.000000|-1|-1|0|1|-1|-1
399|331|43|HOH|A|938|1|0|000|23.647272|-1.000000|-1.000000|0.000000|-1|-1|0|1|-1|-1
399|332|43|HOH|A|939|1|0|000|26.929350|-1.000000|-1.000000|0.000000|-1|-1|0|1|-1|-1
399|333|43|HOH|A|940|1|0|000|20.199751|-1.000000|-1.000000|0.000000|-1|-1|0|1|-1|-1
399|334|43|HOH|A|941|1|0|000|23.299238|-1.000000|-1.000000|0.000000|-1|-1|0|1|-1|-1
399|335|43|HOH|A|942|1|0|000|33.280483|-1.000000|-1.000000|0.000000|-1|-1|0|1|-1|-1
399|336|43|HOH|A|943|1|0|000|25.920433|-1.000000|-1.000000|0.000000|-1|-1|0|1|-1|-1
399|337|43|HOH|A|944|1|0|000|31.690748|-1.000000|-1.000000|0.000000|-1|-1|0|1|-1|-1
399|338|43|HOH|A|945|1|0|000|14.861061|-1.000000|-1.000000|0.000000|-1|-1|0|1|-1|-1
399|339|43|HOH|A|946|1|0|000|14.991121|-1.000000|-1.000000|0.000000|-1|-1|0|1|-1|-1
399|340|43|HOH|A|947|1|0|000|17.585552|-1.000000|-1.000000|0.000000|-1|-1|0|1|-1|-1
399|341|43|HOH|A|948|1|0|000|11.825931|-1.000000|-1.000000|0.000000|-1|-1|0|1|-1|-1
399|342|43|HOH|A|949|1|0|000|5.719707|-1.000000|-1.000000|0.000000|-1|-1|0|1|-1|-1
399|343|43|HOH|A|950|1|0|000|20.107054|-1.000000|-1.000000|0.000000|-1|-1|0|1|-1|-1
399|344|43|HOH|A|951|1|0|000|10.898015|-1.000000|-1.000000|0.000000|-1|-1|0|1|-1|-1
399|345|43|HOH|A|952|1|0|000|19.780823|-1.000000|-1.000000|0.000000|-1|-1|0|1|-1|-1
399|346|43|HOH|A|953|1|0|000|12.951838|-1.000000|-1.000000|0.000000|-1|-1|0|1|-1|-1
399|347|43|HOH|A|954|1|0|000|15.556309|-1.000000|-1.000000|0.000000|-1|-1|0|1|-1|-1
399|348|43|HOH|A|955|1|0|000|29.421703|-1.000000|-1.000000|0.000000|-1|-1|0|1|-1|-1
399|349|43|HOH|A|956|1|0|000|14.981850|-1.000000|-1.000000|0.000000|-1|-1|0|1|-1|-1
399|350|43|HOH|A|957|1|0|000|29.905561|-1.000000|-1.000000|0.000000|-1|-1|0|1|-1|-1
399|351|43|HOH|A|958|1|0|000|9.059873|-1.000000|-1.000000|0.000000|-1|-1|0|1|-1|-1
399|352|43|HOH|A|959|1|0|000|26.129272|-1.000000|-1.000000|0.000000|-1|-1|0|1|-1|-1
399|353|43|HOH|A|960|1|0|000|11.741785|-1.000000|-1.000000|0.000000|-1|-1|0|1|-1|-1
399|354|43|HOH|A|961|1|0|000|24.509487|-1.000000|-1.000000|0.000000|-1|-1|0|1|-1|-1
399|355|43|HOH|A|962|1|0|000|33.482029|-1.000000|-1.000000|0.000000|-1|-1|0|1|-1|-1
399|356|43|HOH|A|963|1|0|000|31.314566|-1.000000|-1.000000|0.000000|-1|-1|0|1|-1|-1
399|357|43|HOH|A|964|1|0|000|30.374384|-1.000000|-1.000000|0.000000|-1|-1|0|1|-1|-1
399|358|43|HOH|A|965|1|0|000|18.620323|-1.000000|-1.000000|0.000000|-1|-1|0|1|-1|-1
399|359|43|HOH|A|966|1|0|000|7.274352|-1.000000|-1.000000|0.000000|-1|-1|0|1|-1|-1
399|360|43|HOH|A|967|1|0|000|29.458105|-1.000000|-1.000000|0.000000|-1|-1|0|1|-1|-1
399|361|43|HOH|A|968|1|0|000|7.576155|-1.000000|-1.000000|0.000000|-1|-1|0|1|-1|-1
399|362|43|HOH|A|969|1|0|000|11.368005|-1.000000|-1.000000|0.000000|-1|-1|0|1|-1|-1
399|363|43|HOH|A|970|1|0|000|35.303699|-1.000000|-1.000000|0.000000|-1|-1|0|1|-1|-1
399|364|43|HOH|A|971|1|0|000|24.636391|-1.000000|-1.000000|0.000000|-1|-1|0|1|-1|-1
399|365|43|HOH|A|972|1|0|000|28.369097|-1.000000|-1.000000|0.000000|-1|-1|0|1|-1|-1
399|366|43|HOH|A|973|1|0|000|27.511444|-1.000000|-1.000000|0.000000|-1|-1|0|1|-1|-1
399|367|43|HOH|A|974|1|0|000|25.773348|-1.000000|-1.000000|0.000000|-1|-1|0|1|-1|-1
399|368|43|HOH|A|975|1|0|000|21.385355|-1.000000|-1.000000|0.000000|-1|-1|0|1|-1|-1
399|369|43|HOH|A|976|1|0|000|24.931559|-1.000000|-1.000000|0.000000|-1|-1|0|1|-1|-1
399|370|43|HOH|A|977|1|0|000|6.976260|-1.000000|-1.000000|0.000000|-1|-1|0|1|-1|-1
399|371|43|HOH|A|978|1|0|000|12.516460|-1.000000|-1.000000|0.000000|-1|-1|0|1|-1|-1
399|372|43|HOH|A|979|1|0|000|7.869247|-1.000000|-1.000000|0.000000|-1|-1|0|1|-1|-1
399|373|43|HOH|A|980|1|0|000|23.694998|-1.000000|-1.000000|0.000000|-1|-1|0|1|-1|-1
399|374|43|HOH|A|981|1|0|000|19.967365|-1.000000|-1.000000|0.000000|-1|-1|0|1|-1|-1
399|375|43|HOH|A|982|1|0|000|24.470060|-1.000000|-1.000000|0.000000|-1|-1|0|1|-1|-1
399|376|43|HOH|A|983|1|0|000|23.194473|-1.000000|-1.000000|0.000000|-1|-1|0|1|-1|-1
399|377|43|HOH|A|984|1|0|000|22.411055|-1.000000|-1.000000|0.000000|-1|-1|0|1|-1|-1
399|378|43|HOH|A|985|1|0|000|14.867978|-1.000000|-1.000000|0.000000|-1|-1|0|1|-1|-1
399|379|43|HOH|A|986|1|0|000|25.076660|-1.000000|-1.000000|0.000000|-1|-1|0|1|-1|-1
399|380|43|HOH|A|987|1|0|000|15.364407|-1.000000|-1.000000|0.000000|-1|-1|0|1|-1|-1
399|381|43|HOH|A|988|1|0|000|23.922682|-1.000000|-1.000000|0.000000|-1|-1|0|1|-1|-1
399|382|43|HOH|A|989|1|0|000|20.857565|-1.000000|-1.000000|0.000000|-1|-1|0|1|-1|-1
399|383|43|HOH|A|990|1|0|000|16.244490|-1.000000|-1.000000|0.000000|-1|-1|0|1|-1|-1
399|384|43|HOH|A|991|1|0|000|31.044153|-1.000000|-1.000000|0.000000|-1|-1|0|1|-1|-1
399|385|43|HOH|A|992|1|0|000|16.321564|-1.000000|-1.000000|0.000000|-1|-1|0|1|-1|-1
399|386|43|HOH|A|993|1|0|000|27.692446|-1.000000|-1.000000|0.000000|-1|-1|0|1|-1|-1
399|387|43|HOH|A|994|1|0|000|21.545460|-1.000000|-1.000000|0.000000|-1|-1|0|1|-1|-1
399|388|43|HOH|A|995|1|0|000|13.032831|-1.000000|-1.000000|0.000000|-1|-1|0|1|-1|-1
399|389|43|HOH|A|996|1|0|000|12.740571|-1.000000|-1.000000|0.000000|-1|-1|0|1|-1|-1
399|390|43|HOH|A|997|1|0|000|24.069618|-1.000000|-1.000000|0.000000|-1|-1|0|1|-1|-1
399|391|43|HOH|A|998|1|0|000|24.530733|-1.000000|-1.000000|0.000000|-1|-1|0|1|-1|-1
399|392|43|HOH|A|999|1|0|000|15.790391|-1.000000|-1.000000|0.000000|-1|-1|0|1|-1|-1
399|393|43|HOH|A|1000|1|0|000|26.911863|-1.000000|-1.000000|0.000000|-1|-1|0|1|-1|-1
399|394|43|HOH|A|1001|1|0|000|27.613028|-1.000000|-1.000000|0.000000|-1|-1|0|1|-1|-1
399|395|43|HOH|A|1002|1|0|000|26.407558|-1.000000|-1.000000|0.000000|-1|-1|0|1|-1|-1
399|396|43|HOH|A|1003|1|0|000|26.365295|-1.000000|-1.000000|0.000000|-1|-1|0|1|-1|-1
399|397|43|HOH|A|1004|1|0|000|22.599224|-1.000000|-1.000000|0.000000|-1|-1|0|1|-1|-1
399|398|43|HOH|A|1005|1|0|000|26.128223|-1.000000|-1.000000|0.000000|-1|-1|0|1|-1|-1
399|399|43|HOH|A|1006|1|0|000|18.553623|-1.000000|-1.000000|0.000000|-1|-1|0|1|-1|-1
399|400|43|HOH|A|1007|1|0|000|21.418056|-1.000000|-1.000000|0.000000|-1|-1|0|1|-1|-1
399|401|43|HOH|A|1008|1|0|000|5.549212|-1.000000|-1.000000|0.000000|-1|-1|0|1|-1|-1
399|402|43|HOH|A|1009|1|0|000|16.891333|-1.000000|-1.000000|0.000000|-1|-1|0|1|-1|-1
399|403|43|HOH|A|1010|1|0|000|36.501953|-1.000000|-1.000000|0.000000|-1|-1|0|1|-1|-1
399|404|43|HOH|A|1011|1|0|000|26.524551|-1.000000|-1.000000|0.000000|-1|-1|0|1|-1|-1
399|405|43|HOH|A|1012|1|0|000|12.137823|-1.000000|-1.000000|0.000000|-1|-1|0|1|-1|-1
399|406|43|HOH|A|1013|1|0|000|17.465105|-1.000000|-1.000000|0.000000|-1|-1|0|1|-1|-1
399|407|43|HOH|A|1014|1|0|000|23.484322|-1.000000|-1.000000|0.000000|-1|-1|0|1|-1|-1
399|408|43|HOH|A|1015|1|0|000|21.912518|-1.000000|-1.000000|0.000000|-1|-1|0|1|-1|-1
399|409|43|HOH|A|1016|1|0|000|27.114059|-1.000000|-1.000000|0.000000|-1|-1|0|1|-1|-1
399|410|43|HOH|A|1017|1|0|000|33.816738|-1.000000|-1.000000|0.000000|-1|-1|0|1|-1|-1
399|411|43|HOH|A|1018|1|0|000|31.927584|-1.000000|-1.000000|0.000000|-1|-1|0|1|-1|-1
399|412|43|HOH|A|1019|1|0|000|21.991442|-1.000000|-1.000000|0.000000|-1|-1|0|1|-1|-1
399|413|43|HOH|A|1020|1|0|000|21.183250|-1.000000|-1.000000|0.000000|-1|-1|0|1|-1|-1
399|414|43|HOH|A|1021|1|0|000|26.203274|-1.000000|-1.000000|0.000000|-1|-1|0|1|-1|-1
399|415|43|HOH|A|1022|1|0|000|25.741337|-1.000000|-1.000000|0.000000|-1|-1|0|1|-1|-1
399|416|43|HOH|A|1023|1|0|000|16.228687|-1.000000|-1.000000|0.000000|-1|-1|0|1|-1|-1
399|417|43|HOH|A|1024|1|0|000|19.234697|-1.000000|-1.000000|0.000000|-1|-1|0|1|-1|-1
399|418|43|HOH|A|1025|1|0|000|32.610355|-1.000000|-1.000000|0.000000|-1|-1|0|1|-1|-1
399|419|43|HOH|A|1026|1|0|000|22.056837|-1.000000|-1.000000|0.000000|-1|-1|0|1|-1|-1
399|420|43|HOH|A|1027|1|0|000|11.805801|-1.000000|-1.000000|0.000000|-1|-1|0|1|-1|-1
399|421|43|HOH|A|1028|1|0|000|20.220196|-1.000000|-1.000000|0.000000|-1|-1|0|1|-1|-1
399|422|43|HOH|A|1029|1|0|000|30.353527|-1.000000|-1.000000|0.000000|-1|-1|0|1|-1|-1
399|423|43|HOH|A|1030|1|0|000|27.359070|-1.000000|-1.000000|0.000000|-1|-1|0|1|-1|-1
399|424|43|HOH|A|1031|1|0|000|27.333315|-1.000000|-1.000000|0.000000|-1|-1|0|1|-1|-1
399|425|43|HOH|A|1032|1|0|000|17.801338|-1.000000|-1.000000|0.000000|-1|-1|0|1|-1|-1
399|426|43|HOH|A|1033|1|0|000|24.443851|-1.000000|-1.000000|0.000000|-1|-1|0|1|-1|-1
399|427|43|HOH|A|1034|1|0|000|18.894150|-1.000000|-1.000000|0.000000|-1|-1|0|1|-1|-1
399|428|43|HOH|A|1035|1|0|000|32.250877|-1.000000|-1.000000|0.000000|-1|-1|0|1|-1|-1
399|429|43|HOH|A|1036|1|0|000|30.606970|-1.000000|-1.000000|0.000000|-1|-1|0|1|-1|-1
399|430|43|HOH|A|1037|1|0|000|15.456915|-1.000000|-1.000000|0.000000|-1|-1|0|1|-1|-1
399|431|43|HOH|A|1038|1|0|000|22.931957|-1.000000|-1.000000|0.000000|-1|-1|0|1|-1|-1
399|432|43|HOH|A|1039|1|0|000|17.616419|-1.000000|-1.000000|0.000000|-1|-1|0|1|-1|-1
399|433|43|HOH|A|1040|1|0|000|35.254944|-1.000000|-1.000000|0.000000|-1|-1|0|1|-1|-1
399|434|43|HOH|A|1041|1|0|000|34.126331|-1.000000|-1.000000|0.000000|-1|-1|0|1|-1|-1
399|435|43|HOH|A|1042|1|0|000|7.880836|-1.000000|-1.000000|0.000000|-1|-1|0|1|-1|-1
399|436|43|HOH|A|1043|1|0|000|26.380539|-1.000000|-1.000000|0.000000|-1|-1|0|1|-1|-1
399|437|43|HOH|A|1044|1|0|000|24.579464|-1.000000|-1.000000|0.000000|-1|-1|0|1|-1|-1
399|438|43|HOH|A|1045|1|0|000|25.968466|-1.000000|-1.000000|0.000000|-1|-1|0|1|-1|-1
399|439|43|HOH|A|1046|1|0|000|26.378405|-1.000000|-1.000000|0.000000|-1|-1|0|1|-1|-1
399|440|43|HOH|A|1047|1|0|000|15.831841|-1.000000|-1.000000|0.000000|-1|-1|0|1|-1|-1
399|441|43|HOH|A|1048|1|0|000|28.758438|-1.000000|-1.000000|0.000000|-1|-1|0|1|-1|-1
399|442|43|HOH|A|1049|1|0|000|10.008069|-1.000000|-1.000000|0.000000|-1|-1|0|1|-1|-1
399|443|43|HOH|A|1050|1|0|000|26.641008|-1.000000|-1.000000|0.000000|-1|-1|0|1|-1|-1
399|444|43|HOH|A|1051|1|0|000|33.689163|-1.000000|-1.000000|0.000000|-1|-1|0|1|-1|-1
399|445|43|HOH|A|1052|1|0|000|9.586641|-1.000000|-1.000000|0.000000|-1|-1|0|1|-1|-1
399|446|43|HOH|A|1053|1|0|000|9.862120|-1.000000|-1.000000|0.000000|-1|-1|0|1|-1|-1
399|447|43|HOH|A|1054|1|0|000|27.051964|-1.000000|-1.000000|0.000000|-1|-1|0|1|-1|-1
399|448|43|HOH|A|1055|1|0|000|26.255489|-1.000000|-1.000000|0.000000|-1|-1|0|1|-1|-1
399|449|43|HOH|A|1056|1|0|000|22.611828|-1.000000|-1.000000|0.000000|-1|-1|0|1|-1|-1
399|450|43|HOH|A|1057|1|0|000|15.013637|-1.000000|-1.000000|0.000000|-1|-1|0|1|-1|-1
399|451|43|HOH|A|1058|1|0|000|18.649481|-1.000000|-1.000000|0.000000|-1|-1|0|1|-1|-1
399|452|43|HOH|A|1059|1|0|000|27.286556|-1.000000|-1.000000|0.000000|-1|-1|0|1|-1|-1
399|453|43|HOH|A|1060|1|0|000|35.156952|-1.000000|-1.000000|0.000000|-1|-1|0|1|-1|-1
399|454|43|HOH|A|1061|1|0|000|15.141330|-1.000000|-1.000000|0.000000|-1|-1|0|1|-1|-1
399|455|43|HOH|A|1062|1|0|000|22.484949|-1.000000|-1.000000|0.000000|-1|-1|0|1|-1|-1
399|456|43|HOH|A|1063|1|0|000|7.219694|-1.000000|-1.000000|0.000000|-1|-1|0|1|-1|-1
399|457|43|HOH|A|1064|1|0|000|24.681593|-1.000000|-1.000000|0.000000|-1|-1|0|1|-1|-1
399|458|43|HOH|A|1065|1|0|000|22.058701|-1.000000|-1.000000|0.000000|-1|-1|0|1|-1|-1
399|459|43|HOH|A|1066|1|0|000|18.421915|-1.000000|-1.000000|0.000000|-1|-1|0|1|-1|-1
399|460|43|HOH|A|1067|1|0|000|14.346037|-1.000000|-1.000000|0.000000|-1|-1|0|1|-1|-1
399|461|43|HOH|A|1068|1|0|000|23.173243|-1.000000|-1.000000|0.000000|-1|-1|0|1|-1|-1
399|462|43|HOH|A|1069|1|0|000|12.078093|-1.000000|-1.000000|0.000000|-1|-1|0|1|-1|-1
399|463|43|HOH|A|1070|1|0|000|29.133345|-1.000000|-1.000000|0.000000|-1|-1|0|1|-1|-1
399|464|43|HOH|A|1071|1|0|000|29.429720|-1.000000|-1.000000|0.000000|-1|-1|0|1|-1|-1
399|465|43|HOH|A|1072|1|0|000|25.895113|-1.000000|-1.000000|0.000000|-1|-1|0|1|-1|-1
399|466|43|HOH|A|1073|1|0|000|32.724480|-1.000000|-1.000000|0.000000|-1|-1|0|1|-1|-1
399|467|43|HOH|A|1074|1|0|000|29.899332|-1.000000|-1.000000|0.000000|-1|-1|0|1|-1|-1
399|468|43|HOH|A|1075|1|0|000|15.475019|-1.000000|-1.000000|0.000000|-1|-1|0|1|-1|-1
399|469|43|HOH|A|1076|1|0|000|22.919971|-1.000000|-1.000000|0.000000|-1|-1|0|1|-1|-1
399|470|43|HOH|A|1077|1|0|000|26.261389|-1.000000|-1.000000|0.000000|-1|-1|0|1|-1|-1
399|471|43|HOH|A|1078|1|0|000|28.447758|-1.000000|-1.000000|0.000000|-1|-1|0|1|-1|-1
399|472|43|HOH|A|1079|1|0|000|21.482368|-1.000000|-1.000000|0.000000|-1|-1|0|1|-1|-1
399|473|43|HOH|A|1080|1|0|000|19.361092|-1.000000|-1.000000|0.000000|-1|-1|0|1|-1|-1
399|474|43|HOH|A|1081|1|0|000|29.979755|-1.000000|-1.000000|0.000000|-1|-1|0|1|-1|-1
399|475|43|HOH|A|1082|1|0|000|12.845159|-1.000000|-1.000000|0.000000|-1|-1|0|1|-1|-1
399|476|43|HOH|A|1083|1|0|000|27.116846|-1.000000|-1.000000|0.000000|-1|-1|0|1|-1|-1
399|477|43|HOH|A|1084|1|0|000|19.797344|-1.000000|-1.000000|0.000000|-1|-1|0|1|-1|-1
399|478|43|HOH|A|1085|1|0|000|17.455420|-1.000000|-1.000000|0.000000|-1|-1|0|1|-1|-1
399|479|43|HOH|A|1086|1|0|000|26.068962|-1.000000|-1.000000|0.000000|-1|-1|0|1|-1|-1
399|480|43|HOH|A|1087|1|0|000|12.124655|-1.000000|-1.000000|0.000000|-1|-1|0|1|-1|-1
399|481|43|HOH|A|1088|1|0|000|11.054482|-1.000000|-1.000000|0.000000|-1|-1|0|1|-1|-1
399|482|43|HOH|A|1089|1|0|000|13.597831|-1.000000|-1.000000|0.000000|-1|-1|0|1|-1|-1
399|483|43|HOH|A|1090|1|0|000|21.231754|-1.000000|-1.000000|0.000000|-1|-1|0|1|-1|-1
399|484|43|HOH|A|1091|1|0|000|13.025445|-1.000000|-1.000000|0.000000|-1|-1|0|1|-1|-1
399|485|43|HOH|A|1092|1|0|000|8.233518|-1.000000|-1.000000|0.000000|-1|-1|0|1|-1|-1
399|486|43|HOH|A|1093|1|0|000|30.725794|-1.000000|-1.000000|0.000000|-1|-1|0|1|-1|-1
399|487|43|HOH|A|1094|1|0|000|19.204861|-1.000000|-1.000000|0.000000|-1|-1|0|1|-1|-1
399|488|43|HOH|A|1095|1|0|000|10.644006|-1.000000|-1.000000|0.000000|-1|-1|0|1|-1|-1
399|489|43|HOH|A|1096|1|0|000|12.733354|-1.000000|-1.000000|0.000000|-1|-1|0|1|-1|-1
399|490|43|HOH|A|1097|1|0|000|18.884247|-1.000000|-1.000000|0.000000|-1|-1|0|1|-1|-1
399|491|43|HOH|A|1098|1|0|000|24.902020|-1.000000|-1.000000|0.000000|-1|-1|0|1|-1|-1
399|492|43|HOH|A|1099|1|0|000|20.280434|-1.000000|-1.000000|0.000000|-1|-1|0|1|-1|-1
399|493|43|HOH|A|1100|1|0|000|18.844042|-1.000000|-1.000000|0.000000|-1|-1|0|1|-1|-1
399|494|43|HOH|A|1101|1|0|000|25.914022|-1.000000|-1.000000|0.000000|-1|-1|0|1|-1|-1
399|495|43|HOH|A|1102|1|0|000|14.967413|-1.000000|-1.000000|0.000000|-1|-1|0|1|-1|-1
399|496|43|HOH|A|1103|1|0|000|16.483936|-1.000000|-1.000000|0.000000|-1|-1|0|1|-1|-1
399|497|43|HOH|A|1104|1|0|000|10.948439|-1.000000|-1.000000|0.000000|-1|-1|0|1|-1|-1
399|498|43|HOH|A|1105|1|0|000|22.698706|-1.000000|-1.000000|0.000000|-1|-1|0|1|-1|-1
399|499|43|HOH|A|1106|1|0|000|29.181326|-1.000000|-1.000000|0.000000|-1|-1|0|1|-1|-1
399|500|43|HOH|A|1107|1|0|000|19.647215|-1.000000|-1.000000|0.000000|-1|-1|0|1|-1|-1
399|501|43|HOH|A|1108|1|0|000|20.060492|-1.000000|-1.000000|0.000000|-1|-1|0|1|-1|-1
399|502|43|HOH|A|1109|1|0|000|18.413139|-1.000000|-1.000000|0.000000|-1|-1|0|1|-1|-1
399|503|43|HOH|A|1110|1|0|000|11.591797|-1.000000|-1.000000|0.000000|-1|-1|0|1|-1|-1
399|504|43|HOH|A|1111|1|0|000|21.298269|-1.000000|-1.000000|0.000000|-1|-1|0|1|-1|-1
399|505|43|HOH|A|1112|1|0|000|33.898384|-1.000000|-1.000000|0.000000|-1|-1|0|1|-1|-1
399|506|43|HOH|A|1113|1|0|000|12.647119|-1.000000|-1.000000|0.000000|-1|-1|0|1|-1|-1
399|507|43|HOH|A|1114|1|0|000|25.535490|-1.000000|-1.000000|0.000000|-1|-1|0|1|-1|-1
399|508|43|HOH|A|1115|1|0|000|5.201840|-1.000000|-1.000000|0.000000|-1|-1|0|1|-1|-1
399|509|43|HOH|A|1116|1|0|000|32.720100|-1.000000|-1.000000|0.000000|-1|-1|0|1|-1|-1
399|510|43|HOH|A|1117|1|0|000|23.057941|-1.000000|-1.000000|0.000000|-1|-1|0|1|-1|-1
399|511|43|HOH|A|1118|1|0|000|33.250912|-1.000000|-1.000000|0.000000|-1|-1|0|1|-1|-1
399|512|43|HOH|A|1119|1|0|000|16.146173|-1.000000|-1.000000|0.000000|-1|-1|0|1|-1|-1
399|513|43|HOH|A|1120|1|0|000|26.065866|-1.000000|-1.000000|0.000000|-1|-1|0|1|-1|-1
399|514|43|HOH|A|1121|1|0|000|13.493120|-1.000000|-1.000000|0.000000|-1|-1|0|1|-1|-1
399|515|43|HOH|A|1122|1|0|000|27.985125|-1.000000|-1.000000|0.000000|-1|-1|0|1|-1|-1
399|516|43|HOH|A|1123|1|0|000|30.845430|-1.000000|-1.000000|0.000000|-1|-1|0|1|-1|-1
399|517|43|HOH|A|1124|1|0|000|26.347948|-1.000000|-1.000000|0.000000|-1|-1|0|1|-1|-1
399|518|43|HOH|A|1125|1|0|000|24.484098|-1.000000|-1.000000|0.000000|-1|-1|0|1|-1|-1
399|519|43|HOH|A|1126|1|0|000|20.412323|-1.000000|-1.000000|0.000000|-1|-1|0|1|-1|-1
399|520|43|HOH|A|1127|1|0|000|10.222320|-1.000000|-1.000000|0.000000|-1|-1|0|1|-1|-1
399|521|43|HOH|A|1128|1|0|000|18.094065|-1.000000|-1.000000|0.000000|-1|-1|0|1|-1|-1
399|522|43|HOH|A|1129|1|0|000|12.478675|-1.000000|-1.000000|0.000000|-1|-1|0|1|-1|-1
399|523|43|HOH|A|1130|1|0|000|27.902452|-1.000000|-1.000000|0.000000|-1|-1|0|1|-1|-1
399|524|43|HOH|A|1131|1|0|000|27.793812|-1.000000|-1.000000|0.000000|-1|-1|0|1|-1|-1
399|525|43|HOH|A|1132|1|0|000|33.888348|-1.000000|-1.000000|0.000000|-1|-1|0|1|-1|-1
399|526|43|HOH|A|1133|1|0|000|25.206516|-1.000000|-1.000000|0.000000|-1|-1|0|1|-1|-1
399|527|43|HOH|A|1134|1|0|000|26.610592|-1.000000|-1.000000|0.000000|-1|-1|0|1|-1|-1
399|528|43|HOH|A|1135|1|0|000|14.854300|-1.000000|-1.000000|0.000000|-1|-1|0|1|-1|-1
399|529|43|HOH|A|1136|1|0|000|29.465528|-1.000000|-1.000000|0.000000|-1|-1|0|1|-1|-1
399|530|43|HOH|A|1137|1|0|000|31.933834|-1.000000|-1.000000|0.000000|-1|-1|0|1|-1|-1
399|531|43|HOH|A|1138|1|0|000|27.336119|-1.000000|-1.000000|0.000000|-1|-1|0|1|-1|-1
399|532|43|HOH|A|1139|1|0|000|15.137994|-1.000000|-1.000000|0.000000|-1|-1|0|1|-1|-1
399|533|43|HOH|A|1140|1|0|000|25.601770|-1.000000|-1.000000|0.000000|-1|-1|0|1|-1|-1
399|534|43|HOH|A|1141|1|0|000|26.861397|-1.000000|-1.000000|0.000000|-1|-1|0|1|-1|-1
399|535|43|HOH|A|1142|1|0|000|23.945034|-1.000000|-1.000000|0.000000|-1|-1|0|1|-1|-1
399|536|43|HOH|A|1143|1|0|000|20.866224|-1.000000|-1.000000|0.000000|-1|-1|0|1|-1|-1
399|537|43|HOH|A|1144|1|0|000|33.393505|-1.000000|-1.000000|0.000000|-1|-1|0|1|-1|-1
399|538|43|HOH|A|1145|1|0|000|22.839436|-1.000000|-1.000000|0.000000|-1|-1|0|1|-1|-1
399|539|43|HOH|A|1146|1|0|000|27.019268|-1.000000|-1.000000|0.000000|-1|-1|0|1|-1|-1
399|540|43|HOH|A|1147|1|0|000|14.323860|-1.000000|-1.000000|0.000000|-1|-1|0|1|-1|-1
399|541|43|HOH|A|1148|1|0|000|26.871984|-1.000000|-1.000000|0.000000|-1|-1|0|1|-1|-1
399|542|43|HOH|A|1149|1|0|000|18.719538|-1.000000|-1.000000|0.000000|-1|-1|0|1|-1|-1
399|543|43|HOH|A|1150|1|0|000|25.103127|-1.000000|-1.000000|0.000000|-1|-1|0|1|-1|-1
399|544|43|HOH|A|1151|1|0|000|24.642323|-1.000000|-1.000000|0.000000|-1|-1|0|1|-1|-1
399|545|43|HOH|A|1152|1|0|000|21.762276|-1.000000|-1.000000|0.000000|-1|-1|0|1|-1|-1
