399|0|-1|25|1|474|GLY|143|10|2442|-O--|428|8|2|0011|3.015282|-0.701095|0.006963|0.713034|26.982082|0.035487|0.054685
399|1|-1|47|2|354|TYR|3743|14|2322|-O--|428|8|2|0011|2.716877|0.417023|0.883736|0.212376|25.866270|0.079492|0.122497
399|2|-1|92|3|471|THR|1343|28|2439|-OG1|1728|8|3|0011|3.809418|0.056439|-0.340736|0.938464|0.879507|0.004149|0.006393
399|3|-1|142|4|390|ASN|2343|36|2358|-OD1|828|8|2|0011|2.792341|-0.340575|-0.798967|0.495642|10.387571|0.064826|0.099896
399|4|-1|143|4|477|ASN|2343|36|2445|-OD1|828|8|2|0011|3.109234|0.697278|0.489192|0.523923|16.390247|0.027529|0.042422
399|5|-1|201|6|330|GLU|2543|54|2298|-OE2|1028|8|2|0011|2.672824|-0.393592|-0.905032|-0.161253|11.548246|0.089543|0.137986
399|6|-1|259|8|423|GLN|2743|67|2391|-O--|428|8|2|0011|2.862132|0.162117|-0.772852|0.613529|14.055079|0.053682|0.082724
399|7|-1|279|8|352|GLN|2743|71|2320|-OE1|828|8|2|0011|2.713408|-0.434509|0.189798|0.880443|31.806219|0.080241|0.123651
399|8|-1|372|12|505|ARG|3143|94|2473|-O--|428|8|2|0011|3.734845|-0.646345|-0.664020|-0.375919|32.743973|0.005075|0.007821
399|9|-1|378|12|356|ARG|3143|94|2324|-O--|428|8|2|0011|2.717028|0.542136|-0.807135|-0.233711|45.153553|0.079460|0.122447
399|10|-1|426|13|363|GLN|2743|105|2331|-O--|428|8|2|0011|2.730596|-0.699481|-0.516741|-0.493665|6.644542|0.076598|0.118038
399|11|-1|433|13|444|GLN|2743|105|2412|-O--|428|8|2|0011|2.912370|0.607409|-0.122238|-0.784928|50.604507|0.046866|0.072221
399|12|-1|456|14|428|TYR|3743|114|2396|-O--|428|8|2|0011|2.874297|-0.226838|-0.291549|-0.929271|64.905533|0.051946|0.080048
399|13|-1|574|17|411|PRO|1943|148|2379|-O--|428|8|2|0011|2.828271|0.051268|-0.996722|-0.062582|8.436952|0.058826|0.090652
399|14|-1|662|19|311|GLN|2743|164|2279|-O--|428|8|2|0011|2.597795|0.481947|0.863041|0.151282|34.420498|0.109673|0.169006
399|15|-1|678|19|303|GLN|2743|168|2271|-OE1|828|8|2|0011|2.765964|0.655829|0.754890|-0.005423|28.303574|0.069616|0.107278
399|16|-1|679|19|311|GLN|2743|168|2279|-OE1|828|8|2|0011|2.894263|0.748723|-0.628137|-0.211798|18.001966|0.049217|0.075843
399|17|-1|733|21|466|ARG|3143|180|2434|-O--|428|8|2|0011|3.573600|0.144672|-0.985002|0.094023|10.970272|0.007847|0.012093
399|18|-1|760|22|422|GLU|2543|191|2390|-O--|428|8|2|0011|2.861030|-0.114295|0.635780|-0.763362|33.061485|0.053842|0.082971
399|19|-1|761|22|513|GLU|2543|191|2481|-O--|428|8|2|0011|3.939680|0.663252|0.452320|0.596241|27.169275|0.002918|0.004496
399|20|-1|766|22|418|GLU|2543|196|2386|-OE2|1028|8|2|0011|2.848450|-0.304376|-0.735842|-0.604890|0.374386|0.055704|0.085840
399|21|-1|784|23|414|SER|1143|200|2382|-O--|428|8|2|0011|2.836364|0.469263|0.808079|0.356090|13.752712|0.057554|0.088690
399|22|-1|812|24|434|GLY|143|206|2402|-O--|428|8|2|0011|3.392634|-0.446850|-0.818244|-0.361666|49.306248|0.012798|0.019722
399|23|-1|814|24|466|GLY|143|206|2434|-O--|428|8|2|0011|3.492358|-0.875340|0.097354|-0.473606|5.775347|0.009774|0.015062
399|24|-1|821|24|321|GLY|143|206|2289|-O--|428|8|2|0011|2.648856|0.405458|-0.030583|-0.913602|20.627670|0.095535|0.147220
399|25|-1|878|26|434|GLU|2543|218|2402|-O--|428|8|2|0011|2.885749|0.749892|0.278267|-0.600191|58.961342|0.050362|0.077609
399|26|-1|888|26|325|GLU|2543|222|2293|-OE1|1028|8|2|0011|2.663403|-0.538409|0.433283|-0.722760|10.836756|0.091852|0.141544
399|27|-1|889|26|312|GLU|2543|222|2280|-OE1|1028|8|2|0011|2.598001|0.876443|0.376442|-0.300231|12.236114|0.109611|0.168911
399|28|-1|890|26|325|GLU|2543|223|2293|-OE2|1028|8|2|0011|3.491599|0.093080|0.654429|-0.750372|12.650249|0.009794|0.015093
399|29|-1|891|26|411|GLU|2543|223|2379|-OE2|1028|8|2|0011|3.902082|-0.033828|0.741913|0.669643|3.143519|0.003230|0.004977
399|30|-1|985|29|384|ILE|943|242|2352|-O--|428|8|2|0011|2.776670|-0.304682|-0.190876|-0.933132|2.951026|0.067630|0.104218
399|31|-1|1023|30|509|GLU|2543|254|2477|-OE1|1028|8|2|0011|3.884319|-0.980867|-0.186646|0.055351|29.444727|0.003389|0.005222
399|32|-1|1024|30|306|GLU|2543|254|2274|-OE1|1028|8|2|0011|2.568826|-0.839294|0.543443|-0.015961|2.389880|0.118604|0.182770
399|33|-1|1025|30|335|GLU|2543|254|2303|-OE1|1028|8|2|0011|2.683871|-0.038378|-0.846534|-0.530949|4.802023|0.086909|0.133927
399|34|-1|1026|30|306|GLU|2543|255|2274|-OE2|1028|8|2|0011|3.222393|-0.816474|0.064238|-0.573797|2.639591|0.020275|0.031244
399|35|-1|1078|32|447|THR|1343|268|2415|-OG1|1728|8|3|0011|3.756544|-0.894972|-0.343135|0.285103|4.464509|0.004786|0.007376
399|36|-1|1079|32|404|THR|1343|268|2372|-OG1|1728|8|3|0011|3.970526|-0.379547|-0.599164|0.704944|48.709698|0.002684|0.004136
399|37|-1|1114|33|367|ASP|2143|273|2335|-O--|428|8|2|0011|2.748156|-0.766696|0.313298|-0.560376|5.491365|0.073048|0.112567
399|38|-1|1115|33|494|ASP|2143|273|2462|-O--|428|8|2|0011|3.797553|-0.630933|-0.319416|0.707034|41.710205|0.004284|0.006602
399|39|-1|1138|33|299|ASP|2143|276|2267|-OD1|1028|8|2|0011|3.534357|-0.666600|-0.737330|-0.109497|3.687985|0.008725|0.013446
399|40|-1|1139|33|301|ASP|2143|276|2269|-OD1|1028|8|2|0011|2.542408|-0.451148|0.428732|-0.782723|18.448328|0.127383|0.196297
399|41|-1|1140|33|423|ASP|2143|276|2391|-OD1|1028|8|2|0011|3.670117|-0.185008|0.958009|-0.219067|1.040520|0.006046|0.009316
399|42|-1|1141|33|463|ASP|2143|276|2431|-OD1|1028|8|2|0011|3.739077|0.505740|-0.749383|0.427378|2.158022|0.005018|0.007732
399|43|-1|1142|33|299|ASP|2143|277|2267|-OD2|1028|8|2|0011|2.508724|-0.338020|-0.669259|-0.661691|1.200643|0.139523|0.215006
399|44|-1|1143|33|357|ASP|2143|277|2325|-OD2|1028|8|2|0011|2.718387|-0.253826|-0.457255|0.852344|17.155857|0.079168|0.121998
399|45|-1|1144|33|301|ASP|2143|277|2269|-OD2|1028|8|2|0011|3.853029|0.093693|0.523488|-0.846866|13.768023|0.003688|0.005683
399|46|-1|1145|33|463|ASP|2143|277|2431|-OD2|1028|8|2|0011|3.895440|0.872559|-0.481332|0.083431|0.070229|0.003288|0.005067
399|47|-1|1171|34|368|ALA|343|281|2336|-O--|428|8|2|0011|2.740842|-0.481968|0.127333|0.866887|4.752810|0.074506|0.114815
399|48|-1|1258|37|500|LEU|743|299|2468|-O--|428|8|2|0011|3.926406|-0.030307|-0.472698|0.880703|45.757957|0.003024|0.004660
399|49|-1|1382|40|309|ILE|943|325|2277|-O--|428|8|2|0011|3.831507|-0.098917|0.669713|0.736003|9.016701|0.003908|0.006023
399|50|-1|1408|41|309|SER|1143|333|2277|-O--|428|8|2|0011|2.578706|-0.447511|0.853915|-0.265637|6.474563|0.115479|0.177954
399|51|-1|1419|41|302|SER|1143|335|2270|-OG-|1728|8|3|0011|2.544735|-0.280972|-0.719918|0.634644|18.918583|0.126584|0.195066
399|52|-1|1420|41|477|SER|1143|335|2445|-OG-|1728|8|3|0011|3.090669|-0.632873|0.771681|-0.063093|32.946552|0.028945|0.044605
399|53|-1|1464|42|478|GLU|2543|344|2446|-OE2|1028|8|2|0011|3.113256|-0.732995|-0.529353|-0.427206|20.183651|0.027231|0.041963
399|54|-1|1483|43|349|TYR|3743|348|2317|-O--|428|8|2|0011|2.710303|-0.092241|0.544222|-0.833855|20.954386|0.080917|0.124693
399|55|-1|1537|44|309|THR|1343|360|2277|-O--|428|8|2|0011|2.688732|-0.416181|-0.194888|0.888151|8.207579|0.085775|0.132179
399|56|-1|1538|44|451|THR|1343|360|2419|-O--|428|8|2|0011|3.335050|-0.861457|0.033281|-0.506739|7.318354|0.014953|0.023043
399|57|-1|1550|44|343|THR|1343|362|2311|-OG1|1728|8|3|0011|2.820359|-0.556667|-0.041843|-0.829682|0.644041|0.060098|0.092611
399|58|-1|1551|44|451|THR|1343|362|2419|-OG1|1728|8|3|0011|2.928603|-0.782284|0.550089|0.292290|9.397322|0.044854|0.069121
399|59|-1|1575|45|440|ARG|3143|367|2408|-O--|428|8|2|0011|3.616796|0.724398|-0.556018|-0.407543|4.307901|0.006983|0.010760
399|60|-1|1606|46|354|GLU|2543|378|2322|-O--|428|8|2|0011|3.791858|-0.960216|-0.243417|-0.136872|27.174875|0.004351|0.006704
399|61|-1|1613|46|451|GLU|2543|378|2419|-O--|428|8|2|0011|3.369735|0.541585|-0.598862|0.589957|7.126938|0.013615|0.020981
399|62|-1|1637|46|377|GLU|2543|382|2345|-OE1|1028|8|2|0011|2.754858|-0.583696|0.419625|-0.695136|7.879719|0.071737|0.110547
399|63|-1|1642|46|425|GLU|2543|382|2393|-OE1|1028|8|2|0011|2.870595|0.666761|0.628442|0.400614|36.536659|0.052468|0.080853
399|64|-1|1648|46|343|GLU|2543|383|2311|-OE2|1028|8|2|0011|2.695994|-0.533755|-0.623891|0.570847|2.154257|0.084107|0.129610
399|65|-1|1669|47|354|ALA|343|387|2322|-O--|428|8|2|0011|2.733200|-0.475267|-0.161353|0.864920|17.052805|0.076061|0.117211
399|66|-1|1697|48|343|GLY|143|392|2311|-O--|428|8|2|0011|3.503036|0.497283|-0.572362|0.652006|0.893496|0.009496|0.014634
399|67|-1|1698|48|377|GLY|143|392|2345|-O--|428|8|2|0011|3.896394|0.456833|0.746332|-0.484037|12.460869|0.003280|0.005054
399|68|-1|1714|49|379|VAL|543|396|2347|-O--|428|8|2|0011|2.956235|-0.074081|0.027398|-0.996876|31.364206|0.041627|0.064147
399|69|-1|1757|50|397|ARG|3143|403|2365|-O--|428|8|2|0011|2.802068|0.297994|0.093146|-0.950012|18.699150|0.063143|0.097304
399|70|-1|1796|51|349|GLY|143|414|2317|-O--|428|8|2|0011|3.784657|0.062357|0.548794|0.833629|28.972786|0.004436|0.006836
399|71|-1|1804|51|454|GLY|143|414|2422|-O--|428|8|2|0011|3.575786|0.627834|0.646848|0.432912|60.675877|0.007801|0.012022
399|72|-1|1861|53|365|GLU|2543|430|2333|-OE1|1028|8|2|0011|2.733294|-0.664034|-0.103540|-0.740499|2.101339|0.076042|0.117181
399|73|-1|1862|53|379|GLU|2543|430|2347|-OE1|1028|8|2|0011|2.756665|-0.654414|0.506767|0.561185|14.869512|0.071387|0.110008
399|74|-1|1863|53|365|GLU|2543|431|2333|-OE2|1028|8|2|0011|3.572035|-0.891648|0.329505|-0.310467|0.448335|0.007881|0.012144
399|75|-1|1889|54|313|ARG|3143|435|2281|-O--|428|8|2|0011|2.710236|0.578916|0.354581|-0.734253|20.516123|0.080932|0.124716
399|76|-1|1931|55|353|GLU|2543|450|2321|-OE1|1028|8|2|0011|2.714852|0.911284|0.134077|0.389340|0.865184|0.079928|0.123169
399|77|-1|1933|55|454|GLU|2543|451|2422|-OE2|1028|8|2|0011|2.931262|-0.526053|0.792829|-0.307717|32.372242|0.044533|0.068626
399|78|-1|1936|55|353|GLU|2543|451|2321|-OE2|1028|8|2|0011|3.671480|0.651781|-0.357352|0.668940|1.707497|0.006023|0.009282
399|79|-1|2019|58|340|LYS|2943|467|2308|-O--|428|8|2|0011|2.690657|0.777505|0.619180|0.110010|4.622424|0.085329|0.131493
399|80|-1|2110|61|493|ARG|3143|489|2461|-O--|428|8|2|0011|3.778021|0.254895|0.714397|0.651664|25.853756|0.004516|0.006960
399|81|-1|2112|61|334|ARG|3143|489|2302|-O--|428|8|2|0011|2.681180|0.655308|0.407657|-0.635914|32.457935|0.087543|0.134904
399|82|-1|2228|64|476|ALA|343|513|2444|-O--|428|8|2|0011|3.032977|0.316850|0.575346|-0.754045|36.958580|0.033829|0.052131
399|83|-1|2262|65|391|LYS|2943|518|2359|-O--|428|8|2|0011|2.794179|0.833518|0.552225|0.017179|10.438250|0.064504|0.099401
399|84|-1|2285|66|296|PHE|3543|527|2264|-O--|428|8|2|0011|2.896102|-0.164014|-0.830426|0.532440|33.047115|0.048973|0.075467
399|85|-1|2384|69|391|GLU|2543|565|2359|-OE2|1028|8|2|0011|3.971171|0.151593|0.259119|-0.953875|18.089548|0.002680|0.004129
399|86|-1|2405|70|296|GLY|143|569|2264|-O--|428|8|2|0011|2.461680|-0.173865|0.258764|0.950164|16.544474|0.158440|0.244157
399|87|-1|2434|72|355|TRP|3943|578|2323|-O--|428|8|2|0011|2.738319|-0.921003|0.301646|-0.246502|3.480250|0.075016|0.115600
399|88|-1|2491|74|355|GLY|143|601|2323|-O--|428|8|2|0011|2.716878|0.685713|0.158638|-0.710374|4.903076|0.079492|0.122497
399|89|-1|2506|75|319|LEU|743|605|2287|-O--|428|8|2|0011|2.642628|-0.823801|-0.173691|0.539614|6.099230|0.097157|0.149719
399|90|-1|2511|75|441|LEU|743|605|2409|-O--|428|8|2|0011|3.607328|0.004158|0.204581|0.978841|3.568488|0.007164|0.011039
399|91|-1|2557|77|396|THR|1343|624|2364|-O--|428|8|2|0011|2.801932|-0.465036|-0.500013|0.730567|30.669321|0.063167|0.097340
399|92|-1|2563|77|441|THR|1343|624|2409|-O--|428|8|2|0011|3.818830|0.364772|-0.893208|-0.262908|8.113886|0.004045|0.006233
399|93|-1|2564|77|437|THR|1343|624|2405|-O--|428|8|2|0011|2.890907|0.961982|0.079901|0.261164|14.543548|0.049665|0.076534
399|94|-1|2570|77|314|THR|1343|626|2282|-OG1|1728|8|3|0011|2.606170|-0.911299|-0.262837|-0.316940|9.468632|0.107218|0.165223
399|95|-1|2571|77|319|THR|1343|626|2287|-OG1|1728|8|3|0011|2.659836|0.536499|-0.842905|-0.040980|7.158301|0.092742|0.142916
399|96|-1|2636|79|404|ASP|2143|642|2372|-OD1|1028|8|2|0011|2.811905|-0.845689|-0.516374|0.134784|26.548279|0.061487|0.094751
399|97|-1|2637|79|455|ASP|2143|642|2423|-OD1|1028|8|2|0011|3.594613|0.411728|0.158293|0.897454|1.789249|0.007414|0.011425
399|98|-1|2639|79|404|ASP|2143|643|2372|-OD2|1028|8|2|0011|3.242558|-0.986258|0.156359|-0.053353|13.422153|0.019200|0.029587
399|99|-1|2640|79|455|ASP|2143|643|2423|-OD2|1028|8|2|0011|3.738537|0.176540|0.676200|0.715253|4.588686|0.005025|0.007743
399|100|-1|2654|80|490|ALA|343|647|2458|-O--|428|8|2|0011|3.771972|-0.394489|-0.204668|0.895818|36.510654|0.004591|0.007074
399|101|-1|2689|81|392|SER|1143|652|2360|-O--|428|8|2|0011|3.715525|-0.309512|0.612023|0.727757|18.679905|0.005347|0.008240
399|102|-1|2690|81|308|SER|1143|652|2276|-O--|428|8|2|0011|3.610267|0.187244|-0.979986|-0.067585|22.009775|0.007107|0.010952
399|103|-1|2693|81|383|SER|1143|652|2351|-O--|428|8|2|0011|2.824792|0.848912|0.497381|-0.178775|9.068062|0.059382|0.091508
399|104|-1|2699|81|455|SER|1143|654|2423|-OG-|1728|8|3|0011|3.426748|-0.998030|0.044065|-0.044649|0.511121|0.011671|0.017985
399|105|-1|2701|81|308|SER|1143|654|2276|-OG-|1728|8|3|0011|2.576292|0.978538|-0.126540|-0.162637|17.545147|0.116235|0.179118
399|106|-1|2723|82|383|ASP|2143|658|2351|-O--|428|8|2|0011|3.545291|0.342708|0.017771|0.939274|17.861708|0.008471|0.013054
399|107|-1|2738|82|327|ASP|2143|661|2295|-OD1|1028|8|2|0011|3.738360|-0.640655|-0.766915|-0.037449|23.536896|0.005027|0.007747
399|108|-1|2739|82|308|ASP|2143|661|2276|-OD1|1028|8|2|0011|2.638532|-0.185330|-0.108398|0.976679|20.327421|0.098239|0.151386
399|109|-1|2740|82|374|ASP|2143|661|2342|-OD1|1028|8|2|0011|2.753676|0.862120|0.503688|-0.055199|18.222696|0.071966|0.110900
399|110|-1|2741|82|327|ASP|2143|662|2295|-OD2|1028|8|2|0011|2.664486|-0.196661|-0.913493|0.356166|25.011612|0.091584|0.141130
399|111|-1|2742|82|437|ASP|2143|662|2405|-OD2|1028|8|2|0011|3.770423|0.585080|-0.441860|-0.680030|19.222155|0.004610|0.007104
399|112|-1|2743|82|308|ASP|2143|662|2276|-OD2|1028|8|2|0011|3.920598|0.352497|0.037495|0.935061|21.686455|0.003072|0.004734
399|113|-1|2803|84|481|PRO|1943|674|2449|-O--|428|8|2|0011|3.140391|0.484971|0.366194|0.794169|71.618057|0.025306|0.038996
399|114|-1|2833|85|329|THR|1343|681|2297|-O--|428|8|2|0011|2.672594|0.929434|-0.041159|0.366685|19.164637|0.089599|0.138072
399|115|-1|2838|85|374|THR|1343|683|2342|-OG1|1728|8|3|0011|2.973574|-0.298294|-0.929185|-0.218256|19.580561|0.039721|0.061210
399|116|-1|2839|85|383|THR|1343|683|2351|-OG1|1728|8|3|0011|2.771029|-0.731858|0.182966|0.656435|8.909638|0.068669|0.105819
399|117|-1|2859|86|378|TYR|3743|688|2346|-O--|428|8|2|0011|2.755809|0.306988|0.782715|-0.541402|48.691265|0.071553|0.110263
399|118|-1|2863|86|328|TYR|3743|696|2296|-OH-|1828|8|3|0011|2.667345|-0.146213|-0.672575|0.725441|14.306923|0.090879|0.140044
399|119|-1|2879|87|353|LEU|743|700|2321|-O--|428|8|2|0011|2.907418|-0.489094|0.570608|-0.659692|2.178024|0.047498|0.073194
399|120|-1|2880|87|317|LEU|743|700|2285|-O--|428|8|2|0011|2.834954|-0.137216|0.816948|0.560150|21.078318|0.057773|0.089029
399|121|-1|2881|87|488|LEU|743|700|2456|-O--|428|8|2|0011|3.302230|0.867293|0.400337|-0.295861|33.489758|0.016340|0.025180
399|122|-1|2930|89|317|ILE|943|712|2285|-O--|428|8|2|0011|2.634548|0.331746|0.236474|-0.913250|22.143684|0.099302|0.153025
399|123|-1|2964|90|370|PRO|1943|720|2338|-O--|428|8|2|0011|2.745133|0.087063|-0.146444|0.985380|4.264088|0.073647|0.113491
399|124|-1|2999|91|361|ARG|3143|727|2329|-O--|428|8|2|0011|2.733887|0.267019|0.952123|-0.148872|10.373266|0.075920|0.116993
399|125|-1|3049|92|298|TYR|3743|746|2266|-OH-|1828|8|3|0011|2.491052|0.227615|-0.135685|-0.964252|25.816622|0.146349|0.225524
399|126|-1|3050|92|420|TYR|3743|746|2388|-OH-|1828|8|3|0011|2.853784|0.032939|0.922286|0.385103|23.105366|0.054907|0.084611
399|127|-1|3167|97|462|ALA|343|785|2430|-O--|428|8|2|0011|3.034348|-0.191804|0.825218|-0.531251|43.673946|0.033704|0.051938
399|128|-1|3190|98|300|GLU|2543|790|2268|-O--|428|8|2|0011|2.530017|0.364820|0.541104|0.757702|2.383912|0.131720|0.202981
399|129|-1|3208|99|401|THR|1343|799|2369|-O--|428|8|2|0011|2.807927|0.751800|-0.206917|-0.626084|3.945366|0.062151|0.095775
399|130|-1|3255|100|462|GLU|2543|810|2430|-OE1|1028|8|2|0011|2.948195|-0.021369|0.619700|0.784548|81.967865|0.042541|0.065556
399|131|-1|3256|100|442|GLU|2543|810|2410|-OE1|1028|8|2|0011|2.910211|0.644970|0.609919|-0.460448|21.698069|0.047140|0.072643
399|132|-1|3272|101|442|PRO|1943|815|2410|-O--|428|8|2|0011|3.013598|-0.879680|0.392554|-0.268450|38.159637|0.035648|0.054934
399|133|-1|3273|101|361|PRO|1943|815|2329|-O--|428|8|2|0011|2.727149|-0.033368|-0.245677|-0.968777|8.683941|0.077315|0.119143
399|134|-1|3324|102|462|GLN|2743|826|2430|-OE1|828|8|2|0011|3.566257|-0.900944|-0.117210|-0.417805|42.890244|0.008005|0.012335
399|135|-1|3340|103|346|VAL|543|831|2314|-O--|428|8|2|0011|3.373579|0.166589|0.936986|-0.307092|9.379783|0.013474|0.020764
399|136|-1|3341|103|484|VAL|543|831|2452|-O--|428|8|2|0011|3.567086|-0.207172|0.728045|0.653475|35.931629|0.007987|0.012308
399|137|-1|3382|104|484|GLY|143|838|2452|-O--|428|8|2|0011|3.229679|-0.919286|0.329755|-0.214882|26.546236|0.019880|0.030635
399|138|-1|3479|107|300|GLN|2743|858|2268|-OE1|828|8|2|0011|3.781645|-0.753376|-0.016394|-0.657386|0.642281|0.004472|0.006892
399|139|-1|3480|107|297|GLN|2743|858|2265|-OE1|828|8|2|0011|2.477109|-0.238181|-0.585765|-0.774693|2.752223|0.151969|0.234185
399|140|-1|3481|107|468|GLN|2743|858|2436|-OE1|828|8|2|0011|3.590167|-0.139548|0.846760|0.513346|3.803770|0.007504|0.011563
399|141|-1|3541|109|380|LEU|743|867|2348|-O--|428|8|2|0011|3.859225|0.211701|0.029800|-0.976880|3.879313|0.003626|0.005588
399|142|-1|3605|111|386|TRP|3943|880|2354|-O--|428|8|2|0011|2.782443|-0.029111|0.870101|0.492014|22.972567|0.066583|0.102605
399|143|-1|3678|112|464|THR|1343|894|2432|-O--|428|8|2|0011|2.953671|0.313170|-0.775309|0.548471|44.299892|0.041916|0.064593
399|144|-1|3722|113|464|PRO|1943|901|2432|-O--|428|8|2|0011|3.061843|0.454955|-0.536607|-0.710683|21.977291|0.031290|0.048219
399|145|-1|3738|114|499|VAL|543|908|2467|-O--|428|8|2|0011|3.672064|0.815890|-0.578149|0.008169|36.480907|0.006014|0.009267
399|146|-1|3760|115|438|GLY|143|915|2406|-O--|428|8|2|0011|3.928503|-0.954562|-0.280263|0.101312|24.417196|0.003007|0.004634
399|147|-1|3781|116|438|GLY|143|919|2406|-O--|428|8|2|0011|2.892560|-0.278300|0.180116|0.943455|37.297569|0.049444|0.076193
399|148|-1|3818|118|468|LEU|743|930|2436|-O--|428|8|2|0011|3.438461|-0.307114|-0.231496|-0.923087|12.273495|0.011307|0.017424
399|149|-1|3849|119|468|LEU|743|938|2436|-O--|428|8|2|0011|3.930837|-0.918634|-0.334279|0.210642|17.810984|0.002988|0.004605
399|150|-1|3874|120|315|THR|1343|946|2283|-O--|428|8|2|0011|3.331504|-0.606633|-0.085846|0.790334|11.384729|0.015097|0.023265
399|151|-1|3886|120|468|THR|1343|948|2436|-OG1|1728|8|3|0011|2.971907|0.054511|-0.329753|0.942492|13.767962|0.039900|0.061487
399|152|-1|3950|123|346|VAL|543|970|2314|-O--|428|8|2|0011|2.699112|-0.474971|-0.399759|-0.783961|17.128752|0.083402|0.128522
399|153|-1|3951|123|484|VAL|543|970|2452|-O--|428|8|2|0011|3.307009|-0.781068|-0.496821|0.378288|52.637012|0.016130|0.024857
399|154|-1|4007|125|358|ALA|343|982|2326|-O--|428|8|2|0011|2.719430|-0.887686|-0.007356|-0.460391|18.231253|0.078945|0.121655
399|155|-1|4008|125|450|ALA|343|982|2418|-O--|428|8|2|0011|3.284680|-0.286786|-0.778460|0.558350|3.476721|0.017134|0.026403
399|156|-1|4009|125|416|ALA|343|982|2384|-O--|428|8|2|0011|3.911346|-0.780038|-0.623058|0.057781|43.122311|0.003150|0.004854
399|157|-1|4073|127|364|PRO|1943|994|2332|-O--|428|8|2|0011|2.730615|-0.969378|-0.092655|0.227422|1.723418|0.076594|0.118032
399|158|-1|4139|129|350|SER|1143|1005|2318|-O--|428|8|2|0011|2.711996|0.424411|0.572273|-0.701697|26.907030|0.080547|0.124124
399|159|-1|4143|129|323|SER|1143|1007|2291|-OG-|1728|8|3|0011|2.656862|-0.953757|-0.170876|0.247284|2.841410|0.093490|0.144069
399|160|-1|4171|130|424|GLY|143|1011|2392|-O--|428|8|2|0011|2.868096|0.908617|0.402355|-0.111921|28.442514|0.052823|0.081401
399|161|-1|4187|131|381|LYS|2943|1015|2349|-O--|428|8|2|0011|3.751588|-0.866566|0.230302|0.442746|10.166197|0.004851|0.007475
399|162|-1|4230|132|479|LEU|743|1024|2447|-O--|428|8|2|0011|3.121380|0.795481|0.069519|0.601977|69.799637|0.026640|0.041052
399|163|-1|4231|132|409|LEU|743|1024|2377|-O--|428|8|2|0011|3.380182|0.532516|0.593458|-0.603518|16.418924|0.013236|0.020397
399|164|-1|4274|133|381|SER|1143|1034|2349|-OG-|1728|8|3|0011|2.766531|0.175310|-0.236400|-0.955710|13.836055|0.069509|0.107114
399|165|-1|4294|134|448|LEU|743|1038|2416|-O--|428|8|2|0011|3.582912|0.115269|0.747716|-0.653937|8.923569|0.007652|0.011792
399|166|-1|4408|138|294|LEU|743|1066|2262|-O--|428|8|2|0011|2.704069|0.492591|0.857597|0.147926|36.815071|0.082292|0.126812
399|167|-1|4490|140|294|GLU|2543|1082|2262|-OE1|1028|8|2|0011|2.214355|-0.823716|-0.487273|0.289926|10.039417|0.309149|0.476399
399|168|-1|4519|141|426|VAL|543|1087|2394|-O--|428|8|2|0011|2.872281|0.894759|-0.423703|-0.141002|2.928580|0.052229|0.080485
399|169|-1|4627|144|332|GLU|2543|1115|2300|-OE1|1028|8|2|0011|2.676885|0.096381|-0.981364|0.166238|1.210115|0.088566|0.136480
399|170|-1|4628|144|337|GLU|2543|1115|2305|-OE1|1028|8|2|0011|3.664358|0.528606|0.848171|-0.034385|0.485870|0.006140|0.009462
399|171|-1|4629|144|304|GLU|2543|1116|2272|-OE2|1028|8|2|0011|2.555982|-0.565340|0.742182|-0.359939|28.135406|0.122794|0.189226
399|172|-1|4630|144|337|GLU|2543|1116|2305|-OE2|1028|8|2|0011|2.687521|0.910876|0.386602|0.144371|2.367768|0.086056|0.132612
399|173|-1|4663|145|345|SER|1143|1122|2313|-OG-|1728|8|3|0011|3.117152|-0.631987|-0.250546|0.733361|4.480597|0.026946|0.041524
399|174|-1|4667|145|333|SER|1143|1122|2301|-OG-|1728|8|3|0011|2.857924|0.805480|-0.573843|0.148010|3.645600|0.054296|0.083670
399|175|-1|4670|145|498|SER|1143|1122|2466|-OG-|1728|8|3|0011|3.995663|0.966047|0.141404|0.216234|3.988255|0.002508|0.003865
399|176|-1|4715|147|376|GLN|2743|1131|2344|-O--|428|8|2|0011|3.981293|-0.067566|0.590764|-0.804010|9.174603|0.002607|0.004018
399|177|-1|4725|147|491|GLN|2743|1135|2459|-OE1|828|8|2|0011|3.407471|0.075129|-0.353631|-0.932363|12.472973|0.012295|0.018946
399|178|-1|4838|151|376|THR|1343|1160|2344|-OG1|1728|8|3|0011|2.754750|-0.841455|0.454487|-0.292223|6.599140|0.071758|0.110579
399|179|-1|4946|154|449|ARG|3143|1185|2417|-O--|428|8|2|0011|2.920819|-0.503284|0.640575|-0.579974|2.262123|0.045808|0.070590
399|180|-1|4947|154|408|ARG|3143|1185|2376|-O--|428|8|2|0011|2.822731|0.396070|-0.561867|-0.726247|31.517136|0.059714|0.092019
399|181|-1|4970|155|483|ALA|343|1196|2451|-O--|428|8|2|0011|3.873541|-0.312376|-0.248093|-0.916990|36.462158|0.003489|0.005376
399|182|-1|4976|155|408|ALA|343|1196|2376|-O--|428|8|2|0011|3.338310|-0.512535|0.491266|-0.704248|20.511169|0.014822|0.022841
399|183|-1|4978|155|461|ALA|343|1196|2429|-O--|428|8|2|0011|2.945890|0.925018|-0.154111|0.347264|61.760139|0.042807|0.065966
399|184|-1|5052|157|483|THR|1343|1213|2451|-OG1|1728|8|3|0011|3.537671|0.872608|-0.463017|0.155470|25.837721|0.008648|0.013326
399|185|-1|5053|157|408|THR|1343|1213|2376|-OG1|1728|8|3|0011|3.268144|0.791275|0.294662|0.535778|13.068897|0.017917|0.027610
399|186|-1|5094|159|482|ASP|2143|1227|2450|-O--|428|8|2|0011|3.171284|-0.663454|-0.367987|-0.651471|23.319401|0.023278|0.035872
399|187|-1|5102|159|430|ASP|2143|1227|2398|-O--|428|8|2|0011|2.877147|0.725024|-0.688530|0.016336|18.986883|0.051547|0.079434
399|188|-1|5107|159|430|ASP|2143|1230|2398|-OD1|1028|8|2|0011|3.945045|-0.626862|-0.776163|0.067933|0.040039|0.002876|0.004431
399|189|-1|5119|160|506|TYR|3743|1235|2474|-O--|428|8|2|0011|3.832551|-0.165947|-0.653613|-0.738412|28.787193|0.003897|0.006006
399|190|-1|5137|160|320|TYR|3743|1243|2288|-OH-|1828|8|3|0011|2.643947|0.540102|-0.746991|-0.387678|34.213909|0.096811|0.149186
399|191|-1|5153|161|389|GLY|143|1247|2357|-O--|428|8|2|0011|3.083733|-0.801626|-0.574308|-0.166032|7.381237|0.029493|0.045449
399|192|-1|5199|163|472|PRO|1943|1259|2440|-O--|428|8|2|0011|3.746478|0.443350|0.695587|0.565331|2.742239|0.004918|0.007579
399|193|-1|5228|164|472|GLU|2543|1266|2440|-O--|428|8|2|0011|3.599888|-0.223063|-0.009999|0.974753|3.567168|0.007309|0.011264
399|194|-1|5230|164|307|GLU|2543|1266|2275|-O--|428|8|2|0011|2.572931|0.890035|-0.256904|0.376613|4.197362|0.117296|0.180753
399|195|-1|5316|167|394|TYR|3743|1294|2362|-O--|428|8|2|0011|2.799339|0.520837|0.805909|0.281495|29.182497|0.063611|0.098025
399|196|-1|5347|168|350|ASN|2343|1306|2318|-O--|428|8|2|0011|3.870375|0.390401|0.812584|0.432775|25.975924|0.003519|0.005422
399|197|-1|5411|171|323|ASP|2143|1333|2291|-OD1|1028|8|2|0011|3.335541|-0.431714|0.850836|-0.299502|12.657889|0.014933|0.023012
399|198|-1|5412|171|323|ASP|2143|1334|2291|-OD2|1028|8|2|0011|2.735273|0.210948|0.776525|-0.593725|12.259024|0.075636|0.116556
399|199|-1|5413|171|336|ASP|2143|1334|2304|-OD2|1028|8|2|0011|2.686287|-0.301159|0.136996|0.943682|1.153508|0.086343|0.133055
399|200|-1|5425|172|381|LEU|743|1338|2349|-O--|428|8|2|0011|2.956675|-0.362908|0.916908|-0.166065|14.584152|0.041577|0.064071
399|201|-1|5523|177|315|PRO|1943|1380|2283|-O--|428|8|2|0011|2.614127|-0.087218|-0.888247|-0.451010|12.831534|0.104937|0.161708
399|202|-1|5633|182|322|PRO|1943|1411|2290|-O--|428|8|2|0011|2.650010|-0.236226|-0.147923|0.960373|15.140237|0.095238|0.146761
399|203|-1|5685|184|348|ASP|2143|1430|2316|-OD1|1028|8|2|0011|3.515168|0.568678|0.750180|0.337394|0.161835|0.009190|0.014162
399|204|-1|5686|184|348|ASP|2143|1431|2316|-OD2|1028|8|2|0011|2.703418|0.707253|0.640674|-0.298882|2.117831|0.082437|0.127035
399|205|-1|5703|185|345|GLY|143|1435|2313|-O--|428|8|2|0011|2.697857|-0.167540|-0.498912|-0.850304|0.499642|0.083685|0.128959
399|206|-1|5724|186|345|PRO|1943|1439|2313|-O--|428|8|2|0011|3.398823|-0.855296|0.512240|-0.077968|0.597699|0.012586|0.019395
399|207|-1|5729|186|333|PRO|1943|1439|2301|-O--|428|8|2|0011|2.677598|0.509785|0.329401|-0.794741|0.050204|0.088395|0.136217
399|208|-1|5769|187|380|SER|1143|1446|2348|-O--|428|8|2|0011|3.582174|-0.956682|-0.264085|-0.122552|1.552887|0.007668|0.011816
399|209|-1|5945|191|380|THR|1343|1471|2348|-OG1|1728|8|3|0011|2.764633|-0.225708|-0.054978|0.972642|1.874945|0.069866|0.107664
399|210|-1|6177|200|512|LEU|743|1525|2480|-O--|428|8|2|0011|3.932942|-0.099162|-0.139337|-0.985267|27.078241|0.002971|0.004579
399|211|-1|6178|200|385|LEU|743|1525|2353|-O--|428|8|2|0011|2.776847|-0.451231|0.470317|-0.758414|9.560099|0.067598|0.104168
399|212|-1|6201|201|460|SER|1143|1533|2428|-O--|428|8|2|0011|2.943061|-0.164455|0.308866|-0.936780|42.980740|0.043136|0.066472
399|213|-1|6202|201|389|SER|1143|1533|2357|-O--|428|8|2|0011|2.790408|0.740752|-0.333643|-0.583069|33.040604|0.065165|0.100419
399|214|-1|6373|206|359|ARG|3143|1573|2327|-O--|428|8|2|0011|2.833292|0.388947|0.482829|0.784600|0.337784|0.058033|0.089430
399|215|-1|6424|207|297|MET|1743|1584|2265|-O--|428|8|2|0011|2.778069|-0.386240|0.700843|0.599698|27.036915|0.067375|0.103825
399|216|-1|6431|207|359|MET|1743|1587|2327|-SD-|1628|16|3|0011|3.852628|0.904837|-0.331979|0.266571|7.220158|0.013879|0.020817
399|217|-1|6446|208|341|ASP|2143|1592|2309|-O--|428|8|2|0011|2.693484|-0.462598|-0.720626|0.516431|1.589267|0.084680|0.130492
399|218|-1|6464|208|401|ASP|2143|1595|2369|-OD1|1028|8|2|0011|2.974985|-0.683701|0.441343|-0.581179|0.461526|0.039570|0.060977
399|219|-1|6465|208|435|ASP|2143|1595|2403|-OD1|1028|8|2|0011|3.992721|-0.364163|-0.750118|-0.552005|16.035105|0.002528|0.003896
399|220|-1|6468|208|310|ASP|2143|1596|2278|-OD2|1028|8|2|0011|2.585209|-0.470368|-0.777114|0.418148|12.615538|0.113467|0.174853
399|221|-1|6469|208|435|ASP|2143|1596|2403|-OD2|1028|8|2|0011|2.886378|-0.355463|-0.304190|-0.883807|14.220512|0.050277|0.077477
399|222|-1|6485|209|359|ILE|943|1600|2327|-O--|428|8|2|0011|2.883638|-0.024622|0.769861|-0.637736|2.545963|0.050650|0.078052
399|223|-1|6532|211|380|MET|1743|1613|2348|-O--|428|8|2|0011|2.816141|-0.014559|0.992140|0.124283|1.496411|0.060787|0.093673
399|224|-1|6621|214|395|GLU|2543|1636|2363|-OE1|1028|8|2|0011|2.800852|0.089259|0.660515|0.745488|2.019685|0.063351|0.097624
399|225|-1|6622|214|331|GLU|2543|1636|2299|-OE1|1028|8|2|0011|2.675081|-0.564095|-0.547269|0.618299|4.154480|0.088998|0.137146
399|226|-1|6623|214|369|GLU|2543|1636|2337|-OE1|1028|8|2|0011|2.985842|0.591123|-0.743172|0.313480|6.809289|0.038426|0.059214
399|227|-1|6624|214|395|GLU|2543|1637|2363|-OE2|1028|8|2|0011|3.653155|-0.173275|0.130845|0.976143|1.452755|0.006329|0.009753
399|228|-1|6625|214|373|GLU|2543|1637|2341|-OE2|1028|8|2|0011|2.753669|0.015253|0.420526|-0.907152|0.390292|0.071968|0.110902
399|229|-1|6641|215|333|VAL|543|1641|2301|-O--|428|8|2|0011|3.556781|-0.858079|0.070850|0.508606|2.527346|0.008212|0.012655
399|230|-1|6644|215|498|VAL|543|1641|2466|-O--|428|8|2|0011|3.651216|-0.409179|0.672927|0.616233|5.220340|0.006362|0.009805
399|231|-1|6645|215|373|VAL|543|1641|2341|-O--|428|8|2|0011|2.787401|0.402884|0.530959|0.745498|0.379758|0.065697|0.101239
399|232|-1|6701|217|419|LEU|743|1654|2387|-O--|428|8|2|0011|2.848851|0.233779|0.024922|-0.971970|23.481726|0.055644|0.085747
399|233|-1|6720|218|458|ARG|3143|1662|2426|-O--|428|8|2|0011|2.940307|0.435669|0.175152|-0.882901|29.014452|0.043458|0.066969
399|234|-1|6790|221|412|VAL|543|1686|2380|-O--|428|8|2|0011|3.240136|0.792251|-0.322211|-0.518188|52.750050|0.019326|0.029781
399|235|-1|6791|221|400|VAL|543|1686|2368|-O--|428|8|2|0011|2.805909|0.116183|-0.868523|0.481839|19.010481|0.062491|0.096299
399|236|-1|6854|223|331|PRO|1943|1701|2299|-O--|428|8|2|0011|2.818714|-0.450915|0.892251|0.023769|2.274230|0.060366|0.093023
399|237|-1|6855|223|369|PRO|1943|1701|2337|-O--|428|8|2|0011|2.744702|0.729769|0.641233|-0.237185|4.550895|0.073733|0.113623
399|238|-1|6894|224|398|ILE|943|1708|2366|-O--|428|8|2|0011|2.802514|0.261194|-0.569132|0.779658|49.678829|0.063067|0.097187
399|239|-1|6931|225|407|GLY|143|1716|2375|-O--|428|8|2|0011|3.626142|0.314108|0.908952|-0.274120|1.457396|0.006809|0.010492
399|240|-1|7058|229|375|GLU|2543|1740|2343|-O--|428|8|2|0011|2.753916|-0.618392|0.035588|0.785063|7.991930|0.071920|0.110828
399|241|-1|7074|229|316|GLU|2543|1744|2284|-OE1|1028|8|2|0011|2.627758|0.959373|0.051378|0.277423|3.866541|0.101141|0.155859
399|242|-1|7075|229|464|GLU|2543|1745|2432|-OE2|1028|8|2|0011|3.105453|-0.572219|0.705212|0.418618|13.602395|0.027812|0.042858
399|243|-1|7076|229|316|GLU|2543|1745|2284|-OE2|1028|8|2|0011|3.406599|0.913815|-0.119764|-0.388071|2.138504|0.012324|0.018991
399|244|-1|7180|233|305|ALA|343|1774|2273|-O--|428|8|2|0011|2.565141|-0.721598|0.569172|0.394131|9.898672|0.119791|0.184599
399|245|-1|7280|238|480|GLY|143|1808|2448|-O--|428|8|2|0011|3.123281|0.034899|0.265747|-0.963411|10.658499|0.026503|0.040842
399|246|-1|7393|242|405|ILE|943|1839|2373|-O--|428|8|2|0011|3.202572|-0.278214|-0.755642|-0.592960|12.538703|0.021391|0.032963
399|247|-1|7552|247|443|ASP|2143|1878|2411|-O--|428|8|2|0011|2.911044|0.350390|-0.892807|0.283060|22.063383|0.047034|0.072480
399|248|-1|7559|247|431|ASP|2143|1881|2399|-OD1|1028|8|2|0011|2.957810|-0.123402|0.053084|-0.990936|9.533432|0.041450|0.063874
399|249|-1|7560|247|400|ASP|2143|1881|2368|-OD1|1028|8|2|0011|3.681929|-0.774323|0.356881|-0.522552|9.335663|0.005856|0.009024
399|250|-1|7561|247|431|ASP|2143|1882|2399|-OD2|1028|8|2|0011|3.598746|-0.054463|-0.558802|-0.827511|12.170001|0.007332|0.011298
399|251|-1|7562|247|400|ASP|2143|1882|2368|-OD2|1028|8|2|0011|3.436170|-0.780520|-0.248529|-0.573604|6.862494|0.011377|0.017532
399|252|-1|7563|247|452|ASP|2143|1882|2420|-OD2|1028|8|2|0011|2.929905|0.416737|0.479881|0.772039|10.745191|0.044697|0.068878
399|253|-1|7643|250|467|ALA|343|1903|2435|-O--|428|8|2|0011|3.253876|-0.100496|0.429640|0.897391|44.953743|0.018621|0.028695
399|254|-1|7734|254|436|GLU|2543|1938|2404|-OE1|1028|8|2|0011|2.887912|-0.222306|0.667608|-0.710549|82.508018|0.050069|0.077156
399|255|-1|7735|254|360|GLU|2543|1938|2328|-OE1|1028|8|2|0011|3.608104|0.674038|0.738613|-0.011086|15.840638|0.007149|0.011016
399|256|-1|7736|254|436|GLU|2543|1939|2404|-OE2|1028|8|2|0011|3.791787|-0.740021|0.513741|-0.434096|69.218658|0.004351|0.006705
399|257|-1|7737|254|467|GLU|2543|1939|2435|-OE2|1028|8|2|0011|2.963488|0.729883|-0.669144|-0.139701|8.106655|0.040819|0.062902
399|258|-1|7738|254|360|GLU|2543|1939|2328|-OE2|1028|8|2|0011|2.723048|0.098419|0.986026|0.134409|10.676991|0.078177|0.120471
399|259|-1|7898|261|417|GLU|2543|1991|2385|-O--|428|8|2|0011|2.842946|0.163563|0.195572|-0.966953|6.865739|0.056539|0.087126
399|260|-1|7930|263|417|LEU|743|2004|2385|-O--|428|8|2|0011|3.322396|-0.460511|-0.841861|-0.281423|51.437569|0.015473|0.023844
399|261|-1|7933|263|399|LEU|743|2004|2367|-O--|428|8|2|0011|3.460159|0.926258|-0.004622|-0.376862|7.943757|0.010663|0.016432
399|262|-1|7950|264|405|GLU|2543|2012|2373|-O--|428|8|2|0011|2.974720|0.219853|0.236998|-0.946307|3.764810|0.039598|0.061021
399|263|-1|7958|264|338|GLU|2543|2016|2306|-OE1|1028|8|2|0011|2.709593|-0.340642|-0.685341|-0.643639|15.810565|0.081072|0.124933
399|264|-1|7960|264|489|GLU|2543|2016|2457|-OE1|1028|8|2|0011|3.325649|0.638372|0.434504|-0.635364|15.449731|0.015338|0.023636
399|265|-1|7961|264|338|GLU|2543|2017|2306|-OE2|1028|8|2|0011|3.777874|0.248023|-0.629452|-0.736393|18.776245|0.004518|0.006962
399|266|-1|7974|265|399|ILE|943|2021|2367|-O--|428|8|2|0011|3.773340|-0.425353|-0.740193|0.520759|14.465981|0.004574|0.007048
399|267|-1|7979|265|406|ILE|943|2021|2374|-O--|428|8|2|0011|3.601392|0.885769|0.072472|-0.458434|2.379093|0.007280|0.011218
399|268|-1|8024|267|406|LEU|743|2038|2374|-O--|428|8|2|0011|3.907971|-0.324209|-0.907631|0.266634|7.428168|0.003179|0.004898
399|269|-1|8025|267|347|LEU|743|2038|2315|-O--|428|8|2|0011|2.701424|-0.086991|-0.270599|-0.958754|35.610897|0.082882|0.127722
399|270|-1|8030|267|473|LEU|743|2038|2441|-O--|428|8|2|0011|3.000140|0.995954|-0.060997|0.065997|33.100937|0.036969|0.056969
399|271|-1|8053|268|400|VAL|543|2046|2368|-O--|428|8|2|0011|3.659672|0.584479|0.432279|0.686673|18.051870|0.006219|0.009583
399|272|-1|8075|269|412|GLU|2543|2053|2380|-O--|428|8|2|0011|2.828529|0.655464|0.061865|0.752688|42.563606|0.058785|0.090588
399|273|-1|8083|269|431|GLU|2543|2057|2399|-OE1|1028|8|2|0011|2.877264|-0.302718|0.743417|0.596400|1.693438|0.051531|0.079409
399|274|-1|8084|269|427|GLU|2543|2058|2395|-OE2|1028|8|2|0011|3.888510|-0.841454|-0.434873|-0.320688|2.619224|0.003350|0.005163
399|275|-1|8117|270|496|ASP|2143|2065|2464|-OD1|1028|8|2|0011|3.622782|0.016838|-0.903170|-0.428952|4.378564|0.006871|0.010588
399|276|-1|8165|272|371|GLY|143|2077|2339|-O--|428|8|2|0011|2.745662|0.174093|0.064099|-0.982641|34.403709|0.073542|0.113328
399|277|-1|8185|273|362|GLU|2543|2081|2330|-O--|428|8|2|0011|2.728545|0.193510|-0.927966|-0.318485|15.955529|0.077024|0.118695
399|278|-1|8196|273|347|GLU|2543|2085|2315|-OE1|1028|8|2|0011|2.841750|-0.609132|-0.624264|0.489135|15.150801|0.056722|0.087409
399|279|-1|8197|273|427|GLU|2543|2085|2395|-OE1|1028|8|2|0011|2.873284|0.725650|-0.282257|0.627505|13.526378|0.052088|0.080268
399|280|-1|8198|273|427|GLU|2543|2086|2395|-OE2|1028|8|2|0011|3.426971|0.473888|-0.821136|0.318065|24.274042|0.011664|0.017974
399|281|-1|8257|276|295|GLU|2543|2105|2263|-O--|428|8|2|0011|2.748280|-0.639673|0.016012|-0.768481|20.760086|0.073024|0.112530
399|282|-1|8279|277|342|TYR|3743|2114|2310|-O--|428|8|2|0011|2.693520|-0.314087|-0.819742|-0.478928|1.614446|0.084672|0.130479
399|283|-1|8296|277|326|TYR|3743|2122|2294|-OH-|1828|8|3|0011|2.663756|-0.322852|-0.864194|-0.385921|3.815131|0.091764|0.141409
399|284|-1|8297|277|489|TYR|3743|2122|2457|-OH-|1828|8|3|0011|3.937797|0.253695|-0.966274|-0.044187|84.406105|0.002933|0.004519
399|285|-1|8298|277|514|TYR|3743|2122|2482|-OH-|1828|8|3|0011|3.966846|0.668037|-0.619888|0.411662|19.772240|0.002711|0.004178
399|286|-1|8299|277|405|TYR|3743|2122|2373|-OH-|1828|8|3|0011|2.812559|0.477501|-0.122665|0.870026|16.185474|0.061378|0.094584
399|287|-1|8325|279|508|LEU|743|2134|2476|-O--|428|8|2|0011|3.843008|-0.318500|-0.930002|0.183450|11.082687|0.003789|0.005839
399|288|-1|8331|279|295|LEU|743|2134|2263|-O--|428|8|2|0011|2.416123|0.555021|-0.822392|-0.124994|29.328524|0.179200|0.276148
399|289|-1|8374|281|344|PRO|1943|2150|2312|-O--|428|8|2|0011|2.696135|0.994757|0.101996|-0.007418|7.674933|0.084075|0.129560
399|290|-1|8399|282|372|GLU|2543|2157|2340|-O--|428|8|2|0011|2.790236|-0.505334|-0.784159|0.360185|0.050113|0.065195|0.100466
399|291|-1|8448|284|351|THR|1343|2175|2319|-OG1|1728|8|3|0011|2.712234|-0.592870|-0.300863|0.746985|3.705025|0.080496|0.124044
399|292|-1|8467|285|339|MET|1743|2180|2307|-O--|428|8|2|0011|2.689329|0.822138|0.001118|-0.569287|15.035313|0.085636|0.131966
399|293|-1|8489|286|402|PRO|1943|2188|2370|-O--|428|8|2|0011|2.888538|-0.813561|0.369043|0.449362|29.139175|0.049984|0.077026
399|294|-1|8551|289|492|VAL|543|2209|2460|-O--|428|8|2|0011|3.564838|0.877459|-0.418255|0.234793|8.600827|0.008035|0.012383
399|295|-1|8692|290|407|BO2|5343|2238|2375|-B26|3928|5|1|0011|3.820552|0.760361|-0.392877|0.517202|2.384652|-0.001000|-0.001000
399|296|-1|8694|290|407|BO2|5343|2239|2375|-O27|3128|8|1|0011|2.816732|0.938676|-0.176091|0.296443|2.448713|0.060690|0.093523
399|297|-1|8695|290|407|BO2|5343|2240|2375|-O28|3128|8|1|0011|3.647108|0.488332|-0.694524|0.528363|2.775060|0.006433|0.009914
399|298|-1|8696|291|380|_MG|4543|2241|2348|MG--|3728|12|1|0011|2.706115|-0.498131|-0.119725|-0.858796|24.717497|-0.001000|-0.001000
399|299|-1|8727|293|326|CIT|5343|2250|2294|-O1-|3128|8|2|0011|2.751124|0.315507|0.062153|0.946885|3.843381|0.072464|0.111668
399|300|-1|8730|293|445|CIT|5343|2251|2413|-O2-|3128|8|2|0011|2.912917|-0.928279|0.008240|-0.371792|1.884215|0.046797|0.072114
399|301|-1|8736|293|326|CIT|5343|2251|2294|-O2-|3128|8|2|0011|3.437399|0.832606|0.182112|0.523070|8.296729|0.011340|0.017474
399|302|-1|8755|293|318|CIT|5343|2254|2286|-O7-|3128|8|2|0011|2.635607|-0.136211|-0.109653|-0.984593|0.010001|0.099018|0.152587
399|303|-1|8756|293|495|CIT|5343|2254|2463|-O7-|3128|8|2|0011|3.614151|-0.747893|-0.555040|0.364124|24.624485|0.007033|0.010838
399|304|-1|8757|293|497|CIT|5343|2254|2465|-O7-|3128|8|2|0011|3.637718|-0.577560|0.403273|-0.709785|3.905674|0.006599|0.010169
399|305|-1|8758|293|445|CIT|5343|2254|2413|-O7-|3128|8|2|0011|3.492484|-0.482751|0.872733|-0.072728|11.148771|0.009771|0.015057
399|306|-1|8778|293|338|CIT|5343|2257|2306|-O3-|3128|8|2|0011|3.979603|-0.055031|0.507087|0.860136|0.802959|0.002619|0.004036
399|307|-1|8781|293|495|CIT|5343|2258|2463|-O4-|3128|8|2|0011|3.874688|-0.996467|0.079750|-0.026325|10.004487|0.003478|0.005359
399|308|-1|8782|293|338|CIT|5343|2258|2306|-O4-|3128|8|2|0011|3.101041|0.494995|0.374069|0.784253|2.745877|0.028145|0.043372
399|309|-1|8789|293|338|CIT|5343|2260|2306|-O5-|3128|8|2|0011|2.688454|-0.061002|-0.661716|0.747269|14.929960|0.085839|0.132278
399|310|-1|8791|293|326|CIT|5343|2260|2294|-O5-|3128|8|2|0011|3.289530|0.310987|0.919889|0.238940|29.273504|0.016911|0.026059
399|311|-1|8792|293|489|CIT|5343|2260|2457|-O5-|3128|8|2|0011|3.648984|0.789809|0.417379|0.449440|14.577026|0.006401|0.009864
399|312|-1|8793|293|503|CIT|5343|2261|2471|-O6-|3128|8|2|0011|3.833337|-0.901043|0.432523|-0.032348|2.604032|0.003889|0.005993
399|313|-1|8794|293|338|CIT|5343|2261|2306|-O6-|3128|8|2|0011|3.002854|0.680353|-0.502853|0.533159|16.932484|0.036699|0.056553
399|314|-1|8795|508|295|HOH|4343|2476|2263|-O--|2828|8|3|0001|3.179915|0.806625|0.499072|-0.316675|9.976673|0.022742|0.035045
399|315|-1|8795|295|508|HOH|4343|2263|2476|-O--|2828|8|3|0001|3.179915|-0.806625|-0.499072|0.316675|9.976673|0.022742|0.035045
399|316|-1|8796|300|297|HOH|4343|2268|2265|-O--|2828|8|3|0001|2.711810|0.833023|-0.512207|0.209086|2.030005|0.080588|0.124186
399|317|-1|8796|297|300|HOH|4343|2265|2268|-O--|2828|8|3|0001|2.711810|-0.833023|0.512207|-0.209086|2.030005|0.080588|0.124186
399|318|-1|8797|440|298|HOH|4343|2408|2266|-O--|2828|8|3|0001|3.211165|0.784762|0.412313|0.462760|20.574627|0.020900|0.032207
399|319|-1|8797|298|440|HOH|4343|2266|2408|-O--|2828|8|3|0001|3.211165|-0.784762|-0.412313|-0.462760|20.574627|0.020900|0.032207
399|320|-1|8798|349|298|HOH|4343|2317|2266|-O--|2828|8|3|0001|3.829011|0.124575|0.844081|0.521545|9.085857|0.003935|0.006064
399|321|-1|8798|298|349|HOH|4343|2266|2317|-O--|2828|8|3|0001|3.829011|-0.124575|-0.844081|-0.521545|9.085857|0.003935|0.006064
399|322|-1|8799|423|301|HOH|4343|2391|2269|-O--|2828|8|3|0001|2.740633|-0.170764|-0.885195|-0.432747|16.049397|0.074548|0.114879
399|323|-1|8799|301|423|HOH|4343|2269|2391|-O--|2828|8|3|0001|2.740633|0.170764|0.885195|0.432747|16.049397|0.074548|0.114879
399|324|-1|8800|538|302|HOH|4343|2506|2270|-O--|2828|8|3|0001|2.880234|0.977351|0.207619|-0.040969|9.498491|0.051119|0.078774
399|325|-1|8800|302|538|HOH|4343|2270|2506|-O--|2828|8|3|0001|2.880234|-0.977351|-0.207619|0.040969|9.498491|0.051119|0.078774
399|326|-1|8801|500|302|HOH|4343|2468|2270|-O--|2828|8|3|0001|2.855737|-0.736763|0.672330|0.071785|2.896729|0.054618|0.084166
399|327|-1|8801|302|500|HOH|4343|2270|2468|-O--|2828|8|3|0001|2.855737|0.736763|-0.672330|-0.071785|2.896729|0.054618|0.084166
399|328|-1|8802|457|303|HOH|4343|2425|2271|-O--|2828|8|3|0001|3.745732|-0.652209|0.698394|0.294735|8.265352|0.004928|0.007594
399|329|-1|8802|303|457|HOH|4343|2271|2425|-O--|2828|8|3|0001|3.745732|0.652209|-0.698394|-0.294735|8.265352|0.004928|0.007594
399|330|-1|8803|311|303|HOH|4343|2279|2271|-O--|2828|8|3|0001|3.967238|-0.088979|0.984562|0.150735|4.995279|0.002708|0.004173
399|331|-1|8803|303|311|HOH|4343|2271|2279|-O--|2828|8|3|0001|3.967238|0.088979|-0.984562|-0.150735|4.995279|0.002708|0.004173
399|332|-1|8804|313|303|HOH|4343|2281|2271|-O--|2828|8|3|0001|3.436533|-0.067219|-0.345991|-0.935827|13.831514|0.011366|0.017515
399|333|-1|8804|303|313|HOH|4343|2271|2281|-O--|2828|8|3|0001|3.436533|0.067219|0.345991|0.935827|13.831514|0.011366|0.017515
399|334|-1|8805|421|305|HOH|4343|2389|2273|-O--|2828|8|3|0001|3.041569|0.014466|-0.976139|0.216665|5.538342|0.033053|0.050935
399|335|-1|8805|305|421|HOH|4343|2273|2389|-O--|2828|8|3|0001|3.041569|-0.014466|0.976139|-0.216665|5.538342|0.033053|0.050935
399|336|-1|8806|509|306|HOH|4343|2477|2274|-O--|2828|8|3|0001|2.701833|0.612177|0.785024|-0.094751|22.943062|0.082791|0.127581
399|337|-1|8806|306|509|HOH|4343|2274|2477|-O--|2828|8|3|0001|2.701833|-0.612177|-0.785024|0.094751|22.943062|0.082791|0.127581
399|338|-1|8807|356|306|HOH|4343|2324|2274|-O--|2828|8|3|0001|2.538811|0.295414|-0.585310|0.755078|10.640335|0.128627|0.198214
399|339|-1|8807|306|356|HOH|4343|2274|2324|-O--|2828|8|3|0001|2.538811|-0.295414|0.585310|-0.755078|10.640335|0.128627|0.198214
399|340|-1|8808|449|307|HOH|4343|2417|2275|-O--|2828|8|3|0001|2.640387|0.111726|-0.118920|-0.986598|20.223606|0.097747|0.150629
399|341|-1|8808|307|449|HOH|4343|2275|2417|-O--|2828|8|3|0001|2.640387|-0.111726|0.118920|0.986598|20.223606|0.097747|0.150629
399|342|-1|8809|521|309|HOH|4343|2489|2277|-O--|2828|8|3|0001|2.773799|0.962218|0.236138|-0.135554|52.969597|0.068157|0.105030
399|343|-1|8809|309|521|HOH|4343|2277|2489|-O--|2828|8|3|0001|2.773799|-0.962218|-0.236138|0.135554|52.969597|0.068157|0.105030
399|344|-1|8810|503|310|HOH|4343|2471|2278|-O--|2828|8|3|0001|2.806833|-0.124695|0.836886|0.532985|8.835413|0.062335|0.096059
399|345|-1|8810|310|503|HOH|4343|2278|2471|-O--|2828|8|3|0001|2.806833|0.124695|-0.836886|-0.532985|8.835413|0.062335|0.096059
399|346|-1|8811|522|310|HOH|4343|2490|2278|-O--|2828|8|3|0001|2.752057|-0.202757|0.205302|-0.957466|0.749795|0.072282|0.111387
399|347|-1|8811|310|522|HOH|4343|2278|2490|-O--|2828|8|3|0001|2.752057|0.202757|-0.205302|0.957466|0.749795|0.072282|0.111387
399|348|-1|8812|435|310|HOH|4343|2403|2278|-O--|2828|8|3|0001|3.808763|-0.049885|-0.296946|0.953590|0.834372|0.004156|0.006405
399|349|-1|8812|310|435|HOH|4343|2278|2403|-O--|2828|8|3|0001|3.808763|0.049885|0.296946|-0.953590|0.834372|0.004156|0.006405
399|350|-1|8813|457|311|HOH|4343|2425|2279|-O--|2828|8|3|0001|2.507632|-0.833456|-0.514427|0.201784|2.525614|0.139935|0.215641
399|351|-1|8813|311|457|HOH|4343|2279|2425|-O--|2828|8|3|0001|2.507632|0.833456|0.514427|-0.201784|2.525614|0.139935|0.215641
399|352|-1|8814|325|312|HOH|4343|2293|2280|-O--|2828|8|3|0001|3.887612|0.954571|-0.045275|0.294525|0.850748|0.003359|0.005176
399|353|-1|8814|312|325|HOH|4343|2280|2293|-O--|2828|8|3|0001|3.887612|-0.954571|0.045275|-0.294525|0.850748|0.003359|0.005176
399|354|-1|8815|466|312|HOH|4343|2434|2280|-O--|2828|8|3|0001|2.582402|-0.661012|-0.167289|-0.731490|10.803173|0.114331|0.176185
399|355|-1|8815|312|466|HOH|4343|2280|2434|-O--|2828|8|3|0001|2.582402|0.661012|0.167289|0.731490|10.803173|0.114331|0.176185
399|356|-1|8816|436|316|HOH|4343|2404|2284|-O--|2828|8|3|0001|2.988697|-0.332252|0.778604|0.532339|9.222074|0.038130|0.058759
399|357|-1|8816|316|436|HOH|4343|2284|2404|-O--|2828|8|3|0001|2.988697|0.332252|-0.778604|-0.532339|9.222074|0.038130|0.058759
399|358|-1|8817|465|316|HOH|4343|2433|2284|-O--|2828|8|3|0001|3.697940|-0.645224|0.126830|0.753392|5.121400|0.005608|0.008641
399|359|-1|8817|316|465|HOH|4343|2284|2433|-O--|2828|8|3|0001|3.697940|0.645224|-0.126830|-0.753392|5.121400|0.005608|0.008641
399|360|-1|8818|366|316|HOH|4343|2334|2284|-O--|2828|8|3|0001|3.467907|-0.673893|-0.633235|0.380633|5.372746|0.010442|0.016091
399|361|-1|8818|316|366|HOH|4343|2284|2334|-O--|2828|8|3|0001|3.467907|0.673893|0.633235|-0.380633|5.372746|0.010442|0.016091
399|362|-1|8819|353|317|HOH|4343|2321|2285|-O--|2828|8|3|0001|3.713595|0.278167|0.176921|0.944098|15.965270|0.005375|0.008283
399|363|-1|8819|317|353|HOH|4343|2285|2321|-O--|2828|8|3|0001|3.713595|-0.278167|-0.176921|-0.944098|15.965270|0.005375|0.008283
399|364|-1|8820|485|317|HOH|4343|2453|2285|-O--|2828|8|3|0001|3.415368|-0.455002|-0.753649|0.474327|11.002276|0.012035|0.018546
399|365|-1|8820|317|485|HOH|4343|2285|2453|-O--|2828|8|3|0001|3.415368|0.455002|0.753649|-0.474327|11.002276|0.012035|0.018546
399|366|-1|8821|456|317|HOH|4343|2424|2285|-O--|2828|8|3|0001|3.942238|-0.897967|0.131147|-0.420066|18.413126|0.002898|0.004465
399|367|-1|8821|317|456|HOH|4343|2285|2424|-O--|2828|8|3|0001|3.942238|0.897967|-0.131147|0.420066|18.413126|0.002898|0.004465
399|368|-1|8822|528|318|HOH|4343|2496|2286|-O--|2828|8|3|0001|2.566095|0.067807|0.936050|0.345272|3.023871|0.119483|0.184124
399|369|-1|8822|318|528|HOH|4343|2286|2496|-O--|2828|8|3|0001|2.566095|-0.067807|-0.936050|-0.345272|3.023871|0.119483|0.184124
399|370|-1|8823|497|318|HOH|4343|2465|2286|-O--|2828|8|3|0001|2.473511|0.704262|-0.709921|-0.005256|3.917741|0.153454|0.236473
399|371|-1|8823|318|497|HOH|4343|2286|2465|-O--|2828|8|3|0001|2.473511|-0.704262|0.709921|0.005256|3.917741|0.153454|0.236473
399|372|-1|8824|525|319|HOH|4343|2493|2287|-O--|2828|8|3|0001|3.020298|0.438036|0.654573|0.616164|20.543648|0.035009|0.053949
399|373|-1|8824|319|525|HOH|4343|2287|2493|-O--|2828|8|3|0001|3.020298|-0.438036|-0.654573|-0.616164|20.543648|0.035009|0.053949
399|374|-1|8825|441|319|HOH|4343|2409|2287|-O--|2828|8|3|0001|3.266294|-0.671097|-0.366468|-0.644461|2.046203|0.018007|0.027748
399|375|-1|8825|319|441|HOH|4343|2287|2409|-O--|2828|8|3|0001|3.266294|0.671097|0.366468|0.644461|2.046203|0.018007|0.027748
399|376|-1|8826|371|320|HOH|4343|2339|2288|-O--|2828|8|3|0001|3.228906|0.794387|0.607014|-0.021989|8.605675|0.019921|0.030699
399|377|-1|8826|320|371|HOH|4343|2288|2339|-O--|2828|8|3|0001|3.228906|-0.794387|-0.607014|0.021989|8.605675|0.019921|0.030699
399|378|-1|8827|434|321|HOH|4343|2402|2289|-O--|2828|8|3|0001|3.923561|0.660115|0.686874|-0.304060|13.845612|0.003048|0.004696
399|379|-1|8827|321|434|HOH|4343|2289|2402|-O--|2828|8|3|0001|3.923561|-0.660115|-0.686874|0.304060|13.845612|0.003048|0.004696
399|380|-1|8828|407|324|HOH|4343|2375|2292|-O--|2828|8|3|0001|2.885711|-0.088020|0.121633|0.988665|25.257580|0.050368|0.077616
399|381|-1|8828|324|407|HOH|4343|2292|2375|-O--|2828|8|3|0001|2.885711|0.088020|-0.121633|-0.988665|25.257580|0.050368|0.077616
399|382|-1|8829|489|326|HOH|4343|2457|2294|-O--|2828|8|3|0001|2.538539|-0.732311|0.592069|-0.336414|63.988384|0.128721|0.198360
399|383|-1|8829|326|489|HOH|4343|2294|2457|-O--|2828|8|3|0001|2.538539|0.732311|-0.592069|0.336414|63.988384|0.128721|0.198360
399|384|-1|8830|396|327|HOH|4343|2364|2295|-O--|2828|8|3|0001|2.740922|0.493994|0.315222|0.810312|5.436678|0.074490|0.114790
399|385|-1|8830|327|396|HOH|4343|2295|2364|-O--|2828|8|3|0001|2.740922|-0.493994|-0.315222|-0.810312|5.436678|0.074490|0.114790
399|386|-1|8831|533|327|HOH|4343|2501|2295|-O--|2828|8|3|0001|2.783332|-0.766707|0.569102|-0.297126|15.624659|0.066423|0.102358
399|387|-1|8831|327|533|HOH|4343|2295|2501|-O--|2828|8|3|0001|2.783332|0.766707|-0.569102|0.297126|15.624659|0.066423|0.102358
399|388|-1|8832|437|328|HOH|4343|2405|2296|-O--|2828|8|3|0001|2.535694|0.575385|0.783618|-0.234255|0.830415|0.129715|0.199891
399|389|-1|8832|328|437|HOH|4343|2296|2405|-O--|2828|8|3|0001|2.535694|-0.575385|-0.783618|0.234255|0.830415|0.129715|0.199891
399|390|-1|8833|518|331|HOH|4343|2486|2299|-O--|2828|8|3|0001|2.673539|0.632495|-0.254342|-0.731615|4.793705|0.089370|0.137719
399|391|-1|8833|331|518|HOH|4343|2299|2486|-O--|2828|8|3|0001|2.673539|-0.632495|0.254342|0.731615|4.793705|0.089370|0.137719
399|392|-1|8834|395|331|HOH|4343|2363|2299|-O--|2828|8|3|0001|3.776904|-0.465725|-0.877437|-0.114909|1.714612|0.004530|0.006981
399|393|-1|8834|331|395|HOH|4343|2299|2363|-O--|2828|8|3|0001|3.776904|0.465725|0.877437|0.114909|1.714612|0.004530|0.006981
399|394|-1|8835|369|331|HOH|4343|2337|2299|-O--|2828|8|3|0001|3.435786|-0.952911|0.219747|0.208976|1.819283|0.011389|0.017551
399|395|-1|8835|331|369|HOH|4343|2299|2337|-O--|2828|8|3|0001|3.435786|0.952911|-0.219747|-0.208976|1.819283|0.011389|0.017551
399|396|-1|8836|426|332|HOH|4343|2394|2300|-O--|2828|8|3|0001|2.716909|0.675032|0.725454|0.134343|1.580250|0.079485|0.122487
399|397|-1|8836|332|426|HOH|4343|2300|2394|-O--|2828|8|3|0001|2.716909|-0.675032|-0.725454|-0.134343|1.580250|0.079485|0.122487
399|398|-1|8837|498|333|HOH|4343|2466|2301|-O--|2828|8|3|0001|2.735667|-0.569514|-0.806020|-0.161203|9.378235|0.075556|0.116431
399|399|-1|8837|333|498|HOH|4343|2301|2466|-O--|2828|8|3|0001|2.735667|0.569514|0.806020|0.161203|9.378235|0.075556|0.116431
399|400|-1|8838|511|335|HOH|4343|2479|2303|-O--|2828|8|3|0001|2.777352|-0.895818|-0.020520|0.443948|4.414405|0.067505|0.104026
399|401|-1|8838|335|511|HOH|4343|2303|2479|-O--|2828|8|3|0001|2.777352|0.895818|0.020520|-0.443948|4.414405|0.067505|0.104026
399|402|-1|8839|381|336|HOH|4343|2349|2304|-O--|2828|8|3|0001|2.799695|-0.429332|0.700793|-0.569705|9.547225|0.063550|0.097930
399|403|-1|8839|336|381|HOH|4343|2304|2349|-O--|2828|8|3|0001|2.799695|0.429332|-0.700793|0.569705|9.547225|0.063550|0.097930
399|404|-1|8840|460|339|HOH|4343|2428|2307|-O--|2828|8|3|0001|2.507099|-0.909019|-0.148778|-0.389295|1.391259|0.140137|0.215952
399|405|-1|8840|339|460|HOH|4343|2307|2428|-O--|2828|8|3|0001|2.507099|0.909019|0.148778|0.389295|1.391259|0.140137|0.215952
399|406|-1|8841|493|340|HOH|4343|2461|2308|-O--|2828|8|3|0001|2.809927|-0.908920|0.382571|0.165840|23.535843|0.061816|0.095259
399|407|-1|8841|340|493|HOH|4343|2308|2461|-O--|2828|8|3|0001|2.809927|0.908920|-0.382571|-0.165840|23.535843|0.061816|0.095259
399|408|-1|8842|378|340|HOH|4343|2346|2308|-O--|2828|8|3|0001|2.923990|0.227771|-0.237691|-0.944258|43.130329|0.045417|0.069988
399|409|-1|8842|340|378|HOH|4343|2308|2346|-O--|2828|8|3|0001|2.923990|-0.227771|0.237691|0.944258|43.130329|0.045417|0.069988
399|410|-1|8843|459|340|HOH|4343|2427|2308|-O--|2828|8|3|0001|2.643731|-0.102507|-0.698259|0.708468|31.436096|0.096868|0.149273
399|411|-1|8843|340|459|HOH|4343|2308|2427|-O--|2828|8|3|0001|2.643731|0.102507|0.698259|-0.708468|31.436096|0.096868|0.149273
399|412|-1|8844|480|341|HOH|4343|2448|2309|-O--|2828|8|3|0001|3.111003|0.911282|-0.410476|0.032787|34.856819|0.027397|0.042219
399|413|-1|8844|341|480|HOH|4343|2309|2448|-O--|2828|8|3|0001|3.111003|-0.911282|0.410476|-0.032787|34.856819|0.027397|0.042219
399|414|-1|8845|522|341|HOH|4343|2490|2309|-O--|2828|8|3|0001|2.598378|0.199740|0.887864|0.414489|14.941780|0.109500|0.168739
399|415|-1|8845|341|522|HOH|4343|2309|2490|-O--|2828|8|3|0001|2.598378|-0.199740|-0.887864|-0.414489|14.941780|0.109500|0.168739
399|416|-1|8846|508|342|HOH|4343|2476|2310|-O--|2828|8|3|0001|2.823519|0.282626|-0.330082|0.900649|10.093693|0.059587|0.091823
399|417|-1|8846|342|508|HOH|4343|2310|2476|-O--|2828|8|3|0001|2.823519|-0.282626|0.330082|-0.900649|10.093693|0.059587|0.091823
399|418|-1|8847|451|343|HOH|4343|2419|2311|-O--|2828|8|3|0001|3.704553|0.194626|-0.466724|-0.862722|8.201839|0.005508|0.008488
399|419|-1|8847|343|451|HOH|4343|2311|2419|-O--|2828|8|3|0001|3.704553|-0.194626|0.466724|0.862722|8.201839|0.005508|0.008488
399|420|-1|8848|506|344|HOH|4343|2474|2312|-O--|2828|8|3|0001|2.864764|-0.296010|-0.904087|0.308228|23.593349|0.053301|0.082137
399|421|-1|8848|344|506|HOH|4343|2312|2474|-O--|2828|8|3|0001|2.864764|0.296010|0.904087|-0.308228|23.593349|0.053301|0.082137
399|422|-1|8849|484|346|HOH|4343|2452|2314|-O--|2828|8|3|0001|3.653408|0.356106|0.154375|-0.921606|15.710501|0.006325|0.009747
399|423|-1|8849|346|484|HOH|4343|2314|2452|-O--|2828|8|3|0001|3.653408|-0.356106|-0.154375|0.921606|15.710501|0.006325|0.009747
399|424|-1|8850|450|346|HOH|4343|2418|2314|-O--|2828|8|3|0001|2.690095|-0.026393|-0.703695|0.710012|8.265762|0.085459|0.131693
399|425|-1|8850|346|450|HOH|4343|2314|2418|-O--|2828|8|3|0001|2.690095|0.026393|0.703695|-0.710012|8.265762|0.085459|0.131693
399|426|-1|8851|427|347|HOH|4343|2395|2315|-O--|2828|8|3|0001|3.957245|-0.964307|-0.243350|-0.104366|0.952809|0.002782|0.004288
399|427|-1|8851|347|427|HOH|4343|2315|2395|-O--|2828|8|3|0001|3.957245|0.964307|0.243350|0.104366|0.952809|0.002782|0.004288
399|428|-1|8852|429|348|HOH|4343|2397|2316|-O--|2828|8|3|0001|3.224717|0.689983|-0.722852|-0.037523|6.382536|0.020148|0.031048
399|429|-1|8852|348|429|HOH|4343|2316|2397|-O--|2828|8|3|0001|3.224717|-0.689983|0.722852|0.037523|6.382536|0.020148|0.031048
399|430|-1|8853|516|348|HOH|4343|2484|2316|-O--|2828|8|3|0001|2.590053|-0.683770|0.198066|-0.702302|116.568703|0.111992|0.172579
399|431|-1|8853|348|516|HOH|4343|2316|2484|-O--|2828|8|3|0001|2.590053|0.683770|-0.198066|0.702302|116.568703|0.111992|0.172579
399|432|-1|8854|530|348|HOH|4343|2498|2316|-O--|2828|8|3|0001|2.608934|-0.106940|-0.855906|-0.505954|76.889175|0.106420|0.163993
399|433|-1|8854|348|530|HOH|4343|2316|2498|-O--|2828|8|3|0001|2.608934|0.106940|0.855906|0.505954|76.889175|0.106420|0.163993
399|434|-1|8855|440|349|HOH|4343|2408|2317|-O--|2828|8|3|0001|2.841723|0.718930|-0.671420|-0.179820|7.416302|0.056726|0.087415
399|435|-1|8855|349|440|HOH|4343|2317|2408|-O--|2828|8|3|0001|2.841723|-0.718930|0.671420|0.179820|7.416302|0.056726|0.087415
399|436|-1|8856|454|349|HOH|4343|2422|2317|-O--|2828|8|3|0001|2.583451|-0.777642|-0.091348|0.622036|11.666413|0.114008|0.175686
399|437|-1|8856|349|454|HOH|4343|2317|2422|-O--|2828|8|3|0001|2.583451|0.777642|0.091348|-0.622036|11.666413|0.114008|0.175686
399|438|-1|8857|420|351|HOH|4343|2388|2319|-O--|2828|8|3|0001|2.830247|0.834203|-0.129672|0.535995|10.503317|0.058513|0.090169
399|439|-1|8857|351|420|HOH|4343|2319|2388|-O--|2828|8|3|0001|2.830247|-0.834203|0.129672|-0.535995|10.503317|0.058513|0.090169
399|440|-1|8858|361|351|HOH|4343|2329|2319|-O--|2828|8|3|0001|2.664836|-0.068297|0.822937|-0.564012|4.213766|0.091497|0.140997
399|441|-1|8858|351|361|HOH|4343|2319|2329|-O--|2828|8|3|0001|2.664836|0.068297|-0.822937|0.564012|4.213766|0.091497|0.140997
399|442|-1|8859|446|351|HOH|4343|2414|2319|-O--|2828|8|3|0001|3.106064|0.136185|-0.762383|-0.632634|0.282814|0.027766|0.042787
399|443|-1|8859|351|446|HOH|4343|2319|2414|-O--|2828|8|3|0001|3.106064|-0.136185|0.762383|0.632634|0.282814|0.027766|0.042787
399|444|-1|8860|524|352|HOH|4343|2492|2320|-O--|2828|8|3|0001|2.819324|0.897733|-0.440533|0.002483|8.108246|0.060266|0.092870
399|445|-1|8860|352|524|HOH|4343|2320|2492|-O--|2828|8|3|0001|2.819324|-0.897733|0.440533|-0.002483|8.108246|0.060266|0.092870
399|446|-1|8861|390|352|HOH|4343|2358|2320|-O--|2828|8|3|0001|2.706451|-0.342884|-0.735654|-0.584160|1.431625|0.081764|0.125998
399|447|-1|8861|352|390|HOH|4343|2320|2358|-O--|2828|8|3|0001|2.706451|0.342884|0.735654|0.584160|1.431625|0.081764|0.125998
399|448|-1|8862|505|356|HOH|4343|2473|2324|-O--|2828|8|3|0001|3.972719|0.978423|0.072243|0.193570|3.669384|0.002668|0.004112
399|449|-1|8862|356|505|HOH|4343|2324|2473|-O--|2828|8|3|0001|3.972719|-0.978423|-0.072243|-0.193570|3.669384|0.002668|0.004112
399|450|-1|8863|537|356|HOH|4343|2505|2324|-O--|2828|8|3|0001|2.534330|-0.048139|0.355121|0.933580|3.405463|0.130194|0.200629
399|451|-1|8863|356|537|HOH|4343|2324|2505|-O--|2828|8|3|0001|2.534330|0.048139|-0.355121|-0.933580|3.405463|0.130194|0.200629
399|452|-1|8864|515|357|HOH|4343|2483|2325|-O--|2828|8|3|0001|2.808276|-0.511701|-0.456507|-0.727848|3.489437|0.062093|0.095685
399|453|-1|8864|357|515|HOH|4343|2325|2483|-O--|2828|8|3|0001|2.808276|0.511701|0.456507|0.727848|3.489437|0.062093|0.095685
399|454|-1|8865|416|358|HOH|4343|2384|2326|-O--|2828|8|3|0001|2.903809|0.219367|0.832352|-0.508987|10.764477|0.047963|0.073911
399|455|-1|8865|358|416|HOH|4343|2326|2384|-O--|2828|8|3|0001|2.903809|-0.219367|-0.832352|0.508987|10.764477|0.047963|0.073911
399|456|-1|8866|436|360|HOH|4343|2404|2328|-O--|2828|8|3|0001|3.747105|0.820367|0.196685|0.536948|40.130245|0.004910|0.007566
399|457|-1|8866|360|436|HOH|4343|2328|2404|-O--|2828|8|3|0001|3.747105|-0.820367|-0.196685|-0.536948|40.130245|0.004910|0.007566
399|458|-1|8867|465|360|HOH|4343|2433|2328|-O--|2828|8|3|0001|3.790417|0.443487|-0.295746|0.846081|31.232996|0.004368|0.006730
399|459|-1|8867|360|465|HOH|4343|2328|2433|-O--|2828|8|3|0001|3.790417|-0.443487|0.295746|-0.846081|31.232996|0.004368|0.006730
399|460|-1|8868|442|361|HOH|4343|2410|2329|-O--|2828|8|3|0001|3.653367|0.700724|-0.507203|-0.501729|18.453489|0.006326|0.009748
399|461|-1|8868|361|442|HOH|4343|2329|2410|-O--|2828|8|3|0001|3.653367|-0.700724|0.507203|0.501729|18.453489|0.006326|0.009748
399|462|-1|8869|520|362|HOH|4343|2488|2330|-O--|2828|8|3|0001|2.992240|0.703152|0.640323|0.309133|18.224632|0.037767|0.058199
399|463|-1|8869|362|520|HOH|4343|2330|2488|-O--|2828|8|3|0001|2.992240|-0.703152|-0.640323|-0.309133|18.224632|0.037767|0.058199
399|464|-1|8870|444|363|HOH|4343|2412|2331|-O--|2828|8|3|0001|3.940550|-0.933626|-0.267731|0.238038|26.921745|0.002911|0.004486
399|465|-1|8870|363|444|HOH|4343|2331|2412|-O--|2828|8|3|0001|3.940550|0.933626|0.267731|-0.238038|26.921745|0.002911|0.004486
399|466|-1|8871|379|365|HOH|4343|2347|2333|-O--|2828|8|3|0001|3.946459|-0.002787|-0.425696|-0.904862|11.057658|0.002865|0.004414
399|467|-1|8871|365|379|HOH|4343|2333|2347|-O--|2828|8|3|0001|3.946459|0.002787|0.425696|0.904862|11.057658|0.002865|0.004414
399|468|-1|8872|465|366|HOH|4343|2433|2334|-O--|2828|8|3|0001|3.042010|-0.016108|0.876068|0.481918|0.181331|0.033014|0.050874
399|469|-1|8872|366|465|HOH|4343|2334|2433|-O--|2828|8|3|0001|3.042010|0.016108|-0.876068|-0.481918|0.181331|0.033014|0.050874
399|470|-1|8873|423|367|HOH|4343|2391|2335|-O--|2828|8|3|0001|2.668779|0.073067|0.175734|0.981722|0.586392|0.090527|0.139503
399|471|-1|8873|367|423|HOH|4343|2335|2391|-O--|2828|8|3|0001|2.668779|-0.073067|-0.175734|-0.981722|0.586392|0.090527|0.139503
399|472|-1|8874|535|368|HOH|4343|2503|2336|-O--|2828|8|3|0001|2.697590|0.803681|0.587564|-0.094158|13.962938|0.083745|0.129052
399|473|-1|8874|368|535|HOH|4343|2336|2503|-O--|2828|8|3|0001|2.697590|-0.803681|-0.587564|0.094158|13.962938|0.083745|0.129052
399|474|-1|8875|536|368|HOH|4343|2504|2336|-O--|2828|8|3|0001|2.795733|-0.526159|0.364488|-0.768313|17.082447|0.064234|0.098985
399|475|-1|8875|368|536|HOH|4343|2336|2504|-O--|2828|8|3|0001|2.795733|0.526159|-0.364488|0.768313|17.082447|0.064234|0.098985
399|476|-1|8876|500|368|HOH|4343|2468|2336|-O--|2828|8|3|0001|2.752578|0.088281|-0.934394|-0.345131|27.874420|0.072180|0.111230
399|477|-1|8876|368|500|HOH|4343|2336|2468|-O--|2828|8|3|0001|2.752578|-0.088281|0.934394|0.345131|27.874420|0.072180|0.111230
399|478|-1|8877|539|369|HOH|4343|2507|2337|-O--|2828|8|3|0001|2.711011|-0.985979|0.060123|-0.155662|17.425087|0.080762|0.124455
399|479|-1|8877|369|539|HOH|4343|2337|2507|-O--|2828|8|3|0001|2.711011|0.985979|-0.060123|0.155662|17.425087|0.080762|0.124455
399|480|-1|8878|401|370|HOH|4343|2369|2338|-O--|2828|8|3|0001|3.206716|-0.277231|-0.770882|-0.573484|4.235426|0.021153|0.032596
399|481|-1|8878|370|401|HOH|4343|2338|2369|-O--|2828|8|3|0001|3.206716|0.277231|0.770882|0.573484|4.235426|0.021153|0.032596
399|482|-1|8879|435|370|HOH|4343|2403|2338|-O--|2828|8|3|0001|2.718336|-0.540404|0.675413|-0.501778|7.935719|0.079179|0.122015
399|483|-1|8879|370|435|HOH|4343|2338|2403|-O--|2828|8|3|0001|2.718336|0.540404|-0.675413|0.501778|7.935719|0.079179|0.122015
399|484|-1|8880|485|372|HOH|4343|2453|2340|-O--|2828|8|3|0001|2.834903|-0.687854|0.705142|0.172140|0.030040|0.057781|0.089041
399|485|-1|8880|372|485|HOH|4343|2340|2453|-O--|2828|8|3|0001|2.834903|0.687854|-0.705142|-0.172140|0.030040|0.057781|0.089041
399|486|-1|8881|498|373|HOH|4343|2466|2341|-O--|2828|8|3|0001|2.798717|0.935072|-0.349090|-0.061456|5.845103|0.063718|0.098190
399|487|-1|8881|373|498|HOH|4343|2341|2466|-O--|2828|8|3|0001|2.798717|-0.935072|0.349090|0.061456|5.845103|0.063718|0.098190
399|488|-1|8882|534|375|HOH|4343|2502|2343|-O--|2828|8|3|0001|2.788997|-0.452134|0.239873|-0.859090|14.461819|0.065414|0.100803
399|489|-1|8882|375|534|HOH|4343|2343|2502|-O--|2828|8|3|0001|2.788997|0.452134|-0.239873|0.859090|14.461819|0.065414|0.100803
399|490|-1|8883|491|376|HOH|4343|2459|2344|-O--|2828|8|3|0001|2.971547|0.144706|-0.667669|-0.730259|37.178776|0.039939|0.061546
399|491|-1|8883|376|491|HOH|4343|2344|2459|-O--|2828|8|3|0001|2.971547|-0.144706|0.667669|0.730259|37.178776|0.039939|0.061546
399|492|-1|8884|415|377|HOH|4343|2383|2345|-O--|2828|8|3|0001|3.786861|0.479817|0.462652|0.745472|1.654070|0.004410|0.006795
399|493|-1|8884|377|415|HOH|4343|2345|2383|-O--|2828|8|3|0001|3.786861|-0.479817|-0.462652|-0.745472|1.654070|0.004410|0.006795
399|494|-1|8885|469|377|HOH|4343|2437|2345|-O--|2828|8|3|0001|2.925467|0.583497|-0.693562|-0.422497|3.139582|0.045236|0.069709
399|495|-1|8885|377|469|HOH|4343|2345|2437|-O--|2828|8|3|0001|2.925467|-0.583497|0.693562|0.422497|3.139582|0.045236|0.069709
399|496|-1|8886|517|379|HOH|4343|2485|2347|-O--|2828|8|3|0001|2.569747|0.647534|-0.714472|0.265007|0.000000|0.118309|0.182315
399|497|-1|8886|379|517|HOH|4343|2347|2485|-O--|2828|8|3|0001|2.569747|-0.647534|0.714472|-0.265007|0.000000|0.118309|0.182315
399|498|-1|8887|451|382|HOH|4343|2419|2350|-O--|2828|8|3|0001|2.789695|-0.821953|-0.566010|0.063448|5.492887|0.065291|0.100613
399|499|-1|8887|382|451|HOH|4343|2350|2419|-O--|2828|8|3|0001|2.789695|0.821953|0.566010|-0.063448|5.492887|0.065291|0.100613
399|500|-1|8888|528|383|HOH|4343|2496|2351|-O--|2828|8|3|0001|2.819777|-0.215620|-0.348610|-0.912129|9.560167|0.060192|0.092757
399|501|-1|8888|383|528|HOH|4343|2351|2496|-O--|2828|8|3|0001|2.819777|0.215620|0.348610|0.912129|9.560167|0.060192|0.092757
399|502|-1|8889|511|384|HOH|4343|2479|2352|-O--|2828|8|3|0001|2.832923|0.493130|0.867658|0.063186|0.222506|0.058091|0.089519
399|503|-1|8889|384|511|HOH|4343|2352|2479|-O--|2828|8|3|0001|2.832923|-0.493130|-0.867658|-0.063186|0.222506|0.058091|0.089519
399|504|-1|8890|512|385|HOH|4343|2480|2353|-O--|2828|8|3|0001|2.703971|-0.319160|0.685660|0.654223|10.152394|0.082314|0.126845
399|505|-1|8890|385|512|HOH|4343|2353|2480|-O--|2828|8|3|0001|2.703971|0.319160|-0.685660|-0.654223|10.152394|0.082314|0.126845
399|506|-1|8891|487|385|HOH|4343|2455|2353|-O--|2828|8|3|0001|2.930535|-0.203717|-0.852066|0.482165|8.597595|0.044621|0.068761
399|507|-1|8891|385|487|HOH|4343|2353|2455|-O--|2828|8|3|0001|2.930535|0.203717|0.852066|-0.482165|8.597595|0.044621|0.068761
399|508|-1|8892|469|387|HOH|4343|2437|2355|-O--|2828|8|3|0001|2.547950|0.046312|0.427799|0.902686|4.866395|0.125489|0.193378
399|509|-1|8892|387|469|HOH|4343|2355|2437|-O--|2828|8|3|0001|2.547950|-0.046312|-0.427799|-0.902686|4.866395|0.125489|0.193378
399|510|-1|8893|392|388|HOH|4343|2360|2356|-O--|2828|8|3|0001|3.068817|0.080813|0.936520|0.341174|4.366287|0.030706|0.047318
399|511|-1|8893|388|392|HOH|4343|2356|2360|-O--|2828|8|3|0001|3.068817|-0.080813|-0.936520|-0.341174|4.366287|0.030706|0.047318
399|512|-1|8894|497|388|HOH|4343|2465|2356|-O--|2828|8|3|0001|2.836584|-0.824936|-0.492844|0.276741|6.636756|0.057519|0.088637
399|513|-1|8894|388|497|HOH|4343|2356|2465|-O--|2828|8|3|0001|2.836584|0.824936|0.492844|-0.276741|6.636756|0.057519|0.088637
399|514|-1|8895|460|389|HOH|4343|2428|2357|-O--|2828|8|3|0001|3.342176|0.763275|-0.550543|0.338103|3.424729|0.014668|0.022603
399|515|-1|8895|389|460|HOH|4343|2357|2428|-O--|2828|8|3|0001|3.342176|-0.763275|0.550543|-0.338103|3.424729|0.014668|0.022603
399|516|-1|8896|524|390|HOH|4343|2492|2358|-O--|2828|8|3|0001|3.879102|0.891701|0.193088|0.409373|6.238980|0.003437|0.005296
399|517|-1|8896|390|524|HOH|4343|2358|2492|-O--|2828|8|3|0001|3.879102|-0.891701|-0.193088|-0.409373|6.238980|0.003437|0.005296
399|518|-1|8897|538|390|HOH|4343|2506|2358|-O--|2828|8|3|0001|2.870353|-0.538261|0.370339|-0.757049|6.097908|0.052502|0.080906
399|519|-1|8897|390|538|HOH|4343|2358|2506|-O--|2828|8|3|0001|2.870353|0.538261|-0.370339|0.757049|6.097908|0.052502|0.080906
399|520|-1|8898|494|393|HOH|4343|2462|2361|-O--|2828|8|3|0001|2.691161|-0.836070|0.469683|-0.283521|1.263319|0.085213|0.131314
399|521|-1|8898|393|494|HOH|4343|2361|2462|-O--|2828|8|3|0001|2.691161|0.836070|-0.469683|0.283521|1.263319|0.085213|0.131314
399|522|-1|8899|424|394|HOH|4343|2392|2362|-O--|2828|8|3|0001|2.904601|0.161812|-0.101904|-0.981546|2.984278|0.047861|0.073753
399|523|-1|8899|394|424|HOH|4343|2362|2392|-O--|2828|8|3|0001|2.904601|-0.161812|0.101904|0.981546|2.984278|0.047861|0.073753
399|524|-1|8900|541|395|HOH|4343|2509|2363|-O--|2828|8|3|0001|3.823759|0.650407|0.136775|-0.747170|46.624355|0.003991|0.006150
399|525|-1|8900|395|541|HOH|4343|2363|2509|-O--|2828|8|3|0001|3.823759|-0.650407|-0.136775|0.747170|46.624355|0.003991|0.006150
399|526|-1|8901|510|397|HOH|4343|2478|2365|-O--|2828|8|3|0001|2.672476|-0.664927|0.649211|0.369321|7.986106|0.089627|0.138116
399|527|-1|8901|397|510|HOH|4343|2365|2478|-O--|2828|8|3|0001|2.672476|0.664927|-0.649211|-0.369321|7.986106|0.089627|0.138116
399|528|-1|8902|465|398|HOH|4343|2433|2366|-O--|2828|8|3|0001|2.988854|0.866553|0.289073|-0.406845|18.527672|0.038114|0.058734
399|529|-1|8902|398|465|HOH|4343|2366|2433|-O--|2828|8|3|0001|2.988854|-0.866553|-0.289073|0.406845|18.527672|0.038114|0.058734
399|530|-1|8903|431|400|HOH|4343|2399|2368|-O--|2828|8|3|0001|2.921111|-0.851046|0.396081|0.344732|23.408342|0.045772|0.070535
399|531|-1|8903|400|431|HOH|4343|2368|2399|-O--|2828|8|3|0001|2.921111|0.851046|-0.396081|-0.344732|23.408342|0.045772|0.070535
399|532|-1|8904|433|403|HOH|4343|2401|2371|-O--|2828|8|3|0001|2.629999|0.665019|0.098480|-0.740305|1.231702|0.100531|0.154918
399|533|-1|8904|403|433|HOH|4343|2371|2401|-O--|2828|8|3|0001|2.629999|-0.665019|-0.098480|0.740305|1.231702|0.100531|0.154918
399|534|-1|8905|447|404|HOH|4343|2415|2372|-O--|2828|8|3|0001|2.759548|0.672212|-0.394991|0.626189|32.739250|0.070833|0.109154
399|535|-1|8905|404|447|HOH|4343|2372|2415|-O--|2828|8|3|0001|2.759548|-0.672212|0.394991|-0.626189|32.739250|0.070833|0.109154
399|536|-1|8906|514|405|HOH|4343|2482|2373|-O--|2828|8|3|0001|2.615308|-0.499750|0.808317|0.311245|1.691104|0.104602|0.161192
399|537|-1|8906|405|514|HOH|4343|2373|2482|-O--|2828|8|3|0001|2.615308|0.499750|-0.808317|-0.311245|1.691104|0.104602|0.161192
399|538|-1|8907|519|406|HOH|4343|2487|2374|-O--|2828|8|3|0001|3.115745|-0.917598|0.233651|-0.321593|38.610775|0.027049|0.041682
399|539|-1|8907|406|519|HOH|4343|2374|2487|-O--|2828|8|3|0001|3.115745|0.917598|-0.233651|0.321593|38.610775|0.027049|0.041682
399|540|-1|8908|518|407|HOH|4343|2486|2375|-O--|2828|8|3|0001|2.680359|-0.749153|-0.613725|0.249220|3.345900|0.087738|0.135204
399|541|-1|8908|407|518|HOH|4343|2375|2486|-O--|2828|8|3|0001|2.680359|0.749153|0.613725|-0.249220|3.345900|0.087738|0.135204
399|542|-1|8909|483|408|HOH|4343|2451|2376|-O--|2828|8|3|0001|2.908366|-0.172261|0.894316|0.412947|7.180830|0.047376|0.073007
399|543|-1|8909|408|483|HOH|4343|2376|2451|-O--|2828|8|3|0001|2.908366|0.172261|-0.894316|-0.412947|7.180830|0.047376|0.073007
399|544|-1|8910|431|412|HOH|4343|2399|2380|-O--|2828|8|3|0001|3.264817|-0.075042|0.781051|-0.619942|4.404961|0.018079|0.027859
399|545|-1|8910|412|431|HOH|4343|2380|2399|-O--|2828|8|3|0001|3.264817|0.075042|-0.781051|0.619942|4.404961|0.018079|0.027859
399|546|-1|8911|513|414|HOH|4343|2481|2382|-O--|2828|8|3|0001|2.780378|0.305354|-0.872903|0.380524|6.205115|0.066956|0.103179
399|547|-1|8911|414|513|HOH|4343|2382|2481|-O--|2828|8|3|0001|2.780378|-0.305354|0.872903|-0.380524|6.205115|0.066956|0.103179
399|548|-1|8912|517|415|HOH|4343|2485|2383|-O--|2828|8|3|0001|2.861066|-0.582650|0.385520|0.715468|5.171927|0.053837|0.082962
399|549|-1|8912|415|517|HOH|4343|2383|2485|-O--|2828|8|3|0001|2.861066|0.582650|-0.385520|-0.715468|5.171927|0.053837|0.082962
399|550|-1|8913|450|416|HOH|4343|2418|2384|-O--|2828|8|3|0001|2.654796|-0.794411|0.045199|-0.605696|30.160192|0.094014|0.144875
399|551|-1|8913|416|450|HOH|4343|2384|2418|-O--|2828|8|3|0001|2.654796|0.794411|-0.045199|0.605696|30.160192|0.094014|0.144875
399|552|-1|8914|475|420|HOH|4343|2443|2388|-O--|2828|8|3|0001|3.320599|0.707704|0.058423|-0.704090|4.008248|0.015549|0.023960
399|553|-1|8914|420|475|HOH|4343|2388|2443|-O--|2828|8|3|0001|3.320599|-0.707704|-0.058423|0.704090|4.008248|0.015549|0.023960
399|554|-1|8915|531|424|HOH|4343|2499|2392|-O--|2828|8|3|0001|2.833035|-0.483580|0.135189|-0.864797|11.010335|0.058074|0.089492
399|555|-1|8915|424|531|HOH|4343|2392|2499|-O--|2828|8|3|0001|2.833035|0.483580|-0.135189|0.864797|11.010335|0.058074|0.089492
399|556|-1|8916|440|425|HOH|4343|2408|2393|-O--|2828|8|3|0001|2.721509|-0.172699|0.542715|-0.821970|23.741421|0.078503|0.120973
399|557|-1|8916|425|440|HOH|4343|2393|2408|-O--|2828|8|3|0001|2.721509|0.172699|-0.542715|0.821970|23.741421|0.078503|0.120973
399|558|-1|8917|498|426|HOH|4343|2466|2394|-O--|2828|8|3|0001|2.697000|-0.275121|0.774566|0.569523|6.595459|0.083879|0.129258
399|559|-1|8917|426|498|HOH|4343|2394|2466|-O--|2828|8|3|0001|2.697000|0.275121|-0.774566|-0.569523|6.595459|0.083879|0.129258
399|560|-1|8918|473|427|HOH|4343|2441|2395|-O--|2828|8|3|0001|2.482840|0.238839|0.167145|-0.956566|0.030026|0.149633|0.230585
399|561|-1|8918|427|473|HOH|4343|2395|2441|-O--|2828|8|3|0001|2.482840|-0.238839|-0.167145|0.956566|0.030026|0.149633|0.230585
399|562|-1|8919|444|428|HOH|4343|2412|2396|-O--|2828|8|3|0001|2.575027|0.390676|0.920377|-0.016699|6.524961|0.116633|0.179732
399|563|-1|8919|428|444|HOH|4343|2396|2412|-O--|2828|8|3|0001|2.575027|-0.390676|-0.920377|0.016699|6.524961|0.116633|0.179732
399|564|-1|8920|530|429|HOH|4343|2498|2397|-O--|2828|8|3|0001|2.777987|-0.901372|0.035274|-0.431607|47.170368|0.067390|0.103848
399|565|-1|8920|429|530|HOH|4343|2397|2498|-O--|2828|8|3|0001|2.777987|0.901372|-0.035274|0.431607|47.170368|0.067390|0.103848
399|566|-1|8921|532|432|HOH|4343|2500|2400|-O--|2828|8|3|0001|2.802773|-0.210863|0.128444|-0.969040|4.750307|0.063023|0.097119
399|567|-1|8921|432|532|HOH|4343|2400|2500|-O--|2828|8|3|0001|2.802773|0.210863|-0.128444|0.969040|4.750307|0.063023|0.097119
399|568|-1|8922|459|432|HOH|4343|2427|2400|-O--|2828|8|3|0001|2.887606|-0.365701|0.929835|-0.040864|8.690803|0.050110|0.077220
399|569|-1|8922|432|459|HOH|4343|2400|2427|-O--|2828|8|3|0001|2.887606|0.365701|-0.929835|0.040864|8.690803|0.050110|0.077220
399|570|-1|8923|466|434|HOH|4343|2434|2402|-O--|2828|8|3|0001|3.502349|0.439990|-0.889688|0.121918|32.164734|0.009514|0.014661
399|571|-1|8923|434|466|HOH|4343|2402|2434|-O--|2828|8|3|0001|3.502349|-0.439990|0.889688|-0.121918|32.164734|0.009514|0.014661
399|572|-1|8924|445|435|HOH|4343|2413|2403|-O--|2828|8|3|0001|2.769534|-0.461449|0.882817|0.087740|1.547928|0.068947|0.106248
399|573|-1|8924|435|445|HOH|4343|2403|2413|-O--|2828|8|3|0001|2.769534|0.461449|-0.882817|-0.087740|1.547928|0.068947|0.106248
399|574|-1|8925|465|436|HOH|4343|2433|2404|-O--|2828|8|3|0001|2.611636|-0.533382|-0.711432|0.457567|2.958394|0.105646|0.162800
399|575|-1|8925|436|465|HOH|4343|2404|2433|-O--|2828|8|3|0001|2.611636|0.533382|0.711432|-0.457567|2.958394|0.105646|0.162800
399|576|-1|8926|471|439|HOH|4343|2439|2407|-O--|2828|8|3|0001|3.232457|0.319262|0.894675|0.312456|20.367222|0.019731|0.030406
399|577|-1|8926|439|471|HOH|4343|2407|2439|-O--|2828|8|3|0001|3.232457|-0.319262|-0.894675|-0.312456|20.367222|0.019731|0.030406
399|578|-1|8927|475|442|HOH|4343|2443|2410|-O--|2828|8|3|0001|3.468614|0.672603|-0.147898|0.725073|3.457509|0.010422|0.016061
399|579|-1|8927|442|475|HOH|4343|2410|2443|-O--|2828|8|3|0001|3.468614|-0.672603|0.147898|-0.725073|3.457509|0.010422|0.016061
399|580|-1|8928|446|442|HOH|4343|2414|2410|-O--|2828|8|3|0001|3.610398|-0.541492|-0.750058|0.379737|10.764891|0.007105|0.010948
399|581|-1|8928|442|446|HOH|4343|2410|2414|-O--|2828|8|3|0001|3.610398|0.541492|0.750058|-0.379737|10.764891|0.007105|0.010948
399|582|-1|8929|529|443|HOH|4343|2497|2411|-O--|2828|8|3|0001|3.261667|-0.486254|-0.392746|-0.780582|12.675247|0.018233|0.028098
399|583|-1|8929|443|529|HOH|4343|2411|2497|-O--|2828|8|3|0001|3.261667|0.486254|0.392746|0.780582|12.675247|0.018233|0.028098
399|584|-1|8930|497|445|HOH|4343|2465|2413|-O--|2828|8|3|0001|2.844538|0.145894|0.555805|0.818410|5.950305|0.056296|0.086752
399|585|-1|8930|445|497|HOH|4343|2413|2465|-O--|2828|8|3|0001|2.844538|-0.145894|-0.555805|-0.818410|5.950305|0.056296|0.086752
399|586|-1|8931|503|445|HOH|4343|2471|2413|-O--|2828|8|3|0001|2.825030|0.395748|0.366369|-0.842115|5.496194|0.059344|0.091449
399|587|-1|8931|445|503|HOH|4343|2413|2471|-O--|2828|8|3|0001|2.825030|-0.395748|-0.366369|0.842115|5.496194|0.059344|0.091449
399|588|-1|8932|515|447|HOH|4343|2483|2415|-O--|2828|8|3|0001|2.984839|0.936399|-0.237196|-0.258640|30.357283|0.038530|0.059375
399|589|-1|8932|447|515|HOH|4343|2415|2483|-O--|2828|8|3|0001|2.984839|-0.936399|0.237196|0.258640|30.357283|0.038530|0.059375
399|590|-1|8933|463|447|HOH|4343|2431|2415|-O--|2828|8|3|0001|3.482615|0.041061|0.346294|0.937227|2.133801|0.010035|0.015464
399|591|-1|8933|447|463|HOH|4343|2415|2431|-O--|2828|8|3|0001|3.482615|-0.041061|-0.346294|-0.937227|2.133801|0.010035|0.015464
399|592|-1|8934|472|449|HOH|4343|2440|2417|-O--|2828|8|3|0001|2.815982|0.993614|-0.110443|0.023082|6.686645|0.060813|0.093713
399|593|-1|8934|449|472|HOH|4343|2417|2440|-O--|2828|8|3|0001|2.815982|-0.993614|0.110443|-0.023082|6.686645|0.060813|0.093713
399|594|-1|8935|523|452|HOH|4343|2491|2420|-O--|2828|8|3|0001|2.739869|0.360601|0.380675|-0.851501|5.451580|0.074703|0.115117
399|595|-1|8935|452|523|HOH|4343|2420|2491|-O--|2828|8|3|0001|2.739869|-0.360601|-0.380675|0.851501|5.451580|0.074703|0.115117
399|596|-1|8936|527|452|HOH|4343|2495|2420|-O--|2828|8|3|0001|3.101886|0.185371|-0.888815|0.419100|6.527708|0.028081|0.043273
399|597|-1|8936|452|527|HOH|4343|2420|2495|-O--|2828|8|3|0001|3.101886|-0.185371|0.888815|-0.419100|6.527708|0.028081|0.043273
399|598|-1|8937|525|453|HOH|4343|2493|2421|-O--|2828|8|3|0001|2.943754|0.697748|-0.296218|-0.652228|1.939711|0.043055|0.066348
399|599|-1|8937|453|525|HOH|4343|2421|2493|-O--|2828|8|3|0001|2.943754|-0.697748|0.296218|0.652228|1.939711|0.043055|0.066348
399|600|-1|8938|504|455|HOH|4343|2472|2423|-O--|2828|8|3|0001|2.628585|0.065435|-0.451572|-0.889832|35.939182|0.100915|0.155511
399|601|-1|8938|455|504|HOH|4343|2423|2472|-O--|2828|8|3|0001|2.628585|-0.065435|0.451572|0.889832|35.939182|0.100915|0.155511
399|602|-1|8939|508|456|HOH|4343|2476|2424|-O--|2828|8|3|0001|2.885636|-0.446695|-0.586353|-0.675761|6.191554|0.050378|0.077632
399|603|-1|8939|456|508|HOH|4343|2424|2476|-O--|2828|8|3|0001|2.885636|0.446695|0.586353|0.675761|6.191554|0.050378|0.077632
399|604|-1|8940|513|457|HOH|4343|2481|2425|-O--|2828|8|3|0001|2.972195|-0.866027|0.295401|0.403406|6.484269|0.039869|0.061439
399|605|-1|8940|457|513|HOH|4343|2425|2481|-O--|2828|8|3|0001|2.972195|0.866027|-0.295401|-0.403406|6.484269|0.039869|0.061439
399|606|-1|8941|501|459|HOH|4343|2469|2427|-O--|2828|8|3|0001|2.687843|-0.853472|0.115339|0.508214|23.958796|0.085981|0.132497
399|607|-1|8941|459|501|HOH|4343|2427|2469|-O--|2828|8|3|0001|2.687843|0.853472|-0.115339|-0.508214|23.958796|0.085981|0.132497
399|608|-1|8942|493|459|HOH|4343|2461|2427|-O--|2828|8|3|0001|3.965351|-0.575737|0.736632|-0.354824|3.343147|0.002722|0.004195
399|609|-1|8942|459|493|HOH|4343|2427|2461|-O--|2828|8|3|0001|3.965351|0.575737|-0.736632|0.354824|3.343147|0.002722|0.004195
399|610|-1|8943|532|459|HOH|4343|2500|2427|-O--|2828|8|3|0001|3.517306|0.132203|-0.661016|-0.738634|15.258683|0.009137|0.014080
399|611|-1|8943|459|532|HOH|4343|2427|2500|-O--|2828|8|3|0001|3.517306|-0.132203|0.661016|0.738634|15.258683|0.009137|0.014080
399|612|-1|8944|512|460|HOH|4343|2480|2428|-O--|2828|8|3|0001|2.698020|-0.388804|-0.920300|0.043365|6.703165|0.083648|0.128902
399|613|-1|8944|460|512|HOH|4343|2428|2480|-O--|2828|8|3|0001|2.698020|0.388804|0.920300|-0.043365|6.703165|0.083648|0.128902
399|614|-1|8945|499|464|HOH|4343|2467|2432|-O--|2828|8|3|0001|3.334922|0.581723|0.809613|-0.078262|7.370376|0.014958|0.023051
399|615|-1|8945|464|499|HOH|4343|2432|2467|-O--|2828|8|3|0001|3.334922|-0.581723|-0.809613|0.078262|7.370376|0.014958|0.023051
399|616|-1|8946|507|470|HOH|4343|2475|2438|-O--|2828|8|3|0001|2.544513|0.012576|0.988407|-0.151307|4.272509|0.126660|0.195183
399|617|-1|8946|470|507|HOH|4343|2438|2475|-O--|2828|8|3|0001|2.544513|-0.012576|-0.988407|0.151307|4.272509|0.126660|0.195183
399|618|-1|8947|524|471|HOH|4343|2492|2439|-O--|2828|8|3|0001|2.659482|-0.299306|0.611021|-0.732850|58.532719|0.092831|0.143052
399|619|-1|8947|471|524|HOH|4343|2439|2492|-O--|2828|8|3|0001|2.659482|0.299306|-0.611021|0.732850|58.532719|0.092831|0.143052
399|620|-1|8948|521|477|HOH|4343|2489|2445|-O--|2828|8|3|0001|2.709769|-0.365714|-0.918528|-0.150197|7.626966|0.081034|0.124873
399|621|-1|8948|477|521|HOH|4343|2445|2489|-O--|2828|8|3|0001|2.709769|0.365714|0.918528|0.150197|7.626966|0.081034|0.124873
399|622|-1|8949|500|478|HOH|4343|2468|2446|-O--|2828|8|3|0001|2.496524|0.670932|0.457435|0.583612|14.985156|0.144200|0.222213
399|623|-1|8949|478|500|HOH|4343|2446|2468|-O--|2828|8|3|0001|2.496524|-0.670932|-0.457435|-0.583612|14.985156|0.144200|0.222213
399|624|-1|8950|506|482|HOH|4343|2474|2450|-O--|2828|8|3|0001|2.918342|0.940260|-0.265215|0.213477|0.485215|0.046116|0.071064
399|625|-1|8950|482|506|HOH|4343|2450|2474|-O--|2828|8|3|0001|2.918342|-0.940260|0.265215|-0.213477|0.485215|0.046116|0.071064
399|626|-1|8951|492|487|HOH|4343|2460|2455|-O--|2828|8|3|0001|2.772547|-0.270509|0.277367|0.921896|3.556355|0.068388|0.105386
399|627|-1|8951|487|492|HOH|4343|2455|2460|-O--|2828|8|3|0001|2.772547|0.270509|-0.277367|-0.921896|3.556355|0.068388|0.105386
399|628|-1|8952|514|489|HOH|4343|2482|2457|-O--|2828|8|3|0001|2.793339|-0.591049|-0.481858|-0.646896|31.200485|0.064651|0.099627
399|629|-1|8952|489|514|HOH|4343|2457|2482|-O--|2828|8|3|0001|2.793339|0.591049|0.481858|0.646896|31.200485|0.064651|0.099627
399|630|-1|8953|504|490|HOH|4343|2472|2458|-O--|2828|8|3|0001|2.502279|0.236984|0.967917|-0.083524|6.597668|0.141975|0.218784
399|631|-1|8953|490|504|HOH|4343|2458|2472|-O--|2828|8|3|0001|2.502279|-0.236984|-0.967917|0.083524|6.597668|0.141975|0.218784
399|632|-1|8954|502|490|HOH|4343|2470|2458|-O--|2828|8|3|0001|2.515048|0.716090|-0.678321|0.164609|2.500356|0.137159|0.211362
399|633|-1|8954|490|502|HOH|4343|2458|2470|-O--|2828|8|3|0001|2.515048|-0.716090|0.678321|-0.164609|2.500356|0.137159|0.211362
399|634|-1|8955|526|491|HOH|4343|2494|2459|-O--|2828|8|3|0001|3.444435|0.771099|-0.464227|0.435775|25.293537|0.011126|0.017145
399|635|-1|8955|491|526|HOH|4343|2459|2494|-O--|2828|8|3|0001|3.444435|-0.771099|0.464227|-0.435775|25.293537|0.011126|0.017145
399|636|-1|8956|542|492|HOH|4343|2510|2460|-O--|2828|8|3|0001|2.625325|-0.156552|0.982730|0.098654|6.645394|0.101808|0.156887
399|637|-1|8956|492|542|HOH|4343|2460|2510|-O--|2828|8|3|0001|2.625325|0.156552|-0.982730|-0.098654|6.645394|0.101808|0.156887
399|638|-1|8957|501|493|HOH|4343|2469|2461|-O--|2828|8|3|0001|3.808797|-0.002888|-0.685516|0.728051|31.041937|0.004156|0.006404
399|639|-1|8957|493|501|HOH|4343|2461|2469|-O--|2828|8|3|0001|3.808797|0.002888|0.685516|-0.728051|31.041937|0.004156|0.006404
399|640|-1|8958|515|494|HOH|4343|2483|2462|-O--|2828|8|3|0001|2.828473|-0.004242|0.989584|0.143894|1.565483|0.058794|0.090602
399|641|-1|8958|494|515|HOH|4343|2462|2483|-O--|2828|8|3|0001|2.828473|0.004242|-0.989584|-0.143894|1.565483|0.058794|0.090602
399|642|-1|8959|535|494|HOH|4343|2503|2462|-O--|2828|8|3|0001|2.883454|-0.414780|-0.317325|-0.852797|8.996946|0.050676|0.078091
399|643|-1|8959|494|535|HOH|4343|2462|2503|-O--|2828|8|3|0001|2.883454|0.414780|0.317325|0.852797|8.996946|0.050676|0.078091
399|644|-1|8960|540|495|HOH|4343|2508|2463|-O--|2828|8|3|0001|2.979537|0.644395|-0.605126|-0.467523|1.164219|0.039086|0.060232
399|645|-1|8960|495|540|HOH|4343|2463|2508|-O--|2828|8|3|0001|2.979537|-0.644395|0.605126|0.467523|1.164219|0.039086|0.060232
399|646|-1|8961|534|499|HOH|4343|2502|2467|-O--|2828|8|3|0001|2.892019|0.265213|0.588863|0.763481|17.003708|0.049516|0.076304
399|647|-1|8961|499|534|HOH|4343|2467|2502|-O--|2828|8|3|0001|2.892019|-0.265213|-0.588863|-0.763481|17.003708|0.049516|0.076304
399|648|-1|8962|536|502|HOH|4343|2504|2470|-O--|2828|8|3|0001|2.733441|0.843260|0.460230|0.277672|14.115630|0.076012|0.117134
399|649|-1|8962|502|536|HOH|4343|2470|2504|-O--|2828|8|3|0001|2.733441|-0.843260|-0.460230|-0.277672|14.115630|0.076012|0.117134
399|650|-1|8963|540|503|HOH|4343|2508|2471|-O--|2828|8|3|0001|2.925831|0.621703|0.757393|-0.199602|31.202822|0.045192|0.069641
399|651|-1|8963|503|540|HOH|4343|2471|2508|-O--|2828|8|3|0001|2.925831|-0.621703|-0.757393|0.199602|31.202822|0.045192|0.069641
399|652|-1|8964|542|512|HOH|4343|2510|2480|-O--|2828|8|3|0001|2.802095|-0.319404|-0.357595|0.877558|9.962543|0.063139|0.097297
399|653|-1|8964|512|542|HOH|4343|2480|2510|-O--|2828|8|3|0001|2.802095|0.319404|0.357595|-0.877558|9.962543|0.063139|0.097297
399|654|-1|8965|530|516|HOH|4343|2498|2484|-O--|2828|8|3|0001|3.164742|0.471444|-0.867686|0.157675|8.853352|0.023694|0.036512
399|655|-1|8965|516|530|HOH|4343|2484|2498|-O--|2828|8|3|0001|3.164742|-0.471444|0.867686|-0.157675|8.853352|0.023694|0.036512
399|656|-1|8966|541|518|HOH|4343|2509|2486|-O--|2828|8|3|0001|2.676928|-0.359741|-0.788593|-0.498706|25.295132|0.088555|0.136464
399|657|-1|8966|518|541|HOH|4343|2486|2509|-O--|2828|8|3|0001|2.676928|0.359741|0.788593|0.498706|25.295132|0.088555|0.136464
399|658|-1|8967|531|526|HOH|4343|2499|2494|-O--|2828|8|3|0001|2.781265|-0.615547|-0.601883|0.508762|3.878138|0.066795|0.102932
399|659|-1|8967|526|531|HOH|4343|2494|2499|-O--|2828|8|3|0001|2.781265|0.615547|0.601883|-0.508762|3.878138|0.066795|0.102932
399|660|-1|8968|539|527|HOH|4343|2507|2495|-O--|2828|8|3|0001|2.626705|0.492632|-0.647581|-0.581337|8.546522|0.101429|0.156303
399|661|-1|8968|527|539|HOH|4343|2495|2507|-O--|2828|8|3|0001|2.626705|-0.492632|0.647581|0.581337|8.546522|0.101429|0.156303
399|662|-1|8969|544|535|HOH|4343|2512|2503|-O--|2828|8|3|0001|2.690888|0.780040|-0.360102|-0.511727|14.213642|0.085276|0.131411
399|663|-1|8969|535|544|HOH|4343|2503|2512|-O--|2828|8|3|0001|2.690888|-0.780040|0.360102|0.511727|14.213642|0.085276|0.131411
399|664|-1|8970|543|535|HOH|4343|2511|2503|-O--|2828|8|3|0001|2.820045|-0.244677|0.864169|-0.439709|14.336828|0.060149|0.092690
399|665|-1|8970|535|543|HOH|4343|2503|2511|-O--|2828|8|3|0001|2.820045|0.244677|-0.864169|0.439709|14.336828|0.060149|0.092690
399|666|-1|8971|545|536|HOH|4343|2513|2504|-O--|2828|8|3|0001|3.195874|0.676810|-0.183991|-0.712795|31.667017|0.021782|0.033566
399|667|-1|8971|536|545|HOH|4343|2504|2513|-O--|2828|8|3|0001|3.195874|-0.676810|0.183991|0.712795|31.667017|0.021782|0.033566
