1691|0|3|ALA|A|1|5|0|000|20.835278|-1.000000|-1.000000|0.000000|-1|-1|0|0|-1|1
1691|1|13|THR|A|2|7|0|000|17.751440|-1.000000|-1.000000|0.000000|-1|-1|0|0|0|2
1691|2|29|LYS|A|3|9|0|000|17.398617|-1.000000|-1.000000|0.000000|-1|-1|0|0|1|3
1691|3|3|ALA|A|4|5|0|000|12.938476|-1.000000|-1.000000|0.000000|-1|-1|0|0|2|4
1691|4|5|VAL|A|5|7|0|000|12.654736|-1.000000|-1.000000|0.000000|-1|-1|0|0|3|5
1691|5|15|CYS|A|6|6|0|000|9.860086|-1.000000|-1.000000|0.000000|-1|-1|0|0|4|6
1691|6|5|VAL|A|7|7|0|000|12.705466|-1.000000|-1.000000|0.000000|-1|-1|0|0|5|7
1691|7|7|LEU|A|8|8|0|000|9.923549|-1.000000|-1.000000|0.000000|-1|-1|0|0|6|8
1691|8|29|LYS|A|9|9|0|000|14.720859|-1.000000|-1.000000|0.000000|-1|-1|0|0|7|9
1691|9|1|GLY|A|10|4|0|000|15.571128|-1.000000|-1.000000|0.000000|-1|-1|0|0|8|10
1691|10|21|ASP|A|11|8|0|000|18.252127|-1.000000|-1.000000|0.000000|-1|-1|0|0|9|11
1691|11|1|GLY|A|12|4|0|000|18.051157|-1.000000|-1.000000|0.000000|-1|-1|0|0|10|12
1691|12|19|PRO|A|13|7|0|000|17.967525|-1.000000|-1.000000|0.000000|-1|-1|0|0|11|13
1691|13|5|VAL|A|14|7|0|000|13.958552|-1.000000|-1.000000|0.000000|-1|-1|0|0|12|14
1691|14|27|GLN|A|15|9|0|000|15.501609|-1.000000|-1.000000|0.000000|-1|-1|0|0|13|15
1691|15|1|GLY|A|16|4|0|000|12.255428|-1.000000|-1.000000|0.000000|-1|-1|0|0|14|16
1691|16|9|ILE|A|17|16|0|000|12.795610|-1.000000|-1.000000|0.000000|-1|-1|0|0|15|17
1691|17|9|ILE|A|18|8|0|000|9.061852|-1.000000|-1.000000|0.000000|-1|-1|0|0|16|18
1691|18|23|ASN|A|19|8|0|000|12.320238|-1.000000|-1.000000|0.000000|-1|-1|0|0|17|19
1691|19|35|PHE|A|20|11|0|000|9.709479|-1.000000|-1.000000|0.000000|-1|-1|0|0|18|20
1691|20|25|GLU|A|21|9|0|000|16.054680|-1.000000|-1.000000|0.000000|-1|-1|0|0|19|21
1691|21|27|GLN|A|22|9|0|000|16.007822|-1.000000|-1.000000|0.000000|-1|-1|0|0|20|22
1691|22|29|LYS|A|23|9|0|000|20.218386|-1.000000|-1.000000|0.000000|-1|-1|0|0|21|23
1691|23|25|GLU|A|24|9|0|000|21.291189|-1.000000|-1.000000|0.000000|-1|-1|0|0|22|24
1691|24|11|SER|A|25|6|0|000|20.648792|-1.000000|-1.000000|0.000000|-1|-1|0|0|23|25
1691|25|23|ASN|A|26|8|0|000|19.306213|-1.000000|-1.000000|0.000000|-1|-1|0|0|24|26
1691|26|1|GLY|A|27|4|0|000|17.219448|-1.000000|-1.000000|0.000000|-1|-1|0|0|25|27
1691|27|19|PRO|A|28|7|0|000|16.016880|-1.000000|-1.000000|0.000000|-1|-1|0|0|26|28
1691|28|5|VAL|A|29|7|0|000|11.998161|-1.000000|-1.000000|0.000000|-1|-1|0|0|27|29
1691|29|29|LYS|A|30|9|0|000|13.137533|-1.000000|-1.000000|0.000000|-1|-1|0|0|28|30
1691|30|5|VAL|A|31|7|0|000|9.237914|-1.000000|-1.000000|0.000000|-1|-1|0|0|29|31
1691|31|39|TRP|A|32|14|0|000|13.367023|-1.000000|-1.000000|0.000000|-1|-1|0|0|30|32
1691|32|1|GLY|A|33|4|0|000|12.273825|-1.000000|-1.000000|0.000000|-1|-1|0|0|31|33
1691|33|11|SER|A|34|6|0|000|13.189457|-1.000000|-1.000000|0.000000|-1|-1|0|0|32|34
1691|34|9|ILE|A|35|8|0|000|11.413469|-1.000000|-1.000000|0.000000|-1|-1|0|0|33|35
1691|35|29|LYS|A|36|9|0|000|16.482830|-1.000000|-1.000000|0.000000|-1|-1|0|0|34|36
1691|36|1|GLY|A|37|4|0|000|16.593813|-1.000000|-1.000000|0.000000|-1|-1|0|0|35|37
1691|37|7|LEU|A|38|8|0|000|14.467558|-1.000000|-1.000000|0.000000|-1|-1|0|0|36|38
1691|38|13|THR|A|39|7|0|000|16.957798|-1.000000|-1.000000|0.000000|-1|-1|0|0|37|39
1691|39|25|GLU|A|40|9|0|000|19.431730|-1.000000|-1.000000|0.000000|-1|-1|0|0|38|40
1691|40|1|GLY|A|41|4|0|000|15.372934|-1.000000|-1.000000|0.000000|-1|-1|0|0|39|41
1691|41|7|LEU|A|42|8|0|000|13.216611|-1.000000|-1.000000|0.000000|-1|-1|0|0|40|42
1691|42|33|HIS|A|43|10|0|000|10.956644|-1.000000|-1.000000|0.000000|-1|-1|0|0|41|43
1691|43|1|GLY|A|44|4|0|000|7.031191|-1.000000|-1.000000|0.000000|-1|-1|0|0|42|44
1691|44|35|PHE|A|45|11|0|000|3.325273|-1.000000|-1.000000|0.000000|-1|-1|0|0|43|45
1691|45|33|HIS|A|46|10|0|000|3.806854|-1.000000|-1.000000|0.000000|-1|-1|0|0|44|46
1691|46|5|VAL|A|47|7|0|000|4.385089|-1.000000|-1.000000|0.000000|-1|-1|0|0|45|47
1691|47|33|HIS|A|48|10|0|000|6.888327|-1.000000|-1.000000|0.000000|-1|-1|0|0|46|48
1691|48|25|GLU|A|49|9|0|000|12.180773|-1.000000|-1.000000|0.000000|-1|-1|0|0|47|49
1691|49|35|PHE|A|50|11|0|000|13.444131|-1.000000|-1.000000|0.000000|-1|-1|0|0|48|50
1691|50|1|GLY|A|51|4|0|000|13.108738|-1.000000|-1.000000|0.000000|-1|-1|0|0|49|51
1691|51|21|ASP|A|52|8|0|000|15.446972|-1.000000|-1.000000|0.000000|-1|-1|0|0|50|52
1691|52|23|ASN|A|53|16|0|000|14.709938|-1.000000|-1.000000|0.000000|-1|-1|0|0|51|53
1691|53|13|THR|A|54|7|0|000|19.166986|-1.000000|-1.000000|0.000000|-1|-1|0|0|52|54
1691|54|3|ALA|A|55|5|0|000|18.431589|-1.000000|-1.000000|0.000000|-1|-1|0|0|53|55
1691|55|1|GLY|A|56|4|0|000|15.432880|-1.000000|-1.000000|0.000000|-1|-1|0|0|54|56
1691|56|15|CYS|A|57|6|0|000|12.092497|-1.000000|-1.000000|0.000000|-1|-1|0|0|55|57
1691|57|13|THR|A|58|7|0|000|14.795184|-1.000000|-1.000000|0.000000|-1|-1|0|0|56|58
1691|58|11|SER|A|59|6|0|000|15.042833|-1.000000|-1.000000|0.000000|-1|-1|0|0|57|59
1691|59|3|ALA|A|60|5|0|000|11.416591|-1.000000|-1.000000|0.000000|-1|-1|0|0|58|60
1691|60|1|GLY|A|61|4|0|000|11.813590|-1.000000|-1.000000|0.000000|-1|-1|0|0|59|61
1691|61|19|PRO|A|62|7|0|000|11.596316|-1.000000|-1.000000|0.000000|-1|-1|0|0|60|62
1691|62|33|HIS|A|63|10|0|000|8.294407|-1.000000|-1.000000|0.000000|-1|-1|0|0|61|63
1691|63|35|PHE|A|64|11|0|000|9.776192|-1.000000|-1.000000|0.000000|-1|-1|0|0|62|64
1691|64|23|ASN|A|65|8|0|000|13.080012|-1.000000|-1.000000|0.000000|-1|-1|0|0|63|65
1691|65|19|PRO|A|66|7|0|000|14.554569|-1.000000|-1.000000|0.000000|-1|-1|0|0|64|66
1691|66|7|LEU|A|67|8|0|000|16.652504|-1.000000|-1.000000|0.000000|-1|-1|0|0|65|67
1691|67|11|SER|A|68|6|0|000|17.727928|-1.000000|-1.000000|0.000000|-1|-1|0|0|66|68
1691|68|31|ARG|A|69|11|0|000|16.559101|-1.000000|-1.000000|0.000000|-1|-1|0|0|67|69
1691|69|29|LYS|A|70|9|0|000|17.215229|-1.000000|-1.000000|0.000000|-1|-1|0|0|68|70
1691|70|33|HIS|A|71|10|0|000|11.673980|-1.000000|-1.000000|0.000000|-1|-1|0|0|69|71
1691|71|1|GLY|A|72|4|0|000|11.457228|-1.000000|-1.000000|0.000000|-1|-1|0|0|70|72
1691|72|1|GLY|A|73|4|0|000|11.249834|-1.000000|-1.000000|0.000000|-1|-1|0|0|71|73
1691|73|19|PRO|A|74|7|0|000|10.204932|-1.000000|-1.000000|0.000000|-1|-1|0|0|72|74
1691|74|29|LYS|A|75|9|0|000|14.590201|-1.000000|-1.000000|0.000000|-1|-1|0|0|73|75
1691|75|21|ASP|A|76|8|0|000|14.799120|-1.000000|-1.000000|0.000000|-1|-1|0|0|74|76
1691|76|25|GLU|A|77|9|0|000|18.338099|-1.000000|-1.000000|0.000000|-1|-1|0|0|75|77
1691|77|25|GLU|A|78|9|0|000|16.702888|-1.000000|-1.000000|0.000000|-1|-1|0|0|76|78
1691|78|31|ARG|A|79|11|0|000|11.116180|-1.000000|-1.000000|0.000000|-1|-1|0|0|77|79
1691|79|33|HIS|A|80|10|0|000|10.597573|-1.000000|-1.000000|0.000000|-1|-1|0|0|78|80
1691|80|5|VAL|A|81|7|0|000|9.579423|-1.000000|-1.000000|0.000000|-1|-1|0|0|79|81
1691|81|1|GLY|A|82|4|0|000|5.733606|-1.000000|-1.000000|0.000000|-1|-1|0|0|80|82
1691|82|21|ASP|A|83|8|0|000|7.212924|-1.000000|-1.000000|0.000000|-1|-1|0|0|81|83
1691|83|7|LEU|A|84|8|0|000|4.587239|-1.000000|-1.000000|0.000000|-1|-1|0|0|82|84
1691|84|1|GLY|A|85|4|0|000|6.756176|-1.000000|-1.000000|0.000000|-1|-1|0|0|83|85
1691|85|23|ASN|A|86|8|0|000|9.017326|-1.000000|-1.000000|0.000000|-1|-1|0|0|84|86
1691|86|5|VAL|A|87|7|0|000|8.972309|-1.000000|-1.000000|0.000000|-1|-1|0|0|85|87
1691|87|13|THR|A|88|7|0|000|13.391707|-1.000000|-1.000000|0.000000|-1|-1|0|0|86|88
1691|88|3|ALA|A|89|5|0|000|15.496225|-1.000000|-1.000000|0.000000|-1|-1|0|0|87|89
1691|89|21|ASP|A|90|16|0|000|18.986082|-1.000000|-1.000000|0.000000|-1|-1|0|0|88|90
1691|90|29|LYS|A|91|18|0|000|22.798223|-1.000000|-1.000000|0.000000|-1|-1|0|0|89|91
1691|91|21|ASP|A|92|8|0|000|20.804846|-1.000000|-1.000000|0.000000|-1|-1|0|0|90|92
1691|92|1|GLY|A|93|4|0|000|17.550869|-1.000000|-1.000000|0.000000|-1|-1|0|0|91|93
1691|93|5|VAL|A|94|7|0|000|16.672421|-1.000000|-1.000000|0.000000|-1|-1|0|0|92|94
1691|94|3|ALA|A|95|5|0|000|13.103276|-1.000000|-1.000000|0.000000|-1|-1|0|0|93|95
1691|95|21|ASP|A|96|8|0|000|14.749561|-1.000000|-1.000000|0.000000|-1|-1|0|0|94|96
1691|96|5|VAL|A|97|7|0|000|10.543968|-1.000000|-1.000000|0.000000|-1|-1|0|0|95|97
1691|97|11|SER|A|98|6|0|000|12.709833|-1.000000|-1.000000|0.000000|-1|-1|0|0|96|98
1691|98|9|ILE|A|99|8|0|000|9.605042|-1.000000|-1.000000|0.000000|-1|-1|0|0|97|99
1691|99|25|GLU|A|100|9|0|000|13.825006|-1.000000|-1.000000|0.000000|-1|-1|0|0|98|100
1691|100|21|ASP|A|101|8|0|000|10.392636|-1.000000|-1.000000|0.000000|-1|-1|0|0|99|101
1691|101|11|SER|A|102|6|0|000|13.996879|-1.000000|-1.000000|0.000000|-1|-1|0|0|100|102
1691|102|5|VAL|A|103|7|0|000|11.936731|-1.000000|-1.000000|0.000000|-1|-1|0|0|101|103
1691|103|9|ILE|A|104|8|0|000|9.497295|-1.000000|-1.000000|0.000000|-1|-1|0|0|102|104
1691|104|11|SER|A|105|6|0|000|12.788606|-1.000000|-1.000000|0.000000|-1|-1|0|0|103|105
1691|105|7|LEU|A|106|8|0|000|13.613564|-1.000000|-1.000000|0.000000|-1|-1|0|0|104|106
1691|106|11|SER|A|107|6|0|000|16.752693|-1.000000|-1.000000|0.000000|-1|-1|0|0|105|107
1691|107|1|GLY|A|108|4|0|000|17.193443|-1.000000|-1.000000|0.000000|-1|-1|0|0|106|108
1691|108|21|ASP|A|109|16|0|000|16.879963|-1.000000|-1.000000|0.000000|-1|-1|0|0|107|109
1691|109|33|HIS|A|110|10|0|000|13.982905|-1.000000|-1.000000|0.000000|-1|-1|0|0|108|110
1691|110|15|CYS|A|111|6|0|000|12.889356|-1.000000|-1.000000|0.000000|-1|-1|0|0|109|111
1691|111|9|ILE|A|112|8|0|000|8.902418|-1.000000|-1.000000|0.000000|-1|-1|0|0|110|112
1691|112|13|THR|A|113|7|0|000|12.438374|-1.000000|-1.000000|0.000000|-1|-1|0|0|111|113
1691|113|1|GLY|A|114|4|0|000|12.440418|-1.000000|-1.000000|0.000000|-1|-1|0|0|112|114
1691|114|31|ARG|A|115|11|0|000|10.690243|-1.000000|-1.000000|0.000000|-1|-1|0|0|113|115
1691|115|13|THR|A|116|7|0|000|7.781636|-1.000000|-1.000000|0.000000|-1|-1|0|0|114|116
1691|116|7|LEU|A|117|8|0|000|4.443550|-1.000000|-1.000000|0.000000|-1|-1|0|0|115|117
1691|117|5|VAL|A|118|7|0|000|5.346413|-1.000000|-1.000000|0.000000|-1|-1|0|0|116|118
1691|118|5|VAL|A|119|7|0|000|7.444592|-1.000000|-1.000000|0.000000|-1|-1|0|0|117|119
1691|119|33|HIS|A|120|10|0|000|8.416251|-1.000000|-1.000000|0.000000|-1|-1|0|0|118|120
1691|120|25|GLU|A|121|9|0|000|14.327160|-1.000000|-1.000000|0.000000|-1|-1|0|0|119|121
1691|121|29|LYS|A|122|9|0|000|14.417119|-1.000000|-1.000000|0.000000|-1|-1|0|0|120|122
1691|122|3|ALA|A|123|5|0|000|12.801091|-1.000000|-1.000000|0.000000|-1|-1|0|0|121|123
1691|123|21|ASP|A|124|8|0|000|10.427222|-1.000000|-1.000000|0.000000|-1|-1|0|0|122|124
1691|124|21|ASP|A|125|8|0|000|14.649513|-1.000000|-1.000000|0.000000|-1|-1|0|0|123|125
1691|125|7|LEU|A|126|8|0|000|12.609052|-1.000000|-1.000000|0.000000|-1|-1|0|0|124|126
1691|126|1|GLY|A|127|4|0|000|15.857882|-1.000000|-1.000000|0.000000|-1|-1|0|0|125|127
1691|127|29|LYS|A|128|9|0|000|18.267960|-1.000000|-1.000000|0.000000|-1|-1|0|0|126|128
1691|128|1|GLY|A|129|4|0|000|19.640684|-1.000000|-1.000000|0.000000|-1|-1|0|0|127|129
1691|129|1|GLY|A|130|4|0|000|21.981697|-1.000000|-1.000000|0.000000|-1|-1|0|0|128|130
1691|130|23|ASN|A|131|8|0|000|20.534725|-1.000000|-1.000000|0.000000|-1|-1|0|0|129|131
1691|131|25|GLU|A|132|9|0|000|20.442202|-1.000000|-1.000000|0.000000|-1|-1|0|0|130|132
1691|132|25|GLU|A|133|9|0|000|16.770691|-1.000000|-1.000000|0.000000|-1|-1|0|0|131|133
1691|133|11|SER|A|134|6|0|000|16.101269|-1.000000|-1.000000|0.000000|-1|-1|0|0|132|134
1691|134|13|THR|A|135|7|0|000|16.522827|-1.000000|-1.000000|0.000000|-1|-1|0|0|133|135
1691|135|29|LYS|A|136|9|0|000|15.533525|-1.000000|-1.000000|0.000000|-1|-1|0|0|134|136
1691|136|13|THR|A|137|7|0|000|12.129458|-1.000000|-1.000000|0.000000|-1|-1|0|0|135|137
1691|137|1|GLY|A|138|4|0|000|12.669056|-1.000000|-1.000000|0.000000|-1|-1|0|0|136|138
1691|138|23|ASN|A|139|8|0|000|15.175808|-1.000000|-1.000000|0.000000|-1|-1|0|0|137|139
1691|139|3|ALA|A|140|5|0|000|11.494575|-1.000000|-1.000000|0.000000|-1|-1|0|0|138|140
1691|140|1|GLY|A|141|4|0|000|12.779891|-1.000000|-1.000000|0.000000|-1|-1|0|0|139|141
1691|141|11|SER|A|142|6|0|000|13.306396|-1.000000|-1.000000|0.000000|-1|-1|0|0|140|142
1691|142|31|ARG|A|143|11|0|000|10.785022|-1.000000|-1.000000|0.000000|-1|-1|0|0|141|143
1691|143|7|LEU|A|144|8|0|000|12.349755|-1.000000|-1.000000|0.000000|-1|-1|0|0|142|144
1691|144|3|ALA|A|145|5|0|000|10.081701|-1.000000|-1.000000|0.000000|-1|-1|0|0|143|145
1691|145|15|CYS|A|146|6|0|000|9.783599|-1.000000|-1.000000|0.000000|-1|-1|0|0|144|146
1691|146|1|GLY|A|147|4|0|000|9.350811|-1.000000|-1.000000|0.000000|-1|-1|0|0|145|147
1691|147|5|VAL|A|148|7|0|000|11.524597|-1.000000|-1.000000|0.000000|-1|-1|0|0|146|148
1691|148|9|ILE|A|149|8|0|000|9.579665|-1.000000|-1.000000|0.000000|-1|-1|0|0|147|149
1691|149|1|GLY|A|150|4|0|000|13.503364|-1.000000|-1.000000|0.000000|-1|-1|0|0|148|150
1691|150|9|ILE|A|151|8|0|000|17.065500|-1.000000|-1.000000|0.000000|-1|-1|0|0|149|151
1691|151|3|ALA|A|152|5|0|000|17.698187|-1.000000|-1.000000|0.000000|-1|-1|0|0|150|152
1691|152|27|GLN|A|153|10|0|000|22.065413|-1.000000|-1.000000|0.000000|-1|-1|0|0|151|-1
1691|153|3|ALA|F|1|5|0|000|20.985189|-1.000000|-1.000000|0.000000|-1|-1|0|7|-1|154
1691|154|13|THR|F|2|7|0|000|17.934305|-1.000000|-1.000000|0.000000|-1|-1|0|7|153|155
1691|155|29|LYS|F|3|9|0|000|17.492191|-1.000000|-1.000000|0.000000|-1|-1|0|7|154|156
1691|156|3|ALA|F|4|5|0|000|13.057854|-1.000000|-1.000000|0.000000|-1|-1|0|7|155|157
1691|157|5|VAL|F|5|7|0|000|12.692320|-1.000000|-1.000000|0.000000|-1|-1|0|7|156|158
1691|158|15|CYS|F|6|6|0|000|9.853793|-1.000000|-1.000000|0.000000|-1|-1|0|7|157|159
1691|159|5|VAL|F|7|7|0|000|12.620951|-1.000000|-1.000000|0.000000|-1|-1|0|7|158|160
1691|160|7|LEU|F|8|8|0|000|9.791183|-1.000000|-1.000000|0.000000|-1|-1|0|7|159|161
1691|161|29|LYS|F|9|9|0|000|14.779058|-1.000000|-1.000000|0.000000|-1|-1|0|7|160|162
1691|162|1|GLY|F|10|8|0|000|15.148745|-1.000000|-1.000000|0.000000|-1|-1|0|7|161|163
1691|163|21|ASP|F|11|16|0|000|17.706802|-1.000000|-1.000000|0.000000|-1|-1|0|7|162|164
1691|164|1|GLY|F|12|8|0|000|18.545780|-1.000000|-1.000000|0.000000|-1|-1|0|7|163|165
1691|165|19|PRO|F|13|14|0|000|18.464800|-1.000000|-1.000000|0.000000|-1|-1|0|7|164|166
1691|166|5|VAL|F|14|7|0|000|13.979980|-1.000000|-1.000000|0.000000|-1|-1|0|7|165|167
1691|167|27|GLN|F|15|9|0|000|15.501286|-1.000000|-1.000000|0.000000|-1|-1|0|7|166|168
1691|168|1|GLY|F|16|4|0|000|12.253529|-1.000000|-1.000000|0.000000|-1|-1|0|7|167|169
1691|169|9|ILE|F|17|16|0|000|12.931200|-1.000000|-1.000000|0.000000|-1|-1|0|7|168|170
1691|170|9|ILE|F|18|8|0|000|9.179457|-1.000000|-1.000000|0.000000|-1|-1|0|7|169|171
1691|171|23|ASN|F|19|8|0|000|12.524258|-1.000000|-1.000000|0.000000|-1|-1|0|7|170|172
1691|172|35|PHE|F|20|11|0|000|9.921639|-1.000000|-1.000000|0.000000|-1|-1|0|7|171|173
1691|173|25|GLU|F|21|9|0|000|16.307621|-1.000000|-1.000000|0.000000|-1|-1|0|7|172|174
1691|174|27|GLN|F|22|9|0|000|16.258783|-1.000000|-1.000000|0.000000|-1|-1|0|7|173|175
1691|175|29|LYS|F|23|9|0|000|20.805079|-1.000000|-1.000000|0.000000|-1|-1|0|7|174|176
1691|176|25|GLU|F|24|9|0|000|21.522453|-1.000000|-1.000000|0.000000|-1|-1|0|7|175|177
1691|177|11|SER|F|25|6|0|000|19.909208|-1.000000|-1.000000|0.000000|-1|-1|0|7|176|178
1691|178|23|ASN|F|26|8|0|000|21.304184|-1.000000|-1.000000|0.000000|-1|-1|0|7|177|179
1691|179|1|GLY|F|27|4|0|000|17.614859|-1.000000|-1.000000|0.000000|-1|-1|0|7|178|180
1691|180|19|PRO|F|28|7|0|000|16.187597|-1.000000|-1.000000|0.000000|-1|-1|0|7|179|181
1691|181|5|VAL|F|29|7|0|000|12.264292|-1.000000|-1.000000|0.000000|-1|-1|0|7|180|182
1691|182|29|LYS|F|30|9|0|000|14.704135|-1.000000|-1.000000|0.000000|-1|-1|0|7|181|183
1691|183|5|VAL|F|31|7|0|000|9.545447|-1.000000|-1.000000|0.000000|-1|-1|0|7|182|184
1691|184|39|TRP|F|32|14|0|000|13.646007|-1.000000|-1.000000|0.000000|-1|-1|0|7|183|185
1691|185|1|GLY|F|33|4|0|000|12.467838|-1.000000|-1.000000|0.000000|-1|-1|0|7|184|186
1691|186|11|SER|F|34|6|0|000|13.297956|-1.000000|-1.000000|0.000000|-1|-1|0|7|185|187
1691|187|9|ILE|F|35|8|0|000|11.421763|-1.000000|-1.000000|0.000000|-1|-1|0|7|186|188
1691|188|29|LYS|F|36|9|0|000|16.505917|-1.000000|-1.000000|0.000000|-1|-1|0|7|187|189
1691|189|1|GLY|F|37|4|0|000|16.532305|-1.000000|-1.000000|0.000000|-1|-1|0|7|188|190
1691|190|7|LEU|F|38|8|0|000|14.338312|-1.000000|-1.000000|0.000000|-1|-1|0|7|189|191
1691|191|13|THR|F|39|7|0|000|16.915638|-1.000000|-1.000000|0.000000|-1|-1|0|7|190|192
1691|192|25|GLU|F|40|9|0|000|19.609652|-1.000000|-1.000000|0.000000|-1|-1|0|7|191|193
1691|193|1|GLY|F|41|4|0|000|15.461714|-1.000000|-1.000000|0.000000|-1|-1|0|7|192|194
1691|194|7|LEU|F|42|8|0|000|13.274759|-1.000000|-1.000000|0.000000|-1|-1|0|7|193|195
1691|195|33|HIS|F|43|10|0|000|10.930681|-1.000000|-1.000000|0.000000|-1|-1|0|7|194|196
1691|196|1|GLY|F|44|4|0|000|6.977003|-1.000000|-1.000000|0.000000|-1|-1|0|7|195|197
1691|197|35|PHE|F|45|11|0|000|3.463745|-1.000000|-1.000000|0.000000|-1|-1|0|7|196|198
1691|198|33|HIS|F|46|10|0|000|3.619883|-1.000000|-1.000000|0.000000|-1|-1|0|7|197|199
1691|199|5|VAL|F|47|7|0|000|4.239666|-1.000000|-1.000000|0.000000|-1|-1|0|7|198|200
1691|200|33|HIS|F|48|10|0|000|6.597210|-1.000000|-1.000000|0.000000|-1|-1|0|7|199|201
1691|201|25|GLU|F|49|18|0|000|11.741624|-1.000000|-1.000000|0.000000|-1|-1|0|7|200|202
1691|202|35|PHE|F|50|11|0|000|13.184203|-1.000000|-1.000000|0.000000|-1|-1|0|7|201|203
1691|203|1|GLY|F|51|4|0|000|12.873894|-1.000000|-1.000000|0.000000|-1|-1|0|7|202|204
1691|204|21|ASP|F|52|8|0|000|15.240435|-1.000000|-1.000000|0.000000|-1|-1|0|7|203|205
1691|205|23|ASN|F|53|16|0|000|14.516835|-1.000000|-1.000000|0.000000|-1|-1|0|7|204|206
1691|206|13|THR|F|54|7|0|000|18.969862|-1.000000|-1.000000|0.000000|-1|-1|0|7|205|207
1691|207|3|ALA|F|55|5|0|000|18.255371|-1.000000|-1.000000|0.000000|-1|-1|0|7|206|208
1691|208|1|GLY|F|56|4|0|000|15.190252|-1.000000|-1.000000|0.000000|-1|-1|0|7|207|209
1691|209|15|CYS|F|57|6|0|000|11.833007|-1.000000|-1.000000|0.000000|-1|-1|0|7|208|210
1691|210|13|THR|F|58|14|0|000|14.483434|-1.000000|-1.000000|0.000000|-1|-1|0|7|209|211
1691|211|11|SER|F|59|6|0|000|14.788331|-1.000000|-1.000000|0.000000|-1|-1|0|7|210|212
1691|212|3|ALA|F|60|5|0|000|11.155950|-1.000000|-1.000000|0.000000|-1|-1|0|7|211|213
1691|213|1|GLY|F|61|4|0|000|11.576487|-1.000000|-1.000000|0.000000|-1|-1|0|7|212|214
1691|214|19|PRO|F|62|7|0|000|11.382994|-1.000000|-1.000000|0.000000|-1|-1|0|7|213|215
1691|215|33|HIS|F|63|10|0|000|8.082491|-1.000000|-1.000000|0.000000|-1|-1|0|7|214|216
1691|216|35|PHE|F|64|11|0|000|9.631973|-1.000000|-1.000000|0.000000|-1|-1|0|7|215|217
1691|217|23|ASN|F|65|8|0|000|12.934084|-1.000000|-1.000000|0.000000|-1|-1|0|7|216|218
1691|218|19|PRO|F|66|7|0|000|14.426691|-1.000000|-1.000000|0.000000|-1|-1|0|7|217|219
1691|219|7|LEU|F|67|8|0|000|16.793352|-1.000000|-1.000000|0.000000|-1|-1|0|7|218|220
1691|220|11|SER|F|68|6|0|000|17.588808|-1.000000|-1.000000|0.000000|-1|-1|0|7|219|221
1691|221|31|ARG|F|69|11|0|000|16.543465|-1.000000|-1.000000|0.000000|-1|-1|0|7|220|222
1691|222|29|LYS|F|70|9|0|000|17.148396|-1.000000|-1.000000|0.000000|-1|-1|0|7|221|223
1691|223|33|HIS|F|71|10|0|000|11.616654|-1.000000|-1.000000|0.000000|-1|-1|0|7|222|224
1691|224|1|GLY|F|72|4|0|000|11.523050|-1.000000|-1.000000|0.000000|-1|-1|0|7|223|225
1691|225|1|GLY|F|73|4|0|000|11.468630|-1.000000|-1.000000|0.000000|-1|-1|0|7|224|226
1691|226|19|PRO|F|74|7|0|000|10.536172|-1.000000|-1.000000|0.000000|-1|-1|0|7|225|227
1691|227|29|LYS|F|75|9|0|000|15.108393|-1.000000|-1.000000|0.000000|-1|-1|0|7|226|228
1691|228|21|ASP|F|76|8|0|000|15.058134|-1.000000|-1.000000|0.000000|-1|-1|0|7|227|229
1691|229|25|GLU|F|77|9|0|000|17.782093|-1.000000|-1.000000|0.000000|-1|-1|0|7|228|230
1691|230|25|GLU|F|78|9|0|000|16.813568|-1.000000|-1.000000|0.000000|-1|-1|0|7|229|231
1691|231|31|ARG|F|79|11|0|000|11.273361|-1.000000|-1.000000|0.000000|-1|-1|0|7|230|232
1691|232|33|HIS|F|80|10|0|000|10.542660|-1.000000|-1.000000|0.000000|-1|-1|0|7|231|233
1691|233|5|VAL|F|81|7|0|000|9.649425|-1.000000|-1.000000|0.000000|-1|-1|0|7|232|234
1691|234|1|GLY|F|82|4|0|000|5.742145|-1.000000|-1.000000|0.000000|-1|-1|0|7|233|235
1691|235|21|ASP|F|83|8|0|000|7.265655|-1.000000|-1.000000|0.000000|-1|-1|0|7|234|236
1691|236|7|LEU|F|84|8|0|000|4.897038|-1.000000|-1.000000|0.000000|-1|-1|0|7|235|237
1691|237|1|GLY|F|85|4|0|000|6.920804|-1.000000|-1.000000|0.000000|-1|-1|0|7|236|238
1691|238|23|ASN|F|86|8|0|000|9.164303|-1.000000|-1.000000|0.000000|-1|-1|0|7|237|239
1691|239|5|VAL|F|87|7|0|000|9.115844|-1.000000|-1.000000|0.000000|-1|-1|0|7|238|240
1691|240|13|THR|F|88|7|0|000|13.547520|-1.000000|-1.000000|0.000000|-1|-1|0|7|239|241
1691|241|3|ALA|F|89|5|0|000|15.589751|-1.000000|-1.000000|0.000000|-1|-1|0|7|240|242
1691|242|21|ASP|F|90|8|0|000|19.093191|-1.000000|-1.000000|0.000000|-1|-1|0|7|241|243
1691|243|29|LYS|F|91|9|0|000|22.882782|-1.000000|-1.000000|0.000000|-1|-1|0|7|242|244
1691|244|21|ASP|F|92|8|0|000|20.595171|-1.000000|-1.000000|0.000000|-1|-1|0|7|243|245
1691|245|1|GLY|F|93|4|0|000|17.547882|-1.000000|-1.000000|0.000000|-1|-1|0|7|244|246
1691|246|5|VAL|F|94|7|0|000|16.659290|-1.000000|-1.000000|0.000000|-1|-1|0|7|245|247
1691|247|3|ALA|F|95|5|0|000|13.161067|-1.000000|-1.000000|0.000000|-1|-1|0|7|246|248
1691|248|21|ASP|F|96|8|0|000|14.827835|-1.000000|-1.000000|0.000000|-1|-1|0|7|247|249
1691|249|5|VAL|F|97|7|0|000|10.753870|-1.000000|-1.000000|0.000000|-1|-1|0|7|248|250
1691|250|11|SER|F|98|6|0|000|12.964332|-1.000000|-1.000000|0.000000|-1|-1|0|7|249|251
1691|251|9|ILE|F|99|8|0|000|9.895191|-1.000000|-1.000000|0.000000|-1|-1|0|7|250|252
1691|252|25|GLU|F|100|9|0|000|14.171570|-1.000000|-1.000000|0.000000|-1|-1|0|7|251|253
1691|253|21|ASP|F|101|8|0|000|10.770651|-1.000000|-1.000000|0.000000|-1|-1|0|7|252|254
1691|254|11|SER|F|102|6|0|000|14.272285|-1.000000|-1.000000|0.000000|-1|-1|0|7|253|255
1691|255|5|VAL|F|103|7|0|000|12.162873|-1.000000|-1.000000|0.000000|-1|-1|0|7|254|256
1691|256|9|ILE|F|104|8|0|000|9.663138|-1.000000|-1.000000|0.000000|-1|-1|0|7|255|257
1691|257|11|SER|F|105|6|0|000|12.902690|-1.000000|-1.000000|0.000000|-1|-1|0|7|256|258
1691|258|7|LEU|F|106|8|0|000|13.752929|-1.000000|-1.000000|0.000000|-1|-1|0|7|257|259
1691|259|11|SER|F|107|6|0|000|16.842457|-1.000000|-1.000000|0.000000|-1|-1|0|7|258|260
1691|260|1|GLY|F|108|4|0|000|17.319887|-1.000000|-1.000000|0.000000|-1|-1|0|7|259|261
1691|261|21|ASP|F|109|8|0|000|17.085978|-1.000000|-1.000000|0.000000|-1|-1|0|7|260|262
1691|262|33|HIS|F|110|10|0|000|14.027635|-1.000000|-1.000000|0.000000|-1|-1|0|7|261|263
1691|263|15|CYS|F|111|6|0|000|12.989901|-1.000000|-1.000000|0.000000|-1|-1|0|7|262|264
1691|264|9|ILE|F|112|8|0|000|8.996948|-1.000000|-1.000000|0.000000|-1|-1|0|7|263|265
1691|265|13|THR|F|113|7|0|000|12.440816|-1.000000|-1.000000|0.000000|-1|-1|0|7|264|266
1691|266|1|GLY|F|114|4|0|000|12.331523|-1.000000|-1.000000|0.000000|-1|-1|0|7|265|267
1691|267|31|ARG|F|115|11|0|000|10.485476|-1.000000|-1.000000|0.000000|-1|-1|0|7|266|268
1691|268|13|THR|F|116|7|0|000|7.606691|-1.000000|-1.000000|0.000000|-1|-1|0|7|267|269
1691|269|7|LEU|F|117|8|0|000|4.323082|-1.000000|-1.000000|0.000000|-1|-1|0|7|268|270
1691|270|5|VAL|F|118|7|0|000|5.078455|-1.000000|-1.000000|0.000000|-1|-1|0|7|269|271
1691|271|5|VAL|F|119|7|0|000|7.288770|-1.000000|-1.000000|0.000000|-1|-1|0|7|270|272
1691|272|33|HIS|F|120|10|0|000|8.183105|-1.000000|-1.000000|0.000000|-1|-1|0|7|271|273
1691|273|25|GLU|F|121|9|0|000|14.117625|-1.000000|-1.000000|0.000000|-1|-1|0|7|272|274
1691|274|29|LYS|F|122|9|0|000|14.030141|-1.000000|-1.000000|0.000000|-1|-1|0|7|273|275
1691|275|3|ALA|F|123|5|0|000|12.762988|-1.000000|-1.000000|0.000000|-1|-1|0|7|274|276
1691|276|21|ASP|F|124|8|0|000|10.407562|-1.000000|-1.000000|0.000000|-1|-1|0|7|275|277
1691|277|21|ASP|F|125|8|0|000|14.594739|-1.000000|-1.000000|0.000000|-1|-1|0|7|276|278
1691|278|7|LEU|F|126|8|0|000|12.653015|-1.000000|-1.000000|0.000000|-1|-1|0|7|277|279
1691|279|1|GLY|F|127|4|0|000|15.786400|-1.000000|-1.000000|0.000000|-1|-1|0|7|278|280
1691|280|29|LYS|F|128|9|0|000|18.031164|-1.000000|-1.000000|0.000000|-1|-1|0|7|279|281
1691|281|1|GLY|F|129|4|0|000|19.583948|-1.000000|-1.000000|0.000000|-1|-1|0|7|280|282
1691|282|1|GLY|F|130|4|0|000|21.910814|-1.000000|-1.000000|0.000000|-1|-1|0|7|281|283
1691|283|23|ASN|F|131|8|0|000|20.377823|-1.000000|-1.000000|0.000000|-1|-1|0|7|282|284
1691|284|25|GLU|F|132|9|0|000|20.954813|-1.000000|-1.000000|0.000000|-1|-1|0|7|283|285
1691|285|25|GLU|F|133|9|0|000|16.609879|-1.000000|-1.000000|0.000000|-1|-1|0|7|284|286
1691|286|11|SER|F|134|6|0|000|15.944529|-1.000000|-1.000000|0.000000|-1|-1|0|7|285|287
1691|287|13|THR|F|135|7|0|000|16.480751|-1.000000|-1.000000|0.000000|-1|-1|0|7|286|288
1691|288|29|LYS|F|136|9|0|000|15.154650|-1.000000|-1.000000|0.000000|-1|-1|0|7|287|289
1691|289|13|THR|F|137|7|0|000|11.898970|-1.000000|-1.000000|0.000000|-1|-1|0|7|288|290
1691|290|1|GLY|F|138|4|0|000|12.514216|-1.000000|-1.000000|0.000000|-1|-1|0|7|289|291
1691|291|23|ASN|F|139|8|0|000|15.004483|-1.000000|-1.000000|0.000000|-1|-1|0|7|290|292
1691|292|3|ALA|F|140|5|0|000|11.310298|-1.000000|-1.000000|0.000000|-1|-1|0|7|291|293
1691|293|1|GLY|F|141|4|0|000|12.514678|-1.000000|-1.000000|0.000000|-1|-1|0|7|292|294
1691|294|11|SER|F|142|6|0|000|13.033799|-1.000000|-1.000000|0.000000|-1|-1|0|7|293|295
1691|295|31|ARG|F|143|11|0|000|10.511189|-1.000000|-1.000000|0.000000|-1|-1|0|7|294|296
1691|296|7|LEU|F|144|8|0|000|12.103137|-1.000000|-1.000000|0.000000|-1|-1|0|7|295|297
1691|297|3|ALA|F|145|5|0|000|9.873254|-1.000000|-1.000000|0.000000|-1|-1|0|7|296|298
1691|298|15|CYS|F|146|6|0|000|9.595912|-1.000000|-1.000000|0.000000|-1|-1|0|7|297|299
1691|299|1|GLY|F|147|4|0|000|9.191809|-1.000000|-1.000000|0.000000|-1|-1|0|7|298|300
1691|300|5|VAL|F|148|7|0|000|11.368519|-1.000000|-1.000000|0.000000|-1|-1|0|7|299|301
1691|301|9|ILE|F|149|8|0|000|9.502044|-1.000000|-1.000000|0.000000|-1|-1|0|7|300|302
1691|302|1|GLY|F|150|4|0|000|13.469566|-1.000000|-1.000000|0.000000|-1|-1|0|7|301|303
1691|303|9|ILE|F|151|8|0|000|17.034910|-1.000000|-1.000000|0.000000|-1|-1|0|7|302|304
1691|304|3|ALA|F|152|5|0|000|17.734190|-1.000000|-1.000000|0.000000|-1|-1|0|7|303|305
1691|305|27|GLN|F|153|10|0|000|22.141111|-1.000000|-1.000000|0.000000|-1|-1|0|7|304|-1
1691|306|53|LDP|A|1000|11|0|000|17.496637|-1.000000|-1.000000|0.000000|-1|-1|0|2|-1|-1
1691|307|47|SO4|A|1154|5|0|000|14.840372|-1.000000|-1.000000|0.000000|-1|-1|0|3|-1|-1
1691|308|47|SO4|A|1155|5|0|000|14.468624|-1.000000|-1.000000|0.000000|-1|-1|0|4|-1|-1
1691|309|46|_CU|A|1157|1|1|000|5.968084|-1.000000|-1.000000|0.000000|-1|-1|0|5|-1|-1
1691|310|46|_ZN|A|1158|1|1|000|9.041562|-1.000000|-1.000000|0.000000|-1|-1|0|6|-1|-1
1691|311|47|SO4|F|1154|5|0|000|14.631772|-1.000000|-1.000000|0.000000|-1|-1|0|9|-1|-1
1691|312|47|SO4|F|1155|5|0|000|14.233065|-1.000000|-1.000000|0.000000|-1|-1|0|10|-1|-1
1691|313|46|_CU|F|1156|1|1|000|5.691385|-1.000000|-1.000000|0.000000|-1|-1|0|11|-1|-1
1691|314|46|_ZN|F|1157|1|1|000|8.930189|-1.000000|-1.000000|0.000000|-1|-1|0|12|-1|-1
1691|315|43|HOH|A|2001|1|0|000|19.712803|-1.000000|-1.000000|0.000000|-1|-1|0|1|-1|-1
1691|316|43|HOH|A|2002|1|0|000|23.024551|-1.000000|-1.000000|0.000000|-1|-1|0|1|-1|-1
1691|317|43|HOH|A|2003|1|0|000|19.534067|-1.000000|-1.000000|0.000000|-1|-1|0|1|-1|-1
1691|318|43|HOH|A|2004|1|0|000|19.370962|-1.000000|-1.000000|0.000000|-1|-1|0|1|-1|-1
1691|319|43|HOH|A|2005|1|0|000|18.988573|-1.000000|-1.000000|0.000000|-1|-1|0|1|-1|-1
1691|320|43|HOH|A|2006|1|0|000|16.403944|-1.000000|-1.000000|0.000000|-1|-1|0|1|-1|-1
1691|321|43|HOH|A|2007|1|0|000|14.638627|-1.000000|-1.000000|0.000000|-1|-1|0|1|-1|-1
1691|322|43|HOH|A|2008|1|0|000|14.871562|-1.000000|-1.000000|0.000000|-1|-1|0|1|-1|-1
1691|323|43|HOH|A|2009|1|0|000|15.167686|-1.000000|-1.000000|0.000000|-1|-1|0|1|-1|-1
1691|324|43|HOH|A|2010|1|0|000|16.222157|-1.000000|-1.000000|0.000000|-1|-1|0|1|-1|-1
1691|325|43|HOH|A|2011|1|0|000|16.725451|-1.000000|-1.000000|0.000000|-1|-1|0|1|-1|-1
1691|326|43|HOH|A|2012|1|0|000|16.357521|-1.000000|-1.000000|0.000000|-1|-1|0|1|-1|-1
1691|327|43|HOH|A|2013|1|0|000|12.587244|-1.000000|-1.000000|0.000000|-1|-1|0|1|-1|-1
1691|328|43|HOH|A|2014|1|0|000|13.489409|-1.000000|-1.000000|0.000000|-1|-1|0|1|-1|-1
1691|329|43|HOH|A|2015|1|0|000|15.107113|-1.000000|-1.000000|0.000000|-1|-1|0|1|-1|-1
1691|330|43|HOH|A|2016|1|0|000|13.505331|-1.000000|-1.000000|0.000000|-1|-1|0|1|-1|-1
1691|331|43|HOH|A|2017|1|0|000|17.915157|-1.000000|-1.000000|0.000000|-1|-1|0|1|-1|-1
1691|332|43|HOH|A|2018|1|0|000|16.081469|-1.000000|-1.000000|0.000000|-1|-1|0|1|-1|-1
1691|333|43|HOH|A|2019|1|0|000|15.225253|-1.000000|-1.000000|0.000000|-1|-1|0|1|-1|-1
1691|334|43|HOH|A|2020|1|0|000|15.387628|-1.000000|-1.000000|0.000000|-1|-1|0|1|-1|-1
1691|335|43|HOH|A|2021|1|0|000|21.326868|-1.000000|-1.000000|0.000000|-1|-1|0|1|-1|-1
1691|336|43|HOH|A|2022|1|0|000|19.071562|-1.000000|-1.000000|0.000000|-1|-1|0|1|-1|-1
1691|337|43|HOH|A|2023|1|0|000|15.771105|-1.000000|-1.000000|0.000000|-1|-1|0|1|-1|-1
1691|338|43|HOH|A|2024|1|0|000|19.508583|-1.000000|-1.000000|0.000000|-1|-1|0|1|-1|-1
1691|339|43|HOH|A|2025|1|0|000|16.961792|-1.000000|-1.000000|0.000000|-1|-1|0|1|-1|-1
1691|340|43|HOH|A|2026|1|0|000|16.924465|-1.000000|-1.000000|0.000000|-1|-1|0|1|-1|-1
1691|341|43|HOH|A|2027|1|0|000|16.040705|-1.000000|-1.000000|0.000000|-1|-1|0|1|-1|-1
1691|342|43|HOH|A|2028|1|0|000|21.315212|-1.000000|-1.000000|0.000000|-1|-1|0|1|-1|-1
1691|343|43|HOH|A|2029|1|0|000|15.520099|-1.000000|-1.000000|0.000000|-1|-1|0|1|-1|-1
1691|344|43|HOH|A|2030|1|0|000|17.686071|-1.000000|-1.000000|0.000000|-1|-1|0|1|-1|-1
1691|345|43|HOH|A|2031|1|0|000|14.738224|-1.000000|-1.000000|0.000000|-1|-1|0|1|-1|-1
1691|346|43|HOH|A|2032|1|0|000|18.156981|-1.000000|-1.000000|0.000000|-1|-1|0|1|-1|-1
1691|347|43|HOH|A|2033|1|0|000|13.157028|-1.000000|-1.000000|0.000000|-1|-1|0|1|-1|-1
1691|348|43|HOH|A|2034|1|0|000|20.432205|-1.000000|-1.000000|0.000000|-1|-1|0|1|-1|-1
1691|349|43|HOH|A|2035|1|0|000|17.461845|-1.000000|-1.000000|0.000000|-1|-1|0|1|-1|-1
1691|350|43|HOH|A|2036|1|0|000|16.478983|-1.000000|-1.000000|0.000000|-1|-1|0|1|-1|-1
1691|351|43|HOH|A|2037|1|0|000|17.151842|-1.000000|-1.000000|0.000000|-1|-1|0|1|-1|-1
1691|352|43|HOH|A|2038|1|0|000|23.445421|-1.000000|-1.000000|0.000000|-1|-1|0|1|-1|-1
1691|353|43|HOH|A|2039|1|0|000|20.102064|-1.000000|-1.000000|0.000000|-1|-1|0|1|-1|-1
1691|354|43|HOH|A|2040|1|0|000|18.446678|-1.000000|-1.000000|0.000000|-1|-1|0|1|-1|-1
1691|355|43|HOH|A|2041|1|0|000|12.346748|-1.000000|-1.000000|0.000000|-1|-1|0|1|-1|-1
1691|356|43|HOH|A|2042|1|0|000|10.196785|-1.000000|-1.000000|0.000000|-1|-1|0|1|-1|-1
1691|357|43|HOH|A|2043|1|0|000|14.747644|-1.000000|-1.000000|0.000000|-1|-1|0|1|-1|-1
1691|358|43|HOH|A|2044|1|0|000|19.102598|-1.000000|-1.000000|0.000000|-1|-1|0|1|-1|-1
1691|359|43|HOH|A|2045|1|0|000|16.836658|-1.000000|-1.000000|0.000000|-1|-1|0|1|-1|-1
1691|360|43|HOH|A|2046|1|0|000|15.129715|-1.000000|-1.000000|0.000000|-1|-1|0|1|-1|-1
1691|361|43|HOH|A|2047|1|0|000|15.624904|-1.000000|-1.000000|0.000000|-1|-1|0|1|-1|-1
1691|362|43|HOH|A|2048|1|0|000|16.668169|-1.000000|-1.000000|0.000000|-1|-1|0|1|-1|-1
1691|363|43|HOH|A|2049|1|0|000|20.763182|-1.000000|-1.000000|0.000000|-1|-1|0|1|-1|-1
1691|364|43|HOH|A|2050|1|0|000|16.846876|-1.000000|-1.000000|0.000000|-1|-1|0|1|-1|-1
1691|365|43|HOH|A|2051|1|0|000|15.655736|-1.000000|-1.000000|0.000000|-1|-1|0|1|-1|-1
1691|366|43|HOH|A|2052|1|0|000|17.736515|-1.000000|-1.000000|0.000000|-1|-1|0|1|-1|-1
1691|367|43|HOH|A|2053|1|0|000|18.653507|-1.000000|-1.000000|0.000000|-1|-1|0|1|-1|-1
1691|368|43|HOH|A|2054|1|0|000|9.100143|-1.000000|-1.000000|0.000000|-1|-1|0|1|-1|-1
1691|369|43|HOH|A|2055|1|0|000|15.961420|-1.000000|-1.000000|0.000000|-1|-1|0|1|-1|-1
1691|370|43|HOH|A|2056|1|0|000|15.321521|-1.000000|-1.000000|0.000000|-1|-1|0|1|-1|-1
1691|371|43|HOH|A|2057|1|0|000|15.972684|-1.000000|-1.000000|0.000000|-1|-1|0|1|-1|-1
1691|372|43|HOH|A|2058|1|0|000|18.447987|-1.000000|-1.000000|0.000000|-1|-1|0|1|-1|-1
1691|373|43|HOH|A|2059|1|0|000|17.349562|-1.000000|-1.000000|0.000000|-1|-1|0|1|-1|-1
1691|374|43|HOH|A|2060|1|0|000|20.281004|-1.000000|-1.000000|0.000000|-1|-1|0|1|-1|-1
1691|375|43|HOH|A|2061|1|0|000|13.585340|-1.000000|-1.000000|0.000000|-1|-1|0|1|-1|-1
1691|376|43|HOH|A|2062|1|0|000|16.614147|-1.000000|-1.000000|0.000000|-1|-1|0|1|-1|-1
1691|377|43|HOH|A|2063|1|0|000|21.741756|-1.000000|-1.000000|0.000000|-1|-1|0|1|-1|-1
1691|378|43|HOH|A|2064|1|0|000|21.954723|-1.000000|-1.000000|0.000000|-1|-1|0|1|-1|-1
1691|379|43|HOH|A|2065|1|0|000|16.022402|-1.000000|-1.000000|0.000000|-1|-1|0|1|-1|-1
1691|380|43|HOH|A|2066|1|0|000|20.533482|-1.000000|-1.000000|0.000000|-1|-1|0|1|-1|-1
1691|381|43|HOH|A|2067|1|0|000|13.753390|-1.000000|-1.000000|0.000000|-1|-1|0|1|-1|-1
1691|382|43|HOH|A|2068|1|0|000|18.901295|-1.000000|-1.000000|0.000000|-1|-1|0|1|-1|-1
1691|383|43|HOH|A|2069|1|0|000|14.391903|-1.000000|-1.000000|0.000000|-1|-1|0|1|-1|-1
1691|384|43|HOH|A|2070|1|0|000|16.819683|-1.000000|-1.000000|0.000000|-1|-1|0|1|-1|-1
1691|385|43|HOH|A|2071|1|0|000|10.736179|-1.000000|-1.000000|0.000000|-1|-1|0|1|-1|-1
1691|386|43|HOH|A|2072|1|0|000|11.367603|-1.000000|-1.000000|0.000000|-1|-1|0|1|-1|-1
1691|387|43|HOH|A|2073|1|0|000|11.859722|-1.000000|-1.000000|0.000000|-1|-1|0|1|-1|-1
1691|388|43|HOH|A|2074|1|0|000|13.040436|-1.000000|-1.000000|0.000000|-1|-1|0|1|-1|-1
1691|389|43|HOH|A|2075|1|0|000|19.255594|-1.000000|-1.000000|0.000000|-1|-1|0|1|-1|-1
1691|390|43|HOH|A|2076|1|0|000|20.087786|-1.000000|-1.000000|0.000000|-1|-1|0|1|-1|-1
1691|391|43|HOH|A|2077|1|0|000|18.087576|-1.000000|-1.000000|0.000000|-1|-1|0|1|-1|-1
1691|392|43|HOH|A|2078|1|0|000|20.977966|-1.000000|-1.000000|0.000000|-1|-1|0|1|-1|-1
1691|393|43|HOH|A|2079|1|0|000|14.792686|-1.000000|-1.000000|0.000000|-1|-1|0|1|-1|-1
1691|394|43|HOH|A|2080|1|0|000|15.879624|-1.000000|-1.000000|0.000000|-1|-1|0|1|-1|-1
1691|395|43|HOH|A|2081|1|0|000|7.694592|-1.000000|-1.000000|0.000000|-1|-1|0|1|-1|-1
1691|396|43|HOH|A|2082|1|0|000|12.790952|-1.000000|-1.000000|0.000000|-1|-1|0|1|-1|-1
1691|397|43|HOH|A|2083|1|0|000|13.716563|-1.000000|-1.000000|0.000000|-1|-1|0|1|-1|-1
1691|398|43|HOH|A|2084|1|0|000|14.338845|-1.000000|-1.000000|0.000000|-1|-1|0|1|-1|-1
1691|399|43|HOH|A|2085|1|0|000|18.131157|-1.000000|-1.000000|0.000000|-1|-1|0|1|-1|-1
1691|400|43|HOH|A|2086|1|0|000|15.523652|-1.000000|-1.000000|0.000000|-1|-1|0|1|-1|-1
1691|401|43|HOH|A|2087|1|0|000|15.263519|-1.000000|-1.000000|0.000000|-1|-1|0|1|-1|-1
1691|402|43|HOH|A|2088|1|0|000|16.340221|-1.000000|-1.000000|0.000000|-1|-1|0|1|-1|-1
1691|403|43|HOH|A|2089|1|0|000|19.676508|-1.000000|-1.000000|0.000000|-1|-1|0|1|-1|-1
1691|404|43|HOH|A|2090|1|0|000|13.501863|-1.000000|-1.000000|0.000000|-1|-1|0|1|-1|-1
1691|405|43|HOH|A|2091|1|0|000|8.525653|-1.000000|-1.000000|0.000000|-1|-1|0|1|-1|-1
1691|406|43|HOH|A|2092|1|0|000|10.230258|-1.000000|-1.000000|0.000000|-1|-1|0|1|-1|-1
1691|407|43|HOH|A|2093|1|0|000|11.671505|-1.000000|-1.000000|0.000000|-1|-1|0|1|-1|-1
1691|408|43|HOH|A|2094|1|0|000|9.416233|-1.000000|-1.000000|0.000000|-1|-1|0|1|-1|-1
1691|409|43|HOH|A|2095|1|0|000|11.397766|-1.000000|-1.000000|0.000000|-1|-1|0|1|-1|-1
1691|410|43|HOH|A|2096|1|0|000|14.403613|-1.000000|-1.000000|0.000000|-1|-1|0|1|-1|-1
1691|411|43|HOH|A|2097|1|0|000|16.711100|-1.000000|-1.000000|0.000000|-1|-1|0|1|-1|-1
1691|412|43|HOH|A|2098|1|0|000|22.953327|-1.000000|-1.000000|0.000000|-1|-1|0|1|-1|-1
1691|413|43|HOH|A|2099|1|0|000|22.852386|-1.000000|-1.000000|0.000000|-1|-1|0|1|-1|-1
1691|414|43|HOH|A|2100|1|0|000|27.277300|-1.000000|-1.000000|0.000000|-1|-1|0|1|-1|-1
1691|415|43|HOH|A|2101|1|0|000|24.993145|-1.000000|-1.000000|0.000000|-1|-1|0|1|-1|-1
1691|416|43|HOH|A|2102|1|0|000|10.623542|-1.000000|-1.000000|0.000000|-1|-1|0|1|-1|-1
1691|417|43|HOH|A|2103|1|0|000|14.195728|-1.000000|-1.000000|0.000000|-1|-1|0|1|-1|-1
1691|418|43|HOH|A|2104|1|0|000|18.433186|-1.000000|-1.000000|0.000000|-1|-1|0|1|-1|-1
1691|419|43|HOH|A|2105|1|0|000|12.158846|-1.000000|-1.000000|0.000000|-1|-1|0|1|-1|-1
1691|420|43|HOH|A|2106|1|0|000|10.204350|-1.000000|-1.000000|0.000000|-1|-1|0|1|-1|-1
1691|421|43|HOH|A|2107|1|0|000|12.337008|-1.000000|-1.000000|0.000000|-1|-1|0|1|-1|-1
1691|422|43|HOH|A|2108|1|0|000|15.214011|-1.000000|-1.000000|0.000000|-1|-1|0|1|-1|-1
1691|423|43|HOH|A|2109|1|0|000|18.376390|-1.000000|-1.000000|0.000000|-1|-1|0|1|-1|-1
1691|424|43|HOH|A|2110|1|0|000|16.363041|-1.000000|-1.000000|0.000000|-1|-1|0|1|-1|-1
1691|425|43|HOH|A|2111|1|0|000|19.832043|-1.000000|-1.000000|0.000000|-1|-1|0|1|-1|-1
1691|426|43|HOH|A|2112|1|0|000|21.101480|-1.000000|-1.000000|0.000000|-1|-1|0|1|-1|-1
1691|427|43|HOH|A|2113|1|0|000|14.221676|-1.000000|-1.000000|0.000000|-1|-1|0|1|-1|-1
1691|428|43|HOH|A|2114|1|0|000|19.686739|-1.000000|-1.000000|0.000000|-1|-1|0|1|-1|-1
1691|429|43|HOH|A|2115|1|0|000|19.708153|-1.000000|-1.000000|0.000000|-1|-1|0|1|-1|-1
1691|430|43|HOH|A|2116|1|0|000|15.672887|-1.000000|-1.000000|0.000000|-1|-1|0|1|-1|-1
1691|431|43|HOH|A|2117|1|0|000|18.065334|-1.000000|-1.000000|0.000000|-1|-1|0|1|-1|-1
1691|432|43|HOH|A|2118|1|0|000|15.527330|-1.000000|-1.000000|0.000000|-1|-1|0|1|-1|-1
1691|433|43|HOH|A|2119|1|0|000|15.712482|-1.000000|-1.000000|0.000000|-1|-1|0|1|-1|-1
1691|434|43|HOH|A|2120|1|0|000|16.490896|-1.000000|-1.000000|0.000000|-1|-1|0|1|-1|-1
1691|435|43|HOH|A|2121|1|0|000|11.307390|-1.000000|-1.000000|0.000000|-1|-1|0|1|-1|-1
1691|436|43|HOH|A|2122|1|0|000|16.122866|-1.000000|-1.000000|0.000000|-1|-1|0|1|-1|-1
1691|437|43|HOH|A|2123|1|0|000|16.124031|-1.000000|-1.000000|0.000000|-1|-1|0|1|-1|-1
1691|438|43|HOH|A|2124|1|0|000|15.455995|-1.000000|-1.000000|0.000000|-1|-1|0|1|-1|-1
1691|439|43|HOH|A|2125|1|0|000|14.779337|-1.000000|-1.000000|0.000000|-1|-1|0|1|-1|-1
1691|440|43|HOH|A|2126|1|0|000|17.919056|-1.000000|-1.000000|0.000000|-1|-1|0|1|-1|-1
1691|441|43|HOH|A|2127|1|0|000|19.800989|-1.000000|-1.000000|0.000000|-1|-1|0|1|-1|-1
1691|442|43|HOH|A|2128|1|0|000|20.441290|-1.000000|-1.000000|0.000000|-1|-1|0|1|-1|-1
1691|443|43|HOH|A|2129|1|0|000|20.869354|-1.000000|-1.000000|0.000000|-1|-1|0|1|-1|-1
1691|444|43|HOH|A|2130|1|0|000|24.021801|-1.000000|-1.000000|0.000000|-1|-1|0|1|-1|-1
1691|445|43|HOH|A|2131|1|0|000|21.263599|-1.000000|-1.000000|0.000000|-1|-1|0|1|-1|-1
1691|446|43|HOH|A|2132|1|0|000|12.027692|-1.000000|-1.000000|0.000000|-1|-1|0|1|-1|-1
1691|447|43|HOH|A|2133|1|0|000|10.331258|-1.000000|-1.000000|0.000000|-1|-1|0|1|-1|-1
1691|448|43|HOH|A|2134|1|0|000|14.098010|-1.000000|-1.000000|0.000000|-1|-1|0|1|-1|-1
1691|449|43|HOH|A|2135|1|0|000|21.059462|-1.000000|-1.000000|0.000000|-1|-1|0|1|-1|-1
1691|450|43|HOH|A|2136|1|0|000|19.445915|-1.000000|-1.000000|0.000000|-1|-1|0|1|-1|-1
1691|451|43|HOH|A|2137|1|0|000|21.809917|-1.000000|-1.000000|0.000000|-1|-1|0|1|-1|-1
1691|452|43|HOH|A|2138|1|0|000|26.797689|-1.000000|-1.000000|0.000000|-1|-1|0|1|-1|-1
1691|453|43|HOH|A|2139|1|0|000|17.476242|-1.000000|-1.000000|0.000000|-1|-1|0|1|-1|-1
1691|454|43|HOH|A|2140|1|0|000|20.521402|-1.000000|-1.000000|0.000000|-1|-1|0|1|-1|-1
1691|455|43|HOH|F|2001|1|0|000|19.453217|-1.000000|-1.000000|0.000000|-1|-1|0|8|-1|-1
1691|456|43|HOH|F|2002|1|0|000|19.041775|-1.000000|-1.000000|0.000000|-1|-1|0|8|-1|-1
1691|457|43|HOH|F|2003|1|0|000|16.477434|-1.000000|-1.000000|0.000000|-1|-1|0|8|-1|-1
1691|458|43|HOH|F|2004|1|0|000|21.987144|-1.000000|-1.000000|0.000000|-1|-1|0|8|-1|-1
1691|459|43|HOH|F|2005|1|0|000|15.235886|-1.000000|-1.000000|0.000000|-1|-1|0|8|-1|-1
1691|460|43|HOH|F|2006|1|0|000|15.409132|-1.000000|-1.000000|0.000000|-1|-1|0|8|-1|-1
1691|461|43|HOH|F|2007|1|0|000|12.479883|-1.000000|-1.000000|0.000000|-1|-1|0|8|-1|-1
1691|462|43|HOH|F|2008|1|0|000|13.429752|-1.000000|-1.000000|0.000000|-1|-1|0|8|-1|-1
1691|463|43|HOH|F|2009|1|0|000|15.127798|-1.000000|-1.000000|0.000000|-1|-1|0|8|-1|-1
1691|464|43|HOH|F|2010|1|0|000|14.958499|-1.000000|-1.000000|0.000000|-1|-1|0|8|-1|-1
1691|465|43|HOH|F|2011|1|0|000|14.917386|-1.000000|-1.000000|0.000000|-1|-1|0|8|-1|-1
1691|466|43|HOH|F|2012|1|0|000|18.453472|-1.000000|-1.000000|0.000000|-1|-1|0|8|-1|-1
1691|467|43|HOH|F|2013|1|0|000|20.557079|-1.000000|-1.000000|0.000000|-1|-1|0|8|-1|-1
1691|468|43|HOH|F|2014|1|0|000|17.360567|-1.000000|-1.000000|0.000000|-1|-1|0|8|-1|-1
1691|469|43|HOH|F|2015|1|0|000|15.905816|-1.000000|-1.000000|0.000000|-1|-1|0|8|-1|-1
1691|470|43|HOH|F|2016|1|0|000|17.025719|-1.000000|-1.000000|0.000000|-1|-1|0|8|-1|-1
1691|471|43|HOH|F|2017|1|0|000|10.535016|-1.000000|-1.000000|0.000000|-1|-1|0|8|-1|-1
1691|472|43|HOH|F|2018|1|0|000|14.957458|-1.000000|-1.000000|0.000000|-1|-1|0|8|-1|-1
1691|473|43|HOH|F|2019|1|0|000|15.605924|-1.000000|-1.000000|0.000000|-1|-1|0|8|-1|-1
1691|474|43|HOH|F|2020|1|0|000|18.192316|-1.000000|-1.000000|0.000000|-1|-1|0|8|-1|-1
1691|475|43|HOH|F|2021|1|0|000|16.653278|-1.000000|-1.000000|0.000000|-1|-1|0|8|-1|-1
1691|476|43|HOH|F|2022|1|0|000|14.979631|-1.000000|-1.000000|0.000000|-1|-1|0|8|-1|-1
1691|477|43|HOH|F|2023|1|0|000|15.465785|-1.000000|-1.000000|0.000000|-1|-1|0|8|-1|-1
1691|478|43|HOH|F|2024|1|0|000|20.735758|-1.000000|-1.000000|0.000000|-1|-1|0|8|-1|-1
1691|479|43|HOH|F|2025|1|0|000|24.086491|-1.000000|-1.000000|0.000000|-1|-1|0|8|-1|-1
1691|480|43|HOH|F|2026|1|0|000|22.066736|-1.000000|-1.000000|0.000000|-1|-1|0|8|-1|-1
1691|481|43|HOH|F|2027|1|0|000|15.884811|-1.000000|-1.000000|0.000000|-1|-1|0|8|-1|-1
1691|482|43|HOH|F|2028|1|0|000|8.829037|-1.000000|-1.000000|0.000000|-1|-1|0|8|-1|-1
1691|483|43|HOH|F|2029|1|0|000|15.091697|-1.000000|-1.000000|0.000000|-1|-1|0|8|-1|-1
1691|484|43|HOH|F|2030|1|0|000|12.911160|-1.000000|-1.000000|0.000000|-1|-1|0|8|-1|-1
1691|485|43|HOH|F|2031|1|0|000|15.482944|-1.000000|-1.000000|0.000000|-1|-1|0|8|-1|-1
1691|486|43|HOH|F|2032|1|0|000|15.742021|-1.000000|-1.000000|0.000000|-1|-1|0|8|-1|-1
1691|487|43|HOH|F|2033|1|0|000|18.267962|-1.000000|-1.000000|0.000000|-1|-1|0|8|-1|-1
1691|488|43|HOH|F|2034|1|0|000|13.429444|-1.000000|-1.000000|0.000000|-1|-1|0|8|-1|-1
1691|489|43|HOH|F|2035|1|0|000|16.426996|-1.000000|-1.000000|0.000000|-1|-1|0|8|-1|-1
1691|490|43|HOH|F|2036|1|0|000|21.634905|-1.000000|-1.000000|0.000000|-1|-1|0|8|-1|-1
1691|491|43|HOH|F|2037|1|0|000|20.347170|-1.000000|-1.000000|0.000000|-1|-1|0|8|-1|-1
1691|492|43|HOH|F|2038|1|0|000|13.542060|-1.000000|-1.000000|0.000000|-1|-1|0|8|-1|-1
1691|493|43|HOH|F|2039|1|0|000|18.548620|-1.000000|-1.000000|0.000000|-1|-1|0|8|-1|-1
1691|494|43|HOH|F|2040|1|0|000|10.574039|-1.000000|-1.000000|0.000000|-1|-1|0|8|-1|-1
1691|495|43|HOH|F|2041|1|0|000|11.107759|-1.000000|-1.000000|0.000000|-1|-1|0|8|-1|-1
1691|496|43|HOH|F|2042|1|0|000|11.651089|-1.000000|-1.000000|0.000000|-1|-1|0|8|-1|-1
1691|497|43|HOH|F|2043|1|0|000|13.000488|-1.000000|-1.000000|0.000000|-1|-1|0|8|-1|-1
1691|498|43|HOH|F|2044|1|0|000|13.980647|-1.000000|-1.000000|0.000000|-1|-1|0|8|-1|-1
1691|499|43|HOH|F|2045|1|0|000|19.060022|-1.000000|-1.000000|0.000000|-1|-1|0|8|-1|-1
1691|500|43|HOH|F|2046|1|0|000|18.767506|-1.000000|-1.000000|0.000000|-1|-1|0|8|-1|-1
1691|501|43|HOH|F|2047|1|0|000|19.625723|-1.000000|-1.000000|0.000000|-1|-1|0|8|-1|-1
1691|502|43|HOH|F|2048|1|0|000|20.615404|-1.000000|-1.000000|0.000000|-1|-1|0|8|-1|-1
1691|503|43|HOH|F|2049|1|0|000|14.758578|-1.000000|-1.000000|0.000000|-1|-1|0|8|-1|-1
1691|504|43|HOH|F|2050|1|0|000|14.588087|-1.000000|-1.000000|0.000000|-1|-1|0|8|-1|-1
1691|505|43|HOH|F|2051|1|0|000|15.902298|-1.000000|-1.000000|0.000000|-1|-1|0|8|-1|-1
1691|506|43|HOH|F|2052|1|0|000|7.773644|-1.000000|-1.000000|0.000000|-1|-1|0|8|-1|-1
1691|507|43|HOH|F|2053|1|0|000|13.037486|-1.000000|-1.000000|0.000000|-1|-1|0|8|-1|-1
1691|508|43|HOH|F|2054|1|0|000|15.528074|-1.000000|-1.000000|0.000000|-1|-1|0|8|-1|-1
1691|509|43|HOH|F|2055|1|0|000|15.447587|-1.000000|-1.000000|0.000000|-1|-1|0|8|-1|-1
1691|510|43|HOH|F|2056|1|0|000|16.333239|-1.000000|-1.000000|0.000000|-1|-1|0|8|-1|-1
1691|511|43|HOH|F|2057|1|0|000|14.918484|-1.000000|-1.000000|0.000000|-1|-1|0|8|-1|-1
1691|512|43|HOH|F|2058|1|0|000|20.555498|-1.000000|-1.000000|0.000000|-1|-1|0|8|-1|-1
1691|513|43|HOH|F|2059|1|0|000|13.701540|-1.000000|-1.000000|0.000000|-1|-1|0|8|-1|-1
1691|514|43|HOH|F|2060|1|0|000|8.841176|-1.000000|-1.000000|0.000000|-1|-1|0|8|-1|-1
1691|515|43|HOH|F|2061|1|0|000|10.501150|-1.000000|-1.000000|0.000000|-1|-1|0|8|-1|-1
1691|516|43|HOH|F|2062|1|0|000|11.903997|-1.000000|-1.000000|0.000000|-1|-1|0|8|-1|-1
1691|517|43|HOH|F|2063|1|0|000|9.673451|-1.000000|-1.000000|0.000000|-1|-1|0|8|-1|-1
1691|518|43|HOH|F|2064|1|0|000|11.606722|-1.000000|-1.000000|0.000000|-1|-1|0|8|-1|-1
1691|519|43|HOH|F|2065|1|0|000|16.761669|-1.000000|-1.000000|0.000000|-1|-1|0|8|-1|-1
1691|520|43|HOH|F|2066|1|0|000|23.206509|-1.000000|-1.000000|0.000000|-1|-1|0|8|-1|-1
1691|521|43|HOH|F|2067|1|0|000|22.887730|-1.000000|-1.000000|0.000000|-1|-1|0|8|-1|-1
1691|522|43|HOH|F|2068|1|0|000|25.785297|-1.000000|-1.000000|0.000000|-1|-1|0|8|-1|-1
1691|523|43|HOH|F|2069|1|0|000|23.244089|-1.000000|-1.000000|0.000000|-1|-1|0|8|-1|-1
1691|524|43|HOH|F|2070|1|0|000|15.988489|-1.000000|-1.000000|0.000000|-1|-1|0|8|-1|-1
1691|525|43|HOH|F|2071|1|0|000|10.671653|-1.000000|-1.000000|0.000000|-1|-1|0|8|-1|-1
1691|526|43|HOH|F|2072|1|0|000|12.751902|-1.000000|-1.000000|0.000000|-1|-1|0|8|-1|-1
1691|527|43|HOH|F|2073|1|0|000|10.702520|-1.000000|-1.000000|0.000000|-1|-1|0|8|-1|-1
1691|528|43|HOH|F|2074|1|0|000|14.897013|-1.000000|-1.000000|0.000000|-1|-1|0|8|-1|-1
1691|529|43|HOH|F|2075|1|0|000|12.923561|-1.000000|-1.000000|0.000000|-1|-1|0|8|-1|-1
1691|530|43|HOH|F|2076|1|0|000|15.317192|-1.000000|-1.000000|0.000000|-1|-1|0|8|-1|-1
1691|531|43|HOH|F|2077|1|0|000|16.034239|-1.000000|-1.000000|0.000000|-1|-1|0|8|-1|-1
1691|532|43|HOH|F|2078|1|0|000|19.609564|-1.000000|-1.000000|0.000000|-1|-1|0|8|-1|-1
1691|533|43|HOH|F|2079|1|0|000|19.551767|-1.000000|-1.000000|0.000000|-1|-1|0|8|-1|-1
1691|534|43|HOH|F|2080|1|0|000|14.184062|-1.000000|-1.000000|0.000000|-1|-1|0|8|-1|-1
1691|535|43|HOH|F|2081|1|0|000|15.892056|-1.000000|-1.000000|0.000000|-1|-1|0|8|-1|-1
1691|536|43|HOH|F|2082|1|0|000|20.201565|-1.000000|-1.000000|0.000000|-1|-1|0|8|-1|-1
1691|537|43|HOH|F|2083|1|0|000|17.288490|-1.000000|-1.000000|0.000000|-1|-1|0|8|-1|-1
1691|538|43|HOH|F|2084|1|0|000|14.451494|-1.000000|-1.000000|0.000000|-1|-1|0|8|-1|-1
1691|539|43|HOH|F|2085|1|0|000|15.633233|-1.000000|-1.000000|0.000000|-1|-1|0|8|-1|-1
1691|540|43|HOH|F|2086|1|0|000|11.103158|-1.000000|-1.000000|0.000000|-1|-1|0|8|-1|-1
1691|541|43|HOH|F|2087|1|0|000|16.001902|-1.000000|-1.000000|0.000000|-1|-1|0|8|-1|-1
1691|542|43|HOH|F|2088|1|0|000|16.950638|-1.000000|-1.000000|0.000000|-1|-1|0|8|-1|-1
1691|543|43|HOH|F|2089|1|0|000|16.086098|-1.000000|-1.000000|0.000000|-1|-1|0|8|-1|-1
1691|544|43|HOH|F|2090|1|0|000|15.370426|-1.000000|-1.000000|0.000000|-1|-1|0|8|-1|-1
1691|545|43|HOH|F|2091|1|0|000|14.841413|-1.000000|-1.000000|0.000000|-1|-1|0|8|-1|-1
1691|546|43|HOH|F|2092|1|0|000|17.842094|-1.000000|-1.000000|0.000000|-1|-1|0|8|-1|-1
1691|547|43|HOH|F|2093|1|0|000|19.735775|-1.000000|-1.000000|0.000000|-1|-1|0|8|-1|-1
1691|548|43|HOH|F|2094|1|0|000|20.724983|-1.000000|-1.000000|0.000000|-1|-1|0|8|-1|-1
1691|549|43|HOH|F|2095|1|0|000|19.017380|-1.000000|-1.000000|0.000000|-1|-1|0|8|-1|-1
1691|550|43|HOH|F|2096|1|0|000|11.754191|-1.000000|-1.000000|0.000000|-1|-1|0|8|-1|-1
1691|551|43|HOH|F|2097|1|0|000|9.965526|-1.000000|-1.000000|0.000000|-1|-1|0|8|-1|-1
1691|552|43|HOH|F|2098|1|0|000|12.903790|-1.000000|-1.000000|0.000000|-1|-1|0|8|-1|-1
1691|553|43|HOH|F|2099|1|0|000|13.205637|-1.000000|-1.000000|0.000000|-1|-1|0|8|-1|-1
1691|554|43|HOH|F|2100|1|0|000|21.295938|-1.000000|-1.000000|0.000000|-1|-1|0|8|-1|-1
1691|555|43|HOH|F|2101|1|0|000|27.051327|-1.000000|-1.000000|0.000000|-1|-1|0|8|-1|-1
1691|556|43|HOH|F|2102|1|0|000|23.590937|-1.000000|-1.000000|0.000000|-1|-1|0|8|-1|-1
1691|557|43|HOH|F|2103|1|0|000|19.800245|-1.000000|-1.000000|0.000000|-1|-1|0|8|-1|-1
