1879|0|35|99|36|PRO|_CU|HIS|194633|531|1546|548|-O--|CU--|-ND1|44013|1065|1107|3.887909|1.906460|3.376817|60.287907
1879|1|35|99|83|PRO|_CU|CYS|194615|531|1546|1335|-O--|CU--|-SG-|44011|1065|2611|3.887909|2.067370|4.712476|100.094452
1879|2|35|99|86|PRO|_CU|HIS|194633|531|1546|1371|-O--|CU--|-ND1|44013|1065|2692|3.887909|2.058808|3.885341|74.572578
1879|3|35|99|91|PRO|_CU|MET|194617|531|1546|1429|-O--|CU--|-SD-|44016|1065|2794|3.887909|2.822412|6.438195|146.821045
1879|4|83|99|36|CYS|_CU|HIS|154633|1335|1546|548|-SG-|CU--|-ND1|114013|2611|1107|2.067370|1.906460|3.627058|131.730392
1879|5|36|99|86|HIS|_CU|HIS|334633|548|1546|1371|-ND1|CU--|-ND1|134013|1107|2692|1.906460|2.058808|2.975898|97.191254
1879|6|36|99|91|HIS|_CU|MET|334617|548|1546|1429|-ND1|CU--|-SD-|134016|1107|2794|1.906460|2.822412|3.364899|88.519485
1879|7|83|99|86|CYS|_CU|HIS|154633|1335|1546|1371|-SG-|CU--|-ND1|114013|2611|2692|2.067370|2.058808|3.590378|120.951096
1879|8|83|99|91|CYS|_CU|MET|154617|1335|1546|1429|-SG-|CU--|-SD-|114016|2611|2794|2.067370|2.822412|4.025932|109.878563
1879|9|86|99|91|HIS|_CU|MET|334617|1371|1546|1429|-ND1|CU--|-SD-|134016|2692|2794|2.058808|2.822412|3.788239|100.641365
