1879|0|9|ILE|A|1|21|0|000|10.455166|-1.000000|-1.000000|0.000000|-1|-1|0|0|-1|1
1879|1|21|ASP|A|2|12|0|000|10.977232|-1.000000|-1.000000|0.000000|-1|-1|0|0|0|2
1879|2|5|VAL|A|3|16|0|000|6.725735|-1.000000|-1.000000|0.000000|-1|-1|0|0|1|3
1879|3|7|LEU|A|4|19|0|000|11.030958|-1.000000|-1.000000|0.000000|-1|-1|0|0|2|4
1879|4|7|LEU|A|5|19|0|000|7.229939|-1.000000|-1.000000|0.000000|-1|-1|0|0|3|5
1879|5|1|GLY|A|6|7|0|000|11.401153|-1.000000|-1.000000|0.000000|-1|-1|0|0|4|6
1879|6|3|ALA|A|7|10|0|000|14.476270|-1.000000|-1.000000|0.000000|-1|-1|0|0|5|7
1879|7|21|ASP|A|8|12|0|000|17.608934|-1.000000|-1.000000|0.000000|-1|-1|0|0|6|8
1879|8|21|ASP|A|9|12|0|000|19.364494|-1.000000|-1.000000|0.000000|-1|-1|0|0|7|9
1879|9|1|GLY|A|10|7|0|000|17.409128|-1.000000|-1.000000|0.000000|-1|-1|0|0|8|10
1879|10|11|SER|A|11|11|0|000|15.935826|-1.000000|-1.000000|0.000000|-1|-1|0|0|9|11
1879|11|7|LEU|A|12|19|0|000|13.982751|-1.000000|-1.000000|0.000000|-1|-1|0|0|10|12
1879|12|3|ALA|A|13|10|0|000|11.134711|-1.000000|-1.000000|0.000000|-1|-1|0|0|11|13
1879|13|35|PHE|A|14|20|0|000|6.100446|-1.000000|-1.000000|0.000000|-1|-1|0|0|12|14
1879|14|5|VAL|A|15|16|0|000|11.236893|-1.000000|-1.000000|0.000000|-1|-1|0|0|13|15
1879|15|19|PRO|A|16|14|0|000|10.126852|-1.000000|-1.000000|0.000000|-1|-1|0|0|14|16
1879|16|11|SER|A|17|11|0|000|9.445285|-1.000000|-1.000000|0.000000|-1|-1|0|0|15|17
1879|17|25|GLU|A|18|15|0|000|11.598263|-1.000000|-1.000000|0.000000|-1|-1|0|0|16|18
1879|18|35|PHE|A|19|20|0|000|8.944494|-1.000000|-1.000000|0.000000|-1|-1|0|0|17|19
1879|19|11|SER|A|20|11|0|000|13.348308|-1.000000|-1.000000|0.000000|-1|-1|0|0|18|20
1879|20|9|ILE|A|21|19|0|000|11.594335|-1.000000|-1.000000|0.000000|-1|-1|0|0|19|21
1879|21|11|SER|A|22|11|0|000|15.967077|-1.000000|-1.000000|0.000000|-1|-1|0|0|20|22
1879|22|19|PRO|A|23|14|0|000|16.550877|-1.000000|-1.000000|0.000000|-1|-1|0|0|21|23
1879|23|1|GLY|A|24|7|0|000|14.795537|-1.000000|-1.000000|0.000000|-1|-1|0|0|22|24
1879|24|25|GLU|A|25|15|0|000|13.167048|-1.000000|-1.000000|0.000000|-1|-1|0|0|23|25
1879|25|29|LYS|A|26|22|0|000|12.442563|-1.000000|-1.000000|0.000000|-1|-1|0|0|24|26
1879|26|9|ILE|A|27|19|0|000|6.609746|-1.000000|-1.000000|0.000000|-1|-1|0|0|25|27
1879|27|5|VAL|A|28|16|0|000|9.356565|-1.000000|-1.000000|0.000000|-1|-1|0|0|26|28
1879|28|35|PHE|A|29|20|0|000|3.911318|-1.000000|-1.000000|0.000000|-1|-1|0|0|27|29
1879|29|29|LYS|A|30|38|0|000|11.677439|-1.000000|-1.000000|0.000000|-1|-1|0|0|28|30
1879|30|23|ASN|A|31|14|0|000|11.298171|-1.000000|-1.000000|0.000000|-1|-1|0|0|29|31
1879|31|23|ASN|A|32|14|0|000|13.275119|-1.000000|-1.000000|0.000000|-1|-1|0|0|30|32
1879|32|3|ALA|A|33|10|0|000|14.668241|-1.000000|-1.000000|0.000000|-1|-1|0|0|31|33
1879|33|1|GLY|A|34|7|0|000|15.133592|-1.000000|-1.000000|0.000000|-1|-1|0|0|32|34
1879|34|35|PHE|A|35|20|0|000|14.894132|-1.000000|-1.000000|0.000000|-1|-1|0|0|33|35
1879|35|19|PRO|A|36|14|0|000|14.464429|-1.000000|-1.000000|0.000000|-1|-1|0|0|34|36
1879|36|33|HIS|A|37|17|0|000|9.989388|-1.000000|-1.000000|0.000000|-1|-1|0|0|35|37
1879|37|23|ASN|A|38|14|0|000|8.131278|-1.000000|-1.000000|0.000000|-1|-1|0|0|36|38
1879|38|9|ILE|A|39|19|0|000|3.369412|-1.000000|-1.000000|0.000000|-1|-1|0|0|37|39
1879|39|5|VAL|A|40|16|0|000|7.414660|-1.000000|-1.000000|0.000000|-1|-1|0|0|38|40
1879|40|35|PHE|A|41|20|0|000|6.044100|-1.000000|-1.000000|0.000000|-1|-1|0|0|39|41
1879|41|21|ASP|A|42|12|0|000|10.880819|-1.000000|-1.000000|0.000000|-1|-1|0|0|40|42
1879|42|25|GLU|A|43|15|0|000|14.321811|-1.000000|-1.000000|0.000000|-1|-1|0|0|41|43
1879|43|21|ASP|A|44|12|0|000|15.924747|-1.000000|-1.000000|0.000000|-1|-1|0|0|42|44
1879|44|11|SER|A|45|22|0|000|12.970191|-1.000000|-1.000000|0.000000|-1|-1|0|0|43|45
1879|45|9|ILE|A|46|19|0|000|11.986452|-1.000000|-1.000000|0.000000|-1|-1|0|0|44|46
1879|46|19|PRO|A|47|14|0|000|14.548521|-1.000000|-1.000000|0.000000|-1|-1|0|0|45|47
1879|47|11|SER|A|48|11|0|000|19.042553|-1.000000|-1.000000|0.000000|-1|-1|0|0|46|48
1879|48|1|GLY|A|49|7|0|000|18.690083|-1.000000|-1.000000|0.000000|-1|-1|0|0|47|49
1879|49|5|VAL|A|50|16|0|000|14.435547|-1.000000|-1.000000|0.000000|-1|-1|0|0|48|50
1879|50|21|ASP|A|51|12|0|000|15.086430|-1.000000|-1.000000|0.000000|-1|-1|0|0|49|51
1879|51|3|ALA|A|52|10|0|000|11.830400|-1.000000|-1.000000|0.000000|-1|-1|0|0|50|52
1879|52|11|SER|A|53|11|0|000|13.550021|-1.000000|-1.000000|0.000000|-1|-1|0|0|51|53
1879|53|29|LYS|A|54|38|0|000|15.322752|-1.000000|-1.000000|0.000000|-1|-1|0|0|52|54
1879|54|9|ILE|A|55|19|0|000|8.889103|-1.000000|-1.000000|0.000000|-1|-1|0|0|53|55
1879|55|11|SER|A|56|16|0|000|8.171490|-1.000000|-1.000000|0.000000|-1|-1|0|0|54|56
1879|56|17|MET|A|57|17|0|000|8.232163|-1.000000|-1.000000|0.000000|-1|-1|0|0|55|57
1879|57|11|SER|A|58|11|0|000|12.257927|-1.000000|-1.000000|0.000000|-1|-1|0|0|56|58
1879|58|25|GLU|A|59|15|0|000|12.452761|-1.000000|-1.000000|0.000000|-1|-1|0|0|57|59
1879|59|25|GLU|A|60|15|0|000|15.536753|-1.000000|-1.000000|0.000000|-1|-1|0|0|58|60
1879|60|21|ASP|A|61|24|0|000|12.312947|-1.000000|-1.000000|0.000000|-1|-1|0|0|59|61
1879|61|7|LEU|A|62|19|0|000|13.023673|-1.000000|-1.000000|0.000000|-1|-1|0|0|60|62
1879|62|7|LEU|A|63|19|0|000|10.161900|-1.000000|-1.000000|0.000000|-1|-1|0|0|61|63
1879|63|23|ASN|A|64|22|0|000|15.965947|-1.000000|-1.000000|0.000000|-1|-1|0|0|62|64
1879|64|3|ALA|A|65|10|0|000|16.177660|-1.000000|-1.000000|0.000000|-1|-1|0|0|63|65
1879|65|29|LYS|A|66|38|0|000|17.214966|-1.000000|-1.000000|0.000000|-1|-1|0|0|64|66
1879|66|1|GLY|A|67|7|0|000|14.448082|-1.000000|-1.000000|0.000000|-1|-1|0|0|65|67
1879|67|25|GLU|A|68|15|0|000|13.224158|-1.000000|-1.000000|0.000000|-1|-1|0|0|66|68
1879|68|13|THR|A|69|14|0|000|10.898377|-1.000000|-1.000000|0.000000|-1|-1|0|0|67|69
1879|69|35|PHE|A|70|20|0|000|6.734374|-1.000000|-1.000000|0.000000|-1|-1|0|0|68|70
1879|70|25|GLU|A|71|30|0|000|9.831927|-1.000000|-1.000000|0.000000|-1|-1|0|0|69|71
1879|71|5|VAL|A|72|16|0|000|7.234115|-1.000000|-1.000000|0.000000|-1|-1|0|0|70|72
1879|72|3|ALA|A|73|10|0|000|11.106705|-1.000000|-1.000000|0.000000|-1|-1|0|0|71|73
1879|73|7|LEU|A|74|19|0|000|9.652876|-1.000000|-1.000000|0.000000|-1|-1|0|0|72|74
1879|74|11|SER|A|75|16|0|000|15.250511|-1.000000|-1.000000|0.000000|-1|-1|0|0|73|75
1879|75|23|ASN|A|76|14|0|000|15.960513|-1.000000|-1.000000|0.000000|-1|-1|0|0|74|76
1879|76|29|LYS|A|77|22|0|000|18.300478|-1.000000|-1.000000|0.000000|-1|-1|0|0|75|77
1879|77|1|GLY|A|78|7|0|000|14.949184|-1.000000|-1.000000|0.000000|-1|-1|0|0|76|78
1879|78|25|GLU|A|79|15|0|000|13.773319|-1.000000|-1.000000|0.000000|-1|-1|0|0|77|79
1879|79|37|TYR|A|80|21|0|000|9.856639|-1.000000|-1.000000|0.000000|-1|-1|0|0|78|80
1879|80|11|SER|A|81|11|0|000|9.376960|-1.000000|-1.000000|0.000000|-1|-1|0|0|79|81
1879|81|35|PHE|A|82|20|0|000|4.430325|-1.000000|-1.000000|0.000000|-1|-1|0|0|80|82
1879|82|37|TYR|A|83|21|0|000|8.405738|-1.000000|-1.000000|0.000000|-1|-1|0|0|81|83
1879|83|15|CYS|A|84|10|0|000|7.945919|-1.000000|-1.000000|0.000000|-1|-1|0|0|82|84
1879|84|11|SER|A|85|11|0|000|10.981135|-1.000000|-1.000000|0.000000|-1|-1|0|0|83|85
1879|85|19|PRO|A|86|14|0|000|12.684627|-1.000000|-1.000000|0.000000|-1|-1|0|0|84|86
1879|86|33|HIS|A|87|17|0|000|12.694543|-1.000000|-1.000000|0.000000|-1|-1|0|0|85|87
1879|87|27|GLN|A|88|17|0|000|12.084145|-1.000000|-1.000000|0.000000|-1|-1|0|0|86|88
1879|88|1|GLY|A|89|7|0|000|15.750457|-1.000000|-1.000000|0.000000|-1|-1|0|0|87|89
1879|89|3|ALA|A|90|10|0|000|15.373529|-1.000000|-1.000000|0.000000|-1|-1|0|0|88|90
1879|90|1|GLY|A|91|7|0|000|13.252414|-1.000000|-1.000000|0.000000|-1|-1|0|0|89|91
1879|91|17|MET|A|92|17|0|000|9.094728|-1.000000|-1.000000|0.000000|-1|-1|0|0|90|92
1879|92|5|VAL|A|93|16|0|000|9.811909|-1.000000|-1.000000|0.000000|-1|-1|0|0|91|93
1879|93|1|GLY|A|94|7|0|000|7.450577|-1.000000|-1.000000|0.000000|-1|-1|0|0|92|94
1879|94|29|LYS|A|95|22|0|000|11.183645|-1.000000|-1.000000|0.000000|-1|-1|0|0|93|95
1879|95|5|VAL|A|96|16|0|000|8.061456|-1.000000|-1.000000|0.000000|-1|-1|0|0|94|96
1879|96|13|THR|A|97|14|0|000|13.109375|-1.000000|-1.000000|0.000000|-1|-1|0|0|95|97
1879|97|5|VAL|A|98|16|0|000|13.186621|-1.000000|-1.000000|0.000000|-1|-1|0|0|96|98
1879|98|23|ASN|A|99|15|0|000|17.196405|-1.000000|-1.000000|0.000000|-1|-1|0|0|97|-1
1879|99|46|_CU|A|100|1|1|000|10.007520|-1.000000|-1.000000|0.000000|-1|-1|0|2|-1|-1
1879|100|43|HOH|A|101|1|0|000|15.376059|-1.000000|-1.000000|0.000000|-1|-1|0|1|-1|-1
1879|101|43|HOH|A|102|1|0|000|16.151764|-1.000000|-1.000000|0.000000|-1|-1|0|1|-1|-1
1879|102|43|HOH|A|103|1|0|000|11.943767|-1.000000|-1.000000|0.000000|-1|-1|0|1|-1|-1
1879|103|43|HOH|A|104|1|0|000|9.604359|-1.000000|-1.000000|0.000000|-1|-1|0|1|-1|-1
1879|104|43|HOH|A|105|1|0|000|11.725798|-1.000000|-1.000000|0.000000|-1|-1|0|1|-1|-1
1879|105|43|HOH|A|106|1|0|000|18.951582|-1.000000|-1.000000|0.000000|-1|-1|0|1|-1|-1
1879|106|43|HOH|A|107|1|0|000|15.933985|-1.000000|-1.000000|0.000000|-1|-1|0|1|-1|-1
1879|107|43|HOH|A|108|1|0|000|12.836503|-1.000000|-1.000000|0.000000|-1|-1|0|1|-1|-1
1879|108|43|HOH|A|109|1|0|000|9.892914|-1.000000|-1.000000|0.000000|-1|-1|0|1|-1|-1
1879|109|43|HOH|A|110|1|0|000|16.772308|-1.000000|-1.000000|0.000000|-1|-1|0|1|-1|-1
1879|110|43|HOH|A|111|1|0|000|13.062527|-1.000000|-1.000000|0.000000|-1|-1|0|1|-1|-1
1879|111|43|HOH|A|112|1|0|000|17.661512|-1.000000|-1.000000|0.000000|-1|-1|0|1|-1|-1
1879|112|43|HOH|A|113|1|0|000|11.025956|-1.000000|-1.000000|0.000000|-1|-1|0|1|-1|-1
1879|113|43|HOH|A|114|1|0|000|19.338301|-1.000000|-1.000000|0.000000|-1|-1|0|1|-1|-1
1879|114|43|HOH|A|115|1|0|000|16.949203|-1.000000|-1.000000|0.000000|-1|-1|0|1|-1|-1
1879|115|43|HOH|A|116|1|0|000|17.839436|-1.000000|-1.000000|0.000000|-1|-1|0|1|-1|-1
1879|116|43|HOH|A|117|1|0|000|15.667171|-1.000000|-1.000000|0.000000|-1|-1|0|1|-1|-1
1879|117|43|HOH|A|118|1|0|000|11.857115|-1.000000|-1.000000|0.000000|-1|-1|0|1|-1|-1
1879|118|43|HOH|A|119|1|0|000|10.895508|-1.000000|-1.000000|0.000000|-1|-1|0|1|-1|-1
1879|119|43|HOH|A|120|1|0|000|19.114010|-1.000000|-1.000000|0.000000|-1|-1|0|1|-1|-1
1879|120|43|HOH|A|121|1|0|000|10.905272|-1.000000|-1.000000|0.000000|-1|-1|0|1|-1|-1
1879|121|43|HOH|A|122|1|0|000|13.969405|-1.000000|-1.000000|0.000000|-1|-1|0|1|-1|-1
1879|122|43|HOH|A|123|1|0|000|11.130878|-1.000000|-1.000000|0.000000|-1|-1|0|1|-1|-1
1879|123|43|HOH|A|124|1|0|000|10.649203|-1.000000|-1.000000|0.000000|-1|-1|0|1|-1|-1
1879|124|43|HOH|A|125|1|0|000|16.078615|-1.000000|-1.000000|0.000000|-1|-1|0|1|-1|-1
1879|125|43|HOH|A|126|1|0|000|13.323844|-1.000000|-1.000000|0.000000|-1|-1|0|1|-1|-1
1879|126|43|HOH|A|127|1|0|000|15.650284|-1.000000|-1.000000|0.000000|-1|-1|0|1|-1|-1
1879|127|43|HOH|A|128|1|0|000|18.828886|-1.000000|-1.000000|0.000000|-1|-1|0|1|-1|-1
1879|128|43|HOH|A|129|1|0|000|17.534094|-1.000000|-1.000000|0.000000|-1|-1|0|1|-1|-1
1879|129|43|HOH|A|130|1|0|000|12.975756|-1.000000|-1.000000|0.000000|-1|-1|0|1|-1|-1
1879|130|43|HOH|A|131|1|0|000|10.608837|-1.000000|-1.000000|0.000000|-1|-1|0|1|-1|-1
1879|131|43|HOH|A|132|1|0|000|15.159469|-1.000000|-1.000000|0.000000|-1|-1|0|1|-1|-1
1879|132|43|HOH|A|133|1|0|000|18.468552|-1.000000|-1.000000|0.000000|-1|-1|0|1|-1|-1
1879|133|43|HOH|A|134|1|0|000|14.605143|-1.000000|-1.000000|0.000000|-1|-1|0|1|-1|-1
1879|134|43|HOH|A|135|1|0|000|19.157745|-1.000000|-1.000000|0.000000|-1|-1|0|1|-1|-1
1879|135|43|HOH|A|136|1|0|000|18.547773|-1.000000|-1.000000|0.000000|-1|-1|0|1|-1|-1
1879|136|43|HOH|A|137|1|0|000|17.989874|-1.000000|-1.000000|0.000000|-1|-1|0|1|-1|-1
1879|137|43|HOH|A|138|1|0|000|12.475702|-1.000000|-1.000000|0.000000|-1|-1|0|1|-1|-1
1879|138|43|HOH|A|139|1|0|000|12.577752|-1.000000|-1.000000|0.000000|-1|-1|0|1|-1|-1
1879|139|43|HOH|A|140|1|0|000|12.298180|-1.000000|-1.000000|0.000000|-1|-1|0|1|-1|-1
1879|140|43|HOH|A|141|1|0|000|18.070305|-1.000000|-1.000000|0.000000|-1|-1|0|1|-1|-1
1879|141|43|HOH|A|142|1|0|000|18.314426|-1.000000|-1.000000|0.000000|-1|-1|0|1|-1|-1
1879|142|43|HOH|A|143|1|0|000|17.118000|-1.000000|-1.000000|0.000000|-1|-1|0|1|-1|-1
1879|143|43|HOH|A|144|1|0|000|15.660982|-1.000000|-1.000000|0.000000|-1|-1|0|1|-1|-1
1879|144|43|HOH|A|145|1|0|000|14.590576|-1.000000|-1.000000|0.000000|-1|-1|0|1|-1|-1
1879|145|43|HOH|A|146|1|0|000|17.448174|-1.000000|-1.000000|0.000000|-1|-1|0|1|-1|-1
1879|146|43|HOH|A|147|1|0|000|18.338528|-1.000000|-1.000000|0.000000|-1|-1|0|1|-1|-1
1879|147|43|HOH|A|148|1|0|000|12.937056|-1.000000|-1.000000|0.000000|-1|-1|0|1|-1|-1
1879|148|43|HOH|A|149|1|0|000|17.482971|-1.000000|-1.000000|0.000000|-1|-1|0|1|-1|-1
1879|149|43|HOH|A|150|1|0|000|12.682775|-1.000000|-1.000000|0.000000|-1|-1|0|1|-1|-1
1879|150|43|HOH|A|151|1|0|000|14.917555|-1.000000|-1.000000|0.000000|-1|-1|0|1|-1|-1
1879|151|43|HOH|A|152|1|0|000|15.375970|-1.000000|-1.000000|0.000000|-1|-1|0|1|-1|-1
1879|152|43|HOH|A|153|1|0|000|13.298467|-1.000000|-1.000000|0.000000|-1|-1|0|1|-1|-1
1879|153|43|HOH|A|154|1|0|000|16.051884|-1.000000|-1.000000|0.000000|-1|-1|0|1|-1|-1
1879|154|43|HOH|A|155|1|0|000|18.174248|-1.000000|-1.000000|0.000000|-1|-1|0|1|-1|-1
1879|155|43|HOH|A|156|1|0|000|17.422756|-1.000000|-1.000000|0.000000|-1|-1|0|1|-1|-1
1879|156|43|HOH|A|157|1|0|000|20.854860|-1.000000|-1.000000|0.000000|-1|-1|0|1|-1|-1
1879|157|43|HOH|A|158|1|0|000|15.056476|-1.000000|-1.000000|0.000000|-1|-1|0|1|-1|-1
1879|158|43|HOH|A|159|1|0|000|13.820930|-1.000000|-1.000000|0.000000|-1|-1|0|1|-1|-1
1879|159|43|HOH|A|160|1|0|000|14.303956|-1.000000|-1.000000|0.000000|-1|-1|0|1|-1|-1
1879|160|43|HOH|A|161|1|0|000|14.362795|-1.000000|-1.000000|0.000000|-1|-1|0|1|-1|-1
1879|161|43|HOH|A|162|1|0|000|16.148809|-1.000000|-1.000000|0.000000|-1|-1|0|1|-1|-1
1879|162|43|HOH|A|163|1|0|000|16.573591|-1.000000|-1.000000|0.000000|-1|-1|0|1|-1|-1
1879|163|43|HOH|A|164|1|0|000|13.458969|-1.000000|-1.000000|0.000000|-1|-1|0|1|-1|-1
1879|164|43|HOH|A|165|1|0|000|12.520542|-1.000000|-1.000000|0.000000|-1|-1|0|1|-1|-1
1879|165|43|HOH|A|166|1|0|000|13.655945|-1.000000|-1.000000|0.000000|-1|-1|0|1|-1|-1
1879|166|43|HOH|A|167|1|0|000|17.259352|-1.000000|-1.000000|0.000000|-1|-1|0|1|-1|-1
1879|167|43|HOH|A|168|1|0|000|14.778444|-1.000000|-1.000000|0.000000|-1|-1|0|1|-1|-1
1879|168|43|HOH|A|169|1|0|000|18.324036|-1.000000|-1.000000|0.000000|-1|-1|0|1|-1|-1
1879|169|43|HOH|A|170|1|0|000|19.610823|-1.000000|-1.000000|0.000000|-1|-1|0|1|-1|-1
1879|170|43|HOH|A|171|1|0|000|18.816734|-1.000000|-1.000000|0.000000|-1|-1|0|1|-1|-1
1879|171|43|HOH|A|172|1|0|000|17.665836|-1.000000|-1.000000|0.000000|-1|-1|0|1|-1|-1
1879|172|43|HOH|A|173|1|0|000|16.874043|-1.000000|-1.000000|0.000000|-1|-1|0|1|-1|-1
1879|173|43|HOH|A|174|1|0|000|13.696329|-1.000000|-1.000000|0.000000|-1|-1|0|1|-1|-1
1879|174|43|HOH|A|175|1|0|000|13.424775|-1.000000|-1.000000|0.000000|-1|-1|0|1|-1|-1
1879|175|43|HOH|A|176|1|0|000|13.443500|-1.000000|-1.000000|0.000000|-1|-1|0|1|-1|-1
1879|176|43|HOH|A|177|1|0|000|12.944537|-1.000000|-1.000000|0.000000|-1|-1|0|1|-1|-1
1879|177|43|HOH|A|178|1|0|000|15.847251|-1.000000|-1.000000|0.000000|-1|-1|0|1|-1|-1
1879|178|43|HOH|A|179|1|0|000|18.809019|-1.000000|-1.000000|0.000000|-1|-1|0|1|-1|-1
1879|179|43|HOH|A|180|1|0|000|16.685976|-1.000000|-1.000000|0.000000|-1|-1|0|1|-1|-1
1879|180|43|HOH|A|181|1|0|000|9.845322|-1.000000|-1.000000|0.000000|-1|-1|0|1|-1|-1
1879|181|43|HOH|A|182|1|0|000|19.141918|-1.000000|-1.000000|0.000000|-1|-1|0|1|-1|-1
1879|182|43|HOH|A|183|1|0|000|17.577877|-1.000000|-1.000000|0.000000|-1|-1|0|1|-1|-1
1879|183|43|HOH|A|184|1|0|000|17.454296|-1.000000|-1.000000|0.000000|-1|-1|0|1|-1|-1
1879|184|43|HOH|A|185|1|0|000|16.065254|-1.000000|-1.000000|0.000000|-1|-1|0|1|-1|-1
1879|185|43|HOH|A|186|1|0|000|18.408239|-1.000000|-1.000000|0.000000|-1|-1|0|1|-1|-1
1879|186|43|HOH|A|187|1|0|000|16.529264|-1.000000|-1.000000|0.000000|-1|-1|0|1|-1|-1
1879|187|43|HOH|A|188|1|0|000|18.246918|-1.000000|-1.000000|0.000000|-1|-1|0|1|-1|-1
1879|188|43|HOH|A|189|1|0|000|11.611957|-1.000000|-1.000000|0.000000|-1|-1|0|1|-1|-1
1879|189|43|HOH|A|190|1|0|000|17.936493|-1.000000|-1.000000|0.000000|-1|-1|0|1|-1|-1
1879|190|43|HOH|A|191|1|0|000|12.637636|-1.000000|-1.000000|0.000000|-1|-1|0|1|-1|-1
1879|191|43|HOH|A|192|1|0|000|19.529711|-1.000000|-1.000000|0.000000|-1|-1|0|1|-1|-1
1879|192|43|HOH|A|193|1|0|000|17.072966|-1.000000|-1.000000|0.000000|-1|-1|0|1|-1|-1
1879|193|43|HOH|A|194|1|0|000|13.785501|-1.000000|-1.000000|0.000000|-1|-1|0|1|-1|-1
1879|194|43|HOH|A|195|1|0|000|14.521134|-1.000000|-1.000000|0.000000|-1|-1|0|1|-1|-1
1879|195|43|HOH|A|196|1|0|000|21.614210|-1.000000|-1.000000|0.000000|-1|-1|0|1|-1|-1
1879|196|43|HOH|A|197|1|0|000|20.007654|-1.000000|-1.000000|0.000000|-1|-1|0|1|-1|-1
1879|197|43|HOH|A|198|1|0|000|18.753780|-1.000000|-1.000000|0.000000|-1|-1|0|1|-1|-1
1879|198|43|HOH|A|199|1|0|000|13.576720|-1.000000|-1.000000|0.000000|-1|-1|0|1|-1|-1
1879|199|43|HOH|A|200|1|0|000|13.072676|-1.000000|-1.000000|0.000000|-1|-1|0|1|-1|-1
1879|200|43|HOH|A|201|1|0|000|16.348593|-1.000000|-1.000000|0.000000|-1|-1|0|1|-1|-1
1879|201|43|HOH|A|202|1|0|000|12.233394|-1.000000|-1.000000|0.000000|-1|-1|0|1|-1|-1
1879|202|43|HOH|A|203|1|0|000|17.527870|-1.000000|-1.000000|0.000000|-1|-1|0|1|-1|-1
1879|203|43|HOH|A|204|1|0|000|14.952106|-1.000000|-1.000000|0.000000|-1|-1|0|1|-1|-1
1879|204|43|HOH|A|205|1|0|000|13.597607|-1.000000|-1.000000|0.000000|-1|-1|0|1|-1|-1
1879|205|43|HOH|A|206|1|0|000|15.248413|-1.000000|-1.000000|0.000000|-1|-1|0|1|-1|-1
1879|206|43|HOH|A|207|1|0|000|13.296781|-1.000000|-1.000000|0.000000|-1|-1|0|1|-1|-1
1879|207|43|HOH|A|208|1|0|000|20.091915|-1.000000|-1.000000|0.000000|-1|-1|0|1|-1|-1
1879|208|43|HOH|A|209|1|0|000|14.946506|-1.000000|-1.000000|0.000000|-1|-1|0|1|-1|-1
1879|209|43|HOH|A|210|1|0|000|11.173766|-1.000000|-1.000000|0.000000|-1|-1|0|1|-1|-1
