1885|0|47|76|76|SER|SO4|SO4|114747|370|582|586|-OG-|-S--|-O4-|173331|1405|1978|3.916532|1.459682|4.790433|118.629097
1885|1|47|76|76|SER|SO4|SO4|114747|370|582|584|-OG-|-S--|-O2-|173331|1405|1979|3.916532|1.463783|3.412176|59.386555
1885|2|47|76|76|SER|SO4|SO4|114747|370|582|585|-OG-|-S--|-O3-|173331|1405|1980|3.916532|1.460830|3.182702|50.075905
1885|3|47|76|76|SER|SO4|SO4|114747|370|582|583|-OG-|-S--|-O1-|173331|1405|1981|3.916532|1.459054|5.013631|132.142059
1885|4|18|76|47|LYS|SO4|SER|294711|136|582|370|-NZ-|-S--|-OG-|143317|2098|1405|3.953313|3.916532|7.221824|133.171509
1885|5|47|76|116|SER|SO4|HOH|114743|370|582|626|-OG-|-S--|-O--|173328|1405|2582|3.916532|3.654359|4.276636|68.687225
1885|6|76|76|76|SO4|SO4|SO4|474747|584|582|586|-O2-|-S--|-O4-|313331|1979|1978|1.463783|1.459682|2.399373|110.315674
1885|7|76|76|76|SO4|SO4|SO4|474747|585|582|586|-O3-|-S--|-O4-|313331|1980|1978|1.460830|1.459682|2.377023|108.958725
1885|8|76|76|76|SO4|SO4|SO4|474747|583|582|586|-O1-|-S--|-O4-|313331|1981|1978|1.459054|1.459682|2.373937|108.848015
1885|9|18|76|76|LYS|SO4|SO4|294747|136|582|586|-NZ-|-S--|-O4-|143331|2098|1978|3.953313|1.459682|4.373569|96.811157
1885|10|116|76|76|HOH|SO4|SO4|434747|626|582|586|-O--|-S--|-O4-|283331|2582|1978|3.654359|1.459682|4.968528|149.595978
1885|11|76|76|76|SO4|SO4|SO4|474747|584|582|585|-O2-|-S--|-O3-|313331|1979|1980|1.463783|1.460830|2.379972|108.932510
1885|12|76|76|76|SO4|SO4|SO4|474747|583|582|584|-O1-|-S--|-O2-|313331|1981|1979|1.459054|1.463783|2.395105|110.058571
1885|13|18|76|76|LYS|SO4|SO4|294747|136|582|584|-NZ-|-S--|-O2-|143331|2098|1979|3.953313|1.463783|3.994264|80.966461
1885|14|116|76|76|HOH|SO4|SO4|434747|626|582|584|-O--|-S--|-O2-|283331|2582|1979|3.654359|1.463783|4.137324|98.711983
1885|15|76|76|76|SO4|SO4|SO4|474747|583|582|585|-O1-|-S--|-O3-|313331|1981|1980|1.459054|1.460830|2.387589|109.710396
1885|16|18|76|76|LYS|SO4|SO4|294747|136|582|585|-NZ-|-S--|-O3-|143331|2098|1980|3.953313|1.460830|5.229379|146.072083
1885|17|116|76|76|HOH|SO4|SO4|434747|626|582|585|-O--|-S--|-O3-|283331|2582|1980|3.654359|1.460830|2.952224|50.628819
1885|18|18|76|76|LYS|SO4|SO4|294747|136|582|583|-NZ-|-S--|-O1-|143331|2098|1981|3.953313|1.459054|2.961909|38.847366
1885|19|116|76|76|HOH|SO4|SO4|434747|626|582|583|-O--|-S--|-O1-|283331|2582|1981|3.654359|1.459054|3.375152|67.437981
1885|20|18|76|116|LYS|SO4|HOH|294743|136|582|626|-NZ-|-S--|-O--|143328|2098|2582|3.953313|3.654359|5.677963|96.470856
1885|21|76|76|76|SO4|SO4|SO4|474747|586|583|582|-O4-|-O1-|-S--|313133|1982|1981|2.373937|1.459054|1.459682|35.584816
1885|22|76|76|76|SO4|SO4|SO4|474747|584|583|582|-O2-|-O1-|-S--|313133|1983|1981|2.395105|1.459054|1.463783|35.035557
1885|23|76|76|76|SO4|SO4|SO4|474747|585|583|582|-O3-|-O1-|-S--|313133|1984|1981|2.387589|1.459054|1.460830|35.169342
1885|24|18|76|76|LYS|SO4|SO4|294747|136|583|582|-NZ-|-O1-|-S--|143133|2099|1981|3.086558|1.459054|4.399619|148.760574
1885|25|37|76|76|ARG|SO4|SO4|314747|284|583|582|-O--|-O1-|-S--|43133|2384|1981|3.917869|1.459054|4.241317|92.557915
1885|26|104|76|76|HOH|SO4|SO4|434747|614|583|582|-O--|-O1-|-S--|283133|2583|1981|2.663844|1.459054|4.044610|156.598297
1885|27|116|76|76|HOH|SO4|SO4|434747|626|583|582|-O--|-O1-|-S--|283133|2584|1981|3.375152|1.459054|3.654359|89.033401
1885|28|76|76|76|SO4|SO4|SO4|474747|584|583|586|-O2-|-O1-|-O4-|313131|1983|1982|2.395105|2.373937|2.399373|60.410557
1885|29|76|76|76|SO4|SO4|SO4|474747|585|583|586|-O3-|-O1-|-O4-|313131|1984|1982|2.387589|2.373937|2.377023|59.895275
1885|30|18|76|76|LYS|SO4|SO4|294747|136|583|586|-NZ-|-O1-|-O4-|143131|2099|1982|3.086558|2.373937|5.172258|142.266632
1885|31|37|76|76|ARG|SO4|SO4|314747|284|583|586|-O--|-O1-|-O4-|43131|2384|1982|3.917869|2.373937|3.398840|59.528011
1885|32|104|76|76|HOH|SO4|SO4|434747|614|583|586|-O--|-O1-|-O4-|283131|2583|1982|2.663844|2.373937|5.000179|165.967010
1885|33|116|76|76|HOH|SO4|SO4|434747|626|583|586|-O--|-O1-|-O4-|283131|2584|1982|3.375152|2.373937|4.968528|118.551559
1885|34|76|76|76|SO4|SO4|SO4|474747|584|583|585|-O2-|-O1-|-O3-|313131|1983|1984|2.395105|2.387589|2.379972|59.685310
1885|35|18|76|76|LYS|SO4|SO4|294747|136|583|584|-NZ-|-O1-|-O2-|143131|2099|1983|3.086558|2.395105|4.617085|114.171501
1885|36|37|76|76|ARG|SO4|SO4|314747|284|583|584|-O--|-O1-|-O2-|43131|2384|1983|3.917869|2.395105|5.498418|119.166824
1885|37|104|76|76|HOH|SO4|SO4|434747|614|583|584|-O--|-O1-|-O2-|283131|2583|1983|2.663844|2.395105|4.510779|126.078705
1885|38|116|76|76|HOH|SO4|SO4|434747|626|583|584|-O--|-O1-|-O2-|283131|2584|1983|3.375152|2.395105|4.137324|89.961990
1885|39|18|76|76|LYS|SO4|SO4|294747|136|583|585|-NZ-|-O1-|-O3-|143131|2099|1984|3.086558|2.387589|5.338346|154.207642
1885|40|37|76|76|ARG|SO4|SO4|314747|284|583|585|-O--|-O1-|-O3-|43131|2384|1984|3.917869|2.387589|4.826279|96.884911
1885|41|104|76|76|HOH|SO4|SO4|434747|614|583|585|-O--|-O1-|-O3-|283131|2583|1984|2.663844|2.387589|4.647807|133.807343
1885|42|116|76|76|HOH|SO4|SO4|434747|626|583|585|-O--|-O1-|-O3-|283131|2584|1984|3.375152|2.387589|2.952224|58.685268
1885|43|37|76|18|ARG|SO4|LYS|314729|284|583|136|-O--|-O1-|-NZ-|43114|2384|2099|3.917869|3.086558|5.646566|106.841606
1885|44|18|76|104|LYS|SO4|HOH|294743|136|583|614|-NZ-|-O1-|-O--|143128|2099|2583|3.086558|2.663844|1.370749|26.284784
1885|45|18|76|116|LYS|SO4|HOH|294743|136|583|626|-NZ-|-O1-|-O--|143128|2099|2584|3.086558|3.375152|4.879424|97.973869
1885|46|37|76|104|ARG|SO4|HOH|314743|284|583|614|-O--|-O1-|-O--|43128|2384|2583|3.917869|2.663844|5.460962|110.694702
1885|47|37|76|116|ARG|SO4|HOH|314743|284|583|626|-O--|-O1-|-O--|43128|2384|2584|3.917869|3.375152|6.527708|126.874069
1885|48|104|76|116|HOH|SO4|HOH|434743|614|583|626|-O--|-O1-|-O--|283128|2583|2584|2.663844|3.375152|3.725096|75.140625
1885|49|47|76|76|SER|SO4|SO4|114747|370|584|582|-OG-|-O2-|-S--|173133|1401|1979|3.412176|1.463783|3.916532|98.947357
1885|50|47|76|76|SER|SO4|SO4|114747|370|584|583|-OG-|-O2-|-O1-|173131|1401|1983|3.412176|2.395105|5.013631|118.331955
1885|51|47|76|123|SER|SO4|HOH|114743|370|584|633|-OG-|-O2-|-O--|173128|1401|1985|3.412176|3.305441|3.973878|72.515953
1885|52|47|76|76|SER|SO4|SO4|114747|370|584|586|-OG-|-O2-|-O4-|173131|1401|1986|3.412176|2.399373|4.790433|109.806534
1885|53|47|76|76|SER|SO4|SO4|114747|370|584|585|-OG-|-O2-|-O3-|173131|1401|1987|3.412176|2.379972|3.182702|63.773315
1885|54|37|76|47|ARG|SO4|SER|314711|288|584|370|-NE-|-O2-|-OG-|73117|2399|1401|3.227592|3.412176|5.303784|105.996147
1885|55|37|76|47|ARG|SO4|SER|314711|291|584|370|-NH2|-O2-|-OG-|73117|2410|1401|3.897016|3.412176|5.163364|89.635139
1885|56|76|76|76|SO4|SO4|SO4|474747|583|584|582|-O1-|-O2-|-S--|313133|1983|1979|2.395105|1.463783|1.459054|34.905872
1885|57|123|76|76|HOH|SO4|SO4|434747|633|584|582|-O--|-O2-|-S--|283133|1985|1979|3.305441|1.463783|4.580874|144.886185
1885|58|76|76|76|SO4|SO4|SO4|474747|586|584|582|-O4-|-O2-|-S--|313133|1986|1979|2.399373|1.463783|1.459682|34.786209
1885|59|76|76|76|SO4|SO4|SO4|474747|585|584|582|-O3-|-O2-|-S--|313133|1987|1979|2.379972|1.463783|1.460830|35.492435
1885|60|37|76|76|ARG|SO4|SO4|314747|288|584|582|-NE-|-O2-|-S--|73133|2399|1979|3.227592|1.463783|2.667073|54.799801
1885|61|37|76|76|ARG|SO4|SO4|314747|291|584|582|-NH2|-O2-|-S--|73133|2410|1979|3.897016|1.463783|4.129441|88.608208
1885|62|123|76|76|HOH|SO4|SO4|434747|633|584|583|-O--|-O2-|-O1-|283131|1985|1983|3.305441|2.395105|5.672559|168.492172
1885|63|76|76|76|SO4|SO4|SO4|474747|583|584|586|-O1-|-O2-|-O4-|313131|1983|1986|2.395105|2.399373|2.373937|59.357864
1885|64|76|76|76|SO4|SO4|SO4|474747|583|584|585|-O1-|-O2-|-O3-|313131|1983|1987|2.395105|2.379972|2.387589|60.000378
1885|65|37|76|76|ARG|SO4|SO4|314747|288|584|583|-NE-|-O2-|-O1-|73131|2399|1983|3.227592|2.395105|1.506523|26.099989
1885|66|37|76|76|ARG|SO4|SO4|314747|291|584|583|-NH2|-O2-|-O1-|73131|2410|1983|3.897016|2.395105|3.491366|62.105106
1885|67|123|76|76|HOH|SO4|SO4|434747|633|584|586|-O--|-O2-|-O4-|283131|1985|1986|3.305441|2.399373|4.830861|114.803764
1885|68|123|76|76|HOH|SO4|SO4|434747|633|584|585|-O--|-O2-|-O3-|283131|1985|1987|3.305441|2.379972|5.112646|127.366348
1885|69|37|76|123|ARG|SO4|HOH|314743|288|584|633|-NE-|-O2-|-O--|73128|2399|1985|3.227592|3.305441|6.434549|160.076263
1885|70|37|76|123|ARG|SO4|HOH|314743|291|584|633|-NH2|-O2-|-O--|73128|2410|1985|3.897016|3.305441|6.378607|124.450897
1885|71|76|76|76|SO4|SO4|SO4|474747|585|584|586|-O3-|-O2-|-O4-|313131|1987|1986|2.379972|2.399373|2.377023|59.648438
1885|72|37|76|76|ARG|SO4|SO4|314747|288|584|586|-NE-|-O2-|-O4-|73131|2399|1986|3.227592|2.399373|3.838448|84.662895
1885|73|37|76|76|ARG|SO4|SO4|314747|291|584|586|-NH2|-O2-|-O4-|73131|2410|1986|3.897016|2.399373|5.522729|120.732986
1885|74|37|76|76|ARG|SO4|SO4|314747|288|584|585|-NE-|-O2-|-O3-|73131|2399|1987|3.227592|2.379972|3.098872|65.058189
1885|75|37|76|76|ARG|SO4|SO4|314747|291|584|585|-NH2|-O2-|-O3-|73131|2410|1987|3.897016|2.379972|4.354208|84.146233
1885|76|37|76|37|ARG|SO4|ARG|314731|288|584|291|-NE-|-O2-|-NH2|73107|2399|2410|3.227592|3.897016|2.303072|36.199673
1885|77|47|76|76|SER|SO4|SO4|114747|370|585|582|-OG-|-O3-|-S--|173133|1404|1980|3.182702|1.460830|3.916532|109.314545
1885|78|47|76|76|SER|SO4|SO4|114747|370|585|583|-OG-|-O3-|-O1-|173131|1404|1984|3.182702|2.387589|5.013631|127.758896
1885|79|47|76|76|SER|SO4|SO4|114747|370|585|584|-OG-|-O3-|-O2-|173131|1404|1987|3.182702|2.379972|3.412176|74.097748
1885|80|47|76|76|SER|SO4|SO4|114747|370|585|586|-OG-|-O3-|-O4-|173131|1404|1988|3.182702|2.377023|4.790433|118.279045
1885|81|47|76|116|SER|SO4|HOH|114743|370|585|626|-OG-|-O3-|-O--|173128|1404|2590|3.182702|2.952224|4.276636|88.305756
1885|82|76|76|76|SO4|SO4|SO4|474747|583|585|582|-O1-|-O3-|-S--|313133|1984|1980|2.387589|1.460830|1.459054|35.120262
1885|83|76|76|76|SO4|SO4|SO4|474747|584|585|582|-O2-|-O3-|-S--|313133|1987|1980|2.379972|1.460830|1.463783|35.575058
1885|84|76|76|76|SO4|SO4|SO4|474747|586|585|582|-O4-|-O3-|-S--|313133|1988|1980|2.377023|1.460830|1.459682|35.504559
1885|85|116|76|76|HOH|SO4|SO4|434747|626|585|582|-O--|-O3-|-S--|283133|2590|1980|2.952224|1.460830|3.654359|106.881020
1885|86|76|76|76|SO4|SO4|SO4|474747|583|585|584|-O1-|-O3-|-O2-|313131|1984|1987|2.387589|2.379972|2.395105|60.314308
1885|87|76|76|76|SO4|SO4|SO4|474747|583|585|586|-O1-|-O3-|-O4-|313131|1984|1988|2.387589|2.377023|2.373937|59.767250
1885|88|116|76|76|HOH|SO4|SO4|434747|626|585|583|-O--|-O3-|-O1-|283131|2590|1984|2.952224|2.387589|3.375152|77.611038
1885|89|76|76|76|SO4|SO4|SO4|474747|584|585|586|-O2-|-O3-|-O4-|313131|1987|1988|2.379972|2.377023|2.399373|60.581482
1885|90|116|76|76|HOH|SO4|SO4|434747|626|585|584|-O--|-O3-|-O2-|283131|2590|1987|2.952224|2.379972|4.137324|101.233650
1885|91|116|76|76|HOH|SO4|SO4|434747|626|585|586|-O--|-O3-|-O4-|283131|2590|1988|2.952224|2.377023|4.968528|137.335373
1885|92|76|76|76|SO4|SO4|SO4|474747|583|586|582|-O1-|-O4-|-S--|313133|1982|1978|2.373937|1.459682|1.459054|35.567177
1885|93|76|76|76|SO4|SO4|SO4|474747|584|586|582|-O2-|-O4-|-S--|313133|1986|1978|2.399373|1.459682|1.463783|34.898113
1885|94|76|76|76|SO4|SO4|SO4|474747|585|586|582|-O3-|-O4-|-S--|313133|1988|1978|2.377023|1.459682|1.460830|35.536720
1885|95|18|76|76|LYS|SO4|SO4|294747|136|586|582|-NZ-|-O4-|-S--|143133|2101|1978|3.582790|1.459682|4.198030|104.712593
1885|96|37|76|76|ARG|SO4|SO4|314747|288|586|582|-NE-|-O4-|-S--|73133|2400|1978|3.779973|1.459682|4.201703|96.428040
1885|97|37|76|76|ARG|SO4|SO4|314747|291|586|582|-NH2|-O4-|-S--|73133|2411|1978|3.047073|1.459682|2.612070|58.918156
1885|98|76|76|76|SO4|SO4|SO4|474747|583|586|584|-O1-|-O4-|-O2-|313131|1982|1986|2.373937|2.399373|2.395105|60.231579
1885|99|76|76|76|SO4|SO4|SO4|474747|583|586|585|-O1-|-O4-|-O3-|313131|1982|1988|2.373937|2.377023|2.387589|60.337479
1885|100|18|76|76|LYS|SO4|SO4|294747|136|586|583|-NZ-|-O4-|-O1-|143131|2101|1982|3.582790|2.373937|3.829342|77.063805
1885|101|37|76|76|ARG|SO4|SO4|314747|288|586|583|-NE-|-O4-|-O1-|73131|2400|1982|3.779973|2.373937|3.882197|74.313599
1885|102|37|76|76|ARG|SO4|SO4|314747|291|586|583|-NH2|-O4-|-O1-|73131|2411|1982|3.047073|2.373937|2.054526|42.306938
1885|103|76|76|76|SO4|SO4|SO4|474747|584|586|585|-O2-|-O4-|-O3-|313131|1986|1988|2.399373|2.377023|2.379972|59.770081
1885|104|18|76|76|LYS|SO4|SO4|294747|136|586|584|-NZ-|-O4-|-O2-|143131|2101|1986|3.582790|2.399373|4.544110|96.866623
1885|105|37|76|76|ARG|SO4|SO4|314747|288|586|584|-NE-|-O4-|-O2-|73131|2400|1986|3.779973|2.399373|5.650357|130.920563
1885|106|37|76|76|ARG|SO4|SO4|314747|291|586|584|-NH2|-O4-|-O2-|73131|2411|1986|3.047073|2.399373|3.990679|93.465523
1885|107|18|76|76|LYS|SO4|SO4|294747|136|586|585|-NZ-|-O4-|-O3-|143131|2101|1988|3.582790|2.377023|5.566568|137.212997
1885|108|37|76|76|ARG|SO4|SO4|314747|288|586|585|-NE-|-O4-|-O3-|73131|2400|1988|3.779973|2.377023|4.211956|82.974792
1885|109|37|76|76|ARG|SO4|SO4|314747|291|586|585|-NH2|-O4-|-O3-|73131|2411|1988|3.047073|2.377023|2.515212|53.539150
1885|110|37|76|18|ARG|SO4|LYS|314729|288|586|136|-NE-|-O4-|-NZ-|73114|2400|2101|3.779973|3.582790|5.194128|89.691971
1885|111|37|76|18|ARG|SO4|LYS|314729|291|586|136|-NH2|-O4-|-NZ-|73114|2411|2101|3.047073|3.582790|5.003776|97.676895
1885|112|37|76|37|ARG|SO4|ARG|314731|288|586|291|-NE-|-O4-|-NH2|73107|2400|2411|3.779973|3.047073|2.303072|37.527561
1885|113|23|77|23|HIS|_CU|HIS|334633|176|587|179|-ND1|CU--|-NE2|134013|716|740|3.992213|1.977405|2.149302|15.306395
1885|114|23|77|34|HIS|_CU|MET|334617|176|587|264|-ND1|CU--|-SD-|134016|716|1052|3.992213|2.246441|5.228621|110.748154
1885|115|23|77|36|HIS|_CU|MET|334617|176|587|279|-ND1|CU--|-SD-|134016|716|1089|3.992213|2.249405|5.466259|119.640755
1885|116|23|77|34|HIS|_CU|MET|334617|179|587|264|-NE2|CU--|-SD-|134016|740|1052|1.977405|2.246441|3.575355|115.512634
1885|117|23|77|36|HIS|_CU|MET|334617|179|587|279|-NE2|CU--|-SD-|134016|740|1089|1.977405|2.249405|3.388163|106.386536
1885|118|34|77|36|MET|_CU|MET|174617|264|587|279|-SD-|CU--|-SD-|164016|1052|1089|2.246441|2.249405|3.859303|118.278221
