1885|0|0|1|PRO|GLN|1927|2|7|-C--|-N--|301|0001|555|0|1.330912|0.231000|0.534000|1.197001|1.002434
1885|1|2|0|VAL|PRO|519|16|3|-N--|-O--|104|0001|555|0|3.048853|-2.504000|-1.517000|-0.851000|4.865314
1885|2|2|1|VAL|GLN|527|16|9|-N--|-C--|103|0001|555|0|1.334429|-0.421000|-0.674000|1.072000|0.837010
1885|3|1|78|GLN|HOH|2743|10|588|-O--|-O--|428|0011|555|0|2.473586|0.072000|-1.400000|2.038000|0.373379
1885|4|3|1|ILE|GLN|927|30|14|-CD1|-OE1|608|0001|555|0|3.591575|-3.449000|0.519000|0.857000|14.276203
1885|5|60|1|VAL|GLN|527|472|10|-CG1|-O--|604|0001|555|0|3.564991|-0.801000|2.789000|2.071000|7.237194
1885|6|1|59|GLN|PHE|2735|10|459|-O--|-O--|404|0001|555|0|3.862443|3.647000|-0.956000|-0.839000|6.851329
1885|7|1|79|GLN|HOH|2743|14|589|-OE1|-O--|828|0011|555|0|3.423560|-2.236000|-2.373000|1.044000|2.579336
1885|8|1|61|GLN|GLN|2727|14|481|-OE1|-OE1|808|0001|555|0|3.459778|1.850000|-1.947000|2.180999|7.521523
1885|9|1|94|GLN|HOH|2743|15|604|-NE2|-O--|928|0011|555|0|3.223568|0.013000|2.924000|1.356999|11.072995
1885|10|1|92|GLN|HOH|2743|15|602|-NE2|-O--|928|0011|555|0|3.754929|0.248000|1.134000|3.570999|7.711435
1885|11|29|1|VAL|GLN|527|218|15|-CG1|-NE2|609|0001|555|0|3.995237|-3.456000|0.512000|-1.938000|25.270912
1885|12|2|3|VAL|ILE|509|18|23|-C--|-N--|301|0001|555|0|1.328512|1.056000|-0.572000|0.568001|1.270462
1885|13|2|59|VAL|PHE|535|17|459|-CA-|-O--|204|0001|555|0|3.668035|2.528000|-2.317000|1.302000|4.277904
1885|14|2|80|VAL|HOH|543|19|590|-O--|-O--|428|0011|555|0|3.139568|1.304000|2.471001|-1.432000|3.278987
1885|15|2|4|VAL|SER|511|19|31|-O--|-N--|401|0001|555|0|3.979688|3.948000|0.403000|0.298000|1.463357
1885|16|2|58|VAL|ASN|523|21|452|-CG1|-CB-|605|0001|555|0|3.712278|3.500000|-0.719000|-1.007000|2.179742
1885|17|3|59|ILE|PHE|935|23|459|-N--|-O--|104|0001|555|0|2.739160|0.532000|-2.687000|-0.001000|2.968317
1885|18|3|4|ILE|SER|911|25|31|-C--|-N--|301|0001|555|0|1.327759|0.389000|1.252999|-0.204000|0.241548
1885|19|3|58|ILE|ASN|923|26|449|-O--|-CA-|402|0001|555|0|3.226547|1.129000|-1.291000|-2.732999|3.852924
1885|20|3|57|ILE|PHE|935|26|440|-O--|-O--|404|0001|555|0|3.862145|3.271000|0.380000|-2.018000|3.998848
1885|21|5|3|ALA|ILE|309|37|26|-N--|-O--|104|0001|555|0|3.970564|-3.304000|-2.192000|-0.210000|3.338210
1885|22|3|26|ILE|ILE|909|29|201|-CG2|-CG2|606|0001|555|0|3.565515|1.940000|2.174000|2.054999|8.527483
1885|23|3|78|ILE|HOH|943|30|588|-CD1|-O--|628|0011|555|0|3.718111|-3.033000|-1.869000|-1.064000|1.342708
1885|24|3|61|ILE|GLN|927|30|479|-CD1|-CG-|606|0001|555|0|3.596666|-0.734000|-3.140000|1.593000|0.847412
1885|25|29|3|VAL|ILE|509|218|30|-CG1|-CD1|606|0001|555|0|3.858198|0.308000|-2.205000|-3.151000|10.519088
1885|26|4|80|SER|HOH|1143|36|590|-OG-|-O--|1728|0011|555|0|2.825735|-2.647000|0.677000|0.721000|1.534446
1885|27|4|58|SER|ASN|1123|36|454|-OG-|-OD1|1708|0001|555|0|2.596792|0.636000|-2.147000|-1.315000|0.691494
1885|28|5|4|ALA|SER|311|37|33|-N--|-C--|103|0001|555|0|1.327848|-1.168000|0.541000|0.326000|1.412636
1885|29|4|57|SER|PHE|1135|32|440|-CA-|-O--|204|0001|555|0|3.477387|2.256000|-2.139000|-1.558001|2.646379
1885|30|26|4|ILE|SER|911|201|34|-CG2|-O--|604|0001|555|0|3.958129|0.625000|0.312000|-3.896000|8.410244
1885|31|4|81|SER|HOH|1143|34|591|-O--|-O--|428|0011|555|0|3.187202|1.780000|2.106999|1.597000|6.436574
1885|32|5|57|ALA|PHE|335|37|440|-N--|-O--|104|0001|555|0|2.872006|-0.033000|-1.812000|-2.228000|0.558744
1885|33|5|6|ALA|THR|313|39|42|-C--|-N--|301|0001|555|0|1.330361|1.084001|0.294000|0.712999|0.221406
1885|34|5|81|ALA|HOH|343|38|591|-CA-|-O--|228|0011|555|0|3.870620|-0.720000|3.174000|2.095000|8.853506
1885|35|5|82|ALA|HOH|343|38|592|-CA-|-O--|228|0011|555|0|3.330704|1.633000|1.346000|2.572001|1.435010
1885|36|5|56|ALA|ALA|303|40|433|-O--|-CA-|402|0001|555|0|3.590564|1.891000|-0.623000|-2.988000|0.944783
1885|37|5|26|ALA|ILE|309|41|202|-CB-|-CD1|506|0001|555|0|3.681342|-1.178000|-0.415000|3.463000|1.898930
1885|38|6|57|THR|PHE|1335|44|446|-C--|-CE2|312|0001|555|0|3.730655|-1.964000|-3.064000|-0.820000|1.028580
1885|39|6|82|THR|HOH|1343|42|592|-N--|-O--|128|0011|555|0|2.921912|-0.752000|0.969000|2.652000|1.608823
1885|40|7|6|GLY|THR|113|49|44|-N--|-C--|103|0001|555|0|1.323287|-1.092000|0.559999|0.495000|0.170832
1885|41|55|6|VAL|THR|513|428|43|-O--|-CA-|402|0001|555|0|3.264603|-1.639000|1.110000|2.596000|0.080180
1885|42|6|54|THR|LYS|1329|46|424|-CB-|-NZ-|514|0001|555|0|3.181298|2.824000|-0.375000|-1.415999|12.382645
1885|43|6|24|THR|ASP|1321|47|187|-OG1|-OD2|1710|0001|555|0|2.687916|2.146000|-0.269000|1.596000|3.758877
1885|44|6|23|THR|HIS|1333|45|171|-O--|-CA-|402|0001|555|0|3.252690|0.582999|-1.928000|2.554000|0.292444
1885|45|7|57|GLY|PHE|135|49|446|-N--|-CE2|112|0001|555|0|3.964187|-3.056000|-2.504000|-0.325000|1.209316
1885|46|7|55|GLY|VAL|105|52|425|-O--|-N--|401|0001|555|0|2.770959|-0.145000|0.030000|-2.767000|0.965433
1885|47|7|54|GLY|LYS|129|52|422|-O--|-CD-|406|0001|555|0|3.184916|1.474000|2.770000|-0.546000|9.973941
1885|48|7|24|GLY|ASP|121|49|187|-N--|-OD2|110|0001|555|0|3.869210|0.615001|3.240999|2.022000|6.672932
1885|49|7|8|GLY|VAL|105|51|53|-C--|-N--|301|0001|555|0|1.321596|0.820000|-0.756000|0.709000|0.030025
1885|50|7|21|GLY|ILE|109|50|158|-CA-|-CG2|206|0001|555|0|3.811504|-1.044001|-3.656000|0.267000|0.261953
1885|51|7|23|GLY|HIS|133|50|171|-CA-|-CA-|202|0001|555|0|3.845477|-1.695001|-0.705000|3.379000|0.150655
1885|52|7|22|GLY|HIS|133|50|163|-CA-|-O--|204|0001|555|0|3.087295|0.952000|-1.221000|2.671000|2.602104
1885|53|7|53|GLY|ASP|121|52|411|-O--|-O--|404|0001|555|0|3.862573|2.598001|-2.146000|-1.888000|1.761240
1885|54|8|21|VAL|ILE|509|56|153|-O--|-CA-|402|0001|555|0|3.578261|-2.917000|-1.861000|0.912000|0.040048
1885|55|8|22|VAL|HIS|533|53|163|-N--|-O--|104|0001|555|0|2.909028|-1.090000|0.023000|2.697001|2.590600
1885|56|8|9|VAL|VAL|505|55|60|-C--|-N--|301|0001|555|0|1.333185|0.195002|-0.685000|-1.127001|0.080188
1885|57|8|53|VAL|ASP|521|54|411|-CA-|-O--|204|0001|555|0|3.313818|0.808001|-0.458000|-3.181000|2.296182
1885|58|8|10|VAL|LYS|529|56|67|-O--|-N--|401|0001|555|0|3.406625|1.200001|-3.141000|-0.547000|1.253230
1885|59|8|83|VAL|HOH|543|58|593|-CG1|-O--|628|0011|555|0|3.808170|2.103001|-3.157000|0.335999|16.812084
1885|60|52|8|GLY|VAL|105|407|58|-O--|-CG1|406|0001|555|0|3.826831|-1.864000|-0.167000|3.338000|3.708712
1885|61|8|54|VAL|LYS|529|59|422|-CG2|-CD-|606|0001|555|0|3.893548|-1.873001|2.543000|-2.277000|9.180461
1885|62|9|10|VAL|LYS|529|62|67|-C--|-N--|301|0001|555|0|1.332679|-0.342999|-0.897000|0.924000|0.120415
1885|63|9|53|VAL|ASP|521|60|411|-N--|-O--|104|0001|555|0|2.875854|0.796000|1.730000|-2.155000|2.228495
1885|64|9|20|VAL|THR|513|61|148|-CA-|-O--|204|0001|555|0|3.641795|-1.790999|-2.328000|2.153000|0.966541
1885|65|11|9|GLY|VAL|105|76|62|-N--|-C--|103|0001|555|0|3.708683|0.127998|3.618000|-0.804999|1.326868
1885|66|52|9|GLY|VAL|105|404|63|-N--|-O--|104|0001|555|0|2.730329|-1.873001|-0.149000|1.981000|1.815535
1885|67|9|83|VAL|HOH|543|63|593|-O--|-O--|428|0011|555|0|2.638325|2.380001|0.400000|1.066000|14.198262
1885|68|9|51|VAL|THR|513|63|399|-O--|-C--|403|0001|555|0|3.717775|2.242001|-0.781000|-2.861000|2.327069
1885|69|9|50|VAL|LYS|529|64|391|-CB-|-O--|504|0001|555|0|3.659733|2.404999|-0.283000|-2.744000|3.589954
1885|70|9|12|VAL|ILE|509|65|85|-CG1|-CG1|606|0001|555|0|3.701933|-0.285999|-3.248000|-1.753000|4.147804
1885|71|9|55|VAL|VAL|505|66|430|-CG2|-CG1|606|0001|555|0|3.614538|-1.128999|2.638000|-2.198000|0.819247
1885|72|20|10|THR|LYS|1329|148|67|-O--|-N--|401|0001|555|0|2.757013|2.601001|0.797000|-0.448000|1.886249
1885|73|11|10|GLY|LYS|129|76|69|-N--|-C--|103|0001|555|0|1.327526|0.981998|0.602000|0.660001|0.070139
1885|74|10|83|LYS|HOH|2943|68|593|-CA-|-O--|228|0011|555|0|3.833158|2.920000|2.286000|-0.970000|12.660365
1885|75|51|10|THR|LYS|1329|403|70|-CG2|-O--|604|0001|555|0|3.530319|-1.897999|-1.100000|2.766000|2.593209
1885|76|10|22|LYS|HIS|2933|73|164|-CD-|-CB-|605|0001|555|0|3.599089|-1.820000|3.105000|-0.004001|10.241296
1885|77|35|10|THR|LYS|1329|272|73|-CG2|-CD-|606|0001|555|0|3.889637|3.184999|1.126000|-1.927999|10.801961
1885|78|11|20|GLY|THR|113|79|145|-O--|-N--|401|0001|555|0|2.879382|-2.292000|0.716000|1.589000|3.707805
1885|79|11|12|GLY|ILE|109|78|80|-C--|-N--|301|0001|555|0|1.331745|0.315001|-0.872000|-0.956000|0.251693
1885|80|11|51|GLY|THR|113|77|402|-CA-|-OG1|217|0001|555|0|3.763847|2.500999|1.013000|-2.624000|3.187774
1885|81|11|85|GLY|HOH|143|77|595|-CA-|-O--|228|0011|555|0|3.773791|2.042000|-2.073000|-2.403000|3.220451
1885|82|11|88|GLY|HOH|143|79|598|-O--|-O--|428|0011|555|0|3.340250|-1.162999|-2.548000|1.820000|2.429770
1885|83|11|19|GLY|ILE|109|79|138|-O--|-CA-|402|0001|555|0|3.584496|-3.566000|0.064000|-0.358000|1.737996
1885|84|12|13|ILE|ASP|921|82|88|-C--|-N--|301|0001|555|0|1.329531|-1.164999|-0.565000|0.302000|0.733480
1885|85|12|88|ILE|HOH|943|80|598|-N--|-O--|128|0011|555|0|3.997352|-2.571000|-1.124000|2.847000|2.622934
1885|86|12|85|ILE|HOH|943|80|595|-N--|-O--|128|0011|555|0|2.978142|2.809000|-0.892000|-0.428000|3.888324
1885|87|12|51|ILE|THR|913|87|397|-CD1|-N--|601|0001|555|0|3.784565|3.081999|2.004000|0.899000|0.394014
1885|88|12|18|ILE|LYS|929|82|131|-C--|-O--|304|0001|555|0|3.775185|-3.490999|0.743000|1.230000|1.691237
1885|89|12|84|ILE|HOH|943|83|594|-O--|-O--|428|0011|555|0|3.881072|3.004000|1.498000|-1.948000|1.528388
1885|90|12|19|ILE|ILE|909|86|144|-CG2|-CD1|606|0001|555|0|3.472122|-2.850000|1.699000|1.023000|2.580539
1885|91|14|12|LEU|ILE|709|103|86|-CD2|-CG2|606|0001|555|0|3.723628|2.701000|1.574000|2.023000|3.826710
1885|92|12|49|ILE|ILE|909|87|383|-CD1|-O--|604|0001|555|0|3.479325|0.438999|1.281000|-3.205000|0.434885
1885|93|12|50|ILE|LYS|929|87|389|-CD1|-CA-|602|0001|555|0|3.502561|2.263000|2.298000|-1.366000|0.231390
1885|94|12|111|ILE|HOH|943|87|621|-CD1|-O--|628|0011|555|0|3.950491|3.848999|-0.780000|-0.428000|3.258255
1885|95|14|13|LEU|ASP|721|96|90|-N--|-C--|103|0001|555|0|1.330479|-0.146999|0.231000|1.302000|1.056039
1885|96|13|18|ASP|LYS|2129|91|128|-O--|-N--|401|0001|555|0|2.786903|-2.163000|1.443000|1.003000|2.674668
1885|97|13|88|ASP|HOH|2143|88|598|-N--|-O--|128|0011|555|0|3.790321|-0.405000|1.456000|3.475999|5.045654
1885|98|13|15|ASP|GLU|2125|90|104|-C--|-N--|301|0001|555|0|3.257261|-0.804000|-2.816000|-1.426000|1.749274
1885|99|16|13|SER|ASP|1121|118|93|-OG-|-CG-|1706|0001|555|0|3.044408|2.894000|-0.184000|-0.927000|1.035399
1885|100|13|17|ASP|LYS|2129|91|119|-O--|-N--|401|0001|555|0|2.931392|-2.677000|-1.193000|0.059000|1.481980
1885|101|14|15|LEU|GLU|725|98|104|-C--|-N--|301|0001|555|0|1.333237|0.826000|-0.931000|0.478000|0.170682
1885|102|14|17|LEU|LYS|729|99|119|-O--|-N--|401|0001|555|0|3.020274|-0.938999|0.856000|2.740000|3.553471
1885|103|14|16|LEU|SER|711|98|113|-C--|-N--|301|0001|555|0|3.313048|-0.456000|-1.427000|2.955000|1.760415
1885|104|14|40|LEU|ILE|709|103|317|-CD2|-CD1|606|0001|555|0|3.515739|-2.939000|1.245000|1.474000|9.814395
1885|105|15|17|GLU|LYS|2529|106|119|-C--|-N--|301|0001|555|0|3.241883|-1.417999|2.851000|0.609000|2.434468
1885|106|16|15|SER|GLU|1125|113|106|-N--|-C--|103|0001|555|0|1.330908|-0.267000|-0.773000|-1.050000|1.108755
1885|107|16|17|SER|LYS|1129|115|119|-C--|-N--|301|0001|555|0|1.335561|0.230000|0.639000|-1.150001|0.424482
1885|108|16|18|SER|LYS|1129|115|128|-C--|-N--|301|0001|555|0|3.364758|0.744000|3.275000|-0.206000|1.558808
1885|109|17|18|LYS|LYS|2929|121|128|-C--|-N--|301|0001|555|0|1.333054|1.212000|0.277000|0.481000|0.816731
1885|110|40|17|ILE|LYS|929|310|122|-N--|-O--|104|0001|555|0|2.950189|1.730000|-1.941000|1.394000|4.626643
1885|111|39|17|THR|LYS|1329|304|122|-CA-|-O--|204|0001|555|0|3.295384|2.098000|-2.357000|-0.950000|3.060854
1885|112|17|38|LYS|PHE|2935|122|295|-O--|-O--|404|0001|555|0|3.800758|0.416000|3.598000|1.152000|0.816597
1885|113|19|18|ILE|LYS|929|137|130|-N--|-C--|103|0001|555|0|1.333565|0.344000|-1.285000|-0.094000|1.379607
1885|114|18|38|LYS|PHE|2935|129|295|-CA-|-O--|204|0001|555|0|3.547390|-2.017000|2.918000|-0.031000|1.270527
1885|115|18|88|LYS|HOH|2943|131|598|-O--|-O--|428|0011|555|0|3.194440|1.921000|0.148000|2.547999|2.260710
1885|116|18|37|LYS|ARG|2931|133|288|-CG-|-NE-|607|0001|555|0|3.733005|0.941000|0.906000|3.497000|6.667825
1885|117|39|18|THR|LYS|1329|308|136|-OG1|-NZ-|1714|0001|555|0|2.595841|1.056000|-1.927000|1.382000|2.678815
1885|118|18|87|LYS|HOH|2943|136|597|-NZ-|-O--|1428|0011|555|0|2.763255|-1.387000|-2.230999|-0.857000|18.446041
1885|119|65|18|LEU|LYS|729|511|136|-CD2|-NZ-|614|0001|555|0|3.521367|3.003000|-0.530000|-1.761000|0.211106
1885|120|18|104|LYS|HOH|2943|136|614|-NZ-|-O--|1428|0011|555|0|3.923288|-0.712000|3.759000|0.869000|6.140126
1885|121|19|38|ILE|PHE|935|140|292|-O--|-N--|401|0001|555|0|2.699636|-2.469001|-0.365000|1.029000|2.002529
1885|122|19|20|ILE|THR|913|139|145|-C--|-N--|301|0001|555|0|1.326329|1.186999|-0.030000|0.591000|0.987415
1885|123|19|21|ILE|ILE|909|140|152|-O--|-N--|401|0001|555|0|3.577183|2.014000|2.434000|1.677999|2.053121
1885|124|19|37|ILE|ARG|931|140|282|-O--|-CA-|402|0001|555|0|3.442161|-1.294001|-0.927000|3.052000|1.401763
1885|125|19|36|ILE|MET|917|140|276|-O--|-O--|404|0001|555|0|3.718761|-0.002001|1.479000|3.412000|0.414830
1885|126|19|40|ILE|ILE|909|144|317|-CD1|-CD1|606|0001|555|0|3.790523|-2.790000|-2.028000|-1.572000|2.160837
1885|127|20|88|THR|HOH|1343|150|598|-OG1|-O--|1728|0011|555|0|2.800682|0.206000|-1.837000|-2.104000|0.703993
1885|128|21|20|ILE|THR|913|152|147|-N--|-C--|103|0001|555|0|1.330457|0.783000|-0.925000|-0.549000|0.050074
1885|129|20|36|THR|MET|1317|146|276|-CA-|-O--|204|0001|555|0|3.452390|-2.405001|1.412000|2.035000|1.820501
1885|130|20|37|THR|ARG|1331|150|286|-OG1|-CG-|1706|0001|555|0|3.403548|-2.935000|-0.852000|1.498000|4.029464
1885|131|20|35|THR|THR|1313|151|272|-CG2|-CG2|606|0001|555|0|3.636643|-0.112000|2.377000|2.750000|2.560164
1885|132|21|36|ILE|MET|917|152|276|-N--|-O--|104|0001|555|0|2.825428|-2.016001|-0.955000|1.734000|1.600359
1885|133|21|22|ILE|HIS|933|154|160|-C--|-N--|301|0001|555|0|1.332347|1.061999|0.796000|0.117000|0.150657
1885|134|21|23|ILE|HIS|933|155|170|-O--|-N--|401|0001|555|0|3.376323|0.114000|3.362000|0.289000|1.168427
1885|135|21|35|ILE|THR|913|155|267|-O--|-CA-|402|0001|555|0|3.351706|0.425000|-0.370000|3.303999|0.221410
1885|136|21|34|ILE|MET|917|155|261|-O--|-O--|404|0001|555|0|3.602681|-0.279000|2.313000|2.747999|2.658998
1885|137|21|38|ILE|PHE|935|159|298|-CD1|-CD1|612|0001|555|0|3.648268|-2.050000|-1.364000|2.691999|3.311330
1885|138|21|57|ILE|PHE|935|158|446|-CG2|-CE2|612|0001|555|0|3.758758|-2.910000|1.880000|-1.458000|1.187961
1885|139|21|71|ILE|ILE|909|159|558|-CD1|-CD1|606|0001|555|0|3.802078|0.167000|-0.281000|-3.788000|0.600220
1885|140|22|23|HIS|HIS|3333|162|170|-C--|-N--|301|0001|555|0|1.334440|-1.235000|0.216000|0.457000|0.497227
1885|141|34|22|MET|HIS|1733|261|161|-O--|-CA-|402|0001|555|0|3.371236|2.305000|-0.437000|-2.421000|3.337195
1885|142|35|22|THR|HIS|1333|271|165|-OG1|-CG-|1712|0001|555|0|3.699600|0.844000|3.116000|-1.807000|2.598221
1885|143|22|89|HIS|HOH|3343|163|599|-O--|-O--|428|0011|555|0|2.820023|1.302999|2.456000|0.472000|35.337566
1885|144|33|22|GLU|HIS|2533|257|169|-OE2|-NE2|1013|0001|555|0|2.777866|0.021999|-2.297000|-1.562000|3.051529
1885|145|34|23|MET|HIS|1733|261|170|-O--|-N--|401|0001|555|0|2.702134|0.393001|1.049000|-2.459000|4.002180
1885|146|24|23|ASP|HIS|2133|180|172|-N--|-C--|103|0001|555|0|1.331091|0.198000|-1.124000|0.684999|0.517612
1885|147|33|23|GLU|HIS|2533|250|173|-CA-|-O--|204|0001|555|0|3.218520|0.575000|-0.818999|-3.059001|3.748913
1885|148|23|57|HIS|PHE|3335|174|447|-CB-|-CZ-|512|0001|555|0|3.970441|-1.660000|-1.198000|-3.401999|0.902555
1885|149|26|23|ILE|HIS|933|202|176|-CD1|-ND1|613|0001|555|0|3.732941|3.345000|-0.599000|1.545000|5.041940
1885|150|23|77|HIS|_CU|3346|179|587|-NE2|CU--|1340|0011|555|0|1.977405|-1.264999|-1.023000|1.124001|2.447107
1885|151|32|23|PRO|HIS|1933|245|178|-O--|-CE1|412|0001|555|0|3.375185|-0.545000|-2.125000|-2.565001|2.927705
1885|152|23|38|HIS|PHE|3335|177|302|-CD2|-CZ-|1212|0001|555|0|3.865414|-1.646000|-2.455000|-2.491000|1.453089
1885|153|36|23|MET|HIS|1733|279|179|-SD-|-NE2|1613|0001|555|0|3.388163|1.467999|3.049000|-0.167999|0.424660
1885|154|23|31|HIS|TRP|3339|179|238|-NE2|-CE3|1312|0001|555|0|3.541771|-3.480000|0.353000|0.556000|7.158168
1885|155|24|82|ASP|HOH|2143|183|592|-O--|-O--|428|0011|555|0|2.973413|-0.891999|0.695000|-2.750000|2.977444
1885|156|25|24|PRO|ASP|1921|188|182|-N--|-C--|103|0001|555|0|1.346280|0.140000|-0.985000|-0.906999|0.211312
1885|157|26|24|ILE|ASP|921|195|183|-N--|-O--|104|0001|555|0|3.380931|2.822999|-1.387000|-1.240000|2.196056
1885|158|24|90|ASP|HOH|2143|184|600|-CB-|-O--|528|0011|555|0|3.549580|-2.292000|2.695999|0.279000|12.600075
1885|159|24|89|ASP|HOH|2143|186|599|-OD1|-O--|1028|0011|555|0|3.386781|1.598000|-2.986000|0.022000|19.581894
1885|160|24|54|ASP|LYS|2129|187|423|-OD2|-CE-|1006|0001|555|0|3.754301|1.877999|-0.716000|-3.171000|4.132368
1885|161|26|25|ILE|PRO|919|195|190|-N--|-C--|103|0001|555|0|1.330998|1.117000|0.611000|-0.388000|1.160219
1885|162|25|90|PRO|HOH|1943|191|600|-O--|-O--|428|0011|555|0|2.702011|1.671000|1.844999|-1.051000|18.577131
1885|163|25|31|PRO|TRP|1939|189|231|-CA-|-O--|204|0001|555|0|3.265630|-2.216001|-0.906000|2.221001|0.415222
1885|164|25|33|PRO|GLU|1925|193|249|-CG-|-N--|601|0001|555|0|3.719615|0.256001|-3.299000|1.698999|3.878863
1885|165|25|32|PRO|PRO|1919|189|244|-CA-|-C--|203|0001|555|0|3.813509|0.605000|-2.290999|2.988001|2.946946
1885|166|27|25|ALA|PRO|319|203|190|-N--|-C--|103|0001|555|0|3.939574|3.687000|-1.387000|0.049999|3.089666
1885|167|25|82|PRO|HOH|1943|191|592|-O--|-O--|428|0011|555|0|3.244363|0.696000|-1.912001|-2.526999|4.538005
1885|168|25|81|PRO|HOH|1943|191|591|-O--|-O--|428|0011|555|0|3.431723|-1.657000|-0.084001|-3.004000|13.062961
1885|169|25|98|PRO|HOH|1943|192|608|-CB-|-O--|528|0011|555|0|3.612569|-3.204000|0.620999|1.549000|3.893656
1885|170|25|86|PRO|HOH|1943|192|596|-CB-|-O--|528|0011|555|0|3.744781|-2.749000|2.542000|-0.068001|13.955648
1885|171|25|102|PRO|HOH|1943|193|612|-CG-|-O--|628|0011|555|0|3.916859|3.325001|0.386001|2.034000|11.718623
1885|172|25|101|PRO|HOH|1943|193|611|-CG-|-O--|628|0011|555|0|3.587608|1.107000|-0.976000|3.270000|5.787510
1885|173|26|31|ILE|TRP|939|195|231|-N--|-O--|104|0001|555|0|2.830826|0.069000|-0.397000|2.802000|1.032060
1885|174|27|26|ALA|ILE|309|203|197|-N--|-C--|103|0001|555|0|1.323676|0.237000|-1.245000|0.382000|0.201357
1885|175|26|98|ILE|HOH|943|197|608|-C--|-O--|328|0011|555|0|3.781180|1.561000|1.658999|3.018000|8.635674
1885|176|26|81|ILE|HOH|943|196|591|-CA-|-O--|228|0011|555|0|3.914122|0.786000|1.113999|-3.669000|15.581447
1885|177|28|26|ALA|ILE|309|208|197|-N--|-C--|103|0001|555|0|3.345938|3.076000|-0.990000|0.868000|0.864458
1885|178|29|26|VAL|ILE|509|213|198|-N--|-O--|104|0001|555|0|3.380464|3.287000|0.711000|0.343000|0.130576
1885|179|26|30|ILE|ASN|923|198|220|-O--|-N--|401|0001|555|0|3.036052|-2.161000|-0.329000|2.107000|0.874584
1885|180|26|82|ILE|HOH|943|200|592|-CG1|-O--|628|0011|555|0|3.602946|2.447001|1.497000|-2.179999|3.901478
1885|181|26|93|ILE|HOH|943|201|603|-CG2|-O--|628|0011|555|0|3.883218|-1.213000|3.453000|-1.297999|2.946952
1885|182|26|59|ILE|PHE|935|202|465|-CD1|-CE2|612|0001|555|0|3.845067|-1.572000|-2.585000|-2.373000|2.610303
1885|183|27|93|ALA|HOH|343|203|603|-N--|-O--|128|0011|555|0|3.370351|-1.470000|0.172000|-3.028000|2.982728
1885|184|27|28|ALA|ALA|303|205|208|-C--|-N--|301|0001|555|0|1.336249|-0.412000|-0.550000|-1.146000|0.364491
1885|185|27|98|ALA|HOH|343|203|608|-N--|-O--|128|0011|555|0|3.868359|1.798000|0.414000|3.400000|8.943006
1885|186|27|86|ALA|HOH|343|207|596|-CB-|-O--|528|0011|555|0|3.563730|3.170000|0.086000|1.625999|20.612093
1885|187|27|29|ALA|VAL|305|206|213|-O--|-N--|401|0001|555|0|3.033845|-0.567000|-2.885000|-0.747999|0.570830
1885|188|27|30|ALA|ASN|323|206|220|-O--|-N--|401|0001|555|0|3.078035|0.559000|-2.503000|1.702002|1.336575
1885|189|27|91|ALA|HOH|343|206|601|-O--|-O--|428|0011|555|0|2.926114|0.072000|2.111001|2.025002|23.609865
1885|190|28|29|ALA|VAL|305|210|213|-C--|-N--|301|0001|555|0|1.333370|0.955000|-0.775001|0.514999|0.130576
1885|191|28|93|ALA|HOH|343|208|603|-N--|-O--|128|0011|555|0|2.918605|1.369000|0.427000|-2.542000|3.763654
1885|192|28|94|ALA|HOH|343|211|604|-O--|-O--|428|0011|555|0|2.566992|-2.362000|-0.102000|-1.000001|11.264516
1885|193|28|30|ALA|ASN|323|210|220|-C--|-N--|301|0001|555|0|3.643657|2.081000|-0.393001|2.965000|0.874584
1885|194|28|92|ALA|HOH|343|211|602|-O--|-O--|428|0011|555|0|3.094768|-2.127000|-1.892000|1.213999|15.162690
1885|195|29|30|VAL|ASN|523|215|220|-C--|-N--|301|0001|555|0|1.335899|0.655000|1.158999|0.111000|0.140648
1885|196|29|92|VAL|HOH|543|218|602|-CG1|-O--|628|0011|555|0|3.958190|-3.208000|1.646000|1.632999|13.018988
1885|197|29|95|VAL|HOH|543|216|605|-O--|-O--|428|0011|555|0|2.614916|-1.729000|-1.853000|0.643999|10.704500
1885|198|29|31|VAL|TRP|539|215|228|-C--|-N--|301|0001|555|0|3.297800|3.221000|0.161000|0.688999|0.863226
1885|199|29|61|VAL|GLN|527|218|481|-CG1|-OE1|608|0001|555|0|3.857219|-1.291000|-3.633000|-0.113001|18.223415
1885|200|30|31|ASN|TRP|2339|222|228|-C--|-N--|301|0001|555|0|1.331262|0.769000|-0.405999|-1.007999|0.282533
1885|201|30|96|ASN|HOH|2343|226|606|-OD1|-O--|828|0011|555|0|2.540535|1.274000|1.366000|-1.722000|9.558187
1885|202|30|97|ASN|HOH|2343|227|607|-ND2|-O--|928|0011|555|0|2.713803|-1.351000|-2.171000|0.909000|5.119660
1885|203|32|31|PRO|TRP|1939|242|230|-N--|-C--|103|0001|555|0|1.343666|-0.897000|0.298000|-0.955000|0.611045
1885|204|31|98|TRP|HOH|3943|231|608|-O--|-O--|428|0011|555|0|2.936556|-0.841000|2.809000|0.160000|5.116287
1885|205|34|31|MET|TRP|1739|265|233|-CE-|-CG-|612|0001|555|0|3.385412|-2.217000|1.787000|-1.830999|12.693240
1885|206|31|77|TRP|_CU|3946|238|587|-CE3|CU--|1240|0011|555|0|2.668750|2.215000|-1.376000|0.568001|4.161675
1885|207|31|99|TRP|HOH|3943|236|609|-NE1|-O--|1528|0011|555|0|3.066330|-2.471000|-0.976000|1.531000|7.703351
1885|208|36|31|MET|TRP|1739|279|240|-SD-|-CZ3|1612|0001|555|0|3.257195|-2.389000|2.200000|-0.248999|7.272338
1885|209|61|31|GLN|TRP|2739|482|239|-NE2|-CZ2|912|0001|555|0|3.641378|3.325000|1.100000|0.997000|14.585976
1885|210|59|31|PHE|TRP|3539|466|240|-CZ-|-CZ3|1212|0001|555|0|3.627291|1.020000|-0.322000|3.466001|3.188633
1885|211|32|33|PRO|GLU|1925|244|249|-C--|-N--|301|0001|555|0|1.324684|1.279000|0.304999|-0.161001|1.661577
1885|212|32|101|PRO|HOH|1943|246|611|-CB-|-O--|528|0011|555|0|3.339528|2.395000|2.085999|-1.032000|4.614735
1885|213|34|32|MET|PRO|1719|258|245|-N--|-O--|104|0001|555|0|3.291047|-2.470000|2.106000|0.542999|2.584415
1885|214|32|103|PRO|HOH|1943|246|613|-CB-|-O--|528|0011|555|0|3.833752|3.228001|-1.729000|1.135000|11.605515
1885|215|34|33|MET|GLU|1725|258|251|-N--|-C--|103|0001|555|0|1.332172|0.202999|1.008000|0.847000|0.140517
1885|216|33|101|GLU|HOH|2543|249|611|-N--|-O--|128|0011|555|0|2.930627|0.851000|2.323000|1.571001|1.582596
1885|217|33|103|GLU|HOH|2543|252|613|-O--|-O--|428|0011|555|0|2.960332|0.720000|0.969000|2.702999|5.649857
1885|218|33|102|GLU|HOH|2543|256|612|-OE1|-O--|1028|0011|555|0|2.982560|-1.742999|2.404000|-0.280001|0.160603
1885|219|33|100|GLU|HOH|2543|256|610|-OE1|-O--|1028|0011|555|0|2.836194|2.710001|-0.600000|0.583000|14.524457
1885|220|35|34|THR|MET|1317|266|260|-N--|-C--|103|0001|555|0|1.325440|-0.450000|1.193000|-0.362000|1.401467
1885|221|34|36|MET|MET|1717|264|279|-SD-|-SD-|1616|0001|555|0|3.859303|-0.576000|-2.126000|-3.169001|6.467657
1885|222|34|77|MET|_CU|1746|264|587|-SD-|CU--|1640|0011|555|0|2.246441|-0.373000|-0.100000|-2.212999|9.078415
1885|223|35|36|THR|MET|1317|268|273|-C--|-N--|301|0001|555|0|1.333201|-0.519000|-0.311000|-1.188000|0.221397
1885|224|36|37|MET|ARG|1731|275|281|-C--|-N--|301|0001|555|0|1.334999|-0.585999|-1.199000|-0.035001|0.384068
1885|225|36|38|MET|PHE|1735|276|298|-O--|-CD1|412|0001|555|0|3.537040|-2.351000|1.358000|-2.267000|2.452011
1885|226|36|117|MET|HOH|1743|280|627|-CE-|-O--|628|0011|555|0|3.603291|-0.303000|-2.843000|-2.193000|0.763916
1885|227|36|77|MET|_CU|1746|279|587|-SD-|CU--|1640|0011|555|0|2.249405|0.203000|2.026000|0.956001|1.978288
1885|228|37|38|ARG|PHE|3135|283|292|-C--|-N--|301|0001|555|0|1.321019|0.129999|0.268000|-1.287000|0.251696
1885|229|37|117|ARG|HOH|3143|284|627|-O--|-O--|428|0011|555|0|2.796121|-1.590000|0.863000|2.132000|4.328737
1885|230|37|104|ARG|HOH|3143|284|614|-O--|-O--|428|0011|555|0|2.634695|-2.077000|-1.583000|-0.349000|2.115908
1885|231|39|38|THR|PHE|1335|303|294|-N--|-C--|103|0001|555|0|1.331503|1.240000|0.470000|0.120000|0.578687
1885|232|66|38|SER|PHE|1135|516|299|-CB-|-CD2|512|0001|555|0|3.434734|2.551000|1.658000|-1.594000|0.272085
1885|233|38|104|PHE|HOH|3543|293|614|-CA-|-O--|228|0011|555|0|3.849346|-2.137000|-2.146000|2.376000|3.366677
1885|234|40|38|ILE|PHE|935|310|295|-N--|-O--|104|0001|555|0|3.719285|2.146000|1.657000|2.546000|3.656741
1885|235|68|38|LEU|PHE|735|531|296|-CG-|-CB-|605|0001|555|0|3.520885|1.265000|-0.434000|3.257000|1.903387
1885|236|38|59|PHE|PHE|3535|301|463|-CE2|-CD2|1212|0001|555|0|3.655602|-2.271000|2.348000|-1.641000|3.049771
1885|237|38|57|PHE|PHE|3535|302|445|-CZ-|-CE1|1212|0001|555|0|3.687228|0.159000|2.030000|-3.073999|2.081039
1885|238|40|39|ILE|THR|913|310|305|-N--|-C--|103|0001|555|0|1.330163|-0.703000|0.695000|0.890000|1.347983
1885|239|66|39|SER|THR|1113|515|303|-O--|-N--|401|0001|555|0|2.788983|2.143000|-1.513000|-0.947000|2.473432
1885|240|39|104|THR|HOH|1343|308|614|-OG1|-O--|1728|0011|555|0|2.922595|0.344000|1.832000|2.251000|3.038808
1885|241|39|41|THR|THR|1313|306|318|-O--|-N--|401|0001|555|0|3.688163|-0.867000|-1.903000|-3.038000|5.258983
1885|242|68|39|LEU|THR|713|526|306|-N--|-O--|104|0001|555|0|2.823852|1.229000|-2.542000|-0.044000|4.363575
1885|243|67|39|LEU|THR|713|519|306|-CA-|-O--|204|0001|555|0|3.671111|2.795000|-1.678000|-1.688000|4.691662
1885|244|65|39|LEU|THR|713|511|308|-CD2|-OG1|617|0001|555|0|3.952324|1.947000|1.397000|-3.143000|2.918244
1885|245|40|41|ILE|THR|913|312|318|-C--|-N--|301|0001|555|0|1.325044|-0.975000|0.506000|-0.741000|1.341826
1885|246|40|44|ILE|THR|913|311|346|-CA-|-OG1|217|0001|555|0|3.642240|-2.074000|2.140000|-2.094000|7.521399
1885|247|40|108|ILE|HOH|943|316|618|-CG2|-O--|628|0011|555|0|3.870164|-1.471000|0.698000|-3.511000|1.674504
1885|248|41|42|THR|PRO|1319|320|325|-C--|-N--|301|0001|555|0|1.346267|-0.724000|-0.936000|-0.642000|0.080206
1885|249|41|44|THR|THR|1313|318|346|-N--|-OG1|117|0001|555|0|2.774733|0.096000|2.552000|-1.085000|4.491069
1885|250|41|43|THR|GLN|1327|320|332|-C--|-N--|301|0001|555|0|3.079808|-1.777000|1.069000|-2.277000|0.601200
1885|251|41|107|THR|HOH|1343|323|617|-OG1|-O--|1728|0011|555|0|2.875800|-2.088000|-1.491000|-1.299000|10.419111
1885|252|41|108|THR|HOH|1343|321|618|-O--|-O--|428|0011|555|0|2.947310|1.723000|0.896000|-2.217000|5.138483
1885|253|41|118|THR|HOH|1343|323|628|-OG1|-O--|1728|0011|555|0|2.904419|-0.986000|2.587000|0.878000|18.381800
1885|254|42|43|PRO|GLN|1927|327|332|-C--|-N--|301|0001|555|0|1.336424|-0.870000|0.833000|0.579000|0.302841
1885|255|42|107|PRO|HOH|1943|331|617|-CD-|-O--|628|0011|555|0|3.196017|-2.171000|2.321000|-0.338000|12.070417
1885|256|44|42|THR|PRO|1319|341|327|-N--|-C--|103|0001|555|0|3.413214|-0.558000|-3.135000|-1.229000|2.385660
1885|257|42|108|PRO|HOH|1943|328|618|-O--|-O--|428|0011|555|0|3.328806|2.908000|1.137000|1.154000|1.766365
1885|258|43|107|GLN|HOH|2743|332|617|-N--|-O--|128|0011|555|0|2.835360|-2.076000|-0.684000|1.806000|11.028035
1885|259|44|43|THR|GLN|1327|341|334|-N--|-C--|103|0001|555|0|1.335972|-0.952000|0.174000|-0.921000|0.884861
1885|260|43|106|GLN|HOH|2743|335|616|-O--|-O--|428|0011|555|0|2.866018|-1.376000|0.340000|-2.491000|35.111717
1885|261|43|45|GLN|LYS|2729|335|348|-O--|-N--|401|0001|555|0|3.217329|2.718000|1.672000|0.410000|0.343861
1885|262|43|105|GLN|HOH|2743|337|615|-CG-|-O--|628|0011|555|0|3.328132|-2.419000|2.248000|0.414000|9.451913
1885|263|44|108|THR|HOH|1343|344|618|-O--|-O--|428|0011|555|0|2.735081|0.717000|-2.604000|0.431000|6.336643
1885|264|44|45|THR|LYS|1329|343|348|-C--|-N--|301|0001|555|0|1.331292|-0.037000|1.317000|-0.191000|0.090272
1885|265|68|44|LEU|THR|713|529|346|-O--|-OG1|417|0001|555|0|2.845999|1.265000|-2.118000|-1.419000|4.774330
1885|266|44|69|THR|GLN|1327|342|537|-CA-|-O--|204|0001|555|0|3.645698|-0.674000|3.562000|0.386000|5.296686
1885|267|44|46|THR|MET|1317|344|357|-O--|-N--|401|0001|555|0|3.083827|2.358000|1.895000|-0.599000|4.717965
1885|268|44|118|THR|HOH|1343|346|628|-OG1|-O--|1728|0011|555|0|3.905564|-3.724000|0.897000|0.762000|27.126852
1885|269|69|45|GLN|LYS|2729|537|348|-O--|-N--|401|0001|555|0|2.841731|1.353000|-1.723000|-1.810000|3.749323
1885|270|46|45|MET|LYS|1729|357|350|-N--|-C--|103|0001|555|0|1.330221|-0.788000|0.991000|0.408000|0.935693
1885|271|45|110|LYS|HOH|2943|351|620|-O--|-O--|428|0011|555|0|2.930359|1.176001|2.272000|-1.429000|18.612625
1885|272|70|45|ASP|LYS|2129|544|351|-CA-|-O--|204|0001|555|0|3.268920|1.606000|-1.524000|-2.405000|2.211264
1885|273|71|45|ILE|LYS|929|551|351|-N--|-O--|104|0001|555|0|3.161943|-0.798000|-1.751000|-2.509000|1.286652
1885|274|47|45|SER|LYS|1129|365|351|-N--|-O--|104|0001|555|0|3.926681|-3.680000|0.617000|1.223000|2.335515
1885|275|45|109|LYS|HOH|2943|356|619|-NZ-|-O--|1428|0011|555|0|2.558821|1.114000|1.033000|-2.059000|0.020010
1885|276|47|46|SER|MET|1117|365|359|-N--|-C--|103|0001|555|0|1.324146|-1.008000|-0.693000|-0.507000|0.363726
1885|277|46|110|MET|HOH|1743|359|620|-C--|-O--|328|0011|555|0|3.893500|-1.495999|3.582000|0.301000|15.201815
1885|278|46|108|MET|HOH|1743|362|618|-CG-|-O--|628|0011|555|0|3.631091|-2.868000|-2.159000|-0.546000|3.977181
1885|279|71|46|ILE|MET|917|557|363|-CG2|-SD-|616|0001|555|0|3.634514|-0.563000|-3.369000|-1.242000|12.276370
1885|280|71|47|ILE|SER|911|554|365|-O--|-N--|401|0001|555|0|3.180591|0.491000|-2.238000|-2.206000|0.839586
1885|281|47|110|SER|HOH|1143|370|620|-OG-|-O--|1728|0011|555|0|2.627344|-2.518000|0.217000|0.718000|11.641997
1885|282|47|48|SER|GLU|1125|367|371|-C--|-N--|301|0001|555|0|1.325460|1.062000|0.190000|-0.770000|0.682454
1885|283|49|47|ILE|SER|911|380|368|-N--|-O--|104|0001|555|0|3.161003|-3.011999|-0.379000|-0.881000|1.747683
1885|284|47|72|SER|LYS|1129|370|563|-OG-|-CB-|1705|0001|555|0|3.303907|0.480000|2.525000|2.076000|0.985620
1885|285|47|76|SER|SO4|1147|370|585|-OG-|-O3-|1731|0011|555|0|3.182702|1.610000|1.326000|-2.404000|16.280172
1885|286|47|121|SER|HOH|1143|369|631|-CB-|-O--|528|0011|555|0|3.248747|2.532000|1.873000|0.797000|0.322825
1885|287|47|123|SER|HOH|1143|370|633|-OG-|-O--|1728|0011|555|0|3.973878|-3.445000|0.928000|-1.750000|6.763520
1885|288|49|48|ILE|GLU|925|380|373|-N--|-C--|103|0001|555|0|1.328798|-0.094000|0.712000|-1.118000|0.120383
1885|289|48|121|GLU|HOH|2543|374|631|-O--|-O--|428|0011|555|0|3.115442|-1.815000|2.523000|-0.215000|1.250046
1885|290|49|50|ILE|LYS|929|382|388|-C--|-N--|301|0001|555|0|1.331175|0.862001|0.586000|0.828000|0.180859
1885|291|49|53|ILE|ASP|921|382|415|-C--|-OD2|310|0001|555|0|3.471380|1.310001|3.174000|0.510000|1.110786
1885|292|49|71|ILE|ILE|909|387|558|-CD1|-CD1|606|0001|555|0|3.695469|-2.371000|2.132000|1.868000|4.609880
1885|293|53|50|ASP|LYS|2129|415|388|-OD2|-N--|1001|0001|555|0|2.645670|-0.448000|-2.588000|0.318000|1.302103
1885|294|51|50|THR|LYS|1329|397|390|-N--|-C--|103|0001|555|0|1.331894|-0.601999|0.827000|-0.853000|0.070129
1885|295|50|111|LYS|HOH|2943|392|621|-CB-|-O--|528|0011|555|0|3.535626|0.275999|-3.066000|1.739000|3.800211
1885|296|52|50|GLY|LYS|129|404|391|-N--|-O--|104|0001|555|0|3.386225|-1.825001|-0.647000|-2.778000|1.313925
1885|297|50|112|LYS|HOH|2943|395|622|-CE-|-O--|628|0011|555|0|3.384007|-0.738001|1.956000|2.661000|3.426353
1885|298|51|111|THR|HOH|1343|397|621|-N--|-O--|128|0011|555|0|3.178030|0.767000|-2.784000|-1.327000|3.716891
1885|299|52|51|GLY|THR|113|404|399|-N--|-C--|103|0001|555|0|1.332464|0.368999|-0.930000|-0.880000|0.465762
1885|300|51|53|THR|ASP|1321|399|408|-C--|-N--|301|0001|555|0|3.306983|-1.351000|2.923000|-0.753000|0.517095
1885|301|51|112|THR|HOH|1343|400|622|-O--|-O--|428|0011|555|0|3.551945|0.358999|2.931000|-1.974000|0.394103
1885|302|51|85|THR|HOH|1343|402|595|-OG1|-O--|1728|0011|555|0|3.127766|-0.459000|-3.086000|0.221000|6.948290
1885|303|51|83|THR|HOH|1343|403|593|-CG2|-O--|628|0011|555|0|3.698489|-0.237000|3.225000|1.795000|8.570128
1885|304|52|83|GLY|HOH|143|404|593|-N--|-O--|128|0011|555|0|3.099074|0.507000|0.251000|3.047000|11.370134
1885|305|52|53|GLY|ASP|121|406|408|-C--|-N--|301|0001|555|0|1.332752|-0.927000|-0.400000|-0.870000|0.130460
1885|306|52|112|GLY|HOH|143|406|622|-C--|-O--|328|0011|555|0|3.375984|1.698000|-0.240000|-2.908000|0.974700
1885|307|52|54|GLY|LYS|129|407|416|-O--|-N--|401|0001|555|0|3.527834|-2.909000|1.547000|-1.261000|0.150614
1885|308|53|54|ASP|LYS|2129|410|416|-C--|-N--|301|0001|555|0|1.331377|-0.012001|1.298000|-0.296000|0.120392
1885|309|53|112|ASP|HOH|2143|414|622|-OD1|-O--|1028|0011|555|0|2.829907|2.414000|-0.458000|1.404000|0.030027
1885|310|53|113|ASP|HOH|2143|409|623|-CA-|-O--|228|0011|555|0|3.737791|0.398001|3.275000|-1.757000|8.806402
1885|311|55|53|VAL|ASP|521|425|411|-N--|-O--|104|0001|555|0|3.609940|2.743000|-2.176000|0.879000|0.755345
1885|312|73|53|VAL|ASP|521|574|415|-CG2|-OD2|610|0001|555|0|3.427204|1.953001|-2.428000|1.427000|3.617239
1885|313|55|54|VAL|LYS|529|425|418|-N--|-C--|103|0001|555|0|1.333649|1.115000|0.335999|-0.650000|0.744935
1885|314|54|113|LYS|HOH|2943|416|623|-N--|-O--|128|0011|555|0|2.888532|1.321001|1.107000|-2.318000|8.792013
1885|315|74|54|SER|LYS|1129|575|419|-N--|-O--|104|0001|555|0|2.817822|1.526001|-1.271001|1.999000|3.334229
1885|316|73|54|VAL|LYS|529|569|419|-CA-|-O--|204|0001|555|0|3.350214|1.253001|0.932000|2.964000|1.229703
1885|317|75|54|GLN|LYS|2729|581|419|-N--|-O--|104|0001|555|0|3.903485|-0.309000|-3.433001|1.832000|6.544942
1885|318|56|55|ALA|VAL|305|432|427|-N--|-C--|103|0001|555|0|1.326003|0.938000|-0.078000|0.934000|0.282246
1885|319|55|72|VAL|LYS|529|426|562|-CA-|-O--|204|0001|555|0|3.332813|-1.394000|-0.398000|-3.001000|1.294567
1885|320|55|74|VAL|SER|511|427|579|-C--|-CB-|305|0001|555|0|3.801564|1.163000|2.980000|-2.054000|5.878278
1885|321|56|57|ALA|PHE|335|434|437|-C--|-N--|301|0001|555|0|1.326930|-0.949000|-0.179000|0.910000|0.050071
1885|322|56|72|ALA|LYS|329|432|562|-N--|-O--|104|0001|555|0|2.874551|0.758000|-1.319000|-2.439000|1.477795
1885|323|56|74|ALA|SER|311|432|579|-N--|-CB-|105|0001|555|0|3.753692|2.101000|2.902000|-1.120000|6.248868
1885|324|56|71|ALA|ILE|309|435|552|-O--|-CA-|402|0001|555|0|3.533155|-0.655000|-3.252000|-1.216000|1.360669
1885|325|58|57|ASN|PHE|2335|448|439|-N--|-C--|103|0001|555|0|1.326057|0.961000|0.812000|0.419000|0.850319
1885|326|70|57|ASP|PHE|2135|546|441|-O--|-CB-|405|0001|555|0|3.215749|1.749000|1.194000|2.420000|0.221424
1885|327|71|57|ILE|PHE|935|556|441|-CG1|-CB-|605|0001|555|0|3.893138|-2.589000|2.097000|2.014000|0.704287
1885|328|68|57|LEU|PHE|735|533|443|-CD2|-CD1|612|0001|555|0|3.624878|0.888000|3.227000|1.392001|3.973143
1885|329|57|59|PHE|PHE|3535|445|463|-CE1|-CD2|1212|0001|555|0|3.682177|-3.595000|-0.109000|0.789000|0.343340
1885|330|58|59|ASN|PHE|2335|450|456|-C--|-N--|301|0001|555|0|1.332073|-0.700000|0.027000|1.133000|0.903134
1885|331|70|58|ASP|ASN|2123|550|455|-OD2|-ND2|1009|0001|555|0|2.795166|0.136000|2.299000|1.584000|4.229438
1885|332|58|69|ASN|GLN|2327|451|534|-O--|-N--|401|0001|555|0|2.653616|-0.858000|-2.168000|-1.267000|1.009496
1885|333|68|58|LEU|ASN|723|528|451|-C--|-O--|304|0001|555|0|3.587062|0.539000|3.417000|0.949000|0.538512
1885|334|60|59|VAL|PHE|535|467|458|-N--|-C--|103|0001|555|0|1.329603|0.600000|1.162000|-0.240001|0.507267
1885|335|69|59|GLN|PHE|2735|539|457|-CG-|-CA-|602|0001|555|0|3.993279|1.976000|0.627000|3.413000|3.626732
1885|336|67|59|LEU|PHE|735|521|457|-O--|-CA-|402|0001|555|0|3.259112|0.437000|3.189000|0.511000|1.277134
1885|337|66|59|SER|PHE|1135|516|462|-CB-|-CD1|512|0001|555|0|3.964014|-1.280000|3.545000|-1.228000|1.566667
1885|338|60|61|VAL|GLN|527|469|474|-C--|-N--|301|0001|555|0|1.330310|-0.659000|0.318000|1.111000|1.400288
1885|339|60|67|VAL|LEU|507|470|518|-O--|-N--|401|0001|555|0|2.807311|2.017000|-1.783000|-0.796000|2.355363
1885|340|60|78|VAL|HOH|543|468|588|-CA-|-O--|228|0011|555|0|3.616447|-2.231000|1.918000|2.103000|6.208829
1885|341|60|62|VAL|GLN|527|470|483|-O--|-N--|401|0001|555|0|3.537951|-2.137000|-1.851000|2.127000|5.481461
1885|342|60|66|VAL|SER|511|470|513|-O--|-CA-|402|0001|555|0|3.604797|2.924000|-1.551000|1.428000|0.241621
1885|343|60|65|VAL|LEU|507|470|507|-O--|-O--|404|0001|555|0|3.867937|0.721000|-2.663000|2.711000|1.454731
1885|344|60|69|VAL|GLN|527|473|541|-CG2|-OE1|608|0001|555|0|3.556454|1.610000|0.213000|-3.164000|4.268993
1885|345|61|62|GLN|GLN|2727|476|483|-C--|-N--|301|0001|555|0|1.336013|0.363000|-1.285000|-0.044001|0.962255
1885|346|61|78|GLN|HOH|2743|474|588|-N--|-O--|128|0011|555|0|3.115429|-1.758000|2.566000|-0.176001|3.566202
1885|347|65|61|LEU|GLN|727|507|475|-O--|-CA-|402|0001|555|0|3.777576|-2.108000|3.116000|-0.342000|2.174046
1885|348|63|62|GLY|GLN|127|492|485|-N--|-C--|103|0001|555|0|1.330591|0.874000|0.431000|-0.905999|0.060088
1885|349|65|62|LEU|GLN|727|507|483|-O--|-N--|401|0001|555|0|3.027964|-2.858000|0.812000|-0.584001|3.746176
1885|350|64|62|ASN|GLN|2327|496|486|-N--|-O--|104|0001|555|0|3.462982|-0.525000|1.330000|-3.154000|1.224533
1885|351|67|62|LEU|GLN|727|524|487|-CD1|-CB-|605|0001|555|0|3.911680|-2.097000|1.028000|3.138000|14.025557
1885|352|62|115|GLN|HOH|2743|490|625|-OE1|-O--|828|0011|555|0|2.560856|-1.216000|-1.983000|-1.070999|17.444241
1885|353|62|114|GLN|HOH|2743|491|624|-NE2|-O--|928|0011|555|0|3.096625|0.492000|0.968000|-2.900000|3.337470
1885|354|63|64|GLY|ASN|123|494|496|-C--|-N--|301|0001|555|0|1.331890|0.979000|-0.879000|0.207001|0.414099
1885|355|63|65|GLY|LEU|107|494|504|-C--|-N--|301|0001|555|0|3.243156|2.998000|0.210000|-1.218999|2.626631
1885|356|65|64|LEU|ASN|723|504|498|-N--|-C--|103|0001|555|0|1.334113|0.352000|-0.391000|1.225999|0.868548
1885|357|64|116|ASN|HOH|2343|499|626|-O--|-O--|428|0011|555|0|2.713018|2.367000|1.316000|-0.160999|4.850785
1885|358|65|66|LEU|SER|711|506|512|-C--|-N--|301|0001|555|0|1.325675|1.117000|0.486000|-0.523000|1.357631
1885|359|65|116|LEU|HOH|743|505|626|-CA-|-O--|228|0011|555|0|3.877705|2.917000|0.581000|2.488000|3.150845
1885|360|65|104|LEU|HOH|743|505|614|-CA-|-O--|228|0011|555|0|3.917392|3.725000|0.402000|-1.144000|3.927246
1885|361|65|67|LEU|LEU|707|506|518|-C--|-N--|301|0001|555|0|3.790084|0.241000|1.519000|-3.464000|4.156300
1885|362|67|66|LEU|SER|711|518|514|-N--|-C--|103|0001|555|0|1.328277|1.084000|-0.108000|0.759999|0.693762
1885|363|66|104|SER|HOH|1143|512|614|-N--|-O--|128|0011|555|0|3.106151|2.716000|-1.506000|-0.059000|1.586949
1885|364|68|66|LEU|SER|711|526|515|-N--|-O--|104|0001|555|0|3.551043|0.586000|-0.925000|3.378000|2.427053
1885|365|66|117|SER|HOH|1143|517|627|-OG-|-O--|1728|0011|555|0|2.586219|1.960000|-1.141000|1.243000|2.495060
1885|366|67|68|LEU|LEU|707|520|526|-C--|-N--|301|0001|555|0|1.332074|1.107000|-0.237000|-0.702000|0.140603
1885|367|67|69|LEU|GLN|727|521|541|-O--|-OE1|408|0001|555|0|3.245261|-2.261000|0.360000|-2.300000|10.279602
1885|368|68|69|LEU|GLN|727|528|534|-C--|-N--|301|0001|555|0|1.327737|-0.319000|1.249000|-0.318000|0.456216
1885|369|68|118|LEU|HOH|743|529|628|-O--|-O--|428|0011|555|0|2.822972|-2.459000|-1.221000|-0.657000|17.831913
1885|370|68|70|LEU|ASP|721|528|543|-C--|-N--|301|0001|555|0|3.629996|0.972000|2.572000|-2.370000|0.787962
1885|371|70|69|ASP|GLN|2127|543|536|-N--|-C--|103|0001|555|0|1.325783|-1.047000|-0.746000|-0.324000|0.374096
1885|372|69|119|GLN|HOH|2743|542|629|-NE2|-O--|928|0011|555|0|2.871006|-0.411000|-1.781000|-2.214000|26.252497
1885|373|69|118|GLN|HOH|2743|541|628|-OE1|-O--|828|0011|555|0|3.204967|0.757000|-2.621000|-1.682000|5.396629
1885|374|71|70|ILE|ASP|921|551|545|-N--|-C--|103|0001|555|0|1.332195|-1.149000|0.179000|0.650000|0.839661
1885|375|71|110|ILE|HOH|943|554|620|-O--|-O--|428|0011|555|0|3.208382|-2.013000|0.651000|-2.412000|16.024960
1885|376|71|72|ILE|LYS|929|553|559|-C--|-N--|301|0001|555|0|1.323544|0.739000|1.088000|0.148000|0.020012
1885|377|73|72|VAL|LYS|529|568|561|-N--|-C--|103|0001|555|0|1.332287|-1.206000|-0.014000|0.566000|0.558404
1885|378|72|121|LYS|HOH|2943|560|631|-CA-|-O--|228|0011|555|0|3.518981|2.623000|-0.618000|-2.263000|1.017556
1885|379|74|72|SER|LYS|1129|575|562|-N--|-O--|104|0001|555|0|3.352870|-2.254000|-2.478000|0.144000|2.592625
1885|380|72|120|LYS|HOH|2943|567|630|-NZ-|-O--|1428|0011|555|0|2.651695|1.583000|2.099999|0.340000|2.875579
1885|381|73|121|VAL|HOH|543|568|631|-N--|-O--|128|0011|555|0|2.821410|0.365000|-1.515000|-2.352000|0.020011
1885|382|73|74|VAL|SER|511|570|575|-C--|-N--|301|0001|555|0|1.325645|0.214000|0.757000|1.067000|0.858618
1885|383|73|75|VAL|GLN|527|570|581|-C--|-N--|301|0001|555|0|3.773820|2.049001|2.919000|1.234000|3.728610
1885|384|73|113|VAL|HOH|543|573|623|-CG1|-O--|628|0011|555|0|3.488621|2.432001|0.317000|2.481000|9.300396
1885|385|74|75|SER|GLN|1127|577|581|-C--|-N--|301|0001|555|0|1.234506|1.105000|-0.096000|0.542000|0.629444
1885|386|74|122|SER|HOH|1143|577|632|-C--|-O--|328|0011|555|0|3.408738|1.957000|1.882000|2.061000|0.332674
1885|387|75|122|GLN|HOH|2743|581|632|-N--|-O--|128|0011|555|0|2.635478|0.851999|1.978000|1.519000|0.292051
1885|388|123|76|HOH|SO4|4347|633|584|-O--|-O2-|2831|0011|555|0|3.305441|2.921000|-0.177000|-1.537000|5.204287
1885|389|78|79|HOH|HOH|4343|588|589|-O--|-O--|2828|0001|555|0|3.978009|-2.652000|0.015000|2.965000|16.001736
1885|390|81|93|HOH|HOH|4343|591|603|-O--|-O--|2828|0001|555|0|3.893723|-3.618000|1.034000|1.001000|12.636258
1885|391|81|82|HOH|HOH|4343|591|592|-O--|-O--|2828|0001|555|0|3.017569|2.353000|-1.828000|0.477000|6.906803
1885|392|84|85|HOH|HOH|4343|594|595|-O--|-O--|2828|0001|555|0|2.709396|-0.219000|0.270000|2.687000|3.707600
1885|393|84|111|HOH|HOH|4343|594|621|-O--|-O--|2828|0001|555|0|2.794889|0.789999|2.459000|-1.068000|4.787275
1885|394|86|98|HOH|HOH|4343|596|608|-O--|-O--|2828|0001|555|0|2.551854|-0.455000|-1.921000|1.617001|8.418879
1885|395|91|96|HOH|HOH|4343|601|606|-O--|-O--|2828|0001|555|0|3.337861|2.915000|-0.999001|1.282999|2.381290
1885|396|92|94|HOH|HOH|4343|602|604|-O--|-O--|2828|0001|555|0|2.856767|-0.235000|1.790000|-2.214000|2.492335
1885|397|95|99|HOH|HOH|4343|605|609|-O--|-O--|2828|0001|555|0|2.827033|1.092000|-2.545000|0.568001|0.702701
1885|398|96|98|HOH|HOH|4343|606|608|-O--|-O--|2828|0001|555|0|2.729300|1.957000|-1.070001|-1.573000|6.233842
1885|399|101|102|HOH|HOH|4343|611|612|-O--|-O--|2828|0001|555|0|2.881366|2.218000|1.362000|-1.236000|4.610315
1885|400|104|117|HOH|HOH|4343|614|627|-O--|-O--|2828|0001|555|0|3.517875|0.487000|2.446000|2.481000|6.922115
1885|401|104|116|HOH|HOH|4343|614|626|-O--|-O--|2828|0001|555|0|3.725095|-0.808000|0.179000|3.632000|0.662244
1885|402|105|119|HOH|HOH|4343|615|629|-O--|-O--|2828|0001|555|0|3.951313|1.984000|2.337000|2.493000|13.920630
1885|403|110|123|HOH|HOH|4343|620|633|-O--|-O--|2828|0001|555|0|2.730545|-0.927001|0.711000|-2.468000|3.739905
1885|404|116|117|HOH|HOH|4343|626|627|-O--|-O--|2828|0001|555|0|2.853264|1.295000|2.267000|-1.151000|6.046904
1885|405|118|119|HOH|HOH|4343|628|629|-O--|-O--|2828|0001|555|0|3.680199|-2.310000|1.874000|-2.167000|13.179077
1885|406|1|87|GLN|HOH|2743|12|597|-CG-|-O--|628|1011|555|3|3.315292|-1.653000|2.686170|-1.021394|10.573488
1885|407|1|17|GLN|LYS|2729|15|125|-NE2|-CD-|906|1011|555|3|3.968364|-2.939000|0.861169|2.523605|2.805573
1885|408|2|87|VAL|HOH|543|16|597|-N--|-O--|128|1011|555|3|4.906754|-2.265000|3.479169|2.615606|18.992437
1885|409|2|65|VAL|LEU|507|19|510|-O--|-CD1|406|1011|555|3|4.144757|-0.984000|3.738171|1.495605|0.373543
1885|410|63|4|GLY|SER|111|493|36|-CA-|-OG-|217|1011|555|3|4.380735|0.090000|-4.372169|-0.258606|1.438026
1885|411|4|64|SER|ASN|1123|36|496|-OG-|-N--|1701|1011|555|3|4.612894|-2.218000|3.960169|-0.822394|0.795122
1885|412|8|13|VAL|ASP|521|59|95|-CG2|-OD2|610|1011|655|3|4.499202|3.545456|1.713170|2.176604|7.425318
1885|413|43|10|GLN|LYS|2729|340|74|-NE2|-CE-|906|1011|555|1|3.635544|-1.015730|-0.930000|-3.364606|0.783700
1885|414|10|106|LYS|HOH|2943|74|616|-CE-|-O--|628|1011|555|1|3.808428|-1.311270|-1.326000|3.320605|9.219338
1885|415|15|10|GLU|LYS|2529|112|75|-OE2|-NZ-|1014|1011|655|3|2.864470|-1.885458|-1.470169|-1.577606|0.180708
1885|416|14|32|LEU|PRO|719|100|248|-CB-|-CD-|506|1011|554|1|3.913073|-1.943271|-1.441000|-3.075606|11.343258
1885|417|14|34|LEU|MET|717|102|265|-CD1|-CE-|606|1011|554|1|3.613080|-2.467272|1.056999|-2.418608|1.956134
1885|418|14|30|LEU|ASN|723|102|223|-CD1|-O--|604|1011|554|1|4.089807|0.611729|-3.835001|-1.282605|15.807898
1885|419|14|31|LEU|TRP|739|102|234|-CD1|-CD1|612|1011|554|1|3.437689|0.733727|-0.565000|-3.310608|15.303895
1885|420|14|99|LEU|HOH|743|102|609|-CD1|-O--|628|1011|554|1|4.664966|3.899728|1.572000|-2.020605|5.654359
1885|421|30|15|ASN|GLU|2325|227|111|-ND2|-OE1|910|1011|554|1|3.523748|-2.190729|-1.606000|2.244609|15.381714
1885|422|15|43|GLU|GLN|2527|112|340|-OE2|-NE2|1009|1011|545|2|3.324677|1.987728|-1.417168|-2.257000|1.797943
1885|423|15|105|GLU|HOH|2543|111|615|-OE1|-O--|1028|1011|545|2|4.836411|0.462729|-3.795170|-2.962000|0.959797
1885|424|17|94|LYS|HOH|2943|125|604|-CD-|-O--|628|1011|545|3|3.785571|-2.952000|2.062831|1.166606|7.375969
1885|425|17|103|LYS|HOH|2943|126|613|-CE-|-O--|628|1011|554|1|4.042506|-0.278271|2.157000|-3.407606|3.127491
1885|426|17|92|LYS|HOH|2943|125|602|-CD-|-O--|628|1011|545|3|3.365775|-3.187000|0.272832|-1.047394|4.376877
1885|427|17|79|LYS|HOH|2943|127|589|-NZ-|-O--|1428|1011|545|3|4.247564|-1.793000|-3.095169|2.290606|5.288411
1885|428|18|76|LYS|SO4|2947|136|583|-NZ-|-O1-|1431|1011|555|1|3.086558|0.171728|1.829999|2.479607|9.438982
1885|429|20|109|THR|HOH|1343|150|619|-OG1|-O--|1728|1011|555|1|3.188960|1.772730|-1.938000|1.808605|11.734200
1885|430|20|45|THR|LYS|1329|151|355|-CG2|-CE-|606|1011|555|1|4.508274|1.831729|-1.846000|3.682606|12.984782
1885|431|43|22|GLN|HIS|2733|339|166|-OE1|-ND1|813|1011|555|1|3.014913|-1.593729|1.622000|-1.979607|5.999897
1885|432|42|22|PRO|HIS|1933|328|168|-O--|-CE1|412|1011|555|1|3.794073|1.784271|2.114000|-2.596607|7.156329
1885|433|30|22|ASN|HIS|2333|227|168|-ND2|-CE1|912|1011|556|2|4.280588|-3.157728|0.237831|-2.880213|5.284651
1885|434|22|97|HIS|HOH|3343|168|607|-CE1|-O--|1228|1011|556|2|3.299559|1.806728|1.933170|1.971212|0.130439
1885|435|24|85|ASP|HOH|2143|186|595|-OD1|-O--|1028|1011|655|3|4.605731|3.131456|3.173169|1.156606|6.346194
1885|436|25|115|PRO|HOH|1943|191|625|-O--|-O--|428|1011|555|3|3.185919|-2.230000|1.942169|-1.185393|5.326337
1885|437|26|115|ILE|HOH|943|196|625|-CA-|-O--|228|1011|555|3|3.651026|0.213000|3.140169|-1.850393|7.247333
1885|438|27|62|ALA|GLN|327|207|491|-CB-|-NE2|509|1011|555|3|3.579011|0.870000|2.715170|-2.163394|27.779278
1885|439|27|115|ALA|HOH|343|203|625|-N--|-O--|128|1011|555|3|2.953262|1.575000|1.164169|-2.210394|8.853868
1885|440|27|67|ALA|LEU|307|207|524|-CB-|-CD1|506|1011|555|3|3.713764|-2.987000|0.769169|-2.068394|1.953878
1885|441|27|41|ALA|THR|313|206|324|-O--|-CG2|406|1011|555|3|3.741894|-3.383000|1.533170|-0.454393|3.602488
1885|442|27|107|ALA|HOH|343|206|617|-O--|-O--|428|1011|555|3|3.491763|-1.239000|0.563170|3.215607|15.833986
1885|443|27|42|ALA|PRO|319|206|331|-O--|-CD-|406|1011|555|3|4.795694|-3.410000|-1.757830|2.877605|2.229394
1885|444|27|114|ALA|HOH|343|207|624|-CB-|-O--|528|1011|555|3|3.775078|0.378000|3.683170|0.736607|34.921524
1885|445|28|67|ALA|LEU|307|208|524|-N--|-CD1|106|1011|555|3|3.725534|-1.065000|3.273169|-1.425394|2.976443
1885|446|28|41|ALA|THR|313|211|322|-O--|-CB-|405|1011|555|3|3.767953|-0.796000|3.149169|1.909605|1.476116
1885|447|28|115|ALA|HOH|343|208|625|-N--|-O--|128|1011|555|3|4.946815|4.414000|1.419169|-1.724394|9.862646
1885|448|28|42|ALA|PRO|319|211|331|-O--|-CD-|406|1011|555|3|3.882282|-0.698000|0.413170|3.796604|1.001292
1885|449|28|40|ALA|ILE|309|211|313|-O--|-O--|404|1011|555|3|4.547332|-4.184000|1.736169|0.397606|3.540540
1885|450|28|65|ALA|LEU|307|212|510|-CB-|-CD1|506|1011|555|3|4.456949|-2.398000|0.643170|-3.701394|13.770866
1885|451|29|42|VAL|PRO|519|216|330|-O--|-CG-|406|1011|555|3|3.966889|-3.288000|1.688170|1.440605|1.830401
1885|452|29|107|VAL|HOH|543|215|617|-C--|-O--|328|1011|555|3|4.668817|-1.143000|4.225170|1.624605|13.208810
1885|453|29|100|VAL|HOH|543|216|610|-O--|-O--|428|1011|456|2|4.129053|-1.676729|-1.063829|3.620211|43.479107
1885|454|42|30|PRO|ASN|1923|330|224|-CG-|-CB-|605|1011|555|3|3.791677|3.681000|0.898830|0.138395|0.831352
1885|455|30|107|ASN|HOH|2343|224|617|-CB-|-O--|528|1011|555|3|3.009461|-1.482000|2.472170|-0.865395|12.599028
1885|456|30|100|ASN|HOH|2343|224|610|-CB-|-O--|528|1011|456|2|4.666785|-2.069729|-3.650830|2.041210|40.564651
1885|457|30|43|ASN|GLN|2327|227|337|-ND2|-CG-|906|1011|555|3|3.242222|-0.691000|3.153169|-0.303394|2.983589
1885|458|30|105|ASN|HOH|2343|226|615|-OD1|-O--|828|1011|555|3|4.488738|0.240000|4.432170|0.668606|13.407207
1885|459|48|31|GLU|TRP|2539|378|239|-OE1|-CZ2|1012|1011|555|1|3.464852|0.925271|3.339000|0.012394|16.238686
1885|460|33|108|GLU|HOH|2543|252|618|-O--|-O--|428|1011|555|1|4.339524|0.759727|-4.208000|0.739605|4.601622
1885|461|42|33|PRO|GLU|1925|329|257|-CB-|-OE2|510|1011|555|1|3.632874|-0.501728|2.365000|-2.711607|12.047719
1885|462|33|97|GLU|HOH|2543|257|607|-OE2|-O--|1028|1011|556|2|3.191417|2.970728|-0.999830|0.600212|2.526785
1885|463|33|84|GLU|HOH|2543|256|594|-OE1|-O--|1028|1011|655|3|4.855714|1.505457|3.593169|-2.898396|6.213745
1885|464|33|95|GLU|HOH|2543|256|605|-OE1|-O--|1028|1011|556|2|4.446043|2.657728|0.189170|3.559212|4.735444
1885|465|34|108|MET|HOH|1743|259|618|-CA-|-O--|228|1011|555|1|3.250156|0.983727|-1.959000|2.399607|4.738290
1885|466|34|42|MET|PRO|1719|260|328|-C--|-O--|304|1011|555|1|3.959447|3.197728|-0.037000|2.334606|4.589373
1885|467|44|34|THR|MET|1317|344|260|-O--|-C--|403|1011|555|1|4.963440|-1.006728|3.778000|-3.057606|9.820404
1885|468|34|46|MET|MET|1717|262|362|-CB-|-CG-|506|1011|555|1|4.467528|-0.506272|-3.438000|2.807606|0.837713
1885|469|35|44|THR|THR|1313|269|344|-O--|-O--|404|1011|555|1|3.149765|1.792728|-0.033000|2.589605|5.983072
1885|470|35|108|THR|HOH|1343|266|618|-N--|-O--|128|1011|555|1|3.130769|-0.160273|0.019000|3.126606|1.082086
1885|471|35|42|THR|PRO|1319|271|328|-OG1|-O--|1704|1011|555|1|3.173398|0.043728|1.897000|2.543606|0.180992
1885|472|35|46|THR|MET|1317|269|357|-O--|-N--|401|1011|555|1|2.828291|-0.565271|-1.928000|1.990606|0.987808
1885|473|35|45|THR|LYS|1329|269|350|-O--|-C--|403|1011|555|1|3.784637|0.222729|-2.919000|2.398605|1.978497
1885|474|35|43|THR|GLN|1327|271|339|-OG1|-OE1|1708|1011|555|1|3.959009|3.542728|1.460000|0.995605|16.123354
1885|475|35|106|THR|HOH|1343|271|616|-OG1|-O--|1728|1011|555|1|3.765214|2.548729|-2.613000|0.923605|28.343599
1885|476|36|46|MET|MET|1717|274|360|-CA-|-O--|204|1011|555|1|3.374077|-1.382271|-1.739000|2.539606|0.394287
1885|477|36|48|MET|GLU|1725|280|377|-CE-|-CD-|606|1011|555|1|4.302918|-4.101271|-1.018000|-0.811394|0.930118
1885|478|47|36|SER|MET|1117|367|280|-C--|-CE-|306|1011|555|1|4.160473|0.867271|3.431000|-2.187605|5.847167
1885|479|37|76|ARG|SO4|3147|291|586|-NH2|-O4-|731|1011|555|1|3.047073|-2.754272|1.204999|0.496606|4.865625
1885|480|46|37|MET|ARG|1731|360|281|-O--|-N--|401|1011|555|1|3.950869|0.992270|-0.298000|-3.812606|0.384068
1885|481|37|123|ARG|HOH|3143|288|633|-NE-|-O--|728|1011|555|1|3.339824|0.406728|1.054999|3.142606|1.244231
1885|482|37|109|ARG|HOH|3143|287|619|-CD-|-O--|628|1011|555|1|4.389535|4.325730|0.359000|0.653605|1.704638
1885|483|39|94|THR|HOH|1343|309|604|-CG2|-O--|628|1011|545|3|3.346480|-1.363000|-2.294168|-2.019394|1.997829
1885|484|39|76|THR|SO4|1347|308|583|-OG1|-O1-|1731|1011|555|1|4.053237|1.227728|-0.097001|3.861607|13.282606
1885|485|40|94|ILE|HOH|943|313|604|-O--|-O--|428|1011|545|3|2.941403|-1.822000|-1.838169|1.397606|6.449172
1885|486|40|92|ILE|HOH|943|313|602|-O--|-O--|428|1011|545|3|4.249865|-2.057000|-3.628168|-0.816394|9.746380
1885|487|40|103|ILE|HOH|943|316|613|-CG2|-O--|628|1011|554|1|4.950259|-1.431272|-4.479000|-1.547606|9.078415
1885|488|41|94|THR|HOH|1343|319|604|-CA-|-O--|228|1011|545|3|4.099097|0.190000|-2.614169|3.151606|9.281763
1885|489|41|92|THR|HOH|1343|319|602|-CA-|-O--|228|1011|545|3|4.503090|-0.045000|-4.404168|0.937606|12.932485
1885|490|41|103|THR|HOH|1343|320|613|-C--|-O--|328|1011|554|1|4.475460|2.572729|-3.565000|-0.837605|17.329260
1885|491|41|91|THR|HOH|1343|323|601|-OG1|-O--|1728|1011|545|3|3.401203|-3.399000|0.056832|-0.108395|17.055799
1885|492|42|103|PRO|HOH|1943|326|613|-CA-|-O--|228|1011|554|1|4.202698|3.124729|-2.512000|1.260395|16.921209
1885|493|42|92|PRO|HOH|1943|331|602|-CD-|-O--|628|1011|545|3|3.745089|1.429000|-2.305168|2.582606|13.402917
1885|494|42|97|PRO|HOH|1943|329|607|-CB-|-O--|528|1011|545|3|3.523867|-2.469000|-1.365171|-2.111395|8.446896
1885|495|42|100|PRO|HOH|1943|330|610|-CG-|-O--|628|1011|554|1|3.862691|-1.611272|-2.752000|-2.179605|38.139408
1885|496|42|95|PRO|HOH|1943|330|605|-CG-|-O--|628|1011|545|3|3.950309|-1.559000|-3.541169|0.796607|8.023684
1885|497|43|91|GLN|HOH|2743|336|601|-CB-|-O--|528|1011|545|3|3.780082|-1.513000|-0.733168|3.385605|16.168032
1885|498|43|96|GLN|HOH|2743|337|606|-CG-|-O--|628|1011|545|3|4.523098|-3.453000|-0.818170|2.804605|6.036946
1885|499|43|97|GLN|HOH|2743|339|607|-OE1|-O--|828|1011|545|3|4.579023|-0.092000|-4.484171|0.922605|7.090571
1885|500|45|122|LYS|HOH|2943|356|632|-NZ-|-O--|1428|1011|455|2|4.199811|-2.893730|2.377169|1.901000|2.317963
1885|501|46|117|MET|HOH|1743|360|627|-O--|-O--|428|1011|554|1|4.316229|3.025728|-0.056000|-3.077607|5.640791
1885|502|47|116|SER|HOH|1143|369|626|-CB-|-O--|528|1011|554|1|3.495377|1.835728|-0.548000|-2.923604|1.113176
1885|503|47|117|SER|HOH|1143|366|627|-CA-|-O--|228|1011|554|1|4.218453|0.705728|-1.300000|-3.950607|4.736891
1885|504|64|48|ASN|GLU|2325|499|375|-O--|-CB-|405|1011|554|1|3.555613|0.220272|-3.245000|1.436606|2.051320
1885|505|48|116|GLU|HOH|2543|371|626|-N--|-O--|128|1011|554|1|2.894221|-0.331272|1.489000|-2.459604|1.629217
1885|506|48|117|GLU|HOH|2543|376|627|-CG-|-O--|628|1011|554|1|3.705920|-3.379272|0.362000|-1.477607|1.289890
1885|507|65|48|LEU|GLU|725|506|376|-C--|-CG-|306|1011|554|1|3.934893|-0.940729|-1.788000|3.376606|1.919685
1885|508|66|48|SER|GLU|1125|517|379|-OG-|-OE2|1710|1011|554|1|2.749086|1.981271|-1.190000|1.488604|6.384943
1885|509|63|48|GLY|GLU|125|495|375|-O--|-CB-|405|1011|554|1|4.875586|-4.298729|-1.855000|1.360604|4.633336
1885|510|48|61|GLU|GLN|2527|378|482|-OE1|-NE2|1009|1011|554|1|3.426553|2.399729|-2.239000|-0.984603|0.991732
1885|511|48|59|GLU|PHE|2535|379|464|-OE2|-CE1|1012|1011|554|1|4.318933|-0.811271|-3.086000|-2.910605|12.389699
1885|512|53|64|ASP|ASN|2123|415|503|-OD2|-ND2|1009|1011|554|1|4.297590|0.687727|1.064000|-4.106606|1.850393
1885|513|62|80|GLN|HOH|2743|486|590|-O--|-O--|428|1011|545|3|4.978502|0.954000|-4.613167|1.610606|0.495758
1885|514|62|93|GLN|HOH|2743|490|603|-OE1|-O--|828|1011|545|3|3.501584|1.829000|-2.975170|-0.253395|26.588949
1885|515|62|81|GLN|HOH|2743|490|591|-OE1|-O--|828|1011|545|3|4.453411|-1.789000|-4.009168|0.747606|8.963911
1885|516|63|80|GLY|HOH|143|493|590|-CA-|-O--|228|1011|545|3|4.517335|2.557000|-3.695168|-0.462394|0.090195
1885|517|64|80|ASN|HOH|2343|496|590|-N--|-O--|128|1011|545|3|3.653121|0.429000|-3.283167|-1.543394|0.711949
1885|518|64|121|ASN|HOH|2343|499|631|-O--|-O--|428|1011|555|1|4.084502|1.670729|-1.105000|3.559607|3.153214
1885|519|64|76|ASN|SO4|2347|499|585|-O--|-O3-|431|1011|555|1|4.021152|3.824729|-1.232000|0.152607|12.053415
1885|520|73|64|VAL|ASN|523|574|501|-CG2|-CG-|606|1011|555|1|3.879879|-2.099729|0.291000|-3.249603|5.649892
1885|521|65|80|LEU|HOH|743|509|590|-CG-|-O--|628|1011|545|3|3.790782|-2.609000|-2.142168|1.724606|2.580329
1885|522|65|76|LEU|SO4|747|511|583|-CD2|-O1-|631|1011|555|1|3.505038|3.174728|1.299999|0.718607|9.139251
1885|523|67|93|LEU|HOH|743|524|603|-CD1|-O--|628|1011|545|3|3.907921|-2.434000|-2.846170|1.116605|0.663385
1885|524|104|76|HOH|SO4|4347|614|583|-O--|-O1-|2831|1011|554|1|2.663844|-0.883728|1.929000|1.610606|18.248974
1885|525|116|76|HOH|SO4|4347|626|585|-O--|-O3-|2831|1011|554|1|2.952224|-1.457728|2.548000|0.313604|19.574516
1885|526|117|76|HOH|SO4|4347|627|583|-O--|-O1-|2831|1011|554|1|4.478348|-0.396728|4.375000|-0.870393|8.604798
1885|527|81|115|HOH|HOH|4343|591|625|-O--|-O--|2828|1011|555|3|2.782269|-0.573000|2.026170|1.818606|6.079966
1885|528|84|102|HOH|HOH|4343|594|612|-O--|-O--|2828|1011|645|3|4.338499|3.248455|-1.189170|-2.618395|6.421299
1885|529|86|114|HOH|HOH|4343|596|624|-O--|-O--|2828|1011|555|3|4.639603|-2.792000|3.597170|-0.889393|7.608901
1885|530|86|115|HOH|HOH|4343|596|625|-O--|-O--|2828|1011|555|3|4.216363|-0.678000|-1.170831|-3.993393|8.504340
1885|531|88|109|HOH|HOH|4343|598|619|-O--|-O--|2828|1011|555|1|4.215842|1.566730|-0.101000|3.912605|10.641171
1885|532|90|115|HOH|HOH|4343|600|625|-O--|-O--|2828|1011|555|3|3.904523|-3.901000|0.097170|-0.134394|10.487614
1885|533|91|118|HOH|HOH|4343|601|628|-O--|-O--|2828|1011|555|3|3.632808|-2.413000|2.530169|-0.986395|0.752343
1885|534|91|107|HOH|HOH|4343|601|617|-O--|-O--|2828|1011|555|3|2.352029|-1.311000|-1.547831|1.190605|4.444698
1885|535|91|105|HOH|HOH|4343|601|615|-O--|-O--|2828|1011|555|3|4.615921|1.881000|2.067169|3.673605|0.261526
1885|536|91|119|HOH|HOH|4343|601|629|-O--|-O--|2828|1011|555|3|4.560825|-0.103000|4.404167|1.180605|14.329008
1885|537|92|103|HOH|HOH|4343|602|613|-O--|-O--|2828|1011|456|2|4.387221|-2.825729|0.676169|3.287212|2.450799
1885|538|93|115|HOH|HOH|4343|603|625|-O--|-O--|2828|1011|555|3|3.305285|3.045000|0.992169|0.817606|5.000866
1885|539|95|100|HOH|HOH|4343|605|610|-O--|-O--|2828|1011|456|2|3.079506|0.052271|0.789170|2.976212|22.157690
1885|540|96|107|HOH|HOH|4343|606|617|-O--|-O--|2828|1011|555|3|4.262491|-4.226000|-0.548830|-0.092394|1.858561
1885|541|96|105|HOH|HOH|4343|606|615|-O--|-O--|2828|1011|555|3|4.023127|-1.034000|3.066170|2.390606|2.670805
1885|542|97|100|HOH|HOH|4343|607|610|-O--|-O--|2828|1011|456|2|2.574595|-0.700729|-2.165830|-1.202789|21.330229
1885|543|99|100|HOH|HOH|4343|609|610|-O--|-O--|2828|1011|456|2|4.242311|-1.039729|3.334170|2.408211|23.557344
1885|544|102|111|HOH|HOH|4343|612|621|-O--|-O--|2828|1011|655|3|4.664427|2.458457|3.648170|-1.550394|1.330294
1885|545|116|121|HOH|HOH|4343|626|631|-O--|-O--|2828|1011|555|1|4.493211|-0.696271|-2.421000|3.720606|1.455747
