1885|0|19|PRO|X|13|7|0|000|15.858882|-1.000000|-1.000000|0.000000|-1|-1|0|0|-1|1
1885|1|27|GLN|X|14|9|0|000|13.716366|-1.000000|-1.000000|0.000000|-1|-1|0|0|0|2
1885|2|5|VAL|X|15|7|0|000|11.527924|-1.000000|-1.000000|0.000000|-1|-1|0|0|1|3
1885|3|9|ILE|X|16|8|0|000|9.009562|-1.000000|-1.000000|0.000000|-1|-1|0|0|2|4
1885|4|11|SER|X|17|6|0|000|9.251124|-1.000000|-1.000000|0.000000|-1|-1|0|0|3|5
1885|5|3|ALA|X|18|5|0|000|7.061033|-1.000000|-1.000000|0.000000|-1|-1|0|0|4|6
1885|6|13|THR|X|19|7|0|000|8.707002|-1.000000|-1.000000|0.000000|-1|-1|0|0|5|7
1885|7|1|GLY|X|20|4|0|000|8.225766|-1.000000|-1.000000|0.000000|-1|-1|0|0|6|8
1885|8|5|VAL|X|21|7|0|000|10.023197|-1.000000|-1.000000|0.000000|-1|-1|0|0|7|9
1885|9|5|VAL|X|22|7|0|000|9.011145|-1.000000|-1.000000|0.000000|-1|-1|0|0|8|10
1885|10|29|LYS|X|23|9|0|000|11.442771|-1.000000|-1.000000|0.000000|-1|-1|0|0|9|11
1885|11|1|GLY|X|24|4|0|000|10.354433|-1.000000|-1.000000|0.000000|-1|-1|0|0|10|12
1885|12|9|ILE|X|25|8|0|000|11.270342|-1.000000|-1.000000|0.000000|-1|-1|0|0|11|13
1885|13|21|ASP|X|26|8|0|000|13.251101|-1.000000|-1.000000|0.000000|-1|-1|0|0|12|14
1885|14|7|LEU|X|27|8|0|000|13.329273|-1.000000|-1.000000|0.000000|-1|-1|0|0|13|15
1885|15|25|GLU|X|28|9|0|000|17.634857|-1.000000|-1.000000|0.000000|-1|-1|0|0|14|16
1885|16|11|SER|X|29|6|0|000|13.657557|-1.000000|-1.000000|0.000000|-1|-1|0|0|15|17
1885|17|29|LYS|X|30|9|0|000|12.567362|-1.000000|-1.000000|0.000000|-1|-1|0|0|16|18
1885|18|29|LYS|X|31|9|0|000|9.511570|-1.000000|-1.000000|0.000000|-1|-1|0|0|17|19
1885|19|9|ILE|X|32|8|0|000|6.148556|-1.000000|-1.000000|0.000000|-1|-1|0|0|18|20
1885|20|13|THR|X|33|7|0|000|7.998403|-1.000000|-1.000000|0.000000|-1|-1|0|0|19|21
1885|21|9|ILE|X|34|8|0|000|5.179209|-1.000000|-1.000000|0.000000|-1|-1|0|0|20|22
1885|22|33|HIS|X|35|10|0|000|10.593818|-1.000000|-1.000000|0.000000|-1|-1|0|0|21|23
1885|23|33|HIS|X|36|10|0|000|8.027996|-1.000000|-1.000000|0.000000|-1|-1|0|0|22|24
1885|24|21|ASP|X|37|8|0|000|10.904860|-1.000000|-1.000000|0.000000|-1|-1|0|0|23|25
1885|25|19|PRO|X|38|7|0|000|13.014249|-1.000000|-1.000000|0.000000|-1|-1|0|0|24|26
1885|26|9|ILE|X|39|8|0|000|10.955317|-1.000000|-1.000000|0.000000|-1|-1|0|0|25|27
1885|27|3|ALA|X|40|5|0|000|15.230555|-1.000000|-1.000000|0.000000|-1|-1|0|0|26|28
1885|28|3|ALA|X|41|5|0|000|14.622078|-1.000000|-1.000000|0.000000|-1|-1|0|0|27|29
1885|29|5|VAL|X|42|7|0|000|13.586540|-1.000000|-1.000000|0.000000|-1|-1|0|0|28|30
1885|30|23|ASN|X|43|8|0|000|17.061413|-1.000000|-1.000000|0.000000|-1|-1|0|0|29|31
1885|31|39|TRP|X|44|14|0|000|11.505514|-1.000000|-1.000000|0.000000|-1|-1|0|0|30|32
1885|32|19|PRO|X|45|7|0|000|14.302212|-1.000000|-1.000000|0.000000|-1|-1|0|0|31|33
1885|33|25|GLU|X|46|9|0|000|13.994644|-1.000000|-1.000000|0.000000|-1|-1|0|0|32|34
1885|34|17|MET|X|47|8|0|000|10.770340|-1.000000|-1.000000|0.000000|-1|-1|0|0|33|35
1885|35|13|THR|X|48|7|0|000|10.284037|-1.000000|-1.000000|0.000000|-1|-1|0|0|34|36
1885|36|17|MET|X|49|8|0|000|7.316631|-1.000000|-1.000000|0.000000|-1|-1|0|0|35|37
1885|37|31|ARG|X|50|11|0|000|9.401465|-1.000000|-1.000000|0.000000|-1|-1|0|0|36|38
1885|38|35|PHE|X|51|11|0|000|3.221061|-1.000000|-1.000000|0.000000|-1|-1|0|0|37|39
1885|39|13|THR|X|52|7|0|000|7.721918|-1.000000|-1.000000|0.000000|-1|-1|0|0|38|40
1885|40|9|ILE|X|53|8|0|000|9.053515|-1.000000|-1.000000|0.000000|-1|-1|0|0|39|41
1885|41|13|THR|X|54|7|0|000|11.296602|-1.000000|-1.000000|0.000000|-1|-1|0|0|40|42
1885|42|19|PRO|X|55|7|0|000|14.718488|-1.000000|-1.000000|0.000000|-1|-1|0|0|41|43
1885|43|27|GLN|X|56|9|0|000|14.925964|-1.000000|-1.000000|0.000000|-1|-1|0|0|42|44
1885|44|13|THR|X|57|7|0|000|10.053065|-1.000000|-1.000000|0.000000|-1|-1|0|0|43|45
1885|45|29|LYS|X|58|9|0|000|12.337401|-1.000000|-1.000000|0.000000|-1|-1|0|0|44|46
1885|46|17|MET|X|59|8|0|000|10.626094|-1.000000|-1.000000|0.000000|-1|-1|0|0|45|47
1885|47|11|SER|X|60|6|0|000|11.829159|-1.000000|-1.000000|0.000000|-1|-1|0|0|46|48
1885|48|25|GLU|X|61|9|0|000|15.033154|-1.000000|-1.000000|0.000000|-1|-1|0|0|47|49
1885|49|9|ILE|X|62|8|0|000|10.736611|-1.000000|-1.000000|0.000000|-1|-1|0|0|48|50
1885|50|29|LYS|X|63|9|0|000|14.550184|-1.000000|-1.000000|0.000000|-1|-1|0|0|49|51
1885|51|13|THR|X|64|7|0|000|13.403562|-1.000000|-1.000000|0.000000|-1|-1|0|0|50|52
1885|52|1|GLY|X|65|4|0|000|13.316431|-1.000000|-1.000000|0.000000|-1|-1|0|0|51|53
1885|53|21|ASP|X|66|8|0|000|12.093189|-1.000000|-1.000000|0.000000|-1|-1|0|0|52|54
1885|54|29|LYS|X|67|9|0|000|11.311474|-1.000000|-1.000000|0.000000|-1|-1|0|0|53|55
1885|55|5|VAL|X|68|7|0|000|7.871226|-1.000000|-1.000000|0.000000|-1|-1|0|0|54|56
1885|56|3|ALA|X|69|5|0|000|7.949726|-1.000000|-1.000000|0.000000|-1|-1|0|0|55|57
1885|57|35|PHE|X|70|11|0|000|3.962146|-1.000000|-1.000000|0.000000|-1|-1|0|0|56|58
1885|58|23|ASN|X|71|8|0|000|7.279935|-1.000000|-1.000000|0.000000|-1|-1|0|0|57|59
1885|59|35|PHE|X|72|11|0|000|5.845247|-1.000000|-1.000000|0.000000|-1|-1|0|0|58|60
1885|60|5|VAL|X|73|7|0|000|9.451978|-1.000000|-1.000000|0.000000|-1|-1|0|0|59|61
1885|61|27|GLN|X|74|9|0|000|11.303260|-1.000000|-1.000000|0.000000|-1|-1|0|0|60|62
1885|62|27|GLN|X|75|9|0|000|13.255348|-1.000000|-1.000000|0.000000|-1|-1|0|0|61|63
1885|63|1|GLY|X|76|4|0|000|14.735298|-1.000000|-1.000000|0.000000|-1|-1|0|0|62|64
1885|64|23|ASN|X|77|8|0|000|14.876849|-1.000000|-1.000000|0.000000|-1|-1|0|0|63|65
1885|65|7|LEU|X|78|8|0|000|11.023720|-1.000000|-1.000000|0.000000|-1|-1|0|0|64|66
1885|66|11|SER|X|79|6|0|000|6.856995|-1.000000|-1.000000|0.000000|-1|-1|0|0|65|67
1885|67|7|LEU|X|80|8|0|000|8.530159|-1.000000|-1.000000|0.000000|-1|-1|0|0|66|68
1885|68|7|LEU|X|81|8|0|000|4.954774|-1.000000|-1.000000|0.000000|-1|-1|0|0|67|69
1885|69|27|GLN|X|82|9|0|000|8.841427|-1.000000|-1.000000|0.000000|-1|-1|0|0|68|70
1885|70|21|ASP|X|83|8|0|000|7.969450|-1.000000|-1.000000|0.000000|-1|-1|0|0|69|71
1885|71|9|ILE|X|84|8|0|000|6.561281|-1.000000|-1.000000|0.000000|-1|-1|0|0|70|72
1885|72|29|LYS|X|85|9|0|000|10.803527|-1.000000|-1.000000|0.000000|-1|-1|0|0|71|73
1885|73|5|VAL|X|86|7|0|000|12.242832|-1.000000|-1.000000|0.000000|-1|-1|0|0|72|74
1885|74|11|SER|X|87|6|0|000|12.928907|-1.000000|-1.000000|0.000000|-1|-1|0|0|73|75
1885|75|27|GLN|X|88|1|0|000|14.246698|-1.000000|-1.000000|0.000000|-1|-1|0|0|74|-1
1885|76|47|SO4|X|1088|5|0|000|15.937147|-1.000000|-1.000000|0.000000|-1|-1|0|2|-1|-1
1885|77|46|_CU|X|1089|1|1|000|8.953381|-1.000000|-1.000000|0.000000|-1|-1|0|3|-1|-1
1885|78|43|HOH|X|2001|1|0|000|11.977307|-1.000000|-1.000000|0.000000|-1|-1|0|1|-1|-1
1885|79|43|HOH|X|2002|1|0|000|15.426264|-1.000000|-1.000000|0.000000|-1|-1|0|1|-1|-1
1885|80|43|HOH|X|2003|1|0|000|12.631506|-1.000000|-1.000000|0.000000|-1|-1|0|1|-1|-1
1885|81|43|HOH|X|2004|1|0|000|10.985800|-1.000000|-1.000000|0.000000|-1|-1|0|1|-1|-1
1885|82|43|HOH|X|2005|1|0|000|9.273076|-1.000000|-1.000000|0.000000|-1|-1|0|1|-1|-1
1885|83|43|HOH|X|2006|1|0|000|13.436921|-1.000000|-1.000000|0.000000|-1|-1|0|1|-1|-1
1885|84|43|HOH|X|2007|1|0|000|14.946343|-1.000000|-1.000000|0.000000|-1|-1|0|1|-1|-1
1885|85|43|HOH|X|2008|1|0|000|14.114084|-1.000000|-1.000000|0.000000|-1|-1|0|1|-1|-1
1885|86|43|HOH|X|2009|1|0|000|16.272303|-1.000000|-1.000000|0.000000|-1|-1|0|1|-1|-1
1885|87|43|HOH|X|2010|1|0|000|12.953088|-1.000000|-1.000000|0.000000|-1|-1|0|1|-1|-1
1885|88|43|HOH|X|2011|1|0|000|10.323754|-1.000000|-1.000000|0.000000|-1|-1|0|1|-1|-1
1885|89|43|HOH|X|2012|1|0|000|11.372677|-1.000000|-1.000000|0.000000|-1|-1|0|1|-1|-1
1885|90|43|HOH|X|2013|1|0|000|13.381763|-1.000000|-1.000000|0.000000|-1|-1|0|1|-1|-1
1885|91|43|HOH|X|2014|1|0|000|18.759359|-1.000000|-1.000000|0.000000|-1|-1|0|1|-1|-1
1885|92|43|HOH|X|2015|1|0|000|16.699730|-1.000000|-1.000000|0.000000|-1|-1|0|1|-1|-1
1885|93|43|HOH|X|2016|1|0|000|13.271255|-1.000000|-1.000000|0.000000|-1|-1|0|1|-1|-1
1885|94|43|HOH|X|2017|1|0|000|16.750172|-1.000000|-1.000000|0.000000|-1|-1|0|1|-1|-1
1885|95|43|HOH|X|2018|1|0|000|15.694311|-1.000000|-1.000000|0.000000|-1|-1|0|1|-1|-1
1885|96|43|HOH|X|2019|1|0|000|17.942131|-1.000000|-1.000000|0.000000|-1|-1|0|1|-1|-1
1885|97|43|HOH|X|2020|1|0|000|19.728010|-1.000000|-1.000000|0.000000|-1|-1|0|1|-1|-1
1885|98|43|HOH|X|2021|1|0|000|15.766006|-1.000000|-1.000000|0.000000|-1|-1|0|1|-1|-1
1885|99|43|HOH|X|2022|1|0|000|14.864244|-1.000000|-1.000000|0.000000|-1|-1|0|1|-1|-1
1885|100|43|HOH|X|2023|1|0|000|17.959633|-1.000000|-1.000000|0.000000|-1|-1|0|1|-1|-1
1885|101|43|HOH|X|2024|1|0|000|16.398335|-1.000000|-1.000000|0.000000|-1|-1|0|1|-1|-1
1885|102|43|HOH|X|2025|1|0|000|17.047346|-1.000000|-1.000000|0.000000|-1|-1|0|1|-1|-1
1885|103|43|HOH|X|2026|1|0|000|16.460478|-1.000000|-1.000000|0.000000|-1|-1|0|1|-1|-1
1885|104|43|HOH|X|2027|1|0|000|7.974258|-1.000000|-1.000000|0.000000|-1|-1|0|1|-1|-1
1885|105|43|HOH|X|2028|1|0|000|16.434855|-1.000000|-1.000000|0.000000|-1|-1|0|1|-1|-1
1885|106|43|HOH|X|2029|1|0|000|15.359762|-1.000000|-1.000000|0.000000|-1|-1|0|1|-1|-1
1885|107|43|HOH|X|2030|1|0|000|14.382819|-1.000000|-1.000000|0.000000|-1|-1|0|1|-1|-1
1885|108|43|HOH|X|2031|1|0|000|12.376148|-1.000000|-1.000000|0.000000|-1|-1|0|1|-1|-1
1885|109|43|HOH|X|2032|1|0|000|17.698639|-1.000000|-1.000000|0.000000|-1|-1|0|1|-1|-1
1885|110|43|HOH|X|2033|1|0|000|11.227960|-1.000000|-1.000000|0.000000|-1|-1|0|1|-1|-1
1885|111|43|HOH|X|2034|1|0|000|14.829864|-1.000000|-1.000000|0.000000|-1|-1|0|1|-1|-1
1885|112|43|HOH|X|2035|1|0|000|15.564528|-1.000000|-1.000000|0.000000|-1|-1|0|1|-1|-1
1885|113|43|HOH|X|2036|1|0|000|14.302444|-1.000000|-1.000000|0.000000|-1|-1|0|1|-1|-1
1885|114|43|HOH|X|2037|1|0|000|13.750426|-1.000000|-1.000000|0.000000|-1|-1|0|1|-1|-1
1885|115|43|HOH|X|2038|1|0|000|17.071804|-1.000000|-1.000000|0.000000|-1|-1|0|1|-1|-1
1885|116|43|HOH|X|2039|1|0|000|10.455469|-1.000000|-1.000000|0.000000|-1|-1|0|1|-1|-1
1885|117|43|HOH|X|2040|1|0|000|7.932042|-1.000000|-1.000000|0.000000|-1|-1|0|1|-1|-1
1885|118|43|HOH|X|2041|1|0|000|10.433635|-1.000000|-1.000000|0.000000|-1|-1|0|1|-1|-1
1885|119|43|HOH|X|2042|1|0|000|12.867425|-1.000000|-1.000000|0.000000|-1|-1|0|1|-1|-1
1885|120|43|HOH|X|2043|1|0|000|15.439443|-1.000000|-1.000000|0.000000|-1|-1|0|1|-1|-1
1885|121|43|HOH|X|2044|1|0|000|12.668817|-1.000000|-1.000000|0.000000|-1|-1|0|1|-1|-1
1885|122|43|HOH|X|2045|1|0|000|15.494602|-1.000000|-1.000000|0.000000|-1|-1|0|1|-1|-1
1885|123|43|HOH|X|2046|1|0|000|13.821304|-1.000000|-1.000000|0.000000|-1|-1|0|1|-1|-1
