367|0|0|1|-N--|N_|7|1| |1.000000|5.290000|0.000000|000|13.462604|-1.000000|-1.000000|0.000000|-1|0
367|0|1|2|-CA-|C_|6|2| |1.000000|4.640000|0.000000|000|13.322282|-1.000000|-1.000000|0.000000|-1|0
367|0|2|3|-C--|C_|6|3| |1.000000|3.690000|0.000000|000|13.270694|-1.000000|-1.000000|0.000000|-1|0
367|0|3|4|-O--|O_|8|4| |1.000000|4.000000|0.000000|000|12.651119|-1.000000|-1.000000|0.000000|-1|0
367|0|4|5|-CB-|C_|6|5| |1.000000|5.290000|0.000000|000|14.672677|-1.000000|-1.000000|0.000000|-1|0
367|0|5|6|-CG-|C_|6|6| |1.000000|5.640000|0.000000|000|14.967857|-1.000000|-1.000000|0.000000|-1|0
367|0|6|6|-CD-|C_|6|7| |1.000000|6.580000|0.000000|000|15.534998|-1.000000|-1.000000|0.000000|-1|0
367|0|7|8|-OE1|O_|8|8| |1.000000|7.050000|0.000000|000|15.874963|-1.000000|-1.000000|0.000000|-1|0
367|0|8|9|-NE2|N_|7|9| |1.000000|7.160000|0.000000|000|15.809256|-1.000000|-1.000000|0.000000|-1|0
367|0|9|35|-H1-|H_|1|10| |1.000000|5.640000|0.000000|000|12.768205|-1.000000|-1.000000|0.000000|-1|0
367|0|10|35|-H2-|H_|1|11| |1.000000|5.590000|0.000000|000|14.416500|-1.000000|-1.000000|0.000000|-1|0
367|0|11|35|-H3-|H_|1|12| |1.000000|5.440000|0.000000|000|13.427140|-1.000000|-1.000000|0.000000|-1|0
367|0|12|35|-HA-|H_|1|13| |1.000000|4.860000|0.000000|000|12.523317|-1.000000|-1.000000|0.000000|-1|0
367|0|13|35|-HB2|H_|1|14| |1.000000|5.770000|0.000000|000|15.463736|-1.000000|-1.000000|0.000000|-1|0
367|0|14|35|-HB3|H_|1|15| |1.000000|5.410000|0.000000|000|14.751981|-1.000000|-1.000000|0.000000|-1|0
367|0|15|35|-HG2|H_|1|16| |1.000000|5.630000|0.000000|000|14.113372|-1.000000|-1.000000|0.000000|-1|0
367|0|16|35|-HG3|H_|1|17| |1.000000|5.610000|0.000000|000|15.765712|-1.000000|-1.000000|0.000000|-1|0
367|0|17|35|HE21|H_|1|18| |1.000000|7.030000|0.000000|000|15.645900|-1.000000|-1.000000|0.000000|-1|0
367|0|18|35|HE22|H_|1|19| |1.000000|7.880000|0.000000|000|16.270845|-1.000000|-1.000000|0.000000|-1|0
367|1|19|1|-N--|N_|7|20| |1.000000|2.990000|0.000000|000|14.082560|-1.000000|-1.000000|0.000000|-1|0
367|1|20|2|-CA-|C_|6|21| |1.000000|2.430000|0.000000|000|14.307238|-1.000000|-1.000000|0.000000|-1|0
367|1|21|3|-C--|C_|6|22| |1.000000|1.890000|0.000000|000|13.790130|-1.000000|-1.000000|0.000000|-1|0
367|1|22|4|-O--|O_|8|23| |1.000000|2.700000|0.000000|000|14.345532|-1.000000|-1.000000|0.000000|-1|0
367|1|23|5|-CB-|C_|6|24| |1.000000|3.110000|0.000000|000|15.834044|-1.000000|-1.000000|0.000000|-1|0
367|1|24|6|-CG-|C_|6|25| |1.000000|3.790000|0.000000|000|16.435467|-1.000000|-1.000000|0.000000|-1|0
367|1|25|8|-OD1|O_|8|26| |1.000000|4.290000|0.000000|000|17.042826|-1.000000|-1.000000|0.000000|-1|0
367|1|26|9|-ND2|N_|7|27| |1.000000|4.370000|0.000000|000|16.430065|-1.000000|-1.000000|0.000000|-1|0
367|1|27|35|-H--|H_|1|28| |1.000000|3.250000|0.000000|000|14.645846|-1.000000|-1.000000|0.000000|-1|0
367|1|28|35|-HA-|H_|1|29| |1.000000|2.770000|0.000000|000|13.956491|-1.000000|-1.000000|0.000000|-1|0
367|1|29|35|-HB2|H_|1|30| |1.000000|3.260000|0.000000|000|16.173347|-1.000000|-1.000000|0.000000|-1|0
367|1|30|35|-HB3|H_|1|31| |1.000000|3.570000|0.000000|000|16.256792|-1.000000|-1.000000|0.000000|-1|0
367|1|31|35|HD21|H_|1|32| |1.000000|4.380000|0.000000|000|16.029253|-1.000000|-1.000000|0.000000|-1|0
367|1|32|35|HD22|H_|1|33| |1.000000|5.060000|0.000000|000|16.912794|-1.000000|-1.000000|0.000000|-1|0
367|2|33|1|-N--|N_|7|34| |1.000000|1.280000|0.000000|000|12.874141|-1.000000|-1.000000|0.000000|-1|0
367|2|34|2|-CA-|C_|6|35| |1.000000|1.730000|0.000000|000|12.525602|-1.000000|-1.000000|0.000000|-1|0
367|2|35|3|-C--|C_|6|36| |1.000000|1.230000|0.000000|000|11.088408|-1.000000|-1.000000|0.000000|-1|0
367|2|36|4|-O--|O_|8|37| |1.000000|1.640000|0.000000|000|10.599989|-1.000000|-1.000000|0.000000|-1|0
367|2|37|5|-CB-|C_|6|38| |1.000000|2.790000|0.000000|000|13.548255|-1.000000|-1.000000|0.000000|-1|0
367|2|38|6|-CG-|C_|6|39| |1.000000|3.760000|0.000000|000|14.829978|-1.000000|-1.000000|0.000000|-1|0
367|2|39|6|-CD-|C_|6|40| |1.000000|4.700000|0.000000|000|15.191361|-1.000000|-1.000000|0.000000|-1|0
367|2|40|10|-OE1|O_|8|41| |1.000000|5.280000|0.000000|000|15.428359|-1.000000|-1.000000|0.000000|-1|0
367|2|41|10|-OE2|O_|8|42| |1.000000|5.160000|0.000000|000|15.374289|-1.000000|-1.000000|0.000000|-1|0
367|2|42|35|-H--|H_|1|43| |1.000000|1.450000|0.000000|000|12.525149|-1.000000|-1.000000|0.000000|-1|0
367|2|43|35|-HA-|H_|1|44| |1.000000|2.420000|0.000000|000|12.773559|-1.000000|-1.000000|0.000000|-1|0
367|2|44|35|-HB2|H_|1|45| |1.000000|2.900000|0.000000|000|13.830440|-1.000000|-1.000000|0.000000|-1|0
367|2|45|35|-HB3|H_|1|46| |1.000000|3.220000|0.000000|000|13.213892|-1.000000|-1.000000|0.000000|-1|0
367|2|46|35|-HG2|H_|1|47| |1.000000|4.070000|0.000000|000|14.779099|-1.000000|-1.000000|0.000000|-1|0
367|2|47|35|-HG3|H_|1|48| |1.000000|3.900000|0.000000|000|15.658074|-1.000000|-1.000000|0.000000|-1|0
367|3|48|1|-N--|N_|7|49| |1.000000|0.890000|0.000000|000|10.544997|-1.000000|-1.000000|0.000000|-1|0
367|3|49|2|-CA-|C_|6|50| |1.000000|1.000000|0.000000|000|9.198786|-1.000000|-1.000000|0.000000|-1|0
367|3|50|3|-C--|C_|6|51| |1.000000|0.950000|0.000000|000|9.427837|-1.000000|-1.000000|0.000000|-1|0
367|3|51|4|-O--|O_|8|52| |1.000000|1.080000|0.000000|000|10.474061|-1.000000|-1.000000|0.000000|-1|0
367|3|52|35|-H--|H_|1|53| |1.000000|1.190000|0.000000|000|11.117393|-1.000000|-1.000000|0.000000|-1|0
367|3|53|35|-HA2|H_|1|54| |1.000000|1.260000|0.000000|000|8.966032|-1.000000|-1.000000|0.000000|-1|0
367|3|54|35|-HA3|H_|1|55| |1.000000|1.340000|0.000000|000|8.498142|-1.000000|-1.000000|0.000000|-1|0
367|4|55|1|-N--|N_|7|56| |1.000000|0.850000|0.000000|000|8.646614|-1.000000|-1.000000|0.000000|-1|0
367|4|56|2|-CA-|C_|6|57| |1.000000|0.940000|0.000000|000|9.198527|-1.000000|-1.000000|0.000000|-1|0
367|4|57|3|-C--|C_|6|58| |1.000000|0.910000|0.000000|000|8.775542|-1.000000|-1.000000|0.000000|-1|0
367|4|58|4|-O--|O_|8|59| |1.000000|1.100000|0.000000|000|9.520676|-1.000000|-1.000000|0.000000|-1|0
367|4|59|5|-CB-|C_|6|60| |1.000000|0.990000|0.000000|000|8.976341|-1.000000|-1.000000|0.000000|-1|0
367|4|60|12|-CG-|C_|6|61| |1.000000|0.910000|0.000000|000|7.868293|-1.000000|-1.000000|0.000000|-1|0
367|4|61|13|-ND1|N_|7|62| |1.000000|0.900000|0.000000|000|6.684757|-1.000000|-1.000000|0.000000|-1|0
367|4|62|12|-CD2|C_|6|63| |1.000000|1.120000|0.000000|000|7.976665|-1.000000|-1.000000|0.000000|-1|0
367|4|63|12|-CE1|C_|6|64| |1.000000|0.860000|0.000000|000|6.073532|-1.000000|-1.000000|0.000000|-1|0
367|4|64|13|-NE2|N_|7|65| |1.000000|1.130000|0.000000|000|6.932430|-1.000000|-1.000000|0.000000|-1|0
367|4|65|35|-H--|H_|1|66| |1.000000|0.770000|0.000000|000|7.837560|-1.000000|-1.000000|0.000000|-1|0
367|4|66|35|-HA-|H_|1|67| |1.000000|1.100000|0.000000|000|10.268928|-1.000000|-1.000000|0.000000|-1|0
367|4|67|35|-HB2|H_|1|68| |1.000000|1.070000|0.000000|000|8.914944|-1.000000|-1.000000|0.000000|-1|0
367|4|68|35|-HB3|H_|1|69| |1.000000|1.120000|0.000000|000|9.908670|-1.000000|-1.000000|0.000000|-1|0
367|4|69|35|-HD1|H_|1|70| |1.000000|1.120000|0.000000|000|6.515863|-1.000000|-1.000000|0.000000|-1|0
367|4|70|35|-HD2|H_|1|71| |1.000000|1.390000|0.000000|000|8.884591|-1.000000|-1.000000|0.000000|-1|0
367|4|71|35|-HE1|H_|1|72| |1.000000|0.810000|0.000000|000|5.188390|-1.000000|-1.000000|0.000000|-1|0
367|5|72|1|-N--|N_|7|73| |1.000000|0.790000|0.000000|000|7.782741|-1.000000|-1.000000|0.000000|-1|0
367|5|73|2|-CA-|C_|6|74| |1.000000|0.780000|0.000000|000|7.645661|-1.000000|-1.000000|0.000000|-1|0
367|5|74|3|-C--|C_|6|75| |1.000000|0.670000|0.000000|000|6.363773|-1.000000|-1.000000|0.000000|-1|0
367|5|75|4|-O--|O_|8|76| |1.000000|0.680000|0.000000|000|6.384216|-1.000000|-1.000000|0.000000|-1|0
367|5|76|5|-CB-|C_|6|77| |1.000000|0.900000|0.000000|000|8.854928|-1.000000|-1.000000|0.000000|-1|0
367|5|77|6|-CG-|C_|6|78| |1.000000|1.430000|0.000000|000|10.073557|-1.000000|-1.000000|0.000000|-1|0
367|5|78|6|-CD-|C_|6|79| |1.000000|1.830000|0.000000|000|11.188715|-1.000000|-1.000000|0.000000|-1|0
367|5|79|10|-OE1|O_|8|80| |1.000000|2.270000|0.000000|000|11.526339|-1.000000|-1.000000|0.000000|-1|0
367|5|80|10|-OE2|O_|8|81| |1.000000|2.340000|0.000000|000|11.831367|-1.000000|-1.000000|0.000000|-1|0
367|5|81|35|-H--|H_|1|82| |1.000000|0.820000|0.000000|000|7.297065|-1.000000|-1.000000|0.000000|-1|0
367|5|82|35|-HA-|H_|1|83| |1.000000|0.800000|0.000000|000|7.898267|-1.000000|-1.000000|0.000000|-1|0
367|5|83|35|-HB2|H_|1|84| |1.000000|1.580000|0.000000|000|9.144728|-1.000000|-1.000000|0.000000|-1|0
367|5|84|35|-HB3|H_|1|85| |1.000000|1.400000|0.000000|000|8.755645|-1.000000|-1.000000|0.000000|-1|0
367|5|85|35|-HG2|H_|1|86| |1.000000|1.950000|0.000000|000|10.503371|-1.000000|-1.000000|0.000000|-1|0
367|5|86|35|-HG3|H_|1|87| |1.000000|2.110000|0.000000|000|9.890392|-1.000000|-1.000000|0.000000|-1|0
367|6|87|1|-N--|N_|7|88| |1.000000|0.610000|0.000000|000|5.495707|-1.000000|-1.000000|0.000000|-1|0
367|6|88|2|-CA-|C_|6|89| |1.000000|0.530000|0.000000|000|4.364500|-1.000000|-1.000000|0.000000|-1|0
367|6|89|3|-C--|C_|6|90| |1.000000|0.540000|0.000000|000|5.162277|-1.000000|-1.000000|0.000000|-1|0
367|6|90|4|-O--|O_|8|91| |1.000000|0.510000|0.000000|000|5.400888|-1.000000|-1.000000|0.000000|-1|0
367|6|91|5|-CB-|C_|6|92| |1.000000|0.470000|0.000000|000|3.469247|-1.000000|-1.000000|0.000000|-1|0
367|6|92|11|-SG-|S_|16|93| |1.000000|0.390000|0.000000|000|3.022635|-1.000000|-1.000000|0.000000|-1|0
367|6|93|35|-H--|H_|1|94| |1.000000|0.660000|0.000000|000|5.781361|-1.000000|-1.000000|0.000000|-1|0
367|6|94|35|-HA-|H_|1|95| |1.000000|0.540000|0.000000|000|4.053963|-1.000000|-1.000000|0.000000|-1|0
367|6|95|35|-HB2|H_|1|96| |1.000000|0.500000|0.000000|000|2.889119|-1.000000|-1.000000|0.000000|-1|0
367|6|96|35|-HB3|H_|1|97| |1.000000|0.510000|0.000000|000|4.268749|-1.000000|-1.000000|0.000000|-1|0
367|7|97|1|-N--|N_|7|98| |1.000000|0.620000|0.000000|000|5.916144|-1.000000|-1.000000|0.000000|-1|0
367|7|98|2|-CA-|C_|6|99| |1.000000|0.670000|0.000000|000|6.919137|-1.000000|-1.000000|0.000000|-1|0
367|7|99|3|-C--|C_|6|100| |1.000000|0.590000|0.000000|000|6.465448|-1.000000|-1.000000|0.000000|-1|0
367|7|100|4|-O--|O_|8|101| |1.000000|0.650000|0.000000|000|7.401133|-1.000000|-1.000000|0.000000|-1|0
367|7|101|5|-CB-|C_|6|102| |1.000000|0.790000|0.000000|000|8.088207|-1.000000|-1.000000|0.000000|-1|0
367|7|102|6|-CG-|C_|6|103| |1.000000|1.450000|0.000000|000|9.332468|-1.000000|-1.000000|0.000000|-1|0
367|7|103|6|-CD-|C_|6|104| |1.000000|2.380000|0.000000|000|9.190949|-1.000000|-1.000000|0.000000|-1|0
367|7|104|8|-OE1|O_|8|105| |1.000000|3.020000|0.000000|000|9.416283|-1.000000|-1.000000|0.000000|-1|0
367|7|105|9|-NE2|N_|7|106| |1.000000|2.930000|0.000000|000|9.108740|-1.000000|-1.000000|0.000000|-1|0
367|7|106|35|-H--|H_|1|107| |1.000000|0.660000|0.000000|000|5.982749|-1.000000|-1.000000|0.000000|-1|0
367|7|107|35|-HA-|H_|1|108| |1.000000|0.690000|0.000000|000|7.350853|-1.000000|-1.000000|0.000000|-1|0
367|7|108|35|-HB2|H_|1|109| |1.000000|1.300000|0.000000|000|7.954266|-1.000000|-1.000000|0.000000|-1|0
367|7|109|35|-HB3|H_|1|110| |1.000000|1.400000|0.000000|000|8.383462|-1.000000|-1.000000|0.000000|-1|0
367|7|110|35|-HG2|H_|1|111| |1.000000|2.000000|0.000000|000|10.123666|-1.000000|-1.000000|0.000000|-1|0
367|7|111|35|-HG3|H_|1|112| |1.000000|1.830000|0.000000|000|9.722231|-1.000000|-1.000000|0.000000|-1|0
367|7|112|35|HE21|H_|1|113| |1.000000|2.850000|0.000000|000|9.110767|-1.000000|-1.000000|0.000000|-1|0
367|7|113|35|HE22|H_|1|114| |1.000000|3.640000|0.000000|000|9.221144|-1.000000|-1.000000|0.000000|-1|0
367|8|114|1|-N--|N_|7|115| |1.000000|0.490000|0.000000|000|5.200334|-1.000000|-1.000000|0.000000|-1|0
367|8|115|2|-CA-|C_|6|116| |1.000000|0.430000|0.000000|000|5.084455|-1.000000|-1.000000|0.000000|-1|0
367|8|116|3|-C--|C_|6|117| |1.000000|0.440000|0.000000|000|6.079589|-1.000000|-1.000000|0.000000|-1|0
367|8|117|4|-O--|O_|8|118| |1.000000|0.450000|0.000000|000|6.234976|-1.000000|-1.000000|0.000000|-1|0
367|8|118|5|-CB-|C_|6|119| |1.000000|0.350000|0.000000|000|3.674423|-1.000000|-1.000000|0.000000|-1|0
367|8|119|11|-SG-|S_|16|120| |1.000000|0.420000|0.000000|000|2.904944|-1.000000|-1.000000|0.000000|-1|0
367|8|120|35|-H--|H_|1|121| |1.000000|0.480000|0.000000|000|4.496736|-1.000000|-1.000000|0.000000|-1|0
367|8|121|35|-HA-|H_|1|122| |1.000000|0.460000|0.000000|000|5.549428|-1.000000|-1.000000|0.000000|-1|0
367|8|122|35|-HB2|H_|1|123| |1.000000|0.320000|0.000000|000|3.443677|-1.000000|-1.000000|0.000000|-1|0
367|8|123|35|-HB3|H_|1|124| |1.000000|0.320000|0.000000|000|3.925472|-1.000000|-1.000000|0.000000|-1|0
367|9|124|1|-N--|N_|7|125| |1.000000|0.470000|0.000000|000|7.013341|-1.000000|-1.000000|0.000000|-1|0
367|9|125|2|-CA-|C_|6|126| |1.000000|0.520000|0.000000|000|8.172618|-1.000000|-1.000000|0.000000|-1|0
367|9|126|3|-C--|C_|6|127| |1.000000|0.450000|0.000000|000|8.348327|-1.000000|-1.000000|0.000000|-1|0
367|9|127|4|-O--|O_|8|128| |1.000000|0.490000|0.000000|000|9.468766|-1.000000|-1.000000|0.000000|-1|0
367|9|128|5|-CB-|C_|6|129| |1.000000|0.650000|0.000000|000|9.403136|-1.000000|-1.000000|0.000000|-1|0
367|9|129|6|-CG-|C_|6|130| |1.000000|1.290000|0.000000|000|9.474792|-1.000000|-1.000000|0.000000|-1|0
367|9|130|6|-CD-|C_|6|131| |1.000000|1.580000|0.000000|000|10.698627|-1.000000|-1.000000|0.000000|-1|0
367|9|131|8|-OE1|O_|8|132| |1.000000|1.680000|0.000000|000|10.992969|-1.000000|-1.000000|0.000000|-1|0
367|9|132|9|-NE2|N_|7|133| |1.000000|2.250000|0.000000|000|11.577347|-1.000000|-1.000000|0.000000|-1|0
367|9|133|35|-H--|H_|1|134| |1.000000|0.480000|0.000000|000|7.078452|-1.000000|-1.000000|0.000000|-1|0
367|9|134|35|-HA-|H_|1|135| |1.000000|0.550000|0.000000|000|8.225463|-1.000000|-1.000000|0.000000|-1|0
367|9|135|35|-HB2|H_|1|136| |1.000000|0.770000|0.000000|000|9.542406|-1.000000|-1.000000|0.000000|-1|0
367|9|136|35|-HB3|H_|1|137| |1.000000|1.180000|0.000000|000|10.282707|-1.000000|-1.000000|0.000000|-1|0
367|9|137|35|-HG2|H_|1|138| |1.000000|1.740000|0.000000|000|9.731972|-1.000000|-1.000000|0.000000|-1|0
367|9|138|35|-HG3|H_|1|139| |1.000000|1.650000|0.000000|000|8.601674|-1.000000|-1.000000|0.000000|-1|0
367|9|139|35|HE21|H_|1|140| |1.000000|2.680000|0.000000|000|11.502526|-1.000000|-1.000000|0.000000|-1|0
367|9|140|35|HE22|H_|1|141| |1.000000|2.500000|0.000000|000|12.396667|-1.000000|-1.000000|0.000000|-1|0
367|10|141|1|-N--|N_|7|142| |1.000000|0.380000|0.000000|000|7.407629|-1.000000|-1.000000|0.000000|-1|0
367|10|142|2|-CA-|C_|6|143| |1.000000|0.380000|0.000000|000|7.879081|-1.000000|-1.000000|0.000000|-1|0
367|10|143|3|-C--|C_|6|144| |1.000000|0.400000|0.000000|000|8.616251|-1.000000|-1.000000|0.000000|-1|0
367|10|144|4|-O--|O_|8|145| |1.000000|0.460000|0.000000|000|9.089685|-1.000000|-1.000000|0.000000|-1|0
367|10|145|5|-CB-|C_|6|146| |1.000000|0.350000|0.000000|000|6.758367|-1.000000|-1.000000|0.000000|-1|0
367|10|146|11|-SG-|S_|16|147| |1.000000|0.410000|0.000000|000|6.055789|-1.000000|-1.000000|0.000000|-1|0
367|10|147|35|-H--|H_|1|148| |1.000000|0.370000|0.000000|000|6.514030|-1.000000|-1.000000|0.000000|-1|0
367|10|148|35|-HA-|H_|1|149| |1.000000|0.440000|0.000000|000|8.643515|-1.000000|-1.000000|0.000000|-1|0
367|10|149|35|-HB2|H_|1|150| |1.000000|0.300000|0.000000|000|6.120232|-1.000000|-1.000000|0.000000|-1|0
367|10|150|35|-HB3|H_|1|151| |1.000000|0.420000|0.000000|000|7.312566|-1.000000|-1.000000|0.000000|-1|0
367|11|151|1|-N--|N_|7|152| |1.000000|0.410000|0.000000|000|8.964968|-1.000000|-1.000000|0.000000|-1|0
367|11|152|2|-CA-|C_|6|153| |1.000000|0.470000|0.000000|000|9.916689|-1.000000|-1.000000|0.000000|-1|0
367|11|153|3|-C--|C_|6|154| |1.000000|0.460000|0.000000|000|9.317233|-1.000000|-1.000000|0.000000|-1|0
367|11|154|4|-O--|O_|8|155| |1.000000|0.530000|0.000000|000|9.973896|-1.000000|-1.000000|0.000000|-1|0
367|11|155|35|-H--|H_|1|156| |1.000000|0.420000|0.000000|000|8.755331|-1.000000|-1.000000|0.000000|-1|0
367|11|156|35|-HA2|H_|1|157| |1.000000|0.490000|0.000000|000|10.444488|-1.000000|-1.000000|0.000000|-1|0
367|11|157|35|-HA3|H_|1|158| |1.000000|0.550000|0.000000|000|10.681644|-1.000000|-1.000000|0.000000|-1|0
367|12|158|1|-N--|N_|7|159| |1.000000|0.410000|0.000000|000|8.244170|-1.000000|-1.000000|0.000000|-1|0
367|12|159|2|-CA-|C_|6|160| |1.000000|0.420000|0.000000|000|7.869006|-1.000000|-1.000000|0.000000|-1|0
367|12|160|3|-C--|C_|6|161| |1.000000|0.350000|0.000000|000|6.723311|-1.000000|-1.000000|0.000000|-1|0
367|12|161|4|-O--|O_|8|162| |1.000000|0.360000|0.000000|000|6.534884|-1.000000|-1.000000|0.000000|-1|0
367|12|162|5|-CB-|C_|6|163| |1.000000|0.480000|0.000000|000|7.754962|-1.000000|-1.000000|0.000000|-1|0
367|12|163|17|-OG-|O_|8|164| |1.000000|1.210000|0.000000|000|9.025543|-1.000000|-1.000000|0.000000|-1|0
367|12|164|35|-H--|H_|1|165| |1.000000|0.410000|0.000000|000|7.837463|-1.000000|-1.000000|0.000000|-1|0
367|12|165|35|-HA-|H_|1|166| |1.000000|0.460000|0.000000|000|8.757965|-1.000000|-1.000000|0.000000|-1|0
367|12|166|35|-HB2|H_|1|167| |1.000000|1.090000|0.000000|000|7.723855|-1.000000|-1.000000|0.000000|-1|0
367|12|167|35|-HB3|H_|1|168| |1.000000|0.940000|0.000000|000|6.977166|-1.000000|-1.000000|0.000000|-1|0
367|12|168|35|-HG-|H_|1|169| |1.000000|1.610000|0.000000|000|9.504988|-1.000000|-1.000000|0.000000|-1|0
367|13|169|1|-N--|N_|7|170| |1.000000|0.300000|0.000000|000|6.259938|-1.000000|-1.000000|0.000000|-1|0
367|13|170|2|-CA-|C_|6|171| |1.000000|0.280000|0.000000|000|5.421389|-1.000000|-1.000000|0.000000|-1|0
367|13|171|3|-C--|C_|6|172| |1.000000|0.320000|0.000000|000|6.524204|-1.000000|-1.000000|0.000000|-1|0
367|13|172|4|-O--|O_|8|173| |1.000000|0.360000|0.000000|000|6.699867|-1.000000|-1.000000|0.000000|-1|0
367|13|173|5|-CB-|C_|6|174| |1.000000|0.250000|0.000000|000|4.636911|-1.000000|-1.000000|0.000000|-1|0
367|13|174|11|-SG-|S_|16|175| |1.000000|0.280000|0.000000|000|3.091266|-1.000000|-1.000000|0.000000|-1|0
367|13|175|35|-H--|H_|1|176| |1.000000|0.320000|0.000000|000|6.696253|-1.000000|-1.000000|0.000000|-1|0
367|13|176|35|-HA-|H_|1|177| |1.000000|0.290000|0.000000|000|4.963954|-1.000000|-1.000000|0.000000|-1|0
367|13|177|35|-HB2|H_|1|178| |1.000000|0.260000|0.000000|000|5.335526|-1.000000|-1.000000|0.000000|-1|0
367|13|178|35|-HB3|H_|1|179| |1.000000|0.280000|0.000000|000|4.690903|-1.000000|-1.000000|0.000000|-1|0
367|14|179|1|-N--|N_|7|180| |1.000000|0.350000|0.000000|000|7.510788|-1.000000|-1.000000|0.000000|-1|0
367|14|180|2|-CA-|C_|6|181| |1.000000|0.430000|0.000000|000|8.760883|-1.000000|-1.000000|0.000000|-1|0
367|14|181|3|-C--|C_|6|182| |1.000000|0.450000|0.000000|000|9.595044|-1.000000|-1.000000|0.000000|-1|0
367|14|182|4|-O--|O_|8|183| |1.000000|0.520000|0.000000|000|10.486174|-1.000000|-1.000000|0.000000|-1|0
367|14|183|5|-CB-|C_|6|184| |1.000000|0.510000|0.000000|000|9.642874|-1.000000|-1.000000|0.000000|-1|0
367|14|184|6|-CG-|C_|6|185| |1.000000|1.760000|0.000000|000|10.002785|-1.000000|-1.000000|0.000000|-1|0
367|14|185|6|-CD-|C_|6|186| |1.000000|2.170000|0.000000|000|11.531426|-1.000000|-1.000000|0.000000|-1|0
367|14|186|6|-CE-|C_|6|187| |1.000000|2.710000|0.000000|000|12.075783|-1.000000|-1.000000|0.000000|-1|0
367|14|187|14|-NZ-|N_|7|188| |1.000000|3.160000|0.000000|000|13.545072|-1.000000|-1.000000|0.000000|-1|0
367|14|188|35|-H--|H_|1|189| |1.000000|0.340000|0.000000|000|7.550429|-1.000000|-1.000000|0.000000|-1|0
367|14|189|35|-HA-|H_|1|190| |1.000000|0.460000|0.000000|000|8.651954|-1.000000|-1.000000|0.000000|-1|0
367|14|190|35|-HB2|H_|1|191| |1.000000|0.960000|0.000000|000|9.266932|-1.000000|-1.000000|0.000000|-1|0
367|14|191|35|-HB3|H_|1|192| |1.000000|1.020000|0.000000|000|10.593962|-1.000000|-1.000000|0.000000|-1|0
367|14|192|35|-HG2|H_|1|193| |1.000000|2.310000|0.000000|000|9.712839|-1.000000|-1.000000|0.000000|-1|0
367|14|193|35|-HG3|H_|1|194| |1.000000|2.310000|0.000000|000|9.652195|-1.000000|-1.000000|0.000000|-1|0
367|14|194|35|-HD2|H_|1|195| |1.000000|2.570000|0.000000|000|11.955935|-1.000000|-1.000000|0.000000|-1|0
367|14|195|35|-HD3|H_|1|196| |1.000000|2.440000|0.000000|000|11.948812|-1.000000|-1.000000|0.000000|-1|0
367|14|196|35|-HE2|H_|1|197| |1.000000|3.140000|0.000000|000|11.775150|-1.000000|-1.000000|0.000000|-1|0
367|14|197|35|-HE3|H_|1|198| |1.000000|2.980000|0.000000|000|11.891026|-1.000000|-1.000000|0.000000|-1|0
367|14|198|35|-HZ1|H_|1|199| |1.000000|3.380000|0.000000|000|13.777450|-1.000000|-1.000000|0.000000|-1|0
367|14|199|35|-HZ2|H_|1|200| |1.000000|3.290000|0.000000|000|14.018600|-1.000000|-1.000000|0.000000|-1|0
367|14|200|35|-HZ3|H_|1|201| |1.000000|3.630000|0.000000|000|13.970332|-1.000000|-1.000000|0.000000|-1|0
367|15|201|1|-N--|N_|7|202| |1.000000|0.500000|0.000000|000|9.510096|-1.000000|-1.000000|0.000000|-1|0
367|15|202|2|-CA-|C_|6|203| |1.000000|0.570000|0.000000|000|10.540489|-1.000000|-1.000000|0.000000|-1|0
367|15|203|3|-C--|C_|6|204| |1.000000|0.520000|0.000000|000|10.126874|-1.000000|-1.000000|0.000000|-1|0
367|15|204|4|-O--|O_|8|205| |1.000000|0.710000|0.000000|000|10.861807|-1.000000|-1.000000|0.000000|-1|0
367|15|205|5|-CB-|C_|6|206| |1.000000|0.650000|0.000000|000|11.008028|-1.000000|-1.000000|0.000000|-1|0
367|15|206|6|-CG-|C_|6|207| |1.000000|1.230000|0.000000|000|12.454175|-1.000000|-1.000000|0.000000|-1|0
367|15|207|8|-OD1|O_|8|208| |1.000000|2.030000|0.000000|000|13.265059|-1.000000|-1.000000|0.000000|-1|0
367|15|208|9|-ND2|N_|7|209| |1.000000|1.790000|0.000000|000|12.919417|-1.000000|-1.000000|0.000000|-1|0
367|15|209|35|-H--|H_|1|210| |1.000000|0.560000|0.000000|000|8.904522|-1.000000|-1.000000|0.000000|-1|0
367|15|210|35|-HA-|H_|1|211| |1.000000|0.640000|0.000000|000|11.414798|-1.000000|-1.000000|0.000000|-1|0
367|15|211|35|-HB2|H_|1|212| |1.000000|1.050000|0.000000|000|10.436386|-1.000000|-1.000000|0.000000|-1|0
367|15|212|35|-HB3|H_|1|213| |1.000000|1.200000|0.000000|000|11.052956|-1.000000|-1.000000|0.000000|-1|0
367|15|213|35|HD21|H_|1|214| |1.000000|2.000000|0.000000|000|12.390556|-1.000000|-1.000000|0.000000|-1|0
367|15|214|35|HD22|H_|1|215| |1.000000|2.400000|0.000000|000|13.869159|-1.000000|-1.000000|0.000000|-1|0
367|16|215|1|-N--|N_|7|216| |1.000000|0.480000|0.000000|000|9.132227|-1.000000|-1.000000|0.000000|-1|0
367|16|216|2|-CA-|C_|6|217| |1.000000|0.470000|0.000000|000|8.965868|-1.000000|-1.000000|0.000000|-1|0
367|16|217|3|-C--|C_|6|218| |1.000000|0.430000|0.000000|000|8.091651|-1.000000|-1.000000|0.000000|-1|0
367|16|218|4|-O--|O_|8|219| |1.000000|0.430000|0.000000|000|6.902975|-1.000000|-1.000000|0.000000|-1|0
367|16|219|5|-CB-|C_|6|220| |1.000000|0.550000|0.000000|000|8.577817|-1.000000|-1.000000|0.000000|-1|0
367|16|220|6|-CG-|C_|6|221| |1.000000|0.880000|0.000000|000|9.832671|-1.000000|-1.000000|0.000000|-1|0
367|16|221|8|-OD1|O_|8|222| |1.000000|1.490000|0.000000|000|10.871730|-1.000000|-1.000000|0.000000|-1|0
367|16|222|9|-ND2|N_|7|223| |1.000000|1.510000|0.000000|000|9.920309|-1.000000|-1.000000|0.000000|-1|0
367|16|223|35|-H--|H_|1|224| |1.000000|0.610000|0.000000|000|8.639325|-1.000000|-1.000000|0.000000|-1|0
367|16|224|35|-HA-|H_|1|225| |1.000000|0.530000|0.000000|000|9.962570|-1.000000|-1.000000|0.000000|-1|0
367|16|225|35|-HB2|H_|1|226| |1.000000|0.640000|0.000000|000|8.481014|-1.000000|-1.000000|0.000000|-1|0
367|16|226|35|-HB3|H_|1|227| |1.000000|0.670000|0.000000|000|7.730798|-1.000000|-1.000000|0.000000|-1|0
367|16|227|35|HD21|H_|1|228| |1.000000|2.130000|0.000000|000|9.191980|-1.000000|-1.000000|0.000000|-1|0
367|16|228|35|HD22|H_|1|229| |1.000000|1.720000|0.000000|000|10.809265|-1.000000|-1.000000|0.000000|-1|0
367|17|229|1|-N--|N_|7|230| |1.000000|0.470000|0.000000|000|8.827518|-1.000000|-1.000000|0.000000|-1|0
367|17|230|2|-CA-|C_|6|231| |1.000000|0.520000|0.000000|000|8.409759|-1.000000|-1.000000|0.000000|-1|0
367|17|231|3|-C--|C_|6|232| |1.000000|0.550000|0.000000|000|8.618742|-1.000000|-1.000000|0.000000|-1|0
367|17|232|4|-O--|O_|8|233| |1.000000|0.620000|0.000000|000|8.755932|-1.000000|-1.000000|0.000000|-1|0
367|17|233|5|-CB-|C_|6|234| |1.000000|0.610000|0.000000|000|9.553647|-1.000000|-1.000000|0.000000|-1|0
367|17|234|6|-CG-|C_|6|235| |1.000000|1.500000|0.000000|000|9.325658|-1.000000|-1.000000|0.000000|-1|0
367|17|235|6|-CD-|C_|6|236| |1.000000|1.760000|0.000000|000|10.678841|-1.000000|-1.000000|0.000000|-1|0
367|17|236|10|-OE1|O_|8|237| |1.000000|1.920000|0.000000|000|11.634397|-1.000000|-1.000000|0.000000|-1|0
367|17|237|10|-OE2|O_|8|238| |1.000000|2.470000|0.000000|000|10.848838|-1.000000|-1.000000|0.000000|-1|0
367|17|238|35|-H--|H_|1|239| |1.000000|0.510000|0.000000|000|9.781519|-1.000000|-1.000000|0.000000|-1|0
367|17|239|35|-HA-|H_|1|240| |1.000000|0.520000|0.000000|000|7.451480|-1.000000|-1.000000|0.000000|-1|0
367|17|240|35|-HB2|H_|1|241| |1.000000|1.090000|0.000000|000|10.424014|-1.000000|-1.000000|0.000000|-1|0
367|17|241|35|-HB3|H_|1|242| |1.000000|1.310000|0.000000|000|9.853896|-1.000000|-1.000000|0.000000|-1|0
367|17|242|35|-HG2|H_|1|243| |1.000000|2.140000|0.000000|000|8.565281|-1.000000|-1.000000|0.000000|-1|0
367|17|243|35|-HG3|H_|1|244| |1.000000|2.160000|0.000000|000|9.168338|-1.000000|-1.000000|0.000000|-1|0
367|18|244|1|-N--|N_|7|245| |1.000000|0.540000|0.000000|000|8.933041|-1.000000|-1.000000|0.000000|-1|0
367|18|245|2|-CA-|C_|6|246| |1.000000|0.620000|0.000000|000|9.465436|-1.000000|-1.000000|0.000000|-1|0
367|18|246|3|-C--|C_|6|247| |1.000000|0.580000|0.000000|000|8.460080|-1.000000|-1.000000|0.000000|-1|0
367|18|247|4|-O--|O_|8|248| |1.000000|0.650000|0.000000|000|8.965649|-1.000000|-1.000000|0.000000|-1|0
367|18|248|5|-CB-|C_|6|249| |1.000000|0.700000|0.000000|000|10.302995|-1.000000|-1.000000|0.000000|-1|0
367|18|249|6|-CG-|C_|6|250| |1.000000|1.120000|0.000000|000|11.726645|-1.000000|-1.000000|0.000000|-1|0
367|18|250|6|-CD-|C_|6|251| |1.000000|1.870000|0.000000|000|12.639528|-1.000000|-1.000000|0.000000|-1|0
367|18|251|8|-OE1|O_|8|252| |1.000000|2.640000|0.000000|000|13.262878|-1.000000|-1.000000|0.000000|-1|0
367|18|252|9|-NE2|N_|7|253| |1.000000|2.400000|0.000000|000|12.906446|-1.000000|-1.000000|0.000000|-1|0
367|18|253|35|-H--|H_|1|254| |1.000000|0.520000|0.000000|000|9.002869|-1.000000|-1.000000|0.000000|-1|0
367|18|254|35|-HA-|H_|1|255| |1.000000|0.690000|0.000000|000|10.180735|-1.000000|-1.000000|0.000000|-1|0
367|18|255|35|-HB2|H_|1|256| |1.000000|0.630000|0.000000|000|9.971384|-1.000000|-1.000000|0.000000|-1|0
367|18|256|35|-HB3|H_|1|257| |1.000000|0.890000|0.000000|000|10.396983|-1.000000|-1.000000|0.000000|-1|0
367|18|257|35|-HG2|H_|1|258| |1.000000|1.430000|0.000000|000|12.178490|-1.000000|-1.000000|0.000000|-1|0
367|18|258|35|-HG3|H_|1|259| |1.000000|1.630000|0.000000|000|11.782951|-1.000000|-1.000000|0.000000|-1|0
367|18|259|35|HE21|H_|1|260| |1.000000|2.460000|0.000000|000|12.528526|-1.000000|-1.000000|0.000000|-1|0
367|18|260|35|HE22|H_|1|261| |1.000000|3.120000|0.000000|000|13.581883|-1.000000|-1.000000|0.000000|-1|0
367|19|261|1|-N--|N_|7|262| |1.000000|0.510000|0.000000|000|7.189689|-1.000000|-1.000000|0.000000|-1|0
367|19|262|2|-CA-|C_|6|263| |1.000000|0.540000|0.000000|000|6.268113|-1.000000|-1.000000|0.000000|-1|0
367|19|263|3|-C--|C_|6|264| |1.000000|0.480000|0.000000|000|5.584913|-1.000000|-1.000000|0.000000|-1|0
367|19|264|4|-O--|O_|8|265| |1.000000|0.500000|0.000000|000|4.761034|-1.000000|-1.000000|0.000000|-1|0
367|19|265|5|-CB-|C_|6|266| |1.000000|0.580000|0.000000|000|5.497832|-1.000000|-1.000000|0.000000|-1|0
367|19|266|11|-SG-|S_|16|267| |1.000000|0.480000|0.000000|000|4.671870|-1.000000|-1.000000|0.000000|-1|0
367|19|267|35|-H--|H_|1|268| |1.000000|0.470000|0.000000|000|6.967618|-1.000000|-1.000000|0.000000|-1|0
367|19|268|35|-HA-|H_|1|269| |1.000000|0.620000|0.000000|000|6.951698|-1.000000|-1.000000|0.000000|-1|0
367|19|269|35|-HB2|H_|1|270| |1.000000|0.630000|0.000000|000|4.993640|-1.000000|-1.000000|0.000000|-1|0
367|19|270|35|-HB3|H_|1|271| |1.000000|0.690000|0.000000|000|6.326498|-1.000000|-1.000000|0.000000|-1|0
367|20|271|1|-N--|N_|7|272| |1.000000|0.490000|0.000000|000|6.252676|-1.000000|-1.000000|0.000000|-1|0
367|20|272|2|-CA-|C_|6|273| |1.000000|0.530000|0.000000|000|6.168595|-1.000000|-1.000000|0.000000|-1|0
367|20|273|3|-C--|C_|6|274| |1.000000|0.620000|0.000000|000|6.910715|-1.000000|-1.000000|0.000000|-1|0
367|20|274|4|-O--|O_|8|275| |1.000000|0.710000|0.000000|000|7.309548|-1.000000|-1.000000|0.000000|-1|0
367|20|275|5|-CB-|C_|6|276| |1.000000|0.600000|0.000000|000|7.190250|-1.000000|-1.000000|0.000000|-1|0
367|20|276|6|-CG-|C_|6|277| |1.000000|1.140000|0.000000|000|6.897376|-1.000000|-1.000000|0.000000|-1|0
367|20|277|6|-CD-|C_|6|278| |1.000000|1.880000|0.000000|000|6.128949|-1.000000|-1.000000|0.000000|-1|0
367|20|278|8|-OE1|O_|8|279| |1.000000|2.660000|0.000000|000|6.482362|-1.000000|-1.000000|0.000000|-1|0
367|20|279|9|-NE2|N_|7|280| |1.000000|2.360000|0.000000|000|5.426574|-1.000000|-1.000000|0.000000|-1|0
367|20|280|35|-H--|H_|1|281| |1.000000|0.510000|0.000000|000|7.025385|-1.000000|-1.000000|0.000000|-1|0
367|20|281|35|-HA-|H_|1|282| |1.000000|0.510000|0.000000|000|5.216542|-1.000000|-1.000000|0.000000|-1|0
367|20|282|35|-HB2|H_|1|283| |1.000000|1.290000|0.000000|000|8.104766|-1.000000|-1.000000|0.000000|-1|0
367|20|283|35|-HB3|H_|1|284| |1.000000|1.330000|0.000000|000|7.477639|-1.000000|-1.000000|0.000000|-1|0
367|20|284|35|-HG2|H_|1|285| |1.000000|1.710000|0.000000|000|6.534928|-1.000000|-1.000000|0.000000|-1|0
367|20|285|35|-HG3|H_|1|286| |1.000000|1.780000|0.000000|000|7.887520|-1.000000|-1.000000|0.000000|-1|0
367|20|286|35|HE21|H_|1|287| |1.000000|2.400000|0.000000|000|5.411402|-1.000000|-1.000000|0.000000|-1|0
367|20|287|35|HE22|H_|1|288| |1.000000|3.040000|0.000000|000|5.168143|-1.000000|-1.000000|0.000000|-1|0
367|21|288|1|-N--|N_|7|289| |1.000000|0.660000|0.000000|000|7.408430|-1.000000|-1.000000|0.000000|-1|0
367|21|289|2|-CA-|C_|6|290| |1.000000|0.790000|0.000000|000|8.407465|-1.000000|-1.000000|0.000000|-1|0
367|21|290|3|-C--|C_|6|291| |1.000000|0.830000|0.000000|000|8.284942|-1.000000|-1.000000|0.000000|-1|0
367|21|291|4|-O--|O_|8|292| |1.000000|0.940000|0.000000|000|9.249056|-1.000000|-1.000000|0.000000|-1|0
367|21|292|5|-CB-|C_|6|293| |1.000000|0.900000|0.000000|000|9.741245|-1.000000|-1.000000|0.000000|-1|0
367|21|293|6|-CG-|C_|6|294| |1.000000|1.580000|0.000000|000|10.150597|-1.000000|-1.000000|0.000000|-1|0
367|21|294|6|-CD-|C_|6|295| |1.000000|2.160000|0.000000|000|11.651104|-1.000000|-1.000000|0.000000|-1|0
367|21|295|6|-CE-|C_|6|296| |1.000000|2.830000|0.000000|000|12.179213|-1.000000|-1.000000|0.000000|-1|0
367|21|296|14|-NZ-|N_|7|297| |1.000000|3.410000|0.000000|000|13.646887|-1.000000|-1.000000|0.000000|-1|0
367|21|297|35|-H--|H_|1|298| |1.000000|0.640000|0.000000|000|7.306988|-1.000000|-1.000000|0.000000|-1|0
367|21|298|35|-HA-|H_|1|299| |1.000000|0.820000|0.000000|000|8.520257|-1.000000|-1.000000|0.000000|-1|0
367|21|299|35|-HB2|H_|1|300| |1.000000|1.420000|0.000000|000|9.787316|-1.000000|-1.000000|0.000000|-1|0
367|21|300|35|-HB3|H_|1|301| |1.000000|1.340000|0.000000|000|10.534836|-1.000000|-1.000000|0.000000|-1|0
367|21|301|35|-HG2|H_|1|302| |1.000000|2.020000|0.000000|000|10.047542|-1.000000|-1.000000|0.000000|-1|0
367|21|302|35|-HG3|H_|1|303| |1.000000|2.060000|0.000000|000|9.667192|-1.000000|-1.000000|0.000000|-1|0
367|21|303|35|-HD2|H_|1|304| |1.000000|2.530000|0.000000|000|11.916872|-1.000000|-1.000000|0.000000|-1|0
367|21|304|35|-HD3|H_|1|305| |1.000000|2.420000|0.000000|000|12.221995|-1.000000|-1.000000|0.000000|-1|0
367|21|305|35|-HE2|H_|1|306| |1.000000|3.170000|0.000000|000|11.832533|-1.000000|-1.000000|0.000000|-1|0
367|21|306|35|-HE3|H_|1|307| |1.000000|3.180000|0.000000|000|12.025025|-1.000000|-1.000000|0.000000|-1|0
367|21|307|35|-HZ1|H_|1|308| |1.000000|3.630000|0.000000|000|13.868330|-1.000000|-1.000000|0.000000|-1|0
367|21|308|35|-HZ2|H_|1|309| |1.000000|3.990000|0.000000|000|14.100719|-1.000000|-1.000000|0.000000|-1|0
367|21|309|35|-HZ3|H_|1|310| |1.000000|3.510000|0.000000|000|14.099851|-1.000000|-1.000000|0.000000|-1|0
367|22|310|1|-N--|N_|7|311| |1.000000|0.770000|0.000000|000|7.302307|-1.000000|-1.000000|0.000000|-1|0
367|22|311|2|-CA-|C_|6|312| |1.000000|0.880000|0.000000|000|7.520947|-1.000000|-1.000000|0.000000|-1|0
367|22|312|3|-C--|C_|6|313| |1.000000|0.820000|0.000000|000|6.348238|-1.000000|-1.000000|0.000000|-1|0
367|22|313|4|-O--|O_|8|314| |1.000000|0.910000|0.000000|000|6.678211|-1.000000|-1.000000|0.000000|-1|0
367|22|314|5|-CB-|C_|6|315| |1.000000|0.960000|0.000000|000|8.617541|-1.000000|-1.000000|0.000000|-1|0
367|22|315|17|-OG-|O_|8|316| |1.000000|1.520000|0.000000|000|9.716058|-1.000000|-1.000000|0.000000|-1|0
367|22|316|35|-H--|H_|1|317| |1.000000|0.690000|0.000000|000|6.583594|-1.000000|-1.000000|0.000000|-1|0
367|22|317|35|-HA-|H_|1|318| |1.000000|0.960000|0.000000|000|8.026359|-1.000000|-1.000000|0.000000|-1|0
367|22|318|35|-HB2|H_|1|319| |1.000000|1.340000|0.000000|000|8.351620|-1.000000|-1.000000|0.000000|-1|0
367|22|319|35|-HB3|H_|1|320| |1.000000|1.490000|0.000000|000|9.024999|-1.000000|-1.000000|0.000000|-1|0
367|22|320|35|-HG-|H_|1|321| |1.000000|1.890000|0.000000|000|10.458807|-1.000000|-1.000000|0.000000|-1|0
367|23|321|1|-N--|N_|7|322| |1.000000|0.710000|0.000000|000|5.189312|-1.000000|-1.000000|0.000000|-1|0
367|23|322|2|-CA-|C_|6|323| |1.000000|0.680000|0.000000|000|4.137966|-1.000000|-1.000000|0.000000|-1|0
367|23|323|3|-C--|C_|6|324| |1.000000|0.820000|0.000000|000|4.813138|-1.000000|-1.000000|0.000000|-1|0
367|23|324|4|-O--|O_|8|325| |1.000000|0.940000|0.000000|000|5.314858|-1.000000|-1.000000|0.000000|-1|0
367|23|325|5|-CB-|C_|6|326| |1.000000|0.540000|0.000000|000|2.864533|-1.000000|-1.000000|0.000000|-1|0
367|23|326|11|-SG-|S_|16|327| |1.000000|0.580000|0.000000|000|3.069311|-1.000000|-1.000000|0.000000|-1|0
367|23|327|35|-H--|H_|1|328| |1.000000|0.680000|0.000000|000|5.188823|-1.000000|-1.000000|0.000000|-1|0
367|23|328|35|-HA-|H_|1|329| |1.000000|0.710000|0.000000|000|4.277553|-1.000000|-1.000000|0.000000|-1|0
367|23|329|35|-HB2|H_|1|330| |1.000000|0.520000|0.000000|000|2.077205|-1.000000|-1.000000|0.000000|-1|0
367|23|330|35|-HB3|H_|1|331| |1.000000|0.510000|0.000000|000|3.326093|-1.000000|-1.000000|0.000000|-1|0
367|24|331|1|-N--|N_|7|332| |1.000000|0.860000|0.000000|000|5.321056|-1.000000|-1.000000|0.000000|-1|0
367|24|332|2|-CA-|C_|6|333| |1.000000|1.000000|0.000000|000|6.409058|-1.000000|-1.000000|0.000000|-1|0
367|24|333|3|-C--|C_|6|334| |1.000000|0.910000|0.000000|000|6.161422|-1.000000|-1.000000|0.000000|-1|0
367|24|334|4|-O--|O_|8|335| |1.000000|0.980000|0.000000|000|6.851552|-1.000000|-1.000000|0.000000|-1|0
367|24|335|5|-CB-|C_|6|336| |1.000000|1.160000|0.000000|000|7.399354|-1.000000|-1.000000|0.000000|-1|0
367|24|336|17|-OG-|O_|8|337| |1.000000|1.840000|0.000000|000|8.241861|-1.000000|-1.000000|0.000000|-1|0
367|24|337|35|-H--|H_|1|338| |1.000000|0.850000|0.000000|000|5.266771|-1.000000|-1.000000|0.000000|-1|0
367|24|338|35|-HA-|H_|1|339| |1.000000|1.090000|0.000000|000|7.010326|-1.000000|-1.000000|0.000000|-1|0
367|24|339|35|-HB2|H_|1|340| |1.000000|1.630000|0.000000|000|7.007808|-1.000000|-1.000000|0.000000|-1|0
367|24|340|35|-HB3|H_|1|341| |1.000000|1.270000|0.000000|000|8.092030|-1.000000|-1.000000|0.000000|-1|0
367|24|341|35|-HG-|H_|1|342| |1.000000|2.280000|0.000000|000|8.235986|-1.000000|-1.000000|0.000000|-1|0
367|25|342|1|-N--|N_|7|343| |1.000000|0.790000|0.000000|000|5.550856|-1.000000|-1.000000|0.000000|-1|0
367|25|343|2|-CA-|C_|6|344| |1.000000|0.740000|0.000000|000|5.825128|-1.000000|-1.000000|0.000000|-1|0
367|25|344|3|-C--|C_|6|345| |1.000000|0.690000|0.000000|000|6.811681|-1.000000|-1.000000|0.000000|-1|0
367|25|345|4|-O--|O_|8|346| |1.000000|0.800000|0.000000|000|6.908173|-1.000000|-1.000000|0.000000|-1|0
367|25|346|5|-CB-|C_|6|347| |1.000000|0.800000|0.000000|000|4.613811|-1.000000|-1.000000|0.000000|-1|0
367|25|347|11|-SG-|S_|16|348| |1.000000|0.960000|0.000000|000|3.731526|-1.000000|-1.000000|0.000000|-1|0
367|25|348|35|-H--|H_|1|349| |1.000000|0.780000|0.000000|000|5.203221|-1.000000|-1.000000|0.000000|-1|0
367|25|349|35|-HA-|H_|1|350| |1.000000|0.830000|0.000000|000|6.430978|-1.000000|-1.000000|0.000000|-1|0
367|25|350|35|-HB2|H_|1|351| |1.000000|0.750000|0.000000|000|4.200703|-1.000000|-1.000000|0.000000|-1|0
367|25|351|35|-HB3|H_|1|352| |1.000000|0.950000|0.000000|000|5.123374|-1.000000|-1.000000|0.000000|-1|0
367|26|352|1|-N--|N_|7|353| |1.000000|0.670000|0.000000|000|7.772547|-1.000000|-1.000000|0.000000|-1|0
367|26|353|2|-CA-|C_|6|354| |1.000000|0.790000|0.000000|000|8.925403|-1.000000|-1.000000|0.000000|-1|0
367|26|354|3|-C--|C_|6|355| |1.000000|0.820000|0.000000|000|8.792108|-1.000000|-1.000000|0.000000|-1|0
367|26|355|4|-O--|O_|8|356| |1.000000|0.740000|0.000000|000|7.799029|-1.000000|-1.000000|0.000000|-1|0
367|26|356|5|-CB-|C_|6|357| |1.000000|0.910000|0.000000|000|10.047223|-1.000000|-1.000000|0.000000|-1|0
367|26|357|6|-CG-|C_|6|358| |1.000000|0.840000|0.000000|000|9.538003|-1.000000|-1.000000|0.000000|-1|0
367|26|358|6|-CD-|C_|6|359| |1.000000|0.710000|0.000000|000|8.113991|-1.000000|-1.000000|0.000000|-1|0
367|26|359|35|-HA-|H_|1|360| |1.000000|0.890000|0.000000|000|9.278008|-1.000000|-1.000000|0.000000|-1|0
367|26|360|35|-HB2|H_|1|361| |1.000000|1.010000|0.000000|000|10.722890|-1.000000|-1.000000|0.000000|-1|0
367|26|361|35|-HB3|H_|1|362| |1.000000|1.020000|0.000000|000|10.646667|-1.000000|-1.000000|0.000000|-1|0
367|26|362|35|-HG2|H_|1|363| |1.000000|0.820000|0.000000|000|9.689588|-1.000000|-1.000000|0.000000|-1|0
367|26|363|35|-HG3|H_|1|364| |1.000000|1.000000|0.000000|000|10.205841|-1.000000|-1.000000|0.000000|-1|0
367|26|364|35|-HD2|H_|1|365| |1.000000|0.650000|0.000000|000|7.545928|-1.000000|-1.000000|0.000000|-1|0
367|26|365|35|-HD3|H_|1|366| |1.000000|0.810000|0.000000|000|8.188457|-1.000000|-1.000000|0.000000|-1|0
367|27|366|1|-N--|N_|7|367| |1.000000|1.010000|0.000000|000|9.943196|-1.000000|-1.000000|0.000000|-1|0
367|27|367|2|-CA-|C_|6|368| |1.000000|1.140000|0.000000|000|10.181521|-1.000000|-1.000000|0.000000|-1|0
367|27|368|3|-C--|C_|6|369| |1.000000|1.140000|0.000000|000|10.646771|-1.000000|-1.000000|0.000000|-1|0
367|27|369|4|-O--|O_|8|370| |1.000000|1.330000|0.000000|000|11.660566|-1.000000|-1.000000|0.000000|-1|0
367|27|370|5|-CB-|C_|6|371| |1.000000|1.390000|0.000000|000|11.410363|-1.000000|-1.000000|0.000000|-1|0
367|27|371|17|-OG1|O_|8|372| |1.000000|1.590000|0.000000|000|11.948629|-1.000000|-1.000000|0.000000|-1|0
367|27|372|6|-CG2|C_|6|373| |1.000000|1.500000|0.000000|000|12.539447|-1.000000|-1.000000|0.000000|-1|0
367|27|373|35|-H--|H_|1|374| |1.000000|1.090000|0.000000|000|10.746519|-1.000000|-1.000000|0.000000|-1|0
367|27|374|35|-HA-|H_|1|375| |1.000000|1.120000|0.000000|000|9.365488|-1.000000|-1.000000|0.000000|-1|0
367|27|375|35|-HB-|H_|1|376| |1.000000|1.390000|0.000000|000|11.238970|-1.000000|-1.000000|0.000000|-1|0
367|27|376|35|-HG1|H_|1|377| |1.000000|1.630000|0.000000|000|12.240180|-1.000000|-1.000000|0.000000|-1|0
367|27|377|35|HG21|H_|1|378| |1.000000|1.900000|0.000000|000|12.283865|-1.000000|-1.000000|0.000000|-1|0
367|27|378|35|HG22|H_|1|379| |1.000000|2.040000|0.000000|000|13.390776|-1.000000|-1.000000|0.000000|-1|0
367|27|379|35|HG23|H_|1|380| |1.000000|1.510000|0.000000|000|12.874956|-1.000000|-1.000000|0.000000|-1|0
367|28|380|1|-N--|N_|7|381| |1.000000|0.950000|0.000000|000|10.045249|-1.000000|-1.000000|0.000000|-1|0
367|28|381|2|-CA-|C_|6|382| |1.000000|0.990000|0.000000|000|10.682685|-1.000000|-1.000000|0.000000|-1|0
367|28|382|3|-C--|C_|6|383| |1.000000|0.800000|0.000000|000|9.693702|-1.000000|-1.000000|0.000000|-1|0
367|28|383|4|-O--|O_|8|384| |1.000000|0.820000|0.000000|000|10.155386|-1.000000|-1.000000|0.000000|-1|0
367|28|384|35|-H--|H_|1|385| |1.000000|0.810000|0.000000|000|9.265917|-1.000000|-1.000000|0.000000|-1|0
367|28|385|35|-HA2|H_|1|386| |1.000000|1.140000|0.000000|000|11.345723|-1.000000|-1.000000|0.000000|-1|0
367|28|386|35|-HA3|H_|1|387| |1.000000|1.040000|0.000000|000|11.316916|-1.000000|-1.000000|0.000000|-1|0
367|29|387|1|-N--|N_|7|388| |1.000000|0.690000|0.000000|000|8.465060|-1.000000|-1.000000|0.000000|-1|0
367|29|388|2|-CA-|C_|6|389| |1.000000|0.540000|0.000000|000|7.547344|-1.000000|-1.000000|0.000000|-1|0
367|29|389|3|-C--|C_|6|390| |1.000000|0.690000|0.000000|000|7.906279|-1.000000|-1.000000|0.000000|-1|0
367|29|390|4|-O--|O_|8|391| |1.000000|0.740000|0.000000|000|7.204792|-1.000000|-1.000000|0.000000|-1|0
367|29|391|5|-CB-|C_|6|392| |1.000000|0.470000|0.000000|000|6.134800|-1.000000|-1.000000|0.000000|-1|0
367|29|392|11|-SG-|S_|16|393| |1.000000|0.340000|0.000000|000|5.191198|-1.000000|-1.000000|0.000000|-1|0
367|29|393|35|-H--|H_|1|394| |1.000000|0.740000|0.000000|000|8.258019|-1.000000|-1.000000|0.000000|-1|0
367|29|394|35|-HA-|H_|1|395| |1.000000|0.480000|0.000000|000|7.856190|-1.000000|-1.000000|0.000000|-1|0
367|29|395|35|-HB2|H_|1|396| |1.000000|0.480000|0.000000|000|6.283223|-1.000000|-1.000000|0.000000|-1|0
367|29|396|35|-HB3|H_|1|397| |1.000000|0.610000|0.000000|000|5.871418|-1.000000|-1.000000|0.000000|-1|0
367|30|397|1|-N--|N_|7|398| |1.000000|0.840000|0.000000|000|9.185383|-1.000000|-1.000000|0.000000|-1|0
367|30|398|2|-CA-|C_|6|399| |1.000000|1.030000|0.000000|000|9.873311|-1.000000|-1.000000|0.000000|-1|0
367|30|399|3|-C--|C_|6|400| |1.000000|0.950000|0.000000|000|10.325620|-1.000000|-1.000000|0.000000|-1|0
367|30|400|4|-O--|O_|8|401| |1.000000|1.080000|0.000000|000|10.977184|-1.000000|-1.000000|0.000000|-1|0
367|30|401|5|-CB-|C_|6|402| |1.000000|1.300000|0.000000|000|11.177197|-1.000000|-1.000000|0.000000|-1|0
367|30|402|6|-CG-|C_|6|403| |1.000000|1.460000|0.000000|000|11.501037|-1.000000|-1.000000|0.000000|-1|0
367|30|403|8|-OD1|O_|8|404| |1.000000|1.930000|0.000000|000|11.654007|-1.000000|-1.000000|0.000000|-1|0
367|30|404|9|-ND2|N_|7|405| |1.000000|2.150000|0.000000|000|11.833222|-1.000000|-1.000000|0.000000|-1|0
367|30|405|35|-H--|H_|1|406| |1.000000|0.860000|0.000000|000|9.790326|-1.000000|-1.000000|0.000000|-1|0
367|30|406|35|-HA-|H_|1|407| |1.000000|1.110000|0.000000|000|9.360760|-1.000000|-1.000000|0.000000|-1|0
367|30|407|35|-HB2|H_|1|408| |1.000000|1.530000|0.000000|000|11.209367|-1.000000|-1.000000|0.000000|-1|0
367|30|408|35|-HB3|H_|1|409| |1.000000|1.890000|0.000000|000|12.001584|-1.000000|-1.000000|0.000000|-1|0
367|30|409|35|HD21|H_|1|410| |1.000000|2.580000|0.000000|000|11.856503|-1.000000|-1.000000|0.000000|-1|0
367|30|410|35|HD22|H_|1|411| |1.000000|2.580000|0.000000|000|12.185747|-1.000000|-1.000000|0.000000|-1|0
367|31|411|1|-N--|N_|7|412| |1.000000|0.830000|0.000000|000|10.211561|-1.000000|-1.000000|0.000000|-1|0
367|31|412|2|-CA-|C_|6|413| |1.000000|0.860000|0.000000|000|10.914063|-1.000000|-1.000000|0.000000|-1|0
367|31|413|3|-C--|C_|6|414| |1.000000|0.580000|0.000000|000|10.040499|-1.000000|-1.000000|0.000000|-1|0
367|31|414|4|-O--|O_|8|415| |1.000000|0.620000|0.000000|000|8.869754|-1.000000|-1.000000|0.000000|-1|0
367|31|415|5|-CB-|C_|6|416| |1.000000|1.180000|0.000000|000|11.741645|-1.000000|-1.000000|0.000000|-1|0
367|31|416|17|-OG-|O_|8|417| |1.000000|1.780000|0.000000|000|12.690465|-1.000000|-1.000000|0.000000|-1|0
367|31|417|35|-H--|H_|1|418| |1.000000|0.800000|0.000000|000|9.820462|-1.000000|-1.000000|0.000000|-1|0
367|31|418|35|-HA-|H_|1|419| |1.000000|1.020000|0.000000|000|11.642835|-1.000000|-1.000000|0.000000|-1|0
367|31|419|35|-HB2|H_|1|420| |1.000000|1.450000|0.000000|000|11.174201|-1.000000|-1.000000|0.000000|-1|0
367|31|420|35|-HB3|H_|1|421| |1.000000|1.560000|0.000000|000|12.329960|-1.000000|-1.000000|0.000000|-1|0
367|31|421|35|-HG-|H_|1|422| |1.000000|2.060000|0.000000|000|13.557205|-1.000000|-1.000000|0.000000|-1|0
367|32|422|1|-N--|N_|7|423| |1.000000|0.790000|0.000000|000|10.732494|-1.000000|-1.000000|0.000000|-1|0
367|32|423|2|-CA-|C_|6|424| |1.000000|0.690000|0.000000|000|10.237463|-1.000000|-1.000000|0.000000|-1|0
367|32|424|3|-C--|C_|6|425| |1.000000|0.950000|0.000000|000|10.642044|-1.000000|-1.000000|0.000000|-1|0
367|32|425|4|-O--|O_|8|426| |1.000000|1.520000|0.000000|000|10.657670|-1.000000|-1.000000|0.000000|-1|0
367|32|426|5|-CB-|C_|6|427| |1.000000|0.740000|0.000000|000|11.156025|-1.000000|-1.000000|0.000000|-1|0
367|32|427|6|-CG-|C_|6|428| |1.000000|1.410000|0.000000|000|10.812254|-1.000000|-1.000000|0.000000|-1|0
367|32|428|10|-OD1|O_|8|429| |1.000000|2.220000|0.000000|000|9.943396|-1.000000|-1.000000|0.000000|-1|0
367|32|429|10|-OD2|O_|8|430| |1.000000|2.110000|0.000000|000|11.577276|-1.000000|-1.000000|0.000000|-1|0
367|32|430|35|-H--|H_|1|431| |1.000000|1.180000|0.000000|000|11.682434|-1.000000|-1.000000|0.000000|-1|0
367|32|431|35|-HA-|H_|1|432| |1.000000|0.590000|0.000000|000|9.193602|-1.000000|-1.000000|0.000000|-1|0
367|32|432|35|-HB2|H_|1|433| |1.000000|1.360000|0.000000|000|12.149723|-1.000000|-1.000000|0.000000|-1|0
367|32|433|35|-HB3|H_|1|434| |1.000000|1.310000|0.000000|000|11.231358|-1.000000|-1.000000|0.000000|-1|0
367|33|434|1|-N--|N_|7|435| |1.000000|0.890000|0.000000|000|11.185855|-1.000000|-1.000000|0.000000|-1|0
367|33|435|2|-CA-|C_|6|436| |1.000000|1.090000|0.000000|000|11.825326|-1.000000|-1.000000|0.000000|-1|0
367|33|436|3|-C--|C_|6|437| |1.000000|0.830000|0.000000|000|11.624399|-1.000000|-1.000000|0.000000|-1|0
367|33|437|4|-O--|O_|8|438| |1.000000|1.280000|0.000000|000|12.591531|-1.000000|-1.000000|0.000000|-1|0
367|33|438|5|-CB-|C_|6|439| |1.000000|1.860000|0.000000|000|13.315528|-1.000000|-1.000000|0.000000|-1|0
367|33|439|6|-CG-|C_|6|440| |1.000000|2.610000|0.000000|000|13.939925|-1.000000|-1.000000|0.000000|-1|0
367|33|440|10|-OD1|O_|8|441| |1.000000|3.330000|0.000000|000|13.441337|-1.000000|-1.000000|0.000000|-1|0
367|33|441|10|-OD2|O_|8|442| |1.000000|3.070000|0.000000|000|15.015375|-1.000000|-1.000000|0.000000|-1|0
367|33|442|35|-H--|H_|1|443| |1.000000|1.060000|0.000000|000|11.305052|-1.000000|-1.000000|0.000000|-1|0
367|33|443|35|-HA-|H_|1|444| |1.000000|1.340000|0.000000|000|11.547935|-1.000000|-1.000000|0.000000|-1|0
367|33|444|35|-HB2|H_|1|445| |1.000000|2.230000|0.000000|000|13.510736|-1.000000|-1.000000|0.000000|-1|0
367|33|445|35|-HB3|H_|1|446| |1.000000|2.340000|0.000000|000|13.863048|-1.000000|-1.000000|0.000000|-1|0
367|34|446|1|-N--|N_|7|447| |1.000000|0.870000|0.000000|000|10.471931|-1.000000|-1.000000|0.000000|-1|0
367|34|447|2|-CA-|C_|6|448| |1.000000|1.080000|0.000000|000|10.381792|-1.000000|-1.000000|0.000000|-1|0
367|34|448|3|-C--|C_|6|449| |1.000000|1.020000|0.000000|000|8.955265|-1.000000|-1.000000|0.000000|-1|0
367|34|449|4|-O--|O_|8|450| |1.000000|1.440000|0.000000|000|8.670251|-1.000000|-1.000000|0.000000|-1|0
367|34|450|5|-CB-|C_|6|451| |1.000000|1.600000|0.000000|000|11.110349|-1.000000|-1.000000|0.000000|-1|0
367|34|451|6|-CG-|C_|6|452| |1.000000|1.680000|0.000000|000|12.268823|-1.000000|-1.000000|0.000000|-1|0
367|34|452|6|-CD-|C_|6|453| |1.000000|2.430000|0.000000|000|13.050111|-1.000000|-1.000000|0.000000|-1|0
367|34|453|6|-CE-|C_|6|454| |1.000000|3.050000|0.000000|000|14.293732|-1.000000|-1.000000|0.000000|-1|0
367|34|454|14|-NZ-|N_|7|455| |1.000000|3.410000|0.000000|000|15.436995|-1.000000|-1.000000|0.000000|-1|0
367|34|455|35|-H--|H_|1|456| |1.000000|1.240000|0.000000|000|9.738278|-1.000000|-1.000000|0.000000|-1|0
367|34|456|35|-HA-|H_|1|457| |1.000000|1.170000|0.000000|000|10.983456|-1.000000|-1.000000|0.000000|-1|0
367|34|457|35|-HB2|H_|1|458| |1.000000|1.790000|0.000000|000|11.586946|-1.000000|-1.000000|0.000000|-1|0
367|34|458|35|-HB3|H_|1|459| |1.000000|2.090000|0.000000|000|10.497755|-1.000000|-1.000000|0.000000|-1|0
367|34|459|35|-HG2|H_|1|460| |1.000000|1.840000|0.000000|000|11.971637|-1.000000|-1.000000|0.000000|-1|0
367|34|460|35|-HG3|H_|1|461| |1.000000|1.590000|0.000000|000|12.982920|-1.000000|-1.000000|0.000000|-1|0
367|34|461|35|-HD2|H_|1|462| |1.000000|2.660000|0.000000|000|13.425340|-1.000000|-1.000000|0.000000|-1|0
367|34|462|35|-HD3|H_|1|463| |1.000000|2.740000|0.000000|000|12.490267|-1.000000|-1.000000|0.000000|-1|0
367|34|463|35|-HE2|H_|1|464| |1.000000|3.430000|0.000000|000|14.298551|-1.000000|-1.000000|0.000000|-1|0
367|34|464|35|-HE3|H_|1|465| |1.000000|3.260000|0.000000|000|14.456871|-1.000000|-1.000000|0.000000|-1|0
367|34|465|35|-HZ1|H_|1|466| |1.000000|3.110000|0.000000|000|15.269957|-1.000000|-1.000000|0.000000|-1|0
367|34|466|35|-HZ2|H_|1|467| |1.000000|3.800000|0.000000|000|16.283821|-1.000000|-1.000000|0.000000|-1|0
367|34|467|35|-HZ3|H_|1|468| |1.000000|3.950000|0.000000|000|15.656430|-1.000000|-1.000000|0.000000|-1|0
367|35|468|1|-N--|N_|7|469| |1.000000|0.640000|0.000000|000|8.221778|-1.000000|-1.000000|0.000000|-1|0
367|35|469|2|-CA-|C_|6|470| |1.000000|0.550000|0.000000|000|6.800730|-1.000000|-1.000000|0.000000|-1|0
367|35|470|3|-C--|C_|6|471| |1.000000|0.590000|0.000000|000|6.870370|-1.000000|-1.000000|0.000000|-1|0
367|35|471|4|-O--|O_|8|472| |1.000000|0.600000|0.000000|000|7.076426|-1.000000|-1.000000|0.000000|-1|0
367|35|472|5|-CB-|C_|6|473| |1.000000|0.460000|0.000000|000|6.249088|-1.000000|-1.000000|0.000000|-1|0
367|35|473|11|-SG-|S_|16|474| |1.000000|0.420000|0.000000|000|4.503416|-1.000000|-1.000000|0.000000|-1|0
367|35|474|35|-H--|H_|1|475| |1.000000|0.650000|0.000000|000|8.715714|-1.000000|-1.000000|0.000000|-1|0
367|35|475|35|-HA-|H_|1|476| |1.000000|0.580000|0.000000|000|6.454121|-1.000000|-1.000000|0.000000|-1|0
367|35|476|35|-HB2|H_|1|477| |1.000000|0.480000|0.000000|000|6.553140|-1.000000|-1.000000|0.000000|-1|0
367|35|477|35|-HB3|H_|1|478| |1.000000|0.570000|0.000000|000|6.883497|-1.000000|-1.000000|0.000000|-1|0
367|36|478|1|-N--|N_|7|479| |1.000000|0.670000|0.000000|000|7.059820|-1.000000|-1.000000|0.000000|-1|0
367|36|479|2|-CA-|C_|6|480| |1.000000|0.780000|0.000000|000|7.540311|-1.000000|-1.000000|0.000000|-1|0
367|36|480|3|-C--|C_|6|481| |1.000000|0.780000|0.000000|000|6.525332|-1.000000|-1.000000|0.000000|-1|0
367|36|481|4|-O--|O_|8|482| |1.000000|0.880000|0.000000|000|6.801256|-1.000000|-1.000000|0.000000|-1|0
367|36|482|5|-CB-|C_|6|483| |1.000000|0.920000|0.000000|000|8.450019|-1.000000|-1.000000|0.000000|-1|0
367|36|483|6|-CG-|C_|6|484| |1.000000|0.880000|0.000000|000|8.056776|-1.000000|-1.000000|0.000000|-1|0
367|36|484|6|-CD-|C_|6|485| |1.000000|0.700000|0.000000|000|7.274494|-1.000000|-1.000000|0.000000|-1|0
367|36|485|35|-HA-|H_|1|486| |1.000000|0.810000|0.000000|000|8.230665|-1.000000|-1.000000|0.000000|-1|0
367|36|486|35|-HB2|H_|1|487| |1.000000|1.000000|0.000000|000|8.563006|-1.000000|-1.000000|0.000000|-1|0
367|36|487|35|-HB3|H_|1|488| |1.000000|0.990000|0.000000|000|9.437896|-1.000000|-1.000000|0.000000|-1|0
367|36|488|35|-HG2|H_|1|489| |1.000000|0.900000|0.000000|000|7.620604|-1.000000|-1.000000|0.000000|-1|0
367|36|489|35|-HG3|H_|1|490| |1.000000|0.980000|0.000000|000|9.004223|-1.000000|-1.000000|0.000000|-1|0
367|36|490|35|-HD2|H_|1|491| |1.000000|0.630000|0.000000|000|6.419443|-1.000000|-1.000000|0.000000|-1|0
367|36|491|35|-HD3|H_|1|492| |1.000000|0.720000|0.000000|000|8.005538|-1.000000|-1.000000|0.000000|-1|0
367|37|492|1|-N--|N_|7|493| |1.000000|0.700000|0.000000|000|5.615166|-1.000000|-1.000000|0.000000|-1|0
367|37|493|2|-CA-|C_|6|494| |1.000000|0.740000|0.000000|000|4.835807|-1.000000|-1.000000|0.000000|-1|0
367|37|494|3|-C--|C_|6|495| |1.000000|0.980000|0.000000|000|5.952052|-1.000000|-1.000000|0.000000|-1|0
367|37|495|4|-O--|O_|8|496| |1.000000|1.520000|0.000000|000|7.098163|-1.000000|-1.000000|0.000000|-1|0
367|37|496|5|-CB-|C_|6|497| |1.000000|0.560000|0.000000|000|3.822137|-1.000000|-1.000000|0.000000|-1|0
367|37|497|11|-SG-|S_|16|498| |1.000000|0.540000|0.000000|000|2.565917|-1.000000|-1.000000|0.000000|-1|0
367|37|498|35|-H--|H_|1|499| |1.000000|0.640000|0.000000|000|5.670175|-1.000000|-1.000000|0.000000|-1|0
367|37|499|35|-HA-|H_|1|500| |1.000000|0.790000|0.000000|000|4.567122|-1.000000|-1.000000|0.000000|-1|0
367|37|500|35|-HB2|H_|1|501| |1.000000|0.470000|0.000000|000|3.671708|-1.000000|-1.000000|0.000000|-1|0
367|37|501|35|-HB3|H_|1|502| |1.000000|0.670000|0.000000|000|4.499379|-1.000000|-1.000000|0.000000|-1|0
367|38|502|1|-N--|N_|7|503| |1.000000|1.250000|0.000000|000|5.847526|-1.000000|-1.000000|0.000000|-1|0
367|38|503|2|-CA-|C_|6|504| |1.000000|1.520000|0.000000|000|7.187546|-1.000000|-1.000000|0.000000|-1|0
367|38|504|3|-C--|C_|6|505| |1.000000|1.280000|0.000000|000|7.959820|-1.000000|-1.000000|0.000000|-1|0
367|38|505|4|-O--|O_|8|506| |1.000000|1.210000|0.000000|000|9.171844|-1.000000|-1.000000|0.000000|-1|0
367|38|506|35|-H--|H_|1|507| |1.000000|1.630000|0.000000|000|5.038312|-1.000000|-1.000000|0.000000|-1|0
367|38|507|35|-HA2|H_|1|508| |1.000000|1.650000|0.000000|000|7.833736|-1.000000|-1.000000|0.000000|-1|0
367|38|508|35|-HA3|H_|1|509| |1.000000|2.120000|0.000000|000|7.207916|-1.000000|-1.000000|0.000000|-1|0
367|39|509|1|-N--|N_|7|510| |1.000000|1.740000|0.000000|000|7.451251|-1.000000|-1.000000|0.000000|-1|0
367|39|510|2|-CA-|C_|6|511| |1.000000|2.220000|0.000000|000|8.515253|-1.000000|-1.000000|0.000000|-1|0
367|39|511|3|-C--|C_|6|512| |1.000000|2.680000|0.000000|000|8.200990|-1.000000|-1.000000|0.000000|-1|0
367|39|512|4|-O--|O_|8|513| |1.000000|2.990000|0.000000|000|8.974097|-1.000000|-1.000000|0.000000|-1|0
367|39|513|5|-CB-|C_|6|514| |1.000000|3.120000|0.000000|000|8.992565|-1.000000|-1.000000|0.000000|-1|0
367|39|514|6|-CG-|C_|6|515| |1.000000|3.780000|0.000000|000|10.457438|-1.000000|-1.000000|0.000000|-1|0
367|39|515|8|-OD1|O_|8|516| |1.000000|4.000000|0.000000|000|10.885825|-1.000000|-1.000000|0.000000|-1|0
367|39|516|9|-ND2|N_|7|517| |1.000000|4.500000|0.000000|000|11.364928|-1.000000|-1.000000|0.000000|-1|0
367|39|517|8|-OXT|O_|8|518| |1.000000|3.320000|0.000000|000|7.401519|-1.000000|-1.000000|0.000000|-1|0
367|39|518|35|-H--|H_|1|519| |1.000000|2.020000|0.000000|000|6.495310|-1.000000|-1.000000|0.000000|-1|0
367|39|519|35|-HA-|H_|1|520| |1.000000|2.200000|0.000000|000|9.386108|-1.000000|-1.000000|0.000000|-1|0
367|39|520|35|-HB2|H_|1|521| |1.000000|3.320000|0.000000|000|9.020782|-1.000000|-1.000000|0.000000|-1|0
367|39|521|35|-HB3|H_|1|522| |1.000000|3.560000|0.000000|000|8.473769|-1.000000|-1.000000|0.000000|-1|0
367|39|522|35|HD21|H_|1|523| |1.000000|4.690000|0.000000|000|11.189030|-1.000000|-1.000000|0.000000|-1|0
367|39|523|35|HD22|H_|1|524| |1.000000|5.050000|0.000000|000|12.295490|-1.000000|-1.000000|0.000000|-1|0
367|40|524|40|CU--|Cu|29|526| |1.000000|0.420000|0.000000|000|1.669582|-1.000000|-1.000000|0.000000|-1|1
367|41|525|40|CU--|Cu|29|527| |1.000000|0.320000|0.000000|000|3.924187|-1.000000|-1.000000|0.000000|-1|2
367|42|526|40|CU--|Cu|29|528| |1.000000|0.350000|0.000000|000|2.712633|-1.000000|-1.000000|0.000000|-1|3
367|43|527|40|CU--|Cu|29|529| |1.000000|0.520000|0.000000|000|1.916072|-1.000000|-1.000000|0.000000|-1|4
367|44|528|40|CU--|Cu|29|530| |1.000000|0.470000|0.000000|000|4.931191|-1.000000|-1.000000|0.000000|-1|5
367|45|529|40|CU--|Cu|29|531| |1.000000|0.480000|0.000000|000|3.675602|-1.000000|-1.000000|0.000000|-1|6
367|46|530|40|CU--|Cu|29|532| |1.000000|0.420000|0.000000|000|1.013300|-1.000000|-1.000000|0.000000|-1|7
