367|0|6|40|6|CYS|CU1|CYS|154615|87|524|92|-N--|CU--|-SG-|14011|107|142|3.959002|2.384294|3.986821|73.177094
367|1|6|40|8|CYS|CU1|CYS|154615|87|524|119|-N--|CU--|-SG-|14011|107|197|3.959002|2.260469|5.218281|111.112617
367|2|6|40|23|CYS|CU1|CYS|154615|87|524|326|-N--|CU--|-SG-|14011|107|480|3.959002|2.479095|4.180050|77.206261
367|3|6|40|46|CYS|CU1|CU1|154646|87|524|530|-N--|CU--|CU--|14040|107|752|3.959002|2.546133|6.327348|152.478134
367|4|6|40|43|CYS|CU1|CU1|154646|87|524|527|-N--|CU--|CU--|14040|107|753|3.959002|2.834537|6.183710|130.345215
367|5|6|40|42|CYS|CU1|CU1|154646|87|524|526|-N--|CU--|CU--|14040|107|754|3.959002|3.302112|5.634505|101.404533
367|6|6|40|8|CYS|CU1|CYS|154615|92|524|119|-SG-|CU--|-SG-|114011|142|197|2.384294|2.260469|3.434773|95.339516
367|7|6|40|23|CYS|CU1|CYS|154615|92|524|326|-SG-|CU--|-SG-|114011|142|480|2.384294|2.479095|4.402255|129.685501
367|8|6|40|46|CYS|CU1|CU1|154646|92|524|530|-SG-|CU--|CU--|114040|142|752|2.384294|2.546133|3.305040|84.117500
367|9|6|40|43|CYS|CU1|CU1|154646|92|524|527|-SG-|CU--|CU--|114040|142|753|2.384294|2.834537|4.691385|127.827507
367|10|6|40|42|CYS|CU1|CU1|154646|92|524|526|-SG-|CU--|CU--|114040|142|754|2.384294|3.302112|2.451995|47.803265
367|11|8|40|23|CYS|CU1|CYS|154615|119|524|326|-SG-|CU--|-SG-|114011|197|480|2.260469|2.479095|4.353979|133.405167
367|12|8|40|46|CYS|CU1|CU1|154646|119|524|530|-SG-|CU--|CU--|114040|197|752|2.260469|2.546133|3.280389|85.857262
367|13|8|40|43|CYS|CU1|CU1|154646|119|524|527|-SG-|CU--|CU--|114040|197|753|2.260469|2.834537|4.197543|110.439011
367|14|8|40|42|CYS|CU1|CU1|154646|119|524|526|-SG-|CU--|CU--|114040|197|754|2.260469|3.302112|4.838728|119.713692
367|15|23|40|46|CYS|CU1|CU1|154646|326|524|530|-SG-|CU--|CU--|114040|480|752|2.479095|2.546133|4.049600|107.378120
367|16|23|40|43|CYS|CU1|CU1|154646|326|524|527|-SG-|CU--|CU--|114040|480|753|2.479095|2.834537|2.453981|54.514076
367|17|23|40|42|CYS|CU1|CU1|154646|326|524|526|-SG-|CU--|CU--|114040|480|754|2.479095|3.302112|4.520091|101.918907
367|18|43|40|46|CU1|CU1|CU1|464646|527|524|530|CU--|CU--|CU--|404040|753|752|2.834537|2.546133|2.496239|54.965794
367|19|42|40|46|CU1|CU1|CU1|464646|526|524|530|CU--|CU--|CU--|404040|754|752|3.302112|2.546133|2.614218|51.129509
367|20|42|40|43|CU1|CU1|CU1|464646|526|524|527|CU--|CU--|CU--|404040|754|753|3.302112|2.834537|3.966734|80.146400
367|21|8|41|10|CYS|CU1|CYS|154615|119|525|146|-SG-|CU--|-SG-|114011|193|239|3.679660|2.459768|4.687517|97.562729
367|22|8|41|13|CYS|CU1|CYS|154615|119|525|174|-SG-|CU--|-SG-|114011|193|299|3.679660|2.248206|3.727276|73.490501
367|23|8|41|29|CYS|CU1|CYS|154615|119|525|392|-SG-|CU--|-SG-|114011|193|591|3.679660|3.948498|4.212707|66.936440
367|24|8|41|35|CYS|CU1|CYS|154615|119|525|473|-SG-|CU--|-SG-|114011|193|697|3.679660|2.250803|5.052570|114.702827
367|25|8|41|45|CYS|CU1|CU1|154646|119|525|529|-SG-|CU--|CU--|114040|193|755|3.679660|3.302135|4.122587|72.151894
367|26|8|41|44|CYS|CU1|CU1|154646|119|525|528|-SG-|CU--|CU--|114040|193|756|3.679660|2.576994|3.295000|60.552082
367|27|8|41|46|CYS|CU1|CU1|154646|119|525|530|-SG-|CU--|CU--|114040|193|757|3.679660|3.304560|3.280389|55.715698
367|28|10|41|13|CYS|CU1|CYS|154615|146|525|174|-SG-|CU--|-SG-|114011|239|299|2.459768|2.248206|4.145395|123.344322
367|29|10|41|29|CYS|CU1|CYS|154615|146|525|392|-SG-|CU--|-SG-|114011|239|591|2.459768|3.948498|4.499626|85.883331
367|30|10|41|35|CYS|CU1|CYS|154615|146|525|473|-SG-|CU--|-SG-|114011|239|697|2.459768|2.250803|4.011951|116.722664
367|31|10|41|45|CYS|CU1|CU1|154646|146|525|529|-SG-|CU--|CU--|114040|239|755|2.459768|3.302135|5.020793|120.536285
367|32|10|41|44|CYS|CU1|CU1|154646|146|525|528|-SG-|CU--|CU--|114040|239|756|2.459768|2.576994|2.447685|58.095440
367|33|10|41|46|CYS|CU1|CU1|154646|146|525|530|-SG-|CU--|CU--|114040|239|757|2.459768|3.304560|5.576121|150.309204
367|34|13|41|29|CYS|CU1|CYS|154615|174|525|392|-SG-|CU--|-SG-|114011|299|591|2.248206|3.948498|5.734191|133.565826
367|35|13|41|35|CYS|CU1|CYS|154615|174|525|473|-SG-|CU--|-SG-|114011|299|697|2.248206|2.250803|3.848344|117.602554
367|36|13|41|45|CYS|CU1|CU1|154646|174|525|529|-SG-|CU--|CU--|114040|299|755|2.248206|3.302135|4.577956|109.675598
367|37|13|41|44|CYS|CU1|CU1|154646|174|525|528|-SG-|CU--|CU--|114040|299|756|2.248206|2.576994|4.424873|132.876465
367|38|13|41|46|CYS|CU1|CU1|154646|174|525|530|-SG-|CU--|CU--|114040|299|757|2.248206|3.304560|2.243883|42.587929
367|39|29|41|35|CYS|CU1|CYS|154615|392|525|473|-SG-|CU--|-SG-|114011|591|697|3.948498|2.250803|3.535604|62.685661
367|40|29|41|45|CYS|CU1|CU1|154646|392|525|529|-SG-|CU--|CU--|114040|591|755|3.948498|3.302135|2.289633|35.414143
367|41|29|41|44|CYS|CU1|CU1|154646|392|525|528|-SG-|CU--|CU--|114040|591|756|3.948498|2.576994|2.249586|32.460930
367|42|29|41|46|CYS|CU1|CU1|154646|392|525|530|-SG-|CU--|CU--|114040|591|757|3.948498|3.304560|5.303351|93.547630
367|43|35|41|45|CYS|CU1|CU1|154646|473|525|529|-SG-|CU--|CU--|114040|697|755|2.250803|3.302135|2.248751|42.763111
367|44|35|41|44|CYS|CU1|CU1|154646|473|525|528|-SG-|CU--|CU--|114040|697|756|2.250803|2.576994|3.478901|91.954933
367|45|35|41|46|CYS|CU1|CU1|154646|473|525|530|-SG-|CU--|CU--|114040|697|757|2.250803|3.304560|3.957582|88.752831
367|46|44|41|45|CU1|CU1|CU1|464646|528|525|529|CU--|CU--|CU--|404040|756|755|2.576994|3.302135|3.299319|66.964989
367|47|45|41|46|CU1|CU1|CU1|464646|529|525|530|CU--|CU--|CU--|404040|755|757|3.302135|3.304560|3.663373|67.351715
367|48|44|41|46|CU1|CU1|CU1|464646|528|525|530|CU--|CU--|CU--|404040|756|757|2.576994|3.304560|4.813981|109.243660
367|49|6|42|13|CYS|CU1|CYS|154615|92|526|174|-SG-|CU--|-SG-|114011|145|303|2.451995|3.671675|3.913280|76.577446
367|50|19|42|6|CYS|CU1|CYS|154615|264|526|92|-O--|CU--|-SG-|44011|393|145|2.914313|2.451995|4.043280|97.407669
367|51|6|42|19|CYS|CU1|CYS|154615|92|526|266|-SG-|CU--|-SG-|114011|145|405|2.451995|2.253649|4.497105|145.725876
367|52|20|42|6|GLN|CU1|CYS|274615|271|526|92|-N--|CU--|-SG-|14011|407|145|3.856688|2.451995|4.568462|89.953117
367|53|20|42|6|GLN|CU1|CYS|274615|279|526|92|-NE2|CU--|-SG-|94011|423|145|3.687768|2.451995|2.856560|50.710529
367|54|6|42|37|CYS|CU1|CYS|154615|92|526|497|-SG-|CU--|-SG-|114011|145|740|2.451995|3.244619|4.984135|121.449326
367|55|6|42|40|CYS|CU1|CU1|154646|92|526|524|-SG-|CU--|CU--|114040|145|754|2.451995|3.302112|2.384294|46.086517
367|56|6|42|46|CYS|CU1|CU1|154646|92|526|530|-SG-|CU--|CU--|114040|145|758|2.451995|2.614218|3.305040|81.372581
367|57|6|42|43|CYS|CU1|CU1|154646|92|526|527|-SG-|CU--|CU--|114040|145|759|2.451995|3.966734|4.691385|90.771217
367|58|19|42|13|CYS|CU1|CYS|154615|264|526|174|-O--|CU--|-SG-|44011|393|303|2.914313|3.671675|6.562595|170.274292
367|59|13|42|19|CYS|CU1|CYS|154615|174|526|266|-SG-|CU--|-SG-|114011|303|405|3.671675|2.253649|4.880966|108.545692
367|60|20|42|13|GLN|CU1|CYS|274615|271|526|174|-N--|CU--|-SG-|14011|407|303|3.856688|3.671675|7.288008|150.957062
367|61|20|42|13|GLN|CU1|CYS|274615|279|526|174|-NE2|CU--|-SG-|94011|423|303|3.687768|3.671675|4.837078|82.182365
367|62|13|42|37|CYS|CU1|CYS|154615|174|526|497|-SG-|CU--|-SG-|114011|303|740|3.671675|3.244619|3.961725|69.578758
367|63|13|42|40|CYS|CU1|CU1|154646|174|526|524|-SG-|CU--|CU--|114040|303|754|3.671675|3.302112|4.095363|71.701790
367|64|13|42|46|CYS|CU1|CU1|154646|174|526|530|-SG-|CU--|CU--|114040|303|758|3.671675|2.614218|2.243883|37.253059
367|65|13|42|43|CYS|CU1|CU1|154646|174|526|527|-SG-|CU--|CU--|114040|303|759|3.671675|3.966734|4.669974|75.267914
367|66|19|42|19|CYS|CU1|CYS|154615|264|526|266|-O--|CU--|-SG-|44011|393|405|2.914313|2.253649|3.385749|80.761513
367|67|20|42|19|GLN|CU1|CYS|274615|271|526|264|-N--|CU--|-O--|14004|407|393|3.856688|2.914313|2.198710|34.467373
367|68|19|42|20|CYS|CU1|GLN|154627|264|526|279|-O--|CU--|-NE2|44009|393|423|2.914313|3.687768|5.083399|100.042191
367|69|19|42|37|CYS|CU1|CYS|154615|264|526|497|-O--|CU--|-SG-|44011|393|740|2.914313|3.244619|4.994411|108.252953
367|70|19|42|40|CYS|CU1|CU1|154646|264|526|524|-O--|CU--|CU--|44040|393|754|2.914313|3.302112|4.719846|98.605156
367|71|19|42|46|CYS|CU1|CU1|154646|264|526|530|-O--|CU--|CU--|44040|393|758|2.914313|2.614218|5.109028|135.002228
367|72|19|42|43|CYS|CU1|CU1|154646|264|526|527|-O--|CU--|CU--|44040|393|759|2.914313|3.966734|5.216264|97.408440
367|73|20|42|19|GLN|CU1|CYS|274615|271|526|266|-N--|CU--|-SG-|14011|407|405|3.856688|2.253649|3.710084|69.145889
367|74|20|42|19|GLN|CU1|CYS|274615|279|526|266|-NE2|CU--|-SG-|94011|423|405|3.687768|2.253649|4.505898|95.608803
367|75|19|42|37|CYS|CU1|CYS|154615|266|526|497|-SG-|CU--|-SG-|114011|405|740|2.253649|3.244619|3.981542|90.964577
367|76|19|42|40|CYS|CU1|CU1|154646|266|526|524|-SG-|CU--|CU--|114040|405|754|2.253649|3.302112|5.527280|168.178772
367|77|19|42|46|CYS|CU1|CU1|154646|266|526|530|-SG-|CU--|CU--|114040|405|758|2.253649|2.614218|4.297934|123.825180
367|78|19|42|43|CYS|CU1|CU1|154646|266|526|527|-SG-|CU--|CU--|114040|405|759|2.253649|3.966734|5.538648|123.478790
367|79|20|42|20|GLN|CU1|GLN|274627|271|526|279|-N--|CU--|-NE2|14009|407|423|3.856688|3.687768|4.304652|69.538803
367|80|20|42|37|GLN|CU1|CYS|274615|271|526|497|-N--|CU--|-SG-|14011|407|740|3.856688|3.244619|6.632517|137.965881
367|81|20|42|40|GLN|CU1|CU1|274646|271|526|524|-N--|CU--|CU--|14040|407|754|3.856688|3.302112|6.099694|116.659538
367|82|20|42|46|GLN|CU1|CU1|274646|271|526|530|-N--|CU--|CU--|14040|407|758|3.856688|2.614218|6.420866|165.467972
367|83|20|42|43|GLN|CU1|CU1|274646|271|526|527|-N--|CU--|CU--|14040|407|759|3.856688|3.966734|7.128096|131.316711
367|84|20|42|37|GLN|CU1|CYS|274615|279|526|497|-NE2|CU--|-SG-|94011|423|740|3.687768|3.244619|6.721910|151.631195
367|85|20|42|40|GLN|CU1|CU1|274646|279|526|524|-NE2|CU--|CU--|94040|423|754|3.687768|3.302112|5.205800|96.120636
367|86|20|42|46|GLN|CU1|CU1|274646|279|526|530|-NE2|CU--|CU--|94040|423|758|3.687768|2.614218|5.271535|112.425056
367|87|20|42|43|GLN|CU1|CU1|274646|279|526|527|-NE2|CU--|CU--|94040|423|759|3.687768|3.966734|7.176559|139.263367
367|88|37|42|40|CYS|CU1|CU1|154646|497|526|524|-SG-|CU--|CU--|114040|740|754|3.244619|3.302112|4.119030|77.972893
367|89|37|42|46|CYS|CU1|CU1|154646|497|526|530|-SG-|CU--|CU--|114040|740|758|3.244619|2.614218|2.251113|43.555302
367|90|37|42|43|CYS|CU1|CU1|154646|497|526|527|-SG-|CU--|CU--|114040|740|759|3.244619|3.966734|2.310769|35.627571
367|91|40|42|46|CU1|CU1|CU1|464646|524|526|530|CU--|CU--|CU--|404040|754|758|3.302112|2.614218|2.546133|49.313637
367|92|40|42|43|CU1|CU1|CU1|464646|524|526|527|CU--|CU--|CU--|404040|754|759|3.302112|3.966734|2.834537|44.751694
367|93|43|42|46|CU1|CU1|CU1|464646|527|526|530|CU--|CU--|CU--|404040|759|758|3.966734|2.614218|2.496239|38.023731
367|94|23|43|23|CYS|CU1|CYS|154615|324|527|326|-O--|CU--|-SG-|44011|465|476|3.907025|2.453981|2.758803|44.504620
367|95|24|43|23|SER|CU1|CYS|114615|331|527|324|-N--|CU--|-O--|14004|482|465|3.608317|3.907025|2.184187|33.491768
367|96|25|43|23|CYS|CU1|CYS|154615|342|527|324|-N--|CU--|-O--|14004|500|465|3.774781|3.907025|2.949380|45.115475
367|97|23|43|25|CYS|CU1|CYS|154615|324|527|347|-O--|CU--|-SG-|44011|465|530|3.907025|2.244783|4.669639|94.910957
367|98|23|43|37|CYS|CU1|CYS|154615|324|527|497|-O--|CU--|-SG-|44011|465|739|3.907025|2.310769|5.468199|120.988670
367|99|23|43|40|CYS|CU1|CU1|154646|324|527|524|-O--|CU--|CU--|44040|465|753|3.907025|2.834537|5.179597|99.167351
367|100|23|43|42|CYS|CU1|CU1|154646|324|527|526|-O--|CU--|CU--|44040|465|759|3.907025|3.966734|6.323616|106.856750
367|101|23|43|45|CYS|CU1|CU1|154646|324|527|529|-O--|CU--|CU--|44040|465|760|3.907025|3.307256|6.651252|134.260315
367|102|23|43|46|CYS|CU1|CU1|154646|324|527|530|-O--|CU--|CU--|44040|465|761|3.907025|2.496239|6.128747|145.449692
367|103|24|43|23|SER|CU1|CYS|114615|331|527|326|-N--|CU--|-SG-|14011|482|476|3.608317|2.453981|3.902155|77.559219
367|104|25|43|23|CYS|CU1|CYS|154615|342|527|326|-N--|CU--|-SG-|14011|500|476|3.774781|2.453981|3.833169|72.477966
367|105|23|43|25|CYS|CU1|CYS|154615|326|527|347|-SG-|CU--|-SG-|114011|476|530|2.453981|2.244783|3.903642|112.281761
367|106|23|43|37|CYS|CU1|CYS|154615|326|527|497|-SG-|CU--|-SG-|114011|476|739|2.453981|2.310769|4.403265|135.054672
367|107|23|43|40|CYS|CU1|CU1|154646|326|527|524|-SG-|CU--|CU--|114040|476|753|2.453981|2.834537|2.479095|55.345039
367|108|23|43|42|CYS|CU1|CU1|154646|326|527|526|-SG-|CU--|CU--|114040|476|759|2.453981|3.966734|4.520091|86.095215
367|109|23|43|45|CYS|CU1|CU1|154646|326|527|529|-SG-|CU--|CU--|114040|476|760|2.453981|3.307256|5.111588|124.390961
367|110|23|43|46|CYS|CU1|CU1|154646|326|527|530|-SG-|CU--|CU--|114040|476|761|2.453981|2.496239|4.049600|109.780098
367|111|24|43|25|SER|CU1|CYS|114615|331|527|342|-N--|CU--|-N--|14001|482|500|3.608317|3.774781|2.980807|47.557552
367|112|24|43|25|SER|CU1|CYS|114615|331|527|347|-N--|CU--|-SG-|14011|482|530|3.608317|2.244783|4.097123|85.494446
367|113|24|43|37|SER|CU1|CYS|114615|331|527|497|-N--|CU--|-SG-|14011|482|739|3.608317|2.310769|4.457028|95.179695
367|114|24|43|40|SER|CU1|CU1|114646|331|527|524|-N--|CU--|CU--|14040|482|753|3.608317|2.834537|5.846613|129.925430
367|115|24|43|42|SER|CU1|CU1|114646|331|527|526|-N--|CU--|CU--|14040|482|759|3.608317|3.966734|6.249704|111.096634
367|116|24|43|45|SER|CU1|CU1|114646|331|527|529|-N--|CU--|CU--|14040|482|760|3.608317|3.307256|6.200007|127.357124
367|117|24|43|46|SER|CU1|CU1|114646|331|527|530|-N--|CU--|CU--|14040|482|761|3.608317|2.496239|5.850565|146.247116
367|118|25|43|25|CYS|CU1|CYS|154615|342|527|347|-N--|CU--|-SG-|14011|500|530|3.774781|2.244783|2.892321|49.871452
367|119|25|43|37|CYS|CU1|CYS|154615|342|527|497|-N--|CU--|-SG-|14011|500|739|3.774781|2.310769|5.608526|132.862167
367|120|25|43|40|CYS|CU1|CU1|154646|342|527|524|-N--|CU--|CU--|14040|500|753|3.774781|2.834537|5.743303|120.006783
367|121|25|43|42|CYS|CU1|CU1|154646|342|527|526|-N--|CU--|CU--|14040|500|759|3.774781|3.966734|7.511243|151.971863
367|122|25|43|45|CYS|CU1|CU1|154646|342|527|529|-N--|CU--|CU--|14040|500|760|3.774781|3.307256|5.032536|90.320122
367|123|25|43|46|CYS|CU1|CU1|154646|342|527|530|-N--|CU--|CU--|14040|500|761|3.774781|2.496239|6.225471|165.882233
367|124|25|43|37|CYS|CU1|CYS|154615|347|527|497|-SG-|CU--|-SG-|114011|530|739|2.244783|2.310769|3.759395|111.216148
367|125|25|43|40|CYS|CU1|CU1|154646|347|527|524|-SG-|CU--|CU--|114040|530|753|2.244783|2.834537|4.515036|125.069580
367|126|25|43|42|CYS|CU1|CU1|154646|347|527|526|-SG-|CU--|CU--|114040|530|759|2.244783|3.966734|6.106658|158.043869
367|127|25|43|45|CYS|CU1|CU1|154646|347|527|529|-SG-|CU--|CU--|114040|530|760|2.244783|3.307256|2.257780|42.885727
367|128|25|43|46|CYS|CU1|CU1|154646|347|527|530|-SG-|CU--|CU--|114040|530|761|2.244783|2.496239|4.084280|118.870323
367|129|37|43|40|CYS|CU1|CU1|154646|497|527|524|-SG-|CU--|CU--|114040|739|753|2.310769|2.834537|4.119030|105.915054
367|130|37|43|42|CYS|CU1|CU1|154646|497|527|526|-SG-|CU--|CU--|114040|739|759|2.310769|3.966734|3.244619|54.877655
367|131|37|43|45|CYS|CU1|CU1|154646|497|527|529|-SG-|CU--|CU--|114040|739|760|2.310769|3.307256|4.211477|95.477333
367|132|37|43|46|CYS|CU1|CU1|154646|497|527|530|-SG-|CU--|CU--|114040|739|761|2.310769|2.496239|2.251113|55.686432
367|133|40|43|42|CU1|CU1|CU1|464646|524|527|526|CU--|CU--|CU--|404040|753|759|2.834537|3.966734|3.302112|55.101906
367|134|40|43|45|CU1|CU1|CU1|464646|524|527|529|CU--|CU--|CU--|404040|753|760|2.834537|3.307256|4.564246|95.692764
367|135|40|43|46|CU1|CU1|CU1|464646|524|527|530|CU--|CU--|CU--|404040|753|761|2.834537|2.496239|2.546133|56.634117
367|136|42|43|45|CU1|CU1|CU1|464646|526|527|529|CU--|CU--|CU--|404040|759|760|3.966734|3.307256|6.213273|117.049110
367|137|42|43|46|CU1|CU1|CU1|464646|526|527|530|CU--|CU--|CU--|404040|759|761|3.966734|2.496239|2.614218|40.173241
367|138|45|43|46|CU1|CU1|CU1|464646|529|527|530|CU--|CU--|CU--|404040|760|761|3.307256|2.496239|3.663373|76.876770
367|139|8|44|10|CYS|CU1|CYS|154615|119|528|146|-SG-|CU--|-SG-|114011|194|240|3.295000|2.447685|4.687517|108.524055
367|140|29|44|8|CYS|CU1|CYS|154615|390|528|119|-O--|CU--|-SG-|44011|586|194|2.946728|3.295000|4.879950|102.713593
367|141|8|44|29|CYS|CU1|CYS|154615|119|528|392|-SG-|CU--|-SG-|114011|194|595|3.295000|2.249586|4.212707|97.087830
367|142|8|44|35|CYS|CU1|CYS|154615|119|528|473|-SG-|CU--|-SG-|114011|194|699|3.295000|3.478901|5.052570|96.433083
367|143|8|44|41|CYS|CU1|CU1|154646|119|528|525|-SG-|CU--|CU--|114040|194|756|3.295000|2.576994|3.679660|76.522308
367|144|8|44|45|CYS|CU1|CU1|154646|119|528|529|-SG-|CU--|CU--|114040|194|762|3.295000|3.299319|4.122587|77.389671
367|145|29|44|10|CYS|CU1|CYS|154615|390|528|146|-O--|CU--|-SG-|44011|586|240|2.946728|2.447685|4.551292|114.752571
367|146|10|44|29|CYS|CU1|CYS|154615|146|528|392|-SG-|CU--|-SG-|114011|240|595|2.447685|2.249586|4.499626|146.609741
367|147|10|44|35|CYS|CU1|CYS|154615|146|528|473|-SG-|CU--|-SG-|114011|240|699|2.447685|3.478901|4.011951|83.262077
367|148|10|44|41|CYS|CU1|CU1|154646|146|528|525|-SG-|CU--|CU--|114040|240|756|2.447685|2.576994|2.459768|58.552689
367|149|10|44|45|CYS|CU1|CU1|154646|146|528|529|-SG-|CU--|CU--|114040|240|762|2.447685|3.299319|5.020793|121.054314
367|150|29|44|29|CYS|CU1|CYS|154615|390|528|392|-O--|CU--|-SG-|44011|586|595|2.946728|2.249586|3.334357|78.576195
367|151|29|44|35|CYS|CU1|CYS|154615|390|528|473|-O--|CU--|-SG-|44011|586|699|2.946728|3.478901|6.164589|147.108704
367|152|29|44|41|CYS|CU1|CU1|154646|390|528|525|-O--|CU--|CU--|44040|586|756|2.946728|2.576994|5.509725|171.822098
367|153|29|44|45|CYS|CU1|CU1|154646|390|528|529|-O--|CU--|CU--|44040|586|762|2.946728|3.299319|5.436032|120.887062
367|154|29|44|35|CYS|CU1|CYS|154615|392|528|473|-SG-|CU--|-SG-|114011|595|699|2.249586|3.478901|3.535604|72.668060
367|155|29|44|41|CYS|CU1|CU1|154646|392|528|525|-SG-|CU--|CU--|114040|595|756|2.249586|2.576994|3.948498|109.598763
367|156|29|44|45|CYS|CU1|CU1|154646|392|528|529|-SG-|CU--|CU--|114040|595|762|2.249586|3.299319|2.289633|43.857021
367|157|35|44|41|CYS|CU1|CU1|154646|473|528|525|-SG-|CU--|CU--|114040|699|756|3.478901|2.576994|2.250803|40.286526
367|158|35|44|45|CYS|CU1|CU1|154646|473|528|529|-SG-|CU--|CU--|114040|699|762|3.478901|3.299319|2.248751|38.636852
367|159|41|44|45|CU1|CU1|CU1|464646|525|528|529|CU--|CU--|CU--|404040|756|762|2.576994|3.299319|3.302135|67.080292
367|160|25|45|29|CYS|CU1|CYS|154615|347|529|392|-SG-|CU--|-SG-|114011|525|594|2.257780|2.289633|3.990024|122.665565
367|161|25|45|35|CYS|CU1|CYS|154615|347|529|473|-SG-|CU--|-SG-|114011|525|698|2.257780|2.248751|4.139205|133.412613
367|162|36|45|25|PRO|CU1|CYS|194615|478|529|347|-N--|CU--|-SG-|14011|703|525|3.928908|2.257780|4.244664|81.844681
367|163|37|45|25|CYS|CU1|CYS|154615|492|529|347|-N--|CU--|-SG-|14011|718|525|3.984344|2.257780|3.609007|63.784855
367|164|25|45|41|CYS|CU1|CU1|154646|347|529|525|-SG-|CU--|CU--|114040|525|755|2.257780|3.302135|5.232008|139.700607
367|165|25|45|43|CYS|CU1|CU1|154646|347|529|527|-SG-|CU--|CU--|114040|525|760|2.257780|3.307256|2.244783|42.580143
367|166|25|45|44|CYS|CU1|CU1|154646|347|529|528|-SG-|CU--|CU--|114040|525|762|2.257780|3.299319|5.341394|147.373795
367|167|25|45|46|CYS|CU1|CU1|154646|347|529|530|-SG-|CU--|CU--|114040|525|763|2.257780|3.663373|4.084280|83.625824
367|168|29|45|35|CYS|CU1|CYS|154615|392|529|473|-SG-|CU--|-SG-|114011|594|698|2.289633|2.248751|3.535604|102.342644
367|169|36|45|29|PRO|CU1|CYS|194615|478|529|392|-N--|CU--|-SG-|14011|703|594|3.928908|2.289633|5.017634|104.477661
367|170|37|45|29|CYS|CU1|CYS|154615|492|529|392|-N--|CU--|-SG-|14011|718|594|3.984344|2.289633|6.029921|146.659485
367|171|29|45|41|CYS|CU1|CU1|154646|392|529|525|-SG-|CU--|CU--|114040|594|755|2.289633|3.302135|3.948498|87.893265
367|172|29|45|43|CYS|CU1|CU1|154646|392|529|527|-SG-|CU--|CU--|114040|594|760|2.289633|3.307256|5.140504|132.565460
367|173|29|45|44|CYS|CU1|CU1|154646|392|529|528|-SG-|CU--|CU--|114040|594|762|2.289633|3.299319|2.249586|42.901699
367|174|29|45|46|CYS|CU1|CU1|154646|392|529|530|-SG-|CU--|CU--|114040|594|763|2.289633|3.663373|5.303351|124.338699
367|175|36|45|35|PRO|CU1|CYS|194615|478|529|473|-N--|CU--|-SG-|14011|703|698|3.928908|2.248751|4.005729|75.422783
367|176|37|45|35|CYS|CU1|CYS|154615|492|529|473|-N--|CU--|-SG-|14011|718|698|3.984344|2.248751|3.930650|72.186775
367|177|35|45|41|CYS|CU1|CU1|154646|473|529|525|-SG-|CU--|CU--|114040|698|755|2.248751|3.302135|2.250803|42.811493
367|178|35|45|43|CYS|CU1|CU1|154646|473|529|527|-SG-|CU--|CU--|114040|698|760|2.248751|3.307256|4.686742|113.666351
367|179|35|45|44|CYS|CU1|CU1|154646|473|529|528|-SG-|CU--|CU--|114040|698|762|2.248751|3.299319|3.478901|75.003593
367|180|35|45|46|CYS|CU1|CU1|154646|473|529|530|-SG-|CU--|CU--|114040|698|763|2.248751|3.663373|3.957582|80.163467
367|181|36|45|37|PRO|CU1|CYS|194615|478|529|492|-N--|CU--|-N--|14001|703|718|3.928908|3.984344|2.849213|42.199966
367|182|36|45|41|PRO|CU1|CU1|194646|478|529|525|-N--|CU--|CU--|14040|703|755|3.928908|3.302135|6.208972|118.073250
367|183|36|45|43|PRO|CU1|CU1|194646|478|529|527|-N--|CU--|CU--|14040|703|760|3.928908|3.307256|6.060350|113.478317
367|184|36|45|44|PRO|CU1|CU1|194646|478|529|528|-N--|CU--|CU--|14040|703|762|3.928908|3.299319|6.471606|126.882599
367|185|36|45|46|PRO|CU1|CU1|194646|478|529|530|-N--|CU--|CU--|14040|703|763|3.928908|3.663373|6.852451|128.958496
367|186|37|45|41|CYS|CU1|CU1|154646|492|529|525|-N--|CU--|CU--|14040|718|755|3.984344|3.302135|5.840977|106.192352
367|187|37|45|43|CYS|CU1|CU1|154646|492|529|527|-N--|CU--|CU--|14040|718|760|3.984344|3.307256|4.537528|76.340202
367|188|37|45|44|CYS|CU1|CU1|154646|492|529|528|-N--|CU--|CU--|14040|718|762|3.984344|3.299319|6.989689|147.182709
367|189|37|45|46|CYS|CU1|CU1|154646|492|529|530|-N--|CU--|CU--|14040|718|763|3.984344|3.663373|5.309236|87.826149
367|190|41|45|43|CU1|CU1|CU1|464646|525|529|527|CU--|CU--|CU--|404040|755|760|3.302135|3.307256|4.984058|97.891342
367|191|41|45|44|CU1|CU1|CU1|464646|525|529|528|CU--|CU--|CU--|404040|755|762|3.302135|3.299319|2.576994|45.954723
367|192|41|45|46|CU1|CU1|CU1|464646|525|529|530|CU--|CU--|CU--|404040|755|763|3.302135|3.663373|3.304560|56.355698
367|193|43|45|44|CU1|CU1|CU1|464646|527|529|528|CU--|CU--|CU--|404040|760|762|3.307256|3.299319|5.679627|118.564262
367|194|43|45|46|CU1|CU1|CU1|464646|527|529|530|CU--|CU--|CU--|404040|760|763|3.307256|3.663373|2.496239|41.575710
367|195|44|45|46|CU1|CU1|CU1|464646|528|529|530|CU--|CU--|CU--|404040|762|763|3.299319|3.663373|4.813981|87.317383
367|196|6|46|8|CYS|CU1|CYS|154615|92|530|119|-SG-|CU--|-SG-|114011|139|195|3.305040|3.280389|3.434773|62.874157
367|197|6|46|13|CYS|CU1|CYS|154615|92|530|174|-SG-|CU--|-SG-|114011|139|301|3.305040|2.243883|3.913280|87.509415
367|198|6|46|35|CYS|CU1|CYS|154615|92|530|473|-SG-|CU--|-SG-|114011|139|701|3.305040|3.957582|6.947747|145.991684
367|199|6|46|37|CYS|CU1|CYS|154615|92|530|497|-SG-|CU--|-SG-|114011|139|738|3.305040|2.251113|4.984135|126.499146
367|200|6|46|40|CYS|CU1|CU1|154646|92|530|524|-SG-|CU--|CU--|114040|139|752|3.305040|2.546133|2.384294|45.857735
367|201|6|46|41|CYS|CU1|CU1|154646|92|530|525|-SG-|CU--|CU--|114040|139|757|3.305040|3.304560|5.506145|112.827240
367|202|6|46|42|CYS|CU1|CU1|154646|92|530|526|-SG-|CU--|CU--|114040|139|758|3.305040|2.614218|2.451995|47.180695
367|203|6|46|43|CYS|CU1|CU1|154646|92|530|527|-SG-|CU--|CU--|114040|139|761|3.305040|2.496239|4.691385|107.110268
367|204|6|46|45|CYS|CU1|CU1|154646|92|530|529|-SG-|CU--|CU--|114040|139|763|3.305040|3.663373|6.411717|133.820175
367|205|8|46|13|CYS|CU1|CYS|154615|119|530|174|-SG-|CU--|-SG-|114011|195|301|3.280389|2.243883|3.727276|82.571373
367|206|8|46|35|CYS|CU1|CYS|154615|119|530|473|-SG-|CU--|-SG-|114011|195|701|3.280389|3.957582|5.052570|88.024773
367|207|8|46|37|CYS|CU1|CYS|154615|119|530|497|-SG-|CU--|-SG-|114011|195|738|3.280389|2.251113|5.347227|149.798950
367|208|8|46|40|CYS|CU1|CU1|154646|119|530|524|-SG-|CU--|CU--|114040|195|752|3.280389|2.546133|2.260469|43.415596
367|209|8|46|41|CYS|CU1|CU1|154646|119|530|525|-SG-|CU--|CU--|114040|195|757|3.280389|3.304560|3.679660|67.944351
367|210|8|46|42|CYS|CU1|CU1|154646|119|530|526|-SG-|CU--|CU--|114040|195|758|3.280389|2.614218|4.838728|109.829865
367|211|8|46|43|CYS|CU1|CU1|154646|119|530|527|-SG-|CU--|CU--|114040|195|761|3.280389|2.496239|4.197543|92.194824
367|212|8|46|45|CYS|CU1|CU1|154646|119|530|529|-SG-|CU--|CU--|114040|195|763|3.280389|3.663373|4.122587|72.604485
367|213|13|46|35|CYS|CU1|CYS|154615|174|530|473|-SG-|CU--|-SG-|114011|301|701|2.243883|3.957582|3.848344|70.640015
367|214|13|46|37|CYS|CU1|CYS|154615|174|530|497|-SG-|CU--|-SG-|114011|301|738|2.243883|2.251113|3.961725|123.614471
367|215|13|46|40|CYS|CU1|CU1|154646|174|530|524|-SG-|CU--|CU--|114040|301|752|2.243883|2.546133|4.095363|117.375961
367|216|13|46|41|CYS|CU1|CU1|154646|174|530|525|-SG-|CU--|CU--|114040|301|757|2.243883|3.304560|2.248206|42.689472
367|217|13|46|42|CYS|CU1|CU1|154646|174|530|526|-SG-|CU--|CU--|114040|301|758|2.243883|2.614218|3.671675|97.897812
367|218|13|46|43|CYS|CU1|CU1|154646|174|530|527|-SG-|CU--|CU--|114040|301|761|2.243883|2.496239|4.669974|160.233032
367|219|13|46|45|CYS|CU1|CU1|154646|174|530|529|-SG-|CU--|CU--|114040|301|763|2.243883|3.663373|4.577956|98.754982
367|220|35|46|37|CYS|CU1|CYS|154615|473|530|497|-SG-|CU--|-SG-|114011|701|738|3.957582|2.251113|4.467169|87.509148
367|221|35|46|40|CYS|CU1|CU1|154646|473|530|524|-SG-|CU--|CU--|114040|701|752|3.957582|2.546133|5.741933|122.487602
367|222|35|46|41|CYS|CU1|CU1|154646|473|530|525|-SG-|CU--|CU--|114040|701|757|3.957582|3.304560|2.250803|34.652466
367|223|35|46|42|CYS|CU1|CU1|154646|473|530|526|-SG-|CU--|CU--|114040|701|758|3.957582|2.614218|6.453943|157.790573
367|224|35|46|43|CYS|CU1|CU1|154646|473|530|527|-SG-|CU--|CU--|114040|701|761|3.957582|2.496239|4.686742|90.208458
367|225|35|46|45|CYS|CU1|CU1|154646|473|530|529|-SG-|CU--|CU--|114040|701|763|3.957582|3.663373|2.248751|34.046135
367|226|37|46|40|CYS|CU1|CU1|154646|497|530|524|-SG-|CU--|CU--|114040|738|752|2.251113|2.546133|4.119030|118.195076
367|227|37|46|41|CYS|CU1|CU1|154646|497|530|525|-SG-|CU--|CU--|114040|738|757|2.251113|3.304560|4.823456|119.287354
367|228|37|46|42|CYS|CU1|CU1|154646|497|530|526|-SG-|CU--|CU--|114040|738|758|2.251113|2.614218|3.244619|83.295593
367|229|37|46|43|CYS|CU1|CU1|154646|497|530|527|-SG-|CU--|CU--|114040|738|761|2.251113|2.496239|2.310769|57.978966
367|230|37|46|45|CYS|CU1|CU1|154646|497|530|529|-SG-|CU--|CU--|114040|738|763|2.251113|3.663373|4.211477|87.389282
367|231|40|46|41|CU1|CU1|CU1|464646|524|530|525|CU--|CU--|CU--|404040|752|757|2.546133|3.304560|4.844893|111.144386
367|232|40|46|42|CU1|CU1|CU1|464646|524|530|526|CU--|CU--|CU--|404040|752|758|2.546133|2.614218|3.302112|79.556854
367|233|40|46|43|CU1|CU1|CU1|464646|524|530|527|CU--|CU--|CU--|404040|752|761|2.546133|2.496239|2.834537|68.400085
367|234|40|46|45|CU1|CU1|CU1|464646|524|530|529|CU--|CU--|CU--|404040|752|763|2.546133|3.663373|4.564246|92.855232
367|235|41|46|42|CU1|CU1|CU1|464646|525|530|526|CU--|CU--|CU--|404040|757|758|3.304560|2.614218|5.572112|140.303879
367|236|41|46|43|CU1|CU1|CU1|464646|525|530|527|CU--|CU--|CU--|404040|757|761|3.304560|2.496239|4.984058|117.780708
367|237|41|46|45|CU1|CU1|CU1|464646|525|530|529|CU--|CU--|CU--|404040|757|763|3.304560|3.663373|3.302135|56.292587
367|238|42|46|43|CU1|CU1|CU1|464646|526|530|527|CU--|CU--|CU--|404040|758|761|2.614218|2.496239|3.966734|101.803024
367|239|42|46|45|CU1|CU1|CU1|464646|526|530|529|CU--|CU--|CU--|404040|758|763|2.614218|3.663373|6.213273|163.346710
367|240|43|46|45|CU1|CU1|CU1|464646|527|530|529|CU--|CU--|CU--|404040|761|763|2.496239|3.663373|3.307256|61.547523
