1246|0|-1|13|0|127|ASP|2143|3|835|-O--|428|8|2|0011|2.983119|0.138781|-0.947331|-0.288624|10.514237|0.040859|0.064167
1246|1|-1|18|0|210|ASP|2143|3|918|-O--|428|8|2|0011|2.835255|0.934661|0.090292|-0.343885|4.738376|0.060933|0.095691
1246|2|-1|26|0|168|ASP|2143|6|876|-OD1|1028|8|2|0011|3.561522|-0.828298|-0.283587|0.483220|37.306400|0.008558|0.013440
1246|3|-1|27|0|171|ASP|2143|7|879|-OD2|1028|8|2|0011|3.723972|-0.950598|0.310421|0.001611|33.840488|0.005517|0.008664
1246|4|-1|28|0|126|ASP|2143|7|834|-OD2|1028|8|2|0011|3.649970|-0.700554|0.140001|0.699732|62.540646|0.006739|0.010582
1246|5|-1|29|0|199|ASP|2143|7|907|-OD2|1028|8|2|0011|2.963052|0.070873|0.598707|-0.797826|29.265596|0.043137|0.067743
1246|6|-1|30|0|164|ASP|2143|7|872|-OD2|1028|8|2|0011|3.346912|-0.017329|0.636407|0.771158|6.134429|0.015286|0.024005
1246|7|-1|31|0|200|ASP|2143|7|908|-OD2|1028|8|2|0011|3.550726|0.335424|0.908265|-0.250090|23.583033|0.008812|0.013838
1246|8|-1|89|2|199|ALA|343|20|907|-O--|428|8|2|0011|2.993017|-0.368859|0.665215|0.649178|16.047462|0.039781|0.062473
1246|9|-1|129|3|155|THR|1343|27|863|-OG1|1728|8|3|0011|2.850424|0.608330|-0.727260|-0.317847|10.779389|0.058485|0.091847
1246|10|-1|149|4|125|ILE|943|32|833|-O--|428|8|2|0011|3.813514|-0.185394|-0.728724|0.659234|14.127581|0.004331|0.006802
1246|11|-1|153|4|174|ILE|943|32|882|-O--|428|8|2|0011|2.687575|0.185669|0.306596|0.933556|36.149208|0.090822|0.142630
1246|12|-1|157|4|211|ILE|943|32|919|-O--|428|8|2|0011|3.644753|0.671925|0.642293|0.368750|47.958103|0.006834|0.010733
1246|13|-1|195|5|211|PRO|1943|40|919|-O--|428|8|2|0011|2.887021|0.133702|0.078974|0.987870|45.311958|0.052977|0.083197
1246|14|-1|219|6|108|SER|1143|47|816|-O--|428|8|2|0011|2.737606|-0.081093|-0.549751|-0.831383|1.182664|0.079335|0.124591
1246|15|-1|239|6|152|SER|1143|49|860|-OG-|1728|8|3|0011|2.694716|0.148810|0.581137|0.800084|16.173609|0.089086|0.139904
1246|16|-1|240|6|215|SER|1143|49|923|-OG-|1728|8|3|0011|3.835903|-0.035976|0.992987|0.112620|2.984659|0.004077|0.006402
1246|17|-1|241|6|232|SER|1143|49|940|-OG-|1728|8|3|0011|2.655399|0.762597|0.640582|-0.090005|63.898781|0.099074|0.155589
1246|18|-1|262|7|121|GLU|2543|53|829|-O--|428|8|2|0011|2.862110|-0.424512|-0.864747|0.268333|0.412422|0.056667|0.088991
1246|19|-1|269|7|201|GLU|2543|53|909|-O--|428|8|2|0011|2.828295|-0.315738|0.478734|0.819221|57.519199|0.062090|0.097508
1246|20|-1|279|7|121|GLU|2543|57|829|-OE1|1028|8|2|0011|2.769794|-0.739405|0.275111|-0.614487|45.184853|0.072725|0.114210
1246|21|-1|280|7|174|GLU|2543|58|882|-OE2|1028|8|2|0011|2.659437|0.842283|-0.232756|-0.486193|2.600547|0.097998|0.153900
1246|22|-1|281|7|189|GLU|2543|58|897|-OE2|1028|8|2|0011|2.674618|-0.040006|-0.977336|0.207881|0.739628|0.094059|0.147713
1246|23|-1|303|8|152|SER|1143|62|860|-O--|428|8|2|0011|3.533186|0.796165|0.097363|0.597195|32.731136|0.009239|0.014510
1246|24|-1|304|8|215|SER|1143|62|923|-O--|428|8|2|0011|3.465925|0.656102|0.746410|0.111370|11.278744|0.011081|0.017402
1246|25|-1|314|8|201|SER|1143|65|909|-OG-|1728|8|3|0011|3.717175|-0.677934|-0.559834|0.476437|26.372757|0.005619|0.008825
1246|26|-1|316|8|152|SER|1143|66|860|-OG-|1728|8|3|0011|2.265239|0.706327|-0.696615|-0.125814|10.803996|0.284391|0.446618
1246|27|-1|317|8|215|SER|1143|66|923|-OG-|1728|8|3|0011|2.367282|0.448193|0.280913|-0.848653|0.294885|0.215845|0.338970
1246|28|-1|334|9|215|PRO|1943|70|923|-O--|428|8|2|0011|2.696707|0.733116|-0.102718|0.672302|10.438961|0.088608|0.139153
1246|29|-1|433|12|165|ALA|343|93|873|-O--|428|8|2|0011|3.057261|-0.240738|-0.427507|-0.871368|33.097153|0.033440|0.052515
1246|30|-1|466|13|169|ALA|343|98|877|-O--|428|8|2|0011|2.996072|0.978280|0.188247|0.086780|10.363776|0.039454|0.061959
1246|31|-1|524|16|209|ALA|343|119|917|-O--|428|8|2|0011|2.901882|-0.828773|0.293258|-0.476587|18.244873|0.050892|0.079922
1246|32|-1|574|19|150|ALA|343|136|858|-O--|428|8|2|0011|2.878414|-0.084422|0.815032|-0.573232|27.659021|0.054224|0.085155
1246|33|-1|603|20|129|ILE|943|141|837|-O--|428|8|2|0011|3.497790|0.942023|0.038310|0.333353|0.161544|0.010167|0.015966
1246|34|-1|630|21|117|VAL|543|149|825|-O--|428|8|2|0011|3.905046|-0.932895|0.316514|-0.171829|2.997586|0.003382|0.005311
1246|35|-1|631|21|106|VAL|543|149|814|-O--|428|8|2|0011|2.763885|-0.632081|-0.695036|-0.342634|1.185542|0.073896|0.116049
1246|36|-1|712|23|151|ASP|2143|166|859|-OD1|1028|8|2|0011|3.310416|0.370648|-0.174298|-0.912272|13.410401|0.016870|0.026494
1246|37|-1|716|23|130|ASP|2143|167|838|-OD2|1028|8|2|0011|2.762280|-0.163995|-0.960077|-0.226624|0.988597|0.074217|0.116554
1246|38|-1|717|23|151|ASP|2143|167|859|-OD2|1028|8|2|0011|2.524532|0.863923|0.118042|-0.489596|9.468516|0.141113|0.221609
1246|39|-1|806|26|204|LYS|2943|184|912|-O--|428|8|2|0011|2.776195|-0.655574|-0.652332|-0.380377|0.060145|0.071478|0.112252
1246|40|-1|832|27|206|MET|1743|193|914|-O--|428|8|2|0011|2.882189|-0.772330|-0.578380|-0.262648|2.239472|0.053674|0.084291
1246|41|-1|898|29|148|TYR|3743|210|856|-O--|428|8|2|0011|2.655422|-0.966325|-0.032010|-0.255327|98.737816|0.099068|0.155579
1246|42|-1|900|29|114|TYR|3743|210|822|-O--|428|8|2|0011|3.779207|-0.596686|0.084145|0.798051|0.899696|0.004752|0.007463
1246|43|-1|955|30|228|GLU|2543|222|936|-O--|428|8|2|0011|2.561322|-0.755079|0.279543|-0.593053|57.819927|0.127757|0.200633
1246|44|-1|957|30|109|GLU|2543|222|817|-O--|428|8|2|0011|3.822185|0.580558|-0.633931|-0.510964|5.111340|0.004231|0.006644
1246|45|-1|983|31|110|THR|1343|231|818|-O--|428|8|2|0011|2.758360|0.367610|-0.414739|0.832379|0.162392|0.075008|0.117795
1246|46|-1|993|31|109|THR|1343|233|817|-OG1|1728|8|3|0011|2.742401|-0.406578|-0.319793|-0.855819|0.704907|0.078314|0.122987
1246|47|-1|994|31|117|THR|1343|233|825|-OG1|1728|8|3|0011|2.870488|0.305523|0.949316|0.073855|1.048958|0.055398|0.086999
1246|48|-1|995|31|106|THR|1343|233|814|-OG1|1728|8|3|0011|2.807179|0.987825|-0.153891|-0.022799|0.362237|0.065736|0.103234
1246|49|-1|1015|32|143|PRO|1943|238|851|-O--|428|8|2|0011|2.841957|-0.901139|-0.286774|0.325128|54.855644|0.059839|0.093973
1246|50|-1|1019|32|110|PRO|1943|238|818|-O--|428|8|2|0011|3.711356|0.950327|0.300429|0.081372|1.852253|0.005708|0.008965
1246|51|-1|1050|33|116|GLU|2543|245|824|-O--|428|8|2|0011|2.972043|-0.671592|0.578726|-0.462645|1.418847|0.042101|0.066117
1246|52|-1|1215|38|144|VAL|543|288|852|-O--|428|8|2|0011|2.821928|-0.021616|-0.917458|-0.397246|15.778019|0.063167|0.099200
1246|53|-1|1216|38|217|VAL|543|288|925|-O--|428|8|2|0011|2.794474|0.497052|0.529975|-0.687070|26.096960|0.068033|0.106841
1246|54|-1|1256|39|217|GLY|143|295|925|-O--|428|8|2|0011|3.837961|-0.035696|-0.750659|-0.659725|19.099228|0.004054|0.006367
1246|55|-1|1258|39|131|GLY|143|295|839|-O--|428|8|2|0011|2.715577|0.412804|0.882686|-0.224630|4.262281|0.084202|0.132234
1246|56|-1|1260|39|173|GLY|143|295|881|-O--|428|8|2|0011|2.882176|0.776496|-0.051696|0.627998|23.217442|0.053675|0.084294
1246|57|-1|1290|40|217|ASP|2143|302|925|-OD1|1028|8|2|0011|2.801437|0.612186|-0.646097|0.455837|13.574359|0.066764|0.104849
1246|58|-1|1291|40|227|ASP|2143|302|935|-OD1|1028|8|2|0011|2.907507|0.678589|0.646258|-0.349096|59.743904|0.050124|0.078716
1246|59|-1|1292|40|139|ASP|2143|302|847|-OD1|1028|8|2|0011|3.997480|0.335462|0.938341|0.083553|9.515870|0.002634|0.004137
1246|60|-1|1311|41|129|THR|1343|307|837|-O--|428|8|2|0011|2.716670|0.249571|0.918036|-0.308098|8.597033|0.083954|0.131844
1246|61|-1|1313|41|190|THR|1343|307|898|-O--|428|8|2|0011|2.921779|0.697178|0.097886|-0.710184|94.389473|0.048227|0.075737
1246|62|-1|1314|41|139|THR|1343|307|847|-O--|428|8|2|0011|3.782458|0.777801|-0.582161|-0.236883|37.450924|0.004710|0.007397
1246|63|-1|1321|41|223|THR|1343|309|931|-OG1|1728|8|3|0011|3.700260|0.537800|0.267008|-0.799673|95.330345|0.005882|0.009237
1246|64|-1|1322|41|131|THR|1343|309|839|-OG1|1728|8|3|0011|2.630039|0.528890|-0.766909|-0.363493|9.820210|0.106103|0.166627
1246|65|-1|1386|43|129|THR|1343|323|837|-OG1|1728|8|3|0011|2.719670|0.210687|-0.820320|-0.531682|11.738414|0.083276|0.130779
1246|66|-1|1389|43|224|THR|1343|323|932|-OG1|1728|8|3|0011|3.852355|0.828843|-0.515788|-0.216751|82.830734|0.003900|0.006124
1246|67|-1|1390|43|156|THR|1343|323|864|-OG1|1728|8|3|0011|3.790005|0.901054|0.136675|0.411609|58.590824|0.004615|0.007248
1246|68|-1|1570|48|218|GLU|2543|373|926|-OE1|1028|8|2|0011|3.836765|0.209291|-0.185052|-0.960184|6.585113|0.004067|0.006387
1246|69|-1|1594|49|136|ALA|343|378|844|-O--|428|8|2|0011|2.884212|-0.092920|0.680255|0.727062|2.288851|0.053381|0.083831
1246|70|-1|1595|49|138|ALA|343|378|846|-O--|428|8|2|0011|2.644564|0.989577|0.087727|0.114197|6.114284|0.102018|0.160212
1246|71|-1|1596|49|235|ALA|343|378|943|-O--|428|8|2|0011|3.863596|0.654054|0.718760|-0.235791|60.540195|0.003783|0.005941
1246|72|-1|1786|55|122|HIS|3343|423|830|-O--|428|8|2|0011|3.750271|-0.865537|-0.500230|-0.024798|13.834709|0.005138|0.008070
1246|73|-1|1843|56|111|PHE|3543|433|819|-O--|428|8|2|0011|3.546209|0.571596|-0.805085|0.158479|0.785396|0.008920|0.014008
1246|74|-1|1900|57|111|VAL|543|444|819|-O--|428|8|2|0011|2.747057|0.989786|0.038587|-0.137238|2.417878|0.077335|0.121449
1246|75|-1|1930|58|118|ALA|343|451|826|-O--|428|8|2|0011|2.725325|-0.904479|0.255382|0.341610|6.026839|0.082013|0.128796
1246|76|-1|1932|58|219|ALA|343|451|927|-O--|428|8|2|0011|3.874574|-0.053941|-0.358491|0.931973|145.962479|0.003672|0.005767
1246|77|-1|1961|59|142|GLY|143|456|850|-O--|428|8|2|0011|2.762729|-0.628726|-0.654064|0.420599|31.518278|0.074127|0.116412
1246|78|-1|1962|59|225|GLY|143|456|933|-O--|428|8|2|0011|3.980737|0.740064|-0.214031|0.637570|49.030376|0.002756|0.004329
1246|79|-1|2031|62|225|GLY|143|475|933|-O--|428|8|2|0011|3.461460|0.086669|-0.982534|0.164670|54.667244|0.011216|0.017614
1246|80|-1|2033|62|111|GLY|143|475|819|-O--|428|8|2|0011|3.842932|-0.240181|0.711436|-0.660433|2.126531|0.004000|0.006282
1246|81|-1|2057|63|119|GLU|2543|479|827|-O--|428|8|2|0011|2.726354|-0.601903|-0.700569|0.383296|8.712589|0.081785|0.128438
1246|82|-1|2081|64|111|ALA|343|488|819|-O--|428|8|2|0011|2.888804|-0.338549|-0.271046|-0.901065|0.682184|0.052723|0.082797
1246|83|-1|2087|64|171|ALA|343|488|879|-O--|428|8|2|0011|2.824351|0.954910|-0.134190|-0.264840|71.900841|0.062755|0.098553
1246|84|-1|2107|65|113|ALA|343|493|821|-O--|428|8|2|0011|2.744989|-0.179236|0.658655|0.730786|3.071666|0.077768|0.122129
1246|85|-1|2110|65|128|ALA|343|493|836|-O--|428|8|2|0011|2.766701|0.996493|-0.064336|-0.053494|41.663113|0.073336|0.115169
1246|86|-1|2111|65|167|ALA|343|493|875|-O--|428|8|2|0011|3.623490|0.532635|0.782671|-0.322065|38.828941|0.007238|0.011367
1246|87|-1|2150|67|181|LYS|2943|506|889|-O--|428|8|2|0011|2.860369|0.985187|-0.082507|0.150330|46.370819|0.056934|0.089411
1246|88|-1|2151|67|167|LYS|2943|506|875|-O--|428|8|2|0011|3.351497|0.364314|-0.713711|0.598240|19.815008|0.015097|0.023709
1246|89|-1|2178|68|170|GLY|143|515|878|-O--|428|8|2|0011|2.802953|-0.154123|0.635758|0.756345|47.300472|0.066491|0.104420
1246|90|-1|2179|68|112|GLY|143|515|820|-O--|428|8|2|0011|3.949881|0.284059|-0.262033|-0.922306|1.615382|0.002996|0.004705
1246|91|-1|2201|69|112|PRO|1943|519|820|-O--|428|8|2|0011|2.770255|-0.051981|-0.939625|-0.338236|0.659711|0.072635|0.114068
1246|92|-1|2236|70|132|MET|1743|526|840|-O--|428|8|2|0011|2.701611|0.728085|0.223200|0.648132|6.970349|0.087441|0.137321
1246|93|-1|2237|70|123|MET|1743|526|831|-O--|428|8|2|0011|3.985192|0.857424|0.512397|-0.047677|0.110831|0.002723|0.004277
1246|94|-1|2262|71|112|MET|1743|539|820|-SD-|1628|16|3|0011|3.772502|0.011133|-0.461232|0.887210|10.538679|0.017707|0.028034
1246|95|-1|2327|73|188|LYS|2943|555|896|-O--|428|8|2|0011|2.303147|-0.145019|0.946097|0.289604|152.797333|0.256697|0.403126
1246|96|-1|2347|74|205|GLU|2543|564|913|-O--|428|8|2|0011|3.507515|0.746112|0.300498|-0.594153|32.878960|0.009903|0.015552
1246|97|-1|2354|74|175|GLU|2543|568|883|-OE1|1028|8|2|0011|3.446952|0.839292|0.542508|-0.035684|5.993347|0.011664|0.018318
1246|98|-1|2368|75|123|GLN|2743|577|831|-OE1|828|8|2|0011|2.779171|0.242159|0.169475|0.955321|4.752137|0.070905|0.111352
1246|99|-1|2408|77|121|TYR|3743|595|829|-OH-|1828|8|3|0011|2.772943|0.387675|0.527598|0.755876|3.202093|0.072109|0.113243
1246|100|-1|2426|78|108|SER|1143|599|816|-O--|428|8|2|0011|2.712977|0.569854|0.813866|0.113529|0.888574|0.084796|0.133167
1246|101|-1|2430|78|156|SER|1143|601|864|-OG-|1728|8|3|0011|2.833408|0.939505|-0.061057|-0.337050|46.016422|0.061238|0.096169
1246|102|-1|2466|80|229|THR|1343|615|937|-OG1|1728|8|3|0011|2.728556|0.948120|0.209268|0.239321|26.615316|0.081300|0.127676
1246|103|-1|2509|82|127|THR|1343|633|835|-OG1|1728|8|3|0011|3.790357|-0.217130|-0.730538|0.647432|5.686362|0.004611|0.007241
1246|104|-1|2510|82|210|THR|1343|633|918|-OG1|1728|8|3|0011|2.751388|0.513559|0.113761|0.850480|33.970764|0.076435|0.120036
1246|105|-1|2540|83|127|GLU|2543|642|835|-OE1|1028|8|2|0011|2.706059|0.889855|0.446406|0.094233|6.613496|0.086396|0.135680
1246|106|-1|2578|85|147|GLY|143|652|855|-O--|428|8|2|0011|3.651680|-0.589592|-0.772521|-0.235782|64.183517|0.006707|0.010534
1246|107|-1|2583|85|182|GLY|143|652|890|-O--|428|8|2|0011|3.980509|0.064565|-0.919229|-0.388393|57.271954|0.002758|0.004331
1246|108|-1|2612|86|234|THR|1343|656|942|-O--|428|8|2|0011|3.345290|-0.162318|-0.977194|0.136909|58.358150|0.015353|0.024110
1246|109|-1|2613|86|120|THR|1343|656|828|-O--|428|8|2|0011|2.850325|-0.642032|0.605896|0.469771|1.951462|0.058501|0.091871
1246|110|-1|2624|86|236|THR|1343|658|944|-OG1|1728|8|3|0011|3.737854|-0.310338|-0.920046|-0.239175|33.564629|0.005314|0.008345
1246|111|-1|2625|86|147|THR|1343|658|855|-OG1|1728|8|3|0011|2.740863|0.538881|-0.839152|-0.073699|11.969489|0.078640|0.123499
1246|112|-1|2627|86|202|THR|1343|658|910|-OG1|1728|8|3|0011|2.971020|-0.723994|-0.166273|-0.669467|23.998686|0.042218|0.066300
1246|113|-1|2683|88|107|ASP|2143|675|815|-O--|428|8|2|0011|2.692441|-0.519603|0.167135|0.837901|1.927660|0.089636|0.140767
1246|114|-1|2701|88|133|ASP|2143|679|841|-OD1|1028|8|2|0011|2.940682|-0.230559|0.967803|-0.100997|1.057339|0.045825|0.071965
1246|115|-1|2707|88|120|ASP|2143|680|828|-OD1|1028|8|2|0011|3.669608|0.439011|-0.262698|0.859220|1.541824|0.006390|0.010035
1246|116|-1|2708|88|120|ASP|2143|681|828|-OD2|1028|8|2|0011|2.882879|0.716645|-0.171356|0.676060|1.996694|0.053574|0.084134
1246|117|-1|2709|88|154|ASP|2143|682|862|-OD2|1028|8|2|0011|2.944919|-0.484903|0.647895|0.587453|37.168633|0.045303|0.071146
1246|118|-1|2710|88|120|ASP|2143|682|828|-OD2|1028|8|2|0011|3.943956|0.835456|-0.327336|0.441435|3.651230|0.003044|0.004781
1246|119|-1|2729|89|133|TYR|3743|686|841|-O--|428|8|2|0011|3.478003|-0.552041|-0.809660|-0.199252|20.376621|0.010725|0.016843
1246|120|-1|2730|89|137|TYR|3743|686|845|-O--|428|8|2|0011|3.518876|-0.643103|-0.558133|0.524315|29.723059|0.009604|0.015082
1246|121|-1|2760|89|110|TYR|3743|694|818|-OH-|1828|8|3|0011|2.654377|0.016576|-0.801695|-0.597504|3.469554|0.099348|0.156019
1246|122|-1|2852|92|176|THR|1343|714|884|-O--|428|8|2|0011|3.012622|-0.752833|0.599146|0.272520|12.789504|0.037728|0.059249
1246|123|-1|2856|92|172|THR|1343|714|880|-O--|428|8|2|0011|2.676391|-0.413617|-0.640415|0.647140|56.238075|0.093609|0.147007
1246|124|-1|2880|93|176|PRO|1943|721|884|-O--|428|8|2|0011|3.121254|-0.205687|-0.216259|0.954424|1.245663|0.028129|0.044175
1246|125|-1|2964|96|149|PHE|3543|745|857|-O--|428|8|2|0011|2.432595|0.304202|-0.634713|-0.710353|4.551317|0.180917|0.284118
1246|126|-1|2965|96|135|PHE|3543|745|843|-O--|428|8|2|0011|2.705724|-0.753218|-0.654169|0.068743|5.135427|0.086475|0.135803
1246|127|-1|2967|96|162|PHE|3543|745|870|-O--|428|8|2|0011|3.202902|-0.046833|0.167660|-0.984732|3.878138|0.022559|0.035427
1246|128|-1|3009|98|149|ARG|3143|761|857|-O--|428|8|2|0011|3.893892|-0.898330|0.438379|-0.028763|28.199659|0.003485|0.005474
1246|129|-1|3010|98|134|ARG|3143|761|842|-O--|428|8|2|0011|2.873056|-0.759122|-0.403752|-0.510606|19.601618|0.055015|0.086397
1246|130|-1|3012|98|114|ARG|3143|761|822|-O--|428|8|2|0011|3.020253|-0.077477|0.855557|-0.511878|1.350105|0.036958|0.058040
1246|131|-1|3039|99|133|GLY|143|772|841|-O--|428|8|2|0011|2.861411|-0.913186|-0.102047|0.394560|19.257738|0.056774|0.089160
1246|132|-1|3055|100|110|LYS|2943|776|818|-O--|428|8|2|0011|2.847164|0.207575|0.917755|-0.338582|1.288481|0.059003|0.092660
1246|133|-1|3110|103|182|VAL|543|799|890|-O--|428|8|2|0011|2.785363|-0.756096|-0.653416|0.036979|54.853764|0.069729|0.109504
1246|134|-1|3119|104|153|GLU|2543|806|861|-O--|428|8|2|0011|2.722428|0.875321|-0.391929|-0.283203|4.671769|0.082658|0.129808
1246|135|-1|3120|104|183|GLU|2543|806|891|-O--|428|8|2|0011|3.869572|0.192011|-0.883043|0.428213|6.474001|0.003722|0.005845
1246|136|-1|3122|104|153|GLU|2543|812|861|-OXT|1028|8|2|0011|3.487109|0.929997|0.277881|-0.240600|3.246888|0.010465|0.016434
1246|137|-1|3123|104|183|GLU|2543|812|891|-OXT|1028|8|2|0011|2.646072|0.605804|-0.521906|0.600513|4.931080|0.101603|0.159561
1246|138|-1|3124|117|106|HOH|4343|825|814|-O--|2828|8|3|0001|3.692918|0.513415|-0.854880|-0.074738|1.481438|0.006000|0.009423
1246|139|-1|3124|106|117|HOH|4343|814|825|-O--|2828|8|3|0001|3.692918|-0.513415|0.854880|0.074738|1.481438|0.006000|0.009423
1246|140|-1|3125|122|107|HOH|4343|830|815|-O--|2828|8|3|0001|2.769889|0.629989|-0.666092|0.399294|9.286980|0.072707|0.114181
1246|141|-1|3125|107|122|HOH|4343|815|830|-O--|2828|8|3|0001|2.769889|-0.629989|0.666092|-0.399294|9.286980|0.072707|0.114181
1246|142|-1|3126|198|114|HOH|4343|906|822|-O--|2828|8|3|0001|3.587273|0.620806|0.398910|0.674886|95.541359|0.007983|0.012536
1246|143|-1|3126|114|198|HOH|4343|822|906|-O--|2828|8|3|0001|3.587273|-0.620806|-0.398910|-0.674886|95.541359|0.007983|0.012536
1246|144|-1|3127|149|114|HOH|4343|857|822|-O--|2828|8|3|0001|3.671401|0.889034|0.238873|-0.390587|23.114431|0.006359|0.009987
1246|145|-1|3127|114|149|HOH|4343|822|857|-O--|2828|8|3|0001|3.671401|-0.889034|-0.238873|0.390587|23.114431|0.006359|0.009987
1246|146|-1|3128|148|114|HOH|4343|856|822|-O--|2828|8|3|0001|3.728909|0.083402|0.108074|0.990638|89.493980|0.005444|0.008549
1246|147|-1|3128|114|148|HOH|4343|822|856|-O--|2828|8|3|0001|3.728909|-0.083402|-0.108074|-0.990638|89.493980|0.005444|0.008549
1246|148|-1|3129|197|115|HOH|4343|905|823|-O--|2828|8|3|0001|2.654335|0.987441|-0.143916|0.065176|37.278694|0.099359|0.156037
1246|149|-1|3129|115|197|HOH|4343|823|905|-O--|2828|8|3|0001|2.654335|-0.987441|0.143916|-0.065176|37.278694|0.099359|0.156037
1246|150|-1|3130|124|115|HOH|4343|832|823|-O--|2828|8|3|0001|2.621364|-0.521866|-0.811028|-0.264366|2.967826|0.108620|0.170580
1246|151|-1|3130|115|124|HOH|4343|823|832|-O--|2828|8|3|0001|2.621364|0.521866|0.811028|0.264366|2.967826|0.108620|0.170580
1246|152|-1|3131|166|116|HOH|4343|874|824|-O--|2828|8|3|0001|2.735645|0.963575|0.226272|0.142562|34.230682|0.079757|0.125253
1246|153|-1|3131|116|166|HOH|4343|824|874|-O--|2828|8|3|0001|2.735645|-0.963575|-0.226272|-0.142562|34.230682|0.079757|0.125253
1246|154|-1|3132|130|117|HOH|4343|838|825|-O--|2828|8|3|0001|2.791901|-0.524732|-0.337404|0.781546|4.485372|0.068507|0.107586
1246|155|-1|3132|117|130|HOH|4343|825|838|-O--|2828|8|3|0001|2.791901|0.524732|0.337404|-0.781546|4.485372|0.068507|0.107586
1246|156|-1|3133|161|118|HOH|4343|869|826|-O--|2828|8|3|0001|2.721051|0.843792|0.139652|0.518182|17.495831|0.082966|0.130292
1246|157|-1|3133|118|161|HOH|4343|826|869|-O--|2828|8|3|0001|2.721051|-0.843792|-0.139652|-0.518182|17.495831|0.082966|0.130292
1246|158|-1|3134|157|118|HOH|4343|865|826|-O--|2828|8|3|0001|2.796083|0.199923|-0.887313|-0.415581|1.115557|0.067737|0.106377
1246|159|-1|3134|118|157|HOH|4343|826|865|-O--|2828|8|3|0001|2.796083|-0.199923|0.887313|0.415581|1.115557|0.067737|0.106377
1246|160|-1|3135|219|119|HOH|4343|927|827|-O--|2828|8|3|0001|2.503644|0.988559|0.037146|0.146187|61.171375|0.149309|0.234479
1246|161|-1|3135|119|219|HOH|4343|827|927|-O--|2828|8|3|0001|2.503644|-0.988559|-0.037146|-0.146187|61.171375|0.149309|0.234479
1246|162|-1|3136|207|119|HOH|4343|915|827|-O--|2828|8|3|0001|2.940822|-0.451234|0.802497|0.390367|12.294749|0.045808|0.071938
1246|163|-1|3136|119|207|HOH|4343|827|915|-O--|2828|8|3|0001|2.940822|0.451234|-0.802497|-0.390367|12.294749|0.045808|0.071938
1246|164|-1|3137|181|121|HOH|4343|889|829|-O--|2828|8|3|0001|2.732471|0.767072|-0.155171|-0.622514|53.089401|0.080444|0.126332
1246|165|-1|3137|121|181|HOH|4343|829|889|-O--|2828|8|3|0001|2.732471|-0.767072|0.155171|0.622514|53.089401|0.080444|0.126332
1246|166|-1|3138|137|122|HOH|4343|845|830|-O--|2828|8|3|0001|2.702314|0.532877|0.404838|0.743067|7.457409|0.087275|0.137060
1246|167|-1|3138|122|137|HOH|4343|830|845|-O--|2828|8|3|0001|2.702314|-0.532877|-0.404838|-0.743067|7.457409|0.087275|0.137060
1246|168|-1|3139|194|122|HOH|4343|902|830|-O--|2828|8|3|0001|3.577413|0.739641|-0.154860|-0.654943|52.056080|0.008198|0.012875
1246|169|-1|3139|122|194|HOH|4343|830|902|-O--|2828|8|3|0001|3.577413|-0.739641|0.154860|0.654943|52.056080|0.008198|0.012875
1246|170|-1|3140|132|123|HOH|4343|840|831|-O--|2828|8|3|0001|2.817924|0.514563|0.510660|-0.688805|6.770352|0.063855|0.100279
1246|171|-1|3140|123|132|HOH|4343|831|840|-O--|2828|8|3|0001|2.817924|-0.514563|-0.510660|0.688805|6.770352|0.063855|0.100279
1246|172|-1|3141|174|125|HOH|4343|882|833|-O--|2828|8|3|0001|3.799483|-0.317412|-0.948287|0.001316|10.362398|0.004499|0.007065
1246|173|-1|3141|125|174|HOH|4343|833|882|-O--|2828|8|3|0001|3.799483|0.317412|0.948287|-0.001316|10.362398|0.004499|0.007065
1246|174|-1|3142|189|125|HOH|4343|897|833|-O--|2828|8|3|0001|2.699608|0.422654|-0.595642|-0.683063|5.511652|0.087916|0.138066
1246|175|-1|3142|125|189|HOH|4343|833|897|-O--|2828|8|3|0001|2.699608|-0.422654|0.595642|0.683063|5.511652|0.087916|0.138066
1246|176|-1|3143|168|126|HOH|4343|876|834|-O--|2828|8|3|0001|3.406033|-0.191719|0.980026|0.052847|7.110113|0.013028|0.020460
1246|177|-1|3143|126|168|HOH|4343|834|876|-O--|2828|8|3|0001|3.406033|0.191719|-0.980026|-0.052847|7.110113|0.013028|0.020460
1246|178|-1|3144|171|126|HOH|4343|879|834|-O--|2828|8|3|0001|2.806175|0.350299|-0.229850|0.907998|10.573331|0.065915|0.103515
1246|179|-1|3144|126|171|HOH|4343|834|879|-O--|2828|8|3|0001|2.806175|-0.350299|0.229850|-0.907998|10.573331|0.065915|0.103515
1246|180|-1|3145|164|126|HOH|4343|872|834|-O--|2828|8|3|0001|2.977733|-0.839229|-0.543702|-0.009067|45.177578|0.041459|0.065108
1246|181|-1|3145|126|164|HOH|4343|834|872|-O--|2828|8|3|0001|2.977733|0.839229|0.543702|0.009067|45.177578|0.041459|0.065108
1246|182|-1|3146|210|127|HOH|4343|918|835|-O--|2828|8|3|0001|3.809386|-0.586971|-0.809054|0.029926|18.850430|0.004380|0.006878
1246|183|-1|3146|127|210|HOH|4343|835|918|-O--|2828|8|3|0001|3.809386|0.586971|0.809054|-0.029926|18.850430|0.004380|0.006878
1246|184|-1|3147|171|128|HOH|4343|879|836|-O--|2828|8|3|0001|3.560720|0.113741|0.981824|0.151936|6.624451|0.008577|0.013469
1246|185|-1|3147|128|171|HOH|4343|836|879|-O--|2828|8|3|0001|3.560720|-0.113741|-0.981824|-0.151936|6.624451|0.008577|0.013469
1246|186|-1|3148|167|128|HOH|4343|875|836|-O--|2828|8|3|0001|3.287322|0.251573|-0.916856|0.309978|0.708635|0.017957|0.028200
1246|187|-1|3148|128|167|HOH|4343|836|875|-O--|2828|8|3|0001|3.287322|-0.251573|0.916856|-0.309978|0.708635|0.017957|0.028200
1246|188|-1|3149|190|129|HOH|4343|898|837|-O--|2828|8|3|0001|2.873115|-0.473006|0.768504|0.430891|49.363609|0.055006|0.086384
1246|189|-1|3149|129|190|HOH|4343|837|898|-O--|2828|8|3|0001|2.873115|0.473006|-0.768504|-0.430891|49.363609|0.055006|0.086384
1246|190|-1|3150|224|129|HOH|4343|932|837|-O--|2828|8|3|0001|2.701343|-0.969888|-0.090325|-0.226184|34.720039|0.087505|0.137421
1246|191|-1|3150|129|224|HOH|4343|837|932|-O--|2828|8|3|0001|2.701343|0.969888|0.090325|0.226184|34.720039|0.087505|0.137421
1246|192|-1|3151|223|131|HOH|4343|931|839|-O--|2828|8|3|0001|3.660714|-0.163629|-0.820878|0.547161|50.587990|0.006546|0.010279
1246|193|-1|3151|131|223|HOH|4343|839|931|-O--|2828|8|3|0001|3.660714|0.163629|0.820878|-0.547161|50.587990|0.006546|0.010279
1246|194|-1|3152|139|131|HOH|4343|847|839|-O--|2828|8|3|0001|3.309341|0.493150|-0.085516|0.865731|7.301706|0.016919|0.026571
1246|195|-1|3152|131|139|HOH|4343|839|847|-O--|2828|8|3|0001|3.309341|-0.493150|0.085516|-0.865731|7.301706|0.016919|0.026571
1246|196|-1|3153|173|131|HOH|4343|881|839|-O--|2828|8|3|0001|3.685946|-0.303043|0.690732|-0.656548|14.107758|0.006114|0.009602
1246|197|-1|3153|131|173|HOH|4343|839|881|-O--|2828|8|3|0001|3.685946|0.303043|-0.690732|0.656548|14.107758|0.006114|0.009602
1246|198|-1|3154|145|132|HOH|4343|853|840|-O--|2828|8|3|0001|3.874568|0.679302|0.329327|-0.655815|9.246390|0.003672|0.005767
1246|199|-1|3154|132|145|HOH|4343|840|853|-O--|2828|8|3|0001|3.874568|-0.679302|-0.329327|0.655815|9.246390|0.003672|0.005767
1246|200|-1|3155|185|132|HOH|4343|893|840|-O--|2828|8|3|0001|3.155104|0.157206|-0.807897|-0.567969|10.317244|0.025670|0.040313
1246|201|-1|3155|132|185|HOH|4343|840|893|-O--|2828|8|3|0001|3.155104|-0.157206|0.807897|0.567969|10.317244|0.025670|0.040313
1246|202|-1|3156|195|133|HOH|4343|903|841|-O--|2828|8|3|0001|2.887216|0.494248|0.174216|0.851685|48.145752|0.052949|0.083153
1246|203|-1|3156|133|195|HOH|4343|841|903|-O--|2828|8|3|0001|2.887216|-0.494248|-0.174216|-0.851685|48.145752|0.052949|0.083153
1246|204|-1|3157|137|133|HOH|4343|845|841|-O--|2828|8|3|0001|2.699074|0.127081|-0.315664|-0.940323|3.043709|0.088043|0.138266
1246|205|-1|3157|133|137|HOH|4343|841|845|-O--|2828|8|3|0001|2.699074|-0.127081|0.315664|0.940323|3.043709|0.088043|0.138266
1246|206|-1|3158|198|134|HOH|4343|906|842|-O--|2828|8|3|0001|3.417363|0.081934|-0.676838|0.731558|38.192295|0.012635|0.019843
1246|207|-1|3158|134|198|HOH|4343|842|906|-O--|2828|8|3|0001|3.417363|-0.081934|0.676838|-0.731558|38.192295|0.012635|0.019843
1246|208|-1|3159|149|134|HOH|4343|857|842|-O--|2828|8|3|0001|3.433687|0.383553|-0.834963|-0.394620|3.185627|0.012090|0.018987
1246|209|-1|3159|134|149|HOH|4343|842|857|-O--|2828|8|3|0001|3.433687|-0.383553|0.834963|0.394620|3.185627|0.012090|0.018987
1246|210|-1|3160|143|134|HOH|4343|851|842|-O--|2828|8|3|0001|3.710070|-0.514276|0.844997|-0.146628|16.785040|0.005728|0.008996
1246|211|-1|3160|134|143|HOH|4343|842|851|-O--|2828|8|3|0001|3.710070|0.514276|-0.844997|0.146628|16.785040|0.005728|0.008996
1246|212|-1|3161|195|134|HOH|4343|903|842|-O--|2828|8|3|0001|3.983801|-0.104423|0.683518|-0.722426|34.668991|0.002734|0.004293
1246|213|-1|3161|134|195|HOH|4343|842|903|-O--|2828|8|3|0001|3.983801|0.104423|-0.683518|0.722426|34.668991|0.002734|0.004293
1246|214|-1|3162|149|135|HOH|4343|857|843|-O--|2828|8|3|0001|3.381088|-0.821629|-0.066842|0.566090|0.427180|0.013937|0.021887
1246|215|-1|3162|135|149|HOH|4343|843|857|-O--|2828|8|3|0001|3.381088|0.821629|0.066842|-0.566090|0.427180|0.013937|0.021887
1246|216|-1|3163|230|135|HOH|4343|938|843|-O--|2828|8|3|0001|2.675721|-0.103523|0.993003|-0.056807|3.261193|0.093779|0.147274
1246|217|-1|3163|135|230|HOH|4343|843|938|-O--|2828|8|3|0001|2.675721|0.103523|-0.993003|0.056807|3.261193|0.093779|0.147274
1246|218|-1|3164|138|136|HOH|4343|846|844|-O--|2828|8|3|0001|3.812893|-0.756643|0.453724|0.470771|9.797394|0.004338|0.006813
1246|219|-1|3164|136|138|HOH|4343|844|846|-O--|2828|8|3|0001|3.812893|0.756643|-0.453724|-0.470771|9.797394|0.004338|0.006813
1246|220|-1|3165|158|136|HOH|4343|866|844|-O--|2828|8|3|0001|2.697040|-0.206523|-0.972918|0.103817|1.021604|0.088528|0.139028
1246|221|-1|3165|136|158|HOH|4343|844|866|-O--|2828|8|3|0001|2.697040|0.206523|0.972918|-0.103817|1.021604|0.088528|0.139028
1246|222|-1|3166|154|137|HOH|4343|862|845|-O--|2828|8|3|0001|2.904699|0.328778|0.845871|-0.420009|22.572281|0.050505|0.079315
1246|223|-1|3166|137|154|HOH|4343|845|862|-O--|2828|8|3|0001|2.904699|-0.328778|-0.845871|0.420009|22.572281|0.050505|0.079315
1246|224|-1|3167|235|138|HOH|4343|943|846|-O--|2828|8|3|0001|2.820725|0.031907|-0.902250|0.430031|38.592960|0.063373|0.099523
1246|225|-1|3167|138|235|HOH|4343|846|943|-O--|2828|8|3|0001|2.820725|-0.031907|0.902250|-0.430031|38.592960|0.063373|0.099523
1246|226|-1|3168|227|139|HOH|4343|935|847|-O--|2828|8|3|0001|2.392407|-0.264169|0.782476|0.563867|32.053112|0.201675|0.316716
1246|227|-1|3168|139|227|HOH|4343|847|935|-O--|2828|8|3|0001|2.392407|0.264169|-0.782476|-0.563867|32.053112|0.201675|0.316716
1246|228|-1|3169|223|139|HOH|4343|931|847|-O--|2828|8|3|0001|3.623490|-0.615704|-0.751209|-0.237892|30.100761|0.007238|0.011367
1246|229|-1|3169|139|223|HOH|4343|847|931|-O--|2828|8|3|0001|3.623490|0.615704|0.751209|0.237892|30.100761|0.007238|0.011367
1246|230|-1|3170|190|139|HOH|4343|898|847|-O--|2828|8|3|0001|2.898139|0.312270|-0.858482|0.406813|16.823587|0.051409|0.080734
1246|231|-1|3170|139|190|HOH|4343|847|898|-O--|2828|8|3|0001|2.898139|-0.312270|0.858482|-0.406813|16.823587|0.051409|0.080734
1246|232|-1|3171|178|140|HOH|4343|886|848|-O--|2828|8|3|0001|2.805599|-0.306530|-0.182492|-0.934203|5.890282|0.066018|0.103676
1246|233|-1|3171|140|178|HOH|4343|848|886|-O--|2828|8|3|0001|2.805599|0.306530|0.182492|0.934203|5.890282|0.066018|0.103676
1246|234|-1|3172|172|140|HOH|4343|880|848|-O--|2828|8|3|0001|2.294882|0.555148|-0.787840|0.266680|16.210377|0.262496|0.412233
1246|235|-1|3172|140|172|HOH|4343|848|880|-O--|2828|8|3|0001|2.294882|-0.555148|0.787840|-0.266680|16.210377|0.262496|0.412233
1246|236|-1|3173|180|141|HOH|4343|888|849|-O--|2828|8|3|0001|2.777558|-0.270021|-0.524922|-0.807184|4.642789|0.071215|0.111839
1246|237|-1|3173|141|180|HOH|4343|849|888|-O--|2828|8|3|0001|2.777558|0.270021|0.524922|0.807184|4.642789|0.071215|0.111839
1246|238|-1|3174|192|142|HOH|4343|900|850|-O--|2828|8|3|0001|2.986600|-0.108485|-0.025447|-0.993772|5.189772|0.040477|0.063566
1246|239|-1|3174|142|192|HOH|4343|850|900|-O--|2828|8|3|0001|2.986600|0.108485|0.025447|0.993772|5.189772|0.040477|0.063566
1246|240|-1|3175|195|143|HOH|4343|903|851|-O--|2828|8|3|0001|2.800601|0.532743|-0.147111|-0.833393|9.284707|0.066915|0.105086
1246|241|-1|3175|143|195|HOH|4343|851|903|-O--|2828|8|3|0001|2.800601|-0.532743|0.147111|0.833393|9.284707|0.066915|0.105086
1246|242|-1|3176|153|144|HOH|4343|861|852|-O--|2828|8|3|0001|2.619394|0.879975|0.435979|0.188593|11.788538|0.109199|0.171490
1246|243|-1|3176|144|153|HOH|4343|852|861|-O--|2828|8|3|0001|2.619394|-0.879975|-0.435979|-0.188593|11.788538|0.109199|0.171490
1246|244|-1|3177|186|144|HOH|4343|894|852|-O--|2828|8|3|0001|3.167371|-0.411382|0.504204|-0.759305|22.746414|0.024833|0.038998
1246|245|-1|3177|144|186|HOH|4343|852|894|-O--|2828|8|3|0001|3.167371|0.411382|-0.504204|0.759305|22.746414|0.024833|0.038998
1246|246|-1|3178|170|145|HOH|4343|878|853|-O--|2828|8|3|0001|3.596554|0.524113|0.798820|-0.295283|2.770817|0.007785|0.012226
1246|247|-1|3178|145|170|HOH|4343|853|878|-O--|2828|8|3|0001|3.596554|-0.524113|-0.798820|0.295283|2.770817|0.007785|0.012226
1246|248|-1|3179|163|146|HOH|4343|871|854|-O--|2828|8|3|0001|2.841405|-0.495529|-0.848172|-0.187231|4.875920|0.059928|0.094113
1246|249|-1|3179|146|163|HOH|4343|854|871|-O--|2828|8|3|0001|2.841405|0.495529|0.848172|0.187231|4.875920|0.059928|0.094113
1246|250|-1|3180|173|146|HOH|4343|881|854|-O--|2828|8|3|0001|3.995385|-0.415980|-0.755372|0.506334|9.506870|0.002649|0.004160
1246|251|-1|3180|146|173|HOH|4343|854|881|-O--|2828|8|3|0001|3.995385|0.415980|0.755372|-0.506334|9.506870|0.002649|0.004160
1246|252|-1|3181|236|147|HOH|4343|944|855|-O--|2828|8|3|0001|2.954649|0.892492|0.385494|0.234207|13.239522|0.044127|0.069299
1246|253|-1|3181|147|236|HOH|4343|855|944|-O--|2828|8|3|0001|2.954649|-0.892492|-0.385494|-0.234207|13.239522|0.044127|0.069299
1246|254|-1|3182|184|147|HOH|4343|892|855|-O--|2828|8|3|0001|3.369347|-0.296497|0.472199|0.830131|10.445013|0.014386|0.022593
1246|255|-1|3182|147|184|HOH|4343|855|892|-O--|2828|8|3|0001|3.369347|0.296497|-0.472199|-0.830131|10.445013|0.014386|0.022593
1246|256|-1|3183|182|147|HOH|4343|890|855|-O--|2828|8|3|0001|2.641888|-0.912226|0.317198|0.259284|1.537424|0.102759|0.161376
1246|257|-1|3183|147|182|HOH|4343|855|890|-O--|2828|8|3|0001|2.641888|0.912226|-0.317198|-0.259284|1.537424|0.102759|0.161376
1246|258|-1|3184|198|148|HOH|4343|906|856|-O--|2828|8|3|0001|2.519597|0.760439|0.408002|-0.505239|1.129816|0.143008|0.224584
1246|259|-1|3184|148|198|HOH|4343|856|906|-O--|2828|8|3|0001|2.519597|-0.760439|-0.408002|0.505239|1.129816|0.143008|0.224584
1246|260|-1|3185|162|149|HOH|4343|870|857|-O--|2828|8|3|0001|2.675095|0.332698|-0.777916|0.533065|0.510386|0.093938|0.147523
1246|261|-1|3185|149|162|HOH|4343|857|870|-O--|2828|8|3|0001|2.675095|-0.332698|0.777916|-0.533065|0.510386|0.093938|0.147523
1246|262|-1|3186|209|150|HOH|4343|917|858|-O--|2828|8|3|0001|2.575581|-0.657716|-0.706636|-0.260912|6.898194|0.122927|0.193048
1246|263|-1|3186|150|209|HOH|4343|858|917|-O--|2828|8|3|0001|2.575581|0.657716|0.706636|0.260912|6.898194|0.122927|0.193048
1246|264|-1|3187|231|151|HOH|4343|939|859|-O--|2828|8|3|0001|2.446584|-0.489662|0.862836|0.125481|46.099892|0.174205|0.273577
1246|265|-1|3187|151|231|HOH|4343|859|939|-O--|2828|8|3|0001|2.446584|0.489662|-0.862836|-0.125481|46.099892|0.174205|0.273577
1246|266|-1|3188|159|152|HOH|4343|867|860|-O--|2828|8|3|0001|3.634368|-0.318350|0.791334|-0.521961|3.401096|0.007029|0.011038
1246|267|-1|3188|152|159|HOH|4343|860|867|-O--|2828|8|3|0001|3.634368|0.318350|-0.791334|0.521961|3.401096|0.007029|0.011038
1246|268|-1|3189|215|152|HOH|4343|923|860|-O--|2828|8|3|0001|2.879887|0.187161|-0.778850|0.598635|10.215316|0.054009|0.084817
1246|269|-1|3189|152|215|HOH|4343|860|923|-O--|2828|8|3|0001|2.879887|-0.187161|0.778850|-0.598635|10.215316|0.054009|0.084817
1246|270|-1|3190|232|152|HOH|4343|940|860|-O--|2828|8|3|0001|2.896830|-0.560612|-0.046603|0.826766|23.107096|0.051591|0.081020
1246|271|-1|3190|152|232|HOH|4343|860|940|-O--|2828|8|3|0001|2.896830|0.560612|0.046603|-0.826766|23.107096|0.051591|0.081020
1246|272|-1|3191|187|152|HOH|4343|895|860|-O--|2828|8|3|0001|2.284222|-0.925042|0.062166|-0.374744|35.698437|0.270169|0.424282
1246|273|-1|3191|152|187|HOH|4343|860|895|-O--|2828|8|3|0001|2.284222|0.925042|-0.062166|0.374744|35.698437|0.270169|0.424282
1246|274|-1|3192|191|153|HOH|4343|899|861|-O--|2828|8|3|0001|3.174645|-0.097963|0.216087|0.971447|6.046504|0.024349|0.038239
1246|275|-1|3192|153|191|HOH|4343|861|899|-O--|2828|8|3|0001|3.174645|0.097963|-0.216087|-0.971447|6.046504|0.024349|0.038239
1246|276|-1|3193|183|153|HOH|4343|891|861|-O--|2828|8|3|0001|3.755966|0.436638|0.625671|-0.646438|1.415213|0.005060|0.007946
1246|277|-1|3193|153|183|HOH|4343|861|891|-O--|2828|8|3|0001|3.755966|-0.436638|-0.625671|0.646438|1.415213|0.005060|0.007946
1246|278|-1|3194|163|155|HOH|4343|871|863|-O--|2828|8|3|0001|2.632851|-0.106349|0.755835|0.646068|2.823514|0.105299|0.165365
1246|279|-1|3194|155|163|HOH|4343|863|871|-O--|2828|8|3|0001|2.632851|0.106349|-0.755835|-0.646068|2.823514|0.105299|0.165365
1246|280|-1|3195|224|156|HOH|4343|932|864|-O--|2828|8|3|0001|3.472799|0.063925|0.721320|0.689645|5.135894|0.010877|0.017082
1246|281|-1|3195|156|224|HOH|4343|864|932|-O--|2828|8|3|0001|3.472799|-0.063925|-0.721320|-0.689645|5.135894|0.010877|0.017082
1246|282|-1|3196|160|156|HOH|4343|868|864|-O--|2828|8|3|0001|3.349020|-0.327559|-0.250521|0.911013|7.536492|0.015199|0.023869
1246|283|-1|3196|156|160|HOH|4343|864|868|-O--|2828|8|3|0001|3.349020|0.327559|0.250521|-0.911013|7.536492|0.015199|0.023869
1246|284|-1|3197|203|157|HOH|4343|911|865|-O--|2828|8|3|0001|2.787197|0.739453|-0.454579|0.496556|44.991650|0.069384|0.108963
1246|285|-1|3197|157|203|HOH|4343|865|911|-O--|2828|8|3|0001|2.787197|-0.739453|0.454579|-0.496556|44.991650|0.069384|0.108963
1246|286|-1|3198|235|158|HOH|4343|943|866|-O--|2828|8|3|0001|3.965238|-0.564405|0.456215|0.687979|81.262375|0.002874|0.004514
1246|287|-1|3198|158|235|HOH|4343|866|943|-O--|2828|8|3|0001|3.965238|0.564405|-0.456215|-0.687979|81.262375|0.002874|0.004514
1246|288|-1|3199|222|158|HOH|4343|930|866|-O--|2828|8|3|0001|2.735895|-0.758801|-0.189335|0.623196|61.496475|0.079703|0.125168
1246|289|-1|3199|158|222|HOH|4343|866|930|-O--|2828|8|3|0001|2.735895|0.758801|0.189335|-0.623196|61.496475|0.079703|0.125168
1246|290|-1|3200|233|159|HOH|4343|941|867|-O--|2828|8|3|0001|3.058562|0.126530|-0.255022|-0.958621|22.977577|0.033323|0.052331
1246|291|-1|3200|159|233|HOH|4343|867|941|-O--|2828|8|3|0001|3.058562|-0.126530|0.255022|0.958621|22.977577|0.033323|0.052331
1246|292|-1|3201|211|159|HOH|4343|919|867|-O--|2828|8|3|0001|2.677621|-0.318193|0.944869|0.077307|5.832338|0.093299|0.146519
1246|293|-1|3201|159|211|HOH|4343|867|919|-O--|2828|8|3|0001|2.677621|0.318193|-0.944869|-0.077307|5.832338|0.093299|0.146519
1246|294|-1|3202|187|159|HOH|4343|895|867|-O--|2828|8|3|0001|3.077723|-0.310620|-0.888319|0.338237|26.941391|0.031641|0.049690
1246|295|-1|3202|159|187|HOH|4343|867|895|-O--|2828|8|3|0001|3.077723|0.310620|0.888319|-0.338237|26.941391|0.031641|0.049690
1246|296|-1|3203|224|160|HOH|4343|932|868|-O--|2828|8|3|0001|3.654098|0.360965|0.915137|-0.179525|15.129721|0.006664|0.010465
1246|297|-1|3203|160|224|HOH|4343|868|932|-O--|2828|8|3|0001|3.654098|-0.360965|-0.915137|0.179525|15.129721|0.006664|0.010465
1246|298|-1|3204|208|161|HOH|4343|916|869|-O--|2828|8|3|0001|3.000134|0.383316|-0.888294|0.252989|19.370146|0.039023|0.061283
1246|299|-1|3204|161|208|HOH|4343|869|916|-O--|2828|8|3|0001|3.000134|-0.383316|0.888294|-0.252989|19.370146|0.039023|0.061283
1246|300|-1|3205|206|162|HOH|4343|914|870|-O--|2828|8|3|0001|2.576946|-0.332952|-0.893305|0.301908|0.161063|0.122474|0.192338
1246|301|-1|3205|162|206|HOH|4343|870|914|-O--|2828|8|3|0001|2.576946|0.332952|0.893305|-0.301908|0.161063|0.122474|0.192338
1246|302|-1|3206|173|163|HOH|4343|881|871|-O--|2828|8|3|0001|2.638599|-0.096263|-0.230426|0.968317|3.462611|0.103676|0.162816
1246|303|-1|3206|163|173|HOH|4343|871|881|-O--|2828|8|3|0001|2.638599|0.096263|0.230426|-0.968317|3.462611|0.103676|0.162816
1246|304|-1|3207|200|164|HOH|4343|908|872|-O--|2828|8|3|0001|3.846165|-0.324739|-0.284699|0.901937|13.975155|0.003965|0.006227
1246|305|-1|3207|164|200|HOH|4343|872|908|-O--|2828|8|3|0001|3.846165|0.324739|0.284699|-0.901937|13.975155|0.003965|0.006227
1246|306|-1|3208|226|165|HOH|4343|934|873|-O--|2828|8|3|0001|2.303025|0.554922|0.827173|0.088579|16.095688|0.256782|0.403259
1246|307|-1|3208|165|226|HOH|4343|873|934|-O--|2828|8|3|0001|2.303025|-0.554922|-0.827173|-0.088579|16.095688|0.256782|0.403259
1246|308|-1|3209|181|167|HOH|4343|889|875|-O--|2828|8|3|0001|3.111169|-0.513312|-0.692987|0.506241|11.261235|0.028906|0.045395
1246|309|-1|3209|167|181|HOH|4343|875|889|-O--|2828|8|3|0001|3.111169|0.513312|0.692987|-0.506241|11.261235|0.028906|0.045395
1246|310|-1|3210|220|169|HOH|4343|928|877|-O--|2828|8|3|0001|2.793694|-0.002148|-0.364034|0.931383|4.943924|0.068176|0.107066
1246|311|-1|3210|169|220|HOH|4343|877|928|-O--|2828|8|3|0001|2.793694|0.002148|0.364034|-0.931383|4.943924|0.068176|0.107066
1246|312|-1|3211|176|172|HOH|4343|884|880|-O--|2828|8|3|0001|3.815915|0.304252|-0.922190|0.238737|24.348892|0.004303|0.006758
1246|313|-1|3211|172|176|HOH|4343|880|884|-O--|2828|8|3|0001|3.815915|-0.304252|0.922190|-0.238737|24.348892|0.004303|0.006758
1246|314|-1|3212|189|174|HOH|4343|897|882|-O--|2828|8|3|0001|3.592664|0.653276|0.555298|-0.514660|3.476229|0.007867|0.012355
1246|315|-1|3212|174|189|HOH|4343|882|897|-O--|2828|8|3|0001|3.592664|-0.653276|-0.555298|0.514660|3.476229|0.007867|0.012355
1246|316|-1|3213|211|174|HOH|4343|919|882|-O--|2828|8|3|0001|2.731486|-0.713897|-0.555375|0.426507|3.546884|0.080659|0.126669
1246|317|-1|3213|174|211|HOH|4343|882|919|-O--|2828|8|3|0001|2.731486|0.713897|0.555375|-0.426507|3.546884|0.080659|0.126669
1246|318|-1|3214|205|175|HOH|4343|913|883|-O--|2828|8|3|0001|2.549158|-0.519387|0.175352|-0.836355|4.762263|0.132027|0.207339
1246|319|-1|3214|175|205|HOH|4343|883|913|-O--|2828|8|3|0001|2.549158|0.519387|-0.175352|0.836355|4.762263|0.132027|0.207339
1246|320|-1|3215|194|180|HOH|4343|902|888|-O--|2828|8|3|0001|3.867183|-0.933496|0.057147|-0.354005|6.602188|0.003746|0.005883
1246|321|-1|3215|180|194|HOH|4343|888|902|-O--|2828|8|3|0001|3.867183|0.933496|-0.057147|0.354005|6.602188|0.003746|0.005883
1246|322|-1|3216|184|182|HOH|4343|892|890|-O--|2828|8|3|0001|2.649240|0.532605|0.284233|0.797210|12.844945|0.100737|0.158201
1246|323|-1|3216|182|184|HOH|4343|890|892|-O--|2828|8|3|0001|2.649240|-0.532605|-0.284233|-0.797210|12.844945|0.100737|0.158201
1246|324|-1|3217|214|185|HOH|4343|922|893|-O--|2828|8|3|0001|2.343694|-0.240219|0.426250|-0.872127|22.748621|0.230054|0.361284
1246|325|-1|3217|185|214|HOH|4343|893|922|-O--|2828|8|3|0001|2.343694|0.240219|-0.426250|0.872127|22.748621|0.230054|0.361284
1246|326|-1|3218|232|187|HOH|4343|940|895|-O--|2828|8|3|0001|3.299220|0.148218|-0.083959|0.985384|5.976870|0.017389|0.027308
1246|327|-1|3218|187|232|HOH|4343|895|940|-O--|2828|8|3|0001|3.299220|-0.148218|0.083959|-0.985384|5.976870|0.017389|0.027308
1246|328|-1|3219|200|189|HOH|4343|908|897|-O--|2828|8|3|0001|2.715958|0.817392|0.558182|-0.142491|13.089584|0.084116|0.132098
1246|329|-1|3219|189|200|HOH|4343|897|908|-O--|2828|8|3|0001|2.715958|-0.817392|-0.558182|0.142491|13.089584|0.084116|0.132098
1246|330|-1|3220|223|190|HOH|4343|931|898|-O--|2828|8|3|0001|3.748991|-0.836492|-0.062417|-0.544413|7.309453|0.005156|0.008098
1246|331|-1|3220|190|223|HOH|4343|898|931|-O--|2828|8|3|0001|3.748991|0.836492|0.062417|0.544413|7.309453|0.005156|0.008098
1246|332|-1|3221|224|190|HOH|4343|932|898|-O--|2828|8|3|0001|3.319823|-0.379839|-0.738594|-0.556957|4.996468|0.016447|0.025828
1246|333|-1|3221|190|224|HOH|4343|898|932|-O--|2828|8|3|0001|3.319823|0.379839|0.738594|0.556957|4.996468|0.016447|0.025828
1246|334|-1|3222|219|192|HOH|4343|927|900|-O--|2828|8|3|0001|3.984723|0.292618|-0.893914|-0.339547|12.268408|0.002727|0.004282
1246|335|-1|3222|192|219|HOH|4343|900|927|-O--|2828|8|3|0001|3.984723|-0.292618|0.893914|0.339547|12.268408|0.002727|0.004282
1246|336|-1|3223|207|192|HOH|4343|915|900|-O--|2828|8|3|0001|2.991915|-0.881041|-0.432833|-0.190847|9.040277|0.039900|0.062660
1246|337|-1|3223|192|207|HOH|4343|900|915|-O--|2828|8|3|0001|2.991915|0.881041|0.432833|0.190847|9.040277|0.039900|0.062660
1246|338|-1|3224|203|197|HOH|4343|911|905|-O--|2828|8|3|0001|3.284758|0.364411|0.894739|-0.258162|1.905810|0.018082|0.028396
1246|339|-1|3224|197|203|HOH|4343|905|911|-O--|2828|8|3|0001|3.284758|-0.364411|-0.894739|0.258162|1.905810|0.018082|0.028396
1246|340|-1|3225|200|199|HOH|4343|908|907|-O--|2828|8|3|0001|2.290488|-0.428293|-0.633489|-0.644404|2.698061|0.265632|0.417157
1246|341|-1|3225|199|200|HOH|4343|907|908|-O--|2828|8|3|0001|2.290488|0.428293|0.633489|0.644404|2.698061|0.265632|0.417157
1246|342|-1|3226|212|202|HOH|4343|920|910|-O--|2828|8|3|0001|3.564899|0.614323|-0.244887|-0.750091|3.899103|0.008480|0.013318
1246|343|-1|3226|202|212|HOH|4343|910|920|-O--|2828|8|3|0001|3.564899|-0.614323|0.244887|0.750091|3.899103|0.008480|0.013318
1246|344|-1|3227|236|202|HOH|4343|944|910|-O--|2828|8|3|0001|3.294560|-0.300799|0.893898|-0.332366|4.439605|0.017609|0.027654
1246|345|-1|3227|202|236|HOH|4343|910|944|-O--|2828|8|3|0001|3.294560|0.300799|-0.893898|0.332366|4.439605|0.017609|0.027654
1246|346|-1|3228|208|203|HOH|4343|916|911|-O--|2828|8|3|0001|2.571664|0.321193|0.568892|0.757098|6.392927|0.124235|0.195103
1246|347|-1|3228|203|208|HOH|4343|911|916|-O--|2828|8|3|0001|2.571664|-0.321193|-0.568892|-0.757098|6.392927|0.124235|0.195103
1246|348|-1|3229|213|204|HOH|4343|921|912|-O--|2828|8|3|0001|2.938604|0.081672|0.369563|0.925609|18.365288|0.046083|0.072370
1246|349|-1|3229|204|213|HOH|4343|912|921|-O--|2828|8|3|0001|2.938604|-0.081672|-0.369563|-0.925609|18.365288|0.046083|0.072370
1246|350|-1|3230|206|204|HOH|4343|914|912|-O--|2828|8|3|0001|3.697488|0.036782|0.361326|-0.931714|0.998037|0.005926|0.009307
1246|351|-1|3230|204|206|HOH|4343|912|914|-O--|2828|8|3|0001|3.697488|-0.036782|-0.361326|0.931714|0.998037|0.005926|0.009307
1246|352|-1|3231|225|207|HOH|4343|933|915|-O--|2828|8|3|0001|2.796491|-0.616130|0.148758|0.773469|9.575605|0.067663|0.106260
1246|353|-1|3231|207|225|HOH|4343|915|933|-O--|2828|8|3|0001|2.796491|0.616130|-0.148758|-0.773469|9.575605|0.067663|0.106260
1246|354|-1|3232|238|207|HOH|4343|946|915|-O--|2828|8|3|0001|2.539704|-0.534709|0.660707|-0.526833|35.041828|0.135443|0.212705
1246|355|-1|3232|207|238|HOH|4343|915|946|-O--|2828|8|3|0001|2.539704|0.534709|-0.660707|0.526833|35.041828|0.135443|0.212705
1246|356|-1|3233|226|209|HOH|4343|934|917|-O--|2828|8|3|0001|3.013800|0.628110|-0.753865|-0.192780|15.244829|0.037608|0.059061
1246|357|-1|3233|209|226|HOH|4343|917|934|-O--|2828|8|3|0001|3.013800|-0.628110|0.753865|0.192780|15.244829|0.037608|0.059061
1246|358|-1|3234|232|215|HOH|4343|940|923|-O--|2828|8|3|0001|3.093942|-0.699108|0.681332|0.216876|48.871288|0.030284|0.047559
1246|359|-1|3234|215|232|HOH|4343|923|940|-O--|2828|8|3|0001|3.093942|0.699108|-0.681332|-0.216876|48.871288|0.030284|0.047559
1246|360|-1|3235|216|215|HOH|4343|924|923|-O--|2828|8|3|0001|3.793996|-0.813654|-0.013969|0.581181|22.230850|0.004566|0.007170
1246|361|-1|3235|215|216|HOH|4343|923|924|-O--|2828|8|3|0001|3.793996|0.813654|0.013969|-0.581181|22.230850|0.004566|0.007170
1246|362|-1|3236|232|216|HOH|4343|940|924|-O--|2828|8|3|0001|2.806573|0.329227|0.769978|-0.546574|11.590162|0.065844|0.103404
1246|363|-1|3236|216|232|HOH|4343|924|940|-O--|2828|8|3|0001|2.806573|-0.329227|-0.769978|0.546574|11.590162|0.065844|0.103404
1246|364|-1|3237|221|217|HOH|4343|929|925|-O--|2828|8|3|0001|2.645859|-0.660277|0.524971|0.537066|27.436049|0.101662|0.159653
1246|365|-1|3237|217|221|HOH|4343|925|929|-O--|2828|8|3|0001|2.645859|0.660277|-0.524971|-0.537066|27.436049|0.101662|0.159653
1246|366|-1|3238|235|222|HOH|4343|943|930|-O--|2828|8|3|0001|2.547097|-0.063602|0.913589|0.401634|4.924553|0.132764|0.208497
1246|367|-1|3238|222|235|HOH|4343|930|943|-O--|2828|8|3|0001|2.547097|0.063602|-0.913589|-0.401634|4.924553|0.132764|0.208497
1246|368|-1|3239|224|223|HOH|4343|932|931|-O--|2828|8|3|0001|2.910673|0.644181|-0.762023|0.065964|14.078284|0.049697|0.078045
1246|369|-1|3239|223|224|HOH|4343|931|932|-O--|2828|8|3|0001|2.910673|-0.644181|0.762023|-0.065964|14.078284|0.049697|0.078045
1246|370|-1|3240|238|225|HOH|4343|946|933|-O--|2828|8|3|0001|3.739368|0.097610|0.337490|-0.936255|16.892441|0.005292|0.008311
1246|371|-1|3240|225|238|HOH|4343|933|946|-O--|2828|8|3|0001|3.739368|-0.097610|-0.337490|0.936255|16.892441|0.005292|0.008311
1246|372|-1|3241|237|225|HOH|4343|945|933|-O--|2828|8|3|0001|3.330940|-0.907551|0.415799|0.058842|20.017807|0.015960|0.025064
1246|373|-1|3241|225|237|HOH|4343|933|945|-O--|2828|8|3|0001|3.330940|0.907551|-0.415799|-0.058842|20.017807|0.015960|0.025064
1246|374|-1|3265|3|141|THR|1343|27|849|-OG1|1728|8|3|1011|2.734131|0.635059|0.748684|-0.190189|16.458466|0.080084|0.125767
1246|375|-1|3266|3|180|THR|1343|27|888|-OG1|1728|8|3|1011|4.629490|0.537065|0.757103|0.371963|26.271835|0.000477|0.000750
1246|376|-1|3349|7|186|GLU|2543|53|894|-O--|428|8|2|1011|4.697609|-0.244692|0.943827|0.222074|79.951797|0.000397|0.000624
1246|377|-1|3385|8|144|SER|1143|65|852|-OG-|1728|8|3|1011|4.163146|-0.353932|0.623502|0.697121|6.741993|0.001684|0.002644
1246|378|-1|3386|8|186|SER|1143|65|894|-OG-|1728|8|3|1011|2.992233|-0.927892|0.333774|0.166169|39.592258|0.039865|0.062606
1246|379|-1|3387|8|186|SER|1143|66|894|-OG-|1728|8|3|1011|4.958766|-0.867649|0.215725|0.447937|49.929237|0.000196|0.000308
1246|380|-1|3394|8|153|SER|1143|65|861|-OG-|1728|8|3|1011|3.786694|0.219593|0.383904|0.896881|24.110371|0.004657|0.007313
1246|381|-1|3395|8|183|SER|1143|65|891|-OG-|1728|8|3|1011|2.801643|0.882171|-0.319909|0.345589|27.522940|0.066727|0.104791
1246|382|-1|3396|8|183|SER|1143|66|891|-OG-|1728|8|3|1011|2.970375|0.318319|-0.277834|0.906356|35.710247|0.042291|0.066416
1246|383|-1|3434|10|127|PHE|3543|77|835|-O--|428|8|2|1011|4.163511|0.290268|0.929919|0.225823|10.071428|0.001682|0.002641
1246|384|-1|3491|13|191|ALA|343|98|899|-O--|428|8|2|1011|3.458855|-0.319275|0.149104|-0.935859|23.666540|0.011295|0.017738
1246|385|-1|3543|14|237|GLU|2543|108|945|-OE2|1028|8|2|1011|4.219746|-0.327856|0.716803|-0.615389|21.459013|0.001445|0.002269
1246|386|-1|3592|17|174|ASP|2143|127|882|-OD1|1028|8|2|1011|3.802076|-0.320577|-0.549963|-0.771214|43.433449|0.004467|0.007015
1246|387|-1|3593|17|159|ASP|2143|127|867|-OD1|1028|8|2|1011|4.355953|-0.027745|0.449041|-0.893080|49.541336|0.001000|0.001570
1246|388|-1|3594|17|211|ASP|2143|127|919|-OD1|1028|8|2|1011|4.201335|0.174027|-0.136623|-0.975217|33.954380|0.001518|0.002385
1246|389|-1|3596|17|233|ASP|2143|127|941|-OD1|1028|8|2|1011|2.943093|-0.172561|0.929634|-0.325581|13.500875|0.045527|0.071498
1246|390|-1|3598|17|213|ASP|2143|127|921|-OD1|1028|8|2|1011|4.354014|-0.012325|0.525492|0.850709|22.767467|0.001005|0.001578
1246|391|-1|3600|17|233|ASP|2143|128|941|-OD2|1028|8|2|1011|3.549732|-0.108138|0.549337|-0.828574|23.408287|0.008835|0.013875
1246|392|-1|3604|17|213|ASP|2143|128|921|-OD2|1028|8|2|1011|2.285343|0.030777|0.657232|0.753060|34.878059|0.269352|0.422999
1246|393|-1|3656|23|177|ASP|2143|166|885|-OD1|1028|8|2|1011|3.608318|-0.274049|0.578109|-0.768562|46.928394|0.007541|0.011843
1246|394|-1|3657|23|113|ASP|2143|167|821|-OD2|1028|8|2|1011|4.471219|0.429446|-0.898189|-0.093982|3.832292|0.000732|0.001150
1246|395|-1|3662|23|124|ASP|2143|167|832|-OD2|1028|8|2|1011|4.441306|-0.653604|-0.639001|-0.405560|2.167408|0.000794|0.001247
1246|396|-1|3663|23|177|ASP|2143|167|885|-OD2|1028|8|2|1011|3.122064|-0.011165|0.948411|-0.316847|38.059155|0.028067|0.044078
1246|397|-1|3711|27|142|MET|1743|196|850|-SD-|1628|16|3|1011|4.604030|0.531099|0.807494|-0.256685|6.828102|0.001871|0.002963
1246|398|-1|3743|30|178|GLU|2543|226|886|-OE1|1028|8|2|1011|3.518981|-0.589335|-0.073317|-0.804555|20.370365|0.009601|0.015078
1246|399|-1|3744|30|193|GLU|2543|226|901|-OE1|1028|8|2|1011|4.550832|-0.817946|0.233364|0.525838|36.040451|0.000590|0.000927
1246|400|-1|3748|30|124|GLU|2543|226|832|-OE1|1028|8|2|1011|3.001285|0.376553|-0.850636|-0.366915|6.184986|0.038902|0.061093
1246|401|-1|3749|30|178|GLU|2543|227|886|-OE2|1028|8|2|1011|3.549958|-0.081651|-0.444231|-0.892184|24.302719|0.008830|0.013867
1246|402|-1|3750|30|193|GLU|2543|227|901|-OE2|1028|8|2|1011|2.838035|-0.682985|-0.090556|0.724797|41.531078|0.060477|0.094974
1246|403|-1|3756|31|115|THR|1343|233|823|-OG1|1728|8|3|1011|4.329675|-0.340870|0.312957|-0.886491|6.870425|0.001073|0.001686
1246|404|-1|3757|31|157|THR|1343|233|865|-OG1|1728|8|3|1011|4.439925|-0.728133|-0.556090|-0.400731|2.441699|0.000797|0.001251
1246|405|-1|3762|31|124|THR|1343|233|832|-OG1|1728|8|3|1011|4.692693|-0.022984|0.741791|-0.670237|12.347610|0.000402|0.000632
1246|406|-1|3874|38|185|VAL|543|288|893|-O--|428|8|2|1011|4.106062|0.838645|0.018332|0.544370|21.666580|0.001964|0.003085
1246|407|-1|3875|38|214|VAL|543|288|922|-O--|428|8|2|1011|3.031055|0.950339|-0.304754|0.063086|74.285301|0.035894|0.056370
1246|408|-1|3887|39|185|GLY|143|295|893|-O--|428|8|2|1011|4.968680|0.385923|-0.862750|0.326690|15.442076|0.000191|0.000300
1246|409|-1|3899|41|135|THR|1343|309|843|-OG1|1728|8|3|1011|4.995407|0.389825|0.908234|0.152140|18.957930|0.000178|0.000279
1246|410|-1|3900|41|230|THR|1343|309|938|-OG1|1728|8|3|1011|3.051854|0.728847|0.616019|0.298835|26.908304|0.033932|0.053288
1246|411|-1|3913|48|142|GLU|2543|369|850|-O--|428|8|2|1011|4.897322|-0.969061|0.214756|-0.121655|20.920835|0.000231|0.000363
1246|412|-1|3920|48|192|GLU|2543|373|900|-OE1|1028|8|2|1011|3.243915|0.031503|0.936747|-0.348587|12.507349|0.020192|0.031710
1246|413|-1|3921|48|142|GLU|2543|373|850|-OE1|1028|8|2|1011|3.512088|0.121351|0.843580|0.523112|21.261744|0.009781|0.015361
1246|414|-1|3922|48|142|GLU|2543|374|850|-OE2|1028|8|2|1011|4.694998|0.001745|0.993553|0.113358|13.362144|0.000400|0.000628
1246|415|-1|3932|49|120|ALA|343|378|828|-O--|428|8|2|1011|4.771111|-0.487477|0.321462|0.811806|5.364220|0.000326|0.000511
1246|416|-1|3955|50|142|MET|1743|383|850|-O--|428|8|2|1011|4.966357|-0.589326|0.423193|-0.688187|22.410418|0.000192|0.000302
1246|417|-1|3985|50|234|MET|1743|386|942|-SD-|1628|16|3|1011|3.754721|0.526588|-0.535132|0.660559|91.069832|0.018579|0.029414
1246|418|-1|3991|50|120|MET|1743|386|828|-SD-|1628|16|3|1011|4.704572|0.693834|0.634857|0.339928|324.279449|0.001426|0.002258
1246|419|-1|4002|51|234|PRO|1943|391|942|-O--|428|8|2|1011|2.898490|-0.666142|0.520522|0.534145|21.777885|0.051360|0.080658
1246|420|-1|4032|58|179|ALA|343|451|887|-O--|428|8|2|1011|4.690979|-0.294566|-0.823650|0.484593|68.849617|0.000404|0.000635
1246|421|-1|4075|70|236|MET|1743|529|944|-SD-|1628|16|3|1011|3.822261|-0.753169|0.231729|0.615661|34.163425|0.015479|0.024507
1246|422|-1|4076|70|212|MET|1743|529|920|-SD-|1628|16|3|1011|4.776586|0.063266|0.984747|0.162085|17.070539|0.001174|0.001858
1246|423|-1|4112|75|210|GLN|2743|577|918|-OE1|828|8|2|1011|4.914597|0.443481|0.788005|-0.427051|50.670151|0.000221|0.000347
1246|424|-1|4115|75|146|GLN|2743|577|854|-OE1|828|8|2|1011|4.975551|0.013773|0.542800|0.839749|25.621103|0.000187|0.000294
1246|425|-1|4129|78|135|SER|1143|601|843|-OG-|1728|8|3|1011|4.514642|0.946329|-0.298363|0.124262|29.408964|0.000651|0.001022
1246|426|-1|4131|80|230|THR|1343|615|938|-OG1|1728|8|3|1011|3.674066|0.682986|0.534013|-0.498358|28.907513|0.006314|0.009915
1246|427|-1|4132|80|141|THR|1343|615|849|-OG1|1728|8|3|1011|4.179216|0.541091|0.244304|0.804696|28.174559|0.001612|0.002531
1246|428|-1|4135|82|215|THR|1343|631|923|-O--|428|8|2|1011|4.931712|-0.582449|-0.789326|-0.194209|10.670156|0.000211|0.000331
1246|429|-1|4136|82|123|THR|1343|631|831|-O--|428|8|2|1011|2.812583|0.976516|-0.119722|-0.179117|5.127206|0.064783|0.101738
1246|430|-1|4138|82|123|THR|1343|633|831|-OG1|1728|8|3|1011|4.887766|0.597314|-0.631930|-0.493842|0.724032|0.000238|0.000373
1246|431|-1|4146|83|215|GLU|2543|638|923|-O--|428|8|2|1011|4.876840|0.367150|-0.929645|0.031007|12.967147|0.000245|0.000384
1246|432|-1|4161|83|216|GLU|2543|642|924|-OE1|1028|8|2|1011|4.642955|-0.550397|-0.563160|-0.616371|37.998203|0.000460|0.000723
1246|433|-1|4164|83|216|GLU|2543|643|924|-OE2|1028|8|2|1011|2.823411|-0.267573|-0.503905|-0.821270|19.933929|0.062915|0.098803
1246|434|-1|4194|84|216|ALA|343|647|924|-O--|428|8|2|1011|2.732576|0.309427|-0.799879|0.514246|35.458115|0.080421|0.126296
1246|435|-1|4197|84|215|ALA|343|647|923|-O--|428|8|2|1011|4.595253|0.855781|-0.487183|-0.174046|4.405662|0.000524|0.000822
1246|436|-1|4198|84|232|ALA|343|647|940|-O--|428|8|2|1011|4.694878|0.376907|-0.925845|-0.027431|71.053398|0.000400|0.000628
1246|437|-1|4239|88|158|ASP|2143|675|866|-O--|428|8|2|1011|4.431610|-0.774167|-0.316528|0.548156|12.466667|0.000815|0.001280
1246|438|-1|4246|88|136|ASP|2143|680|844|-OD1|1028|8|2|1011|4.978334|-0.089750|-0.107612|0.990134|0.732194|0.000186|0.000292
1246|439|-1|4247|88|136|ASP|2143|681|844|-OD2|1028|8|2|1011|3.725805|0.002199|-0.017642|0.999842|0.336985|0.005490|0.008621
1246|440|-1|4248|88|136|ASP|2143|682|844|-OD2|1028|8|2|1011|3.826978|0.323282|-0.225434|0.919058|0.950879|0.004176|0.006559
1246|441|-1|4249|88|158|ASP|2143|681|866|-OD2|1028|8|2|1011|4.784108|-0.114714|0.534744|0.837192|0.656531|0.000314|0.000494
1246|442|-1|4250|88|158|ASP|2143|682|866|-OD2|1028|8|2|1011|4.240705|0.160396|0.415325|0.895421|2.091256|0.001365|0.002144
1246|443|-1|4254|92|182|THR|1343|714|890|-O--|428|8|2|1011|4.278586|-0.294912|0.882237|0.366994|25.048525|0.001232|0.001935
1246|444|-1|4255|92|147|THR|1343|714|855|-O--|428|8|2|1011|4.835205|0.237465|0.953988|0.183077|28.936388|0.000274|0.000430
1246|445|-1|4256|92|184|THR|1343|714|892|-O--|428|8|2|1011|4.765691|0.031306|0.634058|0.772651|55.614967|0.000330|0.000519
1246|446|-1|4270|93|182|PRO|1943|721|890|-O--|428|8|2|1011|3.963401|0.091889|0.326671|0.940661|8.327455|0.002888|0.004536
1246|447|-1|4271|93|147|PRO|1943|721|855|-O--|428|8|2|1011|4.637438|0.598217|0.459894|0.656227|10.646289|0.000467|0.000734
1246|448|-1|4329|103|176|VAL|543|799|884|-O--|428|8|2|1011|4.037064|-0.272427|-0.938734|0.211098|33.366352|0.002367|0.003717
1246|449|-1|4333|104|220|GLU|2543|806|928|-O--|428|8|2|1011|4.985053|-0.270273|-0.137958|-0.952848|8.387418|0.000183|0.000287
1246|450|-1|4339|104|218|GLU|2543|810|926|-OE1|1028|8|2|1011|3.027144|-0.532404|-0.306139|-0.789193|7.250805|0.036276|0.056969
1246|451|-1|4340|104|238|GLU|2543|810|946|-OE1|1028|8|2|1011|4.965370|0.620929|0.491202|-0.610874|21.891685|0.000193|0.000302
1246|452|-1|4341|104|220|GLU|2543|810|928|-OE1|1028|8|2|1011|4.798149|0.921538|-0.276091|-0.273022|7.306897|0.000303|0.000475
1246|453|-1|4342|104|218|GLU|2543|811|926|-OE2|1028|8|2|1011|4.239021|-0.866866|-0.065517|-0.494218|12.516959|0.001371|0.002154
1246|454|-1|4343|104|238|GLU|2543|811|946|-OE2|1028|8|2|1011|4.252027|0.239919|0.726242|-0.644214|1.200527|0.001324|0.002079
1246|455|-1|4344|104|169|GLU|2543|811|877|-OE2|1028|8|2|1011|4.641869|0.509423|-0.364666|-0.779427|20.434443|0.000462|0.000725
1246|456|-1|4345|104|220|GLU|2543|811|928|-OE2|1028|8|2|1011|2.655602|0.888189|-0.254454|-0.382587|12.452305|0.099019|0.155504
1246|457|-1|4346|104|233|GLU|2543|812|941|-OXT|1028|8|2|1011|4.241641|0.042090|-0.997191|-0.061953|17.019667|0.001362|0.002138
1246|458|-1|4347|104|187|GLU|2543|812|895|-OXT|1028|8|2|1011|4.505625|-0.258449|-0.505086|0.823463|20.456163|0.000667|0.001048
1246|459|-1|4348|222|107|HOH|4343|930|815|-O--|2828|8|3|1011|4.709911|0.872162|0.283387|-0.398780|114.733269|0.000384|0.000603
1246|460|-1|4348|107|222|HOH|4343|815|930|-O--|2828|8|3|1011|4.709911|-0.872162|-0.283387|0.398780|114.733269|0.000384|0.000603
1246|461|-1|4349|136|107|HOH|4343|844|815|-O--|2828|8|3|1011|4.714612|0.312816|0.949544|0.022649|10.021289|0.000379|0.000596
1246|462|-1|4349|107|136|HOH|4343|815|844|-O--|2828|8|3|1011|4.714612|-0.312816|-0.949544|-0.022649|10.021289|0.000379|0.000596
1246|463|-1|4350|158|107|HOH|4343|866|815|-O--|2828|8|3|1011|2.755149|0.737458|0.672461|-0.062870|7.947021|0.075662|0.118822
1246|464|-1|4350|107|158|HOH|4343|815|866|-O--|2828|8|3|1011|2.755149|-0.737458|-0.672461|0.062870|7.947021|0.075662|0.118822
1246|465|-1|4351|179|118|HOH|4343|887|826|-O--|2828|8|3|1011|4.875036|-0.222192|0.935322|-0.275324|38.131405|0.000246|0.000386
1246|466|-1|4351|118|179|HOH|4343|826|887|-O--|2828|8|3|1011|4.875036|0.222192|-0.935322|0.275324|38.131405|0.000246|0.000386
1246|467|-1|4352|179|119|HOH|4343|887|827|-O--|2828|8|3|1011|4.775206|0.763905|0.537721|0.356798|24.044424|0.000322|0.000506
1246|468|-1|4352|119|179|HOH|4343|827|887|-O--|2828|8|3|1011|4.775206|-0.763905|-0.537721|-0.356798|24.044424|0.000322|0.000506
1246|469|-1|4353|136|120|HOH|4343|844|828|-O--|2828|8|3|1011|2.751896|0.747778|-0.155627|-0.645452|2.419103|0.076330|0.119871
1246|470|-1|4353|120|136|HOH|4343|828|844|-O--|2828|8|3|1011|2.751896|-0.747778|0.155627|0.645452|2.419103|0.076330|0.119871
1246|471|-1|4354|158|120|HOH|4343|866|828|-O--|2828|8|3|1011|4.514597|0.579189|-0.676089|-0.455459|1.234038|0.000651|0.001023
1246|472|-1|4354|120|158|HOH|4343|828|866|-O--|2828|8|3|1011|4.514597|-0.579189|0.676089|0.455459|1.234038|0.000651|0.001023
1246|473|-1|4355|222|122|HOH|4343|930|830|-O--|2828|8|3|1011|4.959745|0.476396|0.641107|-0.601688|57.446674|0.000196|0.000307
1246|474|-1|4355|122|222|HOH|4343|830|930|-O--|2828|8|3|1011|4.959745|-0.476396|-0.641107|0.601688|57.446674|0.000196|0.000307
1246|475|-1|4356|158|122|HOH|4343|866|830|-O--|2828|8|3|1011|3.923245|0.073104|0.942518|-0.326060|0.656531|0.003220|0.005056
1246|476|-1|4356|122|158|HOH|4343|830|866|-O--|2828|8|3|1011|3.923245|-0.073104|-0.942518|0.326060|0.656531|0.003220|0.005056
1246|477|-1|4357|146|123|HOH|4343|854|831|-O--|2828|8|3|1011|2.767175|0.218443|-0.805777|-0.550459|13.659872|0.073242|0.115022
1246|478|-1|4357|123|146|HOH|4343|831|854|-O--|2828|8|3|1011|2.767175|-0.218443|0.805777|0.550459|13.659872|0.073242|0.115022
1246|479|-1|4358|186|132|HOH|4343|894|840|-O--|2828|8|3|1011|3.655946|-0.466509|0.468352|-0.750344|38.633694|0.006631|0.010413
1246|480|-1|4358|132|186|HOH|4343|840|894|-O--|2828|8|3|1011|3.655946|0.466509|-0.468352|0.750344|38.633694|0.006631|0.010413
1246|481|-1|4359|146|132|HOH|4343|854|840|-O--|2828|8|3|1011|3.788010|-0.223212|-0.968510|0.110291|4.216295|0.004640|0.007287
1246|482|-1|4359|132|146|HOH|4343|840|854|-O--|2828|8|3|1011|3.788010|0.223212|0.968510|-0.110291|4.216295|0.004640|0.007287
1246|483|-1|4360|154|136|HOH|4343|862|844|-O--|2828|8|3|1011|4.239615|-0.628641|-0.653533|-0.421551|41.236641|0.001369|0.002150
1246|484|-1|4360|136|154|HOH|4343|844|862|-O--|2828|8|3|1011|4.239615|0.628641|0.653533|0.421551|41.236641|0.001369|0.002150
1246|485|-1|4361|158|137|HOH|4343|866|845|-O--|2828|8|3|1011|4.349144|-0.265154|0.598676|-0.755830|8.660028|0.001018|0.001599
1246|486|-1|4361|137|158|HOH|4343|845|866|-O--|2828|8|3|1011|4.349144|0.265154|-0.598676|0.755830|8.660028|0.001018|0.001599
1246|487|-1|4362|179|142|HOH|4343|887|850|-O--|2828|8|3|1011|3.783150|0.532573|-0.307488|-0.788554|2.796080|0.004702|0.007383
1246|488|-1|4362|142|179|HOH|4343|850|887|-O--|2828|8|3|1011|3.783150|-0.532573|0.307488|0.788554|2.796080|0.004702|0.007383
1246|489|-1|4363|201|144|HOH|4343|909|852|-O--|2828|8|3|1011|4.924092|-0.212532|0.949765|-0.229731|13.372408|0.000215|0.000338
1246|490|-1|4363|144|201|HOH|4343|852|909|-O--|2828|8|3|1011|4.924092|0.212532|-0.949765|0.229731|13.372408|0.000215|0.000338
1246|491|-1|4364|214|144|HOH|4343|922|852|-O--|2828|8|3|1011|3.625968|-0.811240|-0.459263|-0.361894|29.067049|0.007190|0.011292
1246|492|-1|4364|144|214|HOH|4343|852|922|-O--|2828|8|3|1011|3.625968|0.811240|0.459263|0.361894|29.067049|0.007190|0.011292
1246|493|-1|4365|186|145|HOH|4343|894|853|-O--|2828|8|3|1011|4.364103|-0.993911|0.099968|-0.046336|18.553432|0.000978|0.001536
1246|494|-1|4365|145|186|HOH|4343|853|894|-O--|2828|8|3|1011|4.364103|0.993911|-0.099968|0.046336|18.553432|0.000978|0.001536
1246|495|-1|4366|185|146|HOH|4343|893|854|-O--|2828|8|3|1011|2.817204|-0.476191|0.397461|0.784389|4.566423|0.063979|0.100475
1246|496|-1|4366|146|185|HOH|4343|854|893|-O--|2828|8|3|1011|2.817204|0.476191|-0.397461|-0.784389|4.566423|0.063979|0.100475
1246|497|-1|4367|214|146|HOH|4343|922|854|-O--|2828|8|3|1011|4.815578|-0.161669|0.439974|0.883338|33.610432|0.000289|0.000453
1246|498|-1|4367|146|214|HOH|4343|854|922|-O--|2828|8|3|1011|4.815578|0.161669|-0.439974|-0.883338|33.610432|0.000289|0.000453
1246|499|-1|4368|176|147|HOH|4343|884|855|-O--|2828|8|3|1011|4.422427|-0.772471|0.634884|-0.014520|8.672657|0.000835|0.001312
1246|500|-1|4368|147|176|HOH|4343|855|884|-O--|2828|8|3|1011|4.422427|0.772471|-0.634884|0.014520|8.672657|0.000835|0.001312
1246|501|-1|4369|183|152|HOH|4343|891|860|-O--|2828|8|3|1011|3.139865|0.208440|-0.239733|-0.948199|14.259629|0.026749|0.042008
1246|502|-1|4369|152|183|HOH|4343|860|891|-O--|2828|8|3|1011|3.139865|-0.208440|0.239733|0.948199|14.259629|0.026749|0.042008
1246|503|-1|4370|222|154|HOH|4343|930|862|-O--|2828|8|3|1011|3.790580|-0.008494|-0.097946|-0.995156|4.373947|0.004608|0.007237
1246|504|-1|4370|154|222|HOH|4343|862|930|-O--|2828|8|3|1011|3.790580|0.008494|0.097946|0.995156|4.373947|0.004608|0.007237
1246|505|-1|4371|158|154|HOH|4343|866|862|-O--|2828|8|3|1011|2.956246|-0.713132|0.049633|-0.699270|46.115356|0.043937|0.069001
1246|506|-1|4371|154|158|HOH|4343|862|866|-O--|2828|8|3|1011|2.956246|0.713132|-0.049633|0.699270|46.115356|0.043937|0.069001
1246|507|-1|4372|194|158|HOH|4343|902|866|-O--|2828|8|3|1011|4.977411|-0.473980|-0.854205|0.213723|55.820335|0.000186|0.000293
1246|508|-1|4372|158|194|HOH|4343|866|902|-O--|2828|8|3|1011|4.977411|0.473980|0.854205|-0.213723|55.820335|0.000186|0.000293
1246|509|-1|4373|183|159|HOH|4343|891|867|-O--|2828|8|3|1011|4.197139|0.431597|-0.864572|-0.257370|8.900159|0.001536|0.002412
1246|510|-1|4373|159|183|HOH|4343|867|891|-O--|2828|8|3|1011|4.197139|-0.431597|0.864572|0.257370|8.900159|0.001536|0.002412
1246|511|-1|4374|222|161|HOH|4343|930|869|-O--|2828|8|3|1011|3.743969|0.174095|-0.308836|0.935046|25.213408|0.005227|0.008208
1246|512|-1|4374|161|222|HOH|4343|869|930|-O--|2828|8|3|1011|3.743969|-0.174095|0.308836|-0.935046|25.213408|0.005227|0.008208
1246|513|-1|4375|235|161|HOH|4343|943|869|-O--|2828|8|3|1011|2.858724|0.284675|0.409528|0.866745|36.222878|0.057188|0.089809
1246|514|-1|4375|161|235|HOH|4343|869|943|-O--|2828|8|3|1011|2.858724|-0.284675|-0.409528|-0.866745|36.222878|0.057188|0.089809
1246|515|-1|4376|185|163|HOH|4343|893|871|-O--|2828|8|3|1011|4.469986|0.014871|0.789651|0.613376|0.231944|0.000735|0.001154
1246|516|-1|4376|163|185|HOH|4343|871|893|-O--|2828|8|3|1011|4.469986|-0.014871|-0.789651|-0.613376|0.231944|0.000735|0.001154
1246|517|-1|4377|191|165|HOH|4343|899|873|-O--|2828|8|3|1011|4.537158|-0.678547|-0.634919|0.369394|8.484757|0.000613|0.000962
1246|518|-1|4377|165|191|HOH|4343|873|899|-O--|2828|8|3|1011|4.537158|0.678547|0.634919|-0.369394|8.484757|0.000613|0.000962
1246|519|-1|4378|185|173|HOH|4343|893|881|-O--|2828|8|3|1011|4.154323|0.077142|0.996006|0.044962|3.750133|0.001724|0.002708
1246|520|-1|4378|173|185|HOH|4343|881|893|-O--|2828|8|3|1011|4.154323|-0.077142|-0.996006|-0.044962|3.750133|0.001724|0.002708
1246|521|-1|4379|221|175|HOH|4343|929|883|-O--|2828|8|3|1011|4.665103|0.191277|-0.152993|0.969539|17.160006|0.000434|0.000681
1246|522|-1|4379|175|221|HOH|4343|883|929|-O--|2828|8|3|1011|4.665103|-0.191277|0.152993|-0.969539|17.160006|0.000434|0.000681
1246|523|-1|4380|182|176|HOH|4343|890|884|-O--|2828|8|3|1011|2.335290|-0.430865|-0.843462|-0.320824|6.523132|0.235339|0.369584
1246|524|-1|4380|176|182|HOH|4343|884|890|-O--|2828|8|3|1011|2.335290|0.430865|0.843462|0.320824|6.523132|0.235339|0.369584
1246|525|-1|4381|184|176|HOH|4343|892|884|-O--|2828|8|3|1011|3.938250|-0.613773|-0.308951|-0.726520|23.983107|0.003092|0.004855
1246|526|-1|4381|176|184|HOH|4343|884|892|-O--|2828|8|3|1011|3.938250|0.613773|0.308951|0.726520|23.983107|0.003092|0.004855
1246|527|-1|4382|192|179|HOH|4343|900|887|-O--|2828|8|3|1011|2.579227|0.906786|0.421550|-0.005899|2.030320|0.121722|0.191156
1246|528|-1|4382|179|192|HOH|4343|887|900|-O--|2828|8|3|1011|2.579227|-0.906786|-0.421550|0.005899|2.030320|0.121722|0.191156
1246|529|-1|4383|219|179|HOH|4343|927|887|-O--|2828|8|3|1011|3.047856|0.384797|-0.811957|0.438927|15.668762|0.034301|0.053867
1246|530|-1|4383|179|219|HOH|4343|887|927|-O--|2828|8|3|1011|3.047856|-0.384797|0.811957|-0.438927|15.668762|0.034301|0.053867
1246|531|-1|4384|233|183|HOH|4343|941|891|-O--|2828|8|3|1011|3.684217|0.386641|0.773224|0.502626|9.617711|0.006143|0.009647
1246|532|-1|4384|183|233|HOH|4343|891|941|-O--|2828|8|3|1011|3.684217|-0.386641|-0.773224|-0.502626|9.617711|0.006143|0.009647
1246|533|-1|4385|187|183|HOH|4343|895|891|-O--|2828|8|3|1011|3.599863|0.768772|0.248545|-0.589249|12.399083|0.007716|0.012117
1246|534|-1|4385|183|187|HOH|4343|891|895|-O--|2828|8|3|1011|3.599863|-0.768772|-0.248545|0.589249|12.399083|0.007716|0.012117
1246|535|-1|4386|215|183|HOH|4343|923|891|-O--|2828|8|3|1011|4.933119|0.023407|-0.302095|-0.952990|34.541462|0.000210|0.000330
1246|536|-1|4386|183|215|HOH|4343|891|923|-O--|2828|8|3|1011|4.933119|-0.023407|0.302095|0.952990|34.541462|0.000210|0.000330
1246|537|-1|4387|186|185|HOH|4343|894|893|-O--|2828|8|3|1011|4.889783|-0.450231|0.871464|-0.194531|17.237675|0.000236|0.000371
1246|538|-1|4387|185|186|HOH|4343|893|894|-O--|2828|8|3|1011|4.889783|0.450231|-0.871464|0.194531|17.237675|0.000236|0.000371
1246|539|-1|4388|217|185|HOH|4343|925|893|-O--|2828|8|3|1011|4.843860|-0.424152|-0.290208|-0.857831|1.738882|0.000267|0.000420
1246|540|-1|4388|185|217|HOH|4343|893|925|-O--|2828|8|3|1011|4.843860|0.424152|0.290208|0.857831|1.738882|0.000267|0.000420
1246|541|-1|4389|201|186|HOH|4343|909|894|-O--|2828|8|3|1011|3.342610|0.076728|0.921355|0.381074|5.418458|0.015464|0.024286
1246|542|-1|4389|186|201|HOH|4343|894|909|-O--|2828|8|3|1011|3.342610|-0.076728|-0.921355|-0.381074|5.418458|0.015464|0.024286
1246|543|-1|4390|214|186|HOH|4343|922|894|-O--|2828|8|3|1011|3.810693|-0.429982|-0.856084|0.286768|2.977307|0.004364|0.006854
1246|544|-1|4390|186|214|HOH|4343|894|922|-O--|2828|8|3|1011|3.810693|0.429982|0.856084|-0.286768|2.977307|0.004364|0.006854
1246|545|-1|4391|210|188|HOH|4343|918|896|-O--|2828|8|3|1011|4.579310|-0.860070|0.044826|-0.508202|38.390690|0.000547|0.000859
1246|546|-1|4391|188|210|HOH|4343|896|918|-O--|2828|8|3|1011|4.579310|0.860070|-0.044826|0.508202|38.390690|0.000547|0.000859
1246|547|-1|4392|220|191|HOH|4343|928|899|-O--|2828|8|3|1011|4.274122|0.945533|-0.249237|0.209400|2.695378|0.001247|0.001959
1246|548|-1|4392|191|220|HOH|4343|899|928|-O--|2828|8|3|1011|4.274122|-0.945533|0.249237|-0.209400|2.695378|0.001247|0.001959
1246|549|-1|4393|218|192|HOH|4343|926|900|-O--|2828|8|3|1011|4.589445|0.152699|0.816815|-0.556324|4.421649|0.000532|0.000835
1246|550|-1|4393|192|218|HOH|4343|900|926|-O--|2828|8|3|1011|4.589445|-0.152699|-0.816815|0.556324|4.421649|0.000532|0.000835
1246|551|-1|4394|222|194|HOH|4343|930|902|-O--|2828|8|3|1011|3.798959|-0.074546|0.982829|-0.168787|1.441757|0.004505|0.007075
1246|552|-1|4394|194|222|HOH|4343|902|930|-O--|2828|8|3|1011|3.798959|0.074546|-0.982829|0.168787|1.441757|0.004505|0.007075
1246|553|-1|4395|222|208|HOH|4343|930|916|-O--|2828|8|3|1011|3.168885|-0.157215|0.476107|0.865220|2.867753|0.024731|0.038839
1246|554|-1|4395|208|222|HOH|4343|916|930|-O--|2828|8|3|1011|3.168885|0.157215|-0.476107|-0.865220|2.867753|0.024731|0.038839
1246|555|-1|4396|235|208|HOH|4343|943|916|-O--|2828|8|3|1011|4.216641|-0.079730|0.909665|0.407619|8.484400|0.001457|0.002288
1246|556|-1|4396|208|235|HOH|4343|916|943|-O--|2828|8|3|1011|4.216641|0.079730|-0.909665|-0.407619|8.484400|0.001457|0.002288
1246|557|-1|4397|217|214|HOH|4343|925|922|-O--|2828|8|3|1011|3.530527|-0.422467|-0.681125|-0.597989|19.069506|0.009306|0.014614
1246|558|-1|4397|214|217|HOH|4343|922|925|-O--|2828|8|3|1011|3.530527|0.422467|0.681125|0.597989|19.069506|0.009306|0.014614
1246|559|-1|4398|221|214|HOH|4343|929|922|-O--|2828|8|3|1011|3.684227|0.069342|-0.275696|-0.958740|4.476813|0.006143|0.009647
1246|560|-1|4398|214|221|HOH|4343|922|929|-O--|2828|8|3|1011|3.684227|-0.069342|0.275696|0.958740|4.476813|0.006143|0.009647
1246|561|-1|4399|238|220|HOH|4343|946|928|-O--|2828|8|3|1011|4.350493|-0.307673|-0.865127|-0.396097|10.686807|0.001015|0.001593
1246|562|-1|4399|220|238|HOH|4343|928|946|-O--|2828|8|3|1011|4.350493|0.307673|0.865127|0.396097|10.686807|0.001015|0.001593
