0|0|-1|787|28|82|CYS|_ZN|1546|440|1234|-SG-|ZN--|1140|16|30|3|0011|2.731828|0.935271|-0.232079|-0.267221|112.179604|0.176936|0.430513
0|1|-1|847|31|82|CYS|_ZN|1546|490|1234|-SG-|ZN--|1140|16|30|3|0011|2.352417|-0.098622|-0.204471|-0.973892|13.212227|0.493352|1.200402
0|2|-1|887|34|82|ASN|_ZN|2346|521|1234|-N--|ZN--|140|7|30|4|0011|3.541323|0.042357|-0.999062|0.009036|139.704971|0.008003|0.019792
0|3|-1|900|34|82|ASN|_ZN|2346|524|1234|-O--|ZN--|440|8|30|2|0011|3.620186|0.609913|-0.695820|0.379262|53.419643|0.005425|0.010662
0|4|-1|907|34|82|ASN|_ZN|2346|528|1234|-ND2|ZN--|940|7|30|4|0011|3.705198|-0.837202|-0.456656|0.300929|14.591660|0.005139|0.012710
0|5|-1|1191|43|83|CYS|_ZN|1546|673|1235|-SG-|ZN--|1140|16|30|3|0011|2.732049|0.789883|0.083088|0.607603|91.478851|0.176830|0.430256
0|6|-1|1238|45|83|HIS|_ZN|3346|691|1235|-ND1|ZN--|1340|7|30|3|0011|2.068229|0.658051|-0.696248|-0.286719|209.791443|0.428886|1.060606
0|7|-1|1318|48|82|CYS|_ZN|1546|743|1234|-SG-|ZN--|1140|16|30|3|0011|2.341241|0.445917|0.892262|0.070902|1.910874|0.508481|1.237213
0|8|-1|1388|51|82|CYS|_ZN|1546|778|1234|-SG-|ZN--|1140|16|30|3|0011|2.342755|-0.130189|0.984311|-0.119091|141.512741|0.506405|1.232162
0|9|-1|1716|63|83|CYS|_ZN|1546|943|1235|-SG-|ZN--|1140|16|30|3|0011|2.343713|-0.988175|-0.153176|-0.006827|55.630840|0.505095|1.228976
0|10|-1|1755|66|83|CYS|_ZN|1546|982|1235|-N--|ZN--|140|7|30|4|0011|3.650462|0.051501|0.335300|-0.940703|58.712311|0.005959|0.014736
0|11|-1|1775|66|83|CYS|_ZN|1546|987|1235|-SG-|ZN--|1140|16|30|3|0011|2.350732|0.382860|0.881853|-0.275234|0.120449|0.495604|1.205883
