0|0|28|82|31|CYS|_ZN|CYS|154615|440|1234|490|-SG-|ZN--|-SG-|114011|787|847|2.731828|2.352417|3.198046|77.557526
0|1|34|82|28|ASN|_ZN|CYS|234615|521|1234|440|-N--|ZN--|-SG-|14011|887|787|3.541323|2.731828|3.846802|74.391548
0|2|34|82|28|ASN|_ZN|CYS|234615|524|1234|440|-O--|ZN--|-SG-|44011|900|787|3.620186|2.731828|2.845390|50.907589
0|3|34|82|28|ASN|_ZN|CYS|234615|528|1234|440|-ND2|ZN--|-SG-|94011|907|787|3.705198|2.731828|6.043595|139.239487
0|4|28|82|48|CYS|_ZN|CYS|154615|440|1234|743|-SG-|ZN--|-SG-|114011|787|1318|2.731828|2.341241|3.240473|78.986984
0|5|28|82|51|CYS|_ZN|CYS|154615|440|1234|778|-SG-|ZN--|-SG-|114011|787|1388|2.731828|2.342755|4.126330|108.564735
0|6|34|82|31|ASN|_ZN|CYS|234615|521|1234|490|-N--|ZN--|-SG-|14011|887|847|3.541323|2.352417|3.858433|78.971283
0|7|34|82|31|ASN|_ZN|CYS|234615|524|1234|490|-O--|ZN--|-SG-|44011|900|847|3.620186|2.352417|4.850972|106.692574
0|8|34|82|31|ASN|_ZN|CYS|234615|528|1234|490|-ND2|ZN--|-SG-|94011|907|847|3.705198|2.352417|4.615654|96.726646
0|9|31|82|48|CYS|_ZN|CYS|154615|490|1234|743|-SG-|ZN--|-SG-|114011|847|1318|2.352417|2.341241|3.777555|107.185684
0|10|31|82|51|CYS|_ZN|CYS|154615|490|1234|778|-SG-|ZN--|-SG-|114011|847|1388|2.352417|2.342755|3.438144|94.154221
0|11|34|82|34|ASN|_ZN|ASN|234623|521|1234|524|-N--|ZN--|-O--|14004|887|900|3.541323|3.620186|2.659325|43.578671
0|12|34|82|34|ASN|_ZN|ASN|234623|521|1234|528|-N--|ZN--|-ND2|14009|887|907|3.541323|3.705198|3.893085|64.945198
0|13|34|82|48|ASN|_ZN|CYS|234615|521|1234|743|-N--|ZN--|-SG-|14011|887|1318|3.541323|2.341241|5.699151|150.679764
0|14|34|82|51|ASN|_ZN|CYS|234615|521|1234|778|-N--|ZN--|-SG-|14011|887|1388|3.541323|2.342755|5.869930|171.881516
0|15|34|82|34|ASN|_ZN|ASN|234623|524|1234|528|-O--|ZN--|-ND2|44009|900|907|3.620186|3.705198|5.380204|94.516129
0|16|34|82|48|ASN|_ZN|CYS|234615|524|1234|743|-O--|ZN--|-SG-|44011|900|1318|3.620186|2.341241|4.903611|108.783470
0|17|34|82|51|ASN|_ZN|CYS|234615|524|1234|778|-O--|ZN--|-SG-|44011|900|1388|3.620186|2.342755|5.685498|144.044586
0|18|34|82|48|ASN|_ZN|CYS|234615|528|1234|743|-ND2|ZN--|-SG-|94011|907|1318|3.705198|2.341241|5.690859|139.415100
0|19|34|82|51|ASN|_ZN|CYS|234615|528|1234|778|-ND2|ZN--|-SG-|94011|907|1388|3.705198|2.342755|5.074490|112.106827
0|20|48|82|51|CYS|_ZN|CYS|154615|743|1234|778|-SG-|ZN--|-SG-|114011|1318|1388|2.341241|2.342755|1.436981|35.731190
0|21|43|83|45|CYS|_ZN|HIS|154633|673|1235|691|-SG-|ZN--|-ND1|114013|1191|1238|2.732049|2.068229|2.913779|73.278343
0|22|43|83|63|CYS|_ZN|CYS|154615|673|1235|943|-SG-|ZN--|-SG-|114011|1191|1716|2.732049|2.343713|4.813423|142.884277
0|23|66|83|43|CYS|_ZN|CYS|154615|982|1235|673|-N--|ZN--|-SG-|14011|1755|1191|3.650462|2.732049|5.551913|120.200981
0|24|43|83|66|CYS|_ZN|CYS|154615|673|1235|987|-SG-|ZN--|-SG-|114011|1191|1775|2.732049|2.350732|3.211313|77.968285
0|25|63|83|45|CYS|_ZN|HIS|154633|943|1235|691|-SG-|ZN--|-ND1|114013|1716|1238|2.343713|2.068229|3.875799|122.796982
0|26|66|83|45|CYS|_ZN|HIS|154633|982|1235|691|-N--|ZN--|-ND1|14013|1755|1238|3.650462|2.068229|4.067444|85.977097
0|27|66|83|45|CYS|_ZN|HIS|154633|987|1235|691|-SG-|ZN--|-ND1|114013|1775|1238|2.350732|2.068229|3.543530|106.447250
0|28|66|83|63|CYS|_ZN|CYS|154615|982|1235|943|-N--|ZN--|-SG-|14011|1755|1716|3.650462|2.343713|4.523122|95.499077
0|29|63|83|66|CYS|_ZN|CYS|154615|943|1235|987|-SG-|ZN--|-SG-|114011|1716|1775|2.343713|2.350732|4.081108|120.765923
0|30|66|83|66|CYS|_ZN|CYS|154615|982|1235|987|-N--|ZN--|-SG-|14011|1755|1775|3.650462|2.350732|2.999185|54.948273
