0|0|0|1|GLY|PRO|119|2|7|-C--|-N--|301|0001|555|0|1.360199|-1.318000|-0.011000|-0.336000|1.213677
0|1|0|3|GLY|MET|117|3|44|-O--|-SD-|416|0001|555|0|3.887293|0.307000|2.514000|-2.949000|3808.857666
0|2|1|2|PRO|HIS|1933|9|21|-C--|-N--|301|0001|555|0|1.324955|-0.468000|1.009000|-0.720000|91.970337
0|3|3|1|MET|PRO|1719|38|9|-N--|-C--|103|0001|555|0|3.405613|-1.549000|-2.920000|0.820000|1.199836
0|4|3|2|MET|HIS|1733|38|23|-N--|-C--|103|0001|555|0|1.325064|-0.877000|0.051000|0.992000|52.531258
0|5|4|2|GLY|HIS|133|58|24|-O--|-O--|404|0001|555|0|2.835405|0.130000|-2.832000|0.049000|315.201965
0|6|74|2|GLU|HIS|2533|1110|25|-OE1|-CB-|1005|0001|555|0|3.172314|1.603000|-2.003000|-1.866000|13.418932
0|7|4|3|GLY|MET|117|55|40|-N--|-C--|103|0001|555|0|1.324804|0.420000|-0.952001|0.820000|30.409037
0|8|5|3|SER|MET|1117|62|41|-N--|-O--|104|0001|555|0|3.977290|1.941000|-3.467999|-0.156000|27.664360
0|9|4|5|GLY|SER|111|57|62|-C--|-N--|301|0001|555|0|1.325196|-0.144000|1.219999|0.497000|820.637512
0|10|4|6|GLY|ASP|121|58|73|-O--|-N--|401|0001|555|0|3.852920|-2.838000|2.213000|1.376000|156.199341
0|11|4|74|GLY|GLU|125|58|1111|-O--|-OE2|410|0001|555|0|3.004998|-1.910000|-1.167000|2.005000|158.351730
0|12|5|6|SER|ASP|1121|64|73|-C--|-N--|301|0001|555|0|1.325320|-0.980000|-0.608000|0.653000|20.107763
0|13|5|75|SER|PRO|1119|67|1122|-OG-|-O--|1704|0001|555|0|2.402170|0.513000|-2.204000|0.806000|457.917572
0|14|5|74|SER|GLU|1125|63|1111|-CA-|-OE2|210|0001|555|0|3.999331|-1.462000|-3.634000|0.807000|89.645798
0|15|76|5|ILE|SER|911|1134|67|-CA-|-OG-|217|0001|555|0|2.945720|1.835000|1.242000|-1.941000|456.839996
0|16|77|5|ILE|SER|911|1152|67|-N--|-OG-|117|0001|555|0|3.127858|2.323000|-1.112000|-1.775000|8.865473
0|17|76|6|ILE|ASP|921|1139|77|-CG2|-CB-|605|0001|555|0|3.466713|-1.050000|0.704000|-3.228000|55.202961
0|18|6|7|ASP|HIS|2133|75|86|-C--|-N--|301|0001|555|0|1.325770|-1.221000|0.388000|-0.341000|59.841637
0|19|6|74|ASP|GLU|2125|78|1110|-CG-|-OE1|610|0001|555|0|2.895616|1.425000|-2.269000|1.098000|83.261536
0|20|75|6|PRO|ASP|1921|1122|73|-O--|-N--|401|0001|555|0|3.665876|-2.571000|0.489000|-2.567000|166.901520
0|21|77|6|ILE|ASP|921|1152|76|-N--|-O--|104|0001|555|0|2.738366|-0.821000|-0.618999|-2.538000|889.558899
0|22|8|7|ILE|HIS|933|103|88|-N--|-C--|103|0001|555|0|1.324706|0.198000|-0.419001|-1.241000|44.640423
0|23|77|7|ILE|HIS|933|1156|92|-CB-|-ND1|513|0001|555|0|3.201157|-1.907000|0.386000|-2.542000|1216.979126
0|24|8|9|ILE|LYS|929|105|122|-C--|-N--|301|0001|555|0|1.324490|-1.324000|0.000000|-0.036000|20.358248
0|25|8|77|ILE|ILE|909|103|1155|-N--|-O--|104|0001|555|0|3.326604|2.702000|1.390999|1.353000|277.102814
0|26|8|79|ILE|ASP|921|106|1191|-O--|-CB-|405|0001|555|0|3.453169|1.471000|3.099998|0.388000|115.663467
0|27|8|39|ILE|LYS|929|110|604|-CD1|-CD-|606|0001|555|0|3.286387|-0.421000|-3.125000|0.926000|92.721062
0|28|8|76|ILE|ILE|909|110|1140|-CD1|-CD1|606|0001|555|0|3.603190|3.286000|1.366000|0.565000|96.294060
0|29|10|9|VAL|LYS|529|143|124|-N--|-C--|103|0001|555|0|1.325084|-0.090000|-1.088001|-0.751000|78.312538
0|30|11|9|THR|LYS|1329|159|125|-N--|-O--|104|0001|555|0|3.990431|2.270000|-2.266001|-2.374000|699.459229
0|31|10|11|VAL|THR|513|145|159|-C--|-N--|301|0001|555|0|1.324917|-0.902000|-0.438000|0.866000|2025.412842
0|32|10|79|VAL|ASP|521|149|1190|-CG2|-O--|604|0001|555|0|2.818932|1.487000|1.153000|-2.099000|4.360703
0|33|10|14|VAL|GLN|527|148|213|-CG1|-OE1|608|0001|555|0|3.040789|-1.005000|-2.863001|0.199000|26.074444
0|34|10|81|VAL|PHE|535|146|1218|-O--|-CB-|405|0001|555|0|3.394699|0.549000|3.166000|1.095000|188.015350
0|35|10|80|VAL|PRO|519|149|1201|-CG2|-CA-|602|0001|555|0|3.933169|1.353000|3.617001|-0.746000|773.763367
0|36|10|25|VAL|PHE|535|149|386|-CG2|-CD2|612|0001|555|0|3.702221|1.665000|-2.212999|2.457000|32.866737
0|37|11|14|THR|GLN|1327|164|214|-OG1|-NE2|1709|0001|555|0|2.681919|1.849001|-1.837999|0.629000|39.860973
0|38|11|12|THR|GLN|1327|161|173|-C--|-N--|301|0001|555|0|1.325438|-0.923000|0.924002|-0.226001|43.128029
0|39|11|13|THR|GLU|1325|164|198|-OG1|-OE2|1710|0001|555|0|2.713247|-2.418999|-1.212000|-0.203000|13.107508
0|40|11|15|THR|TYR|1337|162|223|-O--|-N--|401|0001|555|0|3.236878|1.066001|0.343000|3.037001|290.373535
0|41|13|12|GLU|GLN|2527|190|175|-N--|-C--|103|0001|555|0|1.325306|0.532999|1.185001|0.261000|25.954750
0|42|12|14|GLN|GLN|2727|175|206|-C--|-N--|301|0001|555|0|3.293103|1.332001|-2.781000|1.156000|28.067379
0|43|16|12|GLU|GLN|2527|244|176|-N--|-O--|104|0001|555|0|2.753842|-1.359001|-0.268999|-2.380000|0.717057
0|44|12|15|GLN|TYR|2737|176|223|-O--|-N--|401|0001|555|0|3.549213|3.180001|-1.277000|0.924001|284.782257
0|45|12|81|GLN|PHE|2735|178|1222|-CG-|-CE1|612|0001|555|0|2.885213|1.954000|1.487999|-1.514000|22.857086
0|46|13|14|GLU|GLN|2527|192|206|-C--|-N--|301|0001|555|0|1.325091|1.103001|-0.428999|-0.596000|31.919195
0|47|17|13|LEU|GLU|725|260|193|-N--|-O--|104|0001|555|0|2.708847|-0.662001|-1.019001|-2.421000|24.963526
0|48|13|15|GLU|TYR|2537|192|223|-C--|-N--|301|0001|555|0|3.501687|3.140000|1.520000|0.303000|312.523254
0|49|13|16|GLU|GLU|2525|193|244|-O--|-N--|401|0001|555|0|3.274906|1.434000|2.893000|0.547000|27.310686
0|50|17|14|LEU|GLN|727|260|209|-N--|-O--|104|0001|555|0|2.636617|2.105999|-0.746000|-1.400001|45.109955
0|51|14|15|GLN|TYR|2737|208|223|-C--|-N--|301|0001|555|0|1.325387|0.422000|1.042000|-0.702000|127.711182
0|52|14|18|GLN|PTR|2738|209|279|-O--|-N--|401|0001|555|0|2.762884|0.309000|0.301001|2.729001|59.095230
0|53|16|14|GLU|GLN|2527|244|209|-N--|-O--|104|0001|555|0|2.978024|1.334000|-2.619999|0.474000|12.563744
0|54|16|15|GLU|TYR|2537|244|225|-N--|-C--|103|0001|555|0|1.324435|1.282999|0.066000|0.322001|11.623007
0|55|15|18|TYR|PTR|3738|226|279|-O--|-N--|401|0001|555|0|3.258297|-0.065001|-2.728998|1.779000|65.070961
0|56|17|15|LEU|TYR|737|260|225|-N--|-C--|103|0001|555|0|3.224177|2.054998|1.939999|-1.552000|46.826767
0|57|19|15|CYS|TYR|1537|303|226|-N--|-O--|104|0001|555|0|2.498323|-0.207000|0.182999|-2.482999|115.068878
0|58|17|16|LEU|GLU|725|260|246|-N--|-C--|103|0001|555|0|1.324764|-0.193001|1.276999|0.295000|6.067313
0|59|19|16|CYS|GLU|1525|303|247|-N--|-O--|104|0001|555|0|3.083614|-3.001000|-0.384001|-0.595999|353.794525
0|60|16|18|GLU|PTR|2538|246|279|-C--|-N--|301|0001|555|0|3.291823|2.608000|-1.721998|1.034000|1.107860
0|61|16|20|GLU|GLU|2525|247|314|-O--|-N--|401|0001|555|0|3.374078|1.615000|0.853001|2.837000|318.751404
0|62|17|18|LEU|PTR|738|262|279|-C--|-N--|301|0001|555|0|1.329093|1.145000|0.242001|-0.629999|49.707851
0|63|17|19|LEU|CYS|715|262|303|-C--|-N--|301|0001|555|0|3.128308|1.417001|2.788000|0.073999|19.447737
0|64|17|20|LEU|GLU|725|263|314|-O--|-N--|401|0001|555|0|3.410608|0.140999|3.229000|1.089001|16.151417
0|65|17|21|LEU|MET|717|263|337|-O--|-CE-|406|0001|555|0|3.020332|0.091000|-1.314001|2.718000|264.314087
0|66|19|18|CYS|PTR|1538|303|281|-N--|-C--|103|0001|555|0|1.326012|0.920000|-0.791000|0.535000|80.061646
0|67|21|18|MET|PTR|1738|330|282|-N--|-O--|104|0001|555|0|2.882674|1.333000|-0.070002|-2.554998|283.602966
0|68|20|18|GLU|PTR|2538|314|281|-N--|-C--|103|0001|555|0|3.132999|2.306001|-1.260000|-1.706001|87.068771
0|69|22|18|GLY|PTR|138|347|282|-N--|-O--|104|0001|555|0|2.819712|-0.988000|-1.455000|-2.203999|1206.925415
0|70|23|18|SER|PTR|1138|354|282|-N--|-O--|104|0001|555|0|3.413578|-3.160999|-1.209002|-0.445999|2420.645752
0|71|29|18|LYS|PTR|2938|453|293|-NZ-|-O2P|1418|0001|555|0|2.529577|-1.394000|-1.869000|-0.981000|81.123169
0|72|36|18|LYS|PTR|2938|556|293|-NZ-|-O2P|1418|0001|555|0|2.855492|-1.314000|0.799000|2.406000|161.521774
0|73|25|18|PHE|PTR|3538|382|293|-O--|-O2P|418|0001|555|0|3.550513|-2.400000|-1.983001|1.707000|172.186157
0|74|19|20|CYS|GLU|1525|305|314|-C--|-N--|301|0001|555|0|1.325191|-0.844000|-0.955000|0.363001|18.910723
0|75|19|21|CYS|MET|1517|305|330|-C--|-N--|301|0001|555|0|2.894105|0.936001|-1.792999|2.070000|10.473358
0|76|22|19|GLY|CYS|115|347|306|-N--|-O--|104|0001|555|0|3.242763|-2.821000|1.276001|-0.963999|11.829695
0|77|21|20|MET|GLU|1725|330|316|-N--|-C--|103|0001|555|0|1.324195|-1.129000|0.342999|0.601002|31.478502
0|78|22|20|GLY|GLU|125|347|316|-N--|-C--|103|0001|555|0|3.727542|-3.450000|-1.042000|0.952002|180.580215
0|79|22|21|GLY|MET|117|347|332|-N--|-C--|103|0001|555|0|1.324576|-0.090000|-0.695000|1.124001|32.925808
0|80|23|21|SER|MET|1117|354|332|-N--|-C--|103|0001|555|0|3.691706|-2.263000|-0.449001|2.882000|1.865669
0|81|22|23|GLY|SER|111|349|354|-C--|-N--|301|0001|555|0|1.324672|-0.118000|-0.795000|-1.052999|0.402220
0|82|23|24|SER|THR|1113|356|365|-C--|-N--|301|0001|555|0|1.324608|0.964001|-0.608000|-0.675001|1.481397
0|83|23|29|SER|LYS|1129|359|452|-OG-|-CE-|1706|0001|555|0|3.202540|-0.085000|-2.823999|-1.507999|29.056299
0|84|27|23|LEU|SER|711|422|359|-CD1|-OG-|617|0001|555|0|3.757554|-3.525000|-0.513000|1.195999|18.548475
0|85|24|25|THR|PHE|1335|367|379|-C--|-N--|301|0001|555|0|1.325300|-0.770000|-0.384001|-1.008000|35.962357
0|86|24|26|THR|GLN|1327|369|407|-CB-|-NE2|509|0001|555|0|3.379409|-0.446000|-1.284000|-3.094000|50.772259
0|87|24|29|THR|LYS|1329|368|453|-O--|-NZ-|414|0001|555|0|2.499921|-0.449000|-2.311001|0.841000|25.605480
0|88|27|24|LEU|THR|713|420|370|-CB-|-OG1|517|0001|555|0|2.918081|-1.749000|2.335001|-0.063000|33.745548
0|89|29|25|LYS|PHE|2935|453|382|-NZ-|-O--|1404|0001|555|0|2.872347|1.006000|0.114000|-2.688000|20.766886
0|90|26|25|GLN|PHE|2735|399|381|-N--|-C--|103|0001|555|0|1.324783|-0.438000|-0.598000|1.098000|16.498173
0|91|27|25|LEU|PHE|735|416|382|-N--|-O--|104|0001|555|0|2.501971|-1.824000|-1.712000|0.044000|12.305322
0|92|36|25|LYS|PHE|2935|555|382|-CE-|-O--|604|0001|555|0|2.879669|-0.310000|2.855000|0.213000|119.986465
0|93|78|25|VAL|PHE|535|1176|388|-CG1|-CE2|612|0001|555|0|3.146831|-2.385000|-1.469001|1.434000|143.587509
0|94|46|25|LEU|PHE|735|709|389|-CD2|-CZ-|612|0001|555|0|3.300522|-0.552999|3.045000|-1.147000|2115.671631
0|95|78|26|VAL|GLN|527|1176|403|-CG1|-CB-|605|0001|555|0|3.448677|1.255000|2.372999|2.165000|19.057497
0|96|27|26|LEU|GLN|727|416|401|-N--|-C--|103|0001|555|0|1.324057|0.290000|-0.712000|-1.078000|62.730724
0|97|26|36|GLN|LYS|2729|402|548|-O--|-N--|401|0001|555|0|2.661393|2.020000|-1.660001|-0.497000|935.972107
0|98|35|26|ASP|GLN|2127|536|402|-CA-|-O--|204|0001|555|0|3.068930|-3.034000|-0.407000|-0.217999|3.039425
0|99|28|26|CYS|GLN|1527|435|402|-N--|-O--|104|0001|555|0|3.310671|-0.570000|0.629002|-3.200000|29.490936
0|100|80|26|PRO|GLN|1927|1204|406|-CB-|-OE1|508|0001|555|0|2.912551|1.652000|-1.817001|1.566000|35.621613
0|101|27|28|LEU|CYS|715|418|435|-C--|-N--|301|0001|555|0|1.329099|1.132000|-0.681002|0.146000|48.578613
0|102|27|35|LEU|ASP|721|416|541|-N--|-OD1|110|0001|555|0|3.541215|2.659000|1.361000|-1.902000|88.124535
0|103|27|29|LEU|LYS|729|419|453|-O--|-NZ-|414|0001|555|0|2.498611|-2.453000|-0.014999|0.474999|7.981507
0|104|27|36|LEU|LYS|729|419|555|-O--|-CE-|406|0001|555|0|3.843668|-1.137000|-2.756000|-2.426001|33.450096
0|105|27|34|LEU|ASN|723|423|524|-CD2|-O--|604|0001|555|0|3.132741|2.171000|-1.599001|-1.594999|12.759653
0|106|27|33|LEU|GLU|725|423|505|-CD2|-N--|601|0001|555|0|3.933753|3.163000|-0.521000|2.280001|1106.152832
0|107|32|27|ALA|LEU|307|496|423|-CA-|-CD2|206|0001|555|0|3.621430|-1.050000|1.087000|-3.291000|217.727570
0|108|28|36|CYS|LYS|1529|436|553|-CA-|-CG-|206|0001|555|0|3.843144|-0.967000|-1.163000|-3.533001|68.680939
0|109|28|29|CYS|LYS|1529|437|445|-C--|-N--|301|0001|555|0|1.324155|-0.854000|-0.945001|0.362000|329.419678
0|110|28|34|CYS|ASN|1523|440|524|-SG-|-O--|1104|0001|555|0|2.845390|0.347000|1.884999|-2.103001|384.820709
0|111|30|28|ILE|CYS|915|466|437|-N--|-C--|103|0001|555|0|3.121191|-0.662000|2.025001|-2.281000|1070.661011
0|112|32|28|ALA|CYS|315|496|438|-CA-|-O--|204|0001|555|0|3.112574|-1.907000|-1.635000|-1.837999|200.082886
0|113|28|48|CYS|CYS|1515|440|743|-SG-|-SG-|1111|0001|555|0|3.240473|1.511000|-2.723000|-0.896000|101.132660
0|114|28|82|CYS|_ZN|1546|440|1234|-SG-|ZN--|1140|0011|555|0|2.731828|2.555000|-0.634000|-0.730001|112.179604
0|115|28|31|CYS|CYS|1515|440|490|-SG-|-SG-|1111|0001|555|0|3.198046|2.787000|-0.153000|1.560999|58.063240
0|116|28|33|CYS|GLU|1525|440|505|-SG-|-N--|1101|0001|555|0|3.703009|1.339000|2.963000|1.771999|30.040030
0|117|30|29|ILE|LYS|929|466|447|-N--|-C--|103|0001|555|0|1.325209|-1.290000|0.086000|0.291000|4.128665
0|118|32|30|ALA|ILE|309|495|468|-N--|-C--|103|0001|555|0|3.468705|-0.293000|-3.291999|1.053001|97.461838
0|119|30|31|ILE|CYS|915|468|485|-C--|-N--|301|0001|555|0|1.324972|0.773000|0.785999|-0.735001|1.996150
0|120|30|51|ILE|CYS|915|472|777|-CG2|-CB-|605|0001|555|0|3.630942|2.430000|-0.071000|-2.696999|327.666687
0|121|32|31|ALA|CYS|315|495|487|-N--|-C--|103|0001|555|0|1.323838|1.006000|-0.203999|0.836000|1206.026733
0|122|31|33|CYS|GLU|1525|488|505|-O--|-N--|401|0001|555|0|2.969830|0.011000|1.217001|-2.709000|456.844208
0|123|31|51|CYS|CYS|1515|490|778|-SG-|-SG-|1111|0001|555|0|3.438144|0.073000|-2.787000|-2.011999|75.272728
0|124|31|48|CYS|CYS|1515|490|743|-SG-|-SG-|1111|0001|555|0|3.777555|-1.276000|-2.570000|-2.456999|10.365005
0|125|31|82|CYS|_ZN|1546|490|1234|-SG-|ZN--|1140|0011|555|0|2.352417|-0.232000|-0.481000|-2.291000|13.212227
0|126|31|34|CYS|ASN|1523|490|521|-SG-|-N--|1101|0001|555|0|3.858433|-0.382000|3.057000|-2.323000|74.212120
0|127|32|33|ALA|GLU|325|497|505|-C--|-N--|301|0001|555|0|1.325503|0.974000|-0.431000|-0.789000|1067.038940
0|128|32|34|ALA|ASN|323|497|521|-C--|-N--|301|0001|555|0|3.929889|2.040000|-0.490000|-3.323000|317.809814
0|129|34|33|ASN|GLU|2325|521|507|-N--|-C--|103|0001|555|0|1.324882|0.221000|1.087999|0.723000|245.894302
0|130|34|82|ASN|_ZN|2346|525|1234|-CB-|ZN--|540|0011|555|0|3.507263|-1.092000|-2.684000|1.976000|16.285557
0|131|35|34|ASP|ASN|2123|535|523|-N--|-C--|103|0001|555|0|1.325026|0.111000|-0.157001|1.311001|14.455880
0|132|35|36|ASP|LYS|2129|537|548|-C--|-N--|301|0001|555|0|1.324855|-1.073000|-0.547000|-0.552000|137.650620
0|133|35|37|ASP|ASP|2121|539|576|-CB-|-OD2|510|0001|555|0|3.205209|1.003000|-1.603001|-2.587999|39.077637
0|134|48|35|CYS|ASP|1521|742|538|-CB-|-O--|504|0001|555|0|3.069529|-0.681000|2.262000|-1.960000|128.192062
0|135|37|36|ASP|LYS|2129|569|550|-N--|-C--|103|0001|555|0|1.325385|0.330000|-0.539000|1.165000|162.916306
0|136|47|36|MET|LYS|1729|724|551|-O--|-O--|404|0001|555|0|2.612287|1.593000|1.528000|-1.397000|1489.489380
0|137|48|36|CYS|LYS|1529|739|551|-CA-|-O--|204|0001|555|0|3.285346|-0.459000|0.843000|-3.142000|59.116344
0|138|38|36|VAL|LYS|529|582|550|-N--|-C--|103|0001|555|0|2.938809|0.643000|1.885000|2.161000|9.781775
0|139|49|36|THR|LYS|1329|748|551|-N--|-O--|104|0001|555|0|3.527659|-1.876000|2.325000|-1.876000|210.361557
0|140|46|36|LEU|LYS|729|706|554|-CB-|-CD-|506|0001|555|0|3.332087|1.090000|2.950000|1.101001|62.550003
0|141|78|37|VAL|ASP|521|1177|569|-CG2|-N--|601|0001|555|0|3.617370|3.095000|-1.338000|1.310000|323.206116
0|142|38|37|VAL|ASP|521|582|571|-N--|-C--|103|0001|555|0|1.325541|1.056000|0.640000|-0.482000|42.486435
0|143|47|37|MET|ASP|1721|724|569|-O--|-N--|401|0001|555|0|3.943638|0.311000|2.825999|-2.733000|214.942703
0|144|76|37|ILE|ASP|921|1136|570|-O--|-CA-|402|0001|555|0|3.022738|0.595000|0.146000|2.960000|35.095699
0|145|75|37|PRO|ASP|1921|1120|572|-CA-|-O--|204|0001|555|0|3.417024|-0.666000|1.930000|2.740000|218.951523
0|146|38|39|VAL|LYS|529|584|598|-C--|-N--|301|0001|555|0|1.325203|-0.299000|-1.251000|-0.319000|627.391846
0|147|38|76|VAL|ILE|509|585|1138|-O--|-CG1|406|0001|555|0|3.583026|0.170000|0.963000|-3.447000|31.141357
0|148|38|47|VAL|MET|517|587|724|-CG1|-O--|604|0001|555|0|2.627625|-0.021000|2.064000|1.626000|232.660645
0|149|38|74|VAL|GLU|525|588|1106|-CG2|-O--|604|0001|555|0|3.405637|-0.793000|0.013000|-3.312000|96.719994
0|150|38|46|VAL|LEU|507|585|706|-O--|-CB-|405|0001|555|0|3.677125|-2.647000|0.574000|2.487000|70.356728
0|151|38|49|VAL|THR|513|586|753|-CB-|-OG1|517|0001|555|0|3.114879|2.944000|-0.222000|0.993000|328.412445
0|152|40|39|ILE|LYS|929|619|600|-N--|-C--|103|0001|555|0|1.325059|0.924000|0.474000|-0.823000|107.894371
0|153|74|39|GLU|LYS|2529|1106|598|-O--|-N--|401|0001|555|0|3.704262|-2.398000|0.426000|2.791000|9.966612
0|154|39|45|LYS|HIS|2933|600|688|-C--|-O--|304|0001|555|0|3.477401|-1.610000|0.645000|3.014000|163.197845
0|155|46|39|LEU|LYS|729|708|603|-CD1|-CG-|606|0001|555|0|3.261405|0.747000|-2.043000|-2.430000|39.755035
0|156|73|39|THR|LYS|1329|1090|601|-CA-|-O--|204|0001|555|0|3.686627|-1.987000|2.457000|1.899000|463.311981
0|157|72|39|GLY|LYS|129|1085|601|-O--|-O--|404|0001|555|0|3.639776|0.459000|3.458000|1.039000|64.944252
0|158|76|39|ILE|LYS|929|1138|602|-CG1|-CB-|605|0001|555|0|3.931248|-1.832000|-3.078000|1.620000|974.856140
0|159|44|39|GLY|LYS|129|679|606|-CA-|-NZ-|214|0001|555|0|3.746225|0.395000|2.552999|-2.713000|10.116621
0|160|40|41|ILE|GLU|925|621|638|-C--|-N--|301|0001|555|0|1.323762|0.228000|-1.131000|-0.649000|381.778229
0|161|40|45|ILE|HIS|933|619|688|-N--|-O--|104|0001|555|0|2.554063|-0.686000|1.119000|2.191000|12.990719
0|162|72|40|GLY|ILE|109|1085|621|-O--|-C--|403|0001|555|0|3.675287|-2.603000|1.678000|1.979001|24.068867
0|163|44|40|GLY|ILE|109|678|622|-N--|-O--|104|0001|555|0|2.493134|2.231000|0.295000|-1.073001|27.352140
0|164|40|43|ILE|CYS|915|622|670|-O--|-C--|403|0001|555|0|3.611404|-3.210000|-1.183000|1.157001|45.763557
0|165|40|63|ILE|CYS|915|625|943|-CG2|-SG-|611|0001|555|0|3.337415|-0.008000|0.611000|3.280999|7.549662
0|166|40|47|ILE|MET|917|624|728|-CG1|-CE-|606|0001|555|0|3.487222|0.614000|1.451000|3.111000|5.435967
0|167|40|70|ILE|ILE|909|625|1048|-CG2|-CG2|606|0001|555|0|3.242041|1.768000|-2.206000|-1.587001|72.069778
0|168|43|41|CYS|GLU|1525|668|640|-N--|-C--|103|0001|555|0|3.013063|2.533000|-0.606000|-1.515000|56.037571
0|169|42|41|PRO|GLU|1925|654|640|-N--|-C--|103|0001|555|0|1.360750|1.146000|0.665000|0.310000|248.260651
0|170|70|41|ILE|GLU|925|1048|641|-CG2|-O--|604|0001|555|0|3.111228|-2.570000|-0.453000|-1.694000|330.448669
0|171|72|41|GLY|GLU|125|1085|638|-O--|-N--|401|0001|555|0|2.776461|-2.375000|0.547000|1.330000|151.571075
0|172|41|71|GLU|LYS|2529|641|1061|-O--|-N--|401|0001|555|0|2.873133|1.810000|-2.226000|-0.154000|243.553162
0|173|43|42|CYS|PRO|1519|668|656|-N--|-C--|103|0001|555|0|1.329990|-0.482000|0.208000|-1.222000|338.120056
0|174|44|42|GLY|PRO|119|678|657|-N--|-O--|104|0001|555|0|3.309830|-1.426000|-2.017000|-2.203001|280.832581
0|175|42|71|PRO|LYS|1929|660|1067|-CD-|-CD-|606|0001|555|0|3.398689|0.993999|-3.202000|-0.557000|5.731122
0|176|44|43|GLY|CYS|115|678|670|-N--|-C--|103|0001|555|0|1.324402|-0.979000|-0.888000|0.084000|10.244588
0|177|43|45|CYS|HIS|1533|673|691|-SG-|-ND1|1113|0001|555|0|2.913779|0.797000|1.667000|2.253000|1165.522339
0|178|43|83|CYS|_ZN|1546|673|1235|-SG-|ZN--|1140|0011|555|0|2.732049|2.158000|0.227000|1.660000|91.478851
0|179|43|66|CYS|CYS|1515|673|987|-SG-|-SG-|1111|0001|555|0|3.211313|1.257999|-1.846000|2.307000|90.866806
0|180|44|45|GLY|HIS|133|680|685|-C--|-N--|301|0001|555|0|1.324804|1.089000|-0.393000|0.644000|174.938354
0|181|44|46|GLY|LEU|107|681|709|-O--|-CD2|406|0001|555|0|3.764021|1.697000|3.339000|0.373000|862.596069
0|182|46|45|LEU|HIS|733|702|687|-N--|-C--|103|0001|555|0|1.325099|-0.027000|-1.289001|-0.306000|92.002350
0|183|45|83|HIS|_ZN|3346|691|1235|-ND1|ZN--|1340|0011|555|0|2.068229|1.361000|-1.440000|-0.593000|209.791443
0|184|63|45|CYS|HIS|1533|943|689|-SG-|-CB-|1105|0001|555|0|3.635191|-2.329999|2.636000|-0.915000|3.147179
0|185|45|65|HIS|PHE|3335|691|966|-ND1|-CB-|1305|0001|555|0|2.915985|1.823999|0.309000|2.254000|661.190125
0|186|66|45|CYS|HIS|1533|987|691|-SG-|-ND1|1113|0001|555|0|3.543530|-0.460999|3.513000|-0.054000|211.487259
0|187|46|47|LEU|MET|717|704|721|-C--|-N--|301|0001|555|0|1.325044|1.262000|0.303000|-0.266999|102.785515
0|188|46|65|LEU|PHE|735|705|972|-O--|-CZ-|412|0001|555|0|3.429230|-0.342000|-1.168000|3.205999|3.641916
0|189|48|47|CYS|MET|1517|738|723|-N--|-C--|103|0001|555|0|1.325577|-0.910000|-0.300000|-0.915999|28.840958
0|190|49|47|THR|MET|1317|748|724|-N--|-O--|104|0001|555|0|3.591464|-3.469000|0.797000|-0.479000|95.030640
0|191|63|47|CYS|MET|1517|943|728|-SG-|-CE-|1106|0001|555|0|3.558674|1.994000|2.940000|0.211000|278.479645
0|192|47|65|MET|PHE|1735|728|970|-CE-|-CE1|612|0001|555|0|3.392946|-1.279000|1.260000|2.879001|141.952942
0|193|47|64|MET|PRO|1719|728|954|-CE-|-CD-|606|0001|555|0|3.969311|0.872000|-3.158000|2.241000|4.004141
0|194|49|48|THR|CYS|1315|748|740|-N--|-C--|103|0001|555|0|1.325354|-0.473000|0.280000|1.205999|35.935646
0|195|48|51|CYS|CYS|1515|743|778|-SG-|-SG-|1111|0001|555|0|1.436981|1.349000|-0.217000|0.445000|128.035477
0|196|52|48|LEU|CYS|715|783|741|-N--|-O--|104|0001|555|0|2.712349|-0.954000|2.174999|-1.310000|135.226074
0|197|50|48|SER|CYS|1115|762|740|-N--|-C--|103|0001|555|0|3.245011|-3.216000|0.239000|0.360999|1.651021
0|198|48|82|CYS|_ZN|1546|743|1234|-SG-|ZN--|1140|0011|555|0|2.341241|1.044000|2.089000|0.165998|1.910874
0|199|50|49|SER|THR|1113|762|750|-N--|-C--|103|0001|555|0|1.324742|-0.704000|-1.122000|-0.021001|10.783318
0|200|52|49|LEU|THR|713|783|751|-N--|-O--|104|0001|555|0|2.521712|1.490000|0.480000|-1.977000|79.407135
0|201|49|51|THR|CYS|1315|751|773|-O--|-N--|401|0001|555|0|2.632072|-0.111000|1.859000|1.860000|13.096792
0|202|49|53|THR|THR|1313|751|802|-O--|-N--|401|0001|555|0|2.929428|0.526000|-2.425000|1.557000|143.854462
0|203|50|51|SER|CYS|1115|764|773|-C--|-N--|301|0001|555|0|1.324803|-1.300000|0.060000|0.248000|96.263184
0|204|52|50|LEU|SER|711|783|764|-N--|-C--|103|0001|555|0|3.536114|2.679000|2.278999|-0.365001|5.115351
0|205|52|51|LEU|CYS|715|783|775|-N--|-C--|103|0001|555|0|1.325020|0.564000|0.427999|1.119999|21.134047
0|206|53|51|THR|CYS|1315|802|775|-N--|-C--|103|0001|555|0|3.179784|-1.452000|2.373000|1.539999|47.855442
0|207|54|51|ALA|CYS|315|816|776|-N--|-O--|104|0001|555|0|2.668120|-2.185000|1.531000|-0.026001|17.451565
0|208|51|55|CYS|TRP|1539|776|826|-O--|-N--|401|0001|555|0|3.192991|0.265000|-2.838000|1.439001|67.788940
0|209|51|82|CYS|_ZN|1546|778|1234|-SG-|ZN--|1140|0011|555|0|2.342755|-0.305000|2.306000|-0.279001|141.512741
0|210|52|53|LEU|THR|713|785|802|-C--|-N--|301|0001|555|0|1.325372|1.128000|0.312000|-0.622000|41.514538
0|211|52|56|LEU|GLN|727|786|850|-O--|-N--|401|0001|555|0|2.795814|0.362000|-2.478000|1.243000|10.384474
0|212|52|55|LEU|TRP|739|786|826|-O--|-N--|401|0001|555|0|2.499897|0.344000|0.024000|2.476000|32.601845
0|213|54|52|ALA|LEU|307|816|786|-N--|-O--|104|0001|555|0|2.833236|-2.264000|-1.331000|-1.063000|48.225933
0|214|54|53|ALA|THR|313|816|804|-N--|-C--|103|0001|555|0|1.324306|0.397000|-1.024000|-0.740000|216.353607
0|215|53|57|THR|GLU|1325|805|867|-O--|-N--|401|0001|555|0|2.630234|-0.355000|-2.253000|1.309999|255.757584
0|216|53|56|THR|GLN|1327|805|850|-O--|-N--|401|0001|555|0|3.328433|-2.791000|-1.751000|0.472000|0.020014
0|217|53|55|THR|TRP|1339|804|826|-C--|-N--|301|0001|555|0|3.175529|-2.317000|-0.283000|2.153000|8.903972
0|218|54|55|ALA|TRP|339|818|826|-C--|-N--|301|0001|555|0|1.324454|-1.175000|-0.148000|-0.593000|195.182236
0|219|54|57|ALA|GLU|325|819|867|-O--|-N--|401|0001|555|0|3.239952|0.877000|-2.458000|-1.920000|195.530823
0|220|54|56|ALA|GLN|327|818|850|-C--|-N--|301|0001|555|0|3.419858|-1.157000|-2.650000|-1.826000|30.183632
0|221|54|58|ALA|SER|311|819|883|-O--|-N--|401|0001|555|0|3.203559|0.623000|-3.084000|0.603001|66.532768
0|222|57|55|GLU|TRP|2539|867|828|-N--|-C--|103|0001|555|0|2.891323|-2.792000|0.614000|0.433001|57.146847
0|223|56|55|GLN|TRP|2739|850|828|-N--|-C--|103|0001|555|0|1.324659|-0.356000|0.112000|1.271000|25.280514
0|224|59|55|ASP|TRP|2139|894|829|-N--|-O--|104|0001|555|0|2.722339|-0.639000|2.297000|-1.314001|32.666752
0|225|58|55|SER|TRP|1139|883|829|-N--|-O--|104|0001|555|0|2.747699|-2.421000|0.348000|-1.252001|32.552845
0|226|60|55|GLY|TRP|139|907|829|-N--|-O--|104|0001|555|0|3.583025|1.113000|3.216000|1.121000|49.425018
0|227|64|55|PRO|TRP|1939|952|833|-CB-|-CD2|512|0001|555|0|3.433062|2.999000|-1.503000|0.730001|24.440296
0|228|62|55|GLY|TRP|139|934|834|-O--|-NE1|415|0001|555|0|2.832582|2.081000|0.975000|1.656000|29.105022
0|229|61|55|GLN|TRP|2739|914|837|-N--|-CZ2|112|0001|555|0|3.220243|-1.382000|2.429000|1.600000|288.105560
0|230|67|55|ARG|TRP|3139|998|839|-CD-|-CH2|612|0001|555|0|3.563536|3.503000|0.638000|-0.144001|1145.462524
0|231|57|56|GLU|GLN|2527|867|852|-N--|-C--|103|0001|555|0|1.325192|-0.533000|-1.027000|-0.646000|7.751111
0|232|60|56|GLY|GLN|127|908|858|-CA-|-NE2|209|0001|555|0|3.307695|-0.521000|1.225000|-3.028000|12.688562
0|233|59|56|ASP|GLN|2127|897|853|-O--|-O--|404|0001|555|0|3.502403|1.957000|2.696000|-1.080999|86.859863
0|234|58|56|SER|GLN|1127|883|852|-N--|-C--|103|0001|555|0|3.206432|-0.279000|-0.401000|-3.169001|426.247711
0|235|58|57|SER|GLU|1125|883|869|-N--|-C--|103|0001|555|0|1.324850|1.267000|-0.013000|-0.387001|8339.322266
0|236|59|57|ASP|GLU|2125|894|869|-N--|-C--|103|0001|555|0|3.639519|3.049000|1.936000|-0.449001|8355.731445
0|237|58|59|SER|ASP|1121|885|894|-C--|-N--|301|0001|555|0|1.324964|-0.594000|-0.202000|-1.167000|3.389339
0|238|60|59|GLY|ASP|121|907|896|-N--|-C--|103|0001|555|0|1.325323|0.955000|-0.593000|0.702002|0.488363
0|239|59|61|ASP|GLN|2127|900|914|-OD1|-N--|1001|0001|555|0|2.818194|-1.245000|1.080000|-2.285999|65.878845
0|240|60|61|GLY|GLN|127|909|914|-C--|-N--|301|0001|555|0|1.323688|-1.031000|0.158000|0.815001|210.768112
0|241|60|62|GLY|GLY|101|910|931|-O--|-N--|401|0001|555|0|3.177860|-2.990000|0.891000|-0.604000|54.675652
0|242|62|61|GLY|GLN|127|931|916|-N--|-C--|103|0001|555|0|1.324892|-0.258000|0.063000|1.298000|96.399994
0|243|68|61|CYS|GLN|1527|1015|917|-N--|-O--|104|0001|555|0|3.986721|3.839000|0.284000|1.036999|1110.484863
0|244|61|67|GLN|ARG|2731|921|1002|-OE1|-NH2|807|0001|555|0|3.003704|0.209000|1.539000|2.570999|37.099113
0|245|63|61|CYS|GLN|1527|941|917|-O--|-O--|404|0001|555|0|3.550470|2.446000|-2.539000|0.420000|7.653327
0|246|62|63|GLY|CYS|115|933|938|-C--|-N--|301|0001|555|0|1.324515|-1.071000|0.544000|-0.558000|2184.880127
0|247|62|69|GLY|GLU|125|932|1033|-CA-|-OE1|210|0001|555|0|3.418433|1.112000|-2.404000|-2.161000|64.227951
0|248|62|68|GLY|CYS|115|932|1018|-CA-|-O--|204|0001|555|0|3.057073|-2.980000|0.013000|-0.682000|9.871208
0|249|62|70|GLY|ILE|109|932|1047|-CA-|-CG1|206|0001|555|0|3.807653|-0.721000|1.763000|-3.297000|76.657768
0|250|62|64|GLY|PRO|119|934|948|-O--|-N--|401|0001|555|0|3.140130|-1.748000|2.355000|1.122000|11.302931
0|251|63|68|CYS|CYS|1515|938|1018|-N--|-O--|104|0001|555|0|2.576471|-1.578000|-1.946000|-0.601000|55.577606
0|252|70|63|ILE|CYS|915|1047|938|-CG1|-N--|601|0001|555|0|3.293149|-0.681000|0.196000|3.216000|434.392700
0|253|63|64|CYS|PRO|1519|940|948|-C--|-N--|301|0001|555|0|1.360118|0.681000|0.981000|0.650999|2.118555
0|254|63|67|CYS|ARG|1531|941|992|-O--|-N--|401|0001|555|0|2.499722|-2.013000|-0.804000|1.245001|2.925443
0|255|63|66|CYS|CYS|1515|941|982|-O--|-N--|401|0001|555|0|3.385976|-3.048000|1.403000|0.454000|3.221457
0|256|63|65|CYS|PHE|1535|940|962|-C--|-N--|301|0001|555|0|2.980289|-1.546000|2.102000|1.440001|10674.957031
0|257|63|83|CYS|_ZN|1546|943|1235|-SG-|ZN--|1140|0011|555|0|2.343713|-2.316000|-0.359000|-0.016000|55.630840
0|258|64|65|PRO|PHE|1935|950|962|-C--|-N--|301|0001|555|0|1.325322|-0.773000|0.326000|-1.025999|501.141144
0|259|64|67|PRO|ARG|1931|950|992|-C--|-N--|301|0001|555|0|3.986796|-1.987000|-3.390000|-0.674000|228.576752
0|260|66|64|CYS|PRO|1519|982|950|-N--|-C--|103|0001|555|0|3.560646|3.022000|1.183000|1.465000|226.337265
0|261|67|65|ARG|PHE|3135|992|964|-N--|-C--|103|0001|555|0|3.466908|-1.177000|3.261000|-0.000999|0.362086
0|262|66|65|CYS|PHE|1535|982|964|-N--|-C--|103|0001|555|0|1.324833|-0.141999|1.054000|0.790001|0.090131
0|263|65|83|PHE|_ZN|3546|966|1235|-CB-|ZN--|540|0011|555|0|3.373245|-0.462999|-1.749000|-2.847000|39.740471
0|264|66|67|CYS|ARG|1531|984|992|-C--|-N--|301|0001|555|0|1.325031|1.249000|0.171000|0.408001|105.006439
0|265|66|83|CYS|_ZN|1546|987|1235|-SG-|ZN--|1140|0011|555|0|2.350732|0.900001|2.073000|-0.647000|0.120449
0|266|66|68|CYS|CYS|1515|985|1015|-O--|-N--|401|0001|555|0|2.879293|2.426000|-0.756000|-1.354000|91.744499
0|267|68|67|CYS|ARG|1531|1015|994|-N--|-C--|103|0001|555|0|1.325034|-0.051000|-0.294000|1.290998|640.554688
0|268|68|69|CYS|GLU|1525|1017|1026|-C--|-N--|301|0001|555|0|1.324067|0.373000|-1.110000|-0.618000|312.812836
0|269|70|68|ILE|CYS|915|1042|1018|-N--|-O--|104|0001|555|0|3.666364|-1.468000|0.745000|3.276000|40.702755
0|270|70|69|ILE|GLU|925|1042|1028|-N--|-C--|103|0001|555|0|1.325293|-0.974000|-0.434000|0.787000|62.938152
0|271|70|71|ILE|LYS|929|1044|1061|-C--|-N--|301|0001|555|0|1.324768|-0.783000|0.444000|-0.972000|17.467041
0|272|72|70|GLY|ILE|109|1085|1048|-O--|-CG2|406|0001|555|0|3.407633|0.203000|-1.704000|2.944000|0.000000
0|273|70|73|ILE|THR|913|1048|1095|-CG2|-CG2|606|0001|555|0|2.961633|2.046000|1.366000|-1.649000|63.939404
0|274|72|71|GLY|LYS|129|1082|1063|-N--|-C--|103|0001|555|0|1.325004|0.592000|-1.174000|-0.164000|101.058838
0|275|72|73|GLY|THR|113|1084|1089|-C--|-N--|301|0001|555|0|1.324860|1.158000|0.409000|-0.497000|184.667007
0|276|73|74|THR|GLU|1325|1091|1103|-C--|-N--|301|0001|555|0|1.325797|0.051000|1.319000|0.124000|77.393867
0|277|75|74|PRO|GLU|1925|1119|1105|-N--|-C--|103|0001|555|0|1.360701|-1.092000|-0.712000|0.390000|1413.718750
0|278|76|74|ILE|GLU|925|1133|1106|-N--|-O--|104|0001|555|0|3.092786|-0.153000|-2.960999|0.880000|389.759949
0|279|76|75|ILE|PRO|919|1133|1121|-N--|-C--|103|0001|555|0|1.325281|1.092000|-0.403999|-0.633000|27.334234
0|280|76|77|ILE|ILE|909|1135|1152|-C--|-N--|301|0001|555|0|1.325029|-0.644000|0.927000|-0.694000|302.210449
0|281|78|76|VAL|ILE|509|1171|1140|-N--|-CD1|106|0001|555|0|3.425210|-0.427000|-3.395000|-0.154000|60.854710
0|282|78|77|VAL|ILE|509|1171|1154|-N--|-C--|103|0001|555|0|1.324757|0.108000|-0.285999|-1.289000|36.730595
0|283|77|79|ILE|ASP|921|1158|1194|-CG2|-OD2|610|0001|555|0|3.327724|-2.617000|2.016001|0.401000|48.400032
0|284|78|79|VAL|ASP|521|1173|1187|-C--|-N--|301|0001|555|0|1.324744|-1.228000|0.308001|-0.390000|138.328186
0|285|80|79|PRO|ASP|1921|1200|1189|-N--|-C--|103|0001|555|0|1.360237|-0.041000|-1.209000|-0.622000|2.410470
0|286|80|81|PRO|PHE|1935|1202|1214|-C--|-N--|301|0001|555|0|1.324974|-1.115999|0.425001|0.574000|0.020032
