0|0|555|0|0.000000|0.000000|0.000000
0|1|555|0|-2.001000|0.148000|-2.063000
0|2|555|0|-1.015000|1.138000|-2.489000
0|3|555|0|-2.749000|0.148000|-0.817000
0|4|555|0|-1.763000|1.138000|-1.243000
0|5|555|0|-2.326000|2.168000|-2.099000
0|6|555|0|-2.304000|-1.001000|0.090000
0|7|555|0|-3.546000|-0.684000|-0.727000
0|8|555|0|-1.318000|-0.011000|-0.336000
0|9|555|0|-3.199000|0.444000|-1.685000
0|10|555|0|-1.881000|1.019000|-1.192000
0|11|555|0|-1.762000|2.405000|0.765000
0|12|555|0|-2.050000|2.334000|-0.429000
0|13|555|0|-3.111000|-1.849000|0.465000
0|14|555|0|-2.125000|-0.859000|0.039000
0|15|555|0|-2.688000|0.171000|-0.817000
0|16|555|0|-2.569000|1.557000|1.140000
0|17|555|0|-2.857000|1.486000|-0.054000
0|18|555|0|0.307000|2.514000|-2.949000
0|19|555|0|-1.200000|3.354000|-0.813000
0|20|555|0|-0.637000|2.324000|0.043000
0|21|555|0|-0.848000|3.633000|0.637000
0|22|555|0|-3.717000|1.146000|0.065000
0|23|555|0|-2.869000|0.151000|1.835000
0|24|555|0|-2.702000|1.221000|0.973000
0|25|555|0|-0.468000|1.009000|-0.720000
0|26|555|0|1.549000|2.920000|-0.820000
0|27|555|0|-1.574000|2.215000|1.112000
0|28|555|0|0.886000|3.493000|1.265000
0|29|555|0|0.672000|2.971000|0.172000
0|30|555|0|-0.679000|2.318000|-0.126000
0|31|555|0|-3.157000|0.080000|0.641000
0|32|555|0|-2.990000|1.150000|-0.221000
0|33|555|0|-0.756000|0.938000|-1.914000
0|34|555|0|1.261000|2.849000|-2.014000
0|35|555|0|-1.862000|2.144000|-0.082000
0|36|555|0|0.598000|3.422000|0.071000
0|37|555|0|0.384000|2.900000|-1.022000
0|38|555|0|-0.967000|2.247000|-1.320000
0|39|555|0|0.681000|2.899000|0.536000
0|40|555|0|-2.443000|2.488000|1.751000
0|41|555|0|2.017000|1.911000|-0.100000
0|42|555|0|2.228000|0.602000|-0.694000
0|43|555|0|3.552000|1.182000|-0.552000
0|44|555|0|0.877000|-0.051000|-0.992000
0|45|555|0|0.084000|3.354000|1.044000
0|46|555|0|1.705000|2.879000|-1.052000
0|47|555|0|2.872000|0.613000|-2.223000
0|48|555|0|2.201000|0.529000|-0.850000
0|49|555|0|2.440000|2.108000|0.943000
0|50|555|0|2.125000|1.927000|-0.232000
0|51|555|0|-3.036000|0.956000|2.368000
0|52|555|0|0.663000|-0.573000|-2.085000
0|53|555|0|-2.040000|1.665000|1.956000
0|54|555|0|-0.130000|2.832000|-0.049000
0|55|555|0|0.429000|3.834001|-0.491000
0|56|555|0|1.491000|2.357000|-2.145000
0|57|555|0|1.987000|0.007000|-1.943000
0|58|555|0|2.226000|1.586000|-0.150000
0|59|555|0|1.911000|1.405000|-1.325000
0|60|555|0|-1.603000|2.003000|1.866000
0|61|555|0|-0.576000|2.234000|2.521000
0|62|555|0|3.123000|0.705000|-1.932000
0|63|555|0|0.420000|2.943000|2.109000
0|64|555|0|-0.475000|2.997000|2.005000
0|65|555|0|0.828000|2.930000|-0.060000
0|66|555|0|-0.618000|3.726000|0.249000
0|67|555|0|-0.496000|2.350000|-0.202000
0|68|555|0|-2.041000|1.427000|1.276000
0|69|555|0|-1.482000|2.429001|0.834000
0|70|555|0|-0.542000|2.328000|-0.369000
0|71|555|0|-0.420000|0.952001|-0.820000
0|72|555|0|-1.941000|3.467999|0.156000
0|73|555|0|-2.356000|1.245999|0.101000
0|74|555|0|-1.797000|2.248000|-0.341000
0|75|555|0|-0.857000|2.146999|-1.544000
0|76|555|0|-0.735000|0.771000|-1.995000
0|77|555|0|-1.167000|2.266000|1.171000
0|78|555|0|-1.206000|2.697000|2.151000
0|79|555|0|-1.947000|1.566000|2.843000
0|80|555|0|-1.084000|1.321000|1.700000
0|81|555|0|-0.448000|2.584000|2.522000
0|82|555|0|-2.585000|2.613999|0.242000
0|83|555|0|-2.417000|1.818999|1.165000
0|84|555|0|-1.007000|1.464999|1.640000
0|85|555|0|-0.144000|1.219999|0.497000
0|86|555|0|-2.838000|2.213000|1.376000
0|87|555|0|-1.910000|-1.167000|2.005000
0|88|555|0|-1.858000|2.821000|0.723000
0|89|555|0|-0.448000|2.467000|1.198000
0|90|555|0|0.415000|2.222000|0.055000
0|91|555|0|-3.253000|-0.009000|1.321000
0|92|555|0|-0.682000|-0.498000|3.888000
0|93|555|0|-3.781000|-0.014000|-0.166000
0|94|555|0|-2.390000|-0.254000|0.178000
0|95|555|0|-1.462000|-3.634000|0.807000
0|96|555|0|0.181000|-0.743000|2.745000
0|97|555|0|-3.275000|-1.466000|0.872000
0|98|555|0|-2.371000|-0.368000|0.309000
0|99|555|0|-0.980000|-0.608000|0.653000
0|100|555|0|-2.066000|1.600000|1.651000
0|101|555|0|-2.817000|0.966001|0.911000
0|102|555|0|1.591000|-1.097000|3.220000
0|103|555|0|-2.203000|-1.163000|1.232000
0|104|555|0|-0.812000|-1.403000|1.576000
0|105|555|0|-1.898000|0.805000|2.574000
0|106|555|0|-2.649000|0.171000|1.834000
0|107|555|0|-2.949000|-1.373000|-0.704000
0|108|555|0|-0.378000|-1.862000|1.863000
0|109|555|0|-0.666000|-2.167000|3.019000
0|110|555|0|-2.058000|-1.715000|-1.761000
0|111|555|0|-1.835000|-1.242000|1.941000
0|112|555|0|-3.144000|0.493000|-0.763000
0|113|555|0|-2.323000|1.112000|1.775000
0|114|555|0|-0.867000|-2.105000|2.595000
0|115|555|0|0.513000|-2.204000|0.806000
0|116|555|0|0.225000|-2.509000|1.962000
0|117|555|0|-0.151000|3.183001|0.958000
0|118|555|0|-1.670000|3.355000|1.031000
0|119|555|0|-1.679000|0.184999|2.469000
0|120|555|0|-0.996000|0.410000|3.467000
0|121|555|0|-1.245000|-1.562000|3.447000
0|122|555|0|0.223000|0.473001|3.702000
0|123|555|0|-3.058000|1.962000|-0.083000
0|124|555|0|0.928000|-3.380000|0.629000
0|125|555|0|2.571000|-0.489000|2.567000
0|126|555|0|-2.222000|2.969000|0.758000
0|127|555|0|-1.667000|1.722000|0.261000
0|128|555|0|-3.182000|1.388000|0.705000
0|129|555|0|0.318000|3.881999|-0.008000
0|130|555|0|-0.401000|3.388999|-1.083000
0|131|555|0|-1.743000|2.714000|-0.928000
0|132|555|0|-1.776000|1.634999|0.156000
0|133|555|0|-1.221000|0.388000|-0.341000
0|134|555|0|1.572000|1.252999|3.278000
0|135|555|0|-0.105000|-2.298000|2.864000
0|136|555|0|1.309000|-1.735000|2.704000
0|137|555|0|-0.433000|3.247999|-0.748000
0|138|555|0|-1.152000|2.754999|-1.823000
0|139|555|0|-2.494000|2.080000|-1.668000
0|140|555|0|-2.527000|1.000999|-0.584000
0|141|555|0|-1.972000|-0.246000|-1.081000
0|142|555|0|-1.429000|2.563999|2.559000
0|143|555|0|0.881000|2.018999|2.924000
0|144|555|0|0.821000|0.618999|2.538000
0|145|555|0|1.474000|2.862000|1.794000
0|146|555|0|1.465000|-0.308001|3.232000
0|147|555|0|1.200000|-3.462000|0.167000
0|148|555|0|1.050000|-0.704000|3.228000
0|149|555|0|1.104000|0.768000|3.643000
0|150|555|0|-0.763000|2.820000|-0.302000
0|151|555|0|1.425000|-2.269000|1.098000
0|152|555|0|2.452000|-2.038000|1.753000
0|153|555|0|3.448000|-1.329000|1.341000
0|154|555|0|0.706000|-2.090000|2.092000
0|155|555|0|1.733000|-1.859000|2.747000
0|156|555|0|2.729000|-1.150001|2.335000
0|157|555|0|2.399000|-1.492000|0.763000
0|158|555|0|3.426000|-1.261000|1.418000
0|159|555|0|-2.159000|1.419001|2.287000
0|160|555|0|-2.893000|0.003000|2.441000
0|161|555|0|-1.604000|0.172001|1.790000
0|162|555|0|1.098000|1.563000|3.143000
0|163|555|0|-1.231000|-2.045000|2.906000
0|164|555|0|-1.332000|-0.545000|3.190000
0|165|555|0|-1.448000|2.623001|2.255000
0|166|555|0|-2.140000|1.620001|2.084000
0|167|555|0|-1.487000|0.250000|1.892000
0|168|555|0|-0.198000|0.419001|1.241000
0|169|555|0|-0.377000|-1.495000|3.600000
0|170|555|0|-0.478000|0.005000|3.884000
0|171|555|0|-1.286000|2.170001|2.778000
0|172|555|0|-0.633000|0.800000|2.586000
0|173|555|0|0.656000|0.969001|1.935000
0|174|555|0|-1.637000|-0.907000|2.874000
0|175|555|0|-0.996000|-0.684000|3.307000
0|176|555|0|1.503000|1.083000|2.684000
0|177|555|0|1.907000|-0.386000|2.542000
0|178|555|0|0.377000|0.553999|3.142000
0|179|555|0|2.300000|-1.087000|2.927000
0|180|555|0|0.781000|-0.915001|3.000000
0|181|555|0|-3.266000|1.201000|0.807000
0|182|555|0|2.702000|1.390999|1.353000
0|183|555|0|-1.977000|1.370001|0.156000
0|184|555|0|-2.731000|2.600000|0.325000
0|185|555|0|-3.500999|0.168999|1.750000
0|186|555|0|-1.324000|0.000000|-0.036000
0|187|555|0|-2.960000|1.488998|-1.090000
0|188|555|0|-2.854000|1.171999|1.450000
0|189|555|0|-2.078000|1.230000|0.133000
0|190|555|0|-2.016001|-1.003000|-0.207000
0|191|555|0|-3.652000|0.485998|-1.261000
0|192|555|0|-3.546000|0.168999|1.279000
0|193|555|0|-2.770000|0.226999|-0.038000
0|194|555|0|1.471000|3.099998|0.388000
0|195|555|0|1.710999|2.980000|1.894000
0|196|555|0|-0.558001|2.636999|2.602000
0|197|555|0|2.060000|1.618000|2.261000
0|198|555|0|-2.132001|2.165001|-1.142000
0|199|555|0|-3.179000|2.009999|-0.335000
0|200|555|0|-1.002001|1.841001|-2.121000
0|201|555|0|-2.532001|3.013000|-0.635000
0|202|555|0|-0.421000|-3.125000|0.926000
0|203|555|0|3.707000|-0.089000|0.347000
0|204|555|0|3.286000|1.366000|0.565000
0|205|555|0|-1.440000|2.260000|2.237000
0|206|555|0|-1.372000|1.115000|3.346000
0|207|555|0|-0.686000|1.030001|2.068000
0|208|555|0|-2.256000|2.472000|0.881000
0|209|555|0|-2.014999|1.701000|1.808000
0|210|555|0|1.501000|1.315001|3.422000
0|211|555|0|0.215000|2.030001|3.002000
0|212|555|0|-0.596000|1.173000|2.029000
0|213|555|0|0.090000|1.088001|0.751000
0|214|555|0|-2.270000|2.266001|2.374000
0|215|555|0|-1.609000|3.475000|0.581000
0|216|555|0|-1.368000|2.704000|1.508000
0|217|555|0|0.051000|2.176001|1.729000
0|218|555|0|0.737000|2.091002|0.451000
0|219|555|0|0.196000|0.771002|3.291000
0|220|555|0|-1.347000|0.862999|3.255000
0|221|555|0|0.999000|-0.521000|3.125000
0|222|555|0|0.080000|-1.743999|3.150000
0|223|555|0|-3.007000|0.174999|1.923000
0|224|555|0|2.898000|1.379999|0.572000
0|225|555|0|-3.709001|0.509001|0.556000
0|226|555|0|-2.321000|0.090000|0.645000
0|227|555|0|-1.031000|-1.621000|2.394001
0|228|555|0|3.584000|1.295000|-0.706000
0|229|555|0|-2.970001|-1.931000|-0.758000
0|230|555|0|-2.585001|-2.207001|1.524000
0|231|555|0|-3.152000|-1.271999|0.611000
0|232|555|0|-2.672001|0.823999|1.995000
0|233|555|0|-2.290001|-0.018999|0.777000
0|234|555|0|-0.902000|-0.438000|0.866000
0|235|555|0|-2.137001|0.625999|3.085000
0|236|555|0|0.388000|-2.149000|2.615000
0|237|555|0|0.308000|3.937000|0.168000
0|238|555|0|-2.729001|-2.702000|0.169000
0|239|555|0|-2.911000|-2.042999|1.538000
0|240|555|0|-2.431001|0.052999|2.922000
0|241|555|0|-2.049001|-0.789999|1.704000
0|242|555|0|-0.661000|-1.209000|1.793000
0|243|555|0|-1.347001|3.436001|-0.519000
0|244|555|0|-0.756001|3.826000|0.642000
0|245|555|0|0.549000|3.166000|1.095000
0|246|555|0|-3.132000|-0.767000|-0.328000
0|247|555|0|-1.842000|-2.478001|1.421000
0|248|555|0|0.447001|3.823000|-0.720000
0|249|555|0|1.563000|3.397999|-1.294000
0|250|555|0|2.773000|0.438000|-1.679000
0|251|555|0|2.639000|2.902000|-0.326000
0|252|555|0|-2.295000|-1.152000|-1.550000
0|253|555|0|-3.530001|-0.088001|0.669000
0|254|555|0|-1.005000|-2.863001|0.199000
0|255|555|0|-3.128000|-1.763000|1.001000
0|256|555|0|1.665000|-2.212999|2.457000
0|257|555|0|1.487000|1.153000|-2.099000
0|258|555|0|2.466000|1.898001|-2.089000
0|259|555|0|1.353000|3.617001|-0.746000
0|260|555|0|0.166000|-3.607000|1.287000
0|261|555|0|0.473000|-2.563999|2.053000
0|262|555|0|-2.693001|2.186001|0.902999
0|263|555|0|1.290000|-1.711000|1.749000
0|264|555|0|-1.764999|2.640999|2.058000
0|265|555|0|-1.305000|1.767000|0.992000
0|266|555|0|2.678000|-2.130001|1.838000
0|267|555|0|-2.300999|-0.208000|1.811000
0|268|555|0|-1.579000|1.422001|3.202999
0|269|555|0|-1.768000|0.977001|2.072000
0|270|555|0|-2.553999|2.665001|0.370999
0|271|555|0|-1.382999|1.798000|0.839999
0|272|555|0|-0.923000|0.924002|-0.226001
0|273|555|0|-0.435999|-1.803999|3.228000
0|274|555|0|-2.073999|-1.177000|2.734000
0|275|555|0|-3.248999|-0.897999|1.794001
0|276|555|0|-2.835999|-0.010000|0.721001
0|277|555|0|-2.114000|1.620001|2.113000
0|278|555|0|-2.302999|1.175001|0.982000
0|279|555|0|-1.917999|1.996000|-0.250000
0|280|555|0|0.940001|-3.580000|1.156000
0|281|555|0|-1.458000|1.122002|-1.316000
0|282|555|0|1.066001|0.343000|3.037001
0|283|555|0|1.361001|-2.368999|1.992001
0|284|555|0|0.644001|-0.698999|3.739000
0|285|555|0|0.224001|-1.910999|2.906000
0|286|555|0|-0.970999|-1.605999|2.138000
0|287|555|0|2.525001|-2.775000|-0.469999
0|288|555|0|-1.851999|-2.147001|0.710000
0|289|555|0|-2.514999|-1.909000|1.791000
0|290|555|0|-1.805000|-1.004000|2.799000
0|291|555|0|2.416000|-2.773001|1.542000
0|292|555|0|2.723000|-1.730000|2.308000
0|293|555|0|-0.443001|3.020000|1.158000
0|294|555|0|-2.418999|-1.212000|-0.203000
0|295|555|0|-3.081999|-0.973999|0.878000
0|296|555|0|-2.372000|-0.068998|1.886000
0|297|555|0|1.849001|-1.837999|0.629000
0|298|555|0|2.156000|-0.794998|1.395000
0|299|555|0|1.388000|-0.747000|2.717000
0|300|555|0|-0.522999|1.227001|3.699000
0|301|555|0|2.973001|0.058001|1.091000
0|302|555|0|-2.033998|-1.488001|2.079000
0|303|555|0|-1.377998|-1.132002|2.037001
0|304|555|0|-1.330999|-2.893999|2.044001
0|305|555|0|-0.917999|-2.006001|0.971001
0|306|555|0|-1.525000|-3.375000|0.255000
0|307|555|0|0.229000|-2.352001|1.752000
0|308|555|0|-0.945999|-2.073000|0.812000
0|309|555|0|-0.532999|-1.185001|-0.261000
0|310|555|0|0.114000|-2.179001|2.964000
0|311|555|0|1.332001|-2.781000|1.156000
0|312|555|0|1.548000|0.713999|3.511000
0|313|555|0|0.040001|-2.797001|0.621000
0|314|555|0|-1.134998|-2.518000|-0.318999
0|315|555|0|-0.721998|-1.630001|-1.391999
0|316|555|0|-0.074999|-2.624001|1.833000
0|317|555|0|-1.428999|1.943001|2.117001
0|318|555|0|-1.059999|0.576000|2.698001
0|319|555|0|3.610001|-0.055000|1.583000
0|320|555|0|3.180001|-1.277000|0.924001
0|321|555|0|2.758001|-2.319000|1.626000
0|322|555|0|1.143002|-3.226000|0.025001
0|323|555|0|3.594001|1.032999|0.508000
0|324|555|0|0.327002|0.611000|3.344001
0|325|555|0|1.359001|0.268999|2.380000
0|326|555|0|2.642000|0.334999|2.702001
0|327|555|0|0.253000|-2.873001|1.440001
0|328|555|0|1.931000|0.122000|-3.433000
0|329|555|0|1.362999|1.098000|-2.675000
0|330|555|0|1.954000|1.487999|-1.514000
0|331|555|0|3.164999|0.875999|-1.094000
0|332|555|0|2.488998|0.085001|-2.458000
0|333|555|0|3.080000|0.475000|-1.297000
0|334|555|0|2.913000|-0.181000|-1.345000
0|335|555|0|3.504002|0.209000|-0.184000
0|336|555|0|1.865000|-1.595999|1.417000
0|337|555|0|3.473000|-1.013000|1.112000
0|338|555|0|2.278000|-0.708000|0.344000
0|339|555|0|-0.306999|-2.639000|2.239000
0|340|555|0|-0.608999|-1.713999|3.419001
0|341|555|0|3.140000|1.520000|0.303000
0|342|555|0|3.435000|-1.191999|-0.742000
0|343|555|0|2.718000|0.478001|1.005000
0|344|555|0|2.298000|-0.733999|0.172000
0|345|555|0|1.103001|-0.428999|-0.596000
0|346|555|0|0.547001|1.192001|3.633000
0|347|555|0|2.653000|0.446001|2.233000
0|348|555|0|1.319000|3.066000|1.759000
0|349|555|0|-0.191999|-2.812000|1.027000
0|350|555|0|-0.493999|-1.886999|2.207001
0|351|555|0|-0.985001|3.200001|0.865001
0|352|555|0|3.255000|1.347000|-0.908999
0|353|555|0|2.833000|0.305000|-0.207000
0|354|555|0|2.413000|-0.907000|-1.040000
0|355|555|0|1.218000|-0.601999|-1.808000
0|356|555|0|0.799000|-1.389999|2.858001
0|357|555|0|0.746000|0.013000|3.467000
0|358|555|0|0.662001|1.019001|2.421000
0|359|555|0|0.469000|2.296000|2.716001
0|360|555|0|2.768000|0.273001|1.021000
0|361|555|0|0.402000|3.235001|1.511001
0|362|555|0|1.434000|2.893000|0.547000
0|363|555|0|2.857000|0.594000|0.901000
0|364|555|0|3.760000|-0.678001|0.830999
0|365|555|0|1.849001|1.296000|1.813000
0|366|555|0|-1.410000|-2.210001|2.835000
0|367|555|0|2.037000|1.948999|0.899000
0|368|555|0|-2.605000|-1.905001|2.067000
0|369|555|0|1.271999|3.476000|0.790000
0|370|555|0|0.842000|2.254000|0.131001
0|371|555|0|0.851999|2.264000|-0.043000
0|372|555|0|0.422000|1.042000|-0.702000
0|373|555|0|0.243999|0.269001|3.957001
0|374|555|0|-2.171000|0.714001|2.628000
0|375|555|0|0.835999|3.351999|-1.118000
0|376|555|0|-1.399000|2.587999|0.754000
0|377|555|0|0.309000|2.997999|2.178000
0|378|555|0|-0.116001|2.653999|1.076000
0|379|555|0|0.917000|2.296000|-1.271000
0|380|555|0|0.487000|1.073999|-1.929999
0|381|555|0|0.309000|0.301001|2.729001
0|382|555|0|-1.969000|-1.663000|1.837001
0|383|555|0|-2.021999|-0.260000|2.446000
0|384|555|0|-2.105999|0.746000|1.400001
0|385|555|0|-2.299000|2.022999|1.695001
0|386|555|0|1.530000|0.618999|3.459001
0|387|555|0|-0.836000|0.059000|3.359000
0|388|555|0|-2.365999|2.962000|0.490001
0|389|555|0|-1.334000|2.619999|-0.474000
0|390|555|0|0.374001|3.029999|0.950001
0|391|555|0|-0.051001|2.685999|-0.151999
0|392|555|0|2.424000|-2.055000|2.114001
0|393|555|0|2.753000|0.407000|2.565000
0|394|555|0|-0.295000|2.712000|1.045000
0|395|555|0|-1.821000|1.546000|1.455999
0|396|555|0|-3.282999|0.666000|1.761001
0|397|555|0|-2.250999|0.323999|0.797000
0|398|555|0|-3.702000|0.241001|-0.004000
0|399|555|0|0.360001|-2.384998|2.881001
0|400|555|0|-2.054998|-1.939999|1.552000
0|401|555|0|-2.247999|-0.663000|1.847000
0|402|555|0|0.432001|3.079000|1.698999
0|403|555|0|-0.466000|2.318001|3.101000
0|404|555|0|-2.368999|-0.223000|2.989000
0|405|555|0|-2.314999|0.276001|0.642000
0|406|555|0|-1.282999|-0.066000|-0.322001
0|407|555|0|0.632001|0.161001|3.584999
0|408|555|0|-0.065001|-2.728998|1.779000
0|409|555|0|-2.480000|-2.283998|0.450000
0|410|555|0|-2.673000|-1.007000|0.745000
0|411|555|0|1.127000|-0.973999|3.017999
0|412|555|0|1.155999|-2.410999|2.509000
0|413|555|0|0.007000|2.735001|0.596999
0|414|555|0|-0.891001|1.974001|1.999000
0|415|555|0|-2.794001|-0.566999|1.887000
0|416|555|0|-2.740000|-0.067999|-0.460000
0|417|555|0|-1.708000|-0.410000|-1.424001
0|418|555|0|0.085999|1.206001|2.891000
0|419|555|0|0.207000|-0.182999|2.482999
0|420|555|0|2.379000|-2.622999|1.614999
0|421|555|0|-2.235000|-0.764000|1.872000
0|422|555|0|-0.771999|-1.873999|1.874001
0|423|555|0|0.344000|-3.222000|1.955999
0|424|555|0|0.260000|-2.216000|0.910000
0|425|555|0|1.848999|2.042000|2.459000
0|426|555|0|2.608000|-1.721998|1.034000
0|427|555|0|0.330000|-3.685999|0.142000
0|428|555|0|0.277000|-2.282999|0.750999
0|429|555|0|0.193001|-1.276999|-0.295000
0|430|555|0|1.353001|-1.935999|2.889999
0|431|555|0|1.462999|-1.963999|1.664000
0|432|555|0|1.782000|2.981001|1.254000
0|433|555|0|2.880000|0.824001|1.737999
0|434|555|0|-1.277000|0.331001|3.588999
0|435|555|0|2.729000|-2.161999|-0.108000
0|436|555|0|0.398001|-2.723000|-0.391001
0|437|555|0|0.314001|-1.716999|-1.437000
0|438|555|0|1.474001|-2.375999|1.747999
0|439|555|0|1.584000|-2.403999|0.521999
0|440|555|0|1.903000|2.541000|0.112000
0|441|555|0|1.615000|0.853001|2.837000
0|442|555|0|2.459000|1.808001|2.473999
0|443|555|0|2.880000|1.773001|1.004000
0|444|555|0|3.001000|0.384001|0.595999
0|445|555|0|1.647001|-2.181000|1.556000
0|446|555|0|2.414999|-0.445000|1.329000
0|447|555|0|2.686999|2.101000|2.032999
0|448|555|0|2.330999|0.561001|0.283001
0|449|555|0|3.551999|0.879000|1.013000
0|450|555|0|1.145000|0.242001|-0.629999
0|451|555|0|2.337001|1.997000|0.608999
0|452|555|0|2.366000|0.559999|0.100000
0|453|555|0|0.031000|3.257000|2.315001
0|454|555|0|1.417001|2.788000|0.073999
0|455|555|0|3.589001|0.348000|-0.794001
0|456|555|0|1.254999|0.214001|-1.855999
0|457|555|0|-1.516001|2.160000|2.558001
0|458|555|0|2.447000|1.969000|-0.617001
0|459|555|0|2.475999|0.532000|-1.125999
0|460|555|0|0.091000|-1.314001|2.718000
0|461|555|0|0.140999|3.229000|1.089001
0|462|555|0|1.526999|2.760000|-1.152000
0|463|555|0|2.565999|-0.194000|2.405001
0|464|555|0|2.278000|1.964001|0.892000
0|465|555|0|0.272000|2.546000|0.703999
0|466|555|0|-1.070000|3.617001|0.382000
0|467|555|0|-0.948999|2.228001|-0.026001
0|468|555|0|0.090000|-0.726000|3.531000
0|469|555|0|-2.018001|2.948000|-1.018999
0|470|555|0|-2.306001|1.260000|1.706001
0|471|555|0|-1.026000|3.083000|2.098001
0|472|555|0|-1.462001|2.215000|1.343000
0|473|555|0|-1.041000|2.180000|-0.126999
0|474|555|0|-0.920000|0.791000|-0.535000
0|475|555|0|-0.526000|0.422001|3.413000
0|476|555|0|0.118999|-2.163000|3.022001
0|477|555|0|1.224000|-1.266001|3.585001
0|478|555|0|1.795000|1.806999|3.062000
0|479|555|0|-3.113001|0.908001|0.848000
0|480|555|0|-1.833000|2.731001|1.240000
0|481|555|0|-2.269001|1.863001|0.484999
0|482|555|0|-1.848001|1.828001|-0.985001
0|483|555|0|-1.727000|0.439001|-1.393002
0|484|555|0|-1.333000|0.070002|2.554998
0|485|555|0|-0.688001|-2.514999|2.164000
0|486|555|0|0.417000|-1.618000|2.726999
0|487|555|0|-0.169001|-0.337000|3.324999
0|488|555|0|3.127999|1.086000|-2.223001
0|489|555|0|3.160999|1.209002|0.445999
0|490|555|0|1.957000|2.529001|2.063999
0|491|555|0|0.988000|1.455000|2.203999
0|492|555|0|0.898000|0.760000|3.327999
0|493|555|0|-2.172000|2.440001|0.868000
0|494|555|0|3.318000|-0.902000|-0.951000
0|495|555|0|3.620000|-0.287001|0.361000
0|496|555|0|2.862000|0.402000|-0.932001
0|497|555|0|3.390000|-1.384000|1.118000
0|498|555|0|3.164000|1.017000|0.379999
0|499|555|0|3.698999|1.410000|-0.503000
0|500|555|0|1.801000|0.493999|-3.040000
0|501|555|0|1.881000|3.162000|0.347000
0|502|555|0|2.409000|1.375999|2.397001
0|503|555|0|0.908999|3.720000|-0.680000
0|504|555|0|1.437000|1.934000|1.370001
0|505|555|0|2.161000|0.967000|2.308001
0|506|555|0|-1.330000|0.737000|-3.514999
0|507|555|0|1.314000|-0.799000|-2.406000
0|508|555|0|2.710000|-0.872000|-1.920000
0|509|555|0|1.394000|1.869000|0.981000
0|510|555|0|2.400000|1.983001|-1.707000
0|511|555|0|1.922000|0.083000|3.031001
0|512|555|0|0.324000|3.163001|-1.953000
0|513|555|0|1.696000|2.484000|2.293000
0|514|555|0|2.231999|1.528999|-2.013000
0|515|555|0|-1.386001|0.469000|2.241001
0|516|555|0|0.394000|-0.368999|3.948000
0|517|555|0|-1.749999|-1.010000|3.200001
0|518|555|0|-1.265000|-0.920000|1.833000
0|519|555|0|0.515000|-1.757999|3.539999
0|520|555|0|-2.500999|-2.024000|1.832001
0|521|555|0|-1.328999|-1.045000|1.730001
0|522|555|0|-0.844000|-0.955000|0.363001
0|523|555|0|0.936001|-1.792999|2.070000
0|524|555|0|-0.192999|-1.450001|2.671001
0|525|555|0|3.257001|-0.408001|1.719000
0|526|555|0|-1.764999|-1.913000|0.975000
0|527|555|0|-1.280001|-1.823000|-0.392000
0|528|555|0|0.500000|-2.660999|1.314999
0|529|555|0|-0.795000|-2.309999|3.135000
0|530|555|0|-0.629000|-2.318001|1.916000
0|531|555|0|3.790000|-0.202000|0.823999
0|532|555|0|2.821000|-1.276001|0.963999
0|533|555|0|2.731000|-1.971001|2.087999
0|534|555|0|-0.288000|-1.688000|2.725000
0|535|555|0|1.780001|-0.837999|1.706999
0|536|555|0|2.264999|-0.747999|0.339998
0|537|555|0|3.428999|-1.155001|1.109999
0|538|555|0|0.625999|-3.366999|0.301998
0|539|555|0|1.129000|-0.342999|-0.601002
0|540|555|0|1.773999|-2.927999|-0.992001
0|541|555|0|2.879000|-2.031000|-0.429001
0|542|555|0|2.292999|-0.750000|0.168999
0|543|555|0|3.450000|1.042000|-0.952002
0|544|555|0|3.360000|0.347000|0.171999
0|545|555|0|0.792000|-3.375000|-0.917002
0|546|555|0|1.295000|-0.351000|-1.820002
0|547|555|0|2.459000|-0.758001|-1.050001
0|548|555|0|3.526000|0.338999|-1.047001
0|549|555|0|1.607000|-3.474001|0.160000
0|550|555|0|3.437000|0.231001|0.237999
0|551|555|0|2.321000|1.384998|-0.351000
0|552|555|0|2.126000|2.866001|-1.261000
0|553|555|0|1.157001|1.792000|-1.121000
0|554|555|0|2.263000|0.449001|-2.882000
0|555|555|0|2.381000|1.244001|-1.829000
0|556|555|0|1.059000|1.769001|-1.264000
0|557|555|0|0.090000|0.695000|-1.124001
0|558|555|0|1.681000|1.057001|-2.822001
0|559|555|0|0.359000|1.582001|-2.257000
0|560|555|0|-0.610000|0.507999|-2.117001
0|561|555|0|2.751000|1.375000|-2.306000
0|562|555|0|0.571000|3.073000|-0.523001
0|563|555|0|2.172999|-0.245998|-1.757999
0|564|555|0|1.204000|-1.320000|-1.618000
0|565|555|0|2.375999|-1.893000|-2.259001
0|566|555|0|-0.151000|-0.918001|-3.722000
0|567|555|0|-0.118000|-0.795000|-1.052999
0|568|555|0|1.350000|-2.767000|-1.151999
0|569|555|0|0.849000|-1.418001|-3.209999
0|570|555|0|1.054000|-1.368000|-1.694000
0|571|555|0|-1.188001|-1.112999|-1.569000
0|572|555|0|0.280000|-3.084999|-1.667999
0|573|555|0|-0.016001|-1.685999|-2.210001
0|574|555|0|1.931001|-1.231001|-2.832001
0|575|555|0|0.697001|-0.781000|-3.636999
0|576|555|0|0.759001|-0.658001|-2.191000
0|577|555|0|1.869000|-2.921999|-1.958000
0|578|555|0|1.068000|-2.192999|-2.540000
0|579|555|0|0.902000|-0.730999|-2.121000
0|580|555|0|0.964001|-0.608000|-0.675001
0|581|555|0|1.563001|1.671000|-2.638000
0|582|555|0|3.066000|0.086000|-1.826000
0|583|555|0|1.962000|0.197001|-2.720000
0|584|555|0|2.068000|-2.692999|-2.027999
0|585|555|0|1.902000|-1.230999|-1.608999
0|586|555|0|1.964001|-1.108000|-0.163000
0|587|555|0|2.563001|1.171000|-2.125999
0|588|555|0|2.962000|-0.302999|-2.207999
0|589|555|0|0.463000|0.740999|-2.733002
0|590|555|0|1.221000|-3.269001|-1.863001
0|591|555|0|0.688000|-3.803999|-0.622999
0|592|555|0|0.062000|-1.127998|-3.660999
0|593|555|0|-0.842999|1.186001|-2.378000
0|594|555|0|-0.085000|-2.823999|-1.507999
0|595|555|0|3.525000|0.513000|-1.195999
0|596|555|0|-0.666000|-1.969000|-2.872999
0|597|555|0|0.614000|-0.356001|-3.693000
0|598|555|0|-0.552000|-3.208000|-1.930000
0|599|555|0|-0.604000|-1.846001|-1.427000
0|600|555|0|0.352000|-3.040001|1.422999
0|601|555|0|1.358000|-2.926001|-1.265000
0|602|555|0|0.448001|1.105999|-3.274000
0|603|555|0|1.143001|-1.525002|-3.027000
0|604|555|0|-1.629000|-1.804001|-2.739000
0|605|555|0|0.705000|-2.123001|-1.929001
0|606|555|0|-0.717999|-1.746000|-1.511001
0|607|555|0|-0.770000|-0.384001|-1.008000
0|608|555|0|0.654000|-2.425001|2.735000
0|609|555|0|3.747000|-0.056002|0.776999
0|610|555|0|3.182001|-1.214001|-1.309000
0|611|555|0|-0.449000|-2.311001|0.841000
0|612|555|0|0.557000|-2.197001|-1.847000
0|613|555|0|0.342000|-0.796001|-3.609000
0|614|555|0|-0.096000|-1.394001|-2.511001
0|615|555|0|-1.519000|-1.017000|-2.093000
0|616|555|0|-1.571000|0.344999|-1.590000
0|617|555|0|-0.147000|-1.696001|2.153000
0|618|555|0|2.004000|-2.296001|0.366000
0|619|555|0|3.093000|-1.875000|-0.024000
0|620|555|0|2.946000|0.672998|0.195000
0|621|555|0|3.238000|-0.519001|-0.718000
0|622|555|0|2.381000|-0.485001|-1.891000
0|623|555|0|-0.446000|-1.284000|-3.094000
0|624|555|0|-1.664000|-2.774000|-0.828000
0|625|555|0|2.853000|-2.446001|0.957000
0|626|555|0|2.854000|-1.959000|1.051001
0|627|555|0|1.749000|-2.335001|0.063000
0|628|555|0|2.266000|-1.367001|2.333000
0|629|555|0|1.122000|-2.656000|2.431000
0|630|555|0|1.218000|1.490000|-2.266000
0|631|555|0|1.913000|-1.141001|-2.019000
0|632|555|0|1.070000|-1.294001|2.934000
0|633|555|0|1.166000|2.851999|-1.763000
0|634|555|0|1.861000|0.220999|-1.516000
0|635|555|0|3.195000|-0.042000|-2.030000
0|636|555|0|3.900000|0.532000|0.202001
0|637|555|0|-0.433000|-3.585000|-0.035000
0|638|555|0|0.963000|-3.658000|0.451000
0|639|555|0|-0.353000|-0.917000|3.352000
0|640|555|0|-0.256999|3.229000|-1.344999
0|641|555|0|0.438000|0.598000|-1.098000
0|642|555|0|1.942000|-3.344000|-0.681999
0|643|555|0|3.751000|-0.532999|-0.566999
0|644|555|0|2.100000|-0.902000|2.877001
0|645|555|0|2.025000|2.818001|-1.969000
0|646|555|0|2.210000|1.430000|-2.585999
0|647|555|0|2.767000|0.197001|-0.457999
0|648|555|0|1.772000|0.335001|-1.612000
0|649|555|0|3.334000|0.875000|1.793000
0|650|555|0|2.477000|0.909000|0.620001
0|651|555|0|-1.086000|-2.782001|-0.699000
0|652|555|0|0.310000|-2.855000|-0.213000
0|653|555|0|-1.006000|-0.114000|2.688000
0|654|555|0|-0.215000|1.400999|-1.762000
0|655|555|0|1.289000|-2.541000|-1.346000
0|656|555|0|3.098000|0.270000|-1.231000
0|657|555|0|1.447000|-0.099001|2.213000
0|658|555|0|2.536000|0.322001|1.823000
0|659|555|0|2.114000|1.000000|-1.122000
0|660|555|0|1.119000|1.138000|-2.276000
0|661|555|0|2.681000|1.677999|1.129000
0|662|555|0|1.824000|1.712000|-0.044000
0|663|555|0|2.077001|2.910000|-0.535000
0|664|555|0|2.772000|0.278999|-0.288000
0|665|555|0|1.859000|-2.568000|1.520000
0|666|555|0|2.730000|1.615000|0.457000
0|667|555|0|2.644000|-1.536000|1.108999
0|668|555|0|2.425000|0.229000|-2.124000
0|669|555|0|1.037000|-2.413001|2.592000
0|670|555|0|1.908000|1.769999|1.529000
0|671|555|0|3.242000|1.507000|1.015000
0|672|555|0|1.375999|-3.201000|0.075000
0|673|555|0|2.605000|-0.296000|1.799999
0|674|555|0|2.385000|1.469001|-1.434000
0|675|555|0|0.997000|-1.173000|3.282000
0|676|555|0|0.552999|-3.045000|1.147000
0|677|555|0|1.802000|-2.939000|0.269000
0|678|555|0|1.782000|-0.140000|2.872000
0|679|555|0|0.517000|-1.540998|-3.653000
0|680|555|0|2.039000|0.311001|1.718000
0|681|555|0|-0.817000|-1.278000|-3.139000
0|682|555|0|0.620000|-1.203001|-3.661000
0|683|555|0|0.170000|-3.679001|0.930000
0|684|555|0|3.364000|1.934999|0.330000
0|685|555|0|1.562000|0.539999|3.405000
0|686|555|0|0.705000|0.573999|2.232000
0|687|555|0|-0.825000|-3.541000|-0.224000
0|688|555|0|0.616000|-3.831000|0.198999
0|689|555|0|1.554000|-1.359001|3.091000
0|690|555|0|-0.667000|-1.099001|3.335000
0|691|555|0|0.422000|-0.677999|2.945000
0|692|555|0|2.369000|2.073000|-0.824000
0|693|555|0|0.275000|1.869999|3.164000
0|694|555|0|0.567000|0.677999|2.250999
0|695|555|0|-0.290000|0.712000|1.078000
0|696|555|0|3.004000|-2.390000|-0.606000
0|697|555|0|-1.809000|-2.811001|-0.115000
0|698|555|0|-0.368000|-3.101001|0.308000
0|699|555|0|0.481000|-3.527000|-0.891000
0|700|555|0|1.938000|-3.095001|-0.713000
0|701|555|0|0.570000|-0.629002|3.200000
0|702|555|0|-1.651000|-0.369001|3.444000
0|703|555|0|-0.562000|0.052000|3.054000
0|704|555|0|1.385000|2.802999|-0.715000
0|705|555|0|-0.417000|1.407999|2.360000
0|706|555|0|-1.274000|1.441999|1.187000
0|707|555|0|2.020000|-1.660001|-0.497000
0|708|555|0|3.093000|-1.113001|0.055000
0|709|555|0|2.474000|2.480000|-1.213000
0|710|555|0|2.957000|1.028999|-1.178000
0|711|555|0|3.034000|0.407000|0.217999
0|712|555|0|-1.255000|-2.372999|-2.165000
0|713|555|0|0.182000|-2.298000|-2.687000
0|714|555|0|2.926000|0.840000|1.304000
0|715|555|0|0.267000|-0.521000|3.206000
0|716|555|0|3.111000|-0.548000|0.687000
0|717|555|0|0.452000|-1.909000|2.589001
0|718|555|0|0.093000|1.116001|-3.146000
0|719|555|0|-0.304000|2.197001|-2.155000
0|720|555|0|-1.652000|1.817001|-1.566000
0|721|555|0|-2.202000|0.716002|-2.458000
0|722|555|0|-1.048000|0.206001|-3.179000
0|723|555|0|1.844000|-2.071001|2.013000
0|724|555|0|2.659000|1.361000|-1.902000
0|725|555|0|1.016000|-3.346000|1.481001
0|726|555|0|0.987000|-2.037001|0.840000
0|727|555|0|1.802000|1.395000|-3.075000
0|728|555|0|-3.542000|-0.436001|0.865000
0|729|555|0|-3.240000|0.178999|2.177000
0|730|555|0|1.161000|-1.990001|0.787001
0|731|555|0|1.132000|-0.681002|0.146000
0|732|555|0|-0.223000|-2.854001|2.577000
0|733|555|0|1.010000|-0.995001|2.947001
0|734|555|0|0.631000|-1.909000|2.215000
0|735|555|0|2.585000|-2.549001|0.790001
0|736|555|0|-1.137000|-2.756000|-2.426001
0|737|555|0|-2.453000|-0.014999|0.474999
0|738|555|0|-1.378000|-0.379999|2.672000
0|739|555|0|-1.925000|-1.801000|2.525001
0|740|555|0|-2.151000|0.600000|1.787000
0|741|555|0|2.250000|-1.568999|0.397000
0|742|555|0|2.221000|-0.260000|-0.244000
0|743|555|0|0.866000|-2.433000|2.186999
0|744|555|0|2.099000|-0.573999|2.557000
0|745|555|0|1.720000|-1.487999|1.825000
0|746|555|0|1.279000|-3.229000|-0.073000
0|747|555|0|0.174000|-3.605001|-1.061001
0|748|555|0|-0.706000|-3.717000|-0.706999
0|749|555|0|-0.735000|-2.408001|-1.348000
0|750|555|0|-0.857000|-2.722000|1.453001
0|751|555|0|-1.236000|-3.636000|0.721001
0|752|555|0|1.824000|-3.484000|0.508001
0|753|555|0|2.171000|-1.599001|-1.594999
0|754|555|0|3.024000|-1.075001|-2.308999
0|755|555|0|3.163000|-0.521000|2.280001
0|756|555|0|2.189000|-0.090000|3.069000
0|757|555|0|1.050000|-1.087000|3.291000
0|758|555|0|-0.938000|-2.471999|-2.892000
0|759|555|0|-1.355000|-2.172999|2.431000
0|760|555|0|2.906000|0.809000|-0.247000
0|761|555|0|-0.967000|-1.163000|-3.533001
0|762|555|0|-1.954000|-0.887000|3.126999
0|763|555|0|-1.384000|-0.864000|1.789999
0|764|555|0|2.877000|2.117999|-0.888000
0|765|555|0|-3.098000|1.108000|0.847000
0|766|555|0|-3.645000|-0.313001|0.700001
0|767|555|0|-2.921000|-1.280001|1.638000
0|768|555|0|0.662000|-2.025001|2.281000
0|769|555|0|-0.628000|-1.939000|2.572001
0|770|555|0|-1.424000|-0.968000|1.698999
0|771|555|0|-0.854000|-0.945001|0.362000
0|772|555|0|-3.477000|0.194000|0.115000
0|773|555|0|0.283000|-2.939000|1.549000
0|774|555|0|-1.007000|-2.853000|1.840000
0|775|555|0|-1.803000|-1.882000|0.966999
0|776|555|0|-1.233000|-1.859000|-0.370001
0|777|555|0|1.035000|2.004999|3.039999
0|778|555|0|2.462000|0.306999|2.032999
0|779|555|0|1.907000|1.635000|1.837999
0|780|555|0|-2.808000|-0.305000|1.786999
0|781|555|0|2.617000|-1.931000|0.316000
0|782|555|0|2.742000|-1.507000|-1.460001
0|783|555|0|0.912000|-3.063000|-2.031001
0|784|555|0|3.661000|0.158000|0.481998
0|785|555|0|1.453000|2.676999|-0.891001
0|786|555|0|1.511000|-2.723000|-0.896000
0|787|555|0|1.636000|-2.299000|-2.672001
0|788|555|0|2.555000|-0.634000|-0.730001
0|789|555|0|-0.219000|1.068999|2.977999
0|790|555|0|2.787000|-0.153000|1.560999
0|791|555|0|0.787000|0.865001|3.813999
0|792|555|0|0.261000|-1.437000|3.296000
0|793|555|0|0.347000|1.884999|-2.103001
0|794|555|0|1.200000|2.408999|-2.817000
0|795|555|0|2.405000|2.904000|-0.762001
0|796|555|0|1.339000|2.963000|1.771999
0|797|555|0|-0.774000|2.397000|2.782999
0|798|555|0|1.516000|-1.080000|1.919001
0|799|555|0|2.965000|-1.941000|1.329000
0|800|555|0|2.086000|-1.057000|0.582001
0|801|555|0|1.857000|-3.145000|-0.783001
0|802|555|0|2.169000|-0.970000|0.455999
0|803|555|0|1.290000|-0.086000|-0.291000
0|804|555|0|2.818000|-1.994000|-0.477001
0|805|555|0|3.176000|-0.132000|1.246000
0|806|555|0|2.413000|-2.510000|-1.677999
0|807|555|0|2.725000|-0.335000|-0.438999
0|808|555|0|1.846000|0.549000|-1.185999
0|809|555|0|3.374000|-1.359000|-1.372000
0|810|555|0|3.732000|0.503000|0.351002
0|811|555|0|3.583000|-0.745000|0.643000
0|812|555|0|2.179000|3.245999|0.483999
0|813|555|0|2.659000|0.740000|0.802000
0|814|555|0|2.782000|2.476000|0.672001
0|815|555|0|1.780000|1.624000|0.055000
0|816|555|0|0.293000|3.291999|-1.053001
0|817|555|0|3.152000|1.443999|-0.756001
0|818|555|0|1.299000|3.088000|-0.217001
0|819|555|0|1.775000|1.638000|-0.118000
0|820|555|0|0.773000|0.785999|-0.735001
0|821|555|0|3.098000|1.525000|-1.982000
0|822|555|0|1.245000|3.169001|-1.443001
0|823|555|0|1.721000|1.719000|-1.344000
0|824|555|0|0.719000|0.867000|-1.961000
0|825|555|0|1.131000|2.648000|0.988001
0|826|555|0|2.430000|-0.071000|-2.696999
0|827|555|0|-0.197000|3.148000|0.415001
0|828|555|0|-0.480000|2.506000|-0.318001
0|829|555|0|-1.482000|1.653999|-0.935001
0|830|555|0|-2.037000|2.982000|-1.130001
0|831|555|0|-2.433000|1.901999|0.171000
0|832|555|0|-1.006000|0.203999|-0.836000
0|833|555|0|0.552000|2.098000|-2.042000
0|834|555|0|-0.448000|3.636999|-0.719999
0|835|555|0|-0.422000|2.528999|-1.253000
0|836|555|0|-1.561000|1.532000|-1.031000
0|837|555|0|-2.974000|1.021000|-0.496000
0|838|555|0|-1.547000|-0.677000|-1.503000
0|839|555|0|1.158000|2.058001|-3.007999
0|840|555|0|0.011000|1.217001|-2.709000
0|841|555|0|-0.989000|2.756001|-1.386999
0|842|555|0|-0.963000|1.648001|-1.920000
0|843|555|0|-2.102000|0.651001|-1.698000
0|844|555|0|2.438000|1.473001|-2.407999
0|845|555|0|-2.859000|1.848000|-0.297001
0|846|555|0|0.073000|-2.787000|-2.011999
0|847|555|0|-1.276000|-2.570000|-2.456999
0|848|555|0|-0.232000|-0.481000|-2.291000
0|849|555|0|-3.006000|1.221999|1.417000
0|850|555|0|-0.382000|3.057000|-2.323000
0|851|555|0|-0.301000|3.957000|-0.087999
0|852|555|0|-1.448000|3.116000|0.211000
0|853|555|0|0.979000|3.372001|0.512001
0|854|555|0|1.558000|1.894001|-1.205999
0|855|555|0|3.260000|1.407000|-1.309999
0|856|555|0|2.113000|0.566000|-1.011000
0|857|555|0|2.040000|-0.490000|-3.323000
0|858|555|0|2.261000|0.598000|-2.600000
0|859|555|0|2.121000|0.410000|-1.087999
0|860|555|0|0.974000|-0.431000|-0.789000
0|861|555|0|3.401000|-0.174999|-0.487999
0|862|555|0|2.287000|-0.510000|-3.133001
0|863|555|0|2.147000|-0.698000|-1.621000
0|864|555|0|1.000000|-1.539000|-1.322001
0|865|555|0|3.427000|-1.282999|-1.021000
0|866|555|0|2.985000|0.196001|-2.212999
0|867|555|0|1.066000|-0.059000|-2.534000
0|868|555|0|0.016000|-0.868000|-3.684000
0|869|555|0|-0.081000|-0.900000|-2.235001
0|870|555|0|2.505000|-0.787001|-2.427999
0|871|555|0|-2.279000|-2.107000|-2.063999
0|872|555|0|-1.426000|-1.583000|-2.777999
0|873|555|0|-0.124000|-1.056000|-2.171999
0|874|555|0|-0.221000|-1.087999|-0.723000
0|875|555|0|2.365000|-0.975000|-0.915998
0|876|555|0|2.208000|-1.894999|-1.702000
0|877|555|0|1.021000|-1.941999|-2.667000
0|878|555|0|-1.722000|-2.682001|-2.311000
0|879|555|0|-0.420000|-2.155001|-1.705000
0|880|555|0|-0.517000|-2.187000|-0.256001
0|881|555|0|2.069000|-2.074001|-0.448999
0|882|555|0|1.912000|-2.993999|-1.235001
0|883|555|0|0.725000|-3.041000|-2.200001
0|884|555|0|-1.361000|-0.315001|-2.835001
0|885|555|0|1.225000|-0.202002|-3.028000
0|886|555|0|-2.508000|-1.326000|-2.771999
0|887|555|0|0.078000|-1.213001|-2.964998
0|888|555|0|0.150000|-3.538000|0.032000
0|889|555|0|-1.316000|-0.337999|-3.366000
0|890|555|0|0.053000|-3.570000|1.480999
0|891|555|0|-2.597000|-0.823999|-2.627001
0|892|555|0|-1.413000|-0.369999|-1.917001
0|893|555|0|-0.245000|-2.445999|-1.815001
0|894|555|0|-1.236000|-1.816999|-2.184000
0|895|555|0|1.355000|-3.042999|2.086999
0|896|555|0|-1.372000|0.325001|-3.417001
0|897|555|0|-1.295000|-0.296999|-2.021001
0|898|555|0|-0.111000|0.157001|-1.311001
0|899|555|0|0.608000|-1.921999|-2.529000
0|900|555|0|-0.383000|-1.292999|-2.898000
0|901|555|0|2.208000|-2.518999|1.372999
0|902|555|0|-0.442000|0.227001|-2.735001
0|903|555|0|0.742000|0.681002|-2.025001
0|904|555|0|-2.692000|-2.087000|-1.926000
0|905|555|0|-1.092000|-2.684000|1.976000
0|906|555|0|-2.558000|0.516001|-1.422000
0|907|555|0|-2.279000|-2.731001|1.011000
0|908|555|0|-3.102000|-1.691999|1.115000
0|909|555|0|-2.198000|-2.521001|-1.424999
0|910|555|0|-1.096000|-3.502001|-0.931000
0|911|555|0|-1.014000|-2.067000|-0.714999
0|912|555|0|-3.461000|-1.988000|0.252999
0|913|555|0|-2.612000|-2.414000|-0.946000
0|914|555|0|-1.155000|-1.982000|-0.768001
0|915|555|0|0.702000|-3.129000|-1.768001
0|916|555|0|0.867000|0.539000|-3.821000
0|917|555|0|-0.580000|-1.831000|-3.104000
0|918|555|0|-0.250000|-2.370000|-1.939000
0|919|555|0|-1.073000|-0.547000|-0.552000
0|920|555|0|-2.146000|-1.353001|-1.137000
0|921|555|0|-0.289000|-2.500000|-2.137000
0|922|555|0|0.681000|-2.262000|1.960000
0|923|555|0|0.170000|-3.343000|1.005000
0|924|555|0|-1.571000|-1.202001|-3.473000
0|925|555|0|-1.241000|-1.741000|-2.308000
0|926|555|0|-2.064000|0.082000|-0.921000
0|927|555|0|1.003000|-1.603001|-2.587999
0|928|555|0|-0.937000|-2.689000|0.681001
0|929|555|0|1.940000|1.085999|-3.269000
0|930|555|0|0.493000|-1.284000|-2.552000
0|931|555|0|0.264000|-2.674999|0.397000
0|932|555|0|2.316000|-1.990000|2.142000
0|933|555|0|0.997000|-2.464999|2.526000
0|934|555|0|0.087000|-2.764999|1.610001
0|935|555|0|1.345000|-0.129000|-3.535000
0|936|555|0|0.575000|0.151000|-2.335999
0|937|555|0|-0.643000|-1.885000|-2.161000
0|938|555|0|1.325000|-1.780000|-3.271000
0|939|555|0|0.413000|-1.245000|-2.643000
0|940|555|0|-0.641000|-2.287000|1.568000
0|941|555|0|1.411000|-1.602000|3.313000
0|942|555|0|-0.818000|-2.377000|2.781000
0|943|555|0|1.117000|2.908999|-1.882000
0|944|555|0|2.142000|2.192000|-2.198000
0|945|555|0|1.901000|0.681000|-2.192000
0|946|555|0|0.440000|0.259000|-2.364000
0|947|555|0|-0.330000|0.539000|-1.165000
0|948|555|0|-0.849000|-3.317000|-1.547999
0|949|555|0|-1.753000|-2.558001|-2.521999
0|950|555|0|-1.595000|-1.126000|-2.332000
0|951|555|0|0.373000|-1.021000|-3.442000
0|952|555|0|-0.539000|-0.486000|-2.814000
0|953|555|0|1.876000|-2.325000|1.876000
0|954|555|0|-1.593000|-1.528000|1.397000
0|955|555|0|-1.572000|-3.592000|-0.229000
0|956|555|0|1.403000|-2.045000|3.082000
0|957|555|0|0.459000|-0.843000|3.142000
0|958|555|0|-0.860000|-1.318000|3.526000
0|959|555|0|-1.770000|-1.618000|2.610001
0|960|555|0|1.190000|2.951000|-2.368999
0|961|555|0|0.949000|1.440000|-2.363000
0|962|555|0|-0.512000|1.018000|-2.535000
0|963|555|0|-1.282000|1.297999|-1.335999
0|964|555|0|-0.755000|-3.038000|1.274000
0|965|555|0|0.204000|-2.820001|2.344000
0|966|555|0|1.721000|-2.243000|0.575000
0|967|555|0|1.544000|-2.333000|1.788000
0|968|555|0|2.032000|0.582999|-2.158000
0|969|555|0|-2.531000|-2.660000|-1.524000
0|970|555|0|0.094000|-3.464000|0.075001
0|971|555|0|-1.168000|-3.767000|0.342000
0|972|555|0|1.053000|-3.246000|1.145000
0|973|555|0|2.570000|-2.669000|-0.624000
0|974|555|0|2.393000|-2.759000|0.589001
0|975|555|0|-1.090000|-2.950000|-1.101001
0|976|555|0|-0.111000|-2.636000|-2.234000
0|977|555|0|1.252000|-3.743000|-0.368000
0|978|555|0|-1.229000|-2.905000|-1.724999
0|979|555|0|0.020000|-2.799000|-2.603000
0|980|555|0|1.285000|-2.709000|-1.748000
0|981|555|0|-3.095000|1.338000|-1.310000
0|982|555|0|-0.313000|-2.424000|-0.996000
0|983|555|0|-0.311000|-2.825999|2.733000
0|984|555|0|-1.241000|-3.576000|0.013000
0|985|555|0|-1.083000|-2.144000|0.203000
0|986|555|0|-0.595000|-0.146000|-2.960000
0|987|555|0|-3.508000|-1.607000|0.824000
0|988|555|0|-2.691000|-2.441000|0.437000
0|989|555|0|-0.439000|-1.157001|-3.553000
0|990|555|0|-0.310000|-2.831000|1.266000
0|991|555|0|-1.214000|-2.072001|0.292000
0|992|555|0|-1.056000|-0.640000|0.482000
0|993|555|0|-0.568000|1.358000|-2.681000
0|994|555|0|-0.711000|-3.596001|1.267000
0|995|555|0|-1.351000|-0.622001|-2.925000
0|996|555|0|-0.259000|-1.026000|-3.558000
0|997|555|0|0.666000|-1.930000|-2.740000
0|998|555|0|-1.222000|-2.296000|1.894001
0|999|555|0|-2.126000|-1.537001|0.920001
0|1000|555|0|-1.968000|-0.105000|1.110000
0|1001|555|0|-1.480000|1.893000|-2.053000
0|1002|555|0|-2.544000|-2.566000|0.031000
0|1003|555|0|-2.056000|-0.568000|-3.132000
0|1004|555|0|-1.934000|-3.052000|-0.364000
0|1005|555|0|-2.282000|-0.004000|-3.105000
0|1006|555|0|0.002000|-0.401999|3.729000
0|1007|555|0|0.488000|1.998000|-3.163000
0|1008|555|0|-3.141000|-2.110000|-0.084001
0|1009|555|0|-1.776000|-1.620000|-0.174001
0|1010|555|0|-2.124000|1.428000|-2.915000
0|1011|555|0|0.622000|-2.046000|-2.965001
0|1012|555|0|-2.479000|-1.281000|-1.440000
0|1013|555|0|-1.645000|-3.259000|-0.042000
0|1014|555|0|-1.664000|-1.741000|-0.229000
0|1015|555|0|-0.299000|-1.251000|-0.319000
0|1016|555|0|-0.647000|1.797000|-3.060000
0|1017|555|0|-3.817000|-0.669000|0.631000
0|1018|555|0|-2.647000|0.574000|2.487000
0|1019|555|0|-2.173000|-0.734000|3.124000
0|1020|555|0|-1.662000|-2.115000|-1.827000
0|1021|555|0|-0.847000|-2.575000|-0.616000
0|1022|555|0|0.518000|-2.085000|-0.706000
0|1023|555|0|0.170000|0.963000|-3.447000
0|1024|555|0|-2.680000|-0.861000|-1.148001
0|1025|555|0|2.944000|-0.222000|0.993000
0|1026|555|0|-0.744000|1.789001|2.945000
0|1027|555|0|-1.957000|-0.586000|-2.467000
0|1028|555|0|-0.682000|-0.882000|3.278000
0|1029|555|0|-2.497000|1.269000|2.325001
0|1030|555|0|3.667000|0.052999|-0.325999
0|1031|555|0|-0.021000|2.064000|1.626000
0|1032|555|0|-0.198000|1.974000|2.839001
0|1033|555|0|-3.191000|0.439000|-0.521000
0|1034|555|0|-0.793000|0.013000|-3.312000
0|1035|555|0|2.433000|1.078000|1.620001
0|1036|555|0|-2.270000|-2.482000|1.100000
0|1037|555|0|2.398000|-0.426000|-2.791000
0|1038|555|0|-1.591000|-0.873000|3.201000
0|1039|555|0|-2.970000|1.906000|1.247000
0|1040|555|0|-1.005000|-3.416000|1.283000
0|1041|555|0|-0.905000|-1.992000|1.010000
0|1042|555|0|-3.317000|-1.892000|0.382999
0|1043|555|0|-2.232000|-2.472000|0.352000
0|1044|555|0|-1.610000|0.645000|3.014000
0|1045|555|0|-1.051000|-2.154000|2.604000
0|1046|555|0|-1.024000|-1.898000|1.096000
0|1047|555|0|-0.924000|-0.474000|0.823000
0|1048|555|0|0.178000|-1.548000|3.285000
0|1049|555|0|-3.062000|-1.780000|0.940001
0|1050|555|0|1.987000|-2.457000|-1.899000
0|1051|555|0|-0.459000|-3.458000|-1.039000
0|1052|555|0|0.612000|-1.646000|3.527000
0|1053|555|0|-1.881000|-1.462000|3.192000
0|1054|555|0|-1.854000|-1.206000|1.684000
0|1055|555|0|-1.754000|0.218000|1.411000
0|1056|555|0|-2.155000|1.446000|2.458000
0|1057|555|0|-0.090000|-2.452000|2.221000
0|1058|555|0|1.832000|3.078000|-1.620000
0|1059|555|0|-1.075000|-3.273000|1.753000
0|1060|555|0|-0.747000|2.043000|2.430000
0|1061|555|0|1.318000|-1.855000|2.193000
0|1062|555|0|0.141000|1.404000|3.499000
0|1063|555|0|-0.395000|-2.552999|2.713000
0|1064|555|0|2.440000|1.666000|2.625000
0|1065|555|0|-1.080000|-3.129000|-1.120000
0|1066|555|0|-0.686000|1.119000|2.191000
0|1067|555|0|-1.584000|1.713000|2.785000
0|1068|555|0|-3.375000|0.199000|2.117000
0|1069|555|0|-2.037000|-2.364000|-2.143000
0|1070|555|0|-0.980000|-1.705000|-1.393000
0|1071|555|0|-0.586000|2.543000|1.918000
0|1072|555|0|1.395000|-2.252000|-2.723000
0|1073|555|0|-3.316000|0.285000|1.104000
0|1074|555|0|0.236000|-3.835000|-0.729001
0|1075|555|0|-1.651000|-0.298000|-3.259000
0|1076|555|0|-0.729000|-1.462000|-2.890000
0|1077|555|0|-0.782000|-3.301000|-1.166000
0|1078|555|0|-0.829000|-1.790000|-1.399000
0|1079|555|0|0.228000|-1.131000|-0.649000
0|1080|555|0|-2.067000|2.197000|2.587999
0|1081|555|0|2.603000|-1.678000|-1.979001
0|1082|555|0|-2.230000|-3.275000|0.318001
0|1083|555|0|-2.231000|-0.295000|1.073001
0|1084|555|0|-3.210000|-1.183000|1.157001
0|1085|555|0|-2.070999|2.010000|1.913000
0|1086|555|0|-2.507000|1.097000|0.765000
0|1087|555|0|-0.566000|-0.878000|-3.289999
0|1088|555|0|0.356001|-2.042000|-2.921000
0|1089|555|0|0.256001|-2.370000|-1.429999
0|1090|555|0|1.313000|-1.711000|-0.679999
0|1091|555|0|-0.981999|1.617000|2.557000
0|1092|555|0|-0.953000|-1.449000|-2.901000
0|1093|555|0|-0.151000|-0.883000|3.580999
0|1094|555|0|-0.559000|2.799000|0.410000
0|1095|555|0|-1.457000|3.393000|1.004000
0|1096|555|0|-3.248000|1.879000|0.335999
0|1097|555|0|-1.380000|-1.489000|2.900000
0|1098|555|0|-1.788000|2.193000|-0.271000
0|1099|555|0|-2.686000|2.787000|0.323000
0|1100|555|0|0.614000|1.451000|3.111000
0|1101|555|0|-0.810000|0.045000|-3.201000
0|1102|555|0|-0.008000|0.611000|3.280999
0|1103|555|0|1.768000|-2.206000|-1.587001
0|1104|555|0|0.249000|-1.196000|3.412999
0|1105|555|0|-0.868000|-3.516000|-1.622001
0|1106|555|0|0.933000|-3.279000|0.792999
0|1107|555|0|-3.543000|-1.564000|0.998000
0|1108|555|0|-2.156000|-2.835000|-0.827000
0|1109|555|0|2.578000|-2.251000|1.613999
0|1110|555|0|2.375000|-0.547000|-1.330000
0|1111|555|0|2.877000|-0.972000|-2.369000
0|1112|555|0|-2.486000|-0.905000|1.748000
0|1113|555|0|-3.913000|0.058000|0.300000
0|1114|555|0|-2.968000|-0.697000|0.526000
0|1115|555|0|-2.259000|-1.468000|-0.589000
0|1116|555|0|-1.318000|-3.614000|0.052000
0|1117|555|0|-1.099000|-2.176000|-0.077000
0|1118|555|0|3.432000|0.112000|-0.580000
0|1119|555|0|-2.704000|-2.351000|-0.856000
0|1120|555|0|-3.179000|-1.033000|-1.447000
0|1121|555|0|-2.533000|0.606000|1.515000
0|1122|555|0|-3.015000|0.814000|0.293000
0|1123|555|0|-2.306000|0.043000|-0.822000
0|1124|555|0|-1.365000|-2.103000|-0.181000
0|1125|555|0|-1.146000|-0.665000|-0.310000
0|1126|555|0|2.819000|-1.017000|-1.846000
0|1127|555|0|2.828000|-2.760000|0.283000
0|1128|555|0|3.385000|1.623000|-0.813000
0|1129|555|0|-3.551000|1.140000|1.078001
0|1130|555|0|-3.324000|0.577000|-1.259000
0|1131|555|0|0.592000|-3.403000|-1.926000
0|1132|555|0|-2.383000|-1.569000|-0.618000
0|1133|555|0|-2.164000|-0.131000|-0.747000
0|1134|555|0|1.801000|-0.483000|-2.283000
0|1135|555|0|2.393000|-1.657000|-2.447000
0|1136|555|0|1.914000|-2.760000|-1.501000
0|1137|555|0|1.810000|-2.226000|-0.154000
0|1138|555|0|2.593000|-2.670000|0.818000
0|1139|555|0|2.570000|0.453000|1.694000
0|1140|555|0|2.367000|-2.013000|2.182001
0|1141|555|0|2.156000|0.656000|-3.112000
0|1142|555|0|2.367000|2.157000|-1.250000
0|1143|555|0|-3.068001|-1.025000|2.017000
0|1144|555|0|-2.359000|-1.796000|0.902000
0|1145|555|0|-1.199000|-2.504000|1.414000
0|1146|555|0|2.765999|-2.856000|-0.122000
0|1147|555|0|3.120999|-1.717000|-0.951000
0|1148|555|0|3.331999|-0.216000|0.911000
0|1149|555|0|3.834000|-0.641000|-0.128000
0|1150|555|0|-2.146000|-2.189000|2.386000
0|1151|555|0|-1.436999|-2.960000|1.271000
0|1152|555|0|-1.275000|-2.783000|2.387000
0|1153|555|0|-0.401999|-1.707000|3.012000
0|1154|555|0|-1.387000|1.271000|1.825000
0|1155|555|0|-0.227000|0.563000|2.337000
0|1156|555|0|-0.793000|1.223000|3.506000
0|1157|555|0|0.482000|-0.208000|1.222000
0|1158|555|0|0.481000|2.772000|1.977000
0|1159|555|0|-1.689000|2.142000|1.893000
0|1160|555|0|-0.498000|1.884000|2.061000
0|1161|555|0|-0.084000|0.452000|2.391000
0|1162|555|0|0.925000|0.454000|3.540999
0|1163|555|0|1.427000|-0.963000|1.448000
0|1164|555|0|1.426000|2.017000|2.203001
0|1165|555|0|-0.744000|1.387000|2.119000
0|1166|555|0|0.447000|1.129000|2.287000
0|1167|555|0|0.861000|-0.303000|2.617000
0|1168|555|0|0.646000|1.639000|2.962000
0|1169|555|0|0.171000|2.957000|2.371000
0|1170|555|0|2.333000|-2.954000|0.118000
0|1171|555|0|-1.168000|2.709000|1.696001
0|1172|555|0|0.993999|-3.202000|-0.557000
0|1173|555|0|2.294000|-2.523000|-0.123000
0|1174|555|0|2.975000|-1.834000|-1.308000
0|1175|555|0|-0.001000|2.980000|0.755000
0|1176|555|0|0.565000|2.320000|-0.414000
0|1177|555|0|0.289000|3.712000|-0.722000
0|1178|555|0|0.979000|0.888000|-0.084000
0|1179|555|0|1.139001|3.193000|0.756000
0|1180|555|0|0.703000|2.280000|-0.392000
0|1181|555|0|2.228001|2.800000|1.400000
0|1182|555|0|2.170000|0.630000|0.084001
0|1183|555|0|2.330001|2.935000|0.924000
0|1184|555|0|1.894000|2.022000|-0.224000
0|1185|555|0|-0.444000|2.318000|-1.563999
0|1186|555|0|1.586000|1.109000|3.149000
0|1187|555|0|0.686000|-0.964000|3.796000
0|1188|555|0|0.127999|1.436000|-3.052999
0|1189|555|0|-0.431001|1.582000|2.742000
0|1190|555|0|-1.140000|2.655000|2.288000
0|1191|555|0|-0.349000|3.398000|1.524000
0|1192|555|0|2.158000|0.227000|1.660000
0|1193|555|0|1.257999|-1.846000|2.307000
0|1194|555|0|0.797000|1.667000|2.253000
0|1195|555|0|1.377000|3.348000|-1.569000
0|1196|555|0|0.880000|2.809000|1.476000
0|1197|555|0|2.144000|3.222000|0.761000
0|1198|555|0|1.249001|1.912000|1.483999
0|1199|555|0|2.054001|1.290000|2.905000
0|1200|555|0|1.525001|0.520000|1.792000
0|1201|555|0|-0.637000|-0.343000|3.737000
0|1202|555|0|3.777999|0.527000|0.718000
0|1203|555|0|2.880000|1.121000|1.312000
0|1204|555|0|1.618000|0.377000|1.757000
0|1205|555|0|1.089000|-0.393000|0.644000
0|1206|555|0|0.592000|-0.932000|3.689000
0|1207|555|0|1.856000|-0.519000|2.974000
0|1208|555|0|0.005000|-1.357000|3.467000
0|1209|555|0|3.522000|0.106999|1.042000
0|1210|555|0|2.260000|-0.637000|1.487000
0|1211|555|0|1.731000|-1.407000|0.374000
0|1212|555|0|2.498000|-1.533000|2.704000
0|1213|555|0|1.697000|3.339000|0.373000
0|1214|555|0|1.818000|2.803000|0.974000
0|1215|555|0|2.425000|2.863999|-0.500000
0|1216|555|0|1.289000|2.033000|-0.139000
0|1217|555|0|-1.825000|3.232000|-0.669000
0|1218|555|0|-0.481000|2.185000|-2.548000
0|1219|555|0|-0.576000|3.338000|-1.547000
0|1220|555|0|0.689000|3.428000|-0.692000
0|1221|555|0|1.163000|2.120000|-0.055000
0|1222|555|0|0.027000|1.289001|0.306000
0|1223|555|0|2.052000|2.321000|1.174000
0|1224|555|0|1.589000|2.200001|2.307000
0|1225|555|0|-1.379000|2.779000|-1.954000
0|1226|555|0|0.265000|2.714000|0.539000
0|1227|555|0|-0.871000|1.883000|0.900000
0|1228|555|0|1.154000|2.915000|1.768000
0|1229|555|0|0.014000|-2.995000|0.899000
0|1230|555|0|2.329999|-2.636000|0.915000
0|1231|555|0|0.339000|1.252000|3.629000
0|1232|555|0|1.112999|0.145000|3.783001
0|1233|555|0|0.476999|-1.246000|3.746000
0|1234|555|0|1.051000|2.929000|-1.356000
0|1235|555|0|1.278000|-2.582000|0.184000
0|1236|555|0|1.603000|1.665000|2.914000
0|1237|555|0|2.376999|0.558000|3.068001
0|1238|555|0|1.740999|-0.833000|3.031000
0|1239|555|0|1.361000|-1.440000|-0.593000
0|1240|555|0|0.460999|-3.513000|0.054000
0|1241|555|0|3.677000|-1.081000|-0.577001
0|1242|555|0|1.686000|2.807000|2.136999
0|1243|555|0|2.460000|1.700000|2.291000
0|1244|555|0|1.823999|0.309000|2.254000
0|1245|555|0|0.688001|-3.794000|1.053000
0|1246|555|0|2.589001|-1.355000|-1.082000
0|1247|555|0|1.689000|-3.428000|-0.434999
0|1248|555|0|3.052000|0.394000|1.765000
0|1249|555|0|3.287000|1.335000|0.601001
0|1250|555|0|2.151000|0.504001|0.962001
0|1251|555|0|3.110000|0.722000|2.032001
0|1252|555|0|3.077000|-1.848000|0.686000
0|1253|555|0|1.262000|0.303000|-0.266999
0|1254|555|0|2.432000|-0.783000|1.575000
0|1255|555|0|2.221000|0.521000|0.803000
0|1256|555|0|3.561000|1.008000|0.247001
0|1257|555|0|-0.342000|-1.168000|3.205999
0|1258|555|0|-1.683000|-1.298000|3.018999
0|1259|555|0|1.711000|-3.536000|0.481000
0|1260|555|0|3.540000|-1.727000|-0.447001
0|1261|555|0|1.725000|0.424000|-1.400000
0|1262|555|0|2.895000|-0.662001|0.441999
0|1263|555|0|2.684000|0.641999|-0.330000
0|1264|555|0|2.625000|-0.804000|1.599001
0|1265|555|0|3.209000|1.005000|1.429999
0|1266|555|0|3.569000|1.262000|-0.024000
0|1267|555|0|2.250000|0.787001|0.360000
0|1268|555|0|3.646000|-0.707000|-0.734000
0|1269|555|0|2.740000|1.856000|1.487000
0|1270|555|0|3.446000|-1.058001|1.492000
0|1271|555|0|3.173000|-0.427000|0.471999
0|1272|555|0|2.229000|0.775000|0.532000
0|1273|555|0|0.910000|0.300000|0.915999
0|1274|555|0|3.469000|-0.797000|0.479000
0|1275|555|0|2.996000|-0.517000|1.684999
0|1276|555|0|2.052000|0.684999|1.745000
0|1277|555|0|0.733000|0.210000|2.129000
0|1278|555|0|2.039000|2.091001|-0.412000
0|1279|555|0|1.394000|3.156000|0.477000
0|1280|555|0|-1.994000|-2.940000|-0.211000
0|1281|555|0|-1.870000|-0.030000|2.844001
0|1282|555|0|0.872000|-3.158000|2.241000
0|1283|555|0|-1.279000|1.260000|2.879001
0|1284|555|0|2.736000|-1.007000|-1.650000
0|1285|555|0|1.417000|-1.481999|-1.266000
0|1286|555|0|1.735000|0.440001|3.176001
0|1287|555|0|2.326000|-2.598000|-1.472000
0|1288|555|0|0.692000|-1.494000|-3.636999
0|1289|555|0|0.473000|-0.280000|-1.205999
0|1290|555|0|0.791000|1.642000|3.236001
0|1291|555|0|0.819000|-0.074000|3.871001
0|1292|555|0|1.227000|-2.806000|2.330001
0|1293|555|0|2.717000|-2.326000|0.353001
0|1294|555|0|1.876000|-1.341001|-2.858999
0|1295|555|0|1.382000|-1.396000|-1.412000
0|1296|555|0|2.606000|-0.467000|2.213000
0|1297|555|0|3.216000|-0.239000|-0.360999
0|1298|555|0|2.512000|-1.361000|-0.382000
0|1299|555|0|0.135000|-3.830999|-0.301000
0|1300|555|0|0.200000|0.351001|-2.226000
0|1301|555|0|0.518000|2.273001|2.216001
0|1302|555|0|0.546000|0.557000|2.851001
0|1303|555|0|0.632000|-3.579999|1.124000
0|1304|555|0|0.954000|-2.174999|1.310000
0|1305|555|0|1.518000|-1.747000|2.429999
0|1306|555|0|2.444000|-1.695000|-0.667000
0|1307|555|0|1.109000|-0.764999|-2.432000
0|1308|555|0|1.797000|-0.243999|2.480000
0|1309|555|0|2.333000|0.164001|1.193000
0|1310|555|0|3.633000|0.104000|0.945000
0|1311|555|0|2.943000|0.392000|-1.381000
0|1312|555|0|2.239000|-0.730000|-1.402000
0|1313|555|0|0.906000|-2.563000|-2.221000
0|1314|555|0|1.224000|-0.641000|2.221001
0|1315|555|0|1.252000|-2.357000|2.856001
0|1316|555|0|0.919000|1.665000|1.941999
0|1317|555|0|1.349000|-0.217000|0.445000
0|1318|555|0|1.377000|-1.933001|1.080000
0|1319|555|0|1.044000|2.089000|0.165998
0|1320|555|0|2.628000|-2.734000|0.709000
0|1321|555|0|3.164000|-2.326000|-0.578001
0|1322|555|0|2.743000|0.040999|0.845000
0|1323|555|0|-0.974000|-3.066000|2.131001
0|1324|555|0|1.224000|0.929000|3.625000
0|1325|555|0|2.939000|1.330999|1.979000
0|1326|555|0|1.834000|1.157000|1.051001
0|1327|555|0|-2.104000|-3.101000|1.101001
0|1328|555|0|-1.285000|-1.445000|2.712001
0|1329|555|0|-0.442000|0.486000|3.882001
0|1330|555|0|0.094000|0.894000|2.595000
0|1331|555|0|2.272000|2.753000|0.987000
0|1332|555|0|2.239000|0.443000|3.151000
0|1333|555|0|1.394000|0.834000|2.347000
0|1334|555|0|1.809000|1.296000|0.949000
0|1335|555|0|0.704000|1.122000|0.021001
0|1336|555|0|-2.309000|-2.136000|0.366000
0|1337|555|0|0.526000|-2.425000|1.557000
0|1338|555|0|-0.602000|-2.737000|2.179000
0|1339|555|0|-1.812000|-1.885000|1.790999
0|1340|555|0|-1.490000|-0.480000|1.977000
0|1341|555|0|-0.926000|-0.052000|3.096999
0|1342|555|0|-0.647000|1.451000|3.147000
0|1343|555|0|-0.111000|1.859000|1.860000
0|1344|555|0|2.034000|1.408000|2.415999
0|1345|555|0|1.189000|1.799000|1.612000
0|1346|555|0|1.604000|2.261000|0.214000
0|1347|555|0|0.499000|2.087000|-0.714000
0|1348|555|0|2.514000|-2.327000|-0.217000
0|1349|555|0|2.905000|-2.401000|1.151000
0|1350|555|0|1.340000|1.102000|2.498000
0|1351|555|0|0.489000|2.316999|2.873000
0|1352|555|0|-0.610000|-0.228000|2.573999
0|1353|555|0|-2.251000|-0.809999|2.933001
0|1354|555|0|-1.715000|-0.401999|1.646000
0|1355|555|0|-3.087000|0.453000|1.906001
0|1356|555|0|-2.679000|-2.278999|0.365001
0|1357|555|0|-2.115000|-1.851000|1.485000
0|1358|555|0|-1.822000|-2.572000|2.436999
0|1359|555|0|-1.836000|-0.348000|1.535001
0|1360|555|0|-1.300000|0.060000|0.248000
0|1361|555|0|-2.960000|-1.460000|0.681000
0|1362|555|0|-2.667000|-2.181000|1.632999
0|1363|555|0|-2.681000|0.043000|0.731001
0|1364|555|0|-2.145000|0.451000|-0.556000
0|1365|555|0|-2.178000|-1.859000|1.608000
0|1366|555|0|-1.379000|-2.339000|0.117001
0|1367|555|0|-1.165000|-3.336000|-1.356001
0|1368|555|0|-0.843000|-1.931000|-1.170000
0|1369|555|0|-1.383000|-2.084000|-2.730999
0|1370|555|0|0.214000|-3.583000|-0.084999
0|1371|555|0|1.452000|-2.373000|-1.539999
0|1372|555|0|0.324000|-2.685000|-0.917999
0|1373|555|0|-0.886000|-1.833000|-1.306000
0|1374|555|0|-0.564000|-0.427999|-1.119999
0|1375|555|0|2.221000|-0.915000|2.999001
0|1376|555|0|2.478000|-2.252000|0.978001
0|1377|555|0|-0.079000|-2.862000|-1.036999
0|1378|555|0|0.265000|-2.838000|1.439001
0|1379|555|0|1.159000|-1.652000|-2.491999
0|1380|555|0|0.031000|-1.964000|-1.869999
0|1381|555|0|-1.179000|-1.112000|-2.257999
0|1382|555|0|-0.857000|0.293000|-2.071999
0|1383|555|0|1.928000|-0.194000|2.047001
0|1384|555|0|1.440000|-2.690000|2.032001
0|1385|555|0|2.309000|-1.561000|1.474001
0|1386|555|0|2.185000|-1.531000|0.026001
0|1387|555|0|2.582000|-2.555000|-0.713999
0|1388|555|0|0.408000|-2.731999|-1.541000
0|1389|555|0|-0.305000|2.306000|-0.279001
0|1390|555|0|2.016000|-1.945000|-0.420000
0|1391|555|0|3.567000|-1.265000|0.037001
0|1392|555|0|2.338000|-0.540000|-0.233999
0|1393|555|0|0.252000|-3.376000|2.076000
0|1394|555|0|0.234000|-0.874000|3.309000
0|1395|555|0|2.357000|-0.413000|-0.351000
0|1396|555|0|1.128000|0.312000|-0.622000
0|1397|555|0|2.154000|0.433000|1.896000
0|1398|555|0|2.551000|-0.591000|1.156000
0|1399|555|0|3.043000|-1.625000|1.604000
0|1400|555|0|3.116000|0.410000|-2.396000
0|1401|555|0|3.507000|0.336000|-1.028000
0|1402|555|0|-2.748000|-2.056000|2.000999
0|1403|555|0|-1.977000|-0.772000|2.312000
0|1404|555|0|-0.228000|-3.655000|-1.502000
0|1405|555|0|1.123000|-3.644000|-0.783001
0|1406|555|0|0.938000|-3.711000|0.733999
0|1407|555|0|0.362000|-2.478000|1.243000
0|1408|555|0|0.006000|-2.366000|2.514000
0|1409|555|0|-0.585000|-1.009000|2.902000
0|1410|555|0|0.344000|0.024000|2.476000
0|1411|555|0|2.467000|0.485000|-1.184000
0|1412|555|0|1.238000|1.210000|-1.455000
0|1413|555|0|1.519000|0.172000|3.069000
0|1414|555|0|2.388000|1.301000|2.511000
0|1415|555|0|2.264000|1.331000|1.063000
0|1416|555|0|2.661000|0.307000|0.323000
0|1417|555|0|3.153000|-0.727000|0.771000
0|1418|555|0|2.835000|-0.289000|1.191000
0|1419|555|0|2.915000|1.176000|1.625000
0|1420|555|0|0.057000|-3.127000|1.874001
0|1421|555|0|2.752000|1.013000|2.192000
0|1422|555|0|1.523000|1.738000|1.921000
0|1423|555|0|3.511000|1.836000|0.147000
0|1424|555|0|-0.506000|-1.835000|2.851001
0|1425|555|0|2.197000|-2.850000|0.540001
0|1426|555|0|1.026000|0.121000|2.518000
0|1427|555|0|-0.079000|0.816000|3.695000
0|1428|555|0|-0.203000|0.846000|2.247000
0|1429|555|0|0.137000|-3.287000|1.757999
0|1430|555|0|-2.299000|-2.785000|0.920000
0|1431|555|0|-2.317000|-0.283000|2.153000
0|1432|555|0|-0.740000|-0.829000|3.677999
0|1433|555|0|-0.654000|2.361000|2.761000
0|1434|555|0|-1.142000|-0.135000|2.746000
0|1435|555|0|-0.273000|0.994000|2.188000
0|1436|555|0|-0.397000|1.024000|0.740000
0|1437|555|0|2.948999|-1.909000|1.181999
0|1438|555|0|2.165000|-2.100000|2.482000
0|1439|555|0|-0.888000|-3.280000|0.664000
0|1440|555|0|-2.030000|-2.917000|-1.554001
0|1441|555|0|-0.355000|-2.253000|1.309999
0|1442|555|0|-2.215000|-2.984000|-0.037001
0|1443|555|0|-2.791000|-1.751000|0.472000
0|1444|555|0|-3.147000|-1.639000|1.743000
0|1445|555|0|-2.809000|0.751000|1.705000
0|1446|555|0|-1.232000|0.205000|3.230000
0|1447|555|0|-1.634000|0.899000|2.298000
0|1448|555|0|-0.765000|2.028000|1.740000
0|1449|555|0|-0.889000|2.058000|0.292000
0|1450|555|0|2.457000|-0.875000|0.733999
0|1451|555|0|1.673000|-1.066000|2.034000
0|1452|555|0|0.905000|-2.388000|2.021999
0|1453|555|0|-1.353000|0.097000|2.924000
0|1454|555|0|-1.920000|-1.307000|1.413000
0|1455|555|0|-2.973000|-2.310000|0.391001
0|1456|555|0|-2.044000|-1.277000|-0.035000
0|1457|555|0|2.438000|-3.094000|0.294001
0|1458|555|0|-3.496000|-0.944000|-0.757000
0|1459|555|0|1.279000|-3.152000|-0.988001
0|1460|555|0|-1.157000|-2.650000|-1.826000
0|1461|555|0|-1.396000|-3.430000|0.282999
0|1462|555|0|-1.513000|-2.538000|-0.555000
0|1463|555|0|-2.104000|-1.181000|-0.167000
0|1464|555|0|-1.175000|-0.148000|-0.593000
0|1465|555|0|3.307000|-1.965000|-0.264000
0|1466|555|0|0.877000|-2.458000|-1.920000
0|1467|555|0|-1.559000|-1.956000|-2.757999
0|1468|555|0|-1.798000|-2.736000|-0.649000
0|1469|555|0|-1.915000|-1.844000|-1.487000
0|1470|555|0|-2.506000|-0.487000|-1.098999
0|1471|555|0|-1.577000|0.546000|-1.525000
0|1472|555|0|-0.566000|-2.462000|2.665001
0|1473|555|0|0.623000|-3.084000|0.603001
0|1474|555|0|2.905000|-1.271000|-1.195999
0|1475|555|0|1.890000|-3.097000|0.216000
0|1476|555|0|2.137000|-2.593000|-1.208000
0|1477|555|0|-1.663000|-2.644000|-0.608000
0|1478|555|0|2.454000|-3.004000|-0.395000
0|1479|555|0|0.018000|-2.502000|-1.233000
0|1480|555|0|1.523000|-2.702000|-2.168001
0|1481|555|0|0.947000|-1.469000|-1.659000
0|1482|555|0|2.259000|-1.641000|-1.079000
0|1483|555|0|0.756000|-3.189000|2.152000
0|1484|555|0|1.117000|-1.278000|-3.297001
0|1485|555|0|2.792000|-0.614000|-0.433001
0|1486|555|0|0.932000|-1.345000|-1.780001
0|1487|555|0|0.356000|-0.112000|-1.271000
0|1488|555|0|2.538000|-1.240000|2.090000
0|1489|555|0|-1.612000|-3.271000|1.512001
0|1490|555|0|-1.113000|-3.216000|-1.121000
0|1491|555|0|-0.158000|-3.809000|-0.418999
0|1492|555|0|2.643000|-1.871000|-1.973999
0|1493|555|0|2.142000|-0.749000|-1.917000
0|1494|555|0|-0.161000|-3.487000|1.077000
0|1495|555|0|0.639000|-2.297000|1.314001
0|1496|555|0|1.233000|-2.095000|2.481001
0|1497|555|0|2.039000|-0.798000|2.580000
0|1498|555|0|2.675000|0.278000|-1.271000
0|1499|555|0|0.815000|-0.453000|-2.618000
0|1500|555|0|0.239000|0.780000|-2.108999
0|1501|555|0|1.232000|0.274000|3.314001
0|1502|555|0|2.421000|-0.348000|1.252001
0|1503|555|0|3.688000|-0.361000|0.865000
0|1504|555|0|3.935000|0.143000|-0.559000
0|1505|555|0|2.339000|-1.706000|-1.069000
0|1506|555|0|-3.211000|1.331000|-1.059000
0|1507|555|0|-3.686000|0.661000|0.219999
0|1508|555|0|3.110000|-0.422000|-0.757999
0|1509|555|0|-2.834000|-2.127000|-1.544001
0|1510|555|0|-3.028000|1.915000|0.132999
0|1511|555|0|-3.503000|1.245000|1.411999
0|1512|555|0|2.703000|-1.015000|-2.311000
0|1513|555|0|3.293000|0.162000|0.434000
0|1514|555|0|-2.524000|2.173000|-2.009001
0|1515|555|0|-2.999000|1.503000|-0.730001
0|1516|555|0|-2.081000|-0.975000|-1.656000
0|1517|555|0|-2.935000|2.357000|-1.150000
0|1518|555|0|-2.275000|3.067000|0.021000
0|1519|555|0|-2.750000|2.397000|1.299999
0|1520|555|0|0.323000|-3.600000|0.367001
0|1521|555|0|2.575000|-2.896000|-0.122000
0|1522|555|0|-1.765000|-0.814000|-3.000000
0|1523|555|0|-2.434000|2.558000|-0.044001
0|1524|555|0|0.639000|-3.439000|-0.976999
0|1525|555|0|3.010000|-2.521000|-0.034000
0|1526|555|0|-2.859000|1.376000|-2.124001
0|1527|555|0|-1.022000|0.196000|-3.623001
0|1528|555|0|-0.816000|-2.404000|-2.680000
0|1529|555|0|-1.752000|-1.779000|-2.185001
0|1530|555|0|-3.656000|-0.533000|1.531000
0|1531|555|0|-0.491000|-3.528000|-0.446001
0|1532|555|0|0.154000|-3.184000|-1.790001
0|1533|555|0|1.382000|-2.429000|-1.600000
0|1534|555|0|2.260000|-2.601000|1.446999
0|1535|555|0|1.045000|-2.448000|1.852999
0|1536|555|0|0.623000|-3.622000|-0.211000
0|1537|555|0|2.832000|-2.740000|-0.087999
0|1538|555|0|-3.011000|-1.874000|0.791000
0|1539|555|0|-3.503000|-0.638000|0.144001
0|1540|555|0|2.413000|-2.706000|0.059999
0|1541|555|0|1.198000|-2.553000|0.466000
0|1542|555|0|3.407000|-1.671000|0.589001
0|1543|555|0|2.436000|-0.502000|0.837999
0|1544|555|0|-2.047000|-2.977000|0.065001
0|1545|555|0|-1.928000|-2.763000|1.497000
0|1546|555|0|1.860000|0.731000|1.347000
0|1547|555|0|3.120000|0.596000|2.059000
0|1548|555|0|-1.503000|-1.548000|3.231001
0|1549|555|0|0.533000|1.027000|0.646000
0|1550|555|0|0.279000|0.401000|3.169001
0|1551|555|0|2.561000|2.214000|1.370001
0|1552|555|0|1.546000|0.388000|2.782000
0|1553|555|0|1.793000|0.892000|1.358000
0|1554|555|0|-1.957000|-2.696000|1.080999
0|1555|555|0|-2.801000|-1.938000|1.555000
0|1556|555|0|-2.004000|-0.426000|3.288000
0|1557|555|0|0.032000|2.149000|0.702999
0|1558|555|0|-0.222000|1.523000|3.226000
0|1559|555|0|1.045000|1.510000|2.838999
0|1560|555|0|1.292000|2.014000|1.414999
0|1561|555|0|1.675000|0.664000|2.864000
0|1562|555|0|-0.881000|-3.033000|2.301000
0|1563|555|0|-0.700000|-1.746000|3.107000
0|1564|555|0|-0.681000|-2.858000|1.743000
0|1565|555|0|-0.700000|-2.087000|2.702000
0|1566|555|0|0.521000|-1.225000|3.028000
0|1567|555|0|-0.254000|-0.626000|2.523001
0|1568|555|0|-1.896000|-0.941000|3.139000
0|1569|555|0|-1.514000|-0.491000|1.811001
0|1570|555|0|-3.049000|-1.936000|0.449001
0|1571|555|0|-2.455000|-1.734000|1.616001
0|1572|555|0|-1.649000|-0.437000|1.715000
0|1573|555|0|-2.456000|0.635000|2.449001
0|1574|555|0|-1.267000|0.013000|0.387001
0|1575|555|0|-3.393000|-1.355000|0.917000
0|1576|555|0|-2.587000|-0.058000|1.015999
0|1577|555|0|-3.394000|1.014000|1.750000
0|1578|555|0|-2.205000|0.392000|-0.312000
0|1579|555|0|-2.282000|-1.813000|1.799000
0|1580|555|0|-1.782000|-1.949000|0.062000
0|1581|555|0|-2.200000|-2.689000|-1.503000
0|1582|555|0|-1.400000|-1.499000|-1.265999
0|1583|555|0|-2.845000|-1.176000|-0.969000
0|1584|555|0|-1.391000|-1.714000|-2.900000
0|1585|555|0|-1.394000|-1.392000|-1.404001
0|1586|555|0|-0.594000|-0.202000|-1.167000
0|1587|555|0|-2.779000|-0.407000|-1.925999
0|1588|555|0|-1.328000|-0.623000|-2.361000
0|1589|555|0|-0.528000|0.567000|-2.123999
0|1590|555|0|-0.593000|-2.571000|-2.000000
0|1591|555|0|-1.752000|-0.919000|-2.435001
0|1592|555|0|-1.071000|0.057000|-3.629999
0|1593|555|0|-0.952000|0.271000|-2.198000
0|1594|555|0|-3.326000|-0.325000|-1.645000
0|1595|555|0|-2.295000|-0.483000|-2.460001
0|1596|555|0|-1.074000|0.379000|-2.134001
0|1597|555|0|-0.955000|0.593000|-0.702002
0|1598|555|0|-3.139000|0.275000|-1.986000
0|1599|555|0|-1.918000|1.137000|-1.660000
0|1600|555|0|-1.799000|1.351000|-0.228001
0|1601|555|0|0.499000|0.055000|-2.633001
0|1602|555|0|-2.751000|-0.927000|-1.893000
0|1603|555|0|-2.106000|-0.583000|-3.237000
0|1604|555|0|-0.878000|0.172000|-3.046999
0|1605|555|0|0.153000|0.014000|-3.862000
0|1606|555|0|1.374000|0.876000|-3.535999
0|1607|555|0|1.493000|1.090000|-2.104000
0|1608|555|0|-3.118000|-0.019000|-1.132000
0|1609|555|0|-2.473000|0.325000|-2.476000
0|1610|555|0|-1.245000|1.080000|-2.285999
0|1611|555|0|-0.214000|0.922000|-3.101000
0|1612|555|0|1.007000|1.784000|-2.775000
0|1613|555|0|1.126000|1.998000|-1.343000
0|1614|555|0|-1.536000|-1.080000|-2.299000
0|1615|555|0|-0.891000|-0.736000|-3.643000
0|1616|555|0|0.337000|0.019000|-3.452999
0|1617|555|0|2.708000|0.937000|-2.510000
0|1618|555|0|-2.371000|-0.918000|-0.942999
0|1619|555|0|-3.480000|-1.459000|0.299000
0|1620|555|0|-2.252000|-0.704000|0.489000
0|1621|555|0|-2.971000|0.120000|-1.563000
0|1622|555|0|-3.229000|0.183000|-0.264999
0|1623|555|0|-2.904000|-0.941000|1.969000
0|1624|555|0|-2.259000|-0.597000|0.625000
0|1625|555|0|-1.031000|0.158000|0.815001
0|1626|555|0|-2.990000|0.891000|-0.604000
0|1627|555|0|-3.248000|0.954000|0.694000
0|1628|555|0|-2.278000|0.174000|1.584000
0|1629|555|0|-1.050000|0.929000|1.774000
0|1630|555|0|-1.940000|-0.038000|-2.378000
0|1631|555|0|-1.550000|1.409000|-3.151999
0|1632|555|0|-0.712000|0.717000|-2.188000
0|1633|555|0|-0.206000|2.600000|-0.943001
0|1634|555|0|-0.911000|2.044000|-1.785001
0|1635|555|0|-0.580000|0.629000|-2.262000
0|1636|555|0|0.258000|-0.063000|-1.298000
0|1637|555|0|-3.839000|-0.284000|-1.036999
0|1638|555|0|-3.890000|-0.578000|0.254000
0|1639|555|0|-3.631000|0.600000|1.196001
0|1640|555|0|-1.046000|1.963000|-2.837999
0|1641|555|0|0.730000|1.975000|-1.438000
0|1642|555|0|0.025000|1.419000|-2.280000
0|1643|555|0|0.356000|0.004000|-2.756999
0|1644|555|0|1.194000|-0.688000|-1.792999
0|1645|555|0|-2.446000|2.539000|-0.420000
0|1646|555|0|-1.699000|3.349000|-0.966999
0|1647|555|0|-0.067000|1.061000|-3.532000
0|1648|555|0|1.397000|1.466000|-3.348999
0|1649|555|0|-1.209000|2.164000|2.807001
0|1650|555|0|-0.799000|3.219000|1.777000
0|1651|555|0|0.209000|1.539000|2.570999
0|1652|555|0|-0.266000|2.677000|2.098999
0|1653|555|0|-0.159000|2.933000|0.778000
0|1654|555|0|-2.240000|2.651000|-1.045000
0|1655|555|0|0.274000|-1.712000|-3.125000
0|1656|555|0|-3.398000|-1.111000|-0.410001
0|1657|555|0|-2.058000|-2.185000|-2.113001
0|1658|555|0|-3.025000|-2.221000|-1.028001
0|1659|555|0|-0.721000|1.763000|-3.297000
0|1660|555|0|-2.980000|0.013000|-0.682000
0|1661|555|0|-1.402000|1.959000|-0.081000
0|1662|555|0|-1.835000|3.299000|0.276999
0|1663|555|0|1.112000|-2.404000|-2.161000
0|1664|555|0|-0.390000|0.348000|-3.773999
0|1665|555|0|-2.649000|-1.402000|-1.158999
0|1666|555|0|-1.071000|0.544000|-0.558000
0|1667|555|0|-2.471000|1.120000|1.860000
0|1668|555|0|0.562000|1.526000|-3.557000
0|1669|555|0|-2.758000|2.299000|-0.972000
0|1670|555|0|-1.724000|1.930000|1.313001
0|1671|555|0|-1.504000|1.884000|-0.200000
0|1672|555|0|-1.043000|2.911000|1.964000
0|1673|555|0|-1.776000|-0.012000|-1.400000
0|1674|555|0|-3.176000|0.564000|1.018000
0|1675|555|0|-0.854000|3.332000|0.506001
0|1676|555|0|-2.429000|1.374000|0.471001
0|1677|555|0|-2.209000|1.328000|-1.042000
0|1678|555|0|-1.748000|2.355000|1.122000
0|1679|555|0|-1.996000|-3.070000|-0.329000
0|1680|555|0|0.681000|-0.196000|-3.216000
0|1681|555|0|-1.578000|-1.946000|-0.601000
0|1682|555|0|1.633000|0.982000|-2.999001
0|1683|555|0|0.922000|3.344000|1.906000
0|1684|555|0|0.028000|2.367000|2.521999
0|1685|555|0|-1.145000|-3.286000|-0.959000
0|1686|555|0|2.066000|-0.358000|-3.357000
0|1687|555|0|1.355000|2.004000|1.548000
0|1688|555|0|0.348000|1.189000|3.603001
0|1689|555|0|0.461000|1.027000|2.164000
0|1690|555|0|-1.932000|-2.749000|2.163000
0|1691|555|0|-2.760000|-1.614000|1.792000
0|1692|555|0|-3.795001|0.593000|1.000999
0|1693|555|0|-1.546000|2.102000|1.440001
0|1694|555|0|1.575000|1.958000|0.035000
0|1695|555|0|2.235000|2.668000|1.205999
0|1696|555|0|1.760000|1.998000|2.484999
0|1697|555|0|-0.773000|1.776000|2.466000
0|1698|555|0|0.568000|1.143000|2.090000
0|1699|555|0|0.681000|0.981000|0.650999
0|1700|555|0|-1.393000|-2.823000|-0.616999
0|1701|555|0|-1.444000|-3.117000|0.674000
0|1702|555|0|-1.185000|-1.939000|1.616001
0|1703|555|0|-2.013000|-0.804000|1.245001
0|1704|555|0|-3.262000|-0.975000|0.837000
0|1705|555|0|-3.048000|1.403000|0.454000
0|1706|555|0|-0.799000|2.912000|0.893002
0|1707|555|0|-0.178000|-2.522000|-3.018999
0|1708|555|0|2.322000|2.768000|-0.511999
0|1709|555|0|-0.026000|2.586000|1.919001
0|1710|555|0|1.315000|1.953000|1.543001
0|1711|555|0|1.428000|1.791000|0.104000
0|1712|555|0|-2.572999|1.448000|-0.148000
0|1713|555|0|-3.473000|-0.625000|0.499001
0|1714|555|0|0.109000|-3.701000|-0.186999
0|1715|555|0|2.609000|1.589000|2.320001
0|1716|555|0|1.715000|0.612000|2.936000
0|1717|555|0|-2.316000|-0.359000|-0.016000
0|1718|555|0|-0.255000|-0.074000|3.857001
0|1719|555|0|-1.853000|1.390000|2.831000
0|1720|555|0|2.866000|-0.218000|2.452001
0|1721|555|0|1.972000|-1.195000|3.068000
0|1722|555|0|-2.227000|1.121000|0.789001
0|1723|555|0|-3.416000|1.570000|-0.441000
0|1724|555|0|-2.114000|0.959000|-0.650000
0|1725|555|0|-1.987000|-3.390000|-0.674000
0|1726|555|0|-3.022000|-1.183000|-1.465000
0|1727|555|0|-3.164000|-0.129000|-0.674999
0|1728|555|0|-2.075000|0.937000|-0.816999
0|1729|555|0|-0.773000|0.326000|-1.025999
0|1730|555|0|-2.371000|1.790000|-2.052000
0|1731|555|0|-0.394000|3.310000|-1.827999
0|1732|555|0|-3.786000|-0.154000|-1.055000
0|1733|555|0|-2.865000|-0.305000|-1.855999
0|1734|555|0|-1.776000|0.761000|-1.997999
0|1735|555|0|-0.474000|0.150000|-2.206999
0|1736|555|0|-3.306000|0.104000|-1.044998
0|1737|555|0|-3.781000|-0.566000|0.234001
0|1738|555|0|-3.121000|0.144000|1.405001
0|1739|555|0|-1.214000|-3.716000|0.351999
0|1740|555|0|-2.249001|-1.509000|-0.439001
0|1741|555|0|-1.907001|-3.211000|-0.621000
0|1742|555|0|-0.947001|-2.120000|-0.648001
0|1743|555|0|-1.571000|-2.269000|-2.089001
0|1744|555|0|1.177000|-3.261000|0.000999
0|1745|555|0|-0.072001|-3.432000|-0.407001
0|1746|555|0|-0.818001|-2.145000|-0.763000
0|1747|555|0|0.141999|-1.054000|-0.790001
0|1748|555|0|-0.650000|-2.420000|-2.889999
0|1749|555|0|0.849000|-3.583000|-1.208000
0|1750|555|0|0.103000|-2.296000|-1.563999
0|1751|555|0|1.063000|-1.205000|-1.591000
0|1752|555|0|-0.462999|-1.749000|-2.847000
0|1753|555|0|-0.651000|-2.973000|0.587000
0|1754|555|0|1.863000|-3.342000|1.162001
0|1755|555|0|1.035000|-2.207000|0.791000
0|1756|555|0|0.188001|1.224000|-3.434000
0|1757|555|0|2.823000|-2.251000|1.135000
0|1758|555|0|1.995000|-1.116000|0.764000
0|1759|555|0|1.582000|-3.262000|0.288000
0|1760|555|0|1.869000|-1.848000|-1.453999
0|1761|555|0|2.277000|-0.343000|3.215000
0|1762|555|0|1.799000|-1.401000|2.219000
0|1763|555|0|1.818000|-2.142000|-0.163000
0|1764|555|0|2.077000|-0.964000|0.779001
0|1765|555|0|1.249000|0.171000|0.408001
0|1766|555|0|2.139000|-2.170000|0.387999
0|1767|555|0|0.763000|-1.742000|-2.890000
0|1768|555|0|2.200000|-1.776000|-2.363001
0|1769|555|0|2.426000|-0.756000|-1.354000
0|1770|555|0|2.356000|-0.309000|2.318998
0|1771|555|0|2.375000|-1.050000|-0.063002
0|1772|555|0|2.634000|0.128000|0.879000
0|1773|555|0|1.806000|1.263000|0.507999
0|1774|555|0|2.748000|-0.992000|2.090000
0|1775|555|0|1.901000|2.439000|-2.135000
0|1776|555|0|0.900001|2.073000|-0.647000
0|1777|555|0|0.620000|-2.019000|-1.862000
0|1778|555|0|-0.434000|-1.904000|-3.242001
0|1779|555|0|-0.208000|-0.884000|-2.233000
0|1780|555|0|-1.612000|-0.692000|-2.826999
0|1781|555|0|0.848000|-0.529000|-3.421000
0|1782|555|0|-0.175000|-0.726000|-2.299999
0|1783|555|0|0.051000|0.294000|-1.290998
0|1784|555|0|1.266000|0.595000|-3.692999
0|1785|555|0|-1.376000|0.428000|-3.277999
0|1786|555|0|0.061000|0.394000|-2.750999
0|1787|555|0|0.287000|1.414000|-1.741999
0|1788|555|0|0.070000|-0.447000|-3.672998
0|1789|555|0|1.170000|-1.933000|-2.748001
0|1790|555|0|2.363000|-0.877000|-2.824000
0|1791|555|0|1.396000|-0.913000|-1.739000
0|1792|555|0|-0.261000|0.308000|-2.841000
0|1793|555|0|1.524000|-2.461000|-2.320999
0|1794|555|0|1.340000|-1.074000|-1.703000
0|1795|555|0|0.373000|-1.110000|-0.618000
0|1796|555|0|0.912000|-0.055000|-2.761000
0|1797|555|0|-0.679000|-0.816000|-2.569000
0|1798|555|0|0.922000|-2.198000|-1.431001
0|1799|555|0|-0.045000|-2.234000|-0.346001
0|1800|555|0|2.259000|1.750000|-2.615000
0|1801|555|0|1.468000|-0.745000|-3.276000
0|1802|555|0|0.494000|-1.179000|-2.489000
0|1803|555|0|2.833000|-0.947000|-1.212001
0|1804|555|0|2.399000|1.688000|-2.084000
0|1805|555|0|3.033000|0.270000|0.139000
0|1806|555|0|1.513000|1.489000|-2.929999
0|1807|555|0|0.285000|2.423000|-2.893999
0|1808|555|0|0.546000|1.453000|-1.844999
0|1809|555|0|1.795000|-0.126000|-3.338000
0|1810|555|0|0.939000|0.747000|-3.200000
0|1811|555|0|1.765000|2.929000|-0.125999
0|1812|555|0|1.547000|2.668000|-1.617000
0|1813|555|0|0.713000|1.404000|-1.835999
0|1814|555|0|0.974000|0.434000|-0.787000
0|1815|555|0|2.112000|0.384000|-3.120000
0|1816|555|0|2.938000|2.566000|-0.046000
0|1817|555|0|2.720000|2.305000|-1.537000
0|1818|555|0|1.886000|1.041000|-1.756000
0|1819|555|0|2.147000|0.071000|-0.707000
0|1820|555|0|0.362000|2.840000|-1.227000
0|1821|555|0|-0.194000|2.412000|-3.125000
0|1822|555|0|-1.015000|2.972000|-0.573999
0|1823|555|0|-2.130000|2.793000|-1.606000
0|1824|555|0|-2.624000|1.672000|-1.797000
0|1825|555|0|-0.818000|0.757000|-3.385000
0|1826|555|0|-0.453000|-0.747000|-3.683001
0|1827|555|0|-0.557000|-0.213000|-2.336000
0|1828|555|0|-2.682000|-1.422000|-1.559000
0|1829|555|0|-2.001000|-0.733000|-2.744000
0|1830|555|0|-0.792000|2.187000|-3.101000
0|1831|555|0|-0.200000|1.013000|-3.265000
0|1832|555|0|-0.679000|-0.090000|-2.319000
0|1833|555|0|-0.783000|0.444000|-0.972000
0|1834|555|0|-3.538000|-0.549000|-1.421000
0|1835|555|0|-2.857000|0.140000|-2.605999
0|1836|555|0|-1.056000|1.886000|-3.127000
0|1837|555|0|-1.535000|0.783000|-2.181000
0|1838|555|0|-1.639000|1.317000|-0.834000
0|1839|555|0|-1.391000|-1.477000|-2.555000
0|1840|555|0|1.415000|2.568000|-2.356000
0|1841|555|0|-0.760000|-2.679000|-1.848000
0|1842|555|0|2.046000|1.366000|-1.649000
0|1843|555|0|-0.203000|1.704000|-2.944000
0|1844|555|0|-0.009000|1.743000|-2.129000
0|1845|555|0|-0.113000|2.277000|-0.782000
0|1846|555|0|0.242000|3.416000|-1.611000
0|1847|555|0|-0.592000|1.174000|0.164000
0|1848|555|0|-0.237000|2.313000|-0.665000
0|1849|555|0|-0.026000|3.814000|1.197000
0|1850|555|0|0.476000|3.389000|0.158000
0|1851|555|0|-1.465000|1.404000|0.999000
0|1852|555|0|-1.110000|2.543000|0.170000
0|1853|555|0|-0.397000|3.619000|0.993000
0|1854|555|0|1.209000|2.920000|-0.357000
0|1855|555|0|2.226000|2.624000|-0.503000
0|1856|555|0|2.657000|2.502000|1.002000
0|1857|555|0|1.871000|1.485000|0.326000
0|1858|555|0|1.747000|0.087000|2.334000
0|1859|555|0|1.944000|1.426000|0.179000
0|1860|555|0|1.158000|0.409000|-0.497000
0|1861|555|0|2.869000|2.133000|-0.814000
0|1862|555|0|3.375000|-0.333000|0.720000
0|1863|555|0|2.692000|0.756000|1.334000
0|1864|555|0|2.249000|-0.338000|1.295000
0|1865|555|0|2.446000|1.001000|-0.860000
0|1866|555|0|1.660000|-0.016000|-1.536000
0|1867|555|0|3.877000|-0.758000|-0.319000
0|1868|555|0|3.194000|0.331000|0.295000
0|1869|555|0|1.762000|3.043000|-0.193000
0|1870|555|0|1.813000|2.828000|-1.745000
0|1871|555|0|0.976000|2.026000|-0.869000
0|1872|555|0|-0.951000|2.714000|-2.373000
0|1873|555|0|0.407000|2.031000|-2.202000
0|1874|555|0|0.918000|3.573000|-0.274000
0|1875|555|0|0.888000|2.121000|-0.752000
0|1876|555|0|0.051000|1.319000|0.124000
0|1877|555|0|-0.223000|2.677000|-1.366000
0|1878|555|0|0.258000|2.767000|0.084000
0|1879|555|0|-0.579000|1.965000|0.960000
0|1880|555|0|0.228000|2.696000|-2.024000
0|1881|555|0|1.959000|2.966000|-0.788000
0|1882|555|0|2.227000|1.663000|-0.725000
0|1883|555|0|1.122000|2.164000|0.088000
0|1884|555|0|1.284000|3.556000|0.469000
0|1885|555|0|2.197000|0.211000|-1.203000
0|1886|555|0|1.092000|0.712000|-0.390000
0|1887|555|0|-0.763000|3.412000|-0.194000
0|1888|555|0|0.617000|3.313000|-1.983000
0|1889|555|0|0.329000|3.008000|-0.827000
0|1890|555|0|1.254000|2.104000|-0.009000
0|1891|555|0|3.238000|1.317000|-1.163000
0|1892|555|0|2.727000|2.404000|-0.231000
0|1893|555|0|-2.283000|1.789000|-1.789000
0|1894|555|0|3.113000|-0.240000|-1.889000
0|1895|555|0|2.008000|0.261000|-1.076000
0|1896|555|0|0.153000|2.960999|-0.880000
0|1897|555|0|1.245000|2.557000|-1.513000
0|1898|555|0|2.170000|1.653000|-0.695000
0|1899|555|0|2.708000|1.753000|0.725000
0|1900|555|0|1.603000|2.254000|1.538000
0|1901|555|0|-1.330000|3.099000|0.996000
0|1902|555|0|2.961000|1.571000|1.709000
0|1903|555|0|-1.177000|2.526999|2.406000
0|1904|555|0|-2.173000|1.818000|2.818000
0|1905|555|0|1.643000|2.891000|1.938000
0|1906|555|0|-1.855000|2.700000|0.196000
0|1907|555|0|-2.985000|2.171000|-0.839000
0|1908|555|0|-2.017000|1.308000|-0.185000
0|1909|555|0|-3.528000|-0.768001|-0.276000
0|1910|555|0|-3.474000|0.704000|0.139000
0|1911|555|0|-2.060000|1.267000|-0.021000
0|1912|555|0|-1.092000|0.403999|0.633000
0|1913|555|0|-1.904000|2.693999|0.507000
0|1914|555|0|-1.221000|2.919000|1.505000
0|1915|555|0|-3.762000|0.399000|1.295000
0|1916|555|0|-2.348000|0.962001|1.135000
0|1917|555|0|-1.380000|0.099000|1.789000
0|1918|555|0|-2.192000|2.389000|1.663000
0|1919|555|0|-3.490000|1.007999|0.037000
0|1920|555|0|-1.456000|3.217000|-0.820000
0|1921|555|0|-0.428000|3.753999|0.220000
0|1922|555|0|-0.488000|2.353999|-0.166000
0|1923|555|0|-1.973000|2.787001|0.139000
0|1924|555|0|-0.584000|2.327000|-0.308000
0|1925|555|0|-0.644000|0.927000|-0.694000
0|1926|555|0|-2.081000|3.073000|1.428000
0|1927|555|0|1.528000|2.998001|-1.511000
0|1928|555|0|0.009000|3.170000|-1.438000
0|1929|555|0|-2.656000|2.562000|-0.859000
0|1930|555|0|-1.267000|2.101999|-1.306000
0|1931|555|0|-1.327000|0.702000|-1.692000
0|1932|555|0|-2.764000|2.848000|0.430000
0|1933|555|0|1.504000|3.146999|-1.180000
0|1934|555|0|0.845000|2.773001|-2.509000
0|1935|555|0|-0.674000|2.945000|-2.436000
0|1936|555|0|0.926000|2.917000|-0.326000
0|1937|555|0|1.443000|2.704000|-1.750000
0|1938|555|0|-0.386000|3.193999|-1.947000
0|1939|555|0|0.535000|3.109000|-1.135000
0|1940|555|0|1.924000|2.648999|-1.582000
0|1941|555|0|1.864000|1.249000|-1.968000
0|1942|555|0|-0.079000|2.311000|2.573000
0|1943|555|0|-0.834000|3.844001|0.719000
0|1944|555|0|0.427000|3.395000|0.154000
0|1945|555|0|-1.437000|2.146000|2.122000
0|1946|555|0|-2.758000|1.195002|2.301000
0|1947|555|0|-1.497000|0.746000|1.736000
0|1948|555|0|-2.813000|2.516001|1.110000
0|1949|555|0|-0.614000|-0.798000|3.708000
0|1950|555|0|-1.391000|0.473000|3.361000
0|1951|555|0|-1.369000|0.735001|1.854000
0|1952|555|0|-0.108000|0.285999|1.289000
0|1953|555|0|-0.659000|3.013000|1.585000
0|1954|555|0|-1.585000|2.208000|1.500000
0|1955|555|0|-1.892000|2.431002|1.922000
0|1956|555|0|-0.448000|0.650002|2.666000
0|1957|555|0|0.813000|0.201000|2.101000
0|1958|555|0|-0.118000|3.783001|-0.222000
0|1959|555|0|0.262000|2.928001|2.397000
0|1960|555|0|-0.664000|2.123001|2.312000
0|1961|555|0|-2.090000|-0.097000|2.866000
0|1962|555|0|-1.686000|-1.566000|2.724000
0|1963|555|0|-2.617000|2.016001|0.401000
0|1964|555|0|-2.237000|1.161001|3.020000
0|1965|555|0|-2.705000|2.230001|-0.179000
0|1966|555|0|-1.793000|3.143000|-1.111000
0|1967|555|0|-1.444000|1.781000|-0.744000
0|1968|555|0|-1.817000|1.789999|-2.263000
0|1969|555|0|-1.577000|1.670000|-0.757000
0|1970|555|0|-2.867000|2.072001|-0.039000
0|1971|555|0|-1.228000|0.308001|-0.390000
0|1972|555|0|0.546000|1.660000|-2.534000
0|1973|555|0|-0.557000|2.013000|-3.102000
0|1974|555|0|-2.743000|0.984999|-2.348000
0|1975|555|0|-2.503000|0.865000|-0.842000
0|1976|555|0|-2.154000|-0.497000|-0.475000
0|1977|555|0|-0.380000|0.855000|-2.619000
0|1978|555|0|-1.483000|1.208000|-3.187000
0|1979|555|0|-1.422000|2.043001|-2.251000
0|1980|555|0|0.015000|2.118000|-2.773000
0|1981|555|0|-1.598000|2.973000|0.973000
0|1982|555|0|-0.108000|2.521000|1.373000
0|1983|555|0|-2.403000|2.121000|2.061000
0|1984|555|0|-1.249000|1.611000|1.340000
0|1985|555|0|-1.991000|2.202999|-0.839000
0|1986|555|0|-2.189000|2.214998|0.375000
0|1987|555|0|1.182000|2.118999|0.655000
0|1988|555|0|0.785000|3.199999|1.646000
0|1989|555|0|-0.563000|2.820000|2.235000
0|1990|555|0|-1.113000|1.719000|1.343000
0|1991|555|0|0.041000|1.209000|0.622000
0|1992|555|0|-1.012000|2.948000|-0.829000
0|1993|555|0|-1.210000|2.959999|0.385000
0|1994|555|0|2.161000|2.864000|0.665000
0|1995|555|0|-0.134000|2.464001|1.353000
0|1996|555|0|1.020000|1.954000|0.632000
0|1997|555|0|0.132000|2.401001|2.879000
0|1998|555|0|-1.009000|1.491001|2.846000
0|1999|555|0|-3.346000|1.431000|0.327000
0|2000|555|0|-3.300000|1.421000|-1.190000
0|2001|555|0|-2.191999|0.921000|-0.394000
0|2002|555|0|-3.485000|0.210001|0.268000
0|2003|555|0|-2.400000|2.433001|-0.033000
0|2004|555|0|-2.224000|0.925001|-0.222000
0|2005|555|0|-1.115999|0.425001|0.574000
0|2006|555|0|-1.969999|2.989000|0.976000
0|2007|555|0|-3.683000|0.222000|1.482000
0|2008|555|0|-2.598000|2.445000|1.181000
0|2009|555|0|-2.422000|0.937000|0.992000
0|2010|555|0|-1.313999|0.437000|1.788000
0|2011|555|0|-2.742000|-0.180000|-1.286000
