0|3|1|0|PRO|GLY|1901|7|1|-N--|-CA-|102|0001|2.438906|290.691345|-4|4
0|4|0|1|GLY|PRO|119|1|8|-CA-|-CA-|202|0001|3.810026|151.854111|5|-5
0|9|1|0|PRO|GLY|1901|8|2|-CA-|-C--|203|0001|2.448956|13.243247|-10|10
0|13|1|0|PRO|GLY|1901|7|3|-N--|-O--|104|0001|2.292384|655.510132|-14|14
0|14|1|0|PRO|GLY|1901|8|3|-CA-|-O--|204|0001|2.814618|350.053864|-15|15
0|19|2|1|HIS|PRO|3319|21|8|-N--|-CA-|102|0001|2.410103|34.627701|-20|20
0|20|1|2|PRO|HIS|1933|8|22|-CA-|-CA-|202|0001|3.784648|14.664331|21|-21
0|29|2|1|HIS|PRO|3319|22|9|-CA-|-C--|203|0001|2.418686|0.972640|-30|30
0|32|2|1|HIS|PRO|3319|21|10|-N--|-O--|104|0001|2.261587|1.044713|-33|33
0|37|2|1|HIS|PRO|3319|22|10|-CA-|-O--|204|0001|2.779658|88.467705|-38|38
0|41|3|2|MET|HIS|1733|38|22|-N--|-CA-|102|0001|2.409984|2.343342|-42|42
0|42|2|3|HIS|MET|3317|22|39|-CA-|-CA-|202|0001|3.783983|98.312103|43|-43
0|47|3|2|MET|HIS|1733|39|23|-CA-|-C--|203|0001|2.418004|18.261484|-48|48
0|51|3|2|MET|HIS|1733|38|24|-N--|-O--|104|0001|2.261664|1.176238|-52|52
0|56|3|2|MET|HIS|1733|39|24|-CA-|-O--|204|0001|2.779113|108.409096|-57|57
0|65|3|4|MET|GLY|1701|39|56|-CA-|-CA-|202|0001|3.785102|50.926098|66|-66
0|66|4|3|GLY|MET|117|55|39|-N--|-CA-|102|0001|2.410254|5.567778|-67|67
0|69|4|3|GLY|MET|117|56|40|-CA-|-C--|203|0001|2.418576|169.691742|-70|70
0|74|4|3|GLY|MET|117|56|41|-CA-|-O--|204|0001|2.779927|180.090942|-75|75
0|75|4|3|GLY|MET|117|55|41|-N--|-O--|104|0001|2.261568|33.770069|-76|76
0|78|4|5|GLY|SER|111|56|63|-CA-|-CA-|202|0001|3.784946|79.940369|79|-79
0|79|5|4|SER|GLY|1101|62|56|-N--|-CA-|102|0001|2.410414|80.225830|-80|80
0|83|5|4|SER|GLY|1101|63|57|-CA-|-C--|203|0001|2.418651|1.629782|-84|84
0|88|5|4|SER|GLY|1101|63|58|-CA-|-O--|204|0001|2.778848|1085.855713|-89|89
0|89|5|4|SER|GLY|1101|62|58|-N--|-O--|104|0001|2.261091|24.783110|-90|90
0|92|5|6|SER|ASP|1121|63|74|-CA-|-CA-|202|0001|3.784668|12.800707|93|-93
0|93|6|5|ASP|SER|2111|73|63|-N--|-CA-|102|0001|2.410041|91.561050|-94|94
0|97|6|5|ASP|SER|2111|74|64|-CA-|-C--|203|0001|2.419204|1062.521973|-98|98
0|102|6|5|ASP|SER|2111|74|65|-CA-|-O--|204|0001|2.779137|3689.921631|-103|103
0|103|6|5|ASP|SER|2111|73|65|-N--|-O--|104|0001|2.260869|124.120461|-104|104
0|125|6|7|ASP|HIS|2133|74|87|-CA-|-CA-|202|0001|3.785077|1.857345|126|-126
0|126|7|6|HIS|ASP|3321|86|74|-N--|-CA-|102|0001|2.410870|503.311340|-127|127
0|131|7|6|HIS|ASP|3321|87|75|-CA-|-C--|203|0001|2.419036|1239.865601|-132|132
0|139|7|6|HIS|ASP|3321|87|76|-CA-|-O--|204|0001|2.780069|2381.991211|-140|140
0|140|7|6|HIS|ASP|3321|86|76|-N--|-O--|104|0001|2.262269|140.922272|-141|141
0|159|7|8|HIS|ILE|3309|87|104|-CA-|-CA-|202|0001|3.785227|833.924561|160|-160
0|160|8|7|ILE|HIS|933|103|87|-N--|-CA-|102|0001|2.409668|484.906982|-161|161
0|166|8|7|ILE|HIS|933|104|88|-CA-|-C--|203|0001|2.419367|88.560905|-167|167
0|171|8|7|ILE|HIS|933|104|89|-CA-|-O--|204|0001|2.779943|44.958366|-172|172
0|172|8|7|ILE|HIS|933|103|89|-N--|-O--|104|0001|2.261310|18.885559|-173|173
0|182|9|8|LYS|ILE|2909|122|104|-N--|-CA-|102|0001|2.410346|17.742010|-183|183
0|183|8|9|ILE|LYS|929|104|123|-CA-|-CA-|202|0001|3.784704|8.442266|184|-184
0|188|9|8|LYS|ILE|2909|123|105|-CA-|-C--|203|0001|2.418403|6.593450|-189|189
0|189|9|8|LYS|ILE|2909|122|106|-N--|-O--|104|0001|2.261220|866.856262|-190|190
0|192|9|8|LYS|ILE|2909|123|106|-CA-|-O--|204|0001|2.779546|2387.267822|-193|193
0|205|9|10|LYS|VAL|2905|123|144|-CA-|-CA-|202|0001|3.784352|28.307228|206|-206
0|206|10|9|VAL|LYS|529|143|123|-N--|-CA-|102|0001|2.410004|23.110519|-207|207
0|211|10|9|VAL|LYS|529|144|124|-CA-|-C--|203|0001|2.418261|88.947998|-212|212
0|216|10|9|VAL|LYS|529|144|125|-CA-|-O--|204|0001|2.779752|13.624449|-217|217
0|217|10|9|VAL|LYS|529|143|125|-N--|-O--|104|0001|2.262489|9.913128|-218|218
0|224|10|11|VAL|THR|513|144|160|-CA-|-CA-|202|0001|3.784825|47.005157|225|-225
0|225|11|10|THR|VAL|1305|159|144|-N--|-CA-|102|0001|2.410636|393.496582|-226|226
0|232|11|10|THR|VAL|1305|160|145|-CA-|-C--|203|0001|2.418304|318.747711|-233|233
0|240|11|10|THR|VAL|1305|160|146|-CA-|-O--|204|0001|2.779590|176.701965|-241|241
0|241|11|10|THR|VAL|1305|159|146|-N--|-O--|104|0001|2.261294|1190.491699|-242|242
0|263|11|12|THR|GLN|1327|160|174|-CA-|-CA-|202|0001|3.784899|163.539078|264|-264
0|264|12|11|GLN|THR|2713|173|160|-N--|-CA-|102|0001|2.410265|50.632660|-265|265
0|270|12|11|GLN|THR|2713|174|161|-CA-|-C--|203|0001|2.418903|144.112122|-271|271
0|278|12|11|GLN|THR|2713|174|162|-CA-|-O--|204|0001|2.779431|25.292366|-279|279
0|280|12|11|GLN|THR|2713|173|162|-N--|-O--|104|0001|2.261970|84.561142|-281|281
0|303|12|13|GLN|GLU|2725|174|191|-CA-|-CA-|202|0001|3.784802|143.565216|304|-304
0|304|13|12|GLU|GLN|2527|190|174|-N--|-CA-|102|0001|2.410312|0.100186|-305|305
0|307|13|12|GLU|GLN|2527|191|175|-CA-|-C--|203|0001|2.419005|289.881012|-308|308
0|313|13|12|GLU|GLN|2527|191|176|-CA-|-O--|204|0001|2.780342|281.822113|-314|314
0|314|13|12|GLU|GLN|2527|190|176|-N--|-O--|104|0001|2.261824|24.423971|-315|315
0|336|13|14|GLU|GLN|2527|191|207|-CA-|-CA-|202|0001|3.784764|43.963696|337|-337
0|337|14|13|GLN|GLU|2725|206|191|-N--|-CA-|102|0001|2.410163|135.878525|-338|338
0|343|14|13|GLN|GLU|2725|207|192|-CA-|-C--|203|0001|2.418500|91.318718|-344|344
0|353|14|13|GLN|GLU|2725|207|193|-CA-|-O--|204|0001|2.779715|29.564007|-354|354
0|354|14|13|GLN|GLU|2725|206|193|-N--|-O--|104|0001|2.261590|0.220930|-355|355
0|368|14|15|GLN|TYR|2737|207|224|-CA-|-CA-|202|0001|3.784793|10.361728|369|-369
0|369|15|14|TYR|GLN|3727|223|207|-N--|-CA-|102|0001|2.409697|44.612244|-370|370
0|370|15|14|TYR|GLN|3727|224|208|-CA-|-C--|203|0001|2.419390|49.490597|-371|371
0|378|15|14|TYR|GLN|3727|224|209|-CA-|-O--|204|0001|2.779918|86.440094|-379|379
0|379|15|14|TYR|GLN|3727|223|209|-N--|-O--|104|0001|2.261756|202.092697|-380|380
0|395|15|16|TYR|GLU|3725|224|245|-CA-|-CA-|202|0001|3.784543|57.829659|396|-396
0|396|16|15|GLU|TYR|2537|244|224|-N--|-CA-|102|0001|2.409810|131.738983|-397|397
0|404|16|15|GLU|TYR|2537|245|225|-CA-|-C--|203|0001|2.418173|10.361108|-405|405
0|415|16|15|GLU|TYR|2537|245|226|-CA-|-O--|204|0001|2.779177|12.140338|-416|416
0|416|16|15|GLU|TYR|2537|244|226|-N--|-O--|104|0001|2.261226|9.893280|-417|417
0|422|16|17|GLU|LEU|2507|245|261|-CA-|-CA-|202|0001|3.784911|12.206724|423|-423
0|423|17|16|LEU|GLU|725|260|245|-N--|-CA-|102|0001|2.409638|26.785349|-424|424
0|427|17|16|LEU|GLU|725|261|246|-CA-|-C--|203|0001|2.419259|18.718975|-428|428
0|435|17|16|LEU|GLU|725|261|247|-CA-|-O--|204|0001|2.779571|1346.139038|-436|436
0|436|17|16|LEU|GLU|725|260|247|-N--|-O--|104|0001|2.260896|893.895752|-437|437
0|447|18|17|PTR|LEU|3807|279|261|-N--|-CA-|102|0001|2.414202|16.599173|-448|448
0|448|17|18|LEU|PTR|738|261|280|-CA-|-CA-|202|0001|3.796776|48.414017|449|-449
0|451|18|17|PTR|LEU|3807|280|262|-CA-|-C--|203|0001|2.433425|14.112191|-452|452
0|455|18|17|PTR|LEU|3807|279|263|-N--|-O--|104|0001|2.250678|48.912262|-456|456
0|458|18|17|PTR|LEU|3807|280|263|-CA-|-O--|204|0001|2.771546|13.772792|-459|459
0|465|18|19|PTR|CYS|3815|280|304|-CA-|-CA-|202|0001|3.791242|47.447697|466|-466
0|466|19|18|CYS|PTR|1538|303|280|-N--|-CA-|102|0001|2.421830|2.303599|-467|467
0|472|19|18|CYS|PTR|1538|304|281|-CA-|-C--|203|0001|2.419135|15.676270|-473|473
0|481|19|18|CYS|PTR|1538|304|282|-CA-|-O--|204|0001|2.779734|833.700928|-482|482
0|482|19|18|CYS|PTR|1538|303|282|-N--|-O--|104|0001|2.261792|218.242783|-483|483
0|516|19|20|CYS|GLU|1525|304|315|-CA-|-CA-|202|0001|3.784521|51.165108|517|-517
0|517|20|19|GLU|CYS|2515|314|304|-N--|-CA-|102|0001|2.409671|43.311043|-518|518
0|520|20|19|GLU|CYS|2515|315|305|-CA-|-C--|203|0001|2.418919|86.349190|-521|521
0|525|20|19|GLU|CYS|2515|315|306|-CA-|-O--|204|0001|2.779464|13.872458|-526|526
0|526|20|19|GLU|CYS|2515|314|306|-N--|-O--|104|0001|2.261724|114.756371|-527|527
0|535|21|20|MET|GLU|1725|330|315|-N--|-CA-|102|0001|2.409424|136.172379|-536|536
0|536|20|21|GLU|MET|2517|315|331|-CA-|-CA-|202|0001|3.784727|1.845439|537|-537
0|541|21|20|MET|GLU|1725|331|316|-CA-|-C--|203|0001|2.418451|373.193146|-542|542
0|545|21|20|MET|GLU|1725|330|317|-N--|-O--|104|0001|2.261113|17.345709|-546|546
0|546|21|20|MET|GLU|1725|331|317|-CA-|-O--|204|0001|2.779163|263.017151|-547|547
0|551|21|22|MET|GLY|1701|331|348|-CA-|-CA-|202|0001|3.784701|7.885078|552|-552
0|552|22|21|GLY|MET|117|347|331|-N--|-CA-|102|0001|2.409679|27.372631|-553|553
0|555|22|21|GLY|MET|117|348|332|-CA-|-C--|203|0001|2.418376|11.741302|-556|556
0|558|22|21|GLY|MET|117|348|333|-CA-|-O--|204|0001|2.779506|221.311066|-559|559
0|559|22|21|GLY|MET|117|347|333|-N--|-O--|104|0001|2.260941|132.357864|-560|560
0|563|23|22|SER|GLY|1101|354|348|-N--|-CA-|102|0001|2.410381|9.398063|-564|564
0|564|22|23|GLY|SER|111|348|355|-CA-|-CA-|202|0001|3.785750|12.825202|565|-565
0|569|23|22|SER|GLY|1101|355|349|-CA-|-C--|203|0001|2.419086|25.081072|-570|570
0|570|23|22|SER|GLY|1101|354|350|-N--|-O--|104|0001|2.260945|30.196047|-571|571
0|572|23|22|SER|GLY|1101|355|350|-CA-|-O--|204|0001|2.779740|2.414202|-573|573
0|574|23|24|SER|THR|1113|355|366|-CA-|-CA-|202|0001|3.784644|11.388007|575|-575
0|575|24|23|THR|SER|1311|365|355|-N--|-CA-|102|0001|2.410296|73.616722|-576|576
0|578|24|23|THR|SER|1311|366|356|-CA-|-C--|203|0001|2.417976|47.991901|-579|579
0|584|24|23|THR|SER|1311|366|357|-CA-|-O--|204|0001|2.778820|12.913262|-585|585
0|585|24|23|THR|SER|1311|365|357|-N--|-O--|104|0001|2.260870|17.592781|-586|586
0|597|24|25|THR|PHE|1335|366|380|-CA-|-CA-|202|0001|3.784293|46.494076|598|-598
0|598|25|24|PHE|THR|3513|379|366|-N--|-CA-|102|0001|2.410158|38.952633|-599|599
0|605|25|24|PHE|THR|3513|380|367|-CA-|-C--|203|0001|2.418091|49.534718|-606|606
0|614|25|24|PHE|THR|3513|380|368|-CA-|-O--|204|0001|2.778903|182.975906|-615|615
0|615|25|24|PHE|THR|3513|379|368|-N--|-O--|104|0001|2.261673|3.296430|-616|616
0|633|26|25|GLN|PHE|2735|399|380|-N--|-CA-|102|0001|2.410481|173.982040|-634|634
0|634|25|26|PHE|GLN|3527|380|400|-CA-|-CA-|202|0001|3.785589|81.389458|635|-635
0|647|26|25|GLN|PHE|2735|400|381|-CA-|-C--|203|0001|2.418833|2.023260|-648|648
0|653|26|25|GLN|PHE|2735|399|382|-N--|-O--|104|0001|2.261342|1.068846|-654|654
0|659|26|25|GLN|PHE|2735|400|382|-CA-|-O--|204|0001|2.779817|18.038349|-660|660
0|684|26|27|GLN|LEU|2707|400|417|-CA-|-CA-|202|0001|3.784900|56.625996|685|-685
0|685|27|26|LEU|GLN|727|416|400|-N--|-CA-|102|0001|2.410047|3.265176|-686|686
0|693|27|26|LEU|GLN|727|417|401|-CA-|-C--|203|0001|2.418299|1.830750|-694|694
0|704|27|26|LEU|GLN|727|417|402|-CA-|-O--|204|0001|2.779559|1.005501|-705|705
0|705|27|26|LEU|GLN|727|416|402|-N--|-O--|104|0001|2.260842|65.128380|-706|706
0|724|27|28|LEU|CYS|715|417|436|-CA-|-CA-|202|0001|3.797543|15.000837|725|-725
0|725|28|27|CYS|LEU|1507|435|417|-N--|-CA-|102|0001|2.414361|31.427299|-726|726
0|729|28|27|CYS|LEU|1507|436|418|-CA-|-C--|203|0001|2.434624|27.844238|-730|730
0|740|28|27|CYS|LEU|1507|436|419|-CA-|-O--|204|0001|2.771619|12.271048|-741|741
0|741|28|27|CYS|LEU|1507|435|419|-N--|-O--|104|0001|2.249439|1.013271|-742|742
0|761|28|29|CYS|LYS|1529|436|446|-CA-|-CA-|202|0001|3.792494|0.535451|762|-762
0|762|29|28|LYS|CYS|2915|445|436|-N--|-CA-|102|0001|2.421993|26.866467|-763|763
0|769|29|28|LYS|CYS|2915|446|437|-CA-|-C--|203|0001|2.418967|767.711609|-770|770
0|774|29|28|LYS|CYS|2915|446|438|-CA-|-O--|204|0001|2.779896|11.416280|-775|775
0|775|29|28|LYS|CYS|2915|445|438|-N--|-O--|104|0001|2.261210|47.747253|-776|776
0|798|29|30|LYS|ILE|2909|446|467|-CA-|-CA-|202|0001|3.784832|32.871208|799|-799
0|799|30|29|ILE|LYS|929|466|446|-N--|-CA-|102|0001|2.409849|10.599201|-800|800
0|801|30|29|ILE|LYS|929|467|447|-CA-|-C--|203|0001|2.419379|11.408349|-802|802
0|806|30|29|ILE|LYS|929|467|448|-CA-|-O--|204|0001|2.780390|50.621578|-807|807
0|807|30|29|ILE|LYS|929|466|448|-N--|-O--|104|0001|2.261794|22.380625|-808|808
0|813|30|31|ILE|CYS|915|467|486|-CA-|-CA-|202|0001|3.784400|11.434965|814|-814
0|814|31|30|CYS|ILE|1509|485|467|-N--|-CA-|102|0001|2.410145|107.154861|-815|815
0|818|31|30|CYS|ILE|1509|486|468|-CA-|-C--|203|0001|2.418179|63.961498|-819|819
0|822|31|30|CYS|ILE|1509|486|469|-CA-|-O--|204|0001|2.779053|59.698154|-823|823
0|823|31|30|CYS|ILE|1509|485|469|-N--|-O--|104|0001|2.261454|3.283790|-824|824
0|828|32|31|ALA|CYS|315|495|486|-N--|-CA-|102|0001|2.409619|11.749730|-829|829
0|829|31|32|CYS|ALA|1503|486|496|-CA-|-CA-|202|0001|3.783992|225.422501|830|-830
0|835|32|31|ALA|CYS|315|496|487|-CA-|-C--|203|0001|2.417996|32.873432|-836|836
0|837|32|31|ALA|CYS|315|495|488|-N--|-O--|104|0001|2.260652|59.694023|-838|838
0|842|32|31|ALA|CYS|315|496|488|-CA-|-O--|204|0001|2.779462|78.373589|-843|843
0|854|32|33|ALA|GLU|325|496|506|-CA-|-CA-|202|0001|3.784620|199.856598|855|-855
0|855|33|32|GLU|ALA|2503|505|496|-N--|-CA-|102|0001|2.409823|45.217937|-856|856
0|858|33|32|GLU|ALA|2503|506|497|-CA-|-C--|203|0001|2.418777|1.244357|-859|859
0|862|33|32|GLU|ALA|2503|506|498|-CA-|-O--|204|0001|2.779290|17.221918|-863|863
0|863|33|32|GLU|ALA|2503|505|498|-N--|-O--|104|0001|2.261903|1565.291260|-864|864
0|867|33|34|GLU|ASN|2523|506|522|-CA-|-CA-|202|0001|3.784909|1.980322|868|-868
0|868|34|33|ASN|GLU|2325|521|506|-N--|-CA-|102|0001|2.410765|304.294312|-869|869
0|872|34|33|ASN|GLU|2325|522|507|-CA-|-C--|203|0001|2.418283|8.551637|-873|873
0|878|34|33|ASN|GLU|2325|522|508|-CA-|-O--|204|0001|2.779830|1.948424|-879|879
0|879|34|33|ASN|GLU|2325|521|508|-N--|-O--|104|0001|2.261812|304.623169|-880|880
0|890|34|35|ASN|ASP|2321|522|536|-CA-|-CA-|202|0001|3.784774|2.831751|891|-891
0|891|35|34|ASP|ASN|2123|535|522|-N--|-CA-|102|0001|2.410054|12.209188|-892|892
0|896|35|34|ASP|ASN|2123|536|523|-CA-|-C--|203|0001|2.418611|1.120058|-897|897
0|901|35|34|ASP|ASN|2123|536|524|-CA-|-O--|204|0001|2.779770|17.249336|-902|902
0|902|35|34|ASP|ASN|2123|535|524|-N--|-O--|104|0001|2.261626|0.829148|-903|903
0|909|35|36|ASP|LYS|2129|536|549|-CA-|-CA-|202|0001|3.785761|2484.087402|910|-910
0|910|36|35|LYS|ASP|2921|548|536|-N--|-CA-|102|0001|2.410790|849.305603|-911|911
0|913|36|35|LYS|ASP|2921|549|537|-CA-|-C--|203|0001|2.419127|430.955231|-914|914
0|919|36|35|LYS|ASP|2921|549|538|-CA-|-O--|204|0001|2.780053|302.915710|-920|920
0|925|36|35|LYS|ASP|2921|548|538|-N--|-O--|104|0001|2.261650|94.452911|-926|926
0|934|36|37|LYS|ASP|2921|549|570|-CA-|-CA-|202|0001|3.784427|2810.080322|935|-935
0|935|37|36|ASP|LYS|2129|569|549|-N--|-CA-|102|0001|2.410460|109.170624|-936|936
0|945|37|36|ASP|LYS|2129|570|550|-CA-|-C--|203|0001|2.418508|12.699798|-946|946
0|961|37|36|ASP|LYS|2129|570|551|-CA-|-O--|204|0001|2.779333|1684.865479|-962|962
0|962|37|36|ASP|LYS|2129|569|551|-N--|-O--|104|0001|2.261243|61.252083|-963|963
0|983|37|38|ASP|VAL|2105|570|583|-CA-|-CA-|202|0001|3.785238|721.758484|984|-984
0|984|38|37|VAL|ASP|521|582|570|-N--|-CA-|102|0001|2.410567|26.740839|-985|985
0|990|38|37|VAL|ASP|521|583|571|-CA-|-C--|203|0001|2.419142|80.740532|-991|991
0|998|38|37|VAL|ASP|521|583|572|-CA-|-O--|204|0001|2.780045|705.390747|-999|999
0|999|38|37|VAL|ASP|521|582|572|-N--|-O--|104|0001|2.261891|25.467718|-1000|1000
0|1007|38|39|VAL|LYS|529|583|599|-CA-|-CA-|202|0001|3.784843|313.788849|1008|-1008
0|1008|39|38|LYS|VAL|2905|598|583|-N--|-CA-|102|0001|2.410156|1.392978|-1009|1009
0|1013|39|38|LYS|VAL|2905|599|584|-CA-|-C--|203|0001|2.419177|12.022633|-1014|1014
0|1020|39|38|LYS|VAL|2905|599|585|-CA-|-O--|204|0001|2.779836|10.874566|-1021|1021
0|1021|39|38|LYS|VAL|2905|598|585|-N--|-O--|104|0001|2.261412|607.810303|-1022|1022
0|1039|39|40|LYS|ILE|2909|599|620|-CA-|-CA-|202|0001|3.784861|2.284737|1040|-1040
0|1040|40|39|ILE|LYS|929|619|599|-N--|-CA-|102|0001|2.409811|25.479939|-1041|1041
0|1045|40|39|ILE|LYS|929|620|600|-CA-|-C--|203|0001|2.419131|34.999805|-1046|1046
0|1053|40|39|ILE|LYS|929|620|601|-CA-|-O--|204|0001|2.779858|14.551112|-1054|1054
0|1054|40|39|ILE|LYS|929|619|601|-N--|-O--|104|0001|2.261628|10.236964|-1055|1055
0|1068|40|41|ILE|GLU|925|620|639|-CA-|-CA-|202|0001|3.785540|359.979462|1069|-1069
0|1069|41|40|GLU|ILE|2509|638|620|-N--|-CA-|102|0001|2.409953|55.399063|-1070|1070
0|1077|41|40|GLU|ILE|2509|639|621|-CA-|-C--|203|0001|2.418376|20.212502|-1078|1078
0|1088|41|40|GLU|ILE|2509|639|622|-CA-|-O--|204|0001|2.779809|441.648712|-1089|1089
0|1089|41|40|GLU|ILE|2509|638|622|-N--|-O--|104|0001|2.261391|43.582932|-1090|1090
0|1114|41|42|GLU|PRO|2519|639|655|-CA-|-CA-|202|0001|2.757721|1268.107300|1115|-1115
0|1116|42|41|PRO|GLU|1925|654|639|-N--|-CA-|102|0001|2.438997|0.050602|-1117|1117
0|1122|42|41|PRO|GLU|1925|655|640|-CA-|-C--|203|0001|2.448503|89.653786|-1123|1123
0|1129|42|41|PRO|GLU|1925|655|641|-CA-|-O--|204|0001|3.600970|3564.575439|-1130|1130
0|1132|42|41|PRO|GLU|1925|654|641|-N--|-O--|104|0001|2.293047|6.961291|-1133|1133
0|1154|43|42|CYS|PRO|1519|668|655|-N--|-CA-|102|0001|2.414554|12.832510|-1155|1155
0|1155|42|43|PRO|CYS|1915|655|669|-CA-|-CA-|202|0001|3.796922|30.319122|1156|-1156
0|1160|43|42|CYS|PRO|1519|669|656|-CA-|-C--|203|0001|2.434798|226.384430|-1161|1161
0|1162|43|42|CYS|PRO|1519|668|657|-N--|-O--|104|0001|2.249534|278.214600|-1163|1163
0|1166|43|42|CYS|PRO|1519|669|657|-CA-|-O--|204|0001|2.771610|184.702957|-1167|1167
0|1175|44|43|GLY|CYS|115|678|669|-N--|-CA-|102|0001|2.423431|13.134408|-1176|1176
0|1176|43|44|CYS|GLY|1501|669|679|-CA-|-CA-|202|0001|3.792591|0.080118|1177|-1177
0|1179|44|43|GLY|CYS|115|679|670|-CA-|-C--|203|0001|2.417907|27.451471|-1180|1180
0|1181|44|43|GLY|CYS|115|678|671|-N--|-O--|104|0001|2.261163|309.111633|-1182|1182
0|1183|44|43|GLY|CYS|115|679|671|-CA-|-O--|204|0001|2.779550|203.524551|-1184|1184
0|1198|44|45|GLY|HIS|133|679|686|-CA-|-CA-|202|0001|3.784447|10.707610|1199|-1199
0|1199|45|44|HIS|GLY|3301|685|679|-N--|-CA-|102|0001|2.409832|194.379440|-1200|1200
0|1203|45|44|HIS|GLY|3301|686|680|-CA-|-C--|203|0001|2.418078|7.462151|-1204|1204
0|1209|45|44|HIS|GLY|3301|686|681|-CA-|-O--|204|0001|2.779305|13.064543|-1210|1210
0|1210|45|44|HIS|GLY|3301|685|681|-N--|-O--|104|0001|2.261832|68.371948|-1211|1211
0|1214|45|46|HIS|LEU|3307|686|703|-CA-|-CA-|202|0001|3.785910|16.787649|1215|-1215
0|1215|46|45|LEU|HIS|733|702|686|-N--|-CA-|102|0001|2.411209|49.541149|-1216|1216
0|1220|46|45|LEU|HIS|733|703|687|-CA-|-C--|203|0001|2.418676|0.840804|-1221|1221
0|1225|46|45|LEU|HIS|733|703|688|-CA-|-O--|204|0001|2.779665|89.123047|-1226|1226
0|1226|46|45|LEU|HIS|733|702|688|-N--|-O--|104|0001|2.261488|2.065952|-1227|1227
0|1249|47|46|MET|LEU|1707|721|703|-N--|-CA-|102|0001|2.409619|8.724493|-1250|1250
0|1250|46|47|LEU|MET|717|703|722|-CA-|-CA-|202|0001|3.784496|282.313263|1251|-1251
0|1254|47|46|MET|LEU|1707|722|704|-CA-|-C--|203|0001|2.418489|1224.053467|-1255|1255
0|1260|47|46|MET|LEU|1707|721|705|-N--|-O--|104|0001|2.261725|122.714485|-1261|1261
0|1262|47|46|MET|LEU|1707|722|705|-CA-|-O--|204|0001|2.779374|1407.550903|-1263|1263
0|1265|47|48|MET|CYS|1715|722|739|-CA-|-CA-|202|0001|3.785628|38.040367|1266|-1266
0|1266|48|47|CYS|MET|1517|738|722|-N--|-CA-|102|0001|2.410699|447.488251|-1267|1267
0|1271|48|47|CYS|MET|1517|739|723|-CA-|-C--|203|0001|2.419109|18.759201|-1272|1272
0|1275|48|47|CYS|MET|1517|739|724|-CA-|-O--|204|0001|2.779380|219.382889|-1276|1276
0|1276|48|47|CYS|MET|1517|738|724|-N--|-O--|104|0001|2.261422|30.159996|-1277|1277
0|1284|49|48|THR|CYS|1315|748|739|-N--|-CA-|102|0001|2.409765|18.759201|-1285|1285
0|1286|48|49|CYS|THR|1513|739|749|-CA-|-CA-|202|0001|3.785058|173.187759|1287|-1287
0|1294|49|48|THR|CYS|1315|749|740|-CA-|-C--|203|0001|2.419191|14.451527|-1295|1295
0|1299|49|48|THR|CYS|1315|748|741|-N--|-O--|104|0001|2.262361|107.862556|-1300|1300
0|1306|49|48|THR|CYS|1315|749|741|-CA-|-O--|204|0001|2.780239|10.368268|-1307|1307
0|1324|49|50|THR|SER|1311|749|763|-CA-|-CA-|202|0001|3.784933|27.139635|1325|-1325
0|1325|50|49|SER|THR|1113|762|749|-N--|-CA-|102|0001|2.409731|17.095446|-1326|1326
0|1333|50|49|SER|THR|1113|763|750|-CA-|-C--|203|0001|2.419235|35.468555|-1334|1334
0|1345|50|49|SER|THR|1113|763|751|-CA-|-O--|204|0001|2.780419|33.098564|-1346|1346
0|1346|50|49|SER|THR|1113|762|751|-N--|-O--|104|0001|2.261496|12.398882|-1347|1347
0|1352|50|51|SER|CYS|1115|763|774|-CA-|-CA-|202|0001|3.784916|284.346405|1353|-1353
0|1353|51|50|CYS|SER|1511|773|763|-N--|-CA-|102|0001|2.410839|14.424573|-1354|1354
0|1358|51|50|CYS|SER|1511|774|764|-CA-|-C--|203|0001|2.418311|14.346600|-1359|1359
0|1362|51|50|CYS|SER|1511|774|765|-CA-|-O--|204|0001|2.779203|8.408937|-1363|1363
0|1363|51|50|CYS|SER|1511|773|765|-N--|-O--|104|0001|2.261318|118.441795|-1364|1364
0|1366|51|52|CYS|LEU|1507|774|784|-CA-|-CA-|202|0001|3.784820|73.573433|1367|-1367
0|1367|52|51|LEU|CYS|715|783|774|-N--|-CA-|102|0001|2.410043|6.312343|-1368|1368
0|1372|52|51|LEU|CYS|715|784|775|-CA-|-C--|203|0001|2.418785|11.632061|-1373|1373
0|1380|52|51|LEU|CYS|715|784|776|-CA-|-O--|204|0001|2.779415|33.917431|-1381|1381
0|1381|52|51|LEU|CYS|715|783|776|-N--|-O--|104|0001|2.261300|3.719853|-1382|1382
0|1390|52|53|LEU|THR|713|784|803|-CA-|-CA-|202|0001|3.784849|29.452473|1391|-1391
0|1391|53|52|THR|LEU|1307|802|784|-N--|-CA-|102|0001|2.410933|89.481438|-1392|1392
0|1394|53|52|THR|LEU|1307|803|785|-CA-|-C--|203|0001|2.418516|1100.341187|-1395|1395
0|1410|53|52|THR|LEU|1307|803|786|-CA-|-O--|204|0001|2.779059|55.021927|-1411|1411
0|1411|53|52|THR|LEU|1307|802|786|-N--|-O--|104|0001|2.261364|47.505882|-1412|1412
0|1426|53|54|THR|ALA|1303|803|817|-CA-|-CA-|202|0001|3.784854|7.609159|1427|-1427
0|1427|54|53|ALA|THR|313|816|803|-N--|-CA-|102|0001|2.409550|226.254547|-1428|1428
0|1434|54|53|ALA|THR|313|817|804|-CA-|-C--|203|0001|2.418658|6.129612|-1435|1435
0|1447|54|53|ALA|THR|313|817|805|-CA-|-O--|204|0001|2.779498|66.819092|-1448|1448
0|1448|54|53|ALA|THR|313|816|805|-N--|-O--|104|0001|2.260741|21.955349|-1449|1449
0|1454|54|55|ALA|TRP|339|817|827|-CA-|-CA-|202|0001|3.785196|192.031296|1455|-1455
0|1455|55|54|TRP|ALA|3903|826|817|-N--|-CA-|102|0001|2.410371|2.290906|-1456|1456
0|1462|55|54|TRP|ALA|3903|827|818|-CA-|-C--|203|0001|2.418567|1.099404|-1463|1463
0|1469|55|54|TRP|ALA|3903|827|819|-CA-|-O--|204|0001|2.779389|17.301310|-1470|1470
0|1470|55|54|TRP|ALA|3903|826|819|-N--|-O--|104|0001|2.260679|74.843948|-1471|1471
0|1479|55|56|TRP|GLN|3927|827|851|-CA-|-CA-|202|0001|3.784252|266.908569|1480|-1480
0|1480|56|55|GLN|TRP|2739|850|827|-N--|-CA-|102|0001|2.409783|25.686316|-1481|1481
0|1485|56|55|GLN|TRP|2739|851|828|-CA-|-C--|203|0001|2.417861|264.264557|-1486|1486
0|1498|56|55|GLN|TRP|2739|851|829|-CA-|-O--|204|0001|2.779093|67.951149|-1499|1499
0|1499|56|55|GLN|TRP|2739|850|829|-N--|-O--|104|0001|2.261282|7.447899|-1500|1500
0|1545|57|56|GLU|GLN|2527|867|851|-N--|-CA-|102|0001|2.410056|1763.157715|-1546|1546
0|1546|56|57|GLN|GLU|2725|851|868|-CA-|-CA-|202|0001|3.785379|55.257900|1547|-1547
0|1552|57|56|GLU|GLN|2527|868|852|-CA-|-C--|203|0001|2.419644|183.195511|-1553|1553
0|1556|57|56|GLU|GLN|2527|867|853|-N--|-O--|104|0001|2.261290|85.370399|-1557|1557
0|1559|57|56|GLU|GLN|2527|868|853|-CA-|-O--|204|0001|2.779871|44.476402|-1560|1560
0|1567|57|58|GLU|SER|2511|868|884|-CA-|-CA-|202|0001|3.785976|51.027126|1568|-1568
0|1568|58|57|SER|GLU|1125|883|868|-N--|-CA-|102|0001|2.411017|24.522652|-1569|1569
0|1571|58|57|SER|GLU|1125|884|869|-CA-|-C--|203|0001|2.418966|12554.401367|-1572|1572
0|1575|58|57|SER|GLU|1125|884|870|-CA-|-O--|204|0001|2.779962|1765.147583|-1576|1576
0|1577|58|57|SER|GLU|1125|883|870|-N--|-O--|104|0001|2.261202|1164.420532|-1578|1578
0|1580|58|59|SER|ASP|1121|884|895|-CA-|-CA-|202|0001|3.785463|28.166210|1581|-1581
0|1581|59|58|ASP|SER|2111|894|884|-N--|-CA-|102|0001|2.410343|14.076097|-1582|1582
0|1584|59|58|ASP|SER|2111|895|885|-CA-|-C--|203|0001|2.419115|13.987685|-1585|1585
0|1587|59|58|ASP|SER|2111|895|886|-CA-|-O--|204|0001|2.779574|16.819855|-1588|1588
0|1588|59|58|ASP|SER|2111|894|886|-N--|-O--|104|0001|2.260894|32.963615|-1589|1589
0|1591|59|60|ASP|GLY|2101|895|908|-CA-|-CA-|202|0001|3.785127|1.044713|1592|-1592
0|1592|60|59|GLY|ASP|121|907|895|-N--|-CA-|102|0001|2.410591|111.438133|-1593|1593
0|1595|60|59|GLY|ASP|121|908|896|-CA-|-C--|203|0001|2.418900|99.692795|-1596|1596
0|1598|60|59|GLY|ASP|121|908|897|-CA-|-O--|204|0001|2.779765|2.447848|-1599|1599
0|1599|60|59|GLY|ASP|121|907|897|-N--|-O--|104|0001|2.261324|119.597977|-1600|1600
0|1618|60|61|GLY|GLN|127|908|915|-CA-|-CA-|202|0001|3.785298|357.091400|1619|-1619
0|1619|61|60|GLN|GLY|2701|914|908|-N--|-CA-|102|0001|2.409614|75.045395|-1620|1620
0|1623|61|60|GLN|GLY|2701|915|909|-CA-|-C--|203|0001|2.418701|873.615784|-1624|1624
0|1627|61|60|GLN|GLY|2701|915|910|-CA-|-O--|204|0001|2.780039|213.798141|-1628|1628
0|1628|61|60|GLN|GLY|2701|914|910|-N--|-O--|104|0001|2.261110|39.346848|-1629|1629
0|1630|61|62|GLN|GLY|2701|915|932|-CA-|-CA-|202|0001|3.784558|245.350891|1631|-1631
0|1631|62|61|GLY|GLN|127|931|915|-N--|-CA-|102|0001|2.410057|809.430542|-1632|1632
0|1634|62|61|GLY|GLN|127|932|916|-CA-|-C--|203|0001|2.418406|15.769261|-1635|1635
0|1642|62|61|GLY|GLN|127|932|917|-CA-|-O--|204|0001|2.779891|75.534355|-1643|1643
0|1643|62|61|GLY|GLN|127|931|917|-N--|-O--|104|0001|2.261377|11.620678|-1644|1644
0|1660|63|62|CYS|GLY|1501|938|932|-N--|-CA-|102|0001|2.410362|85.391121|-1661|1661
0|1661|62|63|GLY|CYS|115|932|939|-CA-|-CA-|202|0001|3.785149|9.437101|1662|-1662
0|1670|63|62|CYS|GLY|1501|939|933|-CA-|-C--|203|0001|2.418982|694.984558|-1671|1671
0|1672|63|62|CYS|GLY|1501|938|934|-N--|-O--|104|0001|2.261486|2.244977|-1673|1673
0|1676|63|62|CYS|GLY|1501|939|934|-CA-|-O--|204|0001|2.780113|51.150414|-1677|1677
0|1687|63|64|CYS|PRO|1519|939|949|-CA-|-CA-|202|0001|3.810045|53.964176|1688|-1688
0|1688|64|63|PRO|CYS|1915|948|939|-N--|-CA-|102|0001|2.439292|29.894012|-1689|1689
0|1697|64|63|PRO|CYS|1915|949|940|-CA-|-C--|203|0001|2.448913|15.756939|-1698|1698
0|1709|64|63|PRO|CYS|1915|949|941|-CA-|-O--|204|0001|2.815011|10.240429|-1710|1710
0|1710|64|63|PRO|CYS|1915|948|941|-N--|-O--|104|0001|2.292963|2.010029|-1711|1711
0|1722|64|65|PRO|PHE|1935|949|963|-CA-|-CA-|202|0001|3.785292|2.974497|1723|-1723
0|1723|65|64|PHE|PRO|3519|962|949|-N--|-CA-|102|0001|2.410638|15698.530273|-1724|1724
0|1727|65|64|PHE|PRO|3519|963|950|-CA-|-C--|203|0001|2.418901|308.863556|-1728|1728
0|1733|65|64|PHE|PRO|3519|963|951|-CA-|-O--|204|0001|2.779442|7.017703|-1734|1734
0|1734|65|64|PHE|PRO|3519|962|951|-N--|-O--|104|0001|2.262304|12024.958008|-1735|1735
0|1740|65|66|PHE|CYS|3515|963|983|-CA-|-CA-|202|0001|3.785870|1503.767944|1741|-1741
0|1741|66|65|CYS|PHE|1535|982|963|-N--|-CA-|102|0001|2.410625|10.573078|-1742|1742
0|1745|66|65|CYS|PHE|1535|983|964|-CA-|-C--|203|0001|2.419157|1129.643799|-1746|1746
0|1749|66|65|CYS|PHE|1535|983|965|-CA-|-O--|204|0001|2.779985|486.127777|-1750|1750
0|1750|66|65|CYS|PHE|1535|982|965|-N--|-O--|104|0001|2.261255|31.446169|-1751|1751
0|1756|66|67|CYS|ARG|1531|983|993|-CA-|-CA-|202|0001|3.784780|132.720871|1757|-1757
0|1757|67|66|ARG|CYS|3115|992|983|-N--|-CA-|102|0001|2.410224|1143.132690|-1758|1758
0|1763|67|66|ARG|CYS|3115|993|984|-CA-|-C--|203|0001|2.418691|0.936128|-1764|1764
0|1771|67|66|ARG|CYS|3115|993|985|-CA-|-O--|204|0001|2.779745|0.020018|-1772|1772
0|1772|67|66|ARG|CYS|3115|992|985|-N--|-O--|104|0001|2.261608|111.575310|-1773|1773
0|1777|67|68|ARG|CYS|3115|993|1016|-CA-|-CA-|202|0001|3.784724|73.187195|1778|-1778
0|1778|68|67|CYS|ARG|1531|1015|993|-N--|-CA-|102|0001|2.410603|91.561050|-1779|1779
0|1781|68|67|CYS|ARG|1531|1016|994|-CA-|-C--|203|0001|2.418201|2.247633|-1782|1782
0|1785|68|67|CYS|ARG|1531|1016|995|-CA-|-O--|204|0001|2.779740|2.955436|-1786|1786
0|1786|68|67|CYS|ARG|1531|1015|995|-N--|-O--|104|0001|2.261929|526.474609|-1787|1787
0|1789|68|69|CYS|GLU|1525|1016|1027|-CA-|-CA-|202|0001|3.785218|1.905868|1790|-1790
0|1790|69|68|GLU|CYS|2515|1026|1016|-N--|-CA-|102|0001|2.409669|14.574314|-1791|1791
0|1793|69|68|GLU|CYS|2515|1027|1017|-CA-|-C--|203|0001|2.418530|183.859146|-1794|1794
0|1797|69|68|GLU|CYS|2515|1027|1018|-CA-|-O--|204|0001|2.780117|9.558931|-1798|1798
0|1798|69|68|GLU|CYS|2515|1026|1018|-N--|-O--|104|0001|2.261083|32.785454|-1799|1799
0|1806|69|70|GLU|ILE|2509|1027|1043|-CA-|-CA-|202|0001|3.785153|11.862247|1807|-1807
0|1807|70|69|ILE|GLU|925|1042|1027|-N--|-CA-|102|0001|2.411088|66.808502|-1808|1808
0|1812|70|69|ILE|GLU|925|1043|1028|-CA-|-C--|203|0001|2.418776|13.448223|-1813|1813
0|1817|70|69|ILE|GLU|925|1043|1029|-CA-|-O--|204|0001|2.779246|107.084152|-1818|1818
0|1818|70|69|ILE|GLU|925|1042|1029|-N--|-O--|104|0001|2.261526|0.010005|-1819|1819
0|1825|70|71|ILE|LYS|929|1043|1062|-CA-|-CA-|202|0001|3.785196|14.180856|1826|-1826
0|1826|71|70|LYS|ILE|2909|1061|1043|-N--|-CA-|102|0001|2.410916|124.742874|-1827|1827
0|1831|71|70|LYS|ILE|2909|1062|1044|-CA-|-C--|203|0001|2.418037|97.246407|-1832|1832
0|1836|71|70|LYS|ILE|2909|1062|1045|-CA-|-O--|204|0001|2.779582|369.851776|-1837|1837
0|1837|71|70|LYS|ILE|2909|1061|1045|-N--|-O--|104|0001|2.261938|13.569121|-1838|1838
0|1844|72|71|GLY|LYS|129|1082|1062|-N--|-CA-|102|0001|2.410191|0.983024|-1845|1845
0|1845|71|72|LYS|GLY|2901|1062|1083|-CA-|-CA-|202|0001|3.784566|51.111370|1846|-1846
0|1847|72|71|GLY|LYS|129|1083|1063|-CA-|-C--|203|0001|2.418339|18.610886|-1848|1848
0|1850|72|71|GLY|LYS|129|1082|1064|-N--|-O--|104|0001|2.261734|54.052013|-1851|1851
0|1851|72|71|GLY|LYS|129|1083|1064|-CA-|-O--|204|0001|2.779901|1.867522|-1852|1852
0|1855|72|73|GLY|THR|113|1083|1090|-CA-|-CA-|202|0001|3.784661|305.723206|1856|-1856
0|1856|73|72|THR|GLY|1301|1089|1083|-N--|-CA-|102|0001|2.410839|47.979183|-1857|1857
0|1858|73|72|THR|GLY|1301|1090|1084|-CA-|-C--|203|0001|2.417572|912.091736|-1859|1859
0|1864|73|72|THR|GLY|1301|1090|1085|-CA-|-O--|204|0001|2.779302|79.487396|-1865|1865
0|1865|73|72|THR|GLY|1301|1089|1085|-N--|-O--|104|0001|2.261670|3.453905|-1866|1866
0|1869|73|74|THR|GLU|1325|1090|1104|-CA-|-CA-|202|0001|3.785443|911.829834|1870|-1870
0|1870|74|73|GLU|THR|2513|1103|1090|-N--|-CA-|102|0001|2.410895|72.630173|-1871|1871
0|1874|74|73|GLU|THR|2513|1104|1091|-CA-|-C--|203|0001|2.419234|23.828806|-1875|1875
0|1877|74|73|GLU|THR|2513|1104|1092|-CA-|-O--|204|0001|2.780272|296.235138|-1878|1878
0|1878|74|73|GLU|THR|2513|1103|1092|-N--|-O--|104|0001|2.262315|13.119524|-1879|1879
0|1882|75|74|PRO|GLU|1925|1119|1104|-N--|-CA-|102|0001|2.439164|0.000000|-1883|1883
0|1883|74|75|GLU|PRO|2519|1104|1120|-CA-|-CA-|202|0001|3.809692|295.976257|1884|-1884
0|1889|75|74|PRO|GLU|1925|1120|1105|-CA-|-C--|203|0001|2.449370|43.204079|-1890|1890
0|1894|75|74|PRO|GLU|1925|1119|1106|-N--|-O--|104|0001|2.293024|4263.193848|-1895|1895
0|1897|75|74|PRO|GLU|1925|1120|1106|-CA-|-O--|204|0001|2.815019|153.344788|-1898|1898
0|1906|75|76|PRO|ILE|1909|1120|1134|-CA-|-CA-|202|0001|3.785154|304.195618|1907|-1907
0|1907|76|75|ILE|PRO|919|1133|1120|-N--|-CA-|102|0001|2.411094|12.686075|-1908|1908
0|1910|76|75|ILE|PRO|919|1134|1121|-CA-|-C--|203|0001|2.418539|462.120483|-1911|1911
0|1915|76|75|ILE|PRO|919|1134|1122|-CA-|-O--|204|0001|2.779708|0.080089|-1916|1916
0|1916|76|75|ILE|PRO|919|1133|1122|-N--|-O--|104|0001|2.261575|167.870056|-1917|1917
0|1920|76|77|ILE|ILE|909|1134|1153|-CA-|-CA-|202|0001|3.784718|88.846581|1921|-1921
0|1921|77|76|ILE|ILE|909|1152|1134|-N--|-CA-|102|0001|2.409774|920.362549|-1922|1922
0|1923|77|76|ILE|ILE|909|1153|1135|-CA-|-C--|203|0001|2.418853|13.145046|-1924|1924
0|1929|77|76|ILE|ILE|909|1153|1136|-CA-|-O--|204|0001|2.780167|10.348125|-1930|1930
0|1930|77|76|ILE|ILE|909|1152|1136|-N--|-O--|104|0001|2.261989|275.842651|-1931|1931
0|1945|77|78|ILE|VAL|905|1153|1172|-CA-|-CA-|202|0001|3.785392|32.486710|1946|-1946
0|1946|78|77|VAL|ILE|509|1171|1153|-N--|-CA-|102|0001|2.410648|1.803007|-1947|1947
0|1950|78|77|VAL|ILE|509|1172|1154|-CA-|-C--|203|0001|2.419029|142.877625|-1951|1951
0|1955|78|77|VAL|ILE|509|1172|1155|-CA-|-O--|204|0001|2.780425|750.376282|-1956|1956
0|1956|78|77|VAL|ILE|509|1171|1155|-N--|-O--|104|0001|2.261763|247.789841|-1957|1957
0|1965|78|79|VAL|ASP|521|1172|1188|-CA-|-CA-|202|0001|3.785184|146.600662|1966|-1966
0|1966|79|78|ASP|VAL|2105|1187|1172|-N--|-CA-|102|0001|2.410525|160.100037|-1967|1967
0|1968|79|78|ASP|VAL|2105|1188|1173|-CA-|-C--|203|0001|2.418446|126.409470|-1969|1969
0|1974|79|78|ASP|VAL|2105|1188|1174|-CA-|-O--|204|0001|2.778884|225.524658|-1975|1975
0|1975|79|78|ASP|VAL|2105|1187|1174|-N--|-O--|104|0001|2.261050|245.086624|-1976|1976
0|1982|79|80|ASP|PRO|2119|1188|1201|-CA-|-CA-|202|0001|3.810613|70.142036|1983|-1983
0|1983|80|79|PRO|ASP|1921|1200|1188|-N--|-CA-|102|0001|2.439451|145.110123|-1984|1984
0|1989|80|79|PRO|ASP|1921|1201|1189|-CA-|-C--|203|0001|2.448955|1224.320068|-1990|1990
0|1994|80|79|PRO|ASP|1921|1201|1190|-CA-|-O--|204|0001|2.814225|637.708130|-1995|1995
0|1995|80|79|PRO|ASP|1921|1200|1190|-N--|-O--|104|0001|2.293020|16.812462|-1996|1996
0|1999|80|81|PRO|PHE|1935|1201|1215|-CA-|-CA-|202|0001|3.784883|2055.675781|2000|-2000
0|2000|81|80|PHE|PRO|3519|1214|1201|-N--|-CA-|102|0001|2.410049|50.830044|-2001|2001
0|2003|81|80|PHE|PRO|3519|1215|1202|-CA-|-C--|203|0001|2.418902|342.589111|-2004|2004
0|2008|81|80|PHE|PRO|3519|1215|1203|-CA-|-O--|204|0001|2.779949|182.030746|-2009|2009
0|2009|81|80|PHE|PRO|3519|1214|1203|-N--|-O--|104|0001|2.261528|12.810411|-2010|2010
