0|0|1|GLY|A|345|7|0|000|18.574219|-1.000000|-1.000000|0.000000|-1|-1|0|0|-1|1
0|1|19|PRO|A|346|14|0|000|18.273335|-1.000000|-1.000000|0.000000|-1|-1|0|0|0|2
0|2|33|HIS|A|347|17|0|000|15.424559|-1.000000|-1.000000|0.000000|-1|-1|0|0|1|3
0|3|17|MET|A|348|17|0|000|19.310492|-1.000000|-1.000000|0.000000|-1|-1|0|0|2|4
0|4|1|GLY|A|349|7|0|000|16.411390|-1.000000|-1.000000|0.000000|-1|-1|0|0|3|5
0|5|11|SER|A|350|11|0|000|13.121279|-1.000000|-1.000000|0.000000|-1|-1|0|0|4|6
0|6|21|ASP|A|351|13|0|000|11.790270|-1.000000|-1.000000|0.000000|-1|-1|0|0|5|7
0|7|33|HIS|A|352|17|0|000|13.098104|-1.000000|-1.000000|0.000000|-1|-1|0|0|6|8
0|8|9|ILE|A|353|19|0|000|8.730343|-1.000000|-1.000000|0.000000|-1|-1|0|0|7|9
0|9|29|LYS|A|354|21|0|000|14.355091|-1.000000|-1.000000|0.000000|-1|-1|0|0|8|10
0|10|5|VAL|A|355|16|0|000|11.547808|-1.000000|-1.000000|0.000000|-1|-1|0|0|9|11
0|11|13|THR|A|356|14|0|000|14.199293|-1.000000|-1.000000|0.000000|-1|-1|0|0|10|12
0|12|27|GLN|A|357|17|0|000|18.697496|-1.000000|-1.000000|0.000000|-1|-1|0|0|11|13
0|13|25|GLU|A|358|16|0|000|15.651704|-1.000000|-1.000000|0.000000|-1|-1|0|0|12|14
0|14|27|GLN|A|359|17|0|000|11.706202|-1.000000|-1.000000|0.000000|-1|-1|0|0|13|15
0|15|37|TYR|A|360|21|0|000|15.074895|-1.000000|-1.000000|0.000000|-1|-1|0|0|14|16
0|16|25|GLU|A|361|16|0|000|18.485952|-1.000000|-1.000000|0.000000|-1|-1|0|0|15|17
0|17|7|LEU|A|362|19|0|000|15.151023|-1.000000|-1.000000|0.000000|-1|-1|0|0|16|18
0|18|38|PTR|A|363|24|0|000|10.716982|-1.000000|-1.000000|0.000000|-1|-1|0|0|17|19
0|19|15|CYS|A|364|11|0|000|17.514305|-1.000000|-1.000000|0.000000|-1|-1|0|0|18|20
0|20|25|GLU|A|365|16|0|000|19.486294|-1.000000|-1.000000|0.000000|-1|-1|0|0|19|21
0|21|17|MET|A|366|17|0|000|16.134233|-1.000000|-1.000000|0.000000|-1|-1|0|0|20|22
0|22|1|GLY|A|367|7|0|000|16.975349|-1.000000|-1.000000|0.000000|-1|-1|0|0|21|23
0|23|11|SER|A|368|11|0|000|13.436387|-1.000000|-1.000000|0.000000|-1|-1|0|0|22|24
0|24|13|THR|A|369|14|0|000|11.968726|-1.000000|-1.000000|0.000000|-1|-1|0|0|23|25
0|25|35|PHE|A|370|20|0|000|7.017981|-1.000000|-1.000000|0.000000|-1|-1|0|0|24|26
0|26|27|GLN|A|371|17|0|000|8.691105|-1.000000|-1.000000|0.000000|-1|-1|0|0|25|27
0|27|7|LEU|A|372|19|0|000|9.766184|-1.000000|-1.000000|0.000000|-1|-1|0|0|26|28
0|28|15|CYS|A|373|10|0|000|7.142433|-1.000000|-1.000000|0.000000|-1|-1|0|0|27|29
0|29|29|LYS|A|374|21|0|000|8.199955|-1.000000|-1.000000|0.000000|-1|-1|0|0|28|30
0|30|9|ILE|A|375|19|0|000|9.160473|-1.000000|-1.000000|0.000000|-1|-1|0|0|29|31
0|31|15|CYS|A|376|10|0|000|12.026362|-1.000000|-1.000000|0.000000|-1|-1|0|0|30|32
0|32|3|ALA|A|377|10|0|000|12.131557|-1.000000|-1.000000|0.000000|-1|-1|0|0|31|33
0|33|25|GLU|A|378|16|0|000|14.444472|-1.000000|-1.000000|0.000000|-1|-1|0|0|32|34
0|34|23|ASN|A|379|14|0|000|11.301552|-1.000000|-1.000000|0.000000|-1|-1|0|0|33|35
0|35|21|ASP|A|380|13|0|000|8.896416|-1.000000|-1.000000|0.000000|-1|-1|0|0|34|36
0|36|29|LYS|A|381|21|0|000|3.449622|-1.000000|-1.000000|0.000000|-1|-1|0|0|35|37
0|37|21|ASP|A|382|13|0|000|7.549295|-1.000000|-1.000000|0.000000|-1|-1|0|0|36|38
0|38|5|VAL|A|383|16|0|000|4.941211|-1.000000|-1.000000|0.000000|-1|-1|0|0|37|39
0|39|29|LYS|A|384|21|0|000|5.745661|-1.000000|-1.000000|0.000000|-1|-1|0|0|38|40
0|40|9|ILE|A|385|19|0|000|6.448555|-1.000000|-1.000000|0.000000|-1|-1|0|0|39|41
0|41|25|GLU|A|386|16|0|000|10.260665|-1.000000|-1.000000|0.000000|-1|-1|0|0|40|42
0|42|19|PRO|A|387|14|0|000|13.072060|-1.000000|-1.000000|0.000000|-1|-1|0|0|41|43
0|43|15|CYS|A|388|10|0|000|10.081226|-1.000000|-1.000000|0.000000|-1|-1|0|0|42|44
0|44|1|GLY|A|389|7|0|000|7.327254|-1.000000|-1.000000|0.000000|-1|-1|0|0|43|45
0|45|33|HIS|A|390|17|0|000|6.470736|-1.000000|-1.000000|0.000000|-1|-1|0|0|44|46
0|46|7|LEU|A|391|19|0|000|2.172402|-1.000000|-1.000000|0.000000|-1|-1|0|0|45|47
0|47|17|MET|A|392|17|0|000|3.748429|-1.000000|-1.000000|0.000000|-1|-1|0|0|46|48
0|48|15|CYS|A|393|10|0|000|6.836999|-1.000000|-1.000000|0.000000|-1|-1|0|0|47|49
0|49|13|THR|A|394|14|0|000|8.836254|-1.000000|-1.000000|0.000000|-1|-1|0|0|48|50
0|50|11|SER|A|395|11|0|000|11.799979|-1.000000|-1.000000|0.000000|-1|-1|0|0|49|51
0|51|15|CYS|A|396|10|0|000|10.123296|-1.000000|-1.000000|0.000000|-1|-1|0|0|50|52
0|52|7|LEU|A|397|19|0|000|9.873369|-1.000000|-1.000000|0.000000|-1|-1|0|0|51|53
0|53|13|THR|A|398|14|0|000|13.849002|-1.000000|-1.000000|0.000000|-1|-1|0|0|52|54
0|54|3|ALA|A|399|10|0|000|14.313049|-1.000000|-1.000000|0.000000|-1|-1|0|0|53|55
0|55|39|TRP|A|400|24|0|000|13.411440|-1.000000|-1.000000|0.000000|-1|-1|0|0|54|56
0|56|27|GLN|A|401|17|0|000|14.356587|-1.000000|-1.000000|0.000000|-1|-1|0|0|55|57
0|57|25|GLU|A|402|16|0|000|18.125391|-1.000000|-1.000000|0.000000|-1|-1|0|0|56|58
0|58|11|SER|A|403|11|0|000|18.564360|-1.000000|-1.000000|0.000000|-1|-1|0|0|57|59
0|59|21|ASP|A|404|13|0|000|17.969458|-1.000000|-1.000000|0.000000|-1|-1|0|0|58|60
0|60|1|GLY|A|405|7|0|000|16.125677|-1.000000|-1.000000|0.000000|-1|-1|0|0|59|61
0|61|27|GLN|A|406|17|0|000|16.989613|-1.000000|-1.000000|0.000000|-1|-1|0|0|60|62
0|62|1|GLY|A|407|7|0|000|13.454373|-1.000000|-1.000000|0.000000|-1|-1|0|0|61|63
0|63|15|CYS|A|408|10|0|000|10.102706|-1.000000|-1.000000|0.000000|-1|-1|0|0|62|64
0|64|19|PRO|A|409|14|0|000|10.258495|-1.000000|-1.000000|0.000000|-1|-1|0|0|63|65
0|65|35|PHE|A|410|20|0|000|7.798161|-1.000000|-1.000000|0.000000|-1|-1|0|0|64|66
0|66|15|CYS|A|411|10|0|000|12.234204|-1.000000|-1.000000|0.000000|-1|-1|0|0|65|67
0|67|31|ARG|A|412|23|0|000|15.676227|-1.000000|-1.000000|0.000000|-1|-1|0|0|66|68
0|68|15|CYS|A|413|11|0|000|14.395165|-1.000000|-1.000000|0.000000|-1|-1|0|0|67|69
0|69|25|GLU|A|414|16|0|000|15.945057|-1.000000|-1.000000|0.000000|-1|-1|0|0|68|70
0|70|9|ILE|A|415|19|0|000|11.367793|-1.000000|-1.000000|0.000000|-1|-1|0|0|69|71
0|71|29|LYS|A|416|21|0|000|15.602336|-1.000000|-1.000000|0.000000|-1|-1|0|0|70|72
0|72|1|GLY|A|417|7|0|000|11.621424|-1.000000|-1.000000|0.000000|-1|-1|0|0|71|73
0|73|13|THR|A|418|14|0|000|10.329906|-1.000000|-1.000000|0.000000|-1|-1|0|0|72|74
0|74|25|GLU|A|419|16|0|000|10.446841|-1.000000|-1.000000|0.000000|-1|-1|0|0|73|75
0|75|19|PRO|A|420|14|0|000|10.929954|-1.000000|-1.000000|0.000000|-1|-1|0|0|74|76
0|76|9|ILE|A|421|19|0|000|7.651633|-1.000000|-1.000000|0.000000|-1|-1|0|0|75|77
0|77|9|ILE|A|422|19|0|000|10.908604|-1.000000|-1.000000|0.000000|-1|-1|0|0|76|78
0|78|5|VAL|A|423|16|0|000|7.274878|-1.000000|-1.000000|0.000000|-1|-1|0|0|77|79
0|79|21|ASP|A|424|13|0|000|12.024273|-1.000000|-1.000000|0.000000|-1|-1|0|0|78|80
0|80|19|PRO|A|425|14|0|000|13.344938|-1.000000|-1.000000|0.000000|-1|-1|0|0|79|81
0|81|35|PHE|A|426|20|0|000|17.189682|-1.000000|-1.000000|0.000000|-1|-1|0|0|80|-1
0|82|46|_ZN|A|1373|1|1|000|9.743208|-1.000000|-1.000000|0.000000|-1|-1|0|1|-1|-1
0|83|46|_ZN|A|1388|1|1|000|8.568881|-1.000000|-1.000000|0.000000|-1|-1|0|2|-1|-1
