1857|0|3|ALA|A|47|5|0|000|17.866575|-1.000000|-1.000000|0.000000|-1|-1|0|0|-1|1
1857|1|1|GLY|A|48|4|0|000|16.678827|-1.000000|-1.000000|0.000000|-1|-1|0|0|0|-1
1857|2|29|LYS|A|49|9|0|000|14.501087|-1.000000|-1.000000|0.000000|-1|-1|0|0|-1|3
1857|3|7|LEU|A|50|8|0|000|12.234320|-1.000000|-1.000000|0.000000|-1|-1|0|0|2|4
1857|4|25|GLU|A|51|9|0|000|14.938434|-1.000000|-1.000000|0.000000|-1|-1|0|0|3|5
1857|5|31|ARG|A|52|11|0|000|17.426050|-1.000000|-1.000000|0.000000|-1|-1|0|0|4|6
1857|6|5|VAL|A|53|7|0|000|14.315289|-1.000000|-1.000000|0.000000|-1|-1|0|0|5|7
1857|7|21|ASP|A|54|8|0|000|17.636011|-1.000000|-1.000000|0.000000|-1|-1|0|0|6|8
1857|8|19|PRO|A|55|7|0|000|16.088573|-1.000000|-1.000000|0.000000|-1|-1|0|0|7|9
1857|9|13|THR|A|56|7|0|000|18.908016|-1.000000|-1.000000|0.000000|-1|-1|0|0|8|10
1857|10|13|THR|A|57|7|0|000|17.852358|-1.000000|-1.000000|0.000000|-1|-1|0|0|9|11
1857|11|5|VAL|A|58|7|0|000|13.256612|-1.000000|-1.000000|0.000000|-1|-1|0|0|10|12
1857|12|31|ARG|A|59|11|0|000|14.115740|-1.000000|-1.000000|0.000000|-1|-1|0|0|11|13
1857|13|27|GLN|A|60|9|0|000|18.096848|-1.000000|-1.000000|0.000000|-1|-1|0|0|12|14
1857|14|25|GLU|A|61|9|0|000|18.616163|-1.000000|-1.000000|0.000000|-1|-1|0|0|13|15
1857|15|1|GLY|A|62|4|0|000|14.919700|-1.000000|-1.000000|0.000000|-1|-1|0|0|14|16
1857|16|19|PRO|A|63|7|0|000|12.149758|-1.000000|-1.000000|0.000000|-1|-1|0|0|15|17
1857|17|39|TRP|A|64|14|0|000|9.061133|-1.000000|-1.000000|0.000000|-1|-1|0|0|16|18
1857|18|3|ALA|A|65|5|0|000|13.755846|-1.000000|-1.000000|0.000000|-1|-1|0|0|17|19
1857|19|21|ASP|A|66|8|0|000|14.481637|-1.000000|-1.000000|0.000000|-1|-1|0|0|18|20
1857|20|19|PRO|A|67|7|0|000|11.986723|-1.000000|-1.000000|0.000000|-1|-1|0|0|19|21
1857|21|3|ALA|A|68|5|0|000|13.937860|-1.000000|-1.000000|0.000000|-1|-1|0|0|20|22
1857|22|27|GLN|A|69|9|0|000|14.218467|-1.000000|-1.000000|0.000000|-1|-1|0|0|21|23
1857|23|3|ALA|A|70|5|0|000|9.208700|-1.000000|-1.000000|0.000000|-1|-1|0|0|22|24
1857|24|5|VAL|A|71|7|0|000|10.630136|-1.000000|-1.000000|0.000000|-1|-1|0|0|23|25
1857|25|5|VAL|A|72|7|0|000|12.737633|-1.000000|-1.000000|0.000000|-1|-1|0|0|24|26
1857|26|27|GLN|A|73|9|0|000|16.646133|-1.000000|-1.000000|0.000000|-1|-1|0|0|25|27
1857|27|13|THR|A|74|7|0|000|15.313416|-1.000000|-1.000000|0.000000|-1|-1|0|0|26|28
1857|28|1|GLY|A|75|4|0|000|18.074446|-1.000000|-1.000000|0.000000|-1|-1|0|0|27|29
1857|29|19|PRO|A|76|7|0|000|20.715834|-1.000000|-1.000000|0.000000|-1|-1|0|0|28|30
1857|30|23|ASN|A|77|8|0|000|18.277826|-1.000000|-1.000000|0.000000|-1|-1|0|0|29|31
1857|31|27|GLN|A|78|9|0|000|14.819308|-1.000000|-1.000000|0.000000|-1|-1|0|0|30|32
1857|32|37|TYR|A|79|12|0|000|13.306859|-1.000000|-1.000000|0.000000|-1|-1|0|0|31|33
1857|33|13|THR|A|80|7|0|000|9.805512|-1.000000|-1.000000|0.000000|-1|-1|0|0|32|34
1857|34|5|VAL|A|81|7|0|000|5.994798|-1.000000|-1.000000|0.000000|-1|-1|0|0|33|35
1857|35|37|TYR|A|82|12|0|000|8.129828|-1.000000|-1.000000|0.000000|-1|-1|0|0|34|36
1857|36|5|VAL|A|83|7|0|000|2.930598|-1.000000|-1.000000|0.000000|-1|-1|0|0|35|37
1857|37|7|LEU|A|84|8|0|000|7.247626|-1.000000|-1.000000|0.000000|-1|-1|0|0|36|38
1857|38|3|ALA|A|85|5|0|000|7.358166|-1.000000|-1.000000|0.000000|-1|-1|0|0|37|39
1857|39|35|PHE|A|86|11|0|000|10.622277|-1.000000|-1.000000|0.000000|-1|-1|0|0|38|40
1857|40|3|ALA|A|87|5|0|000|14.081675|-1.000000|-1.000000|0.000000|-1|-1|0|0|39|41
1857|41|35|PHE|A|88|11|0|000|15.016623|-1.000000|-1.000000|0.000000|-1|-1|0|0|40|42
1857|42|1|GLY|A|89|4|0|000|9.763802|-1.000000|-1.000000|0.000000|-1|-1|0|0|41|43
1857|43|37|TYR|A|90|12|0|000|6.615567|-1.000000|-1.000000|0.000000|-1|-1|0|0|42|44
1857|44|27|GLN|A|91|9|0|000|7.962780|-1.000000|-1.000000|0.000000|-1|-1|0|0|43|45
1857|45|19|PRO|A|92|7|0|000|7.270833|-1.000000|-1.000000|0.000000|-1|-1|0|0|44|46
1857|46|23|ASN|A|93|8|0|000|10.180849|-1.000000|-1.000000|0.000000|-1|-1|0|0|45|47
1857|47|19|PRO|A|94|7|0|000|10.929461|-1.000000|-1.000000|0.000000|-1|-1|0|0|46|48
1857|48|9|ILE|A|95|8|0|000|7.244143|-1.000000|-1.000000|0.000000|-1|-1|0|0|47|49
1857|49|25|GLU|A|96|9|0|000|12.062048|-1.000000|-1.000000|0.000000|-1|-1|0|0|48|50
1857|50|5|VAL|A|97|7|0|000|11.614904|-1.000000|-1.000000|0.000000|-1|-1|0|0|49|51
1857|51|19|PRO|A|98|7|0|000|14.881184|-1.000000|-1.000000|0.000000|-1|-1|0|0|50|52
1857|52|27|GLN|A|99|9|0|000|18.248310|-1.000000|-1.000000|0.000000|-1|-1|0|0|51|53
1857|53|1|GLY|A|100|4|0|000|17.393272|-1.000000|-1.000000|0.000000|-1|-1|0|0|52|54
1857|54|3|ALA|A|101|5|0|000|15.085665|-1.000000|-1.000000|0.000000|-1|-1|0|0|53|55
1857|55|25|GLU|A|102|9|0|000|14.056384|-1.000000|-1.000000|0.000000|-1|-1|0|0|54|56
1857|56|9|ILE|A|103|8|0|000|9.889797|-1.000000|-1.000000|0.000000|-1|-1|0|0|55|57
1857|57|5|VAL|A|104|7|0|000|9.228378|-1.000000|-1.000000|0.000000|-1|-1|0|0|56|58
1857|58|35|PHE|A|105|11|0|000|4.881686|-1.000000|-1.000000|0.000000|-1|-1|0|0|57|59
1857|59|29|LYS|A|106|9|0|000|7.407091|-1.000000|-1.000000|0.000000|-1|-1|0|0|58|60
1857|60|9|ILE|A|107|8|0|000|4.510276|-1.000000|-1.000000|0.000000|-1|-1|0|0|59|61
1857|61|13|THR|A|108|7|0|000|8.050993|-1.000000|-1.000000|0.000000|-1|-1|0|0|60|62
1857|62|11|SER|A|109|6|0|000|10.664036|-1.000000|-1.000000|0.000000|-1|-1|0|0|61|63
1857|63|19|PRO|A|110|7|0|000|12.776389|-1.000000|-1.000000|0.000000|-1|-1|0|0|62|64
1857|64|21|ASP|A|111|8|0|000|14.324602|-1.000000|-1.000000|0.000000|-1|-1|0|0|63|65
1857|65|5|VAL|A|112|7|0|000|14.836393|-1.000000|-1.000000|0.000000|-1|-1|0|0|64|66
1857|66|9|ILE|A|113|8|0|000|14.101521|-1.000000|-1.000000|0.000000|-1|-1|0|0|65|67
1857|67|33|HIS|A|114|10|0|000|10.731483|-1.000000|-1.000000|0.000000|-1|-1|0|0|66|68
1857|68|1|GLY|A|115|4|0|000|9.032747|-1.000000|-1.000000|0.000000|-1|-1|0|0|67|69
1857|69|35|PHE|A|116|11|0|000|5.051809|-1.000000|-1.000000|0.000000|-1|-1|0|0|68|70
1857|70|33|HIS|A|117|10|0|000|10.763597|-1.000000|-1.000000|0.000000|-1|-1|0|0|69|71
1857|71|5|VAL|A|118|7|0|000|9.382964|-1.000000|-1.000000|0.000000|-1|-1|0|0|70|72
1857|72|25|GLU|A|119|9|0|000|13.624755|-1.000000|-1.000000|0.000000|-1|-1|0|0|71|73
1857|73|1|GLY|A|120|4|0|000|15.156589|-1.000000|-1.000000|0.000000|-1|-1|0|0|72|74
1857|74|13|THR|A|121|7|0|000|13.097335|-1.000000|-1.000000|0.000000|-1|-1|0|0|73|75
1857|75|23|ASN|A|122|8|0|000|13.841954|-1.000000|-1.000000|0.000000|-1|-1|0|0|74|76
1857|76|9|ILE|A|123|8|0|000|9.491167|-1.000000|-1.000000|0.000000|-1|-1|0|0|75|77
1857|77|23|ASN|A|124|8|0|000|11.682883|-1.000000|-1.000000|0.000000|-1|-1|0|0|76|78
1857|78|5|VAL|A|125|7|0|000|8.935623|-1.000000|-1.000000|0.000000|-1|-1|0|0|77|79
1857|79|25|GLU|A|126|9|0|000|11.796518|-1.000000|-1.000000|0.000000|-1|-1|0|0|78|80
1857|80|5|VAL|A|127|7|0|000|8.903640|-1.000000|-1.000000|0.000000|-1|-1|0|0|79|81
1857|81|7|LEU|A|128|8|0|000|12.611252|-1.000000|-1.000000|0.000000|-1|-1|0|0|80|82
1857|82|19|PRO|A|129|7|0|000|14.000807|-1.000000|-1.000000|0.000000|-1|-1|0|0|81|83
1857|83|1|GLY|A|130|4|0|000|14.351796|-1.000000|-1.000000|0.000000|-1|-1|0|0|82|84
1857|84|25|GLU|A|131|9|0|000|13.531286|-1.000000|-1.000000|0.000000|-1|-1|0|0|83|85
1857|85|5|VAL|A|132|7|0|000|10.256883|-1.000000|-1.000000|0.000000|-1|-1|0|0|84|86
1857|86|11|SER|A|133|6|0|000|8.051984|-1.000000|-1.000000|0.000000|-1|-1|0|0|85|87
1857|87|13|THR|A|134|7|0|000|9.465330|-1.000000|-1.000000|0.000000|-1|-1|0|0|86|88
1857|88|5|VAL|A|135|7|0|000|7.897002|-1.000000|-1.000000|0.000000|-1|-1|0|0|87|89
1857|89|31|ARG|A|136|11|0|000|11.919408|-1.000000|-1.000000|0.000000|-1|-1|0|0|88|90
1857|90|37|TYR|A|137|12|0|000|11.835801|-1.000000|-1.000000|0.000000|-1|-1|0|0|89|91
1857|91|13|THR|A|138|7|0|000|14.664197|-1.000000|-1.000000|0.000000|-1|-1|0|0|90|92
1857|92|35|PHE|A|139|11|0|000|12.402607|-1.000000|-1.000000|0.000000|-1|-1|0|0|91|93
1857|93|29|LYS|A|140|9|0|000|18.536890|-1.000000|-1.000000|0.000000|-1|-1|0|0|92|94
1857|94|31|ARG|A|141|11|0|000|18.406834|-1.000000|-1.000000|0.000000|-1|-1|0|0|93|95
1857|95|19|PRO|A|142|7|0|000|18.638826|-1.000000|-1.000000|0.000000|-1|-1|0|0|94|96
1857|96|1|GLY|A|143|4|0|000|16.054495|-1.000000|-1.000000|0.000000|-1|-1|0|0|95|97
1857|97|25|GLU|A|144|9|0|000|15.164204|-1.000000|-1.000000|0.000000|-1|-1|0|0|96|98
1857|98|37|TYR|A|145|12|0|000|12.715860|-1.000000|-1.000000|0.000000|-1|-1|0|0|97|99
1857|99|31|ARG|A|146|11|0|000|13.169991|-1.000000|-1.000000|0.000000|-1|-1|0|0|98|100
1857|100|9|ILE|A|147|8|0|000|7.798795|-1.000000|-1.000000|0.000000|-1|-1|0|0|99|101
1857|101|9|ILE|A|148|8|0|000|11.127047|-1.000000|-1.000000|0.000000|-1|-1|0|0|100|102
1857|102|15|CYS|A|149|6|0|000|11.667435|-1.000000|-1.000000|0.000000|-1|-1|0|0|101|103
1857|103|23|ASN|A|150|8|0|000|13.214814|-1.000000|-1.000000|0.000000|-1|-1|0|0|102|104
1857|104|27|GLN|A|151|9|0|000|14.214982|-1.000000|-1.000000|0.000000|-1|-1|0|0|103|105
1857|105|37|TYR|A|152|12|0|000|19.028879|-1.000000|-1.000000|0.000000|-1|-1|0|0|104|106
1857|106|15|CYS|A|153|6|0|000|15.922349|-1.000000|-1.000000|0.000000|-1|-1|0|0|105|107
1857|107|1|GLY|A|154|4|0|000|18.863846|-1.000000|-1.000000|0.000000|-1|-1|0|0|106|108
1857|108|7|LEU|A|155|8|0|000|21.755560|-1.000000|-1.000000|0.000000|-1|-1|0|0|107|109
1857|109|1|GLY|A|156|4|0|000|17.540298|-1.000000|-1.000000|0.000000|-1|-1|0|0|108|110
1857|110|33|HIS|A|157|10|0|000|16.067480|-1.000000|-1.000000|0.000000|-1|-1|0|0|109|111
1857|111|27|GLN|A|158|9|0|000|19.163059|-1.000000|-1.000000|0.000000|-1|-1|0|0|110|112
1857|112|23|ASN|A|159|8|0|000|17.109888|-1.000000|-1.000000|0.000000|-1|-1|0|0|111|113
1857|113|17|MET|A|160|8|0|000|11.757995|-1.000000|-1.000000|0.000000|-1|-1|0|0|112|114
1857|114|35|PHE|A|161|11|0|000|13.021073|-1.000000|-1.000000|0.000000|-1|-1|0|0|113|115
1857|115|1|GLY|A|162|4|0|000|9.312995|-1.000000|-1.000000|0.000000|-1|-1|0|0|114|116
1857|116|13|THR|A|163|7|0|000|10.121050|-1.000000|-1.000000|0.000000|-1|-1|0|0|115|117
1857|117|9|ILE|A|164|8|0|000|8.851550|-1.000000|-1.000000|0.000000|-1|-1|0|0|116|118
1857|118|5|VAL|A|165|7|0|000|12.803391|-1.000000|-1.000000|0.000000|-1|-1|0|0|117|119
1857|119|5|VAL|A|166|7|0|000|14.194972|-1.000000|-1.000000|0.000000|-1|-1|0|0|118|120
1857|120|29|LYS|A|167|9|0|000|16.228022|-1.000000|-1.000000|0.000000|-1|-1|0|0|119|121
1857|121|25|GLU|A|168|10|0|000|21.544313|-1.000000|-1.000000|0.000000|-1|-1|0|0|120|-1
1857|122|3|ALA|B|34|5|0|000|23.655602|-1.000000|-1.000000|0.000000|-1|-1|0|4|-1|123
1857|123|37|TYR|B|35|12|0|000|21.313765|-1.000000|-1.000000|0.000000|-1|-1|0|4|122|124
1857|124|13|THR|B|36|7|0|000|22.813208|-1.000000|-1.000000|0.000000|-1|-1|0|4|123|125
1857|125|7|LEU|B|37|8|0|000|21.093023|-1.000000|-1.000000|0.000000|-1|-1|0|4|124|126
1857|126|3|ALA|B|38|5|0|000|20.900145|-1.000000|-1.000000|0.000000|-1|-1|0|4|125|127
1857|127|13|THR|B|39|5|0|000|23.022102|-1.000000|-1.000000|0.000000|-1|-1|0|4|126|128
1857|128|33|HIS|B|40|10|0|000|22.244705|-1.000000|-1.000000|0.000000|-1|-1|0|4|127|129
1857|129|13|THR|B|41|7|0|000|20.471388|-1.000000|-1.000000|0.000000|-1|-1|0|4|128|130
1857|130|3|ALA|B|42|5|0|000|18.001759|-1.000000|-1.000000|0.000000|-1|-1|0|4|129|131
1857|131|1|GLY|B|43|4|0|000|18.612690|-1.000000|-1.000000|0.000000|-1|-1|0|4|130|-1
1857|132|3|ALA|B|47|5|0|000|13.101832|-1.000000|-1.000000|0.000000|-1|-1|0|4|-1|133
1857|133|1|GLY|B|48|4|0|000|13.126895|-1.000000|-1.000000|0.000000|-1|-1|0|4|132|134
1857|134|29|LYS|B|49|9|0|000|16.639685|-1.000000|-1.000000|0.000000|-1|-1|0|4|133|135
1857|135|7|LEU|B|50|8|0|000|13.325571|-1.000000|-1.000000|0.000000|-1|-1|0|4|134|136
1857|136|25|GLU|B|51|9|0|000|14.821373|-1.000000|-1.000000|0.000000|-1|-1|0|4|135|137
1857|137|31|ARG|B|52|11|0|000|15.273076|-1.000000|-1.000000|0.000000|-1|-1|0|4|136|138
1857|138|5|VAL|B|53|7|0|000|13.181046|-1.000000|-1.000000|0.000000|-1|-1|0|4|137|139
1857|139|21|ASP|B|54|8|0|000|16.467188|-1.000000|-1.000000|0.000000|-1|-1|0|4|138|140
1857|140|19|PRO|B|55|7|0|000|14.562108|-1.000000|-1.000000|0.000000|-1|-1|0|4|139|141
1857|141|13|THR|B|56|7|0|000|17.494963|-1.000000|-1.000000|0.000000|-1|-1|0|4|140|142
1857|142|13|THR|B|57|7|0|000|16.366688|-1.000000|-1.000000|0.000000|-1|-1|0|4|141|143
1857|143|5|VAL|B|58|7|0|000|11.772641|-1.000000|-1.000000|0.000000|-1|-1|0|4|142|144
1857|144|31|ARG|B|59|11|0|000|12.439567|-1.000000|-1.000000|0.000000|-1|-1|0|4|143|145
1857|145|27|GLN|B|60|9|0|000|17.063875|-1.000000|-1.000000|0.000000|-1|-1|0|4|144|146
1857|146|25|GLU|B|61|9|0|000|17.263632|-1.000000|-1.000000|0.000000|-1|-1|0|4|145|147
1857|147|1|GLY|B|62|4|0|000|13.416914|-1.000000|-1.000000|0.000000|-1|-1|0|4|146|148
1857|148|19|PRO|B|63|7|0|000|10.750175|-1.000000|-1.000000|0.000000|-1|-1|0|4|147|149
1857|149|39|TRP|B|64|14|0|000|7.677808|-1.000000|-1.000000|0.000000|-1|-1|0|4|148|150
1857|150|3|ALA|B|65|5|0|000|12.126486|-1.000000|-1.000000|0.000000|-1|-1|0|4|149|151
1857|151|21|ASP|B|66|8|0|000|12.866108|-1.000000|-1.000000|0.000000|-1|-1|0|4|150|152
1857|152|19|PRO|B|67|7|0|000|10.654583|-1.000000|-1.000000|0.000000|-1|-1|0|4|151|153
1857|153|3|ALA|B|68|5|0|000|12.731358|-1.000000|-1.000000|0.000000|-1|-1|0|4|152|154
1857|154|27|GLN|B|69|9|0|000|13.016744|-1.000000|-1.000000|0.000000|-1|-1|0|4|153|155
1857|155|3|ALA|B|70|5|0|000|8.092704|-1.000000|-1.000000|0.000000|-1|-1|0|4|154|156
1857|156|5|VAL|B|71|7|0|000|10.129377|-1.000000|-1.000000|0.000000|-1|-1|0|4|155|157
1857|157|5|VAL|B|72|7|0|000|12.056031|-1.000000|-1.000000|0.000000|-1|-1|0|4|156|158
1857|158|27|GLN|B|73|9|0|000|16.275272|-1.000000|-1.000000|0.000000|-1|-1|0|4|157|159
1857|159|13|THR|B|74|7|0|000|15.554776|-1.000000|-1.000000|0.000000|-1|-1|0|4|158|160
1857|160|1|GLY|B|75|4|0|000|18.144436|-1.000000|-1.000000|0.000000|-1|-1|0|4|159|161
1857|161|19|PRO|B|76|7|0|000|20.532339|-1.000000|-1.000000|0.000000|-1|-1|0|4|160|162
1857|162|23|ASN|B|77|8|0|000|18.242697|-1.000000|-1.000000|0.000000|-1|-1|0|4|161|163
1857|163|27|GLN|B|78|9|0|000|16.575674|-1.000000|-1.000000|0.000000|-1|-1|0|4|162|164
1857|164|37|TYR|B|79|12|0|000|13.328722|-1.000000|-1.000000|0.000000|-1|-1|0|4|163|165
1857|165|13|THR|B|80|7|0|000|9.400646|-1.000000|-1.000000|0.000000|-1|-1|0|4|164|166
1857|166|5|VAL|B|81|7|0|000|5.598602|-1.000000|-1.000000|0.000000|-1|-1|0|4|165|167
1857|167|37|TYR|B|82|12|0|000|6.921744|-1.000000|-1.000000|0.000000|-1|-1|0|4|166|168
1857|168|5|VAL|B|83|7|0|000|1.439733|-1.000000|-1.000000|0.000000|-1|-1|0|4|167|169
1857|169|7|LEU|B|84|8|0|000|5.922172|-1.000000|-1.000000|0.000000|-1|-1|0|4|168|170
1857|170|3|ALA|B|85|5|0|000|6.968567|-1.000000|-1.000000|0.000000|-1|-1|0|4|169|171
1857|171|35|PHE|B|86|11|0|000|10.071368|-1.000000|-1.000000|0.000000|-1|-1|0|4|170|172
1857|172|3|ALA|B|87|5|0|000|13.666128|-1.000000|-1.000000|0.000000|-1|-1|0|4|171|173
1857|173|35|PHE|B|88|11|0|000|15.047530|-1.000000|-1.000000|0.000000|-1|-1|0|4|172|174
1857|174|1|GLY|B|89|4|0|000|9.857110|-1.000000|-1.000000|0.000000|-1|-1|0|4|173|175
1857|175|37|TYR|B|90|12|0|000|7.120637|-1.000000|-1.000000|0.000000|-1|-1|0|4|174|176
1857|176|27|GLN|B|91|9|0|000|6.893602|-1.000000|-1.000000|0.000000|-1|-1|0|4|175|177
1857|177|19|PRO|B|92|7|0|000|6.649449|-1.000000|-1.000000|0.000000|-1|-1|0|4|176|178
1857|178|23|ASN|B|93|8|0|000|10.320808|-1.000000|-1.000000|0.000000|-1|-1|0|4|177|179
1857|179|19|PRO|B|94|7|0|000|11.008823|-1.000000|-1.000000|0.000000|-1|-1|0|4|178|180
1857|180|9|ILE|B|95|8|0|000|7.448180|-1.000000|-1.000000|0.000000|-1|-1|0|4|179|181
1857|181|25|GLU|B|96|9|0|000|12.647695|-1.000000|-1.000000|0.000000|-1|-1|0|4|180|182
1857|182|5|VAL|B|97|7|0|000|11.658829|-1.000000|-1.000000|0.000000|-1|-1|0|4|181|183
1857|183|19|PRO|B|98|7|0|000|14.883972|-1.000000|-1.000000|0.000000|-1|-1|0|4|182|184
1857|184|27|GLN|B|99|9|0|000|18.797873|-1.000000|-1.000000|0.000000|-1|-1|0|4|183|185
1857|185|1|GLY|B|100|4|0|000|18.087929|-1.000000|-1.000000|0.000000|-1|-1|0|4|184|186
1857|186|3|ALA|B|101|5|0|000|15.649715|-1.000000|-1.000000|0.000000|-1|-1|0|4|185|187
1857|187|25|GLU|B|102|9|0|000|13.867236|-1.000000|-1.000000|0.000000|-1|-1|0|4|186|188
1857|188|9|ILE|B|103|8|0|000|10.479362|-1.000000|-1.000000|0.000000|-1|-1|0|4|187|189
1857|189|5|VAL|B|104|7|0|000|9.337025|-1.000000|-1.000000|0.000000|-1|-1|0|4|188|190
1857|190|35|PHE|B|105|11|0|000|5.435536|-1.000000|-1.000000|0.000000|-1|-1|0|4|189|191
1857|191|29|LYS|B|106|9|0|000|6.938618|-1.000000|-1.000000|0.000000|-1|-1|0|4|190|192
1857|192|9|ILE|B|107|8|0|000|4.211671|-1.000000|-1.000000|0.000000|-1|-1|0|4|191|193
1857|193|13|THR|B|108|7|0|000|7.134129|-1.000000|-1.000000|0.000000|-1|-1|0|4|192|194
1857|194|11|SER|B|109|6|0|000|9.859580|-1.000000|-1.000000|0.000000|-1|-1|0|4|193|195
1857|195|19|PRO|B|110|7|0|000|11.774884|-1.000000|-1.000000|0.000000|-1|-1|0|4|194|196
1857|196|21|ASP|B|111|8|0|000|13.750251|-1.000000|-1.000000|0.000000|-1|-1|0|4|195|197
1857|197|5|VAL|B|112|7|0|000|14.658524|-1.000000|-1.000000|0.000000|-1|-1|0|4|196|198
1857|198|9|ILE|B|113|8|0|000|14.285486|-1.000000|-1.000000|0.000000|-1|-1|0|4|197|199
1857|199|33|HIS|B|114|10|0|000|10.964892|-1.000000|-1.000000|0.000000|-1|-1|0|4|198|200
1857|200|1|GLY|B|115|4|0|000|10.063658|-1.000000|-1.000000|0.000000|-1|-1|0|4|199|201
1857|201|35|PHE|B|116|11|0|000|6.535373|-1.000000|-1.000000|0.000000|-1|-1|0|4|200|202
1857|202|33|HIS|B|117|10|0|000|12.373429|-1.000000|-1.000000|0.000000|-1|-1|0|4|201|203
1857|203|5|VAL|B|118|7|0|000|10.962181|-1.000000|-1.000000|0.000000|-1|-1|0|4|202|204
1857|204|25|GLU|B|119|9|0|000|15.513365|-1.000000|-1.000000|0.000000|-1|-1|0|4|203|205
1857|205|1|GLY|B|120|4|0|000|16.860289|-1.000000|-1.000000|0.000000|-1|-1|0|4|204|206
1857|206|13|THR|B|121|7|0|000|14.479961|-1.000000|-1.000000|0.000000|-1|-1|0|4|205|207
1857|207|23|ASN|B|122|8|0|000|14.836900|-1.000000|-1.000000|0.000000|-1|-1|0|4|206|208
1857|208|9|ILE|B|123|8|0|000|10.752764|-1.000000|-1.000000|0.000000|-1|-1|0|4|207|209
1857|209|23|ASN|B|124|8|0|000|13.185050|-1.000000|-1.000000|0.000000|-1|-1|0|4|208|210
1857|210|5|VAL|B|125|7|0|000|10.123716|-1.000000|-1.000000|0.000000|-1|-1|0|4|209|211
1857|211|25|GLU|B|126|9|0|000|12.765821|-1.000000|-1.000000|0.000000|-1|-1|0|4|210|212
1857|212|5|VAL|B|127|7|0|000|9.167523|-1.000000|-1.000000|0.000000|-1|-1|0|4|211|213
1857|213|7|LEU|B|128|8|0|000|12.645034|-1.000000|-1.000000|0.000000|-1|-1|0|4|212|214
1857|214|19|PRO|B|129|7|0|000|13.304898|-1.000000|-1.000000|0.000000|-1|-1|0|4|213|215
1857|215|1|GLY|B|130|4|0|000|13.273764|-1.000000|-1.000000|0.000000|-1|-1|0|4|214|216
1857|216|25|GLU|B|131|9|0|000|12.993209|-1.000000|-1.000000|0.000000|-1|-1|0|4|215|217
1857|217|5|VAL|B|132|7|0|000|9.622391|-1.000000|-1.000000|0.000000|-1|-1|0|4|216|218
1857|218|11|SER|B|133|6|0|000|8.142199|-1.000000|-1.000000|0.000000|-1|-1|0|4|217|219
1857|219|13|THR|B|134|7|0|000|9.776630|-1.000000|-1.000000|0.000000|-1|-1|0|4|218|220
1857|220|5|VAL|B|135|7|0|000|8.492541|-1.000000|-1.000000|0.000000|-1|-1|0|4|219|221
1857|221|31|ARG|B|136|11|0|000|12.612087|-1.000000|-1.000000|0.000000|-1|-1|0|4|220|222
1857|222|37|TYR|B|137|12|0|000|12.747073|-1.000000|-1.000000|0.000000|-1|-1|0|4|221|223
1857|223|13|THR|B|138|7|0|000|15.373990|-1.000000|-1.000000|0.000000|-1|-1|0|4|222|224
1857|224|35|PHE|B|139|11|0|000|13.232009|-1.000000|-1.000000|0.000000|-1|-1|0|4|223|225
1857|225|29|LYS|B|140|9|0|000|19.392134|-1.000000|-1.000000|0.000000|-1|-1|0|4|224|226
1857|226|31|ARG|B|141|11|0|000|20.793203|-1.000000|-1.000000|0.000000|-1|-1|0|4|225|227
1857|227|19|PRO|B|142|7|0|000|19.380098|-1.000000|-1.000000|0.000000|-1|-1|0|4|226|228
1857|228|1|GLY|B|143|4|0|000|16.970266|-1.000000|-1.000000|0.000000|-1|-1|0|4|227|229
1857|229|25|GLU|B|144|9|0|000|16.142429|-1.000000|-1.000000|0.000000|-1|-1|0|4|228|230
1857|230|37|TYR|B|145|12|0|000|13.811112|-1.000000|-1.000000|0.000000|-1|-1|0|4|229|231
1857|231|31|ARG|B|146|11|0|000|14.729459|-1.000000|-1.000000|0.000000|-1|-1|0|4|230|232
1857|232|9|ILE|B|147|8|0|000|9.122463|-1.000000|-1.000000|0.000000|-1|-1|0|4|231|233
1857|233|9|ILE|B|148|8|0|000|12.542494|-1.000000|-1.000000|0.000000|-1|-1|0|4|232|234
1857|234|15|CYS|B|149|6|0|000|12.775231|-1.000000|-1.000000|0.000000|-1|-1|0|4|233|235
1857|235|23|ASN|B|150|8|0|000|14.767430|-1.000000|-1.000000|0.000000|-1|-1|0|4|234|236
1857|236|27|GLN|B|151|9|0|000|15.050448|-1.000000|-1.000000|0.000000|-1|-1|0|4|235|237
1857|237|37|TYR|B|152|12|0|000|19.753473|-1.000000|-1.000000|0.000000|-1|-1|0|4|236|238
1857|238|15|CYS|B|153|6|0|000|16.448553|-1.000000|-1.000000|0.000000|-1|-1|0|4|237|239
1857|239|1|GLY|B|154|4|0|000|19.372883|-1.000000|-1.000000|0.000000|-1|-1|0|4|238|240
1857|240|7|LEU|B|155|8|0|000|21.049629|-1.000000|-1.000000|0.000000|-1|-1|0|4|239|241
1857|241|1|GLY|B|156|4|0|000|18.196625|-1.000000|-1.000000|0.000000|-1|-1|0|4|240|242
1857|242|33|HIS|B|157|10|0|000|16.993586|-1.000000|-1.000000|0.000000|-1|-1|0|4|241|243
1857|243|27|GLN|B|158|9|0|000|20.431208|-1.000000|-1.000000|0.000000|-1|-1|0|4|242|244
1857|244|23|ASN|B|159|8|0|000|18.022486|-1.000000|-1.000000|0.000000|-1|-1|0|4|243|245
1857|245|17|MET|B|160|8|0|000|12.467280|-1.000000|-1.000000|0.000000|-1|-1|0|4|244|246
1857|246|35|PHE|B|161|11|0|000|14.128601|-1.000000|-1.000000|0.000000|-1|-1|0|4|245|247
1857|247|1|GLY|B|162|4|0|000|10.303616|-1.000000|-1.000000|0.000000|-1|-1|0|4|246|248
1857|248|13|THR|B|163|7|0|000|10.853303|-1.000000|-1.000000|0.000000|-1|-1|0|4|247|249
1857|249|9|ILE|B|164|8|0|000|9.879100|-1.000000|-1.000000|0.000000|-1|-1|0|4|248|250
1857|250|5|VAL|B|165|7|0|000|13.326792|-1.000000|-1.000000|0.000000|-1|-1|0|4|249|251
1857|251|5|VAL|B|166|7|0|000|14.888890|-1.000000|-1.000000|0.000000|-1|-1|0|4|250|252
1857|252|29|LYS|B|167|9|0|000|16.519093|-1.000000|-1.000000|0.000000|-1|-1|0|4|251|253
1857|253|25|GLU|B|168|10|0|000|21.553440|-1.000000|-1.000000|0.000000|-1|-1|0|4|252|-1
1857|254|46|_ZN|A|171|1|1|000|15.335323|-1.000000|-1.000000|0.000000|-1|-1|0|2|-1|-1
1857|255|52|CUA|A|169|2|1|000|12.915071|-1.000000|-1.000000|0.000000|-1|-1|0|3|-1|-1
1857|256|46|_ZN|B|172|1|1|000|17.102644|-1.000000|-1.000000|0.000000|-1|-1|0|6|-1|-1
1857|257|52|CUA|B|170|2|1|000|13.557185|-1.000000|-1.000000|0.000000|-1|-1|0|7|-1|-1
1857|258|43|HOH|A|6001|1|0|000|17.351652|-1.000000|-1.000000|0.000000|-1|-1|0|1|-1|-1
1857|259|43|HOH|A|6004|1|0|000|20.260889|-1.000000|-1.000000|0.000000|-1|-1|0|1|-1|-1
1857|260|43|HOH|A|6005|1|0|000|10.151418|-1.000000|-1.000000|0.000000|-1|-1|0|1|-1|-1
1857|261|43|HOH|A|6006|1|0|000|7.235886|-1.000000|-1.000000|0.000000|-1|-1|0|1|-1|-1
1857|262|43|HOH|A|6009|1|0|000|12.368269|-1.000000|-1.000000|0.000000|-1|-1|0|1|-1|-1
1857|263|43|HOH|A|6018|1|0|000|18.836962|-1.000000|-1.000000|0.000000|-1|-1|0|1|-1|-1
1857|264|43|HOH|A|6021|1|0|000|18.750534|-1.000000|-1.000000|0.000000|-1|-1|0|1|-1|-1
1857|265|43|HOH|A|6022|1|0|000|16.502699|-1.000000|-1.000000|0.000000|-1|-1|0|1|-1|-1
1857|266|43|HOH|A|6023|1|0|000|22.168585|-1.000000|-1.000000|0.000000|-1|-1|0|1|-1|-1
1857|267|43|HOH|A|6025|1|0|000|12.132854|-1.000000|-1.000000|0.000000|-1|-1|0|1|-1|-1
1857|268|43|HOH|A|6028|1|0|000|14.978122|-1.000000|-1.000000|0.000000|-1|-1|0|1|-1|-1
1857|269|43|HOH|A|6031|1|0|000|12.942527|-1.000000|-1.000000|0.000000|-1|-1|0|1|-1|-1
1857|270|43|HOH|A|6033|1|0|000|14.793817|-1.000000|-1.000000|0.000000|-1|-1|0|1|-1|-1
1857|271|43|HOH|A|6036|1|0|000|14.633926|-1.000000|-1.000000|0.000000|-1|-1|0|1|-1|-1
1857|272|43|HOH|A|6039|1|0|000|11.577222|-1.000000|-1.000000|0.000000|-1|-1|0|1|-1|-1
1857|273|43|HOH|A|6041|1|0|000|18.615034|-1.000000|-1.000000|0.000000|-1|-1|0|1|-1|-1
1857|274|43|HOH|A|6042|1|0|000|13.356264|-1.000000|-1.000000|0.000000|-1|-1|0|1|-1|-1
1857|275|43|HOH|A|6043|1|0|000|16.086811|-1.000000|-1.000000|0.000000|-1|-1|0|1|-1|-1
1857|276|43|HOH|A|6048|1|0|000|11.092967|-1.000000|-1.000000|0.000000|-1|-1|0|1|-1|-1
1857|277|43|HOH|A|6051|1|0|000|17.907711|-1.000000|-1.000000|0.000000|-1|-1|0|1|-1|-1
1857|278|43|HOH|A|6052|1|0|000|16.722586|-1.000000|-1.000000|0.000000|-1|-1|0|1|-1|-1
1857|279|43|HOH|A|6054|1|0|000|7.937450|-1.000000|-1.000000|0.000000|-1|-1|0|1|-1|-1
1857|280|43|HOH|A|6055|1|0|000|23.855207|-1.000000|-1.000000|0.000000|-1|-1|0|1|-1|-1
1857|281|43|HOH|A|6064|1|0|000|20.703329|-1.000000|-1.000000|0.000000|-1|-1|0|1|-1|-1
1857|282|43|HOH|A|6065|1|0|000|11.858453|-1.000000|-1.000000|0.000000|-1|-1|0|1|-1|-1
1857|283|43|HOH|A|6068|1|0|000|9.959581|-1.000000|-1.000000|0.000000|-1|-1|0|1|-1|-1
1857|284|43|HOH|A|6071|1|0|000|14.039424|-1.000000|-1.000000|0.000000|-1|-1|0|1|-1|-1
1857|285|43|HOH|A|6072|1|0|000|15.405177|-1.000000|-1.000000|0.000000|-1|-1|0|1|-1|-1
1857|286|43|HOH|A|6073|1|0|000|15.921515|-1.000000|-1.000000|0.000000|-1|-1|0|1|-1|-1
1857|287|43|HOH|A|6074|1|0|000|13.911190|-1.000000|-1.000000|0.000000|-1|-1|0|1|-1|-1
1857|288|43|HOH|A|6075|1|0|000|22.891497|-1.000000|-1.000000|0.000000|-1|-1|0|1|-1|-1
1857|289|43|HOH|A|6076|1|0|000|16.527136|-1.000000|-1.000000|0.000000|-1|-1|0|1|-1|-1
1857|290|43|HOH|A|6077|1|0|000|16.763212|-1.000000|-1.000000|0.000000|-1|-1|0|1|-1|-1
1857|291|43|HOH|A|6079|1|0|000|14.406511|-1.000000|-1.000000|0.000000|-1|-1|0|1|-1|-1
1857|292|43|HOH|A|6081|1|0|000|14.910324|-1.000000|-1.000000|0.000000|-1|-1|0|1|-1|-1
1857|293|43|HOH|A|6083|1|0|000|15.790576|-1.000000|-1.000000|0.000000|-1|-1|0|1|-1|-1
1857|294|43|HOH|A|6084|1|0|000|17.778566|-1.000000|-1.000000|0.000000|-1|-1|0|1|-1|-1
1857|295|43|HOH|A|6085|1|0|000|17.348085|-1.000000|-1.000000|0.000000|-1|-1|0|1|-1|-1
1857|296|43|HOH|A|6088|1|0|000|17.001312|-1.000000|-1.000000|0.000000|-1|-1|0|1|-1|-1
1857|297|43|HOH|A|6090|1|0|000|23.910519|-1.000000|-1.000000|0.000000|-1|-1|0|1|-1|-1
1857|298|43|HOH|A|6092|1|0|000|12.266236|-1.000000|-1.000000|0.000000|-1|-1|0|1|-1|-1
1857|299|43|HOH|A|6093|1|0|000|16.630615|-1.000000|-1.000000|0.000000|-1|-1|0|1|-1|-1
1857|300|43|HOH|A|6094|1|0|000|18.389925|-1.000000|-1.000000|0.000000|-1|-1|0|1|-1|-1
1857|301|43|HOH|A|6095|1|0|000|13.368540|-1.000000|-1.000000|0.000000|-1|-1|0|1|-1|-1
1857|302|43|HOH|A|6096|1|0|000|17.874344|-1.000000|-1.000000|0.000000|-1|-1|0|1|-1|-1
1857|303|43|HOH|A|6097|1|0|000|24.219500|-1.000000|-1.000000|0.000000|-1|-1|0|1|-1|-1
1857|304|43|HOH|A|6098|1|0|000|22.253824|-1.000000|-1.000000|0.000000|-1|-1|0|1|-1|-1
1857|305|43|HOH|A|6099|1|0|000|9.946903|-1.000000|-1.000000|0.000000|-1|-1|0|1|-1|-1
1857|306|43|HOH|A|6100|1|0|000|15.921163|-1.000000|-1.000000|0.000000|-1|-1|0|1|-1|-1
1857|307|43|HOH|A|6101|1|0|000|16.600294|-1.000000|-1.000000|0.000000|-1|-1|0|1|-1|-1
1857|308|43|HOH|A|6103|1|0|000|18.155771|-1.000000|-1.000000|0.000000|-1|-1|0|1|-1|-1
1857|309|43|HOH|A|6106|1|0|000|25.532598|-1.000000|-1.000000|0.000000|-1|-1|0|1|-1|-1
1857|310|43|HOH|A|6107|1|0|000|12.992994|-1.000000|-1.000000|0.000000|-1|-1|0|1|-1|-1
1857|311|43|HOH|A|6109|1|0|000|10.506023|-1.000000|-1.000000|0.000000|-1|-1|0|1|-1|-1
1857|312|43|HOH|A|6111|1|0|000|18.044844|-1.000000|-1.000000|0.000000|-1|-1|0|1|-1|-1
1857|313|43|HOH|A|6118|1|0|000|12.502096|-1.000000|-1.000000|0.000000|-1|-1|0|1|-1|-1
1857|314|43|HOH|A|6121|1|0|000|18.513622|-1.000000|-1.000000|0.000000|-1|-1|0|1|-1|-1
1857|315|43|HOH|A|6122|1|0|000|15.651544|-1.000000|-1.000000|0.000000|-1|-1|0|1|-1|-1
1857|316|43|HOH|A|6124|1|0|000|18.404604|-1.000000|-1.000000|0.000000|-1|-1|0|1|-1|-1
1857|317|43|HOH|A|6128|1|0|000|12.291204|-1.000000|-1.000000|0.000000|-1|-1|0|1|-1|-1
1857|318|43|HOH|A|6129|1|0|000|14.901653|-1.000000|-1.000000|0.000000|-1|-1|0|1|-1|-1
1857|319|43|HOH|A|6134|1|0|000|16.968470|-1.000000|-1.000000|0.000000|-1|-1|0|1|-1|-1
1857|320|43|HOH|A|6135|1|0|000|14.831341|-1.000000|-1.000000|0.000000|-1|-1|0|1|-1|-1
1857|321|43|HOH|A|6136|1|0|000|21.313984|-1.000000|-1.000000|0.000000|-1|-1|0|1|-1|-1
1857|322|43|HOH|A|6137|1|0|000|14.635122|-1.000000|-1.000000|0.000000|-1|-1|0|1|-1|-1
1857|323|43|HOH|A|6140|1|0|000|18.428547|-1.000000|-1.000000|0.000000|-1|-1|0|1|-1|-1
1857|324|43|HOH|A|6145|1|0|000|14.885942|-1.000000|-1.000000|0.000000|-1|-1|0|1|-1|-1
1857|325|43|HOH|A|6146|1|0|000|15.388832|-1.000000|-1.000000|0.000000|-1|-1|0|1|-1|-1
1857|326|43|HOH|A|6147|1|0|000|17.883539|-1.000000|-1.000000|0.000000|-1|-1|0|1|-1|-1
1857|327|43|HOH|A|6148|1|0|000|12.524788|-1.000000|-1.000000|0.000000|-1|-1|0|1|-1|-1
1857|328|43|HOH|A|6149|1|0|000|16.210714|-1.000000|-1.000000|0.000000|-1|-1|0|1|-1|-1
1857|329|43|HOH|A|6150|1|0|000|16.345079|-1.000000|-1.000000|0.000000|-1|-1|0|1|-1|-1
1857|330|43|HOH|A|6151|1|0|000|15.251207|-1.000000|-1.000000|0.000000|-1|-1|0|1|-1|-1
1857|331|43|HOH|A|6153|1|0|000|15.248607|-1.000000|-1.000000|0.000000|-1|-1|0|1|-1|-1
1857|332|43|HOH|A|6154|1|0|000|22.367933|-1.000000|-1.000000|0.000000|-1|-1|0|1|-1|-1
1857|333|43|HOH|A|6155|1|0|000|12.188937|-1.000000|-1.000000|0.000000|-1|-1|0|1|-1|-1
1857|334|43|HOH|A|6157|1|0|000|17.921803|-1.000000|-1.000000|0.000000|-1|-1|0|1|-1|-1
1857|335|43|HOH|A|6160|1|0|000|19.329046|-1.000000|-1.000000|0.000000|-1|-1|0|1|-1|-1
1857|336|43|HOH|A|6161|1|0|000|17.014881|-1.000000|-1.000000|0.000000|-1|-1|0|1|-1|-1
1857|337|43|HOH|A|6163|1|0|000|15.084747|-1.000000|-1.000000|0.000000|-1|-1|0|1|-1|-1
1857|338|43|HOH|A|6164|1|0|000|11.394035|-1.000000|-1.000000|0.000000|-1|-1|0|1|-1|-1
1857|339|43|HOH|A|6166|1|0|000|19.525051|-1.000000|-1.000000|0.000000|-1|-1|0|1|-1|-1
1857|340|43|HOH|A|6167|1|0|000|10.284954|-1.000000|-1.000000|0.000000|-1|-1|0|1|-1|-1
1857|341|43|HOH|A|6168|1|0|000|12.795137|-1.000000|-1.000000|0.000000|-1|-1|0|1|-1|-1
1857|342|43|HOH|A|6169|1|0|000|17.594906|-1.000000|-1.000000|0.000000|-1|-1|0|1|-1|-1
1857|343|43|HOH|A|6170|1|0|000|17.367146|-1.000000|-1.000000|0.000000|-1|-1|0|1|-1|-1
1857|344|43|HOH|A|6175|1|0|000|13.294407|-1.000000|-1.000000|0.000000|-1|-1|0|1|-1|-1
1857|345|43|HOH|A|6180|1|0|000|21.110220|-1.000000|-1.000000|0.000000|-1|-1|0|1|-1|-1
1857|346|43|HOH|A|6181|1|0|000|20.413088|-1.000000|-1.000000|0.000000|-1|-1|0|1|-1|-1
1857|347|43|HOH|A|6182|1|0|000|17.435743|-1.000000|-1.000000|0.000000|-1|-1|0|1|-1|-1
1857|348|43|HOH|A|6183|1|0|000|17.670116|-1.000000|-1.000000|0.000000|-1|-1|0|1|-1|-1
1857|349|43|HOH|A|6184|1|0|000|23.000147|-1.000000|-1.000000|0.000000|-1|-1|0|1|-1|-1
1857|350|43|HOH|A|6185|1|0|000|12.650524|-1.000000|-1.000000|0.000000|-1|-1|0|1|-1|-1
1857|351|43|HOH|A|6186|1|0|000|11.522582|-1.000000|-1.000000|0.000000|-1|-1|0|1|-1|-1
1857|352|43|HOH|B|6002|1|0|000|12.461513|-1.000000|-1.000000|0.000000|-1|-1|0|5|-1|-1
1857|353|43|HOH|B|6003|1|0|000|12.523762|-1.000000|-1.000000|0.000000|-1|-1|0|5|-1|-1
1857|354|43|HOH|B|6007|1|0|000|15.402032|-1.000000|-1.000000|0.000000|-1|-1|0|5|-1|-1
1857|355|43|HOH|B|6008|1|0|000|10.053605|-1.000000|-1.000000|0.000000|-1|-1|0|5|-1|-1
1857|356|43|HOH|B|6010|1|0|000|8.695869|-1.000000|-1.000000|0.000000|-1|-1|0|5|-1|-1
1857|357|43|HOH|B|6011|1|0|000|6.509759|-1.000000|-1.000000|0.000000|-1|-1|0|5|-1|-1
1857|358|43|HOH|B|6012|1|0|000|12.963111|-1.000000|-1.000000|0.000000|-1|-1|0|5|-1|-1
1857|359|43|HOH|B|6013|1|0|000|11.990881|-1.000000|-1.000000|0.000000|-1|-1|0|5|-1|-1
1857|360|43|HOH|B|6014|1|0|000|19.430672|-1.000000|-1.000000|0.000000|-1|-1|0|5|-1|-1
1857|361|43|HOH|B|6015|1|0|000|16.076492|-1.000000|-1.000000|0.000000|-1|-1|0|5|-1|-1
1857|362|43|HOH|B|6016|1|0|000|16.621935|-1.000000|-1.000000|0.000000|-1|-1|0|5|-1|-1
1857|363|43|HOH|B|6017|1|0|000|14.650784|-1.000000|-1.000000|0.000000|-1|-1|0|5|-1|-1
1857|364|43|HOH|B|6019|1|0|000|15.931903|-1.000000|-1.000000|0.000000|-1|-1|0|5|-1|-1
1857|365|43|HOH|B|6020|1|0|000|14.010275|-1.000000|-1.000000|0.000000|-1|-1|0|5|-1|-1
1857|366|43|HOH|B|6024|1|0|000|16.436651|-1.000000|-1.000000|0.000000|-1|-1|0|5|-1|-1
1857|367|43|HOH|B|6026|1|0|000|12.305997|-1.000000|-1.000000|0.000000|-1|-1|0|5|-1|-1
1857|368|43|HOH|B|6027|1|0|000|7.395168|-1.000000|-1.000000|0.000000|-1|-1|0|5|-1|-1
1857|369|43|HOH|B|6029|1|0|000|15.465634|-1.000000|-1.000000|0.000000|-1|-1|0|5|-1|-1
1857|370|43|HOH|B|6030|1|0|000|11.591608|-1.000000|-1.000000|0.000000|-1|-1|0|5|-1|-1
1857|371|43|HOH|B|6032|1|0|000|10.055521|-1.000000|-1.000000|0.000000|-1|-1|0|5|-1|-1
1857|372|43|HOH|B|6034|1|0|000|15.002776|-1.000000|-1.000000|0.000000|-1|-1|0|5|-1|-1
1857|373|43|HOH|B|6035|1|0|000|16.535824|-1.000000|-1.000000|0.000000|-1|-1|0|5|-1|-1
1857|374|43|HOH|B|6037|1|0|000|17.992685|-1.000000|-1.000000|0.000000|-1|-1|0|5|-1|-1
1857|375|43|HOH|B|6038|1|0|000|19.114117|-1.000000|-1.000000|0.000000|-1|-1|0|5|-1|-1
1857|376|43|HOH|B|6040|1|0|000|16.218719|-1.000000|-1.000000|0.000000|-1|-1|0|5|-1|-1
1857|377|43|HOH|B|6044|1|0|000|14.996184|-1.000000|-1.000000|0.000000|-1|-1|0|5|-1|-1
1857|378|43|HOH|B|6045|1|0|000|13.331097|-1.000000|-1.000000|0.000000|-1|-1|0|5|-1|-1
1857|379|43|HOH|B|6046|1|0|000|10.640494|-1.000000|-1.000000|0.000000|-1|-1|0|5|-1|-1
1857|380|43|HOH|B|6047|1|0|000|14.663803|-1.000000|-1.000000|0.000000|-1|-1|0|5|-1|-1
1857|381|43|HOH|B|6049|1|0|000|17.992949|-1.000000|-1.000000|0.000000|-1|-1|0|5|-1|-1
1857|382|43|HOH|B|6050|1|0|000|10.638085|-1.000000|-1.000000|0.000000|-1|-1|0|5|-1|-1
1857|383|43|HOH|B|6053|1|0|000|20.635374|-1.000000|-1.000000|0.000000|-1|-1|0|5|-1|-1
1857|384|43|HOH|B|6056|1|0|000|18.892332|-1.000000|-1.000000|0.000000|-1|-1|0|5|-1|-1
1857|385|43|HOH|B|6057|1|0|000|23.047197|-1.000000|-1.000000|0.000000|-1|-1|0|5|-1|-1
1857|386|43|HOH|B|6058|1|0|000|13.160835|-1.000000|-1.000000|0.000000|-1|-1|0|5|-1|-1
1857|387|43|HOH|B|6059|1|0|000|16.520565|-1.000000|-1.000000|0.000000|-1|-1|0|5|-1|-1
1857|388|43|HOH|B|6060|1|0|000|11.400241|-1.000000|-1.000000|0.000000|-1|-1|0|5|-1|-1
1857|389|43|HOH|B|6061|1|0|000|14.542197|-1.000000|-1.000000|0.000000|-1|-1|0|5|-1|-1
1857|390|43|HOH|B|6062|1|0|000|16.905470|-1.000000|-1.000000|0.000000|-1|-1|0|5|-1|-1
1857|391|43|HOH|B|6063|1|0|000|11.817913|-1.000000|-1.000000|0.000000|-1|-1|0|5|-1|-1
1857|392|43|HOH|B|6066|1|0|000|12.682978|-1.000000|-1.000000|0.000000|-1|-1|0|5|-1|-1
1857|393|43|HOH|B|6067|1|0|000|20.666759|-1.000000|-1.000000|0.000000|-1|-1|0|5|-1|-1
1857|394|43|HOH|B|6069|1|0|000|15.386196|-1.000000|-1.000000|0.000000|-1|-1|0|5|-1|-1
1857|395|43|HOH|B|6070|1|0|000|13.755553|-1.000000|-1.000000|0.000000|-1|-1|0|5|-1|-1
1857|396|43|HOH|B|6078|1|0|000|16.230316|-1.000000|-1.000000|0.000000|-1|-1|0|5|-1|-1
1857|397|43|HOH|B|6080|1|0|000|15.167255|-1.000000|-1.000000|0.000000|-1|-1|0|5|-1|-1
1857|398|43|HOH|B|6082|1|0|000|20.029154|-1.000000|-1.000000|0.000000|-1|-1|0|5|-1|-1
1857|399|43|HOH|B|6086|1|0|000|13.396274|-1.000000|-1.000000|0.000000|-1|-1|0|5|-1|-1
1857|400|43|HOH|B|6087|1|0|000|14.678135|-1.000000|-1.000000|0.000000|-1|-1|0|5|-1|-1
1857|401|43|HOH|B|6089|1|0|000|17.214325|-1.000000|-1.000000|0.000000|-1|-1|0|5|-1|-1
1857|402|43|HOH|B|6091|1|0|000|11.781152|-1.000000|-1.000000|0.000000|-1|-1|0|5|-1|-1
1857|403|43|HOH|B|6102|1|0|000|13.442405|-1.000000|-1.000000|0.000000|-1|-1|0|5|-1|-1
1857|404|43|HOH|B|6104|1|0|000|16.604692|-1.000000|-1.000000|0.000000|-1|-1|0|5|-1|-1
1857|405|43|HOH|B|6105|1|0|000|11.528494|-1.000000|-1.000000|0.000000|-1|-1|0|5|-1|-1
1857|406|43|HOH|B|6108|1|0|000|12.100719|-1.000000|-1.000000|0.000000|-1|-1|0|5|-1|-1
1857|407|43|HOH|B|6110|1|0|000|14.689774|-1.000000|-1.000000|0.000000|-1|-1|0|5|-1|-1
1857|408|43|HOH|B|6112|1|0|000|14.465709|-1.000000|-1.000000|0.000000|-1|-1|0|5|-1|-1
1857|409|43|HOH|B|6113|1|0|000|10.190393|-1.000000|-1.000000|0.000000|-1|-1|0|5|-1|-1
1857|410|43|HOH|B|6114|1|0|000|18.641653|-1.000000|-1.000000|0.000000|-1|-1|0|5|-1|-1
1857|411|43|HOH|B|6115|1|0|000|15.713169|-1.000000|-1.000000|0.000000|-1|-1|0|5|-1|-1
1857|412|43|HOH|B|6116|1|0|000|18.638075|-1.000000|-1.000000|0.000000|-1|-1|0|5|-1|-1
1857|413|43|HOH|B|6117|1|0|000|10.378750|-1.000000|-1.000000|0.000000|-1|-1|0|5|-1|-1
1857|414|43|HOH|B|6119|1|0|000|20.975515|-1.000000|-1.000000|0.000000|-1|-1|0|5|-1|-1
1857|415|43|HOH|B|6120|1|0|000|13.923642|-1.000000|-1.000000|0.000000|-1|-1|0|5|-1|-1
1857|416|43|HOH|B|6123|1|0|000|18.331322|-1.000000|-1.000000|0.000000|-1|-1|0|5|-1|-1
1857|417|43|HOH|B|6125|1|0|000|11.133445|-1.000000|-1.000000|0.000000|-1|-1|0|5|-1|-1
1857|418|43|HOH|B|6126|1|0|000|18.532032|-1.000000|-1.000000|0.000000|-1|-1|0|5|-1|-1
1857|419|43|HOH|B|6127|1|0|000|19.469278|-1.000000|-1.000000|0.000000|-1|-1|0|5|-1|-1
1857|420|43|HOH|B|6130|1|0|000|12.764199|-1.000000|-1.000000|0.000000|-1|-1|0|5|-1|-1
1857|421|43|HOH|B|6131|1|0|000|19.564068|-1.000000|-1.000000|0.000000|-1|-1|0|5|-1|-1
1857|422|43|HOH|B|6132|1|0|000|14.654316|-1.000000|-1.000000|0.000000|-1|-1|0|5|-1|-1
1857|423|43|HOH|B|6133|1|0|000|20.738255|-1.000000|-1.000000|0.000000|-1|-1|0|5|-1|-1
1857|424|43|HOH|B|6138|1|0|000|15.588734|-1.000000|-1.000000|0.000000|-1|-1|0|5|-1|-1
1857|425|43|HOH|B|6139|1|0|000|18.789003|-1.000000|-1.000000|0.000000|-1|-1|0|5|-1|-1
1857|426|43|HOH|B|6141|1|0|000|11.802822|-1.000000|-1.000000|0.000000|-1|-1|0|5|-1|-1
1857|427|43|HOH|B|6142|1|0|000|20.979408|-1.000000|-1.000000|0.000000|-1|-1|0|5|-1|-1
1857|428|43|HOH|B|6143|1|0|000|11.886302|-1.000000|-1.000000|0.000000|-1|-1|0|5|-1|-1
1857|429|43|HOH|B|6144|1|0|000|18.899632|-1.000000|-1.000000|0.000000|-1|-1|0|5|-1|-1
1857|430|43|HOH|B|6152|1|0|000|16.989103|-1.000000|-1.000000|0.000000|-1|-1|0|5|-1|-1
1857|431|43|HOH|B|6156|1|0|000|17.161791|-1.000000|-1.000000|0.000000|-1|-1|0|5|-1|-1
1857|432|43|HOH|B|6158|1|0|000|17.420469|-1.000000|-1.000000|0.000000|-1|-1|0|5|-1|-1
1857|433|43|HOH|B|6159|1|0|000|17.940971|-1.000000|-1.000000|0.000000|-1|-1|0|5|-1|-1
1857|434|43|HOH|B|6162|1|0|000|14.331379|-1.000000|-1.000000|0.000000|-1|-1|0|5|-1|-1
1857|435|43|HOH|B|6165|1|0|000|11.457838|-1.000000|-1.000000|0.000000|-1|-1|0|5|-1|-1
1857|436|43|HOH|B|6171|1|0|000|23.280996|-1.000000|-1.000000|0.000000|-1|-1|0|5|-1|-1
1857|437|43|HOH|B|6172|1|0|000|20.365911|-1.000000|-1.000000|0.000000|-1|-1|0|5|-1|-1
1857|438|43|HOH|B|6173|1|0|000|16.046600|-1.000000|-1.000000|0.000000|-1|-1|0|5|-1|-1
1857|439|43|HOH|B|6174|1|0|000|13.611681|-1.000000|-1.000000|0.000000|-1|-1|0|5|-1|-1
1857|440|43|HOH|B|6176|1|0|000|16.936815|-1.000000|-1.000000|0.000000|-1|-1|0|5|-1|-1
1857|441|43|HOH|B|6177|1|0|000|17.983553|-1.000000|-1.000000|0.000000|-1|-1|0|5|-1|-1
1857|442|43|HOH|B|6178|1|0|000|10.814757|-1.000000|-1.000000|0.000000|-1|-1|0|5|-1|-1
1857|443|43|HOH|B|6179|1|0|000|14.732129|-1.000000|-1.000000|0.000000|-1|-1|0|5|-1|-1
