1857|0|-1|62|3|338|LEU|743|21|2064|-O--|428|8|2|0011|2.543624|-0.345963|-0.728488|0.591282|167.296921|0.134016|0.210463
1857|1|-1|190|7|320|ASP|2143|56|2046|-O--|428|8|2|0011|3.065490|0.019247|-0.418857|-0.907848|77.351524|0.032704|0.051360
1857|2|-1|216|7|304|ASP|2143|59|2030|-OD1|1028|8|2|0011|3.363878|0.157854|0.955445|-0.249415|18.941290|0.014601|0.022929
1857|3|-1|219|7|304|ASP|2143|60|2030|-OD2|1028|8|2|0011|2.502947|-0.336802|0.910127|0.241315|53.537506|0.149590|0.234921
1857|4|-1|234|8|293|PRO|1943|64|2019|-O--|428|8|2|0011|3.096029|-0.666983|0.052648|-0.743210|8.163609|0.030114|0.047291
1857|5|-1|263|9|293|THR|1343|71|2019|-O--|428|8|2|0011|2.919605|-0.320934|-0.947046|0.010275|6.141833|0.048511|0.076184
1857|6|-1|273|9|304|THR|1343|73|2030|-OG1|1728|8|3|0011|3.189517|0.833042|0.469350|-0.292834|15.967510|0.023390|0.036732
1857|7|-1|302|10|293|THR|1343|78|2019|-O--|428|8|2|0011|3.937441|-0.435308|-0.035810|0.899569|0.090240|0.003098|0.004866
1857|8|-1|307|10|320|THR|1343|78|2046|-O--|428|8|2|0011|3.954502|0.847136|-0.489569|0.206600|61.384155|0.002959|0.004647
1857|9|-1|314|10|320|THR|1343|80|2046|-OG1|1728|8|3|0011|3.800718|0.082353|-0.994812|-0.059725|44.671265|0.004484|0.007041
1857|10|-1|342|11|269|VAL|543|85|1995|-O--|428|8|2|0011|2.717738|0.790363|-0.276333|-0.546778|3.647832|0.083712|0.131464
1857|11|-1|371|12|341|ARG|3143|92|2067|-O--|428|8|2|0011|3.542721|-0.330255|-0.833540|0.442880|50.821693|0.009004|0.014141
1857|12|-1|408|13|295|GLN|2743|103|2021|-O--|428|8|2|0011|3.934832|-0.484900|-0.712610|-0.507010|24.406685|0.003120|0.004900
1857|13|-1|409|13|339|GLN|2743|103|2065|-O--|428|8|2|0011|2.575447|-0.946632|0.305190|-0.103671|42.589184|0.122971|0.193118
1857|14|-1|411|13|323|GLN|2743|103|2049|-O--|428|8|2|0011|3.324023|0.566783|-0.402223|-0.719008|0.364288|0.016261|0.025537
1857|15|-1|439|14|269|GLU|2543|112|1995|-O--|428|8|2|0011|2.717843|-0.141288|-0.897403|0.417978|0.030036|0.083688|0.131427
1857|16|-1|441|14|320|GLU|2543|112|2046|-O--|428|8|2|0011|3.638710|0.440541|-0.035727|0.897021|101.023186|0.006947|0.010909
1857|17|-1|468|15|330|GLY|143|121|2056|-O--|428|8|2|0011|2.772778|-0.005410|-0.322060|-0.946704|199.505188|0.072141|0.113293
1857|18|-1|469|15|284|GLY|143|121|2010|-O--|428|8|2|0011|2.606195|-0.727497|-0.472720|-0.497276|12.433990|0.113165|0.177718
1857|19|-1|478|15|269|GLY|143|121|1995|-O--|428|8|2|0011|3.515147|0.242949|0.163578|0.956148|11.047762|0.009701|0.015235
1857|20|-1|495|16|298|PRO|1943|125|2024|-O--|428|8|2|0011|2.884224|0.178558|-0.409816|-0.894521|46.526482|0.053379|0.083828
1857|21|-1|496|16|305|PRO|1943|125|2031|-O--|428|8|2|0011|2.812176|-0.890769|-0.437384|0.123392|3.652435|0.064854|0.101849
1857|22|-1|499|16|284|PRO|1943|125|2010|-O--|428|8|2|0011|3.528332|-0.404440|0.720170|-0.563722|21.032433|0.009361|0.014701
1857|23|-1|533|17|341|TRP|3943|132|2067|-O--|428|8|2|0011|3.672277|-0.746131|0.485530|0.455576|20.957546|0.006344|0.009963
1857|24|-1|582|18|341|ALA|343|146|2067|-O--|428|8|2|0011|3.830882|-0.157405|-0.008092|0.987501|14.062778|0.004133|0.006490
1857|25|-1|583|18|295|ALA|343|146|2021|-O--|428|8|2|0011|3.870247|0.264841|0.574640|-0.774369|20.210707|0.003715|0.005835
1857|26|-1|616|19|305|ASP|2143|151|2031|-O--|428|8|2|0011|2.884023|0.581133|-0.398749|0.709426|15.370122|0.053408|0.083874
1857|27|-1|617|19|284|ASP|2143|151|2010|-O--|428|8|2|0011|3.812907|0.722284|0.687402|-0.076057|1.243499|0.004338|0.006813
1857|28|-1|647|20|311|PRO|1943|159|2037|-O--|428|8|2|0011|3.517751|-0.016772|-0.999502|0.026722|4.193593|0.009633|0.015128
1857|29|-1|674|21|317|ALA|343|166|2043|-O--|428|8|2|0011|2.449921|0.341644|-0.869824|0.355930|2.214144|0.172641|0.271120
1857|30|-1|696|22|271|GLN|2743|171|1997|-O--|428|8|2|0011|3.753371|0.031172|-0.386319|-0.921838|25.329166|0.005096|0.008002
1857|31|-1|702|22|298|GLN|2743|171|2024|-O--|428|8|2|0011|2.761144|0.669288|0.732667|0.123499|31.294807|0.074446|0.116912
1857|32|-1|703|22|305|GLN|2743|171|2031|-O--|428|8|2|0011|3.994250|-0.293422|0.494461|0.818176|0.388121|0.002657|0.004173
1857|33|-1|714|22|325|GLN|2743|175|2051|-OE1|828|8|2|0011|2.913824|0.430019|-0.896073|-0.110164|2.814545|0.049275|0.077383
1857|34|-1|715|22|337|GLN|2743|175|2063|-OE1|828|8|2|0011|2.295696|0.396830|0.482207|0.781027|29.837576|0.261919|0.411327
1857|35|-1|762|24|317|VAL|543|185|2043|-O--|428|8|2|0011|3.915056|-0.932809|0.219154|0.286075|14.505547|0.003292|0.005169
1857|36|-1|763|24|292|VAL|543|185|2018|-O--|428|8|2|0011|3.186478|-0.160679|-0.726194|-0.668450|58.313290|0.023583|0.037035
1857|37|-1|764|24|271|VAL|543|185|1997|-O--|428|8|2|0011|2.971651|-0.005720|0.799219|-0.601013|25.745186|0.042146|0.066187
1857|38|-1|837|26|312|GLN|2743|199|2038|-O--|428|8|2|0011|2.555538|-0.371350|0.329872|-0.867919|35.692211|0.129770|0.203795
1857|39|-1|843|26|336|GLN|2743|199|2062|-O--|428|8|2|0011|2.538914|0.327699|0.925592|-0.189451|152.830505|0.135733|0.213160
1857|40|-1|875|27|302|THR|1343|208|2028|-O--|428|8|2|0011|2.646386|0.413772|0.908031|-0.065372|28.811188|0.101517|0.159425
1857|41|-1|950|30|277|ASN|2343|226|2003|-O--|428|8|2|0011|3.245545|0.699728|-0.568780|0.432285|116.339317|0.020103|0.031571
1857|42|-1|958|30|263|ASN|2343|226|1989|-O--|428|8|2|0011|3.780759|0.874957|0.222971|-0.429808|6.545529|0.004732|0.007431
1857|43|-1|1056|33|313|THR|1343|257|2039|-OG1|1728|8|3|0011|2.634172|0.923250|0.343182|0.172730|27.130049|0.104924|0.164776
1857|44|-1|1112|35|279|TYR|3743|269|2005|-O--|428|8|2|0011|2.668525|-0.661414|0.697764|-0.275058|2.607381|0.095621|0.150166
1857|45|-1|1296|40|285|ALA|343|312|2011|-O--|428|8|2|0011|3.765671|-0.799592|-0.545719|-0.250686|7.136796|0.004929|0.007741
1857|46|-1|1299|40|347|ALA|343|312|2073|-O--|428|8|2|0011|2.516670|-0.554701|0.622648|0.551920|13.607116|0.144143|0.226368
1857|47|-1|1320|41|285|PHE|3543|317|2011|-O--|428|8|2|0011|3.466494|-0.462715|0.878698|-0.117410|20.565357|0.011064|0.017376
1857|48|-1|1385|43|333|TYR|3743|332|2059|-O--|428|8|2|0011|3.969125|-0.990647|0.104557|-0.087677|98.995972|0.002844|0.004467
1857|49|-1|1389|43|340|TYR|3743|332|2066|-O--|428|8|2|0011|3.501001|-0.580120|-0.380177|0.720366|9.949129|0.010079|0.015828
1857|50|-1|1436|44|279|GLN|2743|344|2005|-O--|428|8|2|0011|3.831018|0.261288|0.473242|-0.841291|3.856488|0.004131|0.006487
1857|51|-1|1445|44|272|GLN|2743|348|1998|-OE1|828|8|2|0011|2.850671|-0.698081|-0.023854|0.715621|12.255360|0.058446|0.091786
1857|52|-1|1446|44|341|GLN|2743|348|2067|-OE1|828|8|2|0011|3.410892|0.374096|0.924978|-0.066845|21.382511|0.012858|0.020193
1857|53|-1|1458|45|261|PRO|1943|353|1987|-O--|428|8|2|0011|2.843171|-0.193798|-0.663344|0.722784|9.510971|0.059643|0.093665
1857|54|-1|1495|46|261|ASN|2343|363|1987|-OD1|828|8|2|0011|3.428372|0.890802|-0.290809|-0.349145|22.348410|0.012265|0.019261
1857|55|-1|1498|46|340|ASN|2343|363|2066|-OD1|828|8|2|0011|2.557243|0.129827|0.751200|0.647181|23.032408|0.129173|0.202858
1857|56|-1|1522|47|283|PRO|1943|368|2009|-O--|428|8|2|0011|2.968149|0.640130|0.157337|-0.751984|11.292623|0.042546|0.066816
1857|57|-1|1574|49|310|GLU|2543|383|2036|-O--|428|8|2|0011|2.980285|0.336881|0.244272|-0.909309|27.830347|0.041173|0.064660
1857|58|-1|1626|51|274|PRO|1943|399|2000|-O--|428|8|2|0011|2.876834|0.622212|0.057702|0.780719|0.400167|0.054456|0.085520
1857|59|-1|1659|52|349|GLN|2743|410|2075|-OE1|828|8|2|0011|3.571740|-0.554072|-0.825928|-0.104151|21.987505|0.008325|0.013074
1857|60|-1|1688|53|321|GLY|143|415|2047|-O--|428|8|2|0011|3.913157|-0.042166|-0.561439|-0.826443|44.107597|0.003309|0.005196
1857|61|-1|1693|53|346|GLY|143|415|2072|-O--|428|8|2|0011|2.743312|0.404985|-0.874855|-0.265737|202.414383|0.078121|0.122684
1857|62|-1|1706|54|274|ALA|343|419|2000|-O--|428|8|2|0011|2.653086|-0.890661|-0.268744|0.366743|8.989947|0.099695|0.156565
1857|63|-1|1744|55|291|GLU|2543|429|2017|-OE2|1028|8|2|0011|3.780591|-0.519231|-0.611809|0.596732|14.957574|0.004734|0.007435
1857|64|-1|1880|60|260|ILE|943|468|1986|-O--|428|8|2|0011|3.645533|0.482234|0.320666|0.815244|8.044128|0.006820|0.010710
1857|65|-1|1914|61|262|THR|1343|478|1988|-OG1|1728|8|3|0011|2.736784|-0.195851|0.970117|0.143234|15.197811|0.079512|0.124868
1857|66|-1|1940|62|262|SER|1143|483|1988|-O--|428|8|2|0011|2.645869|0.764966|0.168187|-0.621724|0.644360|0.101659|0.159648
1857|67|-1|1974|63|296|PRO|1943|489|2022|-O--|428|8|2|0011|3.510031|0.639026|0.264670|0.722216|25.121225|0.009836|0.015447
1857|68|-1|1998|64|296|ASP|2143|496|2022|-O--|428|8|2|0011|2.574145|0.293690|0.832121|-0.470447|35.792301|0.123405|0.193799
1857|69|-1|2001|64|326|ASP|2143|496|2052|-O--|428|8|2|0011|2.643690|0.613536|0.580250|0.535615|28.356390|0.102259|0.160591
1857|70|-1|2015|64|318|ASP|2143|500|2044|-OD2|1028|8|2|0011|2.430985|-0.553685|0.603048|-0.574253|35.360085|0.181706|0.285357
1857|71|-1|2078|66|275|ILE|943|511|2001|-O--|428|8|2|0011|2.699810|-0.030372|0.429289|0.902656|4.152254|0.087868|0.137991
1857|72|-1|2361|75|276|ASN|2343|581|2002|-O--|428|8|2|0011|3.292552|0.408194|0.866805|-0.286404|1.140616|0.017705|0.027804
1857|73|-1|2403|77|276|ASN|2343|597|2002|-O--|428|8|2|0011|3.585652|0.259367|-0.544950|-0.797345|10.493437|0.008018|0.012591
1857|74|-1|2404|77|287|ASN|2343|597|2013|-O--|428|8|2|0011|2.953602|0.739436|-0.646668|0.187229|24.977621|0.044252|0.069496
1857|75|-1|2414|77|331|ASN|2343|600|2057|-OD1|828|8|2|0011|3.881343|0.327722|0.281861|0.901750|18.803562|0.003606|0.005662
1857|76|-1|2432|78|282|VAL|543|605|2008|-O--|428|8|2|0011|3.177103|-0.142897|-0.017626|0.989581|18.725611|0.024188|0.037986
1857|77|-1|2500|81|260|LEU|743|628|1986|-O--|428|8|2|0011|3.313371|0.437319|-0.880071|-0.185008|2.507815|0.016736|0.026283
1857|78|-1|2532|82|265|PRO|1943|636|1991|-O--|428|8|2|0011|2.845432|0.403805|-0.088212|0.910582|5.756466|0.059280|0.093095
1857|79|-1|2533|82|348|PRO|1943|636|2074|-O--|428|8|2|0011|3.396598|0.763411|0.638875|-0.095095|53.748127|0.013365|0.020989
1857|80|-1|2557|83|348|GLY|143|643|2074|-O--|428|8|2|0011|3.867642|0.038266|0.573476|0.818328|21.086878|0.003742|0.005876
1857|81|-1|2576|84|260|GLU|2543|647|1986|-O--|428|8|2|0011|2.870614|0.028217|-0.663970|0.747227|3.690970|0.055379|0.086969
1857|82|-1|2581|84|327|GLU|2543|651|2053|-OE1|1028|8|2|0011|2.877368|-0.153612|-0.851820|-0.500805|19.907778|0.054378|0.085396
1857|83|-1|2600|85|338|VAL|543|656|2064|-O--|428|8|2|0011|2.956586|0.473181|-0.476901|-0.740719|22.870207|0.043897|0.068937
1857|84|-1|2601|85|351|VAL|543|656|2077|-O--|428|8|2|0011|3.954641|0.366405|-0.890093|0.271074|20.070950|0.002958|0.004645
1857|85|-1|2602|85|327|VAL|543|656|2053|-O--|428|8|2|0011|3.614389|0.104859|0.133356|0.985505|67.937721|0.007419|0.011651
1857|86|-1|2626|86|260|SER|1143|665|1986|-OG-|1728|8|3|0011|2.779758|-0.038853|0.998648|0.034535|12.712240|0.070793|0.111176
1857|87|-1|2627|86|327|SER|1143|665|2053|-OG-|1728|8|3|0011|3.862836|0.837467|0.507917|0.201665|30.918314|0.003791|0.005953
1857|88|-1|2646|87|351|THR|1343|669|2077|-O--|428|8|2|0011|3.672492|0.359429|0.798913|0.482234|0.201342|0.006341|0.009957
1857|89|-1|2650|87|338|THR|1343|671|2064|-OG1|1728|8|3|0011|2.332965|0.447928|0.728258|0.518653|0.272377|0.236822|0.371913
1857|90|-1|2683|89|267|ARG|3143|683|1993|-O--|428|8|2|0011|3.784313|0.641068|0.567342|0.516871|49.387173|0.004687|0.007360
1857|91|-1|2742|91|307|THR|1343|706|2033|-O--|428|8|2|0011|2.590135|0.636261|-0.565221|0.525069|17.119770|0.118186|0.185603
1857|92|-1|2743|91|270|THR|1343|706|1996|-O--|428|8|2|0011|3.475807|0.842107|0.305829|0.444213|1.660693|0.010789|0.016944
1857|93|-1|2747|91|343|THR|1343|708|2069|-OG1|1728|8|3|0011|2.704672|0.587501|-0.201133|-0.783829|27.753178|0.086721|0.136189
1857|94|-1|2748|91|291|THR|1343|708|2017|-OG1|1728|8|3|0011|3.134248|0.584829|0.557072|0.589615|7.513241|0.027158|0.042650
1857|95|-1|2771|92|274|PHE|3543|713|2000|-O--|428|8|2|0011|3.552092|0.170041|0.947892|-0.269419|6.906017|0.008779|0.013787
1857|96|-1|2793|93|266|LYS|2943|724|1992|-O--|428|8|2|0011|2.869552|-0.625882|-0.770155|-0.123016|2.487892|0.055538|0.087219
1857|97|-1|2797|93|332|LYS|2943|724|2058|-O--|428|8|2|0011|3.581699|0.721166|-0.592456|-0.359048|8.800211|0.008104|0.012727
1857|98|-1|2850|95|335|PRO|1943|744|2061|-O--|428|8|2|0011|3.910470|-0.185655|-0.256747|0.948479|35.040482|0.003333|0.005234
1857|99|-1|2902|97|299|GLU|2543|755|2025|-O--|428|8|2|0011|3.921785|0.617321|-0.786377|0.022949|22.678930|0.003232|0.005076
1857|100|-1|2937|98|299|TYR|3743|772|2025|-OH-|1828|8|3|0011|3.842685|-0.810111|-0.079632|0.580844|32.507141|0.004003|0.006286
1857|101|-1|2938|98|306|TYR|3743|772|2032|-OH-|1828|8|3|0011|3.476344|0.965957|-0.204237|-0.158788|1.654700|0.010774|0.016919
1857|102|-1|3039|102|344|CYS|1543|803|2070|-O--|428|8|2|0011|3.848254|-0.853634|-0.235951|-0.464366|40.795280|0.003943|0.006192
1857|103|-1|3040|102|322|CYS|1543|803|2048|-O--|428|8|2|0011|3.033955|-0.992764|0.113383|0.039553|18.714798|0.035614|0.055930
1857|104|-1|3082|103|282|ASN|2343|812|2008|-OD1|828|8|2|0011|2.923043|0.869642|0.492979|-0.026343|12.495774|0.048063|0.075479
1857|105|-1|3133|105|275|TYR|3743|826|2001|-O--|428|8|2|0011|2.863155|0.437978|0.640203|-0.631122|1.150563|0.056507|0.088740
1857|106|-1|3134|105|308|TYR|3743|826|2034|-O--|428|8|2|0011|2.450947|0.836003|-0.055489|0.545912|8.542974|0.172163|0.270370
1857|107|-1|3184|105|280|TYR|3743|834|2006|-OH-|1828|8|3|0011|2.676373|-0.662090|-0.348980|0.663212|0.171300|0.093614|0.147015
1857|108|-1|3185|105|288|TYR|3743|834|2014|-OH-|1828|8|3|0011|2.845589|0.028817|0.998739|-0.041116|12.042000|0.059254|0.093055
1857|109|-1|3205|106|360|CYS|1543|838|2086|-O--|428|8|2|0011|2.838090|-0.363273|0.929146|-0.068708|20.530218|0.060468|0.094960
1857|110|-1|3297|110|344|HIS|3343|860|2070|-O--|428|8|2|0011|3.840757|0.219488|-0.848270|-0.481936|13.873778|0.004024|0.006319
1857|111|-1|3298|110|322|HIS|3343|860|2048|-O--|428|8|2|0011|2.296221|0.486016|-0.873609|0.024388|2.168866|0.261548|0.410744
1857|112|-1|3339|111|344|GLN|2743|870|2070|-O--|428|8|2|0011|3.555037|0.848655|-0.258788|-0.461317|30.675955|0.008709|0.013678
1857|113|-1|3340|111|334|GLN|2743|870|2060|-O--|428|8|2|0011|2.752682|0.055219|-0.737099|0.673525|21.232168|0.076168|0.119616
1857|114|-1|3341|111|322|GLN|2743|870|2048|-O--|428|8|2|0011|3.317471|0.991719|0.100076|0.080483|54.988308|0.016552|0.025993
1857|115|-1|3373|113|344|MET|1743|887|2070|-O--|428|8|2|0011|2.488590|0.123765|-0.606769|0.785184|37.460083|0.155509|0.244216
1857|116|-1|3376|113|322|MET|1743|887|2048|-O--|428|8|2|0011|3.912985|0.148480|-0.065934|0.986715|16.664989|0.003310|0.005198
1857|117|-1|3392|114|340|PHE|3543|895|2066|-O--|428|8|2|0011|2.781258|-0.088090|0.703638|-0.705077|7.376331|0.070507|0.110726
1857|118|-1|3411|115|350|GLY|143|906|2076|-O--|428|8|2|0011|3.020018|-0.986087|0.018212|0.165231|93.422401|0.036981|0.058076
1857|119|-1|3428|116|261|THR|1343|910|1987|-O--|428|8|2|0011|3.103527|0.030932|0.927654|0.372157|8.134548|0.029509|0.046343
1857|120|-1|3435|116|350|THR|1343|912|2076|-OG1|1728|8|3|0011|2.699807|-0.209645|0.231128|0.950068|33.232788|0.087869|0.137992
1857|121|-1|3484|119|342|VAL|543|932|2068|-O--|428|8|2|0011|2.797198|-0.997069|-0.076505|0.000000|31.045080|0.067534|0.106057
1857|122|-1|3506|121|349|GLU|2543|953|2075|-OE2|1028|8|2|0011|2.733023|0.762891|-0.427732|0.484811|85.091385|0.080324|0.126144
1857|123|-1|3534|123|436|TYR|3743|963|2162|-O--|428|8|2|0011|2.742698|0.782441|-0.508988|0.358771|25.672211|0.078251|0.122888
1857|124|-1|3535|123|437|TYR|3743|963|2163|-O--|428|8|2|0011|3.660668|0.812147|0.382444|-0.440630|7.290265|0.006546|0.010281
1857|125|-1|3555|124|383|THR|1343|975|2109|-O--|428|8|2|0011|2.643967|-0.964460|0.210290|-0.159987|2.379010|0.102183|0.160471
1857|126|-1|3564|124|436|THR|1343|977|2162|-OG1|1728|8|3|0011|2.491129|0.033720|0.752671|0.657533|28.542824|0.154445|0.242546
1857|127|-1|3581|125|383|LEU|743|982|2109|-O--|428|8|2|0011|3.550020|-0.785348|-0.551828|0.280562|457.366180|0.008828|0.013864
1857|128|-1|3610|126|418|ALA|343|990|2144|-O--|428|8|2|0011|2.799421|-0.598338|0.504747|-0.622272|8.592553|0.067129|0.105422
1857|129|-1|3700|132|382|ALA|343|1026|2108|-O--|428|8|2|0011|2.383699|-0.660318|0.745899|0.087259|1.940784|0.206477|0.324259
1857|130|-1|3721|133|359|GLY|143|1031|2085|-O--|428|8|2|0011|3.700401|-0.941520|0.314561|0.120798|7.458438|0.005880|0.009234
1857|131|-1|3725|133|434|GLY|143|1031|2160|-O--|428|8|2|0011|2.756057|-0.675240|0.416900|-0.608478|18.521496|0.075476|0.118530
1857|132|-1|3726|133|382|GLY|143|1031|2108|-O--|428|8|2|0011|3.497705|-0.528346|-0.317637|0.787374|2.472039|0.010169|0.015970
1857|133|-1|3739|134|381|LYS|2943|1035|2107|-O--|428|8|2|0011|3.822171|-0.745126|-0.074827|-0.662712|4.349143|0.004231|0.006644
1857|134|-1|3745|134|434|LYS|2943|1035|2160|-O--|428|8|2|0011|3.997410|0.147846|0.978384|0.144594|28.144001|0.002635|0.004138
1857|135|-1|3772|135|359|LEU|743|1044|2085|-O--|428|8|2|0011|2.638207|0.199377|0.965429|-0.167917|0.202327|0.103786|0.162989
1857|136|-1|3774|135|382|LEU|743|1044|2108|-O--|428|8|2|0011|2.867530|0.753959|0.094855|0.650037|11.054862|0.055843|0.087697
1857|137|-1|3808|136|403|GLU|2543|1052|2129|-O--|428|8|2|0011|3.571906|-0.191494|0.965311|-0.177496|48.591457|0.008321|0.013068
1857|138|-1|3820|136|381|GLU|2543|1056|2107|-OE1|1028|8|2|0011|2.755862|0.231869|-0.972110|0.035198|37.436512|0.075516|0.118593
1857|139|-1|3821|136|326|GLU|2543|1056|2052|-OE1|1028|8|2|0011|2.649056|0.219701|0.227628|-0.948640|1.169534|0.100787|0.158279
1857|140|-1|3822|136|273|GLU|2543|1056|1999|-OE1|1028|8|2|0011|3.787756|0.918222|0.025873|-0.395221|16.820221|0.004643|0.007292
1857|141|-1|3823|136|326|GLU|2543|1057|2052|-OE2|1028|8|2|0011|3.694214|0.188673|-0.386550|-0.902763|3.687926|0.005979|0.009390
1857|142|-1|3837|137|308|ARG|3143|1061|2034|-O--|428|8|2|0011|2.870822|0.079072|-0.922732|-0.377244|3.696994|0.055348|0.086920
1857|143|-1|3841|137|366|ARG|3143|1061|2092|-O--|428|8|2|0011|3.734634|0.314355|0.382367|-0.868894|0.439453|0.005360|0.008418
1857|144|-1|3886|138|388|VAL|543|1072|2114|-O--|428|8|2|0011|3.444589|-0.089706|0.490915|0.866577|0.010006|0.011739|0.018435
1857|145|-1|3915|139|380|ASP|2143|1079|2106|-O--|428|8|2|0011|3.154782|0.931602|-0.323636|-0.165463|20.866247|0.025692|0.040348
1857|146|-1|3939|139|393|ASP|2143|1083|2119|-OD2|1028|8|2|0011|2.872560|0.476927|-0.373883|-0.795458|5.849634|0.055089|0.086513
1857|147|-1|3940|139|427|ASP|2143|1083|2153|-OD2|1028|8|2|0011|3.022034|0.201851|-0.936455|0.286893|38.480221|0.036780|0.057761
1857|148|-1|3953|140|394|PRO|1943|1087|2120|-O--|428|8|2|0011|3.495923|-0.515744|-0.134442|0.846129|62.908272|0.010218|0.016047
1857|149|-1|3954|140|373|PRO|1943|1087|2099|-O--|428|8|2|0011|3.992618|-0.998092|0.060612|-0.011772|30.054314|0.002669|0.004192
1857|150|-1|3961|140|389|PRO|1943|1087|2115|-O--|428|8|2|0011|3.447765|0.520917|-0.478571|0.706835|42.993221|0.011639|0.018278
1857|151|-1|3995|141|389|THR|1343|1094|2115|-O--|428|8|2|0011|3.295266|0.485242|0.667017|0.565357|17.509274|0.017575|0.027601
1857|152|-1|3996|141|387|THR|1343|1094|2113|-O--|428|8|2|0011|3.977290|0.350741|0.055817|0.934807|15.932141|0.002782|0.004369
1857|153|-1|4000|141|427|THR|1343|1096|2153|-OG1|1728|8|3|0011|3.860745|0.460015|-0.666711|-0.586415|80.657234|0.003812|0.005987
1857|154|-1|4020|142|404|THR|1343|1101|2130|-O--|428|8|2|0011|3.508266|0.400483|-0.309270|-0.862535|5.123129|0.009883|0.015521
1857|155|-1|4021|142|380|THR|1343|1101|2106|-O--|428|8|2|0011|3.746562|-0.011477|0.382751|-0.923780|6.441325|0.005190|0.008151
1857|156|-1|4036|142|429|THR|1343|1103|2155|-OG1|1728|8|3|0011|2.433214|0.237546|-0.632908|-0.736885|26.685261|0.180615|0.283643
1857|157|-1|4037|142|404|THR|1343|1103|2130|-OG1|1728|8|3|0011|3.230122|0.996866|-0.025386|-0.074920|2.289758|0.020959|0.032914
1857|158|-1|4038|142|380|THR|1343|1103|2106|-OG1|1728|8|3|0011|3.088249|0.573788|0.789120|-0.219218|3.368479|0.030753|0.048296
1857|159|-1|4061|143|405|VAL|543|1108|2131|-O--|428|8|2|0011|2.812959|0.651983|0.161396|-0.740857|0.203515|0.064717|0.101634
1857|160|-1|4093|144|417|ARG|3143|1115|2143|-O--|428|8|2|0011|3.942531|-0.015219|0.880906|0.473046|32.680138|0.003056|0.004799
1857|161|-1|4116|145|374|GLN|2743|1126|2100|-O--|428|8|2|0011|2.845980|0.105412|-0.325722|0.939571|3.836793|0.059192|0.092957
1857|162|-1|4123|145|387|GLN|2743|1130|2113|-OE1|828|8|2|0011|3.083469|-0.087888|0.823099|0.561056|24.897554|0.031153|0.048924
1857|163|-1|4140|146|404|GLU|2543|1135|2130|-O--|428|8|2|0011|2.740276|-0.662707|-0.534983|-0.524035|8.397998|0.078765|0.123695
1857|164|-1|4141|146|380|GLU|2543|1135|2106|-O--|428|8|2|0011|3.906808|-0.835465|0.269530|-0.478908|9.992985|0.003366|0.005286
1857|165|-1|4142|146|440|GLU|2543|1135|2166|-O--|428|8|2|0011|3.477387|0.630933|-0.357165|-0.688736|101.044739|0.010743|0.016872
1857|166|-1|4143|146|399|GLU|2543|1135|2125|-O--|428|8|2|0011|2.701582|-0.421605|0.734384|-0.531911|12.751256|0.087448|0.137332
1857|167|-1|4145|146|405|GLU|2543|1135|2131|-O--|428|8|2|0011|3.190744|0.020998|0.957770|0.286767|3.762029|0.023312|0.036611
1857|168|-1|4157|146|418|GLU|2543|1140|2144|-OE2|1028|8|2|0011|2.857570|0.711094|0.657202|0.249862|43.442913|0.057366|0.090090
1857|169|-1|4181|147|405|GLY|143|1144|2131|-O--|428|8|2|0011|3.532401|-0.947231|0.221945|-0.231288|5.280554|0.009259|0.014541
1857|170|-1|4185|147|396|GLY|143|1144|2122|-O--|428|8|2|0011|3.553666|0.395648|-0.903011|-0.167433|41.641674|0.008742|0.013728
1857|171|-1|4210|148|356|PRO|1943|1148|2082|-O--|428|8|2|0011|2.748524|0.046206|0.257229|0.965245|0.732430|0.077029|0.120968
1857|172|-1|4212|148|379|PRO|1943|1148|2105|-O--|428|8|2|0011|2.851134|0.962424|0.177473|-0.205532|25.953012|0.058373|0.091671
1857|173|-1|4242|149|417|TRP|3943|1155|2143|-O--|428|8|2|0011|3.349151|-0.549393|-0.325754|0.769449|38.074738|0.015193|0.023860
1857|174|-1|4284|150|417|ALA|343|1169|2143|-O--|428|8|2|0011|3.206543|-0.886313|0.434112|0.161233|7.611733|0.022338|0.035080
1857|175|-1|4308|151|356|ASP|2143|1174|2082|-O--|428|8|2|0011|2.603727|-0.430537|0.608359|-0.666737|6.679457|0.113923|0.178908
1857|176|-1|4330|151|397|ASP|2143|1177|2123|-OD1|1028|8|2|0011|2.927801|-0.047477|-0.048842|0.997678|1.304510|0.047448|0.074515
1857|177|-1|4376|153|428|ALA|343|1189|2154|-O--|428|8|2|0011|2.894841|0.262536|0.863260|-0.431111|14.360328|0.051869|0.081457
1857|178|-1|4394|154|356|GLN|2743|1194|2082|-O--|428|8|2|0011|3.880747|-0.948271|-0.228564|0.220318|3.187957|0.003611|0.005672
1857|179|-1|4398|154|379|GLN|2743|1194|2105|-O--|428|8|2|0011|2.827927|-0.375894|-0.384734|-0.843020|15.856717|0.062151|0.097605
1857|180|-1|4448|156|428|VAL|543|1208|2154|-O--|428|8|2|0011|3.119888|-0.250971|-0.300331|0.920225|32.139412|0.028233|0.044338
1857|181|-1|4510|158|424|GLN|2743|1222|2150|-O--|428|8|2|0011|3.574549|0.034130|-0.594760|0.803178|17.176876|0.008262|0.012975
1857|182|-1|4542|159|420|THR|1343|1233|2146|-OG1|1728|8|3|0011|2.727267|-0.385734|0.922535|-0.011733|4.437946|0.081584|0.128122
1857|183|-1|4568|160|441|GLY|143|1238|2167|-O--|428|8|2|0011|2.716096|0.224587|-0.296749|0.928170|16.342440|0.084084|0.132049
1857|184|-1|4628|162|421|ASN|2343|1252|2147|-OD1|828|8|2|0011|2.572208|0.022548|0.543113|0.839357|11.131269|0.124053|0.194817
1857|185|-1|4689|164|420|TYR|3743|1266|2146|-O--|428|8|2|0011|3.526585|0.406909|-0.387627|-0.827146|26.016176|0.009406|0.014771
1857|186|-1|4692|164|378|TYR|3743|1266|2104|-O--|428|8|2|0011|3.303404|0.467094|0.572138|-0.674153|37.829266|0.017193|0.027000
1857|187|-1|4706|164|441|TYR|3743|1274|2167|-OH-|1828|8|3|0011|3.375815|0.340066|-0.533205|-0.774628|13.569497|0.014137|0.022201
1857|188|-1|4727|165|420|THR|1343|1280|2146|-OG1|1728|8|3|0011|2.511135|0.725966|0.671409|-0.148937|27.477755|0.146316|0.229779
1857|189|-1|4780|167|357|TYR|3743|1292|2083|-O--|428|8|2|0011|2.692553|-0.102505|-0.827839|0.551521|2.142659|0.089609|0.140724
1857|190|-1|4979|172|369|ALA|343|1335|2095|-O--|428|8|2|0011|3.594815|0.174140|0.277900|0.944694|27.168398|0.007822|0.012283
1857|191|-1|5001|173|369|PHE|3543|1340|2095|-O--|428|8|2|0011|3.665069|-0.348425|-0.913489|0.210092|20.670393|0.006469|0.010159
1857|192|-1|5004|173|395|PHE|3543|1340|2121|-O--|428|8|2|0011|3.353274|0.451201|0.673074|0.585995|7.709197|0.015025|0.023596
1857|193|-1|5073|175|409|TYR|3743|1355|2135|-O--|428|8|2|0011|2.469430|0.038875|-0.764144|0.643873|50.893398|0.163773|0.257195
1857|194|-1|5075|175|413|TYR|3743|1355|2139|-O--|428|8|2|0011|3.266670|-0.573060|0.506326|0.644388|12.650992|0.018988|0.029819
1857|195|-1|5126|176|357|GLN|2743|1367|2083|-O--|428|8|2|0011|3.857229|0.581505|-0.719169|-0.380325|0.493098|0.003848|0.006044
1857|196|-1|5137|176|417|GLN|2743|1371|2143|-OE1|828|8|2|0011|2.756795|-0.080891|-0.894880|-0.438916|6.198143|0.075326|0.118294
1857|197|-1|5154|177|368|PRO|1943|1376|2094|-O--|428|8|2|0011|2.641294|-0.407376|0.888580|0.210881|6.846171|0.102924|0.161635
1857|198|-1|5183|178|442|ASN|2343|1383|2168|-O--|428|8|2|0011|2.909581|0.104483|-0.780868|-0.615896|20.562691|0.049843|0.078276
1857|199|-1|5196|178|368|ASN|2343|1386|2094|-OD1|828|8|2|0011|3.703770|-0.119878|0.117988|-0.985753|5.627598|0.005827|0.009150
1857|200|-1|5219|179|402|PRO|1943|1391|2128|-O--|428|8|2|0011|2.771362|0.510940|-0.738987|0.439134|58.165092|0.072418|0.113727
1857|201|-1|5223|179|371|PRO|1943|1391|2097|-O--|428|8|2|0011|3.395849|0.788905|-0.192294|-0.583655|19.387495|0.013392|0.021031
1857|202|-1|5275|181|406|GLU|2543|1406|2132|-O--|428|8|2|0011|2.556278|0.400191|-0.899746|0.174083|9.907067|0.129510|0.203387
1857|203|-1|5276|181|371|GLU|2543|1406|2097|-O--|428|8|2|0011|3.974564|-0.533644|-0.758825|0.373375|8.009655|0.002803|0.004401
1857|204|-1|5294|181|406|GLU|2543|1410|2132|-OE1|1028|8|2|0011|3.233307|-0.333095|-0.149692|-0.930935|289.096436|0.020779|0.032632
1857|205|-1|5340|183|365|PRO|1943|1422|2091|-O--|428|8|2|0011|2.848778|-0.609735|0.406139|-0.680643|0.654592|0.058746|0.092257
1857|206|-1|5368|184|421|GLN|2743|1429|2147|-O--|428|8|2|0011|2.858107|0.801929|-0.196983|-0.564010|29.295704|0.057283|0.089959
1857|207|-1|5409|185|421|GLY|143|1438|2147|-O--|428|8|2|0011|3.955390|0.651516|-0.430046|0.624970|35.606499|0.002952|0.004635
1857|208|-1|5432|186|365|ALA|343|1442|2091|-O--|428|8|2|0011|2.630579|-0.310198|0.113283|0.943898|2.756879|0.105948|0.166384
1857|209|-1|5451|187|378|GLU|2543|1447|2104|-O--|428|8|2|0011|2.299552|-0.079146|-0.505315|-0.859298|32.850101|0.259204|0.407062
1857|210|-1|5478|187|372|GLU|2543|1451|2098|-OE1|1028|8|2|0011|2.300058|-0.049130|0.938671|-0.341296|161.779007|0.258849|0.406506
1857|211|-1|5488|187|372|GLU|2543|1452|2098|-OE2|1028|8|2|0011|3.311535|0.124414|0.934008|0.334890|110.222046|0.016819|0.026414
1857|212|-1|5617|192|355|ILE|943|1491|2081|-O--|428|8|2|0011|3.938578|-0.833550|0.197533|-0.515922|0.850157|0.003089|0.004851
1857|213|-1|5658|193|388|THR|1343|1501|2114|-OG1|1728|8|3|0011|2.902198|-0.328716|-0.944112|0.024465|9.250034|0.050848|0.079853
1857|214|-1|5686|194|388|SER|1143|1506|2114|-O--|428|8|2|0011|2.889447|0.571044|-0.338473|-0.747894|12.755746|0.052631|0.082653
1857|215|-1|5717|195|394|PRO|1943|1512|2120|-O--|428|8|2|0011|2.614199|0.260501|-0.870247|0.418101|16.149881|0.110744|0.173915
1857|216|-1|5718|195|438|PRO|1943|1512|2164|-O--|428|8|2|0011|3.894024|-0.605286|0.146121|-0.782481|2.567901|0.003484|0.005472
1857|217|-1|5719|195|373|PRO|1943|1512|2099|-O--|428|8|2|0011|2.889934|-0.519389|-0.540843|-0.661607|2.832620|0.052562|0.082545
1857|218|-1|5744|196|438|ASP|2143|1519|2164|-O--|428|8|2|0011|2.785303|0.292607|-0.771909|-0.564391|0.807603|0.069740|0.109522
1857|219|-1|6014|204|377|GLU|2543|1584|2103|-O--|428|8|2|0011|2.840453|0.237990|-0.472108|0.848808|4.441592|0.060083|0.094356
1857|220|-1|6053|206|354|THR|1343|1597|2080|-O--|428|8|2|0011|2.448022|-0.901544|-0.266746|-0.340683|40.231552|0.173529|0.272516
1857|221|-1|6082|207|353|ASN|2343|1604|2079|-O--|428|8|2|0011|2.754510|-0.162642|-0.836810|-0.522778|2.405241|0.075792|0.119027
1857|222|-1|6087|207|354|ASN|2343|1604|2080|-O--|428|8|2|0011|3.920093|-0.550497|0.348971|0.758401|43.704800|0.003247|0.005099
1857|223|-1|6097|207|358|ASN|2343|1607|2084|-OD1|828|8|2|0011|2.672044|0.226418|-0.702084|-0.675139|1.288546|0.094716|0.148745
1857|224|-1|6119|208|354|ILE|943|1612|2080|-O--|428|8|2|0011|3.607485|-0.325157|0.939713|-0.105891|26.106565|0.007558|0.011870
1857|225|-1|6141|209|400|ASN|2343|1620|2126|-O--|428|8|2|0011|3.758370|-0.966376|-0.256494|0.018093|33.654869|0.005027|0.007895
1857|226|-1|6146|209|363|ASN|2343|1620|2089|-O--|428|8|2|0011|2.811719|0.337160|0.598210|-0.726958|3.271192|0.064935|0.101975
1857|227|-1|6148|209|353|ASN|2343|1620|2079|-O--|428|8|2|0011|3.730507|0.947861|0.250904|-0.196488|4.203084|0.005420|0.008512
1857|228|-1|6154|209|432|ASN|2343|1623|2158|-OD1|828|8|2|0011|3.068053|-0.980426|0.025423|0.195238|49.230133|0.032479|0.051006
1857|229|-1|6175|210|439|VAL|543|1628|2165|-O--|428|8|2|0011|3.532627|-0.861116|0.499912|0.092566|41.257332|0.009253|0.014532
1857|230|-1|6181|210|352|VAL|543|1628|2078|-O--|428|8|2|0011|3.285984|-0.426356|0.713028|0.556607|55.981720|0.018022|0.028302
1857|231|-1|6198|211|355|GLU|2543|1635|2081|-O--|428|8|2|0011|3.999883|0.279508|-0.872275|-0.401262|20.893141|0.002617|0.004110
1857|232|-1|6200|211|435|GLU|2543|1635|2161|-O--|428|8|2|0011|3.038503|0.395261|0.285338|-0.873127|12.528201|0.035179|0.055246
1857|233|-1|6201|211|386|GLU|2543|1635|2112|-O--|428|8|2|0011|3.603876|-0.230030|0.057994|-0.971454|13.816728|0.007633|0.011986
1857|234|-1|6212|211|400|GLU|2543|1639|2126|-OE1|1028|8|2|0011|3.953142|-0.304315|0.585610|0.751301|94.815712|0.002970|0.004664
1857|235|-1|6213|211|435|GLU|2543|1639|2161|-OE1|1028|8|2|0011|3.960990|0.711943|-0.665490|-0.224187|101.258728|0.002907|0.004566
1857|236|-1|6214|211|386|GLU|2543|1639|2112|-OE1|1028|8|2|0011|3.806340|0.207548|-0.865398|-0.456081|97.459923|0.004416|0.006935
1857|237|-1|6255|213|355|LEU|743|1651|2081|-O--|428|8|2|0011|3.534856|0.470740|0.838789|-0.273561|7.629943|0.009198|0.014444
1857|238|-1|6278|214|288|PRO|1943|1659|2014|-O--|428|8|2|0011|3.065822|0.056755|-0.347052|-0.936127|18.862873|0.032675|0.051314
1857|239|-1|6279|214|411|PRO|1943|1659|2137|-O--|428|8|2|0011|2.387640|-0.868221|0.464894|-0.173393|11.143494|0.204290|0.320823
1857|240|-1|6301|215|288|GLY|143|1666|2014|-O--|428|8|2|0011|3.761831|-0.976652|-0.080014|-0.199371|21.960941|0.004980|0.007821
1857|241|-1|6318|216|355|GLU|2543|1670|2081|-O--|428|8|2|0011|3.028974|-0.447676|0.893702|0.029713|1.432445|0.036097|0.056688
1857|242|-1|6328|216|367|GLU|2543|1674|2093|-OE1|1028|8|2|0011|2.629410|0.424430|0.591768|0.685325|17.775719|0.106283|0.166910
1857|243|-1|6329|216|431|GLU|2543|1675|2157|-OE2|1028|8|2|0011|3.893212|-0.776223|-0.362939|0.515513|9.655844|0.003492|0.005484
1857|244|-1|6342|217|392|VAL|543|1679|2118|-O--|428|8|2|0011|3.432074|-0.664321|0.628774|-0.404129|25.270872|0.012143|0.019070
1857|245|-1|6343|217|403|VAL|543|1679|2129|-O--|428|8|2|0011|3.059785|-0.457549|-0.095431|-0.884049|55.320396|0.033213|0.052158
1857|246|-1|6345|217|391|VAL|543|1679|2117|-O--|428|8|2|0011|3.805917|0.057279|0.960084|-0.273784|8.133743|0.004421|0.006943
1857|247|-1|6349|217|370|VAL|543|1679|2096|-O--|428|8|2|0011|2.876885|0.777577|0.269041|-0.568323|5.169343|0.054448|0.085508
1857|248|-1|6371|218|355|SER|1143|1688|2081|-OG-|1728|8|3|0011|2.639555|-0.494023|-0.865298|-0.084862|3.897782|0.103409|0.162396
1857|249|-1|6372|218|435|SER|1143|1688|2161|-OG-|1728|8|3|0011|2.720663|-0.448788|0.761579|-0.467533|35.502144|0.083053|0.130429
1857|250|-1|6373|218|367|SER|1143|1688|2093|-OG-|1728|8|3|0011|3.469272|-0.571013|-0.336382|-0.748860|1.313669|0.010981|0.017246
1857|251|-1|6385|219|391|THR|1343|1692|2117|-O--|428|8|2|0011|3.826986|-0.561277|-0.546383|-0.621638|15.216599|0.004176|0.006559
1857|252|-1|6386|219|426|THR|1343|1692|2152|-O--|428|8|2|0011|3.327358|-0.944894|0.035163|-0.325483|110.101685|0.016115|0.025308
1857|253|-1|6394|219|359|THR|1343|1694|2085|-OG1|1728|8|3|0011|3.612061|0.093021|-0.901978|-0.421643|0.983225|0.007465|0.011724
1857|254|-1|6395|219|370|THR|1343|1694|2096|-OG1|1728|8|3|0011|2.660513|-0.716028|-0.521704|-0.463821|1.793501|0.097714|0.153453
1857|255|-1|6419|221|358|ARG|3143|1706|2084|-O--|428|8|2|0011|2.901261|-0.839290|0.509434|0.189918|0.858384|0.050977|0.080056
1857|256|-1|6439|222|372|TYR|3743|1717|2098|-O--|428|8|2|0011|3.546057|0.223628|0.350530|-0.909461|2.731808|0.008923|0.014014
1857|257|-1|6473|222|401|TYR|3743|1725|2127|-OH-|1828|8|3|0011|3.481565|0.758567|0.328588|-0.562678|12.747129|0.010623|0.016682
1857|258|-1|6474|222|390|TYR|3743|1725|2116|-OH-|1828|8|3|0011|3.075366|0.904608|0.274439|0.326140|21.442390|0.031843|0.050007
1857|259|-1|6489|223|364|THR|1343|1729|2090|-O--|428|8|2|0011|3.380833|-0.450481|0.155878|-0.879073|6.262110|0.013947|0.021902
1857|260|-1|6490|223|401|THR|1343|1729|2127|-O--|428|8|2|0011|2.916776|-0.524552|0.811512|-0.257476|7.905350|0.048884|0.076768
1857|261|-1|6491|223|390|THR|1343|1729|2116|-O--|428|8|2|0011|3.330215|-0.417090|0.620681|0.663921|14.884791|0.015991|0.025113
1857|262|-1|6499|223|372|THR|1343|1731|2098|-OG1|1728|8|3|0011|2.980494|-0.512331|-0.429795|-0.743501|4.625142|0.041150|0.064624
1857|263|-1|6500|223|412|THR|1343|1731|2138|-OG1|1728|8|3|0011|3.026575|0.819078|0.291749|-0.493957|39.343605|0.036332|0.057056
1857|264|-1|6516|224|365|PHE|3543|1736|2091|-O--|428|8|2|0011|3.853689|-0.021019|-0.912891|-0.407661|23.601583|0.003885|0.006102
1857|265|-1|6778|234|422|CYS|1543|1826|2148|-O--|428|8|2|0011|3.591841|0.440721|-0.050949|0.896197|24.402328|0.007885|0.012383
1857|266|-1|6779|234|361|CYS|1543|1826|2087|-O--|428|8|2|0011|3.017655|-0.220701|-0.162709|0.961674|16.290203|0.037218|0.058449
1857|267|-1|6808|235|410|ASN|2343|1832|2136|-O--|428|8|2|0011|3.468273|-0.422977|0.514088|-0.746193|69.184692|0.011011|0.017292
1857|268|-1|6813|235|439|ASN|2343|1835|2165|-OD1|828|8|2|0011|3.873203|-0.124445|-0.688319|-0.714654|8.301289|0.003686|0.005788
1857|269|-1|6814|235|432|ASN|2343|1835|2158|-OD1|828|8|2|0011|3.523696|-0.426541|0.624628|-0.654143|7.834019|0.009479|0.014887
1857|270|-1|6815|235|352|ASN|2343|1835|2078|-OD1|828|8|2|0011|2.703693|0.428673|-0.772646|-0.468249|3.314505|0.086951|0.136550
1857|271|-1|6844|236|439|GLN|2743|1844|2165|-OE1|828|8|2|0011|2.453505|0.933359|0.329732|0.141838|8.909350|0.170977|0.268507
1857|272|-1|6845|236|400|GLN|2743|1844|2126|-OE1|828|8|2|0011|3.727204|0.685769|0.577913|-0.442423|4.978159|0.005469|0.008589
1857|273|-1|6905|238|416|CYS|1543|1861|2142|-O--|428|8|2|0011|2.437666|-0.100506|-0.961986|0.253932|4.960950|0.178455|0.280251
1857|274|-1|6990|242|422|HIS|3343|1883|2148|-O--|428|8|2|0011|3.868272|0.702639|0.696176|-0.147094|23.260475|0.003735|0.005866
1857|275|-1|6991|242|361|HIS|3343|1883|2087|-O--|428|8|2|0011|2.587118|0.181283|0.921875|-0.342465|15.378685|0.119153|0.187122
1857|276|-1|7022|243|361|GLN|2743|1893|2087|-O--|428|8|2|0011|3.745909|-0.009344|0.147094|-0.989078|22.655329|0.005199|0.008165
1857|277|-1|7041|244|395|ASN|2343|1902|2121|-O--|428|8|2|0011|2.786157|0.899088|-0.429983|-0.082192|0.614777|0.069579|0.109270
1857|278|-1|7057|245|422|MET|1743|1910|2148|-O--|428|8|2|0011|2.671368|-0.600067|0.795098|-0.087970|18.621847|0.094889|0.149017
1857|279|-1|7080|246|395|PHE|3543|1918|2121|-O--|428|8|2|0011|3.320710|-0.685396|-0.453819|0.569457|10.498258|0.016407|0.025767
1857|280|-1|7081|246|415|PHE|3543|1918|2141|-O--|428|8|2|0011|3.095673|-0.124367|-0.200926|0.971680|35.712063|0.030142|0.047337
1857|281|-1|7082|246|413|PHE|3543|1918|2139|-O--|428|8|2|0011|2.718998|0.400883|-0.913572|-0.068406|6.707172|0.083427|0.131017
1857|282|-1|7114|248|368|THR|1343|1933|2094|-O--|428|8|2|0011|3.106218|-0.641295|-0.724032|-0.254007|2.646500|0.029296|0.046007
1857|283|-1|7172|251|425|VAL|543|1955|2151|-O--|428|8|2|0011|3.521725|-0.196211|0.133741|0.971398|134.736328|0.009530|0.014966
1857|284|-1|7195|254|258|_ZN|4643|1978|1984|ZN--|4028|30|1|0011|3.410521|-0.733319|-0.678782|-0.038704|33.880833|-0.001000|-0.001000
1857|285|-1|7196|254|278|_ZN|4643|1978|2004|ZN--|4028|30|1|0011|2.531746|0.618545|-0.784834|0.037918|6.117236|-0.001000|-0.001000
1857|286|-1|7199|345|259|HOH|4343|2071|1985|-O--|2828|8|3|0001|2.278846|0.631899|0.516928|0.577485|48.912006|0.274123|0.430491
1857|287|-1|7199|259|345|HOH|4343|1985|2071|-O--|2828|8|3|0001|2.278846|-0.631899|-0.516928|-0.577485|48.912006|0.274123|0.430491
1857|288|-1|7200|277|259|HOH|4343|2003|1985|-O--|2828|8|3|0001|2.394263|0.658240|-0.600185|-0.454420|119.419876|0.200666|0.315132
1857|289|-1|7200|259|277|HOH|4343|1985|2003|-O--|2828|8|3|0001|2.394263|-0.658240|0.600185|0.454420|119.419876|0.200666|0.315132
1857|290|-1|7201|327|260|HOH|4343|2053|1986|-O--|2828|8|3|0001|3.507811|-0.953016|0.232054|-0.194708|67.245049|0.009895|0.015540
1857|291|-1|7201|260|327|HOH|4343|1986|2053|-O--|2828|8|3|0001|3.507811|0.953016|-0.232054|0.194708|67.245049|0.009895|0.015540
1857|292|-1|7202|393|264|HOH|4343|2119|1990|-O--|2828|8|3|0011|3.395605|0.867592|0.481799|-0.123100|53.015312|0.013401|0.021045
1857|293|-1|7202|264|393|HOH|4343|1990|2119|-O--|2828|8|3|0011|3.395605|-0.867592|-0.481799|0.123100|53.015312|0.013401|0.021045
1857|294|-1|7203|362|264|HOH|4343|2088|1990|-O--|2828|8|3|0011|2.394272|-0.218856|-0.555910|-0.801914|53.773109|0.200661|0.315124
1857|295|-1|7203|264|362|HOH|4343|1990|2088|-O--|2828|8|3|0011|2.394272|0.218856|0.555910|0.801914|53.773109|0.200661|0.315124
1857|296|-1|7204|289|265|HOH|4343|2015|1991|-O--|2828|8|3|0001|2.590649|0.426148|0.450080|-0.784746|0.130755|0.118022|0.185345
1857|297|-1|7204|265|289|HOH|4343|1991|2015|-O--|2828|8|3|0001|2.590649|-0.426148|-0.450080|0.784746|0.130755|0.118022|0.185345
1857|298|-1|7205|349|266|HOH|4343|2075|1992|-O--|2828|8|3|0001|3.313948|0.434829|-0.053411|0.898928|29.033403|0.016710|0.026242
1857|299|-1|7205|266|349|HOH|4343|1992|2075|-O--|2828|8|3|0001|3.313948|-0.434829|0.053411|-0.898928|29.033403|0.016710|0.026242
1857|300|-1|7206|319|268|HOH|4343|2045|1994|-O--|2828|8|3|0001|3.204959|-0.178161|-0.830588|-0.527620|1.882800|0.022434|0.035231
1857|301|-1|7206|268|319|HOH|4343|1994|2045|-O--|2828|8|3|0001|3.204959|0.178161|0.830588|0.527620|1.882800|0.022434|0.035231
1857|302|-1|7207|320|269|HOH|4343|2046|1995|-O--|2828|8|3|0001|3.715917|-0.534727|-0.621381|-0.572672|101.217285|0.005638|0.008855
1857|303|-1|7207|269|320|HOH|4343|1995|2046|-O--|2828|8|3|0001|3.715917|0.534727|0.621381|0.572672|101.217285|0.005638|0.008855
1857|304|-1|7208|307|270|HOH|4343|2033|1996|-O--|2828|8|3|0001|2.838208|0.450636|0.890351|0.064830|20.999928|0.060448|0.094930
1857|305|-1|7208|270|307|HOH|4343|1996|2033|-O--|2828|8|3|0001|2.838208|-0.450636|-0.890351|-0.064830|20.999928|0.060448|0.094930
1857|306|-1|7209|291|270|HOH|4343|2017|1996|-O--|2828|8|3|0001|3.737029|-0.534650|-0.602885|0.592182|15.372552|0.005326|0.008364
1857|307|-1|7209|270|291|HOH|4343|1996|2017|-O--|2828|8|3|0001|3.737029|0.534650|0.602885|-0.592182|15.372552|0.005326|0.008364
1857|308|-1|7210|325|271|HOH|4343|2051|1997|-O--|2828|8|3|0001|2.415493|-0.527843|-0.842064|0.110950|13.414088|0.189476|0.297559
1857|309|-1|7210|271|325|HOH|4343|1997|2051|-O--|2828|8|3|0001|2.415493|0.527843|0.842064|-0.110950|13.414088|0.189476|0.297559
1857|310|-1|7211|326|273|HOH|4343|2052|1999|-O--|2828|8|3|0001|3.110321|0.931094|-0.162363|0.326654|14.610520|0.028973|0.045499
1857|311|-1|7211|273|326|HOH|4343|1999|2052|-O--|2828|8|3|0001|3.110321|-0.931094|0.162363|-0.326654|14.610520|0.028973|0.045499
1857|312|-1|7212|308|275|HOH|4343|2034|2001|-O--|2828|8|3|0001|3.794735|-0.209501|0.518877|-0.828780|6.624428|0.004557|0.007156
1857|313|-1|7212|275|308|HOH|4343|2001|2034|-O--|2828|8|3|0001|3.794735|0.209501|-0.518877|0.828780|6.624428|0.004557|0.007156
1857|314|-1|7213|366|275|HOH|4343|2092|2001|-O--|2828|8|3|0011|2.905945|-0.599461|-0.725410|-0.338272|2.701657|0.050336|0.079049
1857|315|-1|7213|275|366|HOH|4343|2001|2092|-O--|2828|8|3|0011|2.905945|0.599461|0.725410|0.338272|2.701657|0.050336|0.079049
1857|316|-1|7214|287|276|HOH|4343|2013|2002|-O--|2828|8|3|0001|3.635409|-0.344941|-0.012103|-0.938547|8.851298|0.007009|0.011007
1857|317|-1|7214|276|287|HOH|4343|2002|2013|-O--|2828|8|3|0001|3.635409|0.344941|0.012103|0.938547|8.851298|0.007009|0.011007
1857|318|-1|7215|345|277|HOH|4343|2071|2003|-O--|2828|8|3|0001|3.554707|-0.038259|0.735645|0.676286|18.250643|0.008717|0.013690
1857|319|-1|7215|277|345|HOH|4343|2003|2071|-O--|2828|8|3|0001|3.554707|0.038259|-0.735645|-0.676286|18.250643|0.008717|0.013690
1857|320|-1|7216|343|277|HOH|4343|2069|2003|-O--|2828|8|3|0001|2.927063|0.124357|0.452331|-0.883138|1.491572|0.047543|0.074663
1857|321|-1|7216|277|343|HOH|4343|2003|2069|-O--|2828|8|3|0001|2.927063|-0.124357|-0.452331|0.883138|1.491572|0.047543|0.074663
1857|322|-1|7217|305|279|HOH|4343|2031|2005|-O--|2828|8|3|0001|2.582365|-0.298951|-0.320636|0.898789|1.898329|0.120694|0.189541
1857|323|-1|7217|279|305|HOH|4343|2005|2031|-O--|2828|8|3|0001|2.582365|0.298951|0.320636|-0.898789|1.898329|0.120694|0.189541
1857|324|-1|7218|360|281|HOH|4343|2086|2007|-O--|2828|8|3|0011|3.128789|-0.836745|-0.104194|0.537588|6.923766|0.027562|0.043284
1857|325|-1|7218|281|360|HOH|4343|2007|2086|-O--|2828|8|3|0011|3.128789|0.836745|0.104194|-0.537588|6.923766|0.027562|0.043284
1857|326|-1|7219|311|283|HOH|4343|2037|2009|-O--|2828|8|3|0001|2.382210|-0.081437|-0.914697|0.395851|5.375153|0.207310|0.325566
1857|327|-1|7219|283|311|HOH|4343|2009|2037|-O--|2828|8|3|0001|2.382210|0.081437|0.914697|-0.395851|5.375153|0.207310|0.325566
1857|328|-1|7220|337|284|HOH|4343|2063|2010|-O--|2828|8|3|0001|3.142609|-0.364029|0.459491|0.810155|75.438644|0.026551|0.041697
1857|329|-1|7220|284|337|HOH|4343|2010|2063|-O--|2828|8|3|0001|3.142609|0.364029|-0.459491|-0.810155|75.438644|0.026551|0.041697
1857|330|-1|7221|330|284|HOH|4343|2056|2010|-O--|2828|8|3|0001|2.327945|-0.808009|-0.145622|0.570890|113.490875|0.240057|0.376994
1857|331|-1|7221|284|330|HOH|4343|2010|2056|-O--|2828|8|3|0001|2.327945|0.808009|0.145622|-0.570890|113.490875|0.240057|0.376994
1857|332|-1|7222|325|286|HOH|4343|2051|2012|-O--|2828|8|3|0001|3.004013|0.947732|0.314246|0.055260|6.040648|0.038616|0.060644
1857|333|-1|7222|286|325|HOH|4343|2012|2051|-O--|2828|8|3|0001|3.004013|-0.947732|-0.314246|-0.055260|6.040648|0.038616|0.060644
1857|334|-1|7223|301|286|HOH|4343|2027|2012|-O--|2828|8|3|0001|2.898275|-0.029328|-0.004485|-0.999560|0.040040|0.051390|0.080705
1857|335|-1|7223|286|301|HOH|4343|2012|2027|-O--|2828|8|3|0001|2.898275|0.029328|0.004485|0.999560|0.040040|0.051390|0.080705
1857|336|-1|7224|411|288|HOH|4343|2137|2014|-O--|2828|8|3|0011|3.975829|0.565165|-0.546804|-0.617733|4.368111|0.002793|0.004386
1857|337|-1|7224|288|411|HOH|4343|2014|2137|-O--|2828|8|3|0011|3.975829|-0.565165|0.546804|0.617733|4.368111|0.002793|0.004386
1857|338|-1|7225|329|292|HOH|4343|2055|2018|-O--|2828|8|3|0001|3.186603|-0.787359|-0.383167|0.482959|19.322807|0.023575|0.037023
1857|339|-1|7225|292|329|HOH|4343|2018|2055|-O--|2828|8|3|0001|3.186603|0.787359|0.383167|-0.482959|19.322807|0.023575|0.037023
1857|340|-1|7226|330|294|HOH|4343|2056|2020|-O--|2828|8|3|0001|3.749066|0.652162|0.753788|-0.080553|88.363853|0.005155|0.008096
1857|341|-1|7226|294|330|HOH|4343|2020|2056|-O--|2828|8|3|0001|3.749066|-0.652162|-0.753788|0.080553|88.363853|0.005155|0.008096
1857|342|-1|7227|323|294|HOH|4343|2049|2020|-O--|2828|8|3|0001|3.724763|0.829583|-0.515201|-0.215316|0.090265|0.005505|0.008646
1857|343|-1|7227|294|323|HOH|4343|2020|2049|-O--|2828|8|3|0001|3.724763|-0.829583|0.515201|0.215316|0.090265|0.005505|0.008646
1857|344|-1|7228|326|296|HOH|4343|2052|2022|-O--|2828|8|3|0001|2.832093|-0.305781|0.214682|-0.927583|2.762899|0.061456|0.096512
1857|345|-1|7228|296|326|HOH|4343|2022|2052|-O--|2828|8|3|0001|2.832093|0.305781|-0.214682|0.927583|2.762899|0.061456|0.096512
1857|346|-1|7229|337|298|HOH|4343|2063|2024|-O--|2828|8|3|0001|3.106874|0.256850|-0.733535|0.629250|43.681988|0.029244|0.045925
1857|347|-1|7229|298|337|HOH|4343|2024|2063|-O--|2828|8|3|0001|3.106874|-0.256850|0.733535|-0.629250|43.681988|0.029244|0.045925
1857|348|-1|7230|301|298|HOH|4343|2027|2024|-O--|2828|8|3|0001|2.715683|-0.911741|0.177488|0.370441|2.853023|0.084178|0.132196
1857|349|-1|7230|298|301|HOH|4343|2024|2027|-O--|2828|8|3|0001|2.715683|0.911741|-0.177488|-0.370441|2.853023|0.084178|0.132196
1857|350|-1|7231|335|299|HOH|4343|2061|2025|-O--|2828|8|3|0001|2.912939|0.430493|0.847941|0.309310|1.615705|0.049393|0.077569
1857|351|-1|7231|299|335|HOH|4343|2025|2061|-O--|2828|8|3|0001|2.912939|-0.430493|-0.847941|-0.309310|1.615705|0.049393|0.077569
1857|352|-1|7232|335|300|HOH|4343|2061|2026|-O--|2828|8|3|0001|3.444988|-0.689407|0.648768|-0.322207|24.782988|0.011726|0.018415
1857|353|-1|7232|300|335|HOH|4343|2026|2061|-O--|2828|8|3|0001|3.444988|0.689407|-0.648768|0.322207|24.782988|0.011726|0.018415
1857|354|-1|7233|324|301|HOH|4343|2050|2027|-O--|2828|8|3|0001|3.928854|-0.801760|0.514908|0.303396|7.837497|0.003171|0.004980
1857|355|-1|7233|301|324|HOH|4343|2027|2050|-O--|2828|8|3|0001|3.928854|0.801760|-0.514908|-0.303396|7.837497|0.003171|0.004980
1857|356|-1|7234|349|303|HOH|4343|2075|2029|-O--|2828|8|3|0001|3.912789|0.345534|0.036547|-0.937694|0.454652|0.003312|0.005201
1857|357|-1|7234|303|349|HOH|4343|2029|2075|-O--|2828|8|3|0001|3.912789|-0.345534|-0.036547|0.937694|0.454652|0.003312|0.005201
1857|358|-1|7235|317|311|HOH|4343|2043|2037|-O--|2828|8|3|0001|3.144888|-0.478237|-0.167892|0.862034|1.793743|0.026388|0.041441
1857|359|-1|7235|311|317|HOH|4343|2037|2043|-O--|2828|8|3|0001|3.144888|0.478237|0.167892|-0.862034|1.793743|0.026388|0.041441
1857|360|-1|7236|329|312|HOH|4343|2055|2038|-O--|2828|8|3|0001|3.569630|0.935391|0.147634|-0.321322|0.160871|0.008373|0.013149
1857|361|-1|7236|312|329|HOH|4343|2038|2055|-O--|2828|8|3|0001|3.569630|-0.935391|-0.147634|0.321322|0.160871|0.008373|0.013149
1857|362|-1|7237|336|312|HOH|4343|2062|2038|-O--|2828|8|3|0001|2.908640|-0.612314|-0.518112|-0.597187|40.531086|0.049970|0.078475
1857|363|-1|7237|312|336|HOH|4343|2038|2062|-O--|2828|8|3|0001|2.908640|0.612314|0.518112|0.597187|40.531086|0.049970|0.078475
1857|364|-1|7238|348|316|HOH|4343|2074|2042|-O--|2828|8|3|0001|2.609078|-0.332685|0.750457|-0.571083|0.190876|0.112287|0.176339
1857|365|-1|7238|316|348|HOH|4343|2042|2074|-O--|2828|8|3|0001|2.609078|0.332685|-0.750457|0.571083|0.190876|0.112287|0.176339
1857|366|-1|7239|320|319|HOH|4343|2046|2045|-O--|2828|8|3|0001|3.797580|0.965878|0.196441|-0.168792|44.164425|0.004522|0.007101
1857|367|-1|7239|319|320|HOH|4343|2045|2046|-O--|2828|8|3|0001|3.797580|-0.965878|-0.196441|0.168792|44.164425|0.004522|0.007101
1857|368|-1|7240|346|321|HOH|4343|2072|2047|-O--|2828|8|3|0001|2.818583|-0.452710|0.072022|-0.888744|55.407745|0.063741|0.100101
1857|369|-1|7240|321|346|HOH|4343|2047|2072|-O--|2828|8|3|0001|2.818583|0.452710|-0.072022|0.888744|55.407745|0.063741|0.100101
1857|370|-1|7241|344|322|HOH|4343|2070|2048|-O--|2828|8|3|0001|2.297539|0.118823|0.544931|0.830019|10.344867|0.260618|0.409283
1857|371|-1|7241|322|344|HOH|4343|2048|2070|-O--|2828|8|3|0001|2.297539|-0.118823|-0.544931|-0.830019|10.344867|0.260618|0.409283
1857|372|-1|7242|336|324|HOH|4343|2062|2050|-O--|2828|8|3|0001|3.769104|0.059165|0.637287|0.768352|10.132292|0.004883|0.007669
1857|373|-1|7242|324|336|HOH|4343|2050|2062|-O--|2828|8|3|0001|3.769104|-0.059165|-0.637287|-0.768352|10.132292|0.004883|0.007669
1857|374|-1|7243|337|330|HOH|4343|2063|2056|-O--|2828|8|3|0001|2.281085|0.323092|0.781646|0.533518|11.378406|0.272469|0.427895
1857|375|-1|7243|330|337|HOH|4343|2056|2063|-O--|2828|8|3|0001|2.281085|-0.323092|-0.781646|-0.533518|11.378406|0.272469|0.427895
1857|376|-1|7244|340|333|HOH|4343|2066|2059|-O--|2828|8|3|0001|3.859950|-0.492493|0.452337|-0.743533|55.200493|0.003820|0.005999
1857|377|-1|7244|333|340|HOH|4343|2059|2066|-O--|2828|8|3|0001|3.859950|0.492493|-0.452337|0.743533|55.200493|0.003820|0.005999
1857|378|-1|7245|351|338|HOH|4343|2077|2064|-O--|2828|8|3|0001|3.885260|-0.012869|0.543078|-0.839584|1.205185|0.003568|0.005603
1857|379|-1|7245|338|351|HOH|4343|2064|2077|-O--|2828|8|3|0001|3.885260|0.012869|-0.543078|0.839584|1.205185|0.003568|0.005603
1857|380|-1|7246|439|352|HOH|4343|2165|2078|-O--|2828|8|3|0001|2.298220|0.714031|0.251064|0.653549|4.222638|0.260138|0.408530
1857|381|-1|7246|352|439|HOH|4343|2078|2165|-O--|2828|8|3|0001|2.298220|-0.714031|-0.251064|-0.653549|4.222638|0.260138|0.408530
1857|382|-1|7247|400|352|HOH|4343|2126|2078|-O--|2828|8|3|0001|3.837115|0.358342|-0.200150|0.911883|0.965812|0.004063|0.006381
1857|383|-1|7247|352|400|HOH|4343|2078|2126|-O--|2828|8|3|0001|3.837115|-0.358342|0.200150|-0.911883|0.965812|0.004063|0.006381
1857|384|-1|7248|363|353|HOH|4343|2089|2079|-O--|2828|8|3|0001|2.995494|0.863964|-0.249041|0.437658|0.658595|0.039515|0.062056
1857|385|-1|7248|353|363|HOH|4343|2079|2089|-O--|2828|8|3|0001|2.995494|-0.863964|0.249041|-0.437658|0.658595|0.039515|0.062056
1857|386|-1|7249|367|355|HOH|4343|2093|2081|-O--|2828|8|3|0001|2.709594|0.249853|-0.412239|0.876146|5.832955|0.085575|0.134390
1857|387|-1|7249|355|367|HOH|4343|2081|2093|-O--|2828|8|3|0001|2.709594|-0.249853|0.412239|-0.876146|5.832955|0.085575|0.134390
1857|388|-1|7250|357|356|HOH|4343|2083|2082|-O--|2828|8|3|0001|2.817629|0.748147|-0.577436|-0.326870|1.980404|0.063906|0.100359
1857|389|-1|7250|356|357|HOH|4343|2082|2083|-O--|2828|8|3|0001|2.817629|-0.748147|0.577436|0.326870|1.980404|0.063906|0.100359
1857|390|-1|7251|370|359|HOH|4343|2096|2085|-O--|2828|8|3|0001|2.933002|0.764063|-0.637572|-0.098534|0.728520|0.046786|0.073475
1857|391|-1|7251|359|370|HOH|4343|2085|2096|-O--|2828|8|3|0001|2.933002|-0.764063|0.637572|0.098534|0.728520|0.046786|0.073475
1857|392|-1|7252|434|359|HOH|4343|2160|2085|-O--|2828|8|3|0001|2.673150|-0.607149|0.005611|0.794568|35.996975|0.094433|0.148301
1857|393|-1|7252|359|434|HOH|4343|2085|2160|-O--|2828|8|3|0001|2.673150|0.607149|-0.005611|-0.794568|35.996975|0.094433|0.148301
1857|394|-1|7253|382|359|HOH|4343|2108|2085|-O--|2828|8|3|0001|3.629653|-0.450732|0.626782|-0.635598|11.475172|0.007119|0.011180
1857|395|-1|7253|359|382|HOH|4343|2085|2108|-O--|2828|8|3|0001|3.629653|0.450732|-0.626782|0.635598|11.475172|0.007119|0.011180
1857|396|-1|7254|419|360|HOH|4343|2145|2086|-O--|2828|8|3|0001|3.374450|0.296937|-0.952155|0.072308|35.716251|0.014189|0.022283
1857|397|-1|7254|360|419|HOH|4343|2086|2145|-O--|2828|8|3|0001|3.374450|-0.296937|0.952155|-0.072308|35.716251|0.014189|0.022283
1857|398|-1|7255|422|361|HOH|4343|2148|2087|-O--|2828|8|3|0001|2.292019|-0.981231|-0.134379|-0.138305|3.995679|0.264535|0.415435
1857|399|-1|7255|361|422|HOH|4343|2087|2148|-O--|2828|8|3|0001|2.292019|0.981231|0.134379|0.138305|3.995679|0.264535|0.415435
1857|400|-1|7256|380|362|HOH|4343|2106|2088|-O--|2828|8|3|0001|3.060750|-0.044760|-0.168259|-0.984726|10.130963|0.033126|0.052022
1857|401|-1|7256|362|380|HOH|4343|2088|2106|-O--|2828|8|3|0001|3.060750|0.044760|0.168259|0.984726|10.130963|0.033126|0.052022
1857|402|-1|7257|376|364|HOH|4343|2102|2090|-O--|2828|8|3|0001|2.651047|0.787613|-0.170122|0.592220|5.571203|0.100246|0.157430
1857|403|-1|7257|364|376|HOH|4343|2090|2102|-O--|2828|8|3|0001|2.651047|-0.787613|0.170122|-0.592220|5.571203|0.100246|0.157430
1857|404|-1|7258|401|364|HOH|4343|2127|2090|-O--|2828|8|3|0001|2.884178|0.002427|-0.637963|-0.770063|1.036827|0.053386|0.083839
1857|405|-1|7258|364|401|HOH|4343|2090|2127|-O--|2828|8|3|0001|2.884178|-0.002427|0.637963|0.770063|1.036827|0.053386|0.083839
1857|406|-1|7259|381|366|HOH|4343|2107|2092|-O--|2828|8|3|0001|2.767833|-0.285783|-0.493888|0.821220|5.349257|0.073112|0.114817
1857|407|-1|7259|366|381|HOH|4343|2092|2107|-O--|2828|8|3|0001|2.767833|0.285783|0.493888|-0.821220|5.349257|0.073112|0.114817
1857|408|-1|7260|392|367|HOH|4343|2118|2093|-O--|2828|8|3|0001|2.860355|-0.724735|-0.401349|0.560070|15.391640|0.056936|0.089414
1857|409|-1|7260|367|392|HOH|4343|2093|2118|-O--|2828|8|3|0001|2.860355|0.724735|0.401349|-0.560070|15.391640|0.056936|0.089414
1857|410|-1|7261|435|367|HOH|4343|2161|2093|-O--|2828|8|3|0001|3.581479|-0.212203|-0.904375|-0.370238|30.618425|0.008109|0.012734
1857|411|-1|7261|367|435|HOH|4343|2093|2161|-O--|2828|8|3|0001|3.581479|0.212203|0.904375|0.370238|30.618425|0.008109|0.012734
1857|412|-1|7262|386|367|HOH|4343|2112|2093|-O--|2828|8|3|0001|2.915982|0.435531|-0.885122|-0.163924|32.705196|0.048989|0.076933
1857|413|-1|7262|367|386|HOH|4343|2093|2112|-O--|2828|8|3|0001|2.915982|-0.435531|0.885122|0.163924|32.705196|0.048989|0.076933
1857|414|-1|7263|403|370|HOH|4343|2129|2096|-O--|2828|8|3|0001|3.938150|0.923530|0.270685|0.271701|34.954086|0.003092|0.004857
1857|415|-1|7263|370|403|HOH|4343|2096|2129|-O--|2828|8|3|0001|3.938150|-0.923530|-0.270685|-0.271701|34.954086|0.003092|0.004857
1857|416|-1|7264|391|370|HOH|4343|2117|2096|-O--|2828|8|3|0001|3.566849|0.566046|-0.807435|-0.166253|1.909331|0.008436|0.013248
1857|417|-1|7264|370|391|HOH|4343|2096|2117|-O--|2828|8|3|0001|3.566849|-0.566046|0.807435|0.166253|1.909331|0.008436|0.013248
1857|418|-1|7265|402|371|HOH|4343|2128|2097|-O--|2828|8|3|0001|3.711442|0.340299|0.375865|-0.861929|18.749821|0.005707|0.008962
1857|419|-1|7265|371|402|HOH|4343|2097|2128|-O--|2828|8|3|0001|3.711442|-0.340299|-0.375865|0.861929|18.749821|0.005707|0.008962
1857|420|-1|7266|406|371|HOH|4343|2132|2097|-O--|2828|8|3|0001|3.387758|-0.928047|-0.211349|0.306692|1.257414|0.013688|0.021496
1857|421|-1|7266|371|406|HOH|4343|2097|2132|-O--|2828|8|3|0001|3.387758|0.928047|0.211349|-0.306692|1.257414|0.013688|0.021496
1857|422|-1|7267|394|373|HOH|4343|2120|2099|-O--|2828|8|3|0001|3.781283|-0.577053|0.188296|-0.794704|11.284323|0.004725|0.007421
1857|423|-1|7267|373|394|HOH|4343|2099|2120|-O--|2828|8|3|0001|3.781283|0.577053|-0.188296|0.794704|11.284323|0.004725|0.007421
1857|424|-1|7268|438|373|HOH|4343|2164|2099|-O--|2828|8|3|0001|2.562496|0.334049|-0.832001|0.442928|5.952147|0.127352|0.199998
1857|425|-1|7268|373|438|HOH|4343|2099|2164|-O--|2828|8|3|0001|2.562496|-0.334049|0.832001|-0.442928|5.952147|0.127352|0.199998
1857|426|-1|7269|383|374|HOH|4343|2109|2100|-O--|2828|8|3|0001|2.979537|-0.440337|0.873626|0.207079|5.386853|0.041257|0.064791
1857|427|-1|7269|374|383|HOH|4343|2100|2109|-O--|2828|8|3|0001|2.979537|0.440337|-0.873626|-0.207079|5.386853|0.041257|0.064791
1857|428|-1|7270|384|376|HOH|4343|2110|2102|-O--|2828|8|3|0001|2.675650|-0.182759|-0.911180|0.369256|9.542707|0.093797|0.147302
1857|429|-1|7270|376|384|HOH|4343|2102|2110|-O--|2828|8|3|0001|2.675650|0.182759|0.911180|-0.369256|9.542707|0.093797|0.147302
1857|430|-1|7271|420|378|HOH|4343|2146|2104|-O--|2828|8|3|0001|3.331039|0.032422|0.977773|0.207143|5.258817|0.015956|0.025057
1857|431|-1|7271|378|420|HOH|4343|2104|2146|-O--|2828|8|3|0001|3.331039|-0.032422|-0.977773|-0.207143|5.258817|0.015956|0.025057
1857|432|-1|7272|404|380|HOH|4343|2130|2106|-O--|2828|8|3|0001|2.937906|-0.492868|0.857414|-0.148064|0.885191|0.046170|0.072507
1857|433|-1|7272|380|404|HOH|4343|2106|2130|-O--|2828|8|3|0001|2.937906|0.492868|-0.857414|0.148064|0.885191|0.046170|0.072507
1857|434|-1|7273|399|380|HOH|4343|2125|2106|-O--|2828|8|3|0001|2.360242|-0.900331|-0.394451|-0.183879|1.446512|0.219991|0.345482
1857|435|-1|7273|380|399|HOH|4343|2106|2125|-O--|2828|8|3|0001|2.360242|0.900331|0.394451|0.183879|1.446512|0.219991|0.345482
1857|436|-1|7274|393|385|HOH|4343|2119|2111|-O--|2828|8|3|0001|2.776571|0.238784|-0.887065|-0.395091|115.004303|0.071406|0.112138
1857|437|-1|7274|385|393|HOH|4343|2111|2119|-O--|2828|8|3|0001|2.776571|-0.238784|0.887065|0.395091|115.004303|0.071406|0.112138
1857|438|-1|7275|408|386|HOH|4343|2134|2112|-O--|2828|8|3|0001|3.831810|-0.574924|-0.127355|0.808234|9.751382|0.004122|0.006474
1857|439|-1|7275|386|408|HOH|4343|2112|2134|-O--|2828|8|3|0001|3.831810|0.574924|0.127355|-0.808234|9.751382|0.004122|0.006474
1857|440|-1|7276|435|386|HOH|4343|2161|2112|-O--|2828|8|3|0001|2.296294|-0.884033|-0.286548|-0.369290|0.735711|0.261496|0.410662
1857|441|-1|7276|386|435|HOH|4343|2112|2161|-O--|2828|8|3|0001|2.296294|0.884033|0.286548|0.369290|0.735711|0.261496|0.410662
1857|442|-1|7277|389|387|HOH|4343|2115|2113|-O--|2828|8|3|0001|2.717943|-0.075057|-0.727020|0.682501|0.778808|0.083666|0.131391
1857|443|-1|7277|387|389|HOH|4343|2113|2115|-O--|2828|8|3|0001|2.717943|0.075057|0.727020|-0.682501|0.778808|0.083666|0.131391
1857|444|-1|7278|394|389|HOH|4343|2120|2115|-O--|2828|8|3|0001|3.823172|0.941365|-0.308644|-0.136274|5.610547|0.004220|0.006626
1857|445|-1|7278|389|394|HOH|4343|2115|2120|-O--|2828|8|3|0001|3.823172|-0.941365|0.308644|0.136274|5.610547|0.004220|0.006626
1857|446|-1|7279|401|390|HOH|4343|2127|2116|-O--|2828|8|3|0001|2.980491|0.047308|-0.100654|0.993796|4.177961|0.041151|0.064624
1857|447|-1|7279|390|401|HOH|4343|2116|2127|-O--|2828|8|3|0001|2.980491|-0.047308|0.100654|-0.993796|4.177961|0.041151|0.064624
1857|448|-1|7280|408|391|HOH|4343|2134|2117|-O--|2828|8|3|0001|3.907775|0.930964|-0.108757|0.348536|46.636284|0.003357|0.005272
1857|449|-1|7280|391|408|HOH|4343|2117|2134|-O--|2828|8|3|0001|3.907775|-0.930964|0.108757|-0.348536|46.636284|0.003357|0.005272
1857|450|-1|7281|392|391|HOH|4343|2118|2117|-O--|2828|8|3|0001|2.932072|0.851957|0.510220|0.117664|9.981241|0.046904|0.073659
1857|451|-1|7281|391|392|HOH|4343|2117|2118|-O--|2828|8|3|0001|2.932072|-0.851957|-0.510220|-0.117664|9.981241|0.046904|0.073659
1857|452|-1|7282|426|391|HOH|4343|2152|2117|-O--|2828|8|3|0001|2.747161|0.362556|-0.803739|-0.471760|44.170475|0.077313|0.121415
1857|453|-1|7282|391|426|HOH|4343|2117|2152|-O--|2828|8|3|0001|2.747161|-0.362556|0.803739|0.471760|44.170475|0.077313|0.121415
1857|454|-1|7283|408|392|HOH|4343|2134|2118|-O--|2828|8|3|0001|2.454410|0.464470|-0.782673|0.414356|22.754021|0.170559|0.267851
1857|455|-1|7283|392|408|HOH|4343|2118|2134|-O--|2828|8|3|0001|2.454410|-0.464470|0.782673|-0.414356|22.754021|0.170559|0.267851
1857|456|-1|7284|435|392|HOH|4343|2161|2118|-O--|2828|8|3|0001|3.830069|0.342814|-0.545943|-0.764477|7.468743|0.004142|0.006504
1857|457|-1|7284|392|435|HOH|4343|2118|2161|-O--|2828|8|3|0001|3.830069|-0.342814|0.545943|0.764477|7.468743|0.004142|0.006504
1857|458|-1|7285|403|392|HOH|4343|2129|2118|-O--|2828|8|3|0001|2.917880|-0.301589|0.839651|0.451698|11.333055|0.048738|0.076540
1857|459|-1|7285|392|403|HOH|4343|2118|2129|-O--|2828|8|3|0001|2.917880|0.301589|-0.839651|-0.451698|11.333055|0.048738|0.076540
1857|460|-1|7286|427|393|HOH|4343|2153|2119|-O--|2828|8|3|0001|3.687308|0.206112|0.476228|-0.854824|24.509914|0.006092|0.009567
1857|461|-1|7286|393|427|HOH|4343|2119|2153|-O--|2828|8|3|0001|3.687308|-0.206112|-0.476228|0.854824|24.509914|0.006092|0.009567
1857|462|-1|7287|415|395|HOH|4343|2141|2121|-O--|2828|8|3|0001|2.367867|-0.798609|-0.373754|-0.471733|14.678374|0.215504|0.338434
1857|463|-1|7287|395|415|HOH|4343|2121|2141|-O--|2828|8|3|0001|2.367867|0.798609|0.373754|0.471733|14.678374|0.215504|0.338434
1857|464|-1|7288|418|396|HOH|4343|2144|2122|-O--|2828|8|3|0001|2.472399|-0.376558|0.743003|0.553309|7.675246|0.162465|0.255140
1857|465|-1|7288|396|418|HOH|4343|2122|2144|-O--|2828|8|3|0001|2.472399|0.376558|-0.743003|-0.553309|7.675246|0.162465|0.255140
1857|466|-1|7289|404|399|HOH|4343|2130|2125|-O--|2828|8|3|0001|3.515797|0.192559|0.981285|-0.000284|2.447900|0.009684|0.015208
1857|467|-1|7289|399|404|HOH|4343|2125|2130|-O--|2828|8|3|0001|3.515797|-0.192559|-0.981285|0.000284|2.447900|0.009684|0.015208
1857|468|-1|7290|405|399|HOH|4343|2131|2125|-O--|2828|8|3|0001|2.852283|-0.422819|-0.375839|-0.824602|21.915234|0.058192|0.091386
1857|469|-1|7290|399|405|HOH|4343|2125|2131|-O--|2828|8|3|0001|2.852283|0.422819|0.375839|0.824602|21.915234|0.058192|0.091386
1857|470|-1|7291|439|400|HOH|4343|2165|2126|-O--|2828|8|3|0001|2.422352|0.109811|0.555245|-0.824405|3.085060|0.185996|0.292094
1857|471|-1|7291|400|439|HOH|4343|2126|2165|-O--|2828|8|3|0001|2.422352|-0.109811|-0.555245|0.824405|3.085060|0.185996|0.292094
1857|472|-1|7292|429|404|HOH|4343|2155|2130|-O--|2828|8|3|0001|3.392864|0.778693|0.429725|0.457136|20.668285|0.013500|0.021201
1857|473|-1|7292|404|429|HOH|4343|2130|2155|-O--|2828|8|3|0001|3.392864|-0.778693|-0.429725|-0.457136|20.668285|0.013500|0.021201
1857|474|-1|7293|435|408|HOH|4343|2161|2134|-O--|2828|8|3|0001|3.952449|0.043770|-0.043011|-0.998115|10.872330|0.002975|0.004672
1857|475|-1|7293|408|435|HOH|4343|2134|2161|-O--|2828|8|3|0001|3.952449|-0.043770|0.043011|0.998115|10.872330|0.002975|0.004672
1857|476|-1|7294|431|411|HOH|4343|2157|2137|-O--|2828|8|3|0001|2.445343|0.236777|-0.394628|0.887810|9.672163|0.174790|0.274496
1857|477|-1|7294|411|431|HOH|4343|2137|2157|-O--|2828|8|3|0001|2.445343|-0.236777|0.394628|-0.887810|9.672163|0.174790|0.274496
1857|478|-1|7295|415|413|HOH|4343|2141|2139|-O--|2828|8|3|0001|3.980491|0.370557|-0.467782|-0.802414|19.536329|0.002758|0.004331
1857|479|-1|7295|413|415|HOH|4343|2139|2141|-O--|2828|8|3|0001|3.980491|-0.370557|0.467782|0.802414|19.536329|0.002758|0.004331
1857|480|-1|7296|443|415|HOH|4343|2169|2141|-O--|2828|8|3|0001|3.408056|-0.321591|0.879680|-0.350345|23.954966|0.012957|0.020349
1857|481|-1|7296|415|443|HOH|4343|2141|2169|-O--|2828|8|3|0001|3.408056|0.321591|-0.879680|0.350345|23.954966|0.012957|0.020349
1857|482|-1|7297|435|426|HOH|4343|2161|2152|-O--|2828|8|3|0001|3.490324|0.806515|0.462135|-0.368734|9.717912|0.010374|0.016292
1857|483|-1|7297|426|435|HOH|4343|2152|2161|-O--|2828|8|3|0001|3.490324|-0.806515|-0.462135|0.368734|9.717912|0.010374|0.016292
1857|484|-1|7298|429|427|HOH|4343|2155|2153|-O--|2828|8|3|0001|3.423383|-0.926861|-0.368349|-0.072443|15.745204|0.012432|0.019523
1857|485|-1|7298|427|429|HOH|4343|2153|2155|-O--|2828|8|3|0001|3.423383|0.926861|0.368349|0.072443|15.745204|0.012432|0.019523
1857|486|-1|7299|437|436|HOH|4343|2163|2162|-O--|2828|8|3|0001|3.904607|-0.211801|-0.716077|0.665112|13.812935|0.003386|0.005317
1857|487|-1|7299|436|437|HOH|4343|2162|2163|-O--|2828|8|3|0001|3.904607|0.211801|0.716077|-0.665112|13.812935|0.003386|0.005317
1857|488|-1|7412|14|395|GLU|2543|116|2121|-OE1|1028|8|2|1011|4.281269|-0.023962|-0.525779|-0.850284|127.191269|0.001223|0.001921
1857|489|-1|7413|14|415|GLU|2543|116|2141|-OE1|1028|8|2|1011|3.381034|0.528955|-0.404019|-0.746308|69.256256|0.013939|0.021890
1857|490|-1|7441|22|369|GLN|2743|175|2095|-OE1|828|8|2|1011|4.755102|0.128581|0.929738|0.345042|10.589802|0.000340|0.000534
1857|491|-1|7457|26|375|GLN|2743|199|2101|-O--|428|8|2|1011|4.987778|0.312436|0.215975|-0.925061|13.162440|0.000181|0.000285
1857|492|-1|7458|26|384|GLN|2743|199|2110|-O--|428|8|2|1011|4.463205|-0.569017|0.008791|-0.822279|17.305084|0.000748|0.001175
1857|493|-1|7479|26|364|GLN|2743|203|2090|-OE1|828|8|2|1011|4.241605|-0.351433|0.283203|-0.892351|14.031286|0.001362|0.002139
1857|494|-1|7480|26|372|GLN|2743|203|2098|-OE1|828|8|2|1011|4.554344|-0.824408|-0.490908|-0.281709|14.908299|0.000585|0.000918
1857|495|-1|7487|26|358|GLN|2743|203|2084|-OE1|828|8|2|1011|4.380482|0.777622|-0.322970|-0.539439|2.110200|0.000936|0.001469
1857|496|-1|7488|26|376|GLN|2743|203|2102|-OE1|828|8|2|1011|2.827180|0.211292|0.584411|-0.783466|5.276937|0.062277|0.097802
1857|497|-1|7489|26|384|GLN|2743|203|2110|-OE1|828|8|2|1011|4.271686|0.025367|0.957523|-0.287240|20.027214|0.001255|0.001972
1857|498|-1|7568|28|358|GLY|143|215|2084|-O--|428|8|2|1011|4.647686|-0.158496|-0.019959|-0.987158|5.600686|0.000454|0.000714
1857|499|-1|7617|29|358|PRO|1943|219|2084|-O--|428|8|2|1011|4.621018|0.045522|0.651855|-0.756976|4.910756|0.000488|0.000767
1857|500|-1|7706|32|372|TYR|3743|251|2098|-OH-|1828|8|3|1011|4.169630|-0.356540|0.058335|-0.932457|0.959737|0.001654|0.002598
1857|501|-1|7724|52|433|GLN|2743|406|2159|-O--|428|8|2|1011|4.262666|0.269400|-0.852931|0.447138|8.353123|0.001286|0.002020
1857|502|-1|7738|52|433|GLN|2743|410|2159|-OE1|828|8|2|1011|3.268699|0.949418|0.040150|-0.311439|0.821820|0.018884|0.029656
1857|503|-1|7776|73|304|GLY|143|570|2030|-O--|428|8|2|1011|4.608496|0.952232|0.235486|-0.194424|19.439161|0.000505|0.000793
1857|504|-1|7780|74|304|THR|1343|574|2030|-O--|428|8|2|1011|4.403334|0.511058|-0.517508|-0.686298|6.053485|0.000880|0.001381
1857|505|-1|7782|74|304|THR|1343|576|2030|-OG1|1728|8|3|1011|4.404965|0.637998|-0.769305|-0.033598|4.273826|0.000876|0.001375
1857|506|-1|7789|75|304|ASN|2343|584|2030|-OD1|828|8|2|1011|2.992845|-0.567568|-0.822215|0.042769|24.025017|0.039799|0.062502
1857|507|-1|7798|82|332|PRO|1943|636|2058|-O--|428|8|2|1011|4.120708|0.192772|0.529949|0.825829|5.218788|0.001888|0.002965
1857|508|-1|7803|84|266|GLU|2543|652|1992|-OE2|1028|8|2|1011|4.678893|0.028716|0.945472|0.324436|94.785767|0.000418|0.000656
1857|509|-1|7808|90|304|TYR|3743|702|2030|-OH-|1828|8|3|1011|2.819551|0.356567|0.046191|0.933127|6.410406|0.063574|0.099839
1857|510|-1|7809|92|433|PHE|3543|713|2159|-O--|428|8|2|1011|4.500907|0.143384|-0.763348|-0.629873|15.035017|0.000676|0.001061
1857|511|-1|7820|93|348|LYS|2943|724|2074|-O--|428|8|2|1011|3.336210|0.235105|-0.640176|0.731369|17.629185|0.015734|0.024710
1857|512|-1|7822|93|433|LYS|2943|724|2159|-O--|428|8|2|1011|4.508730|0.409286|0.232491|-0.882289|1.402367|0.000662|0.001039
1857|513|-1|7823|93|316|LYS|2943|724|2042|-O--|428|8|2|1011|4.266941|0.387247|-0.041661|0.921034|17.983311|0.001272|0.001997
1857|514|-1|7909|122|363|ALA|343|958|2089|-O--|428|8|2|1011|4.290399|0.123519|-0.298985|-0.946230|57.471779|0.001194|0.001874
1857|515|-1|7913|123|363|TYR|3743|963|2089|-O--|428|8|2|1011|4.938143|-0.334347|-0.858170|-0.389560|42.656933|0.000207|0.000326
1857|516|-1|7963|123|358|TYR|3743|971|2084|-OH-|1828|8|3|1011|2.812146|-0.075051|-0.722852|-0.686915|1.261862|0.064860|0.101858
1857|517|-1|7964|123|376|TYR|3743|971|2102|-OH-|1828|8|3|1011|3.656771|-0.825880|0.282828|-0.487781|4.154399|0.006616|0.010390
1857|518|-1|7966|123|375|TYR|3743|971|2101|-OH-|1828|8|3|1011|4.869875|0.120937|0.926151|-0.357238|13.582757|0.000249|0.000391
1857|519|-1|7979|124|354|THR|1343|975|2080|-O--|428|8|2|1011|4.379559|-0.593223|0.019234|-0.804808|16.943060|0.000938|0.001473
1857|520|-1|7980|124|363|THR|1343|975|2089|-O--|428|8|2|1011|3.984571|-0.431679|-0.713443|0.551953|5.336939|0.002728|0.004284
1857|521|-1|7989|124|363|THR|1343|977|2089|-OG1|1728|8|3|1011|4.041479|-0.918737|-0.239211|-0.314168|38.435696|0.002339|0.003673
1857|522|-1|8001|125|354|LEU|743|982|2080|-O--|428|8|2|1011|4.287869|-0.661414|-0.566893|-0.491084|215.542130|0.001202|0.001887
1857|523|-1|8077|141|390|THR|1343|1094|2116|-O--|428|8|2|1011|4.351992|-0.277127|-0.909874|-0.308756|6.673983|0.001011|0.001587
1857|524|-1|8079|141|401|THR|1343|1094|2127|-O--|428|8|2|1011|4.140906|-0.257203|-0.883808|0.390807|1.842929|0.001788|0.002808
1857|525|-1|8087|141|390|THR|1343|1096|2116|-OG1|1728|8|3|1011|4.278101|0.041594|-0.892630|0.448866|14.960156|0.001234|0.001938
1857|526|-1|8108|144|375|ARG|3143|1115|2101|-O--|428|8|2|1011|4.025374|-0.494377|-0.770304|0.402769|4.852015|0.002443|0.003837
1857|527|-1|8126|145|354|GLN|2743|1126|2080|-O--|428|8|2|1011|4.421703|0.353698|-0.905028|-0.236268|19.762716|0.000837|0.001314
1857|528|-1|8160|145|364|GLN|2743|1130|2090|-OE1|828|8|2|1011|4.589180|-0.596633|-0.693754|0.403404|4.899300|0.000532|0.000836
1857|529|-1|8161|145|390|GLN|2743|1130|2116|-OE1|828|8|2|1011|4.695840|-0.611617|-0.350047|-0.709501|12.860291|0.000399|0.000627
1857|530|-1|8162|145|401|GLN|2743|1130|2127|-OE1|828|8|2|1011|3.066113|-0.890722|-0.438264|-0.120578|6.410568|0.032649|0.051274
1857|531|-1|8163|145|384|GLN|2743|1130|2110|-OE1|828|8|2|1011|4.563576|-0.249597|-0.064591|0.966193|8.710024|0.000570|0.000896
1857|532|-1|8169|145|376|GLN|2743|1130|2102|-OE1|828|8|2|1011|4.426718|-0.146848|-0.617334|0.772874|0.441184|0.000826|0.001297
1857|533|-1|8170|145|375|GLN|2743|1130|2101|-OE1|828|8|2|1011|4.616928|0.640891|0.160981|0.750563|5.816819|0.000494|0.000776
1857|534|-1|8243|146|354|GLU|2543|1139|2080|-OE1|1028|8|2|1011|4.113599|0.079479|-0.416610|0.905605|17.649202|0.001925|0.003023
1857|535|-1|8251|146|354|GLU|2543|1140|2080|-OE2|1028|8|2|1011|4.775881|-0.373346|-0.462274|0.804311|14.362677|0.000321|0.000505
1857|536|-1|8347|162|410|ASN|2343|1252|2136|-OD1|828|8|2|1011|2.298256|0.971762|0.137930|0.191450|42.726124|0.260114|0.408491
1857|537|-1|8428|205|404|GLY|143|1593|2130|-O--|428|8|2|1011|2.721884|-0.315243|0.911047|0.265734|7.864685|0.082779|0.129999
1857|538|-1|8429|205|429|GLY|143|1593|2155|-O--|428|8|2|1011|3.065758|0.581894|0.333282|0.741837|8.357532|0.032681|0.051323
1857|539|-1|8432|206|383|THR|1343|1597|2109|-O--|428|8|2|1011|4.539592|-0.496753|-0.039923|-0.866973|5.503340|0.000609|0.000956
1857|540|-1|8439|207|383|ASN|2343|1604|2109|-O--|428|8|2|1011|2.875408|-0.767214|0.639827|-0.044760|6.603211|0.054666|0.085850
1857|541|-1|8440|207|374|ASN|2343|1604|2100|-O--|428|8|2|1011|4.592771|-0.194666|0.967338|-0.162365|15.846999|0.000527|0.000828
1857|542|-1|8450|209|383|ASN|2343|1623|2109|-OD1|828|8|2|1011|4.711337|0.782993|0.552022|-0.286692|6.287167|0.000383|0.000601
1857|543|-1|8458|229|385|GLU|2543|1778|2111|-O--|428|8|2|1011|4.541321|0.011879|0.978517|-0.205822|157.264099|0.000606|0.000951
1857|544|-1|8463|230|427|TYR|3743|1795|2153|-OH-|1828|8|3|1011|3.177519|-0.506388|0.860344|-0.058128|30.166121|0.024161|0.037943
1857|545|-1|8478|237|406|TYR|3743|1857|2132|-OH-|1828|8|3|1011|2.711286|-0.892329|-0.146056|-0.427103|8.297950|0.085185|0.133777
1857|546|-1|8501|256|418|_ZN|4643|1981|2144|ZN--|4028|30|1|1011|4.384513|-0.427654|0.810298|-0.400661|49.916073|-0.001000|-0.001000
1857|547|-1|8506|229|258|GLU|2543|1782|1984|-OE1|1028|8|2|1011|4.140723|-0.214925|-0.902315|-0.373677|25.779133|0.001789|0.002809
1857|548|-1|8507|229|258|GLU|2543|1783|1984|-OE2|1028|8|2|1011|4.030944|-0.614731|-0.589499|-0.524020|19.419733|0.002407|0.003779
1857|549|-1|8508|391|259|HOH|4343|2117|1985|-O--|2828|8|3|1011|3.911468|0.101404|0.469839|0.876908|16.122284|0.003324|0.005220
1857|550|-1|8508|259|391|HOH|4343|1985|2117|-O--|2828|8|3|1011|3.911468|-0.101404|-0.469839|-0.876908|16.122284|0.003324|0.005220
1857|551|-1|8509|426|259|HOH|4343|2152|1985|-O--|2828|8|3|1011|4.778219|-0.125436|-0.077485|0.989071|114.025879|0.000319|0.000502
1857|552|-1|8509|259|426|HOH|4343|1985|2152|-O--|2828|8|3|1011|4.778219|0.125436|0.077485|-0.989071|114.025879|0.000319|0.000502
1857|553|-1|8510|408|259|HOH|4343|2134|1985|-O--|2828|8|3|1011|4.096211|-0.791307|0.344896|0.504857|119.150635|0.002017|0.003168
1857|554|-1|8510|259|408|HOH|4343|1985|2134|-O--|2828|8|3|1011|4.096211|0.791307|-0.344896|-0.504857|119.150635|0.002017|0.003168
1857|555|-1|8511|426|263|HOH|4343|2152|1989|-O--|2828|8|3|1011|4.812836|-0.236526|0.780363|0.578869|66.145607|0.000291|0.000457
1857|556|-1|8511|263|426|HOH|4343|1989|2152|-O--|2828|8|3|1011|4.812836|0.236526|-0.780363|-0.578869|66.145607|0.000291|0.000457
1857|557|-1|8512|122|263|ALA|343|955|1989|-N--|128|7|4|1011|4.978765|-0.310602|-0.943407|-0.116234|84.938683|0.000264|0.000466
1857|558|-1|8513|309|265|HOH|4343|2035|1991|-O--|2828|8|3|1011|4.587116|0.666353|-0.074941|-0.741860|6.976079|0.000535|0.000841
1857|559|-1|8513|265|309|HOH|4343|1991|2035|-O--|2828|8|3|1011|4.587116|-0.666353|0.074941|0.741860|6.976079|0.000535|0.000841
1857|560|-1|8514|332|265|HOH|4343|2058|1991|-O--|2828|8|3|1011|2.590983|0.136876|-0.939707|-0.313395|0.365878|0.117915|0.185178
1857|561|-1|8514|265|332|HOH|4343|1991|2058|-O--|2828|8|3|1011|2.590983|-0.136876|0.939707|0.313395|0.365878|0.117915|0.185178
1857|562|-1|8515|266|265|HOH|4343|1992|1991|-O--|2828|8|3|1011|4.660192|-0.863561|-0.503576|0.025965|4.836457|0.000439|0.000690
1857|563|-1|8515|265|266|HOH|4343|1991|1992|-O--|2828|8|3|1011|4.660192|0.863561|0.503576|-0.025965|4.836457|0.000439|0.000690
1857|564|-1|8517|348|266|HOH|4343|2074|1992|-O--|2828|8|3|1011|3.803238|-0.678464|-0.019520|-0.734374|22.706867|0.004453|0.006993
1857|565|-1|8517|266|348|HOH|4343|1992|2074|-O--|2828|8|3|1011|3.803238|0.678464|0.019520|0.734374|22.706867|0.004453|0.006993
1857|566|-1|8518|134|266|LYS|2943|1040|1992|-NZ-|1428|7|5|1011|3.856733|-0.668275|-0.308354|0.676998|0.293175|0.005476|0.009659
1857|567|-1|8519|309|273|HOH|4343|2035|1999|-O--|2828|8|3|1011|2.796052|0.106450|0.844847|-0.524311|6.701931|0.067743|0.106386
1857|568|-1|8519|273|309|HOH|4343|1999|2035|-O--|2828|8|3|1011|2.796052|-0.106450|-0.844847|0.524311|6.701931|0.067743|0.106386
1857|569|-1|8520|332|273|HOH|4343|2058|1999|-O--|2828|8|3|1011|2.668357|-0.901063|0.101649|0.421608|0.191638|0.095664|0.150234
1857|570|-1|8520|273|332|HOH|4343|1999|2058|-O--|2828|8|3|1011|2.668357|0.901063|-0.101649|-0.421608|0.191638|0.095664|0.150234
1857|571|-1|8522|229|278|GLU|2543|1782|2004|-OE1|1028|8|2|1011|4.842551|0.656071|-0.703810|-0.272438|10.050809|0.000268|0.000421
1857|572|-1|8523|229|278|GLU|2543|1783|2004|-OE2|1028|8|2|1011|3.204832|0.495831|-0.639109|-0.587955|14.245428|0.022442|0.035243
1857|573|-1|8524|248|278|THR|1343|1935|2004|-OG1|1728|8|3|1011|4.624603|-0.001069|0.274999|-0.961444|17.635118|0.000484|0.000760
1857|574|-1|8526|226|280|ARG|3143|1762|2006|-NH1|728|7|4|1011|4.184330|-0.401963|0.915024|-0.034006|23.540436|0.002259|0.003985
1857|575|-1|8527|226|280|ARG|3143|1763|2006|-NH2|728|7|4|1011|3.497215|-0.014853|0.923240|0.383936|34.718994|0.014469|0.025524
1857|576|-1|8528|144|286|ARG|3143|1119|2012|-NE-|728|7|4|1011|4.850710|-0.135118|-0.153380|0.978886|2.980670|0.000373|0.000658
1857|577|-1|8530|144|286|ARG|3143|1121|2012|-NH1|728|7|4|1011|4.456923|-0.445243|-0.465792|0.764720|5.391119|0.001081|0.001908
1857|578|-1|8531|144|286|ARG|3143|1122|2012|-NH2|728|7|4|1011|4.378640|0.060426|-0.568898|0.820185|16.380169|0.001336|0.002357
1857|579|-1|8532|309|289|HOH|4343|2035|2015|-O--|2828|8|3|1011|2.822958|0.691700|-0.534816|-0.485307|7.188006|0.062992|0.098924
1857|580|-1|8532|289|309|HOH|4343|2015|2035|-O--|2828|8|3|1011|2.822958|-0.691700|0.534816|0.485307|7.188006|0.062992|0.098924
1857|581|-1|8533|332|289|HOH|4343|2058|2015|-O--|2828|8|3|1011|3.875290|-0.193368|-0.929160|0.315073|0.500891|0.003665|0.005756
1857|582|-1|8533|289|332|HOH|4343|2015|2058|-O--|2828|8|3|1011|3.875290|0.193368|0.929160|-0.315073|0.500891|0.003665|0.005756
1857|583|-1|8534|122|290|ALA|343|955|2016|-N--|128|7|4|1011|4.136960|0.499784|0.201114|0.842478|5.579885|0.002568|0.004529
1857|584|-1|8540|174|294|GLY|143|1348|2020|-N--|128|7|4|1011|4.622459|0.323331|-0.409090|0.853289|31.737932|0.000691|0.001219
1857|585|-1|8543|241|295|GLY|143|1876|2021|-N--|128|7|4|1011|4.658405|0.685124|-0.420959|0.594473|19.153339|0.000627|0.001107
1857|586|-1|8549|123|302|TYR|3743|960|2028|-N--|128|7|4|1011|3.668794|-0.469205|0.772734|0.427469|8.182873|0.009100|0.016053
1857|587|-1|8553|122|302|ALA|343|955|2028|-N--|128|7|4|1011|4.092695|-0.128623|0.922864|-0.363013|25.949722|0.002894|0.005105
1857|588|-1|8562|134|303|LYS|2943|1040|2029|-NZ-|1428|7|5|1011|4.915528|-0.542436|-0.176835|-0.821275|27.222658|0.000313|0.000552
1857|589|-1|8564|133|303|GLY|143|1031|2029|-O--|428|8|2|1011|4.771542|-0.924515|-0.065018|0.375560|39.606129|0.000325|0.000511
1857|590|-1|8565|134|303|LYS|2943|1032|2029|-N--|128|7|4|1011|4.523853|-0.854661|0.403144|0.327155|32.258945|0.000902|0.001592
1857|591|-1|8568|316|306|HOH|4343|2042|2032|-O--|2828|8|3|1011|3.874987|-0.271061|0.944458|-0.185807|9.767447|0.003668|0.005761
1857|592|-1|8568|306|316|HOH|4343|2032|2042|-O--|2828|8|3|1011|3.874987|0.271061|-0.944458|0.185807|9.767447|0.003668|0.005761
1857|593|-1|8573|134|309|LYS|2943|1035|2035|-O--|428|8|2|1011|2.681703|0.114345|0.048015|0.992280|2.520983|0.092275|0.144912
1857|594|-1|8575|135|309|LEU|743|1041|2035|-N--|128|7|4|1011|4.881793|0.170560|0.092541|0.980992|1.857122|0.000343|0.000605
1857|595|-1|8576|381|309|HOH|4343|2107|2035|-O--|2828|8|3|1011|2.578162|-0.985725|0.160875|0.049648|1.430488|0.122073|0.191707
1857|596|-1|8576|309|381|HOH|4343|2035|2107|-O--|2828|8|3|1011|2.578162|0.985725|-0.160875|-0.049648|1.430488|0.122073|0.191707
1857|597|-1|8578|366|309|HOH|4343|2092|2035|-O--|2828|8|3|1011|4.477064|-0.744318|0.397976|0.536289|3.392100|0.000721|0.001132
1857|598|-1|8578|309|366|HOH|4343|2035|2092|-O--|2828|8|3|1011|4.477064|0.744318|-0.397976|-0.536289|3.392100|0.000721|0.001132
1857|599|-1|8579|136|309|GLU|2543|1056|2035|-OE1|1028|8|2|1011|3.904153|-0.814609|-0.579956|0.007940|31.962914|0.003390|0.005324
1857|600|-1|8580|326|309|HOH|4343|2052|2035|-O--|2828|8|3|1011|4.597047|-0.565224|-0.623712|-0.539912|28.746809|0.000521|0.000818
1857|601|-1|8580|309|326|HOH|4343|2035|2052|-O--|2828|8|3|1011|4.597047|0.565224|0.623712|0.539912|28.746809|0.000521|0.000818
1857|602|-1|8582|123|312|TYR|3743|971|2038|-OH-|1828|8|3|1011|4.732358|-0.405383|0.903566|0.138682|36.482182|0.000361|0.000568
1857|603|-1|8583|207|312|ASN|2343|1608|2038|-ND2|928|7|4|1011|4.496441|-0.375266|0.580851|0.722349|12.253464|0.000972|0.001714
1857|604|-1|8584|376|312|HOH|4343|2102|2038|-O--|2828|8|3|1011|4.204312|0.262026|0.771057|0.580356|23.223835|0.001506|0.002365
1857|605|-1|8584|312|376|HOH|4343|2038|2102|-O--|2828|8|3|1011|4.204312|-0.262026|-0.771057|-0.580356|23.223835|0.001506|0.002365
1857|606|-1|8585|375|312|HOH|4343|2101|2038|-O--|2828|8|3|1011|3.475995|-0.721336|-0.067387|0.689299|10.953793|0.010784|0.016935
1857|607|-1|8585|312|375|HOH|4343|2038|2101|-O--|2828|8|3|1011|3.475995|0.721336|0.067387|-0.689299|10.953793|0.010784|0.016935
1857|608|-1|8586|384|312|HOH|4343|2110|2038|-O--|2828|8|3|1011|2.298798|0.691944|0.349645|0.631634|7.895792|0.259732|0.407893
1857|609|-1|8586|312|384|HOH|4343|2038|2110|-O--|2828|8|3|1011|2.298798|-0.691944|-0.349645|-0.631634|7.895792|0.259732|0.407893
1857|610|-1|8589|229|315|GLU|2543|1783|2041|-OE2|1028|8|2|1011|4.237230|0.828148|0.557148|0.061291|32.401657|0.001378|0.002164
1857|611|-1|8593|231|315|ARG|3143|1803|2041|-NE-|728|7|4|1011|4.797104|-0.689363|-0.183076|-0.700901|23.446352|0.000431|0.000761
1857|612|-1|8595|231|315|ARG|3143|1805|2041|-NH1|728|7|4|1011|3.370122|-0.502339|-0.585509|-0.636266|35.278168|0.020400|0.035985
1857|613|-1|8597|191|321|LYS|2943|1487|2047|-NZ-|1428|7|5|1011|3.052497|0.261962|0.699677|0.664702|11.500626|0.048134|0.084906
1857|614|-1|8600|219|321|THR|1343|1694|2047|-OG1|1728|8|3|1011|2.750555|-0.508028|0.087169|0.856918|46.396770|0.076607|0.120306
1857|615|-1|8601|359|321|HOH|4343|2085|2047|-O--|2828|8|3|1011|3.749183|-0.283091|0.932939|0.222448|41.895267|0.005154|0.008093
1857|616|-1|8601|321|359|HOH|4343|2047|2085|-O--|2828|8|3|1011|3.749183|0.283091|-0.932939|-0.222448|41.895267|0.005154|0.008093
1857|617|-1|8602|434|321|HOH|4343|2160|2047|-O--|2828|8|3|1011|3.784050|0.148423|0.928307|-0.340905|1.959125|0.004690|0.007366
1857|618|-1|8602|321|434|HOH|4343|2047|2160|-O--|2828|8|3|1011|3.784050|-0.148423|-0.928307|0.340905|1.959125|0.004690|0.007366
1857|619|-1|8605|221|321|ARG|3143|1713|2047|-NH2|728|7|4|1011|3.790253|0.685875|-0.727719|0.000528|1.112688|0.006554|0.011561
1857|620|-1|8606|370|321|HOH|4343|2096|2047|-O--|2828|8|3|1011|3.849197|-0.857935|0.422883|0.291749|38.815926|0.003933|0.006176
1857|621|-1|8606|321|370|HOH|4343|2047|2096|-O--|2828|8|3|1011|3.849197|0.857935|-0.422883|-0.291749|38.815926|0.003933|0.006176
1857|622|-1|8607|173|323|PHE|3543|1337|2049|-N--|128|7|4|1011|4.924078|0.129686|0.443738|0.886723|13.362469|0.000306|0.000540
1857|623|-1|8613|227|328|PRO|1943|1767|2054|-O--|428|8|2|1011|4.838758|0.615458|-0.194107|-0.763894|24.409122|0.000271|0.000426
1857|624|-1|8614|228|328|GLY|143|1771|2054|-N--|128|7|4|1011|4.655120|0.615248|0.275560|-0.738604|29.040012|0.000633|0.001116
1857|625|-1|8617|228|328|GLY|143|1774|2054|-O--|428|8|2|1011|4.938657|0.193181|0.645269|-0.739127|39.788841|0.000207|0.000325
1857|626|-1|8618|229|328|GLU|2543|1775|2054|-N--|128|7|4|1011|3.100941|-0.092858|0.768722|-0.632806|19.700397|0.042227|0.074486
1857|627|-1|8622|229|328|GLU|2543|1778|2054|-O--|428|8|2|1011|4.314130|-0.676601|0.403503|-0.615952|22.858810|0.001119|0.001758
1857|628|-1|8623|384|329|HOH|4343|2110|2055|-O--|2828|8|3|1011|3.144546|-0.555998|0.088014|0.826511|7.651329|0.026413|0.041479
1857|629|-1|8623|329|384|HOH|4343|2055|2110|-O--|2828|8|3|1011|3.144546|0.555998|-0.088014|-0.826511|7.651329|0.026413|0.041479
1857|630|-1|8624|173|330|PHE|3543|1337|2056|-N--|128|7|4|1011|4.811385|0.266781|-0.532071|0.803572|158.042969|0.000415|0.000732
1857|631|-1|8625|231|331|ARG|3143|1803|2057|-NE-|728|7|4|1011|4.427895|-0.176370|0.808458|-0.561507|17.237680|0.001170|0.002063
1857|632|-1|8627|231|331|ARG|3143|1805|2057|-NH1|728|7|4|1011|2.911460|0.286129|0.853442|-0.435621|27.723986|0.070468|0.124304
1857|633|-1|8628|231|331|ARG|3143|1806|2057|-NH2|728|7|4|1011|2.959618|-0.216225|0.436124|-0.873523|13.187292|0.061868|0.109133
1857|634|-1|8632|348|332|HOH|4343|2074|2058|-O--|2828|8|3|1011|4.137435|0.434723|0.003326|-0.900558|35.590046|0.001805|0.002834
1857|635|-1|8632|332|348|HOH|4343|2058|2074|-O--|2828|8|3|1011|4.137435|-0.434723|-0.003326|0.900558|35.590046|0.001805|0.002834
1857|636|-1|8633|134|332|LYS|2943|1040|2058|-NZ-|1428|7|5|1011|2.697093|0.667993|-0.408305|0.622151|5.758941|0.125779|0.221871
1857|637|-1|8634|433|332|HOH|4343|2159|2058|-O--|2828|8|3|1011|4.223907|0.174635|-0.750546|0.637325|11.040834|0.001429|0.002243
1857|638|-1|8634|332|433|HOH|4343|2058|2159|-O--|2828|8|3|1011|4.223907|-0.174635|0.750546|-0.637325|11.040834|0.001429|0.002243
1857|639|-1|8636|425|334|HOH|4343|2151|2060|-O--|2828|8|3|1011|4.694915|-0.080075|0.980158|-0.181323|28.198744|0.000400|0.000628
1857|640|-1|8636|334|425|HOH|4343|2060|2151|-O--|2828|8|3|1011|4.694915|0.080075|-0.980158|0.181323|28.198744|0.000400|0.000628
1857|641|-1|8638|227|334|PRO|1943|1767|2060|-O--|428|8|2|1011|3.974811|-0.334594|0.138060|-0.932194|34.205109|0.002801|0.004398
1857|642|-1|8639|228|334|GLY|143|1771|2060|-N--|128|7|4|1011|4.652519|-0.310358|0.595541|-0.740952|39.858131|0.000637|0.001124
1857|643|-1|8641|375|336|HOH|4343|2101|2062|-O--|2828|8|3|1011|4.385114|-0.165642|0.290246|0.942507|74.995316|0.000924|0.001451
1857|644|-1|8641|336|375|HOH|4343|2062|2101|-O--|2828|8|3|1011|4.385114|0.165642|-0.290246|-0.942507|74.995316|0.000924|0.001451
1857|645|-1|8645|244|339|ASN|2343|1899|2065|-N--|128|7|4|1011|4.245992|-0.240795|-0.718560|0.652449|96.305244|0.001912|0.003373
1857|646|-1|8650|244|339|ASN|2343|1905|2065|-OD1|828|8|2|1011|4.303088|-0.471386|-0.853805|-0.220935|32.484436|0.001153|0.001811
1857|647|-1|8651|244|339|ASN|2343|1906|2065|-ND2|928|7|4|1011|2.782528|-0.032853|-0.994060|-0.103756|65.826996|0.099846|0.176125
1857|648|-1|8654|219|345|THR|1343|1694|2071|-OG1|1728|8|3|1011|4.529702|0.635945|0.475034|0.608208|22.651173|0.000625|0.000982
1857|649|-1|8655|219|345|THR|1343|1689|2071|-N--|128|7|4|1011|4.631437|0.131199|0.281071|0.950677|36.715923|0.000675|0.001190
1857|650|-1|8656|370|345|HOH|4343|2096|2071|-O--|2828|8|3|1011|3.974319|0.245486|0.890658|0.382707|17.946131|0.002804|0.004404
1857|651|-1|8656|345|370|HOH|4343|2071|2096|-O--|2828|8|3|1011|3.974319|-0.245486|-0.890658|-0.382707|17.946131|0.002804|0.004404
1857|652|-1|8657|391|345|HOH|4343|2117|2071|-O--|2828|8|3|1011|2.448036|-0.426203|0.269506|0.863549|13.786255|0.173522|0.272505
1857|653|-1|8657|345|391|HOH|4343|2071|2117|-O--|2828|8|3|1011|2.448036|0.426203|-0.269506|-0.863549|13.786255|0.173522|0.272505
1857|654|-1|8658|392|345|HOH|4343|2118|2071|-O--|2828|8|3|1011|4.507540|-0.785653|0.478257|0.392454|2.217754|0.000664|0.001042
1857|655|-1|8658|345|392|HOH|4343|2071|2118|-O--|2828|8|3|1011|4.507540|0.785653|-0.478257|-0.392454|2.217754|0.000664|0.001042
1857|656|-1|8659|219|345|THR|1343|1692|2071|-O--|428|8|2|1011|4.843108|0.228084|-0.295520|0.927710|46.938782|0.000268|0.000421
1857|657|-1|8660|426|345|HOH|4343|2152|2071|-O--|2828|8|3|1011|4.264285|-0.478242|-0.363071|0.799665|16.753428|0.001281|0.002011
1857|658|-1|8660|345|426|HOH|4343|2071|2152|-O--|2828|8|3|1011|4.264285|0.478242|0.363071|-0.799665|16.753428|0.001281|0.002011
1857|659|-1|8661|408|345|HOH|4343|2134|2071|-O--|2828|8|3|1011|4.747184|-0.986134|0.049454|0.158410|18.175642|0.000347|0.000545
1857|660|-1|8661|345|408|HOH|4343|2071|2134|-O--|2828|8|3|1011|4.747184|0.986134|-0.049454|-0.158410|18.175642|0.000347|0.000545
1857|661|-1|8662|219|346|THR|1343|1694|2072|-OG1|1728|8|3|1011|4.863654|-0.024952|0.007559|0.999660|210.043976|0.000254|0.000398
1857|662|-1|8663|359|346|HOH|4343|2085|2072|-O--|2828|8|3|1011|4.695789|0.045709|0.701642|0.711062|195.040878|0.000399|0.000627
1857|663|-1|8663|346|359|HOH|4343|2072|2085|-O--|2828|8|3|1011|4.695789|-0.045709|-0.701642|-0.711062|195.040878|0.000399|0.000627
1857|664|-1|8664|434|346|HOH|4343|2160|2072|-O--|2828|8|3|1011|3.975887|0.462196|0.832459|0.305592|61.937336|0.002793|0.004386
1857|665|-1|8664|346|434|HOH|4343|2072|2160|-O--|2828|8|3|1011|3.975887|-0.462196|-0.832459|-0.305592|61.937336|0.002793|0.004386
1857|666|-1|8667|136|346|GLU|2543|1057|2072|-OE2|1028|8|2|1011|3.839379|-0.613474|0.728441|-0.304997|88.245369|0.004039|0.006342
1857|667|-1|8668|370|346|HOH|4343|2096|2072|-O--|2828|8|3|1011|4.393001|-0.461270|0.324325|0.825859|184.777710|0.000905|0.001420
1857|668|-1|8668|346|370|HOH|4343|2072|2096|-O--|2828|8|3|1011|4.393001|0.461270|-0.324325|-0.825859|184.777710|0.000905|0.001420
1857|669|-1|8671|134|349|LYS|2943|1040|2075|-NZ-|1428|7|5|1011|4.160201|-0.965905|-0.243315|-0.088457|28.242928|0.002411|0.004254
1857|670|-1|8672|383|353|HOH|4343|2109|2079|-O--|2828|8|3|1011|4.689277|0.374910|-0.883881|-0.279637|3.183608|0.000406|0.000638
1857|671|-1|8672|353|383|HOH|4343|2079|2109|-O--|2828|8|3|1011|4.689277|-0.374910|0.883881|0.279637|3.183608|0.000406|0.000638
1857|672|-1|8673|383|354|HOH|4343|2109|2080|-O--|2828|8|3|1011|3.137746|0.015315|-0.150351|0.988514|22.852728|0.026903|0.042249
1857|673|-1|8673|354|383|HOH|4343|2080|2109|-O--|2828|8|3|1011|3.137746|-0.015315|0.150351|-0.988514|22.852728|0.026903|0.042249
1857|674|-1|8674|374|354|HOH|4343|2100|2080|-O--|2828|8|3|1011|4.988035|-0.253395|-0.616428|0.745525|12.114153|0.000181|0.000284
1857|675|-1|8674|354|374|HOH|4343|2080|2100|-O--|2828|8|3|1011|4.988035|0.253395|0.616428|-0.745525|12.114153|0.000181|0.000284
1857|676|-1|8675|383|363|HOH|4343|2109|2089|-O--|2828|8|3|1011|4.372281|-0.189820|-0.777343|-0.599755|2.326808|0.000957|0.001502
1857|677|-1|8675|363|383|HOH|4343|2089|2109|-O--|2828|8|3|1011|4.372281|0.189820|0.777343|0.599755|2.326808|0.000957|0.001502
1857|678|-1|8676|375|374|HOH|4343|2101|2100|-O--|2828|8|3|1011|4.288117|0.948914|-0.173092|-0.263821|0.734202|0.001201|0.001886
1857|679|-1|8676|374|375|HOH|4343|2100|2101|-O--|2828|8|3|1011|4.288117|-0.948914|0.173092|0.263821|0.734202|0.001201|0.001886
1857|680|-1|8677|387|375|HOH|4343|2113|2101|-O--|2828|8|3|1011|4.082277|-0.791212|-0.439647|-0.425080|13.073845|0.002095|0.003290
1857|681|-1|8677|375|387|HOH|4343|2101|2113|-O--|2828|8|3|1011|4.082277|0.791212|0.439647|0.425080|13.073845|0.002095|0.003290
1857|682|-1|8678|387|384|HOH|4343|2113|2110|-O--|2828|8|3|1011|3.994583|0.217307|-0.709151|-0.670732|9.766571|0.002655|0.004170
1857|683|-1|8678|384|387|HOH|4343|2110|2113|-O--|2828|8|3|1011|3.994583|-0.217307|0.709151|0.670732|9.766571|0.002655|0.004170
1857|684|-1|8679|427|390|HOH|4343|2153|2116|-O--|2828|8|3|1011|4.648822|0.343755|-0.267758|-0.900077|34.229092|0.000453|0.000711
1857|685|-1|8679|390|427|HOH|4343|2116|2153|-O--|2828|8|3|1011|4.648822|-0.343755|0.267758|0.900077|34.229092|0.000453|0.000711
