241|0|0|26|-O5'|O_|8|1| |1.000000|2.000000|0.000000|000|14.382071|-1.000000|-1.000000|0.000000|-1|0
241|0|1|24|-C5'|C_|6|2| |1.000000|2.020000|0.000000|000|13.406486|-1.000000|-1.000000|0.000000|-1|0
241|0|2|24|-C4'|C_|6|3| |1.000000|2.340000|0.000000|000|12.281748|-1.000000|-1.000000|0.000000|-1|0
241|0|3|26|-O4'|O_|8|4| |1.000000|2.230000|0.000000|000|11.681928|-1.000000|-1.000000|0.000000|-1|0
241|0|4|24|-C3'|C_|6|5| |1.000000|2.620000|0.000000|000|13.047272|-1.000000|-1.000000|0.000000|-1|0
241|0|5|26|-O3'|O_|8|6| |1.000000|2.960000|0.000000|000|12.226467|-1.000000|-1.000000|0.000000|-1|0
241|0|6|24|-C2'|C_|6|7| |1.000000|2.360000|0.000000|000|13.294148|-1.000000|-1.000000|0.000000|-1|0
241|0|7|24|-C1'|C_|6|8| |1.000000|2.470000|0.000000|000|12.007398|-1.000000|-1.000000|0.000000|-1|0
241|0|8|25|-N1-|N_|7|9| |1.000000|2.390000|0.000000|000|12.469367|-1.000000|-1.000000|0.000000|-1|0
241|0|9|24|-C2-|C_|6|10| |1.000000|2.390000|0.000000|000|12.390535|-1.000000|-1.000000|0.000000|-1|0
241|0|10|26|-O2-|O_|8|11| |1.000000|2.720000|0.000000|000|11.978230|-1.000000|-1.000000|0.000000|-1|0
241|0|11|25|-N3-|N_|7|12| |1.000000|2.000000|0.000000|000|13.034130|-1.000000|-1.000000|0.000000|-1|0
241|0|12|24|-C4-|C_|6|13| |1.000000|2.440000|0.000000|000|13.702171|-1.000000|-1.000000|0.000000|-1|0
241|0|13|25|-N4-|N_|7|14| |1.000000|2.610000|0.000000|000|14.410097|-1.000000|-1.000000|0.000000|-1|0
241|0|14|24|-C5-|C_|6|15| |1.000000|2.550000|0.000000|000|13.787962|-1.000000|-1.000000|0.000000|-1|0
241|0|15|24|-C6-|C_|6|16| |1.000000|2.370000|0.000000|000|13.179367|-1.000000|-1.000000|0.000000|-1|0
241|0|16|35|-H41|H_|1|17| |1.000000|15.000000|0.000000|000|14.947814|-1.000000|-1.000000|0.000000|-1|0
241|0|17|35|-H42|H_|1|18| |1.000000|15.000000|0.000000|000|14.375263|-1.000000|-1.000000|0.000000|-1|0
241|1|18|27|-P--|P_|15|19| |1.000000|2.880000|0.000000|000|12.572244|-1.000000|-1.000000|0.000000|-1|0
241|1|19|26|-OP1|O_|8|20| |1.000000|3.150000|0.000000|000|14.087157|-1.000000|-1.000000|0.000000|-1|0
241|1|20|26|-OP2|O_|8|21| |1.000000|3.530000|0.000000|000|12.048595|-1.000000|-1.000000|0.000000|-1|0
241|1|21|26|-O5'|O_|8|22| |1.000000|3.200000|0.000000|000|11.896455|-1.000000|-1.000000|0.000000|-1|0
241|1|22|24|-C5'|C_|6|23| |1.000000|2.550000|0.000000|000|10.445294|-1.000000|-1.000000|0.000000|-1|0
241|1|23|24|-C4'|C_|6|24| |1.000000|2.880000|0.000000|000|10.554050|-1.000000|-1.000000|0.000000|-1|0
241|1|24|26|-O4'|O_|8|25| |1.000000|2.610000|0.000000|000|11.236861|-1.000000|-1.000000|0.000000|-1|0
241|1|25|24|-C3'|C_|6|26| |1.000000|3.090000|0.000000|000|9.175439|-1.000000|-1.000000|0.000000|-1|0
241|1|26|26|-O3'|O_|8|27| |1.000000|4.230000|0.000000|000|8.949425|-1.000000|-1.000000|0.000000|-1|0
241|1|27|24|-C2'|C_|6|28| |1.000000|2.930000|0.000000|000|9.509533|-1.000000|-1.000000|0.000000|-1|0
241|1|28|24|-C1'|C_|6|29| |1.000000|2.960000|0.000000|000|10.798361|-1.000000|-1.000000|0.000000|-1|0
241|1|29|25|-N9-|N_|7|30| |1.000000|2.280000|0.000000|000|10.722526|-1.000000|-1.000000|0.000000|-1|0
241|1|30|24|-C8-|C_|6|31| |1.000000|2.200000|0.000000|000|11.749653|-1.000000|-1.000000|0.000000|-1|0
241|1|31|25|-N7-|N_|7|32| |1.000000|2.870000|0.000000|000|11.826032|-1.000000|-1.000000|0.000000|-1|0
241|1|32|24|-C5-|C_|6|33| |1.000000|2.480000|0.000000|000|10.851854|-1.000000|-1.000000|0.000000|-1|0
241|1|33|24|-C6-|C_|6|34| |1.000000|2.710000|0.000000|000|10.639614|-1.000000|-1.000000|0.000000|-1|0
241|1|34|26|-O6-|O_|8|35| |1.000000|2.720000|0.000000|000|11.422010|-1.000000|-1.000000|0.000000|-1|0
241|1|35|25|-N1-|N_|7|36| |1.000000|2.190000|0.000000|000|9.601671|-1.000000|-1.000000|0.000000|-1|0
241|1|36|24|-C2-|C_|6|37| |1.000000|2.810000|0.000000|000|8.882849|-1.000000|-1.000000|0.000000|-1|0
241|1|37|25|-N2-|N_|7|38| |1.000000|2.160000|0.000000|000|8.219239|-1.000000|-1.000000|0.000000|-1|0
241|1|38|25|-N3-|N_|7|39| |1.000000|2.000000|0.000000|000|9.085108|-1.000000|-1.000000|0.000000|-1|0
241|1|39|24|-C4-|C_|6|40| |1.000000|2.680000|0.000000|000|10.089579|-1.000000|-1.000000|0.000000|-1|0
241|1|40|35|-H1-|H_|1|41| |1.000000|15.000000|0.000000|000|9.584685|-1.000000|-1.000000|0.000000|-1|0
241|1|41|35|-H21|H_|1|42| |1.000000|15.000000|0.000000|000|7.827556|-1.000000|-1.000000|0.000000|-1|0
241|1|42|35|-H22|H_|1|43| |1.000000|15.000000|0.000000|000|8.305677|-1.000000|-1.000000|0.000000|-1|0
241|2|43|27|-P--|P_|15|44| |1.000000|7.160000|0.000000|000|7.685851|-1.000000|-1.000000|0.000000|-1|0
241|2|44|26|-OP1|O_|8|45| |1.000000|6.930000|0.000000|000|8.039813|-1.000000|-1.000000|0.000000|-1|0
241|2|45|26|-OP2|O_|8|46| |1.000000|7.120000|0.000000|000|7.971193|-1.000000|-1.000000|0.000000|-1|0
241|2|46|26|-O5'|O_|8|47| |1.000000|4.420000|0.000000|000|6.302715|-1.000000|-1.000000|0.000000|-1|0
241|2|47|24|-C5'|C_|6|48| |1.000000|4.150000|0.000000|000|5.279532|-1.000000|-1.000000|0.000000|-1|0
241|2|48|24|-C4'|C_|6|49| |1.000000|3.620000|0.000000|000|3.961851|-1.000000|-1.000000|0.000000|-1|0
241|2|49|26|-O4'|O_|8|50| |1.000000|3.420000|0.000000|000|3.759613|-1.000000|-1.000000|0.000000|-1|0
241|2|50|24|-C3'|C_|6|51| |1.000000|3.890000|0.000000|000|4.542551|-1.000000|-1.000000|0.000000|-1|0
241|2|51|26|-O3'|O_|8|52| |1.000000|4.880000|0.000000|000|3.686965|-1.000000|-1.000000|0.000000|-1|0
241|2|52|24|-C2'|C_|6|53| |1.000000|3.790000|0.000000|000|5.166071|-1.000000|-1.000000|0.000000|-1|0
241|2|53|24|-C1'|C_|6|54| |1.000000|3.910000|0.000000|000|4.231500|-1.000000|-1.000000|0.000000|-1|0
241|2|54|25|-N1-|N_|7|55| |1.000000|3.560000|0.000000|000|5.287503|-1.000000|-1.000000|0.000000|-1|0
241|2|55|24|-C2-|C_|6|56| |1.000000|3.650000|0.000000|000|5.794990|-1.000000|-1.000000|0.000000|-1|0
241|2|56|26|-O2-|O_|8|57| |1.000000|3.080000|0.000000|000|5.456488|-1.000000|-1.000000|0.000000|-1|0
241|2|57|25|-N3-|N_|7|58| |1.000000|2.800000|0.000000|000|7.032364|-1.000000|-1.000000|0.000000|-1|0
241|2|58|24|-C4-|C_|6|59| |1.000000|3.580000|0.000000|000|7.684310|-1.000000|-1.000000|0.000000|-1|0
241|2|59|25|-N4-|N_|7|60| |1.000000|3.530000|0.000000|000|8.953691|-1.000000|-1.000000|0.000000|-1|0
241|2|60|24|-C5-|C_|6|61| |1.000000|3.940000|0.000000|000|7.291580|-1.000000|-1.000000|0.000000|-1|0
241|2|61|24|-C6-|C_|6|62| |1.000000|3.500000|0.000000|000|6.146992|-1.000000|-1.000000|0.000000|-1|0
241|2|62|35|-H41|H_|1|63| |1.000000|15.000000|0.000000|000|9.577896|-1.000000|-1.000000|0.000000|-1|0
241|2|63|35|-H42|H_|1|64| |1.000000|15.000000|0.000000|000|9.350768|-1.000000|-1.000000|0.000000|-1|0
241|3|64|27|-P--|P_|15|65| |1.000000|6.790000|0.000000|000|4.095573|-1.000000|-1.000000|0.000000|-1|0
241|3|65|26|-OP1|O_|8|66| |1.000000|6.400000|0.000000|000|5.557977|-1.000000|-1.000000|0.000000|-1|0
241|3|66|26|-OP2|O_|8|67| |1.000000|6.930000|0.000000|000|3.935068|-1.000000|-1.000000|0.000000|-1|0
241|3|67|26|-O5'|O_|8|68| |1.000000|4.880000|0.000000|000|3.772096|-1.000000|-1.000000|0.000000|-1|0
241|3|68|24|-C5'|C_|6|69| |1.000000|3.690000|0.000000|000|2.620483|-1.000000|-1.000000|0.000000|-1|0
241|3|69|24|-C4'|C_|6|70| |1.000000|3.180000|0.000000|000|3.478885|-1.000000|-1.000000|0.000000|-1|0
241|3|70|26|-O4'|O_|8|71| |1.000000|2.560000|0.000000|000|3.994323|-1.000000|-1.000000|0.000000|-1|0
241|3|71|24|-C3'|C_|6|72| |1.000000|2.710000|0.000000|000|3.409654|-1.000000|-1.000000|0.000000|-1|0
241|3|72|26|-O3'|O_|8|73| |1.000000|2.960000|0.000000|000|4.218427|-1.000000|-1.000000|0.000000|-1|0
241|3|73|24|-C2'|C_|6|74| |1.000000|2.530000|0.000000|000|4.541655|-1.000000|-1.000000|0.000000|-1|0
241|3|74|24|-C1'|C_|6|75| |1.000000|2.830000|0.000000|000|4.621342|-1.000000|-1.000000|0.000000|-1|0
241|3|75|25|-N9-|N_|7|76| |1.000000|2.540000|0.000000|000|4.540072|-1.000000|-1.000000|0.000000|-1|0
241|3|76|24|-C8-|C_|6|77| |1.000000|2.880000|0.000000|000|5.787173|-1.000000|-1.000000|0.000000|-1|0
241|3|77|25|-N7-|N_|7|78| |1.000000|2.340000|0.000000|000|5.991803|-1.000000|-1.000000|0.000000|-1|0
241|3|78|24|-C5-|C_|6|79| |1.000000|2.660000|0.000000|000|4.791169|-1.000000|-1.000000|0.000000|-1|0
241|3|79|24|-C6-|C_|6|80| |1.000000|2.630000|0.000000|000|4.964225|-1.000000|-1.000000|0.000000|-1|0
241|3|80|26|-O6-|O_|8|81| |1.000000|2.760000|0.000000|000|6.119545|-1.000000|-1.000000|0.000000|-1|0
241|3|81|25|-N1-|N_|7|82| |1.000000|2.500000|0.000000|000|3.912395|-1.000000|-1.000000|0.000000|-1|0
241|3|82|24|-C2-|C_|6|83| |1.000000|2.650000|0.000000|000|2.530340|-1.000000|-1.000000|0.000000|-1|0
241|3|83|25|-N2-|N_|7|84| |1.000000|2.170000|0.000000|000|2.089676|-1.000000|-1.000000|0.000000|-1|0
241|3|84|25|-N3-|N_|7|85| |1.000000|2.550000|0.000000|000|2.333749|-1.000000|-1.000000|0.000000|-1|0
241|3|85|24|-C4-|C_|6|86| |1.000000|2.750000|0.000000|000|3.689613|-1.000000|-1.000000|0.000000|-1|0
241|3|86|35|-H1-|H_|1|87| |1.000000|15.000000|0.000000|000|4.385163|-1.000000|-1.000000|0.000000|-1|0
241|3|87|35|-H21|H_|1|88| |1.000000|15.000000|0.000000|000|1.321775|-1.000000|-1.000000|0.000000|-1|0
241|3|88|35|-H22|H_|1|89| |1.000000|15.000000|0.000000|000|2.949104|-1.000000|-1.000000|0.000000|-1|0
241|4|89|27|-P--|P_|15|90| |1.000000|2.610000|0.000000|000|5.167834|-1.000000|-1.000000|0.000000|-1|0
241|4|90|26|-OP1|O_|8|91| |1.000000|3.840000|0.000000|000|5.858368|-1.000000|-1.000000|0.000000|-1|0
241|4|91|26|-OP2|O_|8|92| |1.000000|3.780000|0.000000|000|6.256187|-1.000000|-1.000000|0.000000|-1|0
241|4|92|26|-O5'|O_|8|93| |1.000000|2.370000|0.000000|000|4.352271|-1.000000|-1.000000|0.000000|-1|0
241|4|93|24|-C5'|C_|6|94| |1.000000|2.000000|0.000000|000|5.481175|-1.000000|-1.000000|0.000000|-1|0
241|4|94|24|-C4'|C_|6|95| |1.000000|2.000000|0.000000|000|5.207319|-1.000000|-1.000000|0.000000|-1|0
241|4|95|26|-O4'|O_|8|96| |1.000000|2.000000|0.000000|000|5.185932|-1.000000|-1.000000|0.000000|-1|0
241|4|96|24|-C3'|C_|6|97| |1.000000|2.610000|0.000000|000|4.176439|-1.000000|-1.000000|0.000000|-1|0
241|4|97|26|-O3'|O_|8|98| |1.000000|2.690000|0.000000|000|5.182803|-1.000000|-1.000000|0.000000|-1|0
241|4|98|24|-C2'|C_|6|99| |1.000000|2.480000|0.000000|000|3.127913|-1.000000|-1.000000|0.000000|-1|0
241|4|99|24|-C1'|C_|6|100| |1.000000|2.000000|0.000000|000|4.350370|-1.000000|-1.000000|0.000000|-1|0
241|4|100|25|-N1-|N_|7|101| |1.000000|2.000000|0.000000|000|4.341083|-1.000000|-1.000000|0.000000|-1|0
241|4|101|24|-C2-|C_|6|102| |1.000000|2.000000|0.000000|000|4.677456|-1.000000|-1.000000|0.000000|-1|0
241|4|102|26|-O2-|O_|8|103| |1.000000|2.000000|0.000000|000|5.093066|-1.000000|-1.000000|0.000000|-1|0
241|4|103|25|-N3-|N_|7|104| |1.000000|2.000000|0.000000|000|5.122558|-1.000000|-1.000000|0.000000|-1|0
241|4|104|24|-C4-|C_|6|105| |1.000000|2.210000|0.000000|000|5.222181|-1.000000|-1.000000|0.000000|-1|0
241|4|105|25|-N4-|N_|7|106| |1.000000|2.450000|0.000000|000|6.048714|-1.000000|-1.000000|0.000000|-1|0
241|4|106|24|-C5-|C_|6|107| |1.000000|2.000000|0.000000|000|4.914424|-1.000000|-1.000000|0.000000|-1|0
241|4|107|24|-C6-|C_|6|108| |1.000000|2.270000|0.000000|000|4.476465|-1.000000|-1.000000|0.000000|-1|0
241|4|108|35|-H41|H_|1|109| |1.000000|15.000000|0.000000|000|6.383126|-1.000000|-1.000000|0.000000|-1|0
241|4|109|35|-H42|H_|1|110| |1.000000|15.000000|0.000000|000|6.520457|-1.000000|-1.000000|0.000000|-1|0
241|5|110|27|-P--|P_|15|111| |1.000000|3.290000|0.000000|000|6.268927|-1.000000|-1.000000|0.000000|-1|0
241|5|111|26|-OP1|O_|8|112| |1.000000|3.760000|0.000000|000|5.846983|-1.000000|-1.000000|0.000000|-1|0
241|5|112|26|-OP2|O_|8|113| |1.000000|4.480000|0.000000|000|7.233977|-1.000000|-1.000000|0.000000|-1|0
241|5|113|26|-O5'|O_|8|114| |1.000000|2.910000|0.000000|000|7.276249|-1.000000|-1.000000|0.000000|-1|0
241|5|114|24|-C5'|C_|6|115| |1.000000|3.150000|0.000000|000|8.350808|-1.000000|-1.000000|0.000000|-1|0
241|5|115|24|-C4'|C_|6|116| |1.000000|2.600000|0.000000|000|9.336691|-1.000000|-1.000000|0.000000|-1|0
241|5|116|26|-O4'|O_|8|117| |1.000000|2.550000|0.000000|000|8.837197|-1.000000|-1.000000|0.000000|-1|0
241|5|117|24|-C3'|C_|6|118| |1.000000|2.490000|0.000000|000|10.495934|-1.000000|-1.000000|0.000000|-1|0
241|5|118|26|-O3'|O_|8|119| |1.000000|2.280000|0.000000|000|11.673245|-1.000000|-1.000000|0.000000|-1|0
241|5|119|24|-C2'|C_|6|120| |1.000000|2.490000|0.000000|000|10.305358|-1.000000|-1.000000|0.000000|-1|0
241|5|120|24|-C1'|C_|6|121| |1.000000|2.030000|0.000000|000|9.672572|-1.000000|-1.000000|0.000000|-1|0
241|5|121|25|-N9-|N_|7|122| |1.000000|2.250000|0.000000|000|9.006794|-1.000000|-1.000000|0.000000|-1|0
241|5|122|24|-C8-|C_|6|123| |1.000000|2.410000|0.000000|000|9.125121|-1.000000|-1.000000|0.000000|-1|0
241|5|123|25|-N7-|N_|7|124| |1.000000|2.090000|0.000000|000|8.774323|-1.000000|-1.000000|0.000000|-1|0
241|5|124|24|-C5-|C_|6|125| |1.000000|2.000000|0.000000|000|8.263728|-1.000000|-1.000000|0.000000|-1|0
241|5|125|24|-C6-|C_|6|126| |1.000000|2.000000|0.000000|000|7.885819|-1.000000|-1.000000|0.000000|-1|0
241|5|126|26|-O6-|O_|8|127| |1.000000|2.000000|0.000000|000|7.945229|-1.000000|-1.000000|0.000000|-1|0
241|5|127|25|-N1-|N_|7|128| |1.000000|2.000000|0.000000|000|7.783102|-1.000000|-1.000000|0.000000|-1|0
241|5|128|24|-C2-|C_|6|129| |1.000000|2.000000|0.000000|000|7.888828|-1.000000|-1.000000|0.000000|-1|0
241|5|129|25|-N2-|N_|7|130| |1.000000|2.000000|0.000000|000|8.050345|-1.000000|-1.000000|0.000000|-1|0
241|5|130|25|-N3-|N_|7|131| |1.000000|2.000000|0.000000|000|8.097089|-1.000000|-1.000000|0.000000|-1|0
241|5|131|24|-C4-|C_|6|132| |1.000000|2.080000|0.000000|000|8.333187|-1.000000|-1.000000|0.000000|-1|0
241|5|132|35|HO3'|H_|1|133| |1.000000|15.000000|0.000000|000|11.593837|-1.000000|-1.000000|0.000000|-1|0
241|5|133|35|-H1-|H_|1|134| |1.000000|15.000000|0.000000|000|7.762459|-1.000000|-1.000000|0.000000|-1|0
241|5|134|35|-H21|H_|1|135| |1.000000|15.000000|0.000000|000|8.308349|-1.000000|-1.000000|0.000000|-1|0
241|5|135|35|-H22|H_|1|136| |1.000000|15.000000|0.000000|000|8.067556|-1.000000|-1.000000|0.000000|-1|0
241|6|136|26|-O5'|O_|8|138| |1.000000|4.690000|0.000000|000|11.144430|-1.000000|-1.000000|0.000000|-1|7
241|6|137|24|-C5'|C_|6|139| |1.000000|4.220000|0.000000|000|10.046000|-1.000000|-1.000000|0.000000|-1|7
241|6|138|24|-C4'|C_|6|140| |1.000000|3.690000|0.000000|000|8.912401|-1.000000|-1.000000|0.000000|-1|7
241|6|139|26|-O4'|O_|8|141| |1.000000|3.400000|0.000000|000|8.329380|-1.000000|-1.000000|0.000000|-1|7
241|6|140|24|-C3'|C_|6|142| |1.000000|3.930000|0.000000|000|9.719093|-1.000000|-1.000000|0.000000|-1|7
241|6|141|26|-O3'|O_|8|143| |1.000000|4.740000|0.000000|000|8.961070|-1.000000|-1.000000|0.000000|-1|7
241|6|142|24|-C2'|C_|6|144| |1.000000|3.270000|0.000000|000|10.068734|-1.000000|-1.000000|0.000000|-1|7
241|6|143|24|-C1'|C_|6|145| |1.000000|2.810000|0.000000|000|8.819404|-1.000000|-1.000000|0.000000|-1|7
241|6|144|25|-N1-|N_|7|146| |1.000000|2.780000|0.000000|000|9.502603|-1.000000|-1.000000|0.000000|-1|7
241|6|145|24|-C2-|C_|6|147| |1.000000|2.930000|0.000000|000|9.544679|-1.000000|-1.000000|0.000000|-1|7
241|6|146|26|-O2-|O_|8|148| |1.000000|2.000000|0.000000|000|9.123227|-1.000000|-1.000000|0.000000|-1|7
241|6|147|25|-N3-|N_|7|149| |1.000000|2.000000|0.000000|000|10.369895|-1.000000|-1.000000|0.000000|-1|7
241|6|148|24|-C4-|C_|6|150| |1.000000|2.440000|0.000000|000|11.085862|-1.000000|-1.000000|0.000000|-1|7
241|6|149|25|-N4-|N_|7|151| |1.000000|2.000000|0.000000|000|12.053963|-1.000000|-1.000000|0.000000|-1|7
241|6|150|24|-C5-|C_|6|152| |1.000000|2.360000|0.000000|000|10.987195|-1.000000|-1.000000|0.000000|-1|7
241|6|151|24|-C6-|C_|6|153| |1.000000|2.520000|0.000000|000|10.219710|-1.000000|-1.000000|0.000000|-1|7
241|6|152|35|-H41|H_|1|154| |1.000000|15.000000|0.000000|000|12.652105|-1.000000|-1.000000|0.000000|-1|7
241|6|153|35|-H42|H_|1|155| |1.000000|15.000000|0.000000|000|12.251173|-1.000000|-1.000000|0.000000|-1|7
241|6|154|35|HO5'|H_|1|156| |1.000000|15.000000|0.000000|000|10.805075|-1.000000|-1.000000|0.000000|-1|7
241|7|155|27|-P--|P_|15|157| |1.000000|4.580000|0.000000|000|9.174994|-1.000000|-1.000000|0.000000|-1|7
241|7|156|26|-OP1|O_|8|158| |1.000000|5.590000|0.000000|000|10.663280|-1.000000|-1.000000|0.000000|-1|7
241|7|157|26|-OP2|O_|8|159| |1.000000|5.600000|0.000000|000|8.790864|-1.000000|-1.000000|0.000000|-1|7
241|7|158|26|-O5'|O_|8|160| |1.000000|3.830000|0.000000|000|8.434718|-1.000000|-1.000000|0.000000|-1|7
241|7|159|24|-C5'|C_|6|161| |1.000000|3.680000|0.000000|000|7.003829|-1.000000|-1.000000|0.000000|-1|7
241|7|160|24|-C4'|C_|6|162| |1.000000|3.000000|0.000000|000|6.964597|-1.000000|-1.000000|0.000000|-1|7
241|7|161|26|-O4'|O_|8|163| |1.000000|2.330000|0.000000|000|7.721842|-1.000000|-1.000000|0.000000|-1|7
241|7|162|24|-C3'|C_|6|164| |1.000000|3.140000|0.000000|000|5.582201|-1.000000|-1.000000|0.000000|-1|7
241|7|163|26|-O3'|O_|8|165| |1.000000|3.290000|0.000000|000|5.783538|-1.000000|-1.000000|0.000000|-1|7
241|7|164|24|-C2'|C_|6|166| |1.000000|3.110000|0.000000|000|5.922801|-1.000000|-1.000000|0.000000|-1|7
241|7|165|24|-C1'|C_|6|167| |1.000000|2.830000|0.000000|000|7.212543|-1.000000|-1.000000|0.000000|-1|7
241|7|166|25|-N9-|N_|7|168| |1.000000|2.380000|0.000000|000|7.306668|-1.000000|-1.000000|0.000000|-1|7
241|7|167|24|-C8-|C_|6|169| |1.000000|2.870000|0.000000|000|8.470872|-1.000000|-1.000000|0.000000|-1|7
241|7|168|25|-N7-|N_|7|170| |1.000000|2.450000|0.000000|000|8.671505|-1.000000|-1.000000|0.000000|-1|7
241|7|169|24|-C5-|C_|6|171| |1.000000|2.580000|0.000000|000|7.683969|-1.000000|-1.000000|0.000000|-1|7
241|7|170|24|-C6-|C_|6|172| |1.000000|2.450000|0.000000|000|7.641226|-1.000000|-1.000000|0.000000|-1|7
241|7|171|26|-O6-|O_|8|173| |1.000000|2.000000|0.000000|000|8.535855|-1.000000|-1.000000|0.000000|-1|7
241|7|172|25|-N1-|N_|7|174| |1.000000|2.000000|0.000000|000|6.593667|-1.000000|-1.000000|0.000000|-1|7
241|7|173|24|-C2-|C_|6|175| |1.000000|2.570000|0.000000|000|5.679012|-1.000000|-1.000000|0.000000|-1|7
241|7|174|25|-N2-|N_|7|176| |1.000000|2.080000|0.000000|000|5.265963|-1.000000|-1.000000|0.000000|-1|7
241|7|175|25|-N3-|N_|7|177| |1.000000|2.000000|0.000000|000|5.738127|-1.000000|-1.000000|0.000000|-1|7
241|7|176|24|-C4-|C_|6|178| |1.000000|2.790000|0.000000|000|6.765324|-1.000000|-1.000000|0.000000|-1|7
241|7|177|35|-H1-|H_|1|179| |1.000000|15.000000|0.000000|000|6.754312|-1.000000|-1.000000|0.000000|-1|7
241|7|178|35|-H21|H_|1|180| |1.000000|15.000000|0.000000|000|4.873477|-1.000000|-1.000000|0.000000|-1|7
241|7|179|35|-H22|H_|1|181| |1.000000|15.000000|0.000000|000|5.594945|-1.000000|-1.000000|0.000000|-1|7
241|8|180|27|-P--|P_|15|182| |1.000000|2.600000|0.000000|000|5.071740|-1.000000|-1.000000|0.000000|-1|7
241|8|181|26|-OP1|O_|8|183| |1.000000|2.630000|0.000000|000|5.842101|-1.000000|-1.000000|0.000000|-1|7
241|8|182|26|-OP2|O_|8|184| |1.000000|3.680000|0.000000|000|5.641895|-1.000000|-1.000000|0.000000|-1|7
241|8|183|26|-O5'|O_|8|185| |1.000000|2.000000|0.000000|000|3.422032|-1.000000|-1.000000|0.000000|-1|7
241|8|184|24|-C5'|C_|6|186| |1.000000|2.380000|0.000000|000|3.060025|-1.000000|-1.000000|0.000000|-1|7
241|8|185|24|-C4'|C_|6|187| |1.000000|2.000000|0.000000|000|1.752991|-1.000000|-1.000000|0.000000|-1|7
241|8|186|26|-O4'|O_|8|188| |1.000000|2.000000|0.000000|000|1.015408|-1.000000|-1.000000|0.000000|-1|7
241|8|187|24|-C3'|C_|6|189| |1.000000|2.030000|0.000000|000|2.164651|-1.000000|-1.000000|0.000000|-1|7
241|8|188|26|-O3'|O_|8|190| |1.000000|2.330000|0.000000|000|2.545732|-1.000000|-1.000000|0.000000|-1|7
241|8|189|24|-C2'|C_|6|191| |1.000000|2.000000|0.000000|000|2.010463|-1.000000|-1.000000|0.000000|-1|7
241|8|190|24|-C1'|C_|6|192| |1.000000|2.040000|0.000000|000|0.900402|-1.000000|-1.000000|0.000000|-1|7
241|8|191|25|-N1-|N_|7|193| |1.000000|2.000000|0.000000|000|2.248605|-1.000000|-1.000000|0.000000|-1|7
241|8|192|24|-C2-|C_|6|194| |1.000000|2.530000|0.000000|000|3.305704|-1.000000|-1.000000|0.000000|-1|7
241|8|193|26|-O2-|O_|8|195| |1.000000|2.570000|0.000000|000|3.498073|-1.000000|-1.000000|0.000000|-1|7
241|8|194|25|-N3-|N_|7|196| |1.000000|2.500000|0.000000|000|4.576222|-1.000000|-1.000000|0.000000|-1|7
241|8|195|24|-C4-|C_|6|197| |1.000000|2.430000|0.000000|000|4.986935|-1.000000|-1.000000|0.000000|-1|7
241|8|196|25|-N4-|N_|7|198| |1.000000|2.370000|0.000000|000|6.356886|-1.000000|-1.000000|0.000000|-1|7
241|8|197|24|-C5-|C_|6|199| |1.000000|2.230000|0.000000|000|4.381394|-1.000000|-1.000000|0.000000|-1|7
241|8|198|24|-C6-|C_|6|200| |1.000000|2.000000|0.000000|000|3.071756|-1.000000|-1.000000|0.000000|-1|7
241|8|199|35|-H41|H_|1|201| |1.000000|15.000000|0.000000|000|6.889025|-1.000000|-1.000000|0.000000|-1|7
241|8|200|35|-H42|H_|1|202| |1.000000|15.000000|0.000000|000|6.930007|-1.000000|-1.000000|0.000000|-1|7
241|9|201|27|-P--|P_|15|203| |1.000000|3.270000|0.000000|000|4.018516|-1.000000|-1.000000|0.000000|-1|7
241|9|202|26|-OP1|O_|8|204| |1.000000|4.110000|0.000000|000|4.917462|-1.000000|-1.000000|0.000000|-1|7
241|9|203|26|-OP2|O_|8|205| |1.000000|3.840000|0.000000|000|4.867427|-1.000000|-1.000000|0.000000|-1|7
241|9|204|26|-O5'|O_|8|206| |1.000000|2.850000|0.000000|000|4.181857|-1.000000|-1.000000|0.000000|-1|7
241|9|205|24|-C5'|C_|6|207| |1.000000|3.350000|0.000000|000|4.159418|-1.000000|-1.000000|0.000000|-1|7
241|9|206|24|-C4'|C_|6|208| |1.000000|2.990000|0.000000|000|5.047260|-1.000000|-1.000000|0.000000|-1|7
241|9|207|26|-O4'|O_|8|209| |1.000000|2.640000|0.000000|000|4.637690|-1.000000|-1.000000|0.000000|-1|7
241|9|208|24|-C3'|C_|6|210| |1.000000|3.170000|0.000000|000|5.604981|-1.000000|-1.000000|0.000000|-1|7
241|9|209|26|-O3'|O_|8|211| |1.000000|4.090000|0.000000|000|6.935786|-1.000000|-1.000000|0.000000|-1|7
241|9|210|24|-C2'|C_|6|212| |1.000000|3.540000|0.000000|000|6.081587|-1.000000|-1.000000|0.000000|-1|7
241|9|211|24|-C1'|C_|6|213| |1.000000|3.220000|0.000000|000|5.248156|-1.000000|-1.000000|0.000000|-1|7
241|9|212|25|-N9-|N_|7|214| |1.000000|3.270000|0.000000|000|4.535265|-1.000000|-1.000000|0.000000|-1|7
241|9|213|24|-C8-|C_|6|215| |1.000000|3.440000|0.000000|000|5.155443|-1.000000|-1.000000|0.000000|-1|7
241|9|214|25|-N7-|N_|7|216| |1.000000|3.470000|0.000000|000|4.907055|-1.000000|-1.000000|0.000000|-1|7
241|9|215|24|-C5-|C_|6|217| |1.000000|3.220000|0.000000|000|3.865587|-1.000000|-1.000000|0.000000|-1|7
241|9|216|24|-C6-|C_|6|218| |1.000000|3.050000|0.000000|000|3.848403|-1.000000|-1.000000|0.000000|-1|7
241|9|217|26|-O6-|O_|8|219| |1.000000|2.960000|0.000000|000|4.707452|-1.000000|-1.000000|0.000000|-1|7
241|9|218|25|-N1-|N_|7|220| |1.000000|2.900000|0.000000|000|3.333607|-1.000000|-1.000000|0.000000|-1|7
241|9|219|24|-C2-|C_|6|221| |1.000000|3.300000|0.000000|000|3.062747|-1.000000|-1.000000|0.000000|-1|7
241|9|220|25|-N2-|N_|7|222| |1.000000|3.270000|0.000000|000|3.614629|-1.000000|-1.000000|0.000000|-1|7
241|9|221|25|-N3-|N_|7|223| |1.000000|2.690000|0.000000|000|3.252972|-1.000000|-1.000000|0.000000|-1|7
241|9|222|24|-C4-|C_|6|224| |1.000000|3.540000|0.000000|000|3.594800|-1.000000|-1.000000|0.000000|-1|7
241|9|223|35|-H1-|H_|1|225| |1.000000|15.000000|0.000000|000|3.663058|-1.000000|-1.000000|0.000000|-1|7
241|9|224|35|-H21|H_|1|226| |1.000000|15.000000|0.000000|000|4.162398|-1.000000|-1.000000|0.000000|-1|7
241|9|225|35|-H22|H_|1|227| |1.000000|15.000000|0.000000|000|3.851376|-1.000000|-1.000000|0.000000|-1|7
241|10|226|27|-P--|P_|15|228| |1.000000|3.420000|0.000000|000|7.351732|-1.000000|-1.000000|0.000000|-1|7
241|10|227|26|-OP1|O_|8|229| |1.000000|3.650000|0.000000|000|8.818656|-1.000000|-1.000000|0.000000|-1|7
241|10|228|26|-OP2|O_|8|230| |1.000000|4.000000|0.000000|000|6.473004|-1.000000|-1.000000|0.000000|-1|7
241|10|229|26|-O5'|O_|8|231| |1.000000|4.370000|0.000000|000|7.524442|-1.000000|-1.000000|0.000000|-1|7
241|10|230|24|-C5'|C_|6|232| |1.000000|4.180000|0.000000|000|8.853013|-1.000000|-1.000000|0.000000|-1|7
241|10|231|24|-C4'|C_|6|233| |1.000000|3.800000|0.000000|000|8.875204|-1.000000|-1.000000|0.000000|-1|7
241|10|232|26|-O4'|O_|8|234| |1.000000|3.380000|0.000000|000|8.639784|-1.000000|-1.000000|0.000000|-1|7
241|10|233|24|-C3'|C_|6|235| |1.000000|4.110000|0.000000|000|7.967892|-1.000000|-1.000000|0.000000|-1|7
241|10|234|26|-O3'|O_|8|236| |1.000000|4.480000|0.000000|000|8.950064|-1.000000|-1.000000|0.000000|-1|7
241|10|235|24|-C2'|C_|6|237| |1.000000|3.640000|0.000000|000|6.756704|-1.000000|-1.000000|0.000000|-1|7
241|10|236|24|-C1'|C_|6|238| |1.000000|2.950000|0.000000|000|7.659547|-1.000000|-1.000000|0.000000|-1|7
241|10|237|25|-N1-|N_|7|239| |1.000000|2.670000|0.000000|000|6.933456|-1.000000|-1.000000|0.000000|-1|7
241|10|238|24|-C2-|C_|6|240| |1.000000|2.850000|0.000000|000|6.730471|-1.000000|-1.000000|0.000000|-1|7
241|10|239|26|-O2-|O_|8|241| |1.000000|3.040000|0.000000|000|7.015250|-1.000000|-1.000000|0.000000|-1|7
241|10|240|25|-N3-|N_|7|242| |1.000000|3.220000|0.000000|000|6.608706|-1.000000|-1.000000|0.000000|-1|7
241|10|241|24|-C4-|C_|6|243| |1.000000|2.680000|0.000000|000|6.463490|-1.000000|-1.000000|0.000000|-1|7
241|10|242|25|-N4-|N_|7|244| |1.000000|2.690000|0.000000|000|6.678227|-1.000000|-1.000000|0.000000|-1|7
241|10|243|24|-C5-|C_|6|245| |1.000000|3.320000|0.000000|000|6.547965|-1.000000|-1.000000|0.000000|-1|7
241|10|244|24|-C6-|C_|6|246| |1.000000|2.610000|0.000000|000|6.809565|-1.000000|-1.000000|0.000000|-1|7
241|10|245|35|-H41|H_|1|247| |1.000000|15.000000|0.000000|000|6.893161|-1.000000|-1.000000|0.000000|-1|7
241|10|246|35|-H42|H_|1|248| |1.000000|15.000000|0.000000|000|6.953661|-1.000000|-1.000000|0.000000|-1|7
241|11|247|27|-P--|P_|15|249| |1.000000|4.900000|0.000000|000|9.916475|-1.000000|-1.000000|0.000000|-1|7
241|11|248|26|-OP1|O_|8|250| |1.000000|5.480000|0.000000|000|9.237198|-1.000000|-1.000000|0.000000|-1|7
241|11|249|26|-OP2|O_|8|251| |1.000000|5.320000|0.000000|000|10.846690|-1.000000|-1.000000|0.000000|-1|7
241|11|250|26|-O5'|O_|8|252| |1.000000|3.750000|0.000000|000|10.923630|-1.000000|-1.000000|0.000000|-1|7
241|11|251|24|-C5'|C_|6|253| |1.000000|3.660000|0.000000|000|11.896845|-1.000000|-1.000000|0.000000|-1|7
241|11|252|24|-C4'|C_|6|254| |1.000000|3.260000|0.000000|000|12.806741|-1.000000|-1.000000|0.000000|-1|7
241|11|253|26|-O4'|O_|8|255| |1.000000|2.530000|0.000000|000|12.160488|-1.000000|-1.000000|0.000000|-1|7
241|11|254|24|-C3'|C_|6|256| |1.000000|3.290000|0.000000|000|14.092632|-1.000000|-1.000000|0.000000|-1|7
241|11|255|26|-O3'|O_|8|257| |1.000000|3.500000|0.000000|000|15.205023|-1.000000|-1.000000|0.000000|-1|7
241|11|256|24|-C2'|C_|6|258| |1.000000|3.070000|0.000000|000|13.856374|-1.000000|-1.000000|0.000000|-1|7
241|11|257|24|-C1'|C_|6|259| |1.000000|2.490000|0.000000|000|13.045153|-1.000000|-1.000000|0.000000|-1|7
241|11|258|25|-N9-|N_|7|260| |1.000000|2.380000|0.000000|000|12.322247|-1.000000|-1.000000|0.000000|-1|7
241|11|259|24|-C8-|C_|6|261| |1.000000|2.550000|0.000000|000|12.218783|-1.000000|-1.000000|0.000000|-1|7
241|11|260|25|-N7-|N_|7|262| |1.000000|2.960000|0.000000|000|11.505000|-1.000000|-1.000000|0.000000|-1|7
241|11|261|24|-C5-|C_|6|263| |1.000000|2.520000|0.000000|000|11.126925|-1.000000|-1.000000|0.000000|-1|7
241|11|262|24|-C6-|C_|6|264| |1.000000|2.620000|0.000000|000|10.630610|-1.000000|-1.000000|0.000000|-1|7
241|11|263|26|-O6-|O_|8|265| |1.000000|2.000000|0.000000|000|10.374767|-1.000000|-1.000000|0.000000|-1|7
241|11|264|25|-N1-|N_|7|266| |1.000000|2.740000|0.000000|000|10.629510|-1.000000|-1.000000|0.000000|-1|7
241|11|265|24|-C2-|C_|6|267| |1.000000|2.560000|0.000000|000|11.023675|-1.000000|-1.000000|0.000000|-1|7
241|11|266|25|-N2-|N_|7|268| |1.000000|2.010000|0.000000|000|11.133068|-1.000000|-1.000000|0.000000|-1|7
241|11|267|25|-N3-|N_|7|269| |1.000000|2.610000|0.000000|000|11.524600|-1.000000|-1.000000|0.000000|-1|7
241|11|268|24|-C4-|C_|6|270| |1.000000|2.460000|0.000000|000|11.542768|-1.000000|-1.000000|0.000000|-1|7
241|11|269|35|HO3'|H_|1|271| |1.000000|15.000000|0.000000|000|15.333405|-1.000000|-1.000000|0.000000|-1|7
241|11|270|35|-H1-|H_|1|272| |1.000000|15.000000|0.000000|000|10.404410|-1.000000|-1.000000|0.000000|-1|7
241|11|271|35|-H21|H_|1|273| |1.000000|15.000000|0.000000|000|11.700969|-1.000000|-1.000000|0.000000|-1|7
241|11|272|35|-H22|H_|1|274| |1.000000|15.000000|0.000000|000|10.788887|-1.000000|-1.000000|0.000000|-1|7
241|12|273|30|-N1-|N_|7|276| |1.000000|12.150000|0.000000|000|15.113632|-1.000000|-1.000000|0.000000|-1|2
241|12|274|29|-C2-|C_|6|277| |1.000000|11.890000|0.000000|000|13.613059|-1.000000|-1.000000|0.000000|-1|2
241|12|275|29|-C3-|C_|6|278| |1.000000|11.790000|0.000000|000|13.183480|-1.000000|-1.000000|0.000000|-1|2
241|12|276|29|-C4-|C_|6|279| |1.000000|11.450000|0.000000|000|12.301003|-1.000000|-1.000000|0.000000|-1|2
241|12|277|29|-C5-|C_|6|280| |1.000000|11.440000|0.000000|000|12.948588|-1.000000|-1.000000|0.000000|-1|2
241|12|278|30|-N6-|N_|7|281| |1.000000|10.460000|0.000000|000|12.397228|-1.000000|-1.000000|0.000000|-1|2
241|12|279|29|-C7-|C_|6|282| |1.000000|11.600000|0.000000|000|12.576777|-1.000000|-1.000000|0.000000|-1|2
241|12|280|29|-C8-|C_|6|283| |1.000000|12.300000|0.000000|000|12.584101|-1.000000|-1.000000|0.000000|-1|2
241|12|281|29|-C9-|C_|6|284| |1.000000|12.020000|0.000000|000|11.532468|-1.000000|-1.000000|0.000000|-1|2
241|12|282|30|-N10|N_|7|285| |1.000000|13.220000|0.000000|000|11.772066|-1.000000|-1.000000|0.000000|-1|2
241|12|283|34|-H1-|H_|1|286| |1.000000|15.000000|0.000000|000|15.467705|-1.000000|-1.000000|0.000000|-1|2
241|12|284|34|HN11|H_|1|287| |1.000000|15.000000|0.000000|000|15.429888|-1.000000|-1.000000|0.000000|-1|2
241|12|285|34|HN12|H_|1|288| |1.000000|15.000000|0.000000|000|15.641670|-1.000000|-1.000000|0.000000|-1|2
241|12|286|34|-H21|H_|1|289| |1.000000|15.000000|0.000000|000|13.327824|-1.000000|-1.000000|0.000000|-1|2
241|12|287|34|-H22|H_|1|290| |1.000000|15.000000|0.000000|000|13.197190|-1.000000|-1.000000|0.000000|-1|2
241|12|288|34|-H31|H_|1|291| |1.000000|15.000000|0.000000|000|14.003781|-1.000000|-1.000000|0.000000|-1|2
241|12|289|34|-H32|H_|1|292| |1.000000|15.000000|0.000000|000|12.880755|-1.000000|-1.000000|0.000000|-1|2
241|12|290|34|-H41|H_|1|293| |1.000000|15.000000|0.000000|000|11.784904|-1.000000|-1.000000|0.000000|-1|2
241|12|291|34|-H42|H_|1|294| |1.000000|15.000000|0.000000|000|11.709538|-1.000000|-1.000000|0.000000|-1|2
241|12|292|34|-H51|H_|1|295| |1.000000|15.000000|0.000000|000|13.865591|-1.000000|-1.000000|0.000000|-1|2
241|12|293|34|-H52|H_|1|296| |1.000000|15.000000|0.000000|000|13.052207|-1.000000|-1.000000|0.000000|-1|2
241|12|294|34|-HN6|H_|1|297| |1.000000|15.000000|0.000000|000|12.931692|-1.000000|-1.000000|0.000000|-1|2
241|12|295|34|-H71|H_|1|298| |1.000000|15.000000|0.000000|000|13.487884|-1.000000|-1.000000|0.000000|-1|2
241|12|296|34|-H72|H_|1|299| |1.000000|15.000000|0.000000|000|12.069758|-1.000000|-1.000000|0.000000|-1|2
241|12|297|34|-H81|H_|1|300| |1.000000|15.000000|0.000000|000|12.687386|-1.000000|-1.000000|0.000000|-1|2
241|12|298|34|-H82|H_|1|301| |1.000000|15.000000|0.000000|000|13.417725|-1.000000|-1.000000|0.000000|-1|2
241|12|299|34|-H91|H_|1|302| |1.000000|15.000000|0.000000|000|11.659609|-1.000000|-1.000000|0.000000|-1|2
241|12|300|34|-H92|H_|1|303| |1.000000|15.000000|0.000000|000|10.662913|-1.000000|-1.000000|0.000000|-1|2
241|12|301|34|H101|H_|1|304| |1.000000|15.000000|0.000000|000|12.636854|-1.000000|-1.000000|0.000000|-1|2
241|12|302|34|H102|H_|1|305| |1.000000|15.000000|0.000000|000|11.119140|-1.000000|-1.000000|0.000000|-1|2
241|12|303|34|HN62|H_|1|306| |1.000000|15.000000|0.000000|000|11.475615|-1.000000|-1.000000|0.000000|-1|2
241|12|304|34|-H12|H_|1|307| |1.000000|15.000000|0.000000|000|11.869105|-1.000000|-1.000000|0.000000|-1|2
241|13|305|37|MG--|Mg|12|308| |1.000000|6.060000|0.000000|000|9.737691|-1.000000|-1.000000|0.000000|-1|3
241|14|306|37|MG--|Mg|12|309| |1.000000|8.140000|0.000000|000|9.503906|-1.000000|-1.000000|0.000000|-1|4
241|15|307|37|MG--|Mg|12|310| |1.000000|14.200000|0.000000|000|11.490718|-1.000000|-1.000000|0.000000|-1|5
241|16|308|36|NA--|Na|11|311| |1.000000|2.000000|0.000000|000|7.875204|-1.000000|-1.000000|0.000000|-1|6
241|17|309|28|-O--|O_|8|312| |1.000000|2.890000|0.000000|000|9.541360|-1.000000|-1.000000|0.000000|-1|1
241|17|310|35|-H1-|H_|1|313| |1.000000|15.000000|0.000000|000|9.799429|-1.000000|-1.000000|0.000000|-1|1
241|17|311|35|-H2-|H_|1|314| |1.000000|15.000000|0.000000|000|10.116271|-1.000000|-1.000000|0.000000|-1|1
241|18|312|28|-O--|O_|8|315| |1.000000|4.110000|0.000000|000|10.414001|-1.000000|-1.000000|0.000000|-1|1
241|18|313|35|-H1-|H_|1|316| |1.000000|15.000000|0.000000|000|11.176571|-1.000000|-1.000000|0.000000|-1|1
241|18|314|35|-H2-|H_|1|317| |1.000000|15.000000|0.000000|000|9.948952|-1.000000|-1.000000|0.000000|-1|1
241|19|315|28|-O--|O_|8|318| |1.000000|5.630000|0.000000|000|7.968779|-1.000000|-1.000000|0.000000|-1|1
241|19|316|35|-H1-|H_|1|319| |1.000000|15.000000|0.000000|000|8.533732|-1.000000|-1.000000|0.000000|-1|1
241|19|317|35|-H2-|H_|1|320| |1.000000|15.000000|0.000000|000|7.565506|-1.000000|-1.000000|0.000000|-1|1
241|20|318|28|-O--|O_|8|321| |1.000000|8.330000|0.000000|000|10.979942|-1.000000|-1.000000|0.000000|-1|1
241|20|319|35|-H1-|H_|1|322| |1.000000|15.000000|0.000000|000|10.760303|-1.000000|-1.000000|0.000000|-1|1
241|20|320|35|-H2-|H_|1|323| |1.000000|15.000000|0.000000|000|11.811009|-1.000000|-1.000000|0.000000|-1|1
241|21|321|28|-O--|O_|8|324| |1.000000|3.840000|0.000000|000|9.712307|-1.000000|-1.000000|0.000000|-1|1
241|21|322|35|-H1-|H_|1|325| |1.000000|15.000000|0.000000|000|10.252681|-1.000000|-1.000000|0.000000|-1|1
241|21|323|35|-H2-|H_|1|326| |1.000000|15.000000|0.000000|000|9.735582|-1.000000|-1.000000|0.000000|-1|1
241|22|324|28|-O--|O_|8|327| |1.000000|8.730000|0.000000|000|7.881536|-1.000000|-1.000000|0.000000|-1|1
241|22|325|35|-H1-|H_|1|328| |1.000000|15.000000|0.000000|000|7.912864|-1.000000|-1.000000|0.000000|-1|1
241|22|326|35|-H2-|H_|1|329| |1.000000|15.000000|0.000000|000|7.205656|-1.000000|-1.000000|0.000000|-1|1
241|23|327|28|-O--|O_|8|330| |1.000000|6.290000|0.000000|000|11.561405|-1.000000|-1.000000|0.000000|-1|1
241|23|328|35|-H1-|H_|1|331| |1.000000|15.000000|0.000000|000|12.496414|-1.000000|-1.000000|0.000000|-1|1
241|23|329|35|-H2-|H_|1|332| |1.000000|15.000000|0.000000|000|11.816401|-1.000000|-1.000000|0.000000|-1|1
241|24|330|28|-O--|O_|8|333| |1.000000|13.310000|0.000000|000|12.353107|-1.000000|-1.000000|0.000000|-1|1
241|24|331|35|-H1-|H_|1|334| |1.000000|15.000000|0.000000|000|12.893236|-1.000000|-1.000000|0.000000|-1|1
241|24|332|35|-H2-|H_|1|335| |1.000000|15.000000|0.000000|000|12.031243|-1.000000|-1.000000|0.000000|-1|1
241|25|333|28|-O--|O_|8|336| |1.000000|11.390000|0.000000|000|7.810947|-1.000000|-1.000000|0.000000|-1|1
241|25|334|35|-H1-|H_|1|337| |1.000000|15.000000|0.000000|000|7.826818|-1.000000|-1.000000|0.000000|-1|1
241|25|335|35|-H2-|H_|1|338| |1.000000|15.000000|0.000000|000|7.308053|-1.000000|-1.000000|0.000000|-1|1
241|26|336|28|-O--|O_|8|339| |1.000000|4.990000|0.000000|000|12.751763|-1.000000|-1.000000|0.000000|-1|1
241|26|337|35|-H1-|H_|1|340| |1.000000|15.000000|0.000000|000|13.252014|-1.000000|-1.000000|0.000000|-1|1
241|26|338|35|-H2-|H_|1|341| |1.000000|15.000000|0.000000|000|11.980093|-1.000000|-1.000000|0.000000|-1|1
241|27|339|28|-O--|O_|8|342| |1.000000|7.360000|0.000000|000|8.672173|-1.000000|-1.000000|0.000000|-1|1
241|27|340|35|-H1-|H_|1|343| |1.000000|15.000000|0.000000|000|8.426158|-1.000000|-1.000000|0.000000|-1|1
241|27|341|35|-H2-|H_|1|344| |1.000000|15.000000|0.000000|000|8.131995|-1.000000|-1.000000|0.000000|-1|1
241|28|342|28|-O--|O_|8|345| |1.000000|8.800000|0.000000|000|11.689658|-1.000000|-1.000000|0.000000|-1|1
241|28|343|35|-H1-|H_|1|346| |1.000000|15.000000|0.000000|000|11.133025|-1.000000|-1.000000|0.000000|-1|1
241|28|344|35|-H2-|H_|1|347| |1.000000|15.000000|0.000000|000|11.015643|-1.000000|-1.000000|0.000000|-1|1
241|29|345|28|-O--|O_|8|348| |1.000000|9.380000|0.000000|000|5.259415|-1.000000|-1.000000|0.000000|-1|1
241|29|346|35|-H1-|H_|1|349| |1.000000|15.000000|0.000000|000|4.764934|-1.000000|-1.000000|0.000000|-1|1
241|29|347|35|-H2-|H_|1|350| |1.000000|15.000000|0.000000|000|4.658388|-1.000000|-1.000000|0.000000|-1|1
241|30|348|28|-O--|O_|8|351| |1.000000|6.030000|0.000000|000|7.933368|-1.000000|-1.000000|0.000000|-1|1
241|30|349|35|-H1-|H_|1|352| |1.000000|15.000000|0.000000|000|7.077373|-1.000000|-1.000000|0.000000|-1|1
241|30|350|35|-H2-|H_|1|353| |1.000000|15.000000|0.000000|000|7.608467|-1.000000|-1.000000|0.000000|-1|1
241|31|351|28|-O--|O_|8|354| |1.000000|8.590000|0.000000|000|9.536237|-1.000000|-1.000000|0.000000|-1|1
241|31|352|35|-H1-|H_|1|355| |1.000000|15.000000|0.000000|000|10.379880|-1.000000|-1.000000|0.000000|-1|1
241|31|353|35|-H2-|H_|1|356| |1.000000|15.000000|0.000000|000|8.973941|-1.000000|-1.000000|0.000000|-1|1
241|32|354|28|-O--|O_|8|357| |1.000000|10.450000|0.000000|000|9.845373|-1.000000|-1.000000|0.000000|-1|1
241|32|355|35|-H1-|H_|1|358| |1.000000|15.000000|0.000000|000|10.673485|-1.000000|-1.000000|0.000000|-1|1
241|32|356|35|-H2-|H_|1|359| |1.000000|15.000000|0.000000|000|9.375631|-1.000000|-1.000000|0.000000|-1|1
241|33|357|28|-O--|O_|8|360| |1.000000|9.430000|0.000000|000|8.849822|-1.000000|-1.000000|0.000000|-1|1
241|33|358|35|-H1-|H_|1|361| |1.000000|15.000000|0.000000|000|9.673723|-1.000000|-1.000000|0.000000|-1|1
241|33|359|35|-H2-|H_|1|362| |1.000000|15.000000|0.000000|000|8.463671|-1.000000|-1.000000|0.000000|-1|1
241|34|360|28|-O--|O_|8|363| |1.000000|8.820000|0.000000|000|7.079610|-1.000000|-1.000000|0.000000|-1|1
241|34|361|35|-H1-|H_|1|364| |1.000000|15.000000|0.000000|000|7.711736|-1.000000|-1.000000|0.000000|-1|1
241|34|362|35|-H2-|H_|1|365| |1.000000|15.000000|0.000000|000|6.708849|-1.000000|-1.000000|0.000000|-1|1
241|35|363|28|-O--|O_|8|366| |1.000000|10.530000|0.000000|000|9.545205|-1.000000|-1.000000|0.000000|-1|1
241|35|364|35|-H1-|H_|1|367| |1.000000|15.000000|0.000000|000|9.328749|-1.000000|-1.000000|0.000000|-1|1
241|35|365|35|-H2-|H_|1|368| |1.000000|15.000000|0.000000|000|9.912410|-1.000000|-1.000000|0.000000|-1|1
241|36|366|28|-O--|O_|8|369| |1.000000|17.000000|0.000000|000|8.001554|-1.000000|-1.000000|0.000000|-1|1
241|36|367|35|-H1-|H_|1|370| |1.000000|15.000000|0.000000|000|7.759127|-1.000000|-1.000000|0.000000|-1|1
241|36|368|35|-H2-|H_|1|371| |1.000000|15.000000|0.000000|000|8.643113|-1.000000|-1.000000|0.000000|-1|1
241|37|369|28|-O--|O_|8|372| |1.000000|11.150000|0.000000|000|7.201701|-1.000000|-1.000000|0.000000|-1|1
241|37|370|35|-H1-|H_|1|373| |1.000000|15.000000|0.000000|000|6.270352|-1.000000|-1.000000|0.000000|-1|1
241|37|371|35|-H2-|H_|1|374| |1.000000|15.000000|0.000000|000|7.607586|-1.000000|-1.000000|0.000000|-1|1
241|38|372|28|-O--|O_|8|375| |1.000000|15.130000|0.000000|000|12.199761|-1.000000|-1.000000|0.000000|-1|1
241|38|373|35|-H1-|H_|1|376| |1.000000|15.000000|0.000000|000|11.441214|-1.000000|-1.000000|0.000000|-1|1
241|38|374|35|-H2-|H_|1|377| |1.000000|15.000000|0.000000|000|11.896028|-1.000000|-1.000000|0.000000|-1|1
241|39|375|28|-O--|O_|8|378| |1.000000|5.850000|0.000000|000|15.888807|-1.000000|-1.000000|0.000000|-1|1
241|39|376|35|-H1-|H_|1|379| |1.000000|15.000000|0.000000|000|15.572665|-1.000000|-1.000000|0.000000|-1|1
241|39|377|35|-H2-|H_|1|380| |1.000000|15.000000|0.000000|000|15.373378|-1.000000|-1.000000|0.000000|-1|1
241|40|378|28|-O--|O_|8|381| |1.000000|5.020000|0.000000|000|12.152434|-1.000000|-1.000000|0.000000|-1|1
241|40|379|35|-H1-|H_|1|382| |1.000000|15.000000|0.000000|000|13.029578|-1.000000|-1.000000|0.000000|-1|1
241|40|380|35|-H2-|H_|1|383| |1.000000|15.000000|0.000000|000|12.286085|-1.000000|-1.000000|0.000000|-1|1
241|41|381|28|-O--|O_|8|384| |1.000000|8.860000|0.000000|000|6.216922|-1.000000|-1.000000|0.000000|-1|1
241|41|382|35|-H1-|H_|1|385| |1.000000|15.000000|0.000000|000|5.559675|-1.000000|-1.000000|0.000000|-1|1
241|41|383|35|-H2-|H_|1|386| |1.000000|15.000000|0.000000|000|6.815434|-1.000000|-1.000000|0.000000|-1|1
241|42|384|28|-O--|O_|8|387| |1.000000|12.000000|0.000000|000|4.856137|-1.000000|-1.000000|0.000000|-1|1
241|42|385|35|-H1-|H_|1|388| |1.000000|15.000000|0.000000|000|5.186794|-1.000000|-1.000000|0.000000|-1|1
241|42|386|35|-H2-|H_|1|389| |1.000000|15.000000|0.000000|000|4.670910|-1.000000|-1.000000|0.000000|-1|1
241|43|387|28|-O--|O_|8|390| |1.000000|5.760000|0.000000|000|14.266463|-1.000000|-1.000000|0.000000|-1|1
241|43|388|35|-H1-|H_|1|391| |1.000000|15.000000|0.000000|000|14.833080|-1.000000|-1.000000|0.000000|-1|1
241|43|389|35|-H2-|H_|1|392| |1.000000|15.000000|0.000000|000|14.775393|-1.000000|-1.000000|0.000000|-1|1
241|44|390|28|-O--|O_|8|393| |1.000000|5.460000|0.000000|000|11.782348|-1.000000|-1.000000|0.000000|-1|1
241|44|391|35|-H1-|H_|1|394| |1.000000|15.000000|0.000000|000|12.651346|-1.000000|-1.000000|0.000000|-1|1
241|44|392|35|-H2-|H_|1|395| |1.000000|15.000000|0.000000|000|11.811539|-1.000000|-1.000000|0.000000|-1|1
241|45|393|28|-O--|O_|8|396| |1.000000|9.950000|0.000000|000|1.732587|-1.000000|-1.000000|0.000000|-1|1
241|45|394|35|-H1-|H_|1|397| |1.000000|15.000000|0.000000|000|1.582028|-1.000000|-1.000000|0.000000|-1|1
241|45|395|35|-H2-|H_|1|398| |1.000000|15.000000|0.000000|000|1.958241|-1.000000|-1.000000|0.000000|-1|1
241|46|396|28|-O--|O_|8|399| |1.000000|15.950000|0.000000|000|4.169835|-1.000000|-1.000000|0.000000|-1|1
241|46|397|35|-H1-|H_|1|400| |1.000000|15.000000|0.000000|000|3.426552|-1.000000|-1.000000|0.000000|-1|1
241|46|398|35|-H2-|H_|1|401| |1.000000|15.000000|0.000000|000|3.897424|-1.000000|-1.000000|0.000000|-1|1
241|47|399|28|-O--|O_|8|402| |1.000000|13.430000|0.000000|000|12.043505|-1.000000|-1.000000|0.000000|-1|1
241|47|400|35|-H1-|H_|1|403| |1.000000|15.000000|0.000000|000|12.176030|-1.000000|-1.000000|0.000000|-1|1
241|47|401|35|-H2-|H_|1|404| |1.000000|15.000000|0.000000|000|11.960527|-1.000000|-1.000000|0.000000|-1|1
241|48|402|28|-O--|O_|8|405| |1.000000|7.280000|0.000000|000|14.225547|-1.000000|-1.000000|0.000000|-1|1
241|48|403|35|-H1-|H_|1|406| |1.000000|15.000000|0.000000|000|14.922059|-1.000000|-1.000000|0.000000|-1|1
241|48|404|35|-H2-|H_|1|407| |1.000000|15.000000|0.000000|000|13.453079|-1.000000|-1.000000|0.000000|-1|1
241|49|405|28|-O--|O_|8|408| |1.000000|5.410000|0.000000|000|14.346846|-1.000000|-1.000000|0.000000|-1|1
241|49|406|35|-H1-|H_|1|409| |1.000000|15.000000|0.000000|000|13.620617|-1.000000|-1.000000|0.000000|-1|1
241|49|407|35|-H2-|H_|1|410| |1.000000|15.000000|0.000000|000|14.960881|-1.000000|-1.000000|0.000000|-1|1
241|50|408|28|-O--|O_|8|411| |1.000000|3.040000|0.000000|000|15.813533|-1.000000|-1.000000|0.000000|-1|1
241|50|409|35|-H1-|H_|1|412| |1.000000|15.000000|0.000000|000|16.763592|-1.000000|-1.000000|0.000000|-1|1
241|50|410|35|-H2-|H_|1|413| |1.000000|15.000000|0.000000|000|15.536128|-1.000000|-1.000000|0.000000|-1|1
241|51|411|28|-O--|O_|8|414| |1.000000|11.580000|0.000000|000|9.391913|-1.000000|-1.000000|0.000000|-1|1
241|51|412|35|-H1-|H_|1|415| |1.000000|15.000000|0.000000|000|8.478090|-1.000000|-1.000000|0.000000|-1|1
241|51|413|35|-H2-|H_|1|416| |1.000000|15.000000|0.000000|000|9.851077|-1.000000|-1.000000|0.000000|-1|1
241|52|414|28|-O--|O_|8|417| |1.000000|11.110000|0.000000|000|12.103123|-1.000000|-1.000000|0.000000|-1|1
241|52|415|35|-H1-|H_|1|418| |1.000000|15.000000|0.000000|000|12.557055|-1.000000|-1.000000|0.000000|-1|1
241|52|416|35|-H2-|H_|1|419| |1.000000|15.000000|0.000000|000|12.635821|-1.000000|-1.000000|0.000000|-1|1
241|53|417|28|-O--|O_|8|420| |1.000000|3.100000|0.000000|000|8.948343|-1.000000|-1.000000|0.000000|-1|8
241|53|418|35|-H1-|H_|1|421| |1.000000|15.000000|0.000000|000|8.740408|-1.000000|-1.000000|0.000000|-1|8
241|53|419|35|-H2-|H_|1|422| |1.000000|15.000000|0.000000|000|8.519827|-1.000000|-1.000000|0.000000|-1|8
241|54|420|28|-O--|O_|8|423| |1.000000|6.300000|0.000000|000|5.416935|-1.000000|-1.000000|0.000000|-1|8
241|54|421|35|-H1-|H_|1|424| |1.000000|15.000000|0.000000|000|4.616718|-1.000000|-1.000000|0.000000|-1|8
241|54|422|35|-H2-|H_|1|425| |1.000000|15.000000|0.000000|000|5.166245|-1.000000|-1.000000|0.000000|-1|8
241|55|423|28|-O--|O_|8|426| |1.000000|5.450000|0.000000|000|10.982805|-1.000000|-1.000000|0.000000|-1|8
241|55|424|35|-H1-|H_|1|427| |1.000000|15.000000|0.000000|000|10.130473|-1.000000|-1.000000|0.000000|-1|8
241|55|425|35|-H2-|H_|1|428| |1.000000|15.000000|0.000000|000|11.155477|-1.000000|-1.000000|0.000000|-1|8
241|56|426|28|-O--|O_|8|429| |1.000000|10.690000|0.000000|000|10.395185|-1.000000|-1.000000|0.000000|-1|8
241|56|427|35|-H1-|H_|1|430| |1.000000|15.000000|0.000000|000|10.771427|-1.000000|-1.000000|0.000000|-1|8
241|56|428|35|-H2-|H_|1|431| |1.000000|15.000000|0.000000|000|10.179665|-1.000000|-1.000000|0.000000|-1|8
241|57|429|28|-O--|O_|8|432| |1.000000|10.350000|0.000000|000|8.641407|-1.000000|-1.000000|0.000000|-1|8
241|57|430|35|-H1-|H_|1|433| |1.000000|15.000000|0.000000|000|8.901155|-1.000000|-1.000000|0.000000|-1|8
241|57|431|35|-H2-|H_|1|434| |1.000000|15.000000|0.000000|000|7.840317|-1.000000|-1.000000|0.000000|-1|8
241|58|432|28|-O--|O_|8|435| |1.000000|8.050000|0.000000|000|10.012487|-1.000000|-1.000000|0.000000|-1|8
241|58|433|35|-H1-|H_|1|436| |1.000000|15.000000|0.000000|000|10.375868|-1.000000|-1.000000|0.000000|-1|8
241|58|434|35|-H2-|H_|1|437| |1.000000|15.000000|0.000000|000|9.145596|-1.000000|-1.000000|0.000000|-1|8
241|59|435|28|-O--|O_|8|438| |1.000000|11.800000|0.000000|000|13.075766|-1.000000|-1.000000|0.000000|-1|8
241|59|436|35|-H1-|H_|1|439| |1.000000|15.000000|0.000000|000|12.642258|-1.000000|-1.000000|0.000000|-1|8
241|59|437|35|-H2-|H_|1|440| |1.000000|15.000000|0.000000|000|12.973774|-1.000000|-1.000000|0.000000|-1|8
241|60|438|28|-O--|O_|8|441| |1.000000|5.560000|0.000000|000|4.532942|-1.000000|-1.000000|0.000000|-1|8
241|60|439|35|-H1-|H_|1|442| |1.000000|15.000000|0.000000|000|4.629715|-1.000000|-1.000000|0.000000|-1|8
241|60|440|35|-H2-|H_|1|443| |1.000000|15.000000|0.000000|000|3.848725|-1.000000|-1.000000|0.000000|-1|8
241|61|441|28|-O--|O_|8|444| |1.000000|5.780000|0.000000|000|5.426855|-1.000000|-1.000000|0.000000|-1|8
241|61|442|35|-H1-|H_|1|445| |1.000000|15.000000|0.000000|000|5.380288|-1.000000|-1.000000|0.000000|-1|8
241|61|443|35|-H2-|H_|1|446| |1.000000|15.000000|0.000000|000|5.604521|-1.000000|-1.000000|0.000000|-1|8
241|62|444|28|-O--|O_|8|447| |1.000000|4.720000|0.000000|000|16.694790|-1.000000|-1.000000|0.000000|-1|8
241|62|445|35|-H1-|H_|1|448| |1.000000|15.000000|0.000000|000|16.154217|-1.000000|-1.000000|0.000000|-1|8
241|62|446|35|-H2-|H_|1|449| |1.000000|15.000000|0.000000|000|16.349514|-1.000000|-1.000000|0.000000|-1|8
241|63|447|28|-O--|O_|8|450| |1.000000|10.290000|0.000000|000|6.806890|-1.000000|-1.000000|0.000000|-1|8
241|63|448|35|-H1-|H_|1|451| |1.000000|15.000000|0.000000|000|6.287924|-1.000000|-1.000000|0.000000|-1|8
241|63|449|35|-H2-|H_|1|452| |1.000000|15.000000|0.000000|000|6.370347|-1.000000|-1.000000|0.000000|-1|8
241|64|450|28|-O--|O_|8|453| |1.000000|12.450000|0.000000|000|12.601761|-1.000000|-1.000000|0.000000|-1|8
241|64|451|35|-H1-|H_|1|454| |1.000000|15.000000|0.000000|000|12.737113|-1.000000|-1.000000|0.000000|-1|8
241|64|452|35|-H2-|H_|1|455| |1.000000|15.000000|0.000000|000|13.375721|-1.000000|-1.000000|0.000000|-1|8
241|65|453|28|-O--|O_|8|456| |1.000000|15.070000|0.000000|000|7.027886|-1.000000|-1.000000|0.000000|-1|8
241|65|454|35|-H1-|H_|1|457| |1.000000|15.000000|0.000000|000|7.267787|-1.000000|-1.000000|0.000000|-1|8
241|65|455|35|-H2-|H_|1|458| |1.000000|15.000000|0.000000|000|6.090950|-1.000000|-1.000000|0.000000|-1|8
241|66|456|28|-O--|O_|8|459| |1.000000|13.270000|0.000000|000|14.799385|-1.000000|-1.000000|0.000000|-1|8
241|66|457|35|-H1-|H_|1|460| |1.000000|15.000000|0.000000|000|14.012660|-1.000000|-1.000000|0.000000|-1|8
241|66|458|35|-H2-|H_|1|461| |1.000000|15.000000|0.000000|000|15.289004|-1.000000|-1.000000|0.000000|-1|8
241|67|459|28|-O--|O_|8|462| |1.000000|6.260000|0.000000|000|12.654050|-1.000000|-1.000000|0.000000|-1|8
241|67|460|35|-H1-|H_|1|463| |1.000000|15.000000|0.000000|000|11.850121|-1.000000|-1.000000|0.000000|-1|8
241|67|461|35|-H2-|H_|1|464| |1.000000|15.000000|0.000000|000|13.238500|-1.000000|-1.000000|0.000000|-1|8
241|68|462|28|-O--|O_|8|465| |1.000000|8.750000|0.000000|000|12.187021|-1.000000|-1.000000|0.000000|-1|8
241|68|463|35|-H1-|H_|1|466| |1.000000|15.000000|0.000000|000|13.137690|-1.000000|-1.000000|0.000000|-1|8
241|68|464|35|-H2-|H_|1|467| |1.000000|15.000000|0.000000|000|12.230233|-1.000000|-1.000000|0.000000|-1|8
241|69|465|28|-O--|O_|8|468| |1.000000|9.790000|0.000000|000|11.610036|-1.000000|-1.000000|0.000000|-1|8
241|69|466|35|-H1-|H_|1|469| |1.000000|15.000000|0.000000|000|10.922270|-1.000000|-1.000000|0.000000|-1|8
241|69|467|35|-H2-|H_|1|470| |1.000000|15.000000|0.000000|000|11.149994|-1.000000|-1.000000|0.000000|-1|8
241|70|468|28|-O--|O_|8|471| |1.000000|7.570000|0.000000|000|9.431191|-1.000000|-1.000000|0.000000|-1|8
241|70|469|35|-H1-|H_|1|472| |1.000000|15.000000|0.000000|000|10.340184|-1.000000|-1.000000|0.000000|-1|8
241|70|470|35|-H2-|H_|1|473| |1.000000|15.000000|0.000000|000|9.505857|-1.000000|-1.000000|0.000000|-1|8
241|71|471|28|-O--|O_|8|474| |1.000000|10.540000|0.000000|000|10.891505|-1.000000|-1.000000|0.000000|-1|8
241|71|472|35|-H1-|H_|1|475| |1.000000|15.000000|0.000000|000|9.923817|-1.000000|-1.000000|0.000000|-1|8
241|71|473|35|-H2-|H_|1|476| |1.000000|15.000000|0.000000|000|11.161297|-1.000000|-1.000000|0.000000|-1|8
241|72|474|28|-O--|O_|8|477| |1.000000|13.800000|0.000000|000|8.436579|-1.000000|-1.000000|0.000000|-1|8
241|72|475|35|-H1-|H_|1|478| |1.000000|15.000000|0.000000|000|9.066731|-1.000000|-1.000000|0.000000|-1|8
241|72|476|35|-H2-|H_|1|479| |1.000000|15.000000|0.000000|000|8.973747|-1.000000|-1.000000|0.000000|-1|8
241|73|477|28|-O--|O_|8|480| |1.000000|3.290000|0.000000|000|16.484144|-1.000000|-1.000000|0.000000|-1|8
241|73|478|35|-H1-|H_|1|481| |1.000000|15.000000|0.000000|000|16.523808|-1.000000|-1.000000|0.000000|-1|8
241|73|479|35|-H2-|H_|1|482| |1.000000|15.000000|0.000000|000|16.780172|-1.000000|-1.000000|0.000000|-1|8
241|74|480|28|-O--|O_|8|483| |1.000000|10.900000|0.000000|000|9.326909|-1.000000|-1.000000|0.000000|-1|8
241|74|481|35|-H1-|H_|1|484| |1.000000|15.000000|0.000000|000|8.762994|-1.000000|-1.000000|0.000000|-1|8
241|74|482|35|-H2-|H_|1|485| |1.000000|15.000000|0.000000|000|8.782252|-1.000000|-1.000000|0.000000|-1|8
241|75|483|28|-O--|O_|8|486| |1.000000|10.640000|0.000000|000|6.389011|-1.000000|-1.000000|0.000000|-1|8
241|75|484|35|-H1-|H_|1|487| |1.000000|15.000000|0.000000|000|5.525433|-1.000000|-1.000000|0.000000|-1|8
241|75|485|35|-H2-|H_|1|488| |1.000000|15.000000|0.000000|000|6.411684|-1.000000|-1.000000|0.000000|-1|8
241|76|486|28|-O--|O_|8|489| |1.000000|9.220000|0.000000|000|6.053672|-1.000000|-1.000000|0.000000|-1|8
241|76|487|35|-H1-|H_|1|490| |1.000000|15.000000|0.000000|000|5.854375|-1.000000|-1.000000|0.000000|-1|8
241|76|488|35|-H2-|H_|1|491| |1.000000|15.000000|0.000000|000|6.973253|-1.000000|-1.000000|0.000000|-1|8
241|77|489|28|-O--|O_|8|492| |1.000000|11.920000|0.000000|000|8.873923|-1.000000|-1.000000|0.000000|-1|8
241|77|490|35|-H1-|H_|1|493| |1.000000|15.000000|0.000000|000|9.726599|-1.000000|-1.000000|0.000000|-1|8
241|77|491|35|-H2-|H_|1|494| |1.000000|15.000000|0.000000|000|9.289266|-1.000000|-1.000000|0.000000|-1|8
241|78|492|28|-O--|O_|8|495| |1.000000|8.340000|0.000000|000|5.457665|-1.000000|-1.000000|0.000000|-1|8
241|78|493|35|-H1-|H_|1|496| |1.000000|15.000000|0.000000|000|4.672135|-1.000000|-1.000000|0.000000|-1|8
241|78|494|35|-H2-|H_|1|497| |1.000000|15.000000|0.000000|000|6.117155|-1.000000|-1.000000|0.000000|-1|8
241|79|495|28|-O--|O_|8|498| |1.000000|7.870000|0.000000|000|4.518456|-1.000000|-1.000000|0.000000|-1|8
241|79|496|35|-H1-|H_|1|499| |1.000000|15.000000|0.000000|000|4.406386|-1.000000|-1.000000|0.000000|-1|8
241|79|497|35|-H2-|H_|1|500| |1.000000|15.000000|0.000000|000|4.412688|-1.000000|-1.000000|0.000000|-1|8
241|80|498|28|-O--|O_|8|501| |1.000000|4.900000|0.000000|000|8.031021|-1.000000|-1.000000|0.000000|-1|8
241|80|499|35|-H1-|H_|1|502| |1.000000|15.000000|0.000000|000|8.360586|-1.000000|-1.000000|0.000000|-1|8
241|80|500|35|-H2-|H_|1|503| |1.000000|15.000000|0.000000|000|7.083890|-1.000000|-1.000000|0.000000|-1|8
241|81|501|28|-O--|O_|8|504| |1.000000|10.090000|0.000000|000|8.352723|-1.000000|-1.000000|0.000000|-1|8
241|81|502|35|-H1-|H_|1|505| |1.000000|15.000000|0.000000|000|8.969881|-1.000000|-1.000000|0.000000|-1|8
241|81|503|35|-H2-|H_|1|506| |1.000000|15.000000|0.000000|000|7.598959|-1.000000|-1.000000|0.000000|-1|8
241|82|504|28|-O--|O_|8|507| |1.000000|4.190000|0.000000|000|8.241936|-1.000000|-1.000000|0.000000|-1|8
241|82|505|35|-H1-|H_|1|508| |1.000000|15.000000|0.000000|000|8.470320|-1.000000|-1.000000|0.000000|-1|8
241|82|506|35|-H2-|H_|1|509| |1.000000|15.000000|0.000000|000|8.377378|-1.000000|-1.000000|0.000000|-1|8
241|83|507|28|-O--|O_|8|510| |1.000000|15.760000|0.000000|000|13.121596|-1.000000|-1.000000|0.000000|-1|8
241|83|508|35|-H1-|H_|1|511| |1.000000|15.000000|0.000000|000|13.328539|-1.000000|-1.000000|0.000000|-1|8
241|83|509|35|-H2-|H_|1|512| |1.000000|15.000000|0.000000|000|12.951985|-1.000000|-1.000000|0.000000|-1|8
