241|0|-1|443|5|13|_DG|_MG|4245|123|305|-N7-|MG--|2537|7|12|3|0011|2.209604|0.713250|-0.670256|0.205014|11.511101|0.378363|0.828517
241|1|-1|457|5|13|_DG|_MG|4245|126|305|-O6-|MG--|2637|8|12|2|0011|3.570359|-0.234990|-0.940522|0.245354|12.301800|0.006258|0.013123
241|2|-1|668|9|14|_DG|_MG|4245|203|306|-OP2|MG--|2637|8|12|1|0011|3.855531|-0.639341|-0.651272|0.408763|9.115106|0.002895|0.006072
241|3|-1|839|31|13|HOH|_MG|4345|351|305|-O--|MG--|2837|8|12|3|0011|1.933360|0.541544|0.648612|0.534820|3.586255|0.522243|1.095180
241|4|-1|840|23|13|HOH|_MG|4345|327|305|-O--|MG--|2837|8|12|3|0011|2.125233|0.492652|0.256913|-0.831438|0.238729|0.310927|0.652036
241|5|-1|841|44|13|HOH|_MG|4345|390|305|-O--|MG--|2837|8|12|3|0011|3.815373|-0.225404|0.971596|0.072077|0.665934|0.003227|0.006768
241|6|-1|842|51|13|HOH|_MG|4345|411|305|-O--|MG--|2837|8|12|3|0011|3.402148|-0.855636|-0.508796|0.094940|10.548119|0.009860|0.020676
241|7|-1|843|30|13|HOH|_MG|4345|348|305|-O--|MG--|2837|8|12|3|0011|2.085054|-0.399510|-0.362101|0.842184|0.030149|0.346592|0.726828
241|8|-1|844|18|13|HOH|_MG|4345|312|305|-O--|MG--|2837|8|12|3|0011|2.057791|-0.461660|-0.666735|-0.585094|2.875182|0.373096|0.782407
241|9|-1|845|15|13|_MG|_MG|4545|307|305|MG--|MG--|3737|12|12|1|0011|3.122620|-0.860175|-0.083584|-0.503103|19.073927|-0.001000|-0.001000
241|10|-1|845|13|15|_MG|_MG|4545|305|307|MG--|MG--|3737|12|12|1|0011|3.122620|0.860175|0.083584|0.503103|19.073927|-0.001000|-0.001000
241|11|-1|846|35|14|HOH|_MG|4345|363|306|-O--|MG--|2837|8|12|3|0011|1.811429|0.086672|-0.025946|0.995899|3.091731|0.726093|1.522667
241|12|-1|847|75|14|HOH|_MG|4345|483|306|-O--|MG--|2837|8|12|3|0011|2.052680|-0.935850|-0.347351|-0.059434|3.267813|0.378285|0.793290
241|13|-1|848|37|14|HOH|_MG|4345|369|306|-O--|MG--|2837|8|12|3|0011|3.956942|-0.802640|0.242106|-0.545118|4.123033|0.002201|0.004616
241|14|-1|849|32|14|HOH|_MG|4345|354|306|-O--|MG--|2837|8|12|3|0011|2.138381|-0.072952|0.094932|-0.992807|2.965540|0.300072|0.629271
241|15|-1|850|25|14|HOH|_MG|4345|333|306|-O--|MG--|2837|8|12|3|0011|2.116165|-0.447035|0.876113|0.180515|4.547605|0.318641|0.668212
241|16|-1|851|23|15|HOH|_MG|4345|327|307|-O--|MG--|2837|8|12|3|0011|3.824259|0.976137|0.211021|-0.051252|17.857233|0.003151|0.006607
241|17|-1|852|51|15|HOH|_MG|4345|411|307|-O--|MG--|2837|8|12|3|0011|2.408061|-0.093436|-0.610450|0.786525|3.212780|0.144772|0.303596
241|18|-1|853|30|15|HOH|_MG|4345|348|307|-O--|MG--|2837|8|12|3|0011|3.840127|0.482536|-0.128642|0.866378|19.239468|0.003018|0.006330
241|19|-1|854|52|15|HOH|_MG|4345|414|307|-O--|MG--|2837|8|12|3|0011|1.703971|-0.339207|-0.767031|-0.544611|3.949415|0.970783|2.035799
241|20|-1|855|18|15|HOH|_MG|4345|312|307|-O--|MG--|2837|8|12|3|0011|2.093491|0.829237|-0.530692|0.175305|34.860825|0.338779|0.710443
241|21|-1|856|20|15|HOH|_MG|4345|318|307|-O--|MG--|2837|8|12|3|0011|3.397784|-0.760201|-0.553302|0.340516|10.006482|0.009976|0.020921
241|22|-1|857|19|16|HOH|_NA|4344|315|308|-O--|NA--|2836|8|11|3|0011|2.308716|-0.304065|-0.349545|-0.886207|10.218451|0.252863|0.397104
241|23|-1|858|36|16|HOH|_NA|4344|366|308|-O--|NA--|2836|8|11|3|0011|2.416303|0.518975|-0.848403|-0.104292|127.500000|0.189061|0.296908
241|24|-1|3056|56|13|HOH|_MG|4345|427|305|-H1-|MG--|3537|1|12|2|1011|4.940216|0.291091|0.753365|0.589667|22.128714|0.000099|0.000224
241|25|-1|3057|65|13|HOH|_MG|4345|453|305|-O--|MG--|2837|8|12|3|1011|4.410951|0.458178|0.841947|-0.284954|22.406055|0.000645|0.001353
241|26|-1|3058|65|13|HOH|_MG|4345|455|305|-H2-|MG--|3537|1|12|2|1011|4.782655|0.620994|0.737621|-0.265107|22.128714|0.000152|0.000342
241|27|-1|3060|28|13|HOH|_MG|4345|342|305|-O--|MG--|2837|8|12|3|1011|2.040789|-0.802603|0.595253|0.038751|3.978878|0.390639|0.819197
241|28|-1|3061|28|13|HOH|_MG|4345|344|305|-H2-|MG--|3537|1|12|2|1011|2.616881|-0.542228|0.840232|-0.000351|22.128714|0.052997|0.119230
241|29|-1|3062|26|13|HOH|_MG|4345|336|305|-O--|MG--|2837|8|12|3|1011|4.084100|-0.018840|0.513402|-0.857941|1.299439|0.001561|0.003274
241|30|-1|3063|26|13|HOH|_MG|4345|337|305|-H1-|MG--|3537|1|12|2|1011|4.935252|0.040536|0.435598|-0.899228|22.128714|0.000101|0.000227
241|31|-1|3064|26|13|HOH|_MG|4345|338|305|-H2-|MG--|3537|1|12|2|1011|4.493736|-0.031142|0.680233|-0.732335|22.128714|0.000332|0.000747
241|32|-1|3065|47|13|HOH|_MG|4345|400|305|-H1-|MG--|3537|1|12|2|1011|3.341294|-0.384565|0.461134|-0.799665|22.128714|0.007481|0.016830
241|33|-1|3066|74|13|HOH|_MG|4345|480|305|-O--|MG--|2837|8|12|3|1011|4.340512|-0.286941|-0.243059|-0.926600|8.705609|0.000781|0.001637
241|34|-1|3067|74|13|HOH|_MG|4345|482|305|-H2-|MG--|3537|1|12|2|1011|4.683599|-0.086359|-0.231019|-0.969109|22.128714|0.000199|0.000447
241|35|-1|3068|0|13|_DC|_MG|4245|13|305|-N4-|MG--|2537|7|12|4|1011|4.410214|0.137301|-0.834427|-0.533742|8.010345|0.000988|0.002164
241|36|-1|3069|0|13|_DC|_MG|4245|16|305|-H41|MG--|3537|1|12|2|1011|3.836841|0.275103|-0.724033|-0.632530|22.128714|0.001960|0.004410
241|37|-1|3070|0|13|_DC|_MG|4245|17|305|-H42|MG--|3537|1|12|2|1011|4.506316|-0.088203|-0.846368|-0.525244|22.128714|0.000321|0.000722
241|38|-1|3071|28|13|HOH|_MG|4345|343|305|-H1-|MG--|3537|1|12|2|1011|2.840461|-0.841745|0.479424|0.248229|22.128714|0.028962|0.065156
241|39|-1|3072|54|13|HOH|_MG|4345|420|305|-O--|MG--|2837|8|12|3|1011|4.595981|-0.963656|0.108527|-0.244108|0.249505|0.000391|0.000821
241|40|-1|3073|47|13|HOH|_MG|4345|399|305|-O--|MG--|2837|8|12|3|1011|3.334277|-0.632204|0.317246|-0.706875|16.333185|0.011845|0.024839
241|41|-1|3074|47|13|HOH|_MG|4345|401|305|-H2-|MG--|3537|1|12|2|1011|4.318972|-0.594805|0.288908|-0.750160|22.128714|0.000533|0.001198
241|42|-1|3075|22|14|HOH|_MG|4345|324|306|-O--|MG--|2837|8|12|3|1011|4.451542|0.568555|0.404803|0.716156|0.632763|0.000578|0.001213
241|43|-1|3076|3|14|_DG|_MG|4245|80|306|-O6-|MG--|2637|8|12|2|1011|4.806922|0.898277|0.359898|0.252136|15.867104|0.000221|0.000464
241|44|-1|3077|22|14|HOH|_MG|4345|326|306|-H2-|MG--|3537|1|12|2|1011|4.551664|0.641511|0.527060|0.557379|12.641276|0.000284|0.000639
241|45|-1|3078|58|14|HOH|_MG|4345|432|306|-O--|MG--|2837|8|12|3|1011|2.000962|0.915532|0.400807|-0.033984|0.091006|0.435034|0.912296
241|46|-1|3079|58|14|HOH|_MG|4345|433|306|-H1-|MG--|3537|1|12|2|1011|2.601339|0.721914|0.691951|0.006535|12.641276|0.055271|0.124344
241|47|-1|3080|58|14|HOH|_MG|4345|434|306|-H2-|MG--|3537|1|12|2|1011|2.870784|0.972189|0.226767|-0.058521|12.641276|0.026683|0.060029
241|48|-1|3081|69|14|HOH|_MG|4345|465|306|-O--|MG--|2837|8|12|3|1011|3.769270|0.454730|0.890566|-0.010590|1.984459|0.003655|0.007666
241|49|-1|3082|69|14|HOH|_MG|4345|467|306|-H2-|MG--|3537|1|12|2|1011|4.721472|0.477182|0.878706|0.013149|12.641276|0.000179|0.000404
241|50|-1|3083|44|14|HOH|_MG|4345|391|306|-H1-|MG--|3537|1|12|2|1011|4.627365|0.512170|-0.493107|0.703226|12.641276|0.000231|0.000521
241|51|-1|3084|7|14|_DG|_MG|4245|168|306|-N7-|MG--|2537|7|12|3|1011|4.232448|0.725335|-0.591147|-0.352751|18.904736|0.001598|0.003499
241|52|-1|3085|7|14|_DG|_MG|4245|171|306|-O6-|MG--|2637|8|12|2|1011|4.496653|0.924009|0.083395|-0.373167|24.989803|0.000512|0.001073
241|53|-1|3086|8|14|_DC|_MG|4245|199|306|-H41|MG--|3537|1|12|2|1011|4.589351|0.877454|-0.354081|0.323575|12.641276|0.000256|0.000577
241|54|-1|3087|8|14|_DC|_MG|4245|200|306|-H42|MG--|3537|1|12|2|1011|4.807383|0.951858|0.009153|0.306404|12.641276|0.000142|0.000320
241|55|-1|3088|44|14|HOH|_MG|4345|390|306|-O--|MG--|2837|8|12|3|1011|4.408675|0.590880|-0.601946|0.537142|3.995458|0.000649|0.001362
241|56|-1|3089|44|14|HOH|_MG|4345|392|306|-H2-|MG--|3537|1|12|2|1011|3.451603|0.622320|-0.583725|0.521521|12.641276|0.005552|0.012491
241|57|-1|3090|55|14|HOH|_MG|4345|424|306|-H1-|MG--|3537|1|12|2|1011|4.595859|0.693221|0.067017|-0.717603|12.641276|0.000252|0.000567
241|58|-1|3091|55|14|HOH|_MG|4345|423|306|-O--|MG--|2837|8|12|3|1011|4.231244|0.534818|0.077991|-0.841360|4.017726|0.001049|0.002199
241|59|-1|3092|55|14|HOH|_MG|4345|425|306|-H2-|MG--|3537|1|12|2|1011|4.700098|0.467000|-0.098934|-0.878705|12.641276|0.000190|0.000428
241|60|-1|3093|69|14|HOH|_MG|4345|466|306|-H1-|MG--|3537|1|12|2|1011|3.871541|0.351023|0.903719|-0.245100|12.641276|0.001785|0.004015
241|61|-1|3094|27|14|HOH|_MG|4345|339|306|-O--|MG--|2837|8|12|3|1011|4.233759|-0.105344|-0.978276|-0.178545|0.862663|0.001042|0.002184
241|62|-1|3095|27|14|HOH|_MG|4345|340|306|-H1-|MG--|3537|1|12|2|1011|4.907722|-0.256535|-0.951518|-0.169715|12.641276|0.000108|0.000244
241|63|-1|3096|27|14|HOH|_MG|4345|341|306|-H2-|MG--|3537|1|12|2|1011|4.438262|-0.048668|-0.921709|-0.384817|12.641276|0.000386|0.000868
241|64|-1|3097|31|14|HOH|_MG|4345|352|306|-H1-|MG--|3537|1|12|2|1011|4.821671|0.044798|-0.903999|0.425181|12.641276|0.000137|0.000308
241|65|-1|3098|31|14|HOH|_MG|4345|353|306|-H2-|MG--|3537|1|12|2|1011|4.978157|0.072718|-0.987672|0.138622|12.641276|0.000090|0.000202
241|66|-1|3099|56|14|HOH|_MG|4345|426|306|-O--|MG--|2837|8|12|3|1011|1.950295|0.397348|-0.906530|-0.142542|3.348832|0.498879|1.046184
241|67|-1|3100|56|14|HOH|_MG|4345|427|306|-H1-|MG--|3537|1|12|2|1011|2.670475|0.114940|-0.988214|-0.101106|12.641276|0.045851|0.103152
241|68|-1|3101|56|14|HOH|_MG|4345|428|306|-H2-|MG--|3537|1|12|2|1011|2.533328|0.505637|-0.742501|-0.439343|12.641276|0.066424|0.149436
241|69|-1|3102|28|15|HOH|_MG|4345|342|307|-O--|MG--|2837|8|12|3|1011|2.449313|0.427898|0.602531|0.673692|8.713635|0.129498|0.271566
241|70|-1|3103|28|15|HOH|_MG|4345|344|307|-H2-|MG--|3537|1|12|2|1011|3.181373|0.398273|0.773184|0.493523|0.845071|0.011526|0.025930
241|71|-1|3104|26|15|HOH|_MG|4345|336|307|-O--|MG--|2837|8|12|3|1011|4.012792|0.650185|0.587568|-0.481689|26.208818|0.001893|0.003969
241|72|-1|3105|26|15|HOH|_MG|4345|337|307|-H1-|MG--|3537|1|12|2|1011|4.728681|0.610330|0.509822|-0.606283|0.845071|0.000176|0.000396
241|73|-1|3106|26|15|HOH|_MG|4345|338|307|-H2-|MG--|3537|1|12|2|1011|4.521971|0.563041|0.733703|-0.380347|0.845071|0.000308|0.000692
241|74|-1|3107|47|15|HOH|_MG|4345|400|307|-H1-|MG--|3537|1|12|2|1011|2.534050|0.552892|0.711030|-0.434450|0.845071|0.066294|0.149145
241|75|-1|3108|74|15|HOH|_MG|4345|480|307|-O--|MG--|2837|8|12|3|1011|2.951704|0.488033|-0.268997|-0.830340|4.299083|0.033310|0.069853
241|76|-1|3109|74|15|HOH|_MG|4345|481|307|-H1-|MG--|3537|1|12|2|1011|3.396784|0.236850|-0.258774|-0.936450|0.845071|0.006439|0.014486
241|77|-1|3110|74|15|HOH|_MG|4345|482|307|-H2-|MG--|3537|1|12|2|1011|3.832486|0.595313|-0.214221|-0.774411|0.845071|0.001983|0.004462
241|78|-1|3111|0|15|_DC|_MG|4245|13|307|-N4-|MG--|2537|7|12|4|1011|4.810060|0.684301|-0.710802|-0.162767|63.056705|0.000335|0.000734
241|79|-1|3112|0|15|_DC|_MG|4245|16|307|-H41|MG--|3537|1|12|2|1011|4.589870|0.815171|-0.548382|-0.186480|0.845071|0.000256|0.000576
241|80|-1|3113|0|15|_DC|_MG|4245|17|307|-H42|MG--|3537|1|12|2|1011|4.300541|0.532149|-0.826175|-0.185074|0.845071|0.000560|0.001259
241|81|-1|3115|2|15|_DC|_MG|4245|59|307|-N4-|MG--|2537|7|12|4|1011|4.570309|-0.231701|0.943653|-0.236290|42.921814|0.000641|0.001404
241|82|-1|3116|2|15|_DC|_MG|4245|62|307|-H41|MG--|3537|1|12|2|1011|4.240623|-0.016494|0.970798|-0.239333|0.845071|0.000658|0.001481
241|83|-1|3118|28|15|HOH|_MG|4345|343|307|-H1-|MG--|3537|1|12|2|1011|2.810880|0.104969|0.577323|0.809740|0.845071|0.031372|0.070579
241|84|-1|3119|54|15|HOH|_MG|4345|420|307|-O--|MG--|2837|8|12|3|1011|1.953665|-0.892141|0.388903|0.229866|17.806347|0.494355|1.036697
241|85|-1|3120|54|15|HOH|_MG|4345|421|307|-H1-|MG--|3537|1|12|2|1011|2.788635|-0.843403|0.532801|0.069239|0.845071|0.033316|0.074952
241|86|-1|3121|54|15|HOH|_MG|4345|422|307|-H2-|MG--|3537|1|12|2|1011|2.577130|-0.951036|0.056570|0.303858|0.845071|0.059008|0.132752
241|87|-1|3122|2|15|_DC|_MG|4245|63|307|-H42|MG--|3537|1|12|2|1011|4.198074|-0.410890|0.855579|-0.314887|0.845071|0.000738|0.001661
241|88|-1|3123|9|15|_DG|_MG|4245|214|307|-N7-|MG--|2537|7|12|3|1011|4.981501|-0.958134|-0.006667|-0.286243|43.909508|0.000211|0.000462
241|89|-1|3125|9|15|_DG|_MG|4245|217|307|-O6-|MG--|2637|8|12|2|1011|3.945112|-0.714288|0.597140|-0.364988|53.921619|0.002273|0.004766
241|90|-1|3126|24|15|HOH|_MG|4345|330|307|-O--|MG--|2837|8|12|3|1011|3.439239|-0.125012|0.426485|-0.895814|0.949511|0.008919|0.018704
241|91|-1|3127|24|15|HOH|_MG|4345|331|307|-H1-|MG--|3537|1|12|2|1011|4.216626|0.013057|0.368253|-0.929634|0.845071|0.000702|0.001580
241|92|-1|3128|24|15|HOH|_MG|4345|332|307|-H2-|MG--|3537|1|12|2|1011|4.011055|-0.330822|0.414301|-0.847886|0.845071|0.001224|0.002754
241|93|-1|3129|47|15|HOH|_MG|4345|399|307|-O--|MG--|2837|8|12|3|1011|1.640430|0.352380|0.803927|-0.479093|0.814147|1.152669|2.417226
241|94|-1|3130|47|15|HOH|_MG|4345|401|307|-H2-|MG--|3537|1|12|2|1011|2.252872|0.051958|0.669717|-0.740796|0.845071|0.141748|0.318894
241|95|-1|3131|71|15|HOH|_MG|4345|471|307|-O--|MG--|2837|8|12|3|1011|3.913007|-0.742005|-0.463327|-0.484517|4.930930|0.002479|0.005198
241|96|-1|3132|71|15|HOH|_MG|4345|472|307|-H1-|MG--|3537|1|12|2|1011|4.227660|-0.583176|-0.499331|-0.640761|0.845071|0.000682|0.001534
241|97|-1|3133|71|15|HOH|_MG|4345|473|307|-H2-|MG--|3537|1|12|2|1011|4.765437|-0.802334|-0.378349|-0.461640|0.845071|0.000159|0.000358
241|98|-1|3134|11|15|_DG|_MG|4245|260|307|-N7-|MG--|2537|7|12|3|1011|4.992122|-0.505691|-0.857952|-0.090527|53.921619|0.000205|0.000449
241|99|-1|3136|11|15|_DG|_MG|4245|263|307|-O6-|MG--|2637|8|12|2|1011|3.947050|0.148092|-0.977692|-0.148952|86.619995|0.002261|0.004741
241|100|-1|3137|57|15|HOH|_MG|4345|429|307|-O--|MG--|2837|8|12|3|1011|4.115781|-0.133504|-0.675692|-0.724995|5.282125|0.001433|0.003005
241|101|-1|3138|57|15|HOH|_MG|4345|430|307|-H1-|MG--|3537|1|12|2|1011|4.490580|-0.143962|-0.811699|-0.566056|0.845071|0.000335|0.000754
241|102|-1|3139|61|16|HOH|_NA|4344|443|308|-H2-|NA--|3536|1|11|2|1011|4.878214|0.841087|0.536013|-0.072551|97.500000|0.000176|0.000264
241|103|-1|3140|7|16|_DG|_NA|4244|157|308|-OP2|NA--|2636|8|11|1|1011|4.450803|0.822324|0.070501|0.564636|10.080000|0.000774|0.001215
241|104|-1|3141|61|16|HOH|_NA|4344|441|308|-O--|NA--|2836|8|11|3|1011|4.248785|0.742565|0.663904|-0.088477|10.924201|0.001336|0.002098
241|105|-1|3142|61|16|HOH|_NA|4344|442|308|-H1-|NA--|3536|1|11|2|1011|3.428059|0.814163|0.559438|-0.155457|97.500000|0.008875|0.013312
241|106|-1|3143|70|16|HOH|_NA|4344|468|308|-O--|NA--|2836|8|11|3|1011|4.286248|0.714611|-0.522185|0.465461|21.082451|0.001207|0.001896
241|107|-1|3144|70|16|HOH|_NA|4344|470|308|-H2-|NA--|3536|1|11|2|1011|4.151015|0.703683|-0.353218|0.616496|97.500000|0.001258|0.001887
241|108|-1|3145|72|16|HOH|_NA|4344|474|308|-O--|NA--|2836|8|11|3|1011|2.699575|0.162618|0.573715|0.802749|81.420006|0.087924|0.138079
241|109|-1|3146|72|16|HOH|_NA|4344|475|308|-H1-|NA--|3536|1|11|2|1011|3.019236|0.261324|0.292718|0.919796|97.500000|0.026795|0.040189
241|110|-1|3147|72|16|HOH|_NA|4344|476|308|-H2-|NA--|3536|1|11|2|1011|2.910982|-0.171763|0.530676|0.829988|97.500000|0.035901|0.053849
241|111|-1|3148|76|16|HOH|_NA|4344|486|308|-O--|NA--|2836|8|11|3|1011|2.449081|-0.266631|0.891676|-0.365818|33.284203|0.173033|0.271737
241|112|-1|3149|76|16|HOH|_NA|4344|487|308|-H1-|NA--|3536|1|11|2|1011|2.227407|-0.368590|0.644600|-0.669800|97.500000|0.227756|0.341614
241|113|-1|3150|76|16|HOH|_NA|4344|488|308|-H2-|NA--|3536|1|11|2|1011|2.624308|-0.549097|0.826422|-0.124573|97.500000|0.077911|0.116860
241|114|-1|3151|78|16|HOH|_NA|4344|492|308|-O--|NA--|2836|8|11|3|1011|2.342205|0.868839|0.189901|-0.457226|26.437801|0.230981|0.362741
241|115|-1|3152|78|16|HOH|_NA|4344|493|308|-H1-|NA--|3536|1|11|2|1011|2.966992|0.716214|0.129015|-0.685852|97.500000|0.030858|0.046284
241|116|-1|3153|78|16|HOH|_NA|4344|494|308|-H2-|NA--|3536|1|11|2|1011|2.484828|0.922800|-0.189234|-0.335604|97.500000|0.113584|0.170366
241|117|-1|3154|82|16|HOH|_NA|4344|505|308|-H1-|NA--|3536|1|11|2|1011|4.609638|0.806137|-0.587511|0.070522|97.500000|0.000364|0.000546
241|118|-1|3155|8|16|_DC|_NA|4244|182|308|-OP2|NA--|2636|8|11|1|1011|4.140725|0.761219|-0.326565|-0.560268|3.091200|0.001789|0.002809
241|119|-1|3157|9|16|_DG|_NA|4244|202|308|-OP1|NA--|2636|8|11|1|1011|3.820832|-0.300458|0.392791|-0.869161|4.336051|0.004246|0.006669
241|120|-1|3158|82|16|HOH|_NA|4344|504|308|-O--|NA--|2836|8|11|3|1011|4.954777|0.757855|-0.643665|-0.106547|4.588050|0.000198|0.000311
241|121|-1|3159|77|16|HOH|_NA|4344|489|308|-O--|NA--|2836|8|11|3|1011|2.292931|-0.911497|-0.002274|0.411300|59.123199|0.263884|0.414412
241|122|-1|3160|77|16|HOH|_NA|4344|490|308|-H1-|NA--|3536|1|11|2|1011|2.829987|-0.767495|-0.226579|0.599678|97.500000|0.044687|0.067027
241|123|-1|3161|77|16|HOH|_NA|4344|491|308|-H2-|NA--|3536|1|11|2|1011|3.158347|-0.955246|0.088903|0.282135|97.500000|0.018398|0.027595
