241|0|0|50|_DC|HOH|4243|0|408|-O5'|-O--|2628|0011|555|0|2.803229|1.643000|2.218000|0.489000|1.580800
241|1|0|1|_DC|_DG|4242|5|18|-O3'|-P--|2627|0001|555|0|1.664498|0.977000|-1.339000|-0.152000|0.082222
241|2|0|10|_DC|_DC|4242|11|240|-N3-|-N3-|2525|0011|555|0|3.488246|0.417000|-0.040000|3.463000|1.964200
241|3|0|11|_DC|_DG|4242|13|263|-N4-|-O6-|2526|0011|555|0|2.749450|-2.707000|-0.440000|-0.195000|0.796050
241|4|0|74|_DC|HOH|4243|13|480|-N4-|-O--|2528|0011|555|0|3.619261|-1.851000|2.625000|1.668000|34.621071
241|5|0|48|_DC|HOH|4243|14|402|-C5-|-O--|2428|0011|555|0|3.157057|2.225000|1.631000|1.535000|13.503688
241|6|1|38|_DG|HOH|4243|20|372|-OP2|-O--|2628|0011|555|0|2.532537|1.106000|-2.192000|0.621000|49.718983
241|7|2|1|_DC|_DG|4242|43|26|-P--|-O3'|2726|0001|555|0|1.695040|1.240000|0.999000|-0.581000|4.959527
241|8|1|49|_DG|HOH|4243|31|405|-N7-|-O--|2528|0011|555|0|2.751764|0.463000|2.266000|-1.491000|4.787944
241|9|1|26|_DG|HOH|4243|31|336|-N7-|-O--|2528|0011|555|0|3.366215|1.349000|1.959000|2.382000|3.685993
241|10|1|24|_DG|HOH|4243|34|330|-O6-|-O--|2628|0011|555|0|2.671430|1.288000|1.765000|1.537000|51.820923
241|11|10|1|_DC|_DG|4242|242|34|-N4-|-O6-|2526|0011|555|0|2.720322|2.519000|-1.026000|0.046000|0.030335
241|12|1|9|_DG|_DG|4242|34|217|-O6-|-O6-|2626|0011|555|0|3.475207|-1.100000|0.876000|3.178000|0.261176
241|13|1|48|_DG|HOH|4243|34|402|-O6-|-O--|2628|0011|555|0|2.822225|0.565000|1.926000|-1.984000|12.204706
241|14|1|63|_DG|HOH|4243|37|447|-N2-|-O--|2528|0011|555|0|3.620030|-3.192000|-1.043000|1.352000|38.730415
241|15|2|3|_DC|_DG|4242|51|64|-O3'|-P--|2627|0001|555|0|1.681883|-0.681000|-1.537000|0.051000|2.657561
241|16|2|63|_DC|HOH|4243|56|447|-O2-|-O--|2628|0011|555|0|3.028260|-1.716000|-1.402000|-2.064000|24.087955
241|17|2|46|_DC|HOH|4243|56|396|-O2-|-O--|2628|0011|555|0|2.642168|-2.150000|-1.253000|0.888000|66.648216
241|18|2|8|_DC|_DC|4242|58|195|-C4-|-C4-|2424|0011|555|0|3.363199|-0.125999|0.336000|3.344000|1.694238
241|19|2|9|_DC|_DG|4242|59|217|-N4-|-O6-|2526|0011|555|0|2.655848|-1.759000|1.957000|-0.360000|0.679763
241|20|2|54|_DC|HOH|4243|59|420|-N4-|-O--|2528|0011|555|0|3.928041|-0.684000|3.553000|1.529000|4.943627
241|21|2|24|_DC|HOH|4243|59|330|-N4-|-O--|2528|0011|555|0|3.535444|0.629001|2.846000|-2.001000|36.875866
241|22|2|47|_DC|HOH|4243|59|399|-N4-|-O--|2528|0011|555|0|3.424944|1.637000|2.994000|0.294000|37.664875
241|23|2|22|_DC|HOH|4243|60|324|-C5-|-O--|2428|0011|555|0|3.426306|2.491000|-1.667000|1.660000|10.613374
241|24|3|42|_DG|HOH|4243|66|384|-OP2|-O--|2628|0011|555|0|3.757885|-1.704000|-1.841000|2.798000|8.779222
241|25|3|45|_DG|HOH|4243|83|393|-N2-|-O--|2528|0011|555|0|2.965567|-2.433000|-1.456000|-0.869000|35.673267
241|26|4|3|_DC|_DG|4242|89|72|-P--|-O3'|2726|0001|555|0|1.642712|0.599000|0.105000|-1.526000|0.396935
241|27|3|41|_DG|HOH|4243|72|381|-O3'|-O--|2628|0011|555|0|3.961588|-1.777000|-2.171000|-2.797000|17.660133
241|28|3|34|_DG|HOH|4243|72|360|-O3'|-O--|2628|0011|555|0|3.304796|-1.183000|-3.068000|-0.331000|17.461214
241|29|3|22|_DG|HOH|4243|80|324|-O6-|-O--|2628|0011|555|0|2.665170|1.787001|-0.072000|-1.976000|18.883368
241|30|8|3|_DC|_DG|4242|196|80|-N4-|-O6-|2526|0011|555|0|2.735135|0.452000|-2.678000|0.324000|0.454177
241|31|3|7|_DG|_DG|4242|80|171|-O6-|-O6-|2626|0011|555|0|3.196044|0.163000|1.355000|2.890000|1.048800
241|32|3|58|_DG|HOH|4243|80|432|-O6-|-O--|2628|0011|555|0|2.946146|2.486000|0.928000|1.280000|15.429168
241|33|4|34|_DC|HOH|4243|91|360|-OP2|-O--|2628|0011|555|0|2.613505|0.401000|-1.777000|-1.874000|11.759999
241|34|4|27|_DC|HOH|4243|91|339|-OP2|-O--|2628|0011|555|0|2.473006|-0.329000|-1.645000|1.817000|6.970582
241|35|4|30|_DC|HOH|4243|90|348|-OP1|-O--|2628|0011|555|0|2.548659|0.539000|0.071001|2.490000|3.438985
241|36|4|31|_DC|HOH|4243|90|351|-OP1|-O--|2628|0011|555|0|3.983851|-1.341000|-1.938000|3.212000|10.625652
241|37|4|19|_DC|HOH|4243|93|315|-C5'|-O--|2428|0011|555|0|3.305642|-2.812000|-1.703001|0.346000|10.218451
241|38|4|5|_DC|_DG|4242|97|110|-O3'|-P--|2627|0001|555|0|1.703680|-1.602000|-0.540000|-0.210999|0.733829
241|39|4|45|_DC|HOH|4243|98|393|-C2'|-O--|2428|0011|555|0|3.150745|-0.182000|-0.148000|-3.142000|29.970362
241|40|4|37|_DC|HOH|4243|97|369|-O3'|-O--|2628|0011|555|0|3.056854|-1.242000|2.786000|0.200000|35.066540
241|41|4|29|_DC|HOH|4243|102|345|-O2-|-O--|2628|0011|555|0|2.838395|-2.447000|0.654000|-1.281000|34.612202
241|42|4|6|_DC|_DC|4242|104|148|-C4-|-C4-|2424|0011|555|0|3.448501|0.251000|0.335000|3.423000|0.253937
241|43|4|7|_DC|_DG|4242|105|171|-N4-|-O6-|2526|0011|555|0|2.664841|0.992000|2.448000|-0.353000|0.551250
241|44|5|21|_DG|HOH|4243|112|321|-OP2|-O--|2628|0011|555|0|2.777506|-2.669000|-0.594000|0.488000|0.746667
241|45|5|36|_DG|HOH|4243|111|366|-OP1|-O--|2628|0011|555|0|2.772767|-1.421000|-2.130000|1.064000|59.861702
241|46|5|37|_DG|HOH|4243|112|369|-OP2|-O--|2628|0011|555|0|2.375644|1.185000|2.042000|0.264000|16.600557
241|47|5|25|_DG|HOH|4243|112|333|-OP2|-O--|2628|0011|555|0|2.753355|-1.045000|1.146000|-2.275000|17.568060
241|48|5|32|_DG|HOH|4243|112|354|-OP2|-O--|2628|0011|555|0|3.353108|-1.835000|2.797000|0.230000|13.925557
241|49|5|19|_DG|HOH|4243|116|315|-O4'|-O--|2628|0011|555|0|2.739735|0.231000|-1.871000|-1.988000|6.800158
241|50|5|33|_DG|HOH|4243|129|357|-N2-|-O--|2528|0011|555|0|3.307020|-2.967000|1.182000|-0.858001|35.032452
241|51|5|40|_DG|HOH|4243|122|378|-C8-|-O--|2428|0011|555|0|3.375672|0.248000|0.131000|3.364000|5.436597
241|52|5|31|_DG|HOH|4243|123|351|-N7-|-O--|2528|0011|555|0|2.845633|0.529000|-2.735000|-0.581000|26.715313
241|53|5|23|_DG|HOH|4243|123|327|-N7-|-O--|2528|0011|555|0|3.052372|0.529000|-2.027000|2.220000|12.640192
241|54|5|30|_DG|HOH|4243|126|348|-O6-|-O--|2628|0011|555|0|2.747734|-0.006000|-2.603000|-0.880000|12.150451
241|55|5|13|_DG|_MG|4245|123|305|-N7-|MG--|2537|0011|555|0|2.209604|1.576000|-1.481000|0.453000|11.511101
241|56|5|18|_DG|HOH|4243|126|312|-O6-|-O--|2628|0011|555|0|2.878006|0.111000|-1.986000|2.080001|4.336051
241|57|5|51|_DG|HOH|4243|126|411|-O6-|-O--|2628|0011|555|0|2.691862|2.072000|-1.627000|0.553000|55.468201
241|58|6|5|_DC|_DG|4242|146|129|-O2-|-N2-|2625|0011|555|0|2.926042|-2.329000|-1.726000|0.398001|0.000000
241|59|6|59|_DC|HOH|4243|136|435|-O5'|-O--|2628|0011|555|0|3.060554|-0.662999|1.351000|2.664999|17.888700
241|60|6|68|_DC|HOH|4243|136|462|-O5'|-O--|2628|0011|555|0|2.583826|2.282001|-0.930000|-0.777000|7.574626
241|61|6|7|_DC|_DG|4242|141|155|-O3'|-P--|2627|0001|555|0|1.678925|-0.214000|1.664000|-0.064000|0.165589
241|62|6|67|_DC|HOH|4243|140|459|-C3'|-O--|2428|0011|555|0|3.910891|1.366000|3.015000|2.082999|3.711400
241|63|6|61|_DC|HOH|4243|141|441|-O3'|-O--|2628|0011|555|0|3.896956|-2.229000|-0.713000|-3.116000|1.268186
241|64|6|17|_DC|HOH|4243|149|309|-N4-|-O--|2528|0011|555|0|2.982148|2.869000|-0.645000|-0.496000|1.286050
241|65|6|51|_DC|HOH|4243|149|411|-N4-|-O--|2528|0011|555|0|3.475007|-0.288000|-3.347000|0.889000|55.468201
241|66|6|20|_DC|HOH|4243|149|318|-N4-|-O--|2528|0011|555|0|3.943950|2.070000|-2.937000|1.625999|26.364449
241|67|6|55|_DC|HOH|4243|151|423|-C6-|-O--|2428|0011|555|0|3.633754|3.146000|0.141000|-1.813000|6.336706
241|68|7|70|_DG|HOH|4243|157|468|-OP2|-O--|2628|0011|555|0|2.671598|-0.597000|2.552000|-0.518000|2.663018
241|69|7|64|_DG|HOH|4243|156|450|-OP1|-O--|2628|0011|555|0|2.810513|-1.065000|2.066000|1.580000|15.278532
241|70|7|67|_DG|HOH|4243|156|459|-OP1|-O--|2628|0011|555|0|2.525056|2.155000|0.284000|1.285000|0.750304
241|71|7|61|_DG|HOH|4243|174|441|-N2-|-O--|2528|0011|555|0|2.858192|-1.836000|1.980000|0.936999|10.281733
241|72|7|72|_DG|HOH|4243|157|474|-OP2|-O--|2628|0011|555|0|3.466956|-3.221000|-1.235000|-0.346000|20.207144
241|73|7|78|_DG|HOH|4243|159|492|-C5'|-O--|2428|0011|555|0|3.530930|-3.343000|-0.301000|-1.096000|10.560979
241|74|8|7|_DC|_DG|4242|180|163|-P--|-O3'|2726|0001|555|0|1.661761|1.571000|-0.141000|0.523000|0.873115
241|75|7|82|_DG|HOH|4243|163|504|-O3'|-O--|2628|0011|555|0|3.737916|-1.861000|2.018000|2.537001|1.146201
241|76|7|53|_DG|HOH|4243|163|417|-O3'|-O--|2628|0011|555|0|3.248544|0.726000|2.714000|1.631001|0.201645
241|77|7|54|_DG|HOH|4243|164|420|-C2'|-O--|2428|0011|555|0|3.790547|-0.039001|0.101000|-3.789000|6.462059
241|78|7|28|_DG|HOH|4243|164|342|-C2'|-O--|2428|0011|555|0|3.827463|2.752000|-0.615000|-2.588000|16.100323
241|79|7|56|_DG|HOH|4243|168|426|-N7-|-O--|2528|0011|555|0|2.698519|2.295000|-0.734000|-1.215000|35.953300
241|80|7|58|_DG|HOH|4243|171|432|-O6-|-O--|2628|0011|555|0|2.858454|2.323000|-0.427000|-1.610001|24.351252
241|81|7|55|_DG|HOH|4243|171|423|-O6-|-O--|2628|0011|555|0|2.669010|1.892000|0.045000|1.882000|9.401249
241|82|7|29|_DG|HOH|4243|174|345|-N2-|-O--|2528|0011|555|0|3.960975|-3.387000|-1.844000|-0.904000|32.920197
241|83|8|78|_DC|HOH|4243|182|492|-OP2|-O--|2628|0011|555|0|2.457010|-1.117000|-1.797000|1.249000|10.560979
241|84|8|82|_DC|HOH|4243|182|504|-OP2|-O--|2628|0011|555|0|2.636179|0.603000|1.837000|1.792000|0.580679
241|85|8|9|_DC|_DG|4242|188|201|-O3'|-P--|2627|0001|555|0|1.667670|-1.565000|0.576000|-0.011000|1.319228
241|86|8|79|_DC|HOH|4243|188|495|-O3'|-O--|2628|0011|555|0|3.283020|-1.448000|-2.739000|-1.086000|18.712360
241|87|8|76|_DC|HOH|4243|188|486|-O3'|-O--|2628|0011|555|0|3.895231|-1.268000|0.840000|3.586000|27.264296
241|88|8|61|_DC|HOH|4243|189|441|-C2'|-O--|2428|0011|555|0|3.420606|0.272000|0.258000|3.400000|10.924201
241|89|8|46|_DC|HOH|4243|193|396|-O2-|-O--|2628|0011|555|0|3.713838|-1.892000|-1.854000|-2.603000|83.039299
241|90|8|29|_DC|HOH|4243|193|345|-O2-|-O--|2628|0011|555|0|3.668336|-2.573000|-0.502000|2.566000|24.855177
241|91|8|22|_DC|HOH|4243|196|324|-N4-|-O--|2528|0011|555|0|3.912126|2.239000|-2.750000|-1.652000|23.427340
241|92|8|58|_DC|HOH|4243|196|432|-N4-|-O--|2528|0011|555|0|3.777189|2.938000|-1.750000|1.604000|19.292830
241|93|8|54|_DC|HOH|4243|198|420|-C6-|-O--|2428|0011|555|0|3.478805|1.464000|2.710000|-1.617000|13.545001
241|94|8|28|_DC|HOH|4243|197|342|-C5-|-O--|2428|0011|555|0|3.831899|2.952000|2.390000|-0.507000|25.926458
241|95|9|79|_DG|HOH|4243|203|495|-OP2|-O--|2628|0011|555|0|2.549889|1.082000|-2.142000|-0.862000|8.259401
241|96|9|75|_DG|HOH|4243|203|483|-OP2|-O--|2628|0011|555|0|2.532182|-0.544000|-1.798000|1.698000|18.841669
241|97|9|76|_DG|HOH|4243|202|486|-OP1|-O--|2628|0011|555|0|2.567516|0.495000|-0.683000|2.425000|11.463309
241|98|9|35|_DG|HOH|4243|203|363|-OP2|-O--|2628|0011|555|0|3.605297|-2.622000|-2.464000|-0.228000|18.345234
241|99|9|14|_DG|_MG|4245|203|306|-OP2|MG--|2637|0011|555|0|3.855531|-2.465000|-2.511000|1.576000|9.115106
241|100|9|65|_DG|HOH|4243|203|453|-OP2|-O--|2628|0011|555|0|3.195496|-2.189000|0.136000|-2.324000|44.071899
241|101|10|9|_DC|_DG|4242|226|209|-P--|-O3'|2726|0001|555|0|1.654802|0.637000|1.520000|0.149000|0.801257
241|102|9|60|_DG|HOH|4243|220|438|-N2-|-O--|2528|0011|555|0|3.003938|-2.877000|-0.488000|0.713000|3.893700
241|103|9|57|_DG|HOH|4243|210|429|-C2'|-O--|2428|0011|555|0|3.218523|-0.319000|-0.573000|-3.151000|19.910595
241|104|9|80|_DG|HOH|4243|213|498|-C8-|-O--|2428|0011|555|0|3.848153|0.876000|-0.030000|-3.747000|2.079651
241|105|9|54|_DG|HOH|4243|217|420|-O6-|-O--|2628|0011|555|0|2.696509|1.075000|1.596000|1.889000|7.108784
241|106|9|24|_DG|HOH|4243|217|330|-O6-|-O--|2628|0011|555|0|3.030800|2.388000|0.889000|-1.641000|46.540035
241|107|9|47|_DG|HOH|4243|217|399|-O6-|-O--|2628|0011|555|0|3.610526|3.396000|1.037000|0.654000|47.504089
241|108|9|63|_DG|HOH|4243|220|447|-N2-|-O--|2528|0011|555|0|3.685905|0.171000|-3.431000|-1.336000|22.090458
241|109|9|46|_DG|HOH|4243|220|396|-N2-|-O--|2528|0011|555|0|3.667717|-0.263000|-3.282000|1.616000|61.848927
241|110|10|81|_DC|HOH|4243|228|501|-OP2|-O--|2628|0011|555|0|2.591043|-1.557000|-2.070000|-0.066000|15.362025
241|111|10|65|_DC|HOH|4243|228|453|-OP2|-O--|2628|0011|555|0|2.535544|-1.406000|0.470000|2.057000|41.706223
241|112|10|60|_DC|HOH|4243|228|438|-OP2|-O--|2628|0011|555|0|2.794006|2.369000|-1.248000|0.798000|2.168400
241|113|10|57|_DC|HOH|4243|244|429|-C6-|-O--|2428|0011|555|0|3.020499|-1.835000|2.164000|-1.036000|30.693108
241|114|10|11|_DC|_DG|4242|234|247|-O3'|-P--|2627|0001|555|0|1.641022|-1.367000|-0.861000|0.288000|0.459375
241|115|10|63|_DC|HOH|4243|239|447|-O2-|-O--|2628|0011|555|0|2.802419|-0.617000|-2.079000|1.775000|24.540297
241|116|10|80|_DC|HOH|4243|242|498|-N4-|-O--|2528|0011|555|0|2.941204|-0.896000|2.739000|-0.588000|4.025651
241|117|10|48|_DC|HOH|4243|242|402|-N4-|-O--|2528|0011|555|0|3.751919|3.084000|0.900000|-1.938000|12.422008
241|118|10|74|_DC|HOH|4243|243|480|-C5-|-O--|2428|0011|555|0|3.752850|-0.795000|3.209000|-1.776000|24.886143
241|119|11|83|_DG|HOH|4243|249|507|-OP2|-O--|2628|0011|555|0|3.137451|-2.536000|-1.774000|0.515000|30.927519
241|120|11|81|_DG|HOH|4243|248|501|-OP1|-O--|2628|0011|555|0|2.765361|-1.012000|2.143000|1.425000|8.488121
241|121|11|62|_DG|HOH|4243|255|444|-O3'|-O--|2628|0011|555|0|3.136451|-1.374000|2.365000|-1.535000|1.645257
241|122|11|73|_DG|HOH|4243|256|477|-C2'|-O--|2428|0011|555|0|3.923411|-1.353000|2.428000|-2.769000|0.235766
241|123|11|71|_DG|HOH|4243|260|471|-N7-|-O--|2528|0011|555|0|2.886118|-0.379000|2.470000|1.444000|26.990946
241|124|11|57|_DG|HOH|4243|263|429|-O6-|-O--|2628|0011|555|0|2.861618|-1.134000|1.078000|2.396000|43.211254
241|125|11|74|_DG|HOH|4243|263|480|-O6-|-O--|2628|0011|555|0|3.687510|0.856000|3.065000|1.863000|48.504997
241|126|31|13|HOH|_MG|4345|351|305|-O--|MG--|2837|0011|555|0|1.933360|1.047000|1.254000|1.034000|3.586255
241|127|23|13|HOH|_MG|4345|327|305|-O--|MG--|2837|0011|555|0|2.125233|1.047000|0.546000|-1.767000|0.238729
241|128|44|13|HOH|_MG|4345|390|305|-O--|MG--|2837|0011|555|0|3.815373|-0.860000|3.707000|0.275001|0.665934
241|129|51|13|HOH|_MG|4345|411|305|-O--|MG--|2837|0011|555|0|3.402148|-2.911000|-1.731000|0.323000|10.548119
241|130|30|13|HOH|_MG|4345|348|305|-O--|MG--|2837|0011|555|0|2.085054|-0.833000|-0.755001|1.756001|0.030149
241|131|18|13|HOH|_MG|4345|312|305|-O--|MG--|2837|0011|555|0|2.057791|-0.950000|-1.372000|-1.204000|2.875182
241|132|13|15|_MG|_MG|4545|305|307|MG--|MG--|3737|0011|555|0|3.122620|2.686000|0.261001|1.570999|19.073927
241|133|35|14|HOH|_MG|4345|363|306|-O--|MG--|2837|0011|555|0|1.811429|0.157000|-0.047000|1.804000|3.091731
241|134|75|14|HOH|_MG|4345|483|306|-O--|MG--|2837|0011|555|0|2.052680|-1.921000|-0.713000|-0.122000|3.267813
241|135|37|14|HOH|_MG|4345|369|306|-O--|MG--|2837|0011|555|0|3.956942|-3.176000|0.958000|-2.157000|4.123033
241|136|32|14|HOH|_MG|4345|354|306|-O--|MG--|2837|0011|555|0|2.138381|-0.156000|0.203000|-2.123000|2.965540
241|137|25|14|HOH|_MG|4345|333|306|-O--|MG--|2837|0011|555|0|2.116165|-0.946000|1.854000|0.382000|4.547605
241|138|23|15|HOH|_MG|4345|327|307|-O--|MG--|2837|0011|555|0|3.824259|3.733000|0.807000|-0.196001|17.857233
241|139|51|15|HOH|_MG|4345|411|307|-O--|MG--|2837|0011|555|0|2.408061|-0.225000|-1.470000|1.893999|3.212780
241|140|30|15|HOH|_MG|4345|348|307|-O--|MG--|2837|0011|555|0|3.840127|1.853000|-0.494000|3.327000|19.239468
241|141|52|15|HOH|_MG|4345|414|307|-O--|MG--|2837|0011|555|0|1.703971|-0.578000|-1.307000|-0.928001|3.949415
241|142|18|15|HOH|_MG|4345|312|307|-O--|MG--|2837|0011|555|0|2.093491|1.736000|-1.111000|0.366999|34.860825
241|143|20|15|HOH|_MG|4345|318|307|-O--|MG--|2837|0011|555|0|3.397784|-2.583000|-1.880000|1.157000|10.006482
241|144|19|16|HOH|_NA|4344|315|308|-O--|NA--|2836|0011|555|0|2.308716|-0.702000|-0.806999|-2.046000|10.218451
241|145|36|16|HOH|_NA|4344|366|308|-O--|NA--|2836|0011|555|0|2.416303|1.254000|-2.050000|-0.252001|127.500000
241|146|17|20|HOH|HOH|4343|309|318|-O--|-O--|2828|0001|555|0|3.224058|-0.799001|-2.292000|2.122000|15.679998
241|147|18|31|HOH|HOH|4343|312|351|-O--|-O--|2828|0001|555|0|3.986544|-1.997000|-2.626000|-2.238001|9.363309
241|148|18|40|HOH|HOH|4343|312|378|-O--|-O--|2828|0001|555|0|3.979440|-3.589000|-0.008000|1.719000|1.111484
241|149|18|23|HOH|HOH|4343|312|327|-O--|-O--|2828|0001|555|0|2.825544|-1.997000|-1.918000|0.563000|3.336301
241|150|18|51|HOH|HOH|4343|312|411|-O--|-O--|2828|0001|555|0|2.511201|1.961000|0.359000|-1.527000|21.046860
241|151|18|30|HOH|HOH|4343|312|348|-O--|-O--|2828|0001|555|0|3.025886|-0.117000|-0.617000|-2.960001|2.816934
241|152|18|52|HOH|HOH|4343|312|414|-O--|-O--|2828|0001|555|0|2.658954|2.314000|0.196000|1.295000|18.922138
241|153|19|36|HOH|HOH|4343|315|366|-O--|-O--|2828|0001|555|0|2.930771|-1.956000|1.243001|-1.794000|34.332150
241|154|20|51|HOH|HOH|4343|318|411|-O--|-O--|2828|0001|555|0|2.504282|-2.358000|-0.410000|-0.737000|4.518007
241|155|20|52|HOH|HOH|4343|318|414|-O--|-O--|2828|0001|555|0|2.948828|-2.005000|-0.573000|2.085001|3.707779
241|156|21|32|HOH|HOH|4343|321|354|-O--|-O--|2828|0001|555|0|3.501571|0.834000|3.391000|-0.257999|17.988152
241|157|21|25|HOH|HOH|4343|321|333|-O--|-O--|2828|0001|555|0|3.646799|1.624000|1.740000|-2.763000|22.394403
241|158|22|58|HOH|HOH|4343|324|432|-O--|-O--|2828|0011|555|0|3.477087|0.698999|1.000000|3.256000|0.737440
241|159|23|31|HOH|HOH|4343|327|351|-O--|-O--|2828|0001|555|0|2.889095|0.000000|-0.708000|-2.801001|3.141018
241|160|23|40|HOH|HOH|4343|327|378|-O--|-O--|2828|0001|555|0|2.742061|-1.592000|1.910000|1.156000|1.591295
241|161|24|54|HOH|HOH|4343|330|420|-O--|-O--|2828|0011|555|0|3.832065|-1.313001|0.707000|3.530000|14.810017
241|162|24|49|HOH|HOH|4343|330|405|-O--|-O--|2828|0001|555|0|3.521660|2.153000|-0.584000|-2.725000|19.436047
241|163|24|26|HOH|HOH|4343|330|336|-O--|-O--|2828|0001|555|0|3.368576|3.039000|-0.891000|1.148000|22.192228
241|164|24|48|HOH|HOH|4343|330|402|-O--|-O--|2828|0001|555|0|3.598068|-0.723001|0.161000|-3.521000|11.024630
241|165|24|47|HOH|HOH|4343|330|399|-O--|-O--|2828|0001|555|0|2.510974|1.007999|0.148000|2.295000|0.121082
241|166|25|79|HOH|HOH|4343|333|495|-O--|-O--|2828|0011|555|0|3.991750|2.601000|2.223000|-2.056000|5.094385
241|167|25|35|HOH|HOH|4343|333|363|-O--|-O--|2828|0001|555|0|2.617727|-1.103000|1.901000|-1.422000|0.930238
241|168|25|75|HOH|HOH|4343|333|483|-O--|-O--|2828|0011|555|0|2.791797|0.975000|2.567000|0.504000|0.802867
241|169|25|37|HOH|HOH|4343|333|369|-O--|-O--|2828|0001|555|0|3.496031|2.230000|0.896000|2.539000|0.245167
241|170|25|32|HOH|HOH|4343|333|354|-O--|-O--|2828|0001|555|0|3.102407|-0.790000|1.651000|2.505000|1.024556
241|171|26|49|HOH|HOH|4343|336|405|-O--|-O--|2828|0001|555|0|3.984893|-0.886000|0.307000|-3.873000|0.455351
241|172|26|47|HOH|HOH|4343|336|399|-O--|-O--|2828|0001|555|0|2.553447|-2.031000|1.039000|1.147000|22.715273
241|173|26|39|HOH|HOH|4343|336|375|-O--|-O--|2828|0001|555|0|3.758406|1.795000|1.037000|-3.135000|1.008217
241|174|27|34|HOH|HOH|4343|339|360|-O--|-O--|2828|0001|555|0|3.764812|0.730000|-0.132000|-3.691000|1.749619
241|175|27|31|HOH|HOH|4343|339|351|-O--|-O--|2828|0001|555|0|2.798783|1.144000|0.965000|2.365000|1.435557
241|176|28|54|HOH|HOH|4343|342|420|-O--|-O--|2828|0011|555|0|3.121656|-2.791000|0.716000|-1.201000|3.492064
241|177|28|47|HOH|HOH|4343|342|399|-O--|-O--|2828|0001|555|0|2.485889|-0.470000|0.157000|-2.436000|7.066011
241|178|29|37|HOH|HOH|4343|345|369|-O--|-O--|2828|0001|555|0|3.103292|-2.808000|-0.445000|1.243999|2.103997
241|179|30|31|HOH|HOH|4343|348|351|-O--|-O--|2828|0001|555|0|2.844603|-1.880000|-2.009000|0.722000|3.646832
241|180|30|51|HOH|HOH|4343|348|411|-O--|-O--|2828|0001|555|0|2.706317|2.078000|0.976000|1.433001|10.658208
241|181|31|44|HOH|HOH|4343|351|390|-O--|-O--|2828|0001|555|0|3.198427|1.907000|-2.453000|0.759000|4.924304
241|182|32|35|HOH|HOH|4343|354|363|-O--|-O--|2828|0001|555|0|3.947379|-0.313000|0.250000|-3.927000|0.080612
241|183|32|75|HOH|HOH|4343|354|483|-O--|-O--|2828|0011|555|0|2.821043|1.765000|0.916000|-2.001000|0.193455
241|184|32|37|HOH|HOH|4343|354|369|-O--|-O--|2828|0001|555|0|3.113131|3.020000|-0.755000|0.033999|0.746890
241|185|33|37|HOH|HOH|4343|357|369|-O--|-O--|2828|0001|555|0|2.990904|-0.366000|0.092000|-2.967000|2.033721
241|186|34|41|HOH|HOH|4343|360|381|-O--|-O--|2828|0001|555|0|2.690465|-0.594000|0.897000|-2.466000|0.040181
241|187|35|79|HOH|HOH|4343|363|495|-O--|-O--|2828|0011|555|0|3.771638|3.704000|0.322000|-0.634000|3.559059
241|188|35|75|HOH|HOH|4343|363|483|-O--|-O--|2828|0011|555|0|2.910518|2.078000|0.666000|1.926000|0.111150
241|189|35|65|HOH|HOH|4343|363|453|-O--|-O--|2828|0011|555|0|3.367596|0.433000|2.600000|-2.096000|6.497417
241|190|37|75|HOH|HOH|4343|369|483|-O--|-O--|2828|0011|555|0|2.916932|-1.255000|1.671000|-2.035000|0.534445
241|191|39|49|HOH|HOH|4343|375|405|-O--|-O--|2828|0001|555|0|2.874944|-2.681000|-0.730000|-0.738000|0.475786
241|192|41|42|HOH|HOH|4343|381|384|-O--|-O--|2828|0001|555|0|2.887106|-1.642000|2.307000|0.563000|4.252822
241|193|43|44|HOH|HOH|4343|387|390|-O--|-O--|2828|0001|555|0|2.747659|0.251000|0.894000|-2.585999|0.316484
241|194|45|46|HOH|HOH|4343|393|396|-O--|-O--|2828|0001|555|0|3.299538|0.137000|2.354000|-2.308000|9.618091
241|195|46|63|HOH|HOH|4343|396|447|-O--|-O--|2828|0011|555|0|2.987451|0.434000|-0.149000|-2.952000|8.773274
241|196|46|60|HOH|HOH|4343|396|438|-O--|-O--|2828|0011|555|0|3.931265|-2.614000|2.794000|-0.903000|29.805845
241|197|47|54|HOH|HOH|4343|399|420|-O--|-O--|2828|0011|555|0|2.687889|-2.321000|0.559000|1.235000|15.199349
241|198|48|49|HOH|HOH|4343|402|405|-O--|-O--|2828|0001|555|0|3.075714|2.876000|-0.745000|0.796000|2.516378
241|199|49|50|HOH|HOH|4343|405|408|-O--|-O--|2828|0001|555|0|2.769975|0.518000|-0.806000|-2.599000|4.217664
241|200|51|52|HOH|HOH|4343|411|414|-O--|-O--|2828|0001|555|0|2.848660|0.353000|-0.163000|2.822001|0.489883
241|201|53|82|HOH|HOH|4343|417|504|-O--|-O--|2828|0001|555|0|2.828042|-2.587000|-0.696000|0.906000|1.473258
241|202|55|58|HOH|HOH|4343|423|432|-O--|-O--|2828|0001|555|0|3.550016|0.431000|-0.472000|-3.492001|3.840368
241|203|55|68|HOH|HOH|4343|423|462|-O--|-O--|2828|0001|555|0|2.904284|0.635000|2.133000|1.865999|5.298166
241|204|56|58|HOH|HOH|4343|426|432|-O--|-O--|2828|0001|555|0|2.786799|-1.057000|-2.570000|-0.210000|3.505788
241|205|57|71|HOH|HOH|4343|429|471|-O--|-O--|2828|0001|555|0|2.768047|-2.354000|0.968000|-1.088000|0.193487
241|206|57|74|HOH|HOH|4343|429|480|-O--|-O--|2828|0001|555|0|2.862230|1.990000|1.987000|-0.533000|0.579226
241|207|59|67|HOH|HOH|4343|435|459|-O--|-O--|2828|0001|555|0|2.623404|-0.849000|2.423000|-0.539000|10.442811
241|208|60|79|HOH|HOH|4343|438|495|-O--|-O--|2828|0001|555|0|2.823377|-0.504000|-0.560000|2.721000|3.269730
241|209|61|76|HOH|HOH|4343|441|486|-O--|-O--|2828|0001|555|0|3.895771|-3.808000|0.637000|-0.520000|5.487336
241|210|61|72|HOH|HOH|4343|441|474|-O--|-O--|2828|0001|555|0|3.932110|-2.716000|1.272000|2.543000|19.148096
241|211|61|78|HOH|HOH|4343|441|492|-O--|-O--|2828|0001|555|0|2.717131|-1.120000|2.376000|-0.695000|3.693841
241|212|62|73|HOH|HOH|4343|444|477|-O--|-O--|2828|0001|555|0|2.828933|2.269000|0.997000|-1.363999|2.051550
241|213|64|70|HOH|HOH|4343|450|468|-O--|-O--|2828|0001|555|0|3.918444|-1.762000|0.080999|-3.499000|8.025890
241|214|64|66|HOH|HOH|4343|450|456|-O--|-O--|2828|0001|555|0|3.089560|0.089000|2.969000|0.850000|0.874009
241|215|64|67|HOH|HOH|4343|450|459|-O--|-O--|2828|0001|555|0|3.692012|3.220000|-1.782001|-0.295000|12.310781
241|216|65|81|HOH|HOH|4343|453|501|-O--|-O--|2828|0001|555|0|3.313839|-0.151000|-2.540000|-2.123000|7.437918
241|217|69|82|HOH|HOH|4343|465|504|-O--|-O--|2828|0001|555|0|3.387387|-0.493000|-2.816000|-1.816999|13.084486
241|218|70|82|HOH|HOH|4343|468|504|-O--|-O--|2828|0001|555|0|2.783665|0.692000|0.951000|-2.523000|6.106587
241|219|72|76|HOH|HOH|4343|474|486|-O--|-O--|2828|0001|555|0|3.313255|-1.092000|-0.635000|-3.063000|6.855097
241|220|72|77|HOH|HOH|4343|474|489|-O--|-O--|2828|0001|555|0|3.210753|-2.529000|1.554000|-1.224000|2.176510
241|221|72|78|HOH|HOH|4343|474|492|-O--|-O--|2828|0001|555|0|3.775007|1.596000|1.104000|-3.238000|9.034533
241|222|74|80|HOH|HOH|4343|480|498|-O--|-O--|2828|0001|555|0|2.747797|2.350000|-0.093000|1.421000|13.346937
241|223|75|79|HOH|HOH|4343|483|495|-O--|-O--|2828|0001|555|0|3.052181|1.626000|-0.344000|-2.560000|3.744956
241|224|76|77|HOH|HOH|4343|486|489|-O--|-O--|2828|0001|555|0|3.199783|-1.437000|2.189000|1.839000|3.490672
241|225|76|78|HOH|HOH|4343|486|492|-O--|-O--|2828|0001|555|0|3.206258|2.688000|1.739000|-0.175000|0.972854
241|226|0|5|_DC|_DG|4242|16|124|-H41|-C5-|3524|1011|554|1|3.034789|0.446473|-0.152000|-2.997916|97.500000
241|227|0|11|_DC|_DG|4242|4|269|-C3'|HO3'|2435|1011|655|4|2.986865|2.736944|-1.079000|-0.516000|70.877869
241|228|0|33|_DC|HOH|4243|6|358|-C2'|-H1-|2435|1011|554|1|3.264854|1.555471|0.463000|-2.832915|80.338989
241|229|0|62|_DC|HOH|4243|0|446|-O5'|-H2-|2635|1011|655|4|1.954566|0.434944|-0.243000|-1.890001|97.500000
241|230|0|73|_DC|HOH|4243|0|478|-O5'|-H1-|2635|1011|655|4|4.207408|2.319945|-0.084000|-3.509000|97.500000
241|231|0|12|_DC|SPD|4253|10|288|-O2-|-H31|2634|1011|545|2|2.168896|-0.651527|-2.055787|0.231000|67.720589
241|232|0|68|_DC|HOH|4243|4|463|-C3'|-H1-|2435|1011|654|1|4.948281|3.780416|-1.305000|-2.913917|70.877869
241|233|0|72|_DC|HOH|4243|5|476|-O3'|-H2-|2635|1011|554|1|4.866777|-0.548528|-3.056999|-3.746918|61.013512
241|234|0|41|_DC|HOH|4243|5|383|-O3'|-H2-|2635|1011|545|2|4.410751|2.889473|-2.970786|-1.510001|61.013512
241|235|0|6|_DC|_DC|4242|17|153|-H42|-H42|3535|1011|554|1|4.028316|-2.009528|-0.657000|-3.428918|0.000000
241|236|0|18|_DC|HOH|4243|16|313|-H41|-H1-|3535|1011|554|1|2.063833|-1.696527|1.135000|-0.304918|0.000000
241|237|0|23|_DC|HOH|4243|16|329|-H41|-H2-|3535|1011|554|1|2.960039|0.761473|2.851000|-0.231916|0.000000
241|238|0|40|_DC|HOH|4243|16|378|-H41|-O--|3528|1011|554|1|2.180110|1.583473|1.414000|0.496084|29.820717
241|239|0|51|_DC|HOH|4243|17|411|-H42|-O--|3528|1011|554|1|4.229936|-2.513527|2.083000|-2.689916|4.430052
241|240|0|52|_DC|HOH|4243|17|416|-H42|-H2-|3535|1011|554|1|3.203906|-2.528527|1.735000|0.928083|0.000000
241|241|0|47|_DC|HOH|4243|16|400|-H41|-H1-|3535|1011|455|2|4.918308|-2.340473|4.318786|0.245000|0.000000
241|242|1|12|_DG|SPD|4253|20|290|-OP2|-H41|2634|1011|545|2|3.614635|-3.002528|1.932213|-0.563000|48.739376
241|243|1|42|_DG|HOH|4243|20|385|-OP2|-H1-|2635|1011|545|2|3.967784|1.849472|-2.322787|-2.632000|48.739376
241|244|1|34|_DG|HOH|4243|19|362|-OP1|-H2-|2635|1011|545|2|3.363069|1.423472|-1.617786|-2.582001|56.428570
241|245|1|41|_DG|HOH|4243|19|383|-OP1|-H2-|2635|1011|545|2|2.080985|0.997473|-1.821786|-0.129001|56.428570
241|246|1|72|_DG|HOH|4243|20|476|-OP2|-H2-|2635|1011|554|1|3.812522|-0.608528|-0.455999|-3.735918|48.739376
241|247|1|11|_DG|_DG|4242|19|269|-OP1|HO3'|2635|1011|655|4|1.925238|1.270945|1.371000|0.460000|56.428570
241|248|1|62|_DG|HOH|4243|19|445|-OP1|-H1-|2635|1011|655|4|3.853936|0.873944|3.593000|-1.086000|56.428570
241|249|1|68|_DG|HOH|4243|19|463|-OP1|-H1-|2635|1011|654|1|3.228478|2.314417|1.145000|-1.937917|56.428570
241|250|1|33|_DG|HOH|4243|19|358|-OP1|-H1-|2635|1011|554|1|4.528544|-1.240528|3.674000|-2.338915|56.428570
241|251|1|83|_DG|HOH|4243|26|508|-O3'|-H1-|2635|1011|655|4|2.423008|1.740945|-0.640000|-1.559000|38.191490
241|252|1|66|_DG|HOH|4243|26|458|-O3'|-H2-|2635|1011|645|3|1.990030|1.122946|0.006215|1.642916|38.191490
241|253|1|81|_DG|HOH|4243|27|502|-C2'|-H1-|2435|1011|655|4|2.988538|2.520945|1.311000|0.926000|61.791805
241|254|1|64|_DG|HOH|4243|26|452|-O3'|-H2-|2635|1011|645|3|3.807787|0.956944|-2.831787|2.358916|38.191490
241|255|1|43|_DG|HOH|4243|30|388|-C8-|-H1-|2435|1011|655|3|3.112870|0.700945|0.006786|3.032918|87.272728
241|256|10|1|_DC|_DG|4242|227|30|-OP1|-C8-|2624|1011|655|4|3.035522|-2.284945|-1.889000|-0.652000|2.405682
241|257|1|65|_DG|HOH|4243|30|454|-C8-|-H1-|2435|1011|655|4|4.642348|2.545944|0.639000|3.829000|87.272728
241|258|1|23|_DG|HOH|4243|31|328|-N7-|-H1-|2535|1011|655|3|4.998050|2.314945|2.835787|3.402917|63.397217
241|259|1|40|_DG|HOH|4243|34|380|-O6-|-H2-|2635|1011|554|1|4.530199|-0.992527|3.143000|-3.107916|67.720589
241|260|2|64|_DC|HOH|4243|44|452|-OP1|-H2-|2635|1011|645|3|1.955760|1.470944|-0.597787|1.141916|17.467533
241|261|2|67|_DC|HOH|4243|47|461|-C5'|-H2-|2435|1011|645|3|3.066462|-0.839055|-2.903786|0.516917|39.216866
241|262|2|66|_DC|HOH|4243|44|457|-OP1|-H1-|2635|1011|645|3|2.475902|1.019945|1.569213|1.620916|17.467533
241|263|2|83|_DC|HOH|4243|43|508|-P--|-H1-|2735|1011|655|4|3.687074|2.980945|0.359000|-2.140000|16.424582
241|264|2|59|_DC|HOH|4243|44|437|-OP1|-H2-|2635|1011|645|3|4.961726|-2.561055|-3.793786|1.914917|17.467533
241|265|2|7|_DC|_DG|4242|44|156|-OP1|-OP1|2626|1011|645|3|4.479915|0.151944|-2.591785|3.650917|1.661216
241|266|2|43|_DC|HOH|4243|62|389|-H41|-H2-|3535|1011|655|3|2.268551|1.612946|-1.552214|0.367916|0.000000
241|267|2|44|_DC|HOH|4243|62|391|-H41|-H1-|3535|1011|655|3|2.913940|2.130945|-0.223214|1.974917|0.000000
241|268|2|35|_DC|HOH|4243|60|365|-C5-|-H2-|2435|1011|655|4|4.917167|4.213944|-0.348000|2.510000|42.106598
241|269|2|23|_DC|HOH|4243|62|328|-H41|-H1-|3535|1011|655|3|4.499288|3.644945|2.635787|0.102917|0.000000
241|270|2|65|_DC|HOH|4243|62|454|-H41|-H1-|3535|1011|655|4|4.833517|4.760944|-0.539000|0.637000|0.000000
241|271|3|38|_DG|HOH|4243|66|374|-OP2|-H2-|2635|1011|445|2|3.047671|-1.923473|-1.957786|-1.325000|17.467533
241|272|3|67|_DG|HOH|4243|70|461|-O4'|-H2-|2635|1011|645|3|2.311414|0.743945|-0.809785|-2.033083|72.890625
241|273|3|83|_DG|HOH|4243|65|509|-OP1|-H2-|2635|1011|545|2|3.851207|0.477473|-3.207786|-2.077000|20.156250
241|274|3|59|_DG|HOH|4243|70|437|-O4'|-H2-|2635|1011|645|3|3.886091|0.913945|-2.928786|-2.385083|72.890625
241|275|3|77|_DG|HOH|4243|72|491|-O3'|-H2-|2635|1011|545|3|3.085922|-2.830000|-1.226787|0.094917|61.013512
241|276|6|3|_DC|_DG|4242|137|73|-C5'|-C2'|2424|1011|645|3|4.242078|-0.653944|3.997786|1.259084|2.818893
241|277|3|7|_DG|_DG|4242|73|161|-C2'|-O4'|2426|1011|645|3|2.978520|1.903945|-1.787787|1.431917|0.217167
241|278|3|64|_DG|HOH|4243|76|451|-C8-|-H1-|2435|1011|645|3|3.581036|0.892943|-1.338786|-3.199082|63.124996
241|279|3|53|_DG|HOH|4243|75|419|-N9-|-H2-|2535|1011|645|3|3.812893|1.195946|-0.063786|3.619917|73.582680
241|280|3|66|_DG|HOH|4243|77|457|-N7-|-H1-|2535|1011|645|3|3.827230|1.238945|-0.269786|-3.611084|81.153847
241|281|3|69|_DG|HOH|4243|77|467|-N7-|-H2-|2535|1011|645|3|1.880823|1.473945|0.691213|0.941917|81.153847
241|282|3|82|_DG|HOH|4243|76|506|-C8-|-H2-|2435|1011|645|3|3.591794|1.931945|0.017213|3.027916|63.124996
241|283|3|70|_DG|HOH|4243|76|469|-C8-|-H1-|2435|1011|645|3|3.278880|3.242945|-0.383786|-0.295084|63.124996
241|284|3|21|_DG|HOH|4243|77|323|-N7-|-H2-|2535|1011|655|4|4.510344|2.963945|0.270000|3.389001|81.153847
241|285|3|35|_DG|HOH|4243|80|365|-O6-|-H2-|2635|1011|655|4|3.891349|3.509945|1.247000|-1.126000|66.521736
241|286|3|43|_DG|HOH|4243|80|389|-O6-|-H2-|2635|1011|655|3|4.749516|1.429946|2.682786|-3.649084|66.521736
241|287|3|44|_DG|HOH|4243|80|392|-O6-|-H2-|2635|1011|655|3|4.367828|2.169945|3.744786|-0.588083|66.521736
241|288|4|76|_DC|HOH|4243|91|488|-OP2|-H2-|2635|1011|545|3|3.367910|-2.822000|-1.823787|-0.230083|44.523811
241|289|4|56|_DC|HOH|4243|91|427|-OP2|-H1-|2635|1011|645|3|3.923228|0.423945|-3.147786|2.302918|44.523811
241|290|4|7|_DC|_DG|4242|90|165|-OP1|-C1'|2624|1011|645|3|3.445845|3.098945|-1.456785|0.384917|1.370459
241|291|4|77|_DC|HOH|4243|91|491|-OP2|-H2-|2635|1011|545|3|1.911434|-1.246000|0.064213|-1.448082|44.523811
241|292|4|28|_DC|HOH|4243|90|343|-OP1|-H1-|2635|1011|645|3|4.595705|2.096945|-2.045785|3.540916|43.593750
241|293|4|72|_DC|HOH|4243|91|476|-OP2|-H2-|2635|1011|545|3|4.943569|-3.763000|-1.199787|-2.973082|44.523811
241|294|4|9|_DC|_DG|4242|91|202|-OP2|-OP1|2626|1011|545|3|4.321841|-3.115000|-1.155787|2.763918|0.358810
241|295|4|12|_DC|SPD|4253|102|298|-O2-|-H82|2634|1011|555|3|2.655317|-1.951000|1.361786|1.178917|97.500000
241|296|4|53|_DC|HOH|4243|108|417|-H41|-O--|3528|1011|645|3|2.115313|0.699945|-1.866786|0.706918|57.580647
241|297|4|69|_DC|HOH|4243|108|467|-H41|-H2-|3535|1011|645|3|3.140278|2.254945|-0.538787|-2.118083|0.000000
241|298|4|82|_DC|HOH|4243|108|506|-H41|-H2-|3535|1011|645|3|3.399000|2.321945|-2.481786|-0.050083|0.000000
241|299|4|73|_DC|HOH|4243|109|479|-H42|-H2-|3535|1011|555|1|4.167154|3.176473|0.085000|2.695917|0.000000
241|300|4|21|_DC|HOH|4243|108|321|-H41|-O--|3528|1011|655|4|3.843743|3.829945|0.016000|0.325000|43.593750
241|301|4|32|_DC|HOH|4243|109|355|-H42|-H1-|3535|1011|655|4|4.552514|4.173945|1.587000|0.886001|0.000000
241|302|5|69|_DG|HOH|4243|112|466|-OP2|-H1-|2635|1011|545|3|3.516046|-3.350000|-0.498786|-0.944083|35.223213
241|303|5|82|_DG|HOH|4243|113|504|-O5'|-O--|2628|1011|545|3|4.025324|-3.743000|-0.890785|-1.183084|1.843024
241|304|5|70|_DG|HOH|4243|111|468|-OP1|-O--|2628|1011|545|3|3.950079|-3.230000|-1.941786|-1.183084|7.670665
241|305|5|78|_DG|HOH|4243|113|494|-O5'|-H2-|2635|1011|545|3|4.359219|-2.281000|-3.609786|-0.877082|62.319584
241|306|5|77|_DG|HOH|4243|111|490|-OP1|-H1-|2635|1011|545|3|4.162498|2.005000|-3.538785|-0.885082|44.840427
241|307|5|58|_DG|HOH|4243|112|433|-OP2|-H1-|2635|1011|455|4|4.478485|-3.868944|1.200000|-1.910000|35.223213
241|308|5|73|_DG|HOH|4243|114|478|-C5'|-H1-|2435|1011|455|1|3.742435|-2.676473|2.382000|1.080918|56.428570
241|309|5|62|_DG|HOH|4243|117|446|-C3'|-H2-|2435|1011|455|1|3.234068|-0.124472|3.202000|0.436917|75.361443
241|310|5|12|_DG|SPD|4253|135|295|-H22|-H71|3534|1011|555|3|1.846743|-0.577000|1.660787|-0.565084|0.000000
241|311|8|5|_DC|_DG|4242|181|118|-OP1|-O3'|2626|1011|545|3|2.602840|2.140000|0.668787|1.322082|0.403728
241|312|5|17|_DG|HOH|4243|118|311|-O3'|-H2-|2635|1011|455|4|3.617788|-2.873945|1.058000|-1.925998|83.684212
241|313|5|50|_DG|HOH|4243|118|409|-O3'|-H1-|2635|1011|555|1|1.911711|-0.735527|1.134000|1.351917|83.684212
241|314|5|76|_DG|HOH|4243|116|487|-O4'|-H1-|2635|1011|545|3|4.848497|0.350000|-4.113787|-2.542083|73.235298
241|315|5|9|_DG|_DG|4242|132|207|HO3'|-O4'|3526|1011|545|3|3.362715|1.532000|-2.310787|1.902916|70.227272
241|316|5|20|_DG|HOH|4243|118|319|-O3'|-H1-|2635|1011|455|4|3.936457|-3.909945|-0.320000|-0.324998|83.684212
241|317|5|48|_DG|HOH|4243|119|403|-C2'|-H1-|2435|1011|555|1|3.721695|-0.181527|-1.080000|3.556917|75.361443
241|318|5|49|_DG|HOH|4243|118|407|-O3'|-H2-|2635|1011|555|1|3.867525|-0.043528|0.871000|3.767920|83.684212
241|319|5|71|_DG|HOH|4243|118|473|-O3'|-H2-|2635|1011|455|1|4.970704|-3.290472|-0.868999|3.622917|83.684212
241|320|5|11|_DG|_DG|4242|118|259|-O3'|-C8-|2624|1011|455|1|4.537685|-3.512473|2.365000|1.630919|0.301974
241|321|5|28|_DG|HOH|4243|123|342|-N7-|-O--|2528|1011|645|3|4.211474|3.213945|-2.695786|0.373918|28.252634
241|322|5|11|_DG|_DG|4242|133|270|-H1-|-H1-|3535|1011|555|1|3.106847|0.835473|0.558000|2.939919|0.000000
241|323|6|11|_DC|_DG|4242|142|271|-C2'|-H21|2435|1011|555|1|2.540230|-0.137527|-1.487000|2.054917|53.807339
241|324|6|53|_DC|HOH|4243|152|418|-H41|-H1-|3535|1011|645|3|2.666872|1.294946|-0.793785|-2.192082|0.000000
241|325|6|73|_DC|HOH|4243|150|479|-C5-|-H2-|2435|1011|555|1|3.601735|3.469473|-0.001000|-0.967083|80.338989
241|326|6|7|_DC|_DG|4242|152|163|-H41|-O3'|3526|1011|645|3|4.518978|1.954946|-3.790786|-1.493083|53.389057
241|327|6|8|_DC|_DC|4242|152|181|-H41|-OP1|3526|1011|645|3|4.290603|3.508945|-2.468787|0.040917|70.551331
241|328|7|73|_DG|HOH|4243|171|479|-O6-|-H2-|2635|1011|555|1|4.057538|2.519473|-1.436000|2.837916|97.500000
241|329|7|69|_DG|HOH|4243|171|465|-O6-|-O--|2628|1011|645|3|4.187191|2.440946|-2.981785|-1.638083|38.132050
241|330|8|11|_DC|_DG|4242|181|259|-OP1|-C8-|2624|1011|555|2|4.450590|1.372473|3.033786|-2.953000|0.082510
241|331|8|73|_DC|HOH|4243|181|477|-OP1|-O--|2628|1011|555|2|4.365542|-0.230527|4.245786|0.988999|0.825627
241|332|8|69|_DC|HOH|4243|200|465|-H42|-O--|3528|1011|645|3|4.631867|2.861945|-3.312785|1.512917|7.982635
241|333|9|56|_DG|HOH|4243|203|427|-OP2|-H1-|2635|1011|455|4|3.332834|-2.771945|0.128000|1.846001|43.593750
241|334|9|80|_DG|HOH|4243|209|499|-O3'|-H1-|2635|1011|455|2|3.335002|-2.275472|2.102786|-1.234000|40.012222
241|335|9|71|_DG|HOH|4243|214|473|-N7-|-H2-|2535|1011|555|2|2.152375|0.949472|1.769786|-0.774000|49.841499
241|336|9|11|_DG|_DG|4242|214|260|-N7-|-N7-|2525|1011|555|2|4.905607|2.248472|4.249786|0.974000|0.597872
241|337|10|80|_DC|HOH|4243|227|499|-OP1|-H1-|2635|1011|455|2|3.502288|-0.188472|3.449786|-0.574000|46.643833
241|338|10|74|_DC|HOH|4243|227|482|-OP1|-H2-|2635|1011|455|2|4.777680|-2.148473|4.226786|0.587000|46.643833
241|339|10|71|_DC|HOH|4243|245|473|-H41|-H2-|3535|1011|555|2|3.912254|0.539472|3.011786|2.438000|0.000000
241|340|11|66|_DG|HOH|4243|248|458|-OP1|-H2-|2635|1011|545|3|4.183803|-3.008000|-2.402785|1.637916|26.058393
241|341|11|59|_DG|HOH|4243|251|435|-C5'|-O--|2428|1011|554|1|3.712201|1.619472|-2.852000|-1.738919|26.243715
241|342|11|68|_DG|HOH|4243|255|463|-O3'|-H1-|2635|1011|554|1|2.080731|0.472472|-0.795000|-1.863917|49.285713
241|343|11|55|_DG|HOH|4243|256|425|-C2'|-H2-|2435|1011|554|1|3.666687|-0.455527|-0.660000|-3.577917|58.289906
241|344|11|54|_DG|HOH|4243|260|422|-N7-|-H2-|2535|1011|455|2|4.598346|0.073528|4.428787|-1.235000|61.013512
241|345|11|12|_DG|SPD|4253|271|285|-H21|HN12|3534|1011|445|2|1.625423|0.314473|0.723786|-1.421000|0.000000
241|346|10|12|_DC|SPD|4253|234|283|-O3'|-H1-|2634|1011|445|2|3.316583|2.002472|1.768786|1.965000|35.223213
241|347|6|12|_DC|SPD|4253|146|295|-O2-|-H71|2634|1011|545|3|2.158097|2.084000|0.514786|0.222083|97.500000
241|348|59|12|HOH|SPD|4353|435|284|-O--|HN11|2834|1011|545|3|2.688283|2.051001|-1.629214|-0.604918|4.067796
241|349|67|12|HOH|SPD|4353|459|287|-O--|-H22|2834|1011|545|3|4.342674|3.099000|-2.975213|-0.634917|20.942492
241|350|7|12|_DG|SPD|4253|178|297|-H21|-H81|3534|1011|545|3|2.357724|1.639000|-0.485214|-1.623918|0.000000
241|351|72|12|HOH|SPD|4353|474|300|-O--|-H92|2834|1011|545|3|2.651257|-0.072000|-2.168214|1.524083|1.304348
241|352|61|12|HOH|SPD|4353|441|297|-O--|-H81|2834|1011|545|3|1.914594|0.455000|-1.706214|-0.739918|23.927334
241|353|75|12|HOH|SPD|4353|485|301|-H2-|H101|3534|1011|545|3|3.066932|-2.879000|0.902785|-0.549918|0.000000
241|354|76|12|HOH|SPD|4353|486|302|-O--|H102|2834|1011|545|3|1.834045|-0.808000|-1.490214|0.700084|9.403470
241|355|78|12|HOH|SPD|4353|492|304|-O--|-H12|2834|1011|545|3|3.220472|0.361000|-3.185214|0.309083|11.978416
241|356|8|12|_DC|SPD|4253|189|304|-C2'|-H12|2434|1011|545|3|2.739697|1.209000|-0.551213|-2.395918|97.500000
241|357|9|12|_DG|SPD|4253|202|302|-OP1|H102|2634|1011|545|3|3.065291|-1.303000|-2.173214|-1.724917|39.744522
241|358|79|12|HOH|SPD|4353|495|301|-O--|H101|2834|1011|545|3|4.263554|-1.856000|0.800786|-3.753918|13.589581
241|359|63|12|HOH|SPD|4353|447|283|-O--|-H1-|2834|1011|445|2|4.577658|-2.059528|1.314785|3.871000|6.865889
241|360|64|12|HOH|SPD|4353|451|287|-H1-|-H22|3534|1011|545|3|4.595618|0.813000|-4.514214|-0.283918|0.000000
241|361|77|12|HOH|SPD|4353|489|300|-O--|-H92|2834|1011|545|3|4.550838|-2.601000|-3.722214|0.300083|3.875839
241|362|70|12|HOH|SPD|4353|470|303|-H2-|HN62|3534|1011|545|3|4.962959|0.494000|-4.924212|-0.372917|0.000000
241|363|56|13|HOH|_MG|4345|427|305|-H1-|MG--|3537|1011|645|3|4.940216|1.438055|3.721786|2.913082|22.128714
241|364|65|13|HOH|_MG|4345|453|305|-O--|MG--|2837|1011|545|3|4.410951|2.021000|3.713785|-1.256918|22.406055
241|365|7|13|_DG|_MG|4245|167|305|-C8-|MG--|2437|1011|645|3|4.952297|-1.487946|2.546785|3.978084|6.735680
241|366|28|13|HOH|_MG|4345|342|305|-O--|MG--|2837|1011|645|3|2.040789|-1.637945|1.214786|0.079082|3.978878
241|367|26|13|HOH|_MG|4345|336|305|-O--|MG--|2837|1011|645|3|4.084100|-0.076945|2.096786|-3.503918|1.299439
241|368|47|13|HOH|_MG|4345|399|305|-O--|MG--|2837|1011|645|3|3.334277|-2.107945|1.057785|-2.356918|16.333185
241|369|74|13|HOH|_MG|4345|480|305|-O--|MG--|2837|1011|555|1|4.340512|-1.245472|-1.055001|-4.021917|8.705609
241|370|0|13|_DC|_MG|4245|16|305|-H41|MG--|3537|1011|555|1|3.836841|1.055528|-2.778001|-2.426916|22.128714
241|371|54|13|HOH|_MG|4345|420|305|-O--|MG--|2837|1011|645|3|4.595981|-4.428945|0.498786|-1.121918|0.249505
241|372|22|14|HOH|_MG|4345|324|306|-O--|MG--|2837|1011|455|4|4.451542|2.530945|1.802000|3.188000|0.632763
241|373|3|14|_DG|_MG|4245|80|306|-O6-|MG--|2637|1011|455|4|4.806922|4.317945|1.730000|1.212000|15.867104
241|374|58|14|HOH|_MG|4345|432|306|-O--|MG--|2837|1011|455|4|2.000962|1.831945|0.802000|-0.068000|0.091006
241|375|69|14|HOH|_MG|4345|465|306|-O--|MG--|2837|1011|545|3|3.769270|1.714000|3.356785|-0.039917|1.984459
241|376|44|14|HOH|_MG|4345|392|306|-H2-|MG--|3537|1011|555|3|3.451603|2.148000|-2.014786|1.800083|12.641276
241|377|7|14|_DG|_MG|4245|168|306|-N7-|MG--|2537|1011|455|4|4.232448|3.069945|-2.502000|-1.493001|18.904736
241|378|8|14|_DC|_MG|4245|199|306|-H41|MG--|3537|1011|455|4|4.589351|4.026945|-1.625000|1.485000|12.641276
241|379|55|14|HOH|_MG|4345|423|306|-O--|MG--|2837|1011|455|4|4.231244|2.262945|0.330000|-3.560000|4.017726
241|380|27|14|HOH|_MG|4345|339|306|-O--|MG--|2837|1011|555|3|4.233759|-0.446000|-4.141786|-0.755917|0.862663
241|381|31|14|HOH|_MG|4345|352|306|-H1-|MG--|3537|1011|555|3|4.821671|0.216000|-4.358786|2.050083|12.641276
241|382|56|14|HOH|_MG|4345|426|306|-O--|MG--|2837|1011|455|4|1.950295|0.774946|-1.768000|-0.278000|3.348832
241|383|28|15|HOH|_MG|4345|342|307|-O--|MG--|2837|1011|645|3|2.449313|1.048055|1.475786|1.650082|8.713635
241|384|26|15|HOH|_MG|4345|336|307|-O--|MG--|2837|1011|645|3|4.012792|2.609055|2.357786|-1.932919|26.208818
241|385|47|15|HOH|_MG|4345|399|307|-O--|MG--|2837|1011|645|3|1.640430|0.578055|1.318786|-0.785919|0.814147
241|386|74|15|HOH|_MG|4345|480|307|-O--|MG--|2837|1011|555|1|2.951704|1.440528|-0.794000|-2.450918|4.299083
241|387|0|15|_DC|_MG|4245|17|307|-H42|MG--|3537|1011|555|1|4.300541|2.288527|-3.553000|-0.795918|0.845071
241|388|8|15|_DC|_MG|4245|197|307|-C5-|MG--|2437|1011|645|3|4.818954|-1.903944|3.865787|2.157082|76.221519
241|389|2|15|_DC|_MG|4245|63|307|-H42|MG--|3537|1011|645|3|4.198074|-1.724945|3.591785|-1.321918|0.845071
241|390|7|15|_DG|_MG|4245|164|307|-C2'|MG--|2437|1011|645|3|4.648195|-1.703945|0.860786|4.238082|50.636013
241|391|54|15|HOH|_MG|4345|420|307|-O--|MG--|2837|1011|645|3|1.953665|-1.742945|0.759787|0.449081|17.806347
241|392|9|15|_DG|_MG|4245|217|307|-O6-|MG--|2637|1011|645|3|3.945112|-2.817945|2.355785|-1.439919|53.921619
241|393|24|15|HOH|_MG|4345|330|307|-O--|MG--|2837|1011|645|3|3.439239|-0.429945|1.466785|-3.080917|0.949511
241|394|71|15|HOH|_MG|4345|471|307|-O--|MG--|2837|1011|555|1|3.913007|-2.903472|-1.813000|-1.895918|4.930930
241|395|11|15|_DG|_MG|4245|263|307|-O6-|MG--|2637|1011|555|1|3.947050|0.584528|-3.859000|-0.587919|86.619995
241|396|57|15|HOH|_MG|4345|429|307|-O--|MG--|2837|1011|555|1|4.115781|-0.549472|-2.781000|-2.983919|5.282125
241|397|61|16|HOH|_NA|4344|442|308|-H1-|NA--|3536|1011|545|3|3.428059|2.791000|1.917787|-0.532917|97.500000
241|398|7|16|_DG|_NA|4244|157|308|-OP2|NA--|2636|1011|545|3|4.450803|3.660000|0.313786|2.513082|10.080000
241|399|70|16|HOH|_NA|4344|470|308|-H2-|NA--|3536|1011|545|3|4.151015|2.921000|-1.466212|2.559083|97.500000
241|400|72|16|HOH|_NA|4344|474|308|-O--|NA--|2836|1011|545|3|2.699575|0.439000|1.548786|2.167082|81.420006
241|401|76|16|HOH|_NA|4344|487|308|-H1-|NA--|3536|1011|545|3|2.227407|-0.821000|1.435787|-1.491918|97.500000
241|402|78|16|HOH|_NA|4344|492|308|-O--|NA--|2836|1011|545|3|2.342205|2.035000|0.444786|-1.070917|26.437801
241|403|82|16|HOH|_NA|4344|505|308|-H1-|NA--|3536|1011|545|3|4.609638|3.716000|-2.708214|0.325082|97.500000
241|404|8|16|_DC|_NA|4244|182|308|-OP2|NA--|2636|1011|545|3|4.140725|3.152000|-1.352215|-2.319918|3.091200
241|405|9|16|_DG|_NA|4244|202|308|-OP1|NA--|2636|1011|545|3|3.820832|-1.148000|1.500787|-3.320918|4.336051
241|406|77|16|HOH|_NA|4344|489|308|-O--|NA--|2836|1011|545|3|2.292931|-2.090000|-0.005214|0.943083|59.123199
241|407|7|17|_DG|HOH|4243|163|311|-O3'|-H2-|2635|1011|645|3|3.291297|0.820055|3.048785|0.930083|53.389057
241|408|8|17|_DC|HOH|4243|181|311|-OP1|-H2-|2635|1011|645|3|1.971087|-0.733944|1.726787|-0.603917|70.551331
241|409|17|53|HOH|HOH|4343|309|418|-O--|-H1-|2835|1011|645|3|1.875542|-0.622055|-0.493785|-1.699082|62.854668
241|410|17|69|HOH|HOH|4343|310|466|-H1-|-H1-|3535|1011|645|3|4.672309|1.436944|0.279214|-4.437083|0.000000
241|411|17|82|HOH|HOH|4343|311|506|-H2-|-H2-|3535|1011|645|3|3.452179|0.075945|-0.949786|-3.318084|0.000000
241|412|11|17|_DG|HOH|4243|259|310|-C8-|-H1-|2435|1011|555|1|3.496945|0.104527|0.057000|-3.494918|73.235298
241|413|17|73|HOH|HOH|4343|310|477|-H1-|-O--|3528|1011|555|1|1.944049|1.498472|1.155000|-0.447083|53.389057
241|414|17|21|HOH|HOH|4343|311|322|-H2-|-H1-|3535|1011|655|4|3.036655|1.469945|1.754000|-1.996000|0.000000
241|415|17|50|HOH|HOH|4343|311|409|-H2-|-H1-|3535|1011|655|1|3.914504|2.138417|0.076001|3.277916|0.000000
241|416|17|62|HOH|HOH|4343|310|444|-H1-|-O--|3528|1011|555|1|4.434601|3.767472|2.152000|0.916918|32.669495
241|417|17|54|HOH|HOH|4343|311|422|-H2-|-H2-|3535|1011|645|3|4.980600|-1.789056|-3.875787|2.565918|0.000000
241|418|18|28|HOH|HOH|4343|312|342|-O--|-O--|2828|1011|645|3|2.968338|0.687945|-2.586786|-1.283083|10.041849
241|419|18|26|HOH|HOH|4343|313|336|-H1-|-O--|3528|1011|645|3|4.026643|-0.564055|-3.739786|1.381918|30.090183
241|420|18|47|HOH|HOH|4343|312|399|-O--|-O--|2828|1011|645|3|2.928124|1.157945|-2.429785|1.152918|30.454405
241|421|18|74|HOH|HOH|4343|313|480|-H1-|-O--|3528|1011|555|1|2.078658|0.604472|-0.588000|1.899918|5.642202
241|422|18|80|HOH|HOH|4343|313|498|-H1-|-O--|3528|1011|555|1|3.784228|-1.745528|-0.495000|3.320917|30.918367
241|423|18|54|HOH|HOH|4343|312|420|-O--|-O--|2828|1011|645|3|3.950903|3.478945|-1.870786|-0.082083|3.356934
241|424|18|24|HOH|HOH|4343|313|330|-H1-|-O--|3528|1011|645|3|4.543282|2.474945|-2.848785|2.529917|1.904583
241|425|11|18|_DG|HOH|4243|263|314|-O6-|-H2-|2635|1011|555|1|2.380976|-0.800472|-1.857000|-1.256918|97.500000
241|426|18|57|HOH|HOH|4343|313|429|-H1-|-O--|3528|1011|555|1|3.821986|2.594472|1.399000|2.432919|6.739130
241|427|10|18|_DC|HOH|4243|243|313|-C5-|-H1-|2435|1011|555|1|4.518662|0.190527|-2.621000|-3.675917|52.771084
241|428|19|61|HOH|HOH|4343|315|442|-O--|-H1-|2835|1011|545|3|4.681338|-3.493000|-2.724786|-1.513083|24.964476
241|429|19|72|HOH|HOH|4343|315|474|-O--|-O--|2828|1011|545|3|4.960007|-1.141000|-2.355785|-4.213083|20.025932
241|430|19|76|HOH|HOH|4343|315|487|-O--|-H1-|2835|1011|545|3|2.313279|0.119000|-2.242786|-0.554083|24.964476
241|431|19|78|HOH|HOH|4343|315|493|-O--|-H1-|2835|1011|545|3|3.067188|-2.827000|-1.189785|-0.011083|24.964476
241|432|8|19|_DC|HOH|4243|182|317|-OP2|-H2-|2635|1011|545|3|3.721397|3.674000|0.402785|-0.433917|46.141304
241|433|9|19|_DG|HOH|4243|202|316|-OP1|-H1-|2635|1011|545|3|2.383881|-0.361000|2.335786|-0.310918|39.744522
241|434|19|77|HOH|HOH|4343|315|489|-O--|-O--|2828|1011|545|3|3.391758|1.388000|-0.801785|-2.989083|13.317371
241|435|19|82|HOH|HOH|4343|317|504|-H2-|-O--|3528|1011|545|3|4.711061|-4.277000|1.434215|-1.358084|38.699284
241|436|20|28|HOH|HOH|4343|318|343|-O--|-H1-|2835|1011|645|3|4.669588|-2.878055|-3.502785|-1.119083|12.010804
241|437|7|20|_DG|HOH|4243|163|319|-O3'|-H1-|2635|1011|645|3|3.040483|-0.215945|1.670785|2.531083|53.389057
241|438|8|20|_DC|HOH|4243|181|319|-OP1|-H1-|2635|1011|645|3|2.061196|-1.769944|0.348787|0.997083|70.551331
241|439|20|54|HOH|HOH|4343|318|422|-O--|-H2-|2835|1011|645|3|2.064235|-0.132055|-2.025787|0.373919|12.010804
241|440|9|20|_DG|HOH|4243|214|320|-N7-|-H2-|2535|1011|645|3|3.331236|-1.842945|2.173786|-1.724918|49.841499
241|441|20|47|HOH|HOH|4343|318|399|-O--|-O--|2828|1011|645|3|4.898921|-3.161055|-3.198785|1.942919|8.222450
241|442|20|71|HOH|HOH|4343|320|471|-H2-|-O--|3528|1011|555|1|2.230158|-0.026527|-0.394000|2.194918|6.347249
241|443|20|53|HOH|HOH|4343|319|418|-H1-|-H1-|3535|1011|645|3|3.519867|-0.444055|1.326215|-3.230083|0.000000
241|444|11|20|_DG|HOH|4243|260|320|-N7-|-H2-|2535|1011|555|1|2.244573|0.405527|-2.076000|-0.750919|61.013512
241|445|20|57|HOH|HOH|4343|320|430|-H2-|-H1-|3535|1011|555|1|3.918312|-2.283527|1.438000|2.840919|0.000000
241|446|20|50|HOH|HOH|4343|320|409|-H2-|-H1-|3535|1011|655|1|3.807930|3.448418|1.599000|0.227917|0.000000
241|447|20|73|HOH|HOH|4343|319|477|-H1-|-O--|3528|1011|555|1|4.809680|2.000472|3.897000|-1.986083|53.389057
241|448|20|39|HOH|HOH|4343|320|375|-H2-|-O--|3528|1011|655|1|4.666553|1.589417|0.534000|4.354918|23.461538
241|449|8|21|_DC|HOH|4243|182|323|-OP2|-H2-|2635|1011|545|3|3.667510|-0.145000|3.439785|-1.263917|46.141304
241|450|21|53|HOH|HOH|4343|323|417|-H2-|-O--|3528|1011|545|3|3.199548|-3.045000|-0.906786|0.377917|57.580647
241|451|21|58|HOH|HOH|4343|321|433|-O--|-H1-|2835|1011|455|4|3.226252|-1.199944|1.794000|-2.398000|43.593750
241|452|21|69|HOH|HOH|4343|321|466|-O--|-H1-|2835|1011|545|3|1.588612|-0.681000|0.095214|-1.432083|43.593750
241|453|21|82|HOH|HOH|4343|323|504|-H2-|-O--|3528|1011|545|3|1.748587|-0.458000|-1.602785|-0.528084|38.699284
241|454|21|73|HOH|HOH|4343|322|477|-H1-|-O--|3528|1011|455|1|1.853586|-0.505473|0.765000|1.610917|53.389057
241|455|7|21|_DG|HOH|4243|171|321|-O6-|-O--|2628|1011|455|4|4.790127|3.476945|-3.219000|0.702998|3.532800
241|456|21|55|HOH|HOH|4343|322|423|-H1-|-O--|3528|1011|455|4|3.401304|-1.470945|3.058000|0.232000|26.284405
241|457|21|70|HOH|HOH|4343|323|468|-H2-|-O--|3528|1011|545|3|3.985686|0.234000|-2.553786|-3.051084|14.722589
241|458|21|62|HOH|HOH|4343|322|444|-H1-|-O--|3528|1011|455|1|3.881341|1.763527|1.762000|2.974917|32.669495
241|459|7|21|_DG|HOH|4243|163|323|-O3'|-H2-|2635|1011|545|3|4.745903|2.319000|3.620785|-2.008917|53.389057
241|460|21|78|HOH|HOH|4343|323|494|-H2-|-H2-|3535|1011|545|3|4.442428|1.004000|-4.321785|-0.222082|0.000000
241|461|22|66|HOH|HOH|4343|325|456|-H1-|-O--|3528|1011|645|3|2.114769|0.119945|-1.824785|-1.062083|1.955538
241|462|22|69|HOH|HOH|4343|326|465|-H2-|-O--|3528|1011|645|3|3.002026|1.205945|-0.957785|2.576917|7.982635
241|463|22|43|HOH|HOH|4343|324|389|-O--|-H2-|2835|1011|655|3|3.242768|-0.357055|2.754786|-1.673084|10.773197
241|464|22|44|HOH|HOH|4343|324|392|-O--|-H2-|2835|1011|655|3|4.079316|0.382944|3.816786|1.387918|10.773197
241|465|22|81|HOH|HOH|4343|324|502|-O--|-H1-|2835|1011|655|4|4.150599|2.493944|1.011000|-3.160000|10.773197
241|466|22|25|HOH|HOH|4343|324|335|-O--|-H2-|2835|1011|655|4|4.299151|3.741944|-0.586000|2.034000|10.773197
241|467|22|65|HOH|HOH|4343|324|454|-O--|-H1-|2835|1011|655|4|4.894733|2.790944|3.768000|-1.404000|10.773197
241|468|22|35|HOH|HOH|4343|324|365|-O--|-H2-|2835|1011|655|4|2.330407|1.722944|1.319000|0.850000|10.773197
241|469|22|64|HOH|HOH|4343|325|450|-H1-|-O--|3528|1011|645|3|4.803023|0.208945|-4.793787|-0.212082|3.072289
241|470|22|70|HOH|HOH|4343|326|469|-H2-|-H1-|3535|1011|645|3|4.735935|2.044945|-4.093785|1.219917|0.000000
241|471|9|23|_DG|HOH|4243|206|329|-C4'|-H2-|2435|1011|545|3|3.392279|3.206000|1.092787|-0.186918|60.250835
241|472|23|65|HOH|HOH|4343|328|453|-H1-|-O--|3528|1011|545|3|3.000612|-1.132000|-2.493786|-1.226082|0.070326
241|473|10|23|_DC|HOH|4243|227|328|-OP1|-H1-|2635|1011|545|3|3.379474|0.855000|1.924787|-2.642918|46.643833
241|474|23|28|HOH|HOH|4343|327|342|-O--|-O--|2828|1011|645|3|3.326293|2.684945|-0.668786|-1.846083|3.511606
241|475|23|26|HOH|HOH|4343|328|336|-H1-|-O--|3528|1011|645|3|1.656525|0.965945|-0.876786|1.020918|30.090183
241|476|23|39|HOH|HOH|4343|328|375|-H1-|-O--|3528|1011|645|3|4.240830|-0.829055|0.160214|4.155916|23.461538
241|477|23|47|HOH|HOH|4343|328|400|-H1-|-H1-|3535|1011|645|3|2.205591|2.173945|-0.320786|0.188917|0.000000
241|478|23|74|HOH|HOH|4343|328|482|-H1-|-H2-|3535|1011|555|1|3.346502|1.293472|2.302000|2.055918|0.000000
241|479|23|80|HOH|HOH|4343|329|499|-H2-|-H1-|3535|1011|555|1|3.534927|0.261473|0.378000|3.504919|0.000000
241|480|23|24|HOH|HOH|4343|328|330|-H1-|-O--|3528|1011|645|3|4.554556|4.004944|0.014215|2.168917|1.904583
241|481|23|48|HOH|HOH|4343|329|402|-H2-|-O--|3528|1011|555|1|4.862348|-3.267527|3.060000|1.897917|15.906592
241|482|10|23|_DC|HOH|4243|245|329|-H41|-H2-|3535|1011|555|1|4.867966|0.057528|-2.963001|-3.861917|0.000000
241|483|24|71|HOH|HOH|4343|332|472|-H2-|-H1-|3535|1011|555|2|4.001128|-1.138527|3.772786|0.692000|0.000000
241|484|24|43|HOH|HOH|4343|330|387|-O--|-O--|2828|1011|655|3|4.826194|2.506945|-3.395214|2.340918|17.446268
241|485|9|24|_DG|HOH|4243|210|331|-C2'|-H1-|2435|1011|555|2|4.373929|0.285527|-3.760785|2.215000|48.559322
241|486|24|52|HOH|HOH|4343|330|414|-O--|-O--|2828|1011|655|3|3.514379|-0.148055|2.773786|2.152917|2.635645
241|487|24|57|HOH|HOH|4343|330|429|-O--|-O--|2828|1011|555|2|4.250574|-0.119528|4.247786|0.097000|3.806531
241|488|24|74|HOH|HOH|4343|331|481|-H1-|-H1-|3535|1011|555|2|2.649796|0.749473|2.431787|0.739000|0.000000
241|489|24|80|HOH|HOH|4343|331|498|-H1-|-O--|3528|1011|555|2|4.461907|3.735473|2.439786|0.048000|30.918367
241|490|24|40|HOH|HOH|4343|332|379|-H2-|-H1-|3535|1011|554|1|4.672450|-2.483527|1.992000|-3.419915|0.000000
241|491|10|24|_DC|HOH|4243|227|331|-OP1|-H1-|2635|1011|655|4|4.765184|-4.374945|1.853000|-0.365000|46.643833
241|492|25|58|HOH|HOH|4343|333|433|-O--|-H1-|2835|1011|455|4|2.847947|-2.823944|0.054000|0.365000|4.754170
241|493|25|69|HOH|HOH|4343|334|466|-H1-|-H1-|3535|1011|545|3|2.468173|-2.186000|-0.934786|0.662916|0.000000
241|494|25|56|HOH|HOH|4343|333|428|-O--|-H2-|2835|1011|455|4|4.598319|-2.226945|3.735000|1.495001|4.754170
241|495|25|82|HOH|HOH|4343|334|504|-H1-|-O--|3528|1011|545|3|4.436824|-2.048000|-3.608785|1.570916|38.699284
241|496|25|73|HOH|HOH|4343|334|479|-H1-|-H2-|3535|1011|455|1|4.952067|-2.462472|0.753000|4.229917|0.000000
241|497|25|70|HOH|HOH|4343|334|469|-H1-|-H1-|3535|1011|545|3|4.571875|-1.702000|-3.928786|-1.603084|0.000000
241|498|26|43|HOH|HOH|4343|338|387|-H2-|-O--|3528|1011|655|3|1.888081|-0.469055|-1.544214|0.979918|24.062498
241|499|26|44|HOH|HOH|4343|338|391|-H2-|-H1-|3535|1011|655|3|2.908978|-0.485055|-1.022214|2.679917|0.000000
241|500|26|52|HOH|HOH|4343|336|414|-O--|-O--|2828|1011|655|3|4.959620|-3.187055|3.664786|1.004917|13.625892
241|501|26|74|HOH|HOH|4343|337|482|-H1-|-H2-|3535|1011|555|2|3.289392|-0.604528|3.231786|-0.101000|0.000000
241|502|9|26|_DG|HOH|4243|209|337|-O3'|-H1-|2635|1011|655|4|3.648074|-3.630944|-0.352000|0.028000|40.012222
241|503|10|26|_DC|HOH|4243|227|337|-OP1|-H1-|2635|1011|655|4|1.961411|-1.543944|0.995000|0.688000|46.643833
241|504|26|65|HOH|HOH|4343|338|454|-H2-|-H1-|3535|1011|655|4|2.862166|2.144944|-1.338000|1.342000|0.000000
241|505|26|31|HOH|HOH|4343|338|352|-H2-|-H1-|3535|1011|655|3|4.356921|1.668944|1.054785|3.883917|0.000000
241|506|26|80|HOH|HOH|4343|337|499|-H1-|-H1-|3535|1011|555|2|3.075049|1.355473|2.454786|-1.262000|0.000000
241|507|26|40|HOH|HOH|4343|337|379|-H1-|-H1-|3535|1011|655|3|4.187218|2.226945|3.500786|0.563917|0.000000
241|508|26|81|HOH|HOH|4343|338|501|-H2-|-O--|3528|1011|655|4|3.777381|2.009945|-3.197000|-0.089000|7.299306
241|509|26|35|HOH|HOH|4343|338|364|-H2-|-H1-|3535|1011|655|4|4.996990|2.262944|-2.892000|3.389000|0.000000
241|510|9|27|_DG|HOH|4243|202|340|-OP1|-H1-|2635|1011|545|3|2.223205|1.973000|0.038786|-1.023917|39.744522
241|511|27|75|HOH|HOH|4343|339|483|-O--|-O--|2828|1011|545|3|3.786033|-1.475000|-3.428785|0.633917|4.741739
241|512|27|76|HOH|HOH|4343|340|487|-H1-|-H1-|3535|1011|545|3|2.436975|-2.300000|0.026214|-0.805083|0.000000
241|513|7|27|_DG|HOH|4243|167|341|-C8-|-H2-|2435|1011|645|3|3.480073|-3.448946|0.276786|-0.372916|63.397217
241|514|27|32|HOH|HOH|4343|341|354|-H2-|-O--|3528|1011|545|3|4.314219|0.060000|-4.293785|-0.415083|6.531101
241|515|27|56|HOH|HOH|4343|339|427|-O--|-H1-|2835|1011|645|3|1.749688|0.752945|-1.502786|0.485918|15.570652
241|516|27|35|HOH|HOH|4343|339|363|-O--|-O--|2828|1011|545|3|4.866626|0.603000|-4.094786|2.559916|4.535339
241|517|27|65|HOH|HOH|4343|339|453|-O--|-O--|2828|1011|545|3|4.892940|0.170000|-1.494785|4.655918|15.786642
241|518|27|77|HOH|HOH|4343|341|491|-H2-|-H2-|3535|1011|545|3|3.124789|-1.147000|1.760213|-2.313083|0.000000
241|519|27|28|HOH|HOH|4343|339|344|-O--|-H2-|2835|1011|645|3|4.958987|3.609945|0.020214|3.399918|15.570652
241|520|8|27|_DC|HOH|4243|188|340|-O3'|-H1-|2635|1011|545|3|4.601166|3.736000|1.561786|-2.184916|81.566528
241|521|27|55|HOH|HOH|4343|341|425|-H2-|-H2-|3535|1011|645|3|4.982517|2.410945|-3.625787|-2.422084|0.000000
241|522|27|68|HOH|HOH|4343|341|462|-H2-|-O--|3528|1011|645|3|4.739013|1.843945|-2.287786|-3.718083|10.714286
241|523|28|43|HOH|HOH|4343|344|387|-H2-|-O--|3528|1011|655|3|3.429740|0.809945|-2.402214|-2.310082|24.062498
241|524|28|44|HOH|HOH|4343|344|390|-H2-|-O--|3528|1011|655|3|1.631950|0.558946|-1.508214|0.275918|26.208792
241|525|28|52|HOH|HOH|4343|342|414|-O--|-O--|2828|1011|655|3|4.127283|-1.626055|2.782786|-2.578083|2.916374
241|526|28|74|HOH|HOH|4343|342|480|-O--|-O--|2828|1011|555|2|4.703633|0.392472|2.269786|-4.101000|2.601135
241|527|28|30|HOH|HOH|4343|342|348|-O--|-O--|2828|1011|655|3|2.709252|0.804945|1.969786|1.676918|4.042454
241|528|28|51|HOH|HOH|4343|343|411|-H1-|-O--|3528|1011|655|3|3.159394|-0.520054|3.092786|-0.382083|4.430052
241|529|28|31|HOH|HOH|4343|344|351|-H2-|-O--|3528|1011|655|3|2.836293|2.465944|0.944786|1.034917|11.193248
241|530|28|65|HOH|HOH|4343|344|453|-H2-|-O--|3528|1011|655|4|3.963078|3.439945|-1.515000|-1.256000|0.070326
241|531|29|12|HOH|SPD|4353|345|301|-O--|H101|2834|1011|555|3|1.825287|-0.581000|1.682786|0.402917|8.987206
241|532|7|30|_DG|HOH|4243|165|350|-C1'|-H2-|2435|1011|645|3|2.755147|-2.162945|1.061786|1.336082|64.505302
241|533|30|54|HOH|HOH|4343|348|420|-O--|-O--|2828|1011|645|3|4.773386|3.595945|-1.253787|2.877918|0.282090
241|534|30|47|HOH|HOH|4343|348|399|-O--|-O--|2828|1011|645|3|4.672021|1.274945|-1.812786|4.112919|16.481260
241|535|30|53|HOH|HOH|4343|350|419|-H2-|-H2-|3535|1011|645|3|4.784223|3.649945|2.548214|-1.753082|0.000000
241|536|30|56|HOH|HOH|4343|350|427|-H2-|-H1-|3535|1011|645|3|4.832756|-2.668055|-4.010786|-0.388082|0.000000
241|537|9|31|_DG|HOH|4243|203|352|-OP2|-H1-|2635|1011|545|3|3.290414|2.681000|1.847785|0.474083|43.593750
241|538|7|31|_DG|HOH|4243|167|353|-C8-|-H2-|2435|1011|645|3|3.682313|-2.870946|1.102786|2.025084|63.397217
241|539|31|56|HOH|HOH|4343|353|427|-H2-|-H1-|3535|1011|645|3|2.472468|-0.055055|-2.277786|-0.960082|0.000000
241|540|31|35|HOH|HOH|4343|352|364|-H1-|-H1-|3535|1011|545|3|4.021803|-0.594000|-3.946786|0.494918|0.000000
241|541|31|65|HOH|HOH|4343|352|453|-H1-|-O--|3528|1011|545|3|2.567970|-0.492000|-1.711785|1.849918|0.070326
241|542|31|47|HOH|HOH|4343|352|400|-H1-|-H1-|3535|1011|645|3|4.334823|2.813945|0.461214|3.264917|0.000000
241|543|8|31|_DC|HOH|4243|199|352|-H41|-H1-|3535|1011|645|3|4.724003|-3.810945|2.733786|0.565083|0.000000
241|544|31|75|HOH|HOH|4343|352|484|-H1-|-H1-|3535|1011|545|3|4.687901|-2.750000|-3.527786|-1.403082|0.000000
241|545|10|31|_DC|HOH|4243|228|352|-OP2|-H1-|2635|1011|545|3|4.860720|1.898000|2.181787|-3.906918|41.250000
241|546|31|76|HOH|HOH|4343|353|487|-H2-|-H1-|3535|1011|545|3|4.565409|-3.921000|-0.220787|-2.328083|0.000000
241|547|32|58|HOH|HOH|4343|355|432|-H1-|-O--|3528|1011|455|4|2.937278|-1.193945|-0.493000|-2.638000|12.950310
241|548|32|69|HOH|HOH|4343|355|466|-H1-|-H1-|3535|1011|545|3|3.712401|-0.721000|-3.189786|-1.757084|0.000000
241|549|32|73|HOH|HOH|4343|355|479|-H1-|-H2-|3535|1011|455|1|2.554751|-0.997472|-1.502000|1.809916|0.000000
241|550|7|32|_DG|HOH|4243|171|355|-O6-|-H1-|2635|1011|455|4|3.664703|3.516946|0.066000|1.027999|97.500000
241|551|32|55|HOH|HOH|4343|355|423|-H1-|-O--|3528|1011|455|4|1.835811|-1.624945|-0.021000|0.854000|26.284405
241|552|32|62|HOH|HOH|4343|356|444|-H2-|-O--|3528|1011|455|1|3.744578|0.127527|-1.054000|3.590918|32.669495
241|553|32|12|HOH|SPD|4353|356|299|-H2-|-H91|3534|1011|555|3|3.936572|3.552000|1.551787|0.686916|0.000000
241|554|32|56|HOH|HOH|4343|354|428|-O--|-H2-|2835|1011|455|4|2.725429|-1.436945|2.084000|-1.009999|6.531101
241|555|32|34|HOH|HOH|4343|355|361|-H1-|-H1-|3535|1011|555|3|4.081373|-0.230000|3.574786|1.955916|0.000000
241|556|32|68|HOH|HOH|4343|355|462|-H1-|-O--|3528|1011|455|4|3.583146|-0.989945|2.112000|2.720000|10.714286
241|557|33|62|HOH|HOH|4343|358|444|-H1-|-O--|3528|1011|455|1|1.962096|-1.708473|-0.631000|0.729918|32.669495
241|558|33|73|HOH|HOH|4343|358|478|-H1-|-H1-|3535|1011|455|1|3.436111|-3.176473|-1.298000|-0.179082|0.000000
241|559|33|12|HOH|SPD|4353|357|296|-O--|-H72|2834|1011|555|3|2.782465|1.972000|1.909787|0.453918|8.860021
241|560|11|33|_DG|HOH|4243|255|358|-O3'|-H1-|2635|1011|455|1|4.199791|3.082473|-1.734000|-2.264916|49.285713
241|561|34|72|HOH|HOH|4343|362|476|-H2-|-H2-|3535|1011|545|3|3.880903|-3.864000|0.290213|-0.216082|0.000000
241|562|34|76|HOH|HOH|4343|360|488|-O--|-H2-|2835|1011|545|3|3.618339|-3.223000|-0.046786|1.643916|10.510205
241|563|11|34|_DG|HOH|4243|255|361|-O3'|-H1-|2635|1011|545|2|4.085136|0.465527|2.526786|3.176000|49.285713
241|564|7|34|_DG|HOH|4243|168|361|-N7-|-H1-|2535|1011|645|3|3.933696|-2.201945|0.763786|-3.168917|76.836731
241|565|34|55|HOH|HOH|4343|361|425|-H1-|-H2-|3535|1011|645|3|3.144539|1.326945|-2.800787|0.531917|0.000000
241|566|34|56|HOH|HOH|4343|361|428|-H1-|-H2-|3535|1011|645|3|3.831837|0.412945|-1.384786|3.548918|0.000000
241|567|34|68|HOH|HOH|4343|361|462|-H1-|-O--|3528|1011|645|3|1.816888|0.759945|-1.462787|-0.764083|10.714286
241|568|34|77|HOH|HOH|4343|362|491|-H2-|-H2-|3535|1011|545|3|2.437878|-1.347000|1.554213|1.308918|0.000000
241|569|6|34|_DC|HOH|4243|136|361|-O5'|-H1-|2635|1011|645|3|3.451411|-3.041946|0.532787|1.541083|32.974415
241|570|34|62|HOH|HOH|4343|361|445|-H1-|-H1-|3535|1011|545|2|4.920215|-1.433527|-4.179788|-2.164000|0.000000
241|571|34|59|HOH|HOH|4343|361|436|-H1-|-H1-|3535|1011|645|3|4.717414|3.176945|0.720214|-3.412083|0.000000
241|572|35|58|HOH|HOH|4343|365|432|-H2-|-O--|3528|1011|455|4|2.634209|-1.023945|-0.319000|2.406000|12.950310
241|573|35|69|HOH|HOH|4343|365|465|-H2-|-O--|3528|1011|545|3|3.838485|-0.906000|-2.873785|2.377917|7.982635
241|574|35|43|HOH|HOH|4343|365|389|-H2-|-H2-|3535|1011|555|3|3.571251|-2.080000|1.435786|-2.523084|0.000000
241|575|35|44|HOH|HOH|4343|363|392|-O--|-H2-|2835|1011|555|3|2.799335|-1.991000|1.967786|0.003917|6.367522
241|576|8|35|_DC|HOH|4243|200|365|-H42|-H2-|3535|1011|455|4|3.890804|3.767945|-0.439000|-0.865000|0.000000
241|577|35|56|HOH|HOH|4343|363|427|-O--|-H1-|2835|1011|455|4|3.323014|-0.149945|2.592000|2.074000|6.367522
241|578|35|66|HOH|HOH|4343|365|456|-H2-|-O--|3528|1011|545|3|4.870457|-1.572000|-3.752785|-2.677084|1.955538
241|579|7|36|_DG|HOH|4243|157|367|-OP2|-H1-|2635|1011|545|3|4.034974|2.203000|2.787785|1.912082|25.178572
241|580|8|36|_DC|HOH|4243|182|368|-OP2|-H2-|2635|1011|545|3|2.293787|1.252000|1.182785|-1.514917|46.141304
241|581|36|82|HOH|HOH|4343|368|504|-H2-|-O--|3528|1011|545|3|1.986403|-1.855000|0.654215|-0.277083|38.699284
241|582|36|61|HOH|HOH|4343|366|442|-O--|-H1-|2835|1011|545|3|4.264342|-1.537000|-3.967786|0.280916|2.266667
241|583|36|70|HOH|HOH|4343|367|468|-H1-|-O--|3528|1011|545|3|2.139696|-1.606000|-0.235786|-1.394083|14.722589
241|584|36|72|HOH|HOH|4343|367|475|-H1-|-H1-|3535|1011|545|3|4.056634|0.668000|-3.357786|-2.176083|0.000000
241|585|36|76|HOH|HOH|4343|366|487|-O--|-H1-|2835|1011|545|3|4.241901|2.075000|-3.485787|1.239917|2.266667
241|586|36|78|HOH|HOH|4343|366|494|-O--|-H2-|2835|1011|545|3|1.978351|-1.039000|-1.579786|0.581918|2.266667
241|587|36|69|HOH|HOH|4343|368|466|-H2-|-H1-|3535|1011|545|3|4.056289|-1.993000|3.328214|-1.185083|0.000000
241|588|36|77|HOH|HOH|4343|366|489|-O--|-O--|2828|1011|545|3|4.097769|3.344000|-2.044786|-1.195084|7.244967
241|589|36|53|HOH|HOH|4343|368|417|-H2-|-O--|3528|1011|545|3|4.685081|-4.442000|1.350214|0.628918|57.580647
241|590|37|62|HOH|HOH|4343|371|444|-H2-|-O--|3528|1011|455|1|3.947375|-2.272473|-0.492000|3.189918|32.669495
241|591|37|12|HOH|SPD|4353|371|299|-H2-|-H91|3534|1011|555|3|2.424241|1.152000|2.113787|0.285916|0.000000
241|592|37|73|HOH|HOH|4343|371|478|-H2-|-H1-|3535|1011|455|1|4.531778|-3.740473|-1.159000|2.280918|0.000000
241|593|38|42|HOH|HOH|4343|372|386|-O--|-H2-|2835|1011|545|2|3.077230|0.145473|-1.404787|-2.734000|0.131127
241|594|38|41|HOH|HOH|4343|372|383|-O--|-H2-|2835|1011|545|2|3.284086|1.723473|1.822214|-2.120001|0.131127
241|595|38|72|HOH|HOH|4343|372|476|-O--|-H2-|2835|1011|554|1|4.993600|-1.714528|1.736001|-4.356918|0.131127
241|596|38|83|HOH|HOH|4343|372|508|-O--|-H1-|2835|1011|655|4|4.732821|2.921945|2.068000|3.096000|0.131127
241|597|9|39|_DG|HOH|4243|213|377|-C8-|-H2-|2435|1011|555|2|3.322281|0.566527|-2.357786|2.271000|50.406975
241|598|39|74|HOH|HOH|4343|377|482|-H2-|-H2-|3535|1011|555|2|3.534679|-1.199528|2.321786|2.380000|0.000000
241|599|10|39|_DC|HOH|4243|227|376|-OP1|-H1-|2635|1011|655|4|1.955999|0.330055|1.186000|-1.520000|46.643833
241|600|11|39|_DG|HOH|4243|260|376|-N7-|-H1-|2535|1011|655|4|4.004747|-1.638945|0.643000|3.597000|61.013512
241|601|39|57|HOH|HOH|4343|376|431|-H1-|-H2-|3535|1011|655|4|3.492810|3.439945|0.586000|-0.152000|0.000000
241|602|9|39|_DG|HOH|4243|209|376|-O3'|-H1-|2635|1011|655|4|2.804492|-1.756945|-0.161000|-2.180000|40.012222
241|603|10|39|_DC|HOH|4243|245|375|-H41|-O--|3528|1011|555|2|3.995499|-0.156472|-3.949786|-0.582000|23.461538
241|604|39|52|HOH|HOH|4343|375|415|-O--|-H1-|2835|1011|654|1|4.346363|2.986417|1.183000|-2.927916|23.461538
241|605|39|71|HOH|HOH|4343|375|473|-O--|-H2-|2835|1011|655|4|2.192924|0.695945|0.937999|-1.856000|23.461538
241|606|39|80|HOH|HOH|4343|375|499|-O--|-H1-|2835|1011|555|2|1.664565|-0.162527|1.364786|0.939000|23.461538
241|607|39|40|HOH|HOH|4343|375|379|-O--|-H1-|2835|1011|655|3|3.736209|0.708945|2.410786|2.764917|23.461538
241|608|9|40|_DG|HOH|4243|206|380|-C4'|-H2-|2435|1011|545|3|3.346868|1.496000|2.935787|0.587082|60.250835
241|609|40|48|HOH|HOH|4343|380|402|-H2-|-O--|3528|1011|555|1|2.273801|-1.557527|1.217000|1.123917|15.906592
241|610|40|47|HOH|HOH|4343|379|400|-H1-|-H1-|3535|1011|645|3|4.856539|3.711945|-2.891786|-1.202084|0.000000
241|611|40|74|HOH|HOH|4343|379|482|-H1-|-H2-|3535|1011|555|1|2.920909|2.831472|-0.269000|0.664917|0.000000
241|612|40|80|HOH|HOH|4343|379|498|-H1-|-O--|3528|1011|555|1|2.061950|1.322472|-0.203000|1.568916|30.918367
241|613|10|40|_DC|HOH|4243|245|379|-H41|-H1-|3535|1011|555|1|2.727430|-0.552472|-1.539001|-2.182917|0.000000
241|614|10|40|_DC|HOH|4243|227|379|-OP1|-H1-|2635|1011|545|3|4.716554|-0.683000|4.495786|-1.251917|46.643833
241|615|40|71|HOH|HOH|4343|379|472|-H1-|-H1-|3535|1011|545|3|4.678471|-1.345000|-1.780786|4.111917|0.000000
241|616|41|72|HOH|HOH|4343|381|476|-O--|-H2-|2835|1011|545|3|3.836096|-3.570000|-0.319787|1.366918|10.395035
241|617|41|76|HOH|HOH|4343|381|488|-O--|-H2-|2835|1011|545|3|4.969284|-2.629000|-0.943787|4.109916|10.395035
241|618|11|41|_DG|HOH|4243|269|383|HO3'|-H2-|3535|1011|545|2|3.258158|-0.273472|3.192786|0.589000|0.000000
241|619|41|68|HOH|HOH|4343|381|464|-O--|-H2-|2835|1011|645|3|3.553627|2.380944|-2.483786|0.888917|10.395035
241|620|41|77|HOH|HOH|4343|381|491|-O--|-H2-|2835|1011|545|3|3.219244|-1.053000|0.944213|2.891918|10.395035
241|621|6|41|_DC|HOH|4243|136|382|-O5'|-H1-|2635|1011|645|3|4.470297|-3.434946|2.724787|-0.871917|32.974415
241|622|41|59|HOH|HOH|4343|382|436|-H1-|-H1-|3535|1011|645|3|3.988587|3.569945|-1.471786|-0.999083|0.000000
241|623|41|67|HOH|HOH|4343|382|461|-H1-|-H2-|3535|1011|645|3|4.739217|4.218945|1.682215|-1.353083|0.000000
241|624|42|72|HOH|HOH|4343|385|476|-H1-|-H2-|3535|1011|545|3|3.278001|-2.458000|-1.866787|1.103918|0.000000
241|625|42|76|HOH|HOH|4343|385|488|-H1-|-H2-|3535|1011|545|3|4.827429|-1.517000|-2.490787|3.846916|0.000000
241|626|42|77|HOH|HOH|4343|384|490|-O--|-H1-|2835|1011|545|3|1.605960|-0.256000|-0.440785|1.522918|3.750000
241|627|43|65|HOH|HOH|4343|388|454|-H1-|-H1-|3535|1011|545|3|2.106529|-1.845000|0.632214|-0.796082|0.000000
241|628|10|43|_DC|HOH|4243|228|388|-OP2|-H1-|2635|1011|545|3|3.421690|3.267000|-0.843213|-0.568918|41.250000
241|629|43|81|HOH|HOH|4343|388|501|-H1-|-O--|3528|1011|545|3|2.198232|-1.710000|-1.226786|0.634918|7.299306
241|630|43|47|HOH|HOH|4343|387|400|-O--|-H1-|2835|1011|645|3|3.154691|0.675945|3.060214|0.360918|24.062498
241|631|8|43|_DC|HOH|4243|199|389|-H41|-H2-|3535|1011|645|3|3.625880|-1.138946|-0.672215|3.376083|0.000000
241|632|11|43|_DG|HOH|4243|248|388|-OP1|-H1-|2635|1011|545|3|4.796667|2.722000|3.369786|-2.059919|26.058393
241|633|7|44|_DG|HOH|4243|168|392|-N7-|-H2-|2535|1011|645|3|3.454237|-0.921945|-0.487214|3.293083|76.836731
241|634|44|56|HOH|HOH|4343|392|426|-H2-|-O--|3528|1011|645|3|2.502919|-1.373054|-0.246785|-2.078082|6.047709
241|635|44|58|HOH|HOH|4343|392|434|-H2-|-H2-|3535|1011|645|3|3.375372|0.642945|-2.665785|-1.968082|0.000000
241|636|44|65|HOH|HOH|4343|391|453|-H1-|-O--|3528|1011|545|3|2.748074|-2.646000|0.365214|0.645918|0.070326
241|637|44|47|HOH|HOH|4343|391|400|-H1-|-H1-|3535|1011|645|3|3.335481|0.659945|2.538214|2.060917|0.000000
241|638|8|44|_DC|HOH|4243|199|392|-H41|-H2-|3535|1011|645|3|1.944645|-1.878945|0.389786|0.315083|0.000000
241|639|44|54|HOH|HOH|4343|390|420|-O--|-O--|2828|1011|645|3|4.998138|3.568945|3.208214|1.396918|0.969231
241|640|10|44|_DC|HOH|4243|228|391|-OP2|-H1-|2635|1011|545|3|4.871904|4.052000|0.104787|-2.702917|41.250000
241|641|44|81|HOH|HOH|4343|391|501|-H1-|-O--|3528|1011|545|3|4.315278|-2.495000|-2.174786|2.768917|7.299306
241|642|9|44|_DG|HOH|4243|203|392|-OP2|-H2-|2635|1011|545|3|4.645020|4.613000|-0.496215|0.224083|43.593750
241|643|44|75|HOH|HOH|4343|392|483|-H2-|-O--|3528|1011|545|3|4.684636|-4.069000|-1.301785|-1.922083|6.146616
241|644|45|77|HOH|HOH|4343|395|490|-H2-|-H1-|3535|1011|545|3|4.221642|-1.516000|-3.817785|0.973918|0.000000
241|645|47|71|HOH|HOH|4343|401|471|-H2-|-O--|3528|1011|555|2|4.495485|-3.020528|3.321787|-0.227000|6.347249
241|646|47|52|HOH|HOH|4343|399|414|-O--|-O--|2828|1011|655|3|2.872526|-1.156054|2.625786|-0.142083|2.804465
241|647|47|57|HOH|HOH|4343|401|429|-H2-|-O--|3528|1011|555|2|4.536050|-0.666528|4.289786|-1.315000|6.739130
241|648|47|74|HOH|HOH|4343|401|480|-H2-|-O--|3528|1011|555|2|2.768741|1.323472|2.302786|-0.782000|5.642202
241|649|47|51|HOH|HOH|4343|399|411|-O--|-O--|2828|1011|655|3|3.950212|-0.803054|2.788786|2.679917|2.145553
241|650|47|80|HOH|HOH|4343|400|498|-H1-|-O--|3528|1011|555|2|4.540660|2.389473|2.688786|-2.771000|30.918367
241|651|10|47|_DC|HOH|4243|227|400|-OP1|-H1-|2635|1011|655|4|4.215381|-3.028945|1.604000|2.454000|46.643833
241|652|47|65|HOH|HOH|4343|400|453|-H1-|-O--|3528|1011|655|4|4.201599|3.305945|-2.173000|1.415000|0.070326
241|653|9|48|_DG|HOH|4243|211|403|-C1'|-H1-|2435|1011|555|2|2.706165|-0.789473|-2.547786|0.457000|54.875774
241|654|48|74|HOH|HOH|4343|403|481|-H1-|-H1-|3535|1011|555|2|4.325360|1.108473|1.862787|3.743000|0.000000
241|655|48|80|HOH|HOH|4343|403|500|-H1-|-H2-|3535|1011|555|2|4.971286|3.891473|2.206786|2.168000|0.000000
241|656|9|49|_DG|HOH|4243|213|407|-C8-|-H2-|2435|1011|555|2|3.272835|-1.061472|-2.979786|0.840000|50.406975
241|657|49|74|HOH|HOH|4343|405|481|-O--|-H1-|2835|1011|555|2|4.039550|-0.918528|2.929787|2.625000|26.589649
241|658|10|49|_DC|HOH|4243|227|406|-OP1|-H1-|2635|1011|655|4|3.441232|-2.735945|0.413000|-2.046000|46.643833
241|659|49|71|HOH|HOH|4343|405|473|-O--|-H2-|2835|1011|655|4|3.928855|3.376945|1.667999|-1.118000|26.589649
241|660|49|80|HOH|HOH|4343|405|499|-O--|-H1-|2835|1011|555|2|3.680104|2.518473|2.094786|1.677000|26.589649
241|661|11|49|_DG|HOH|4243|259|407|-C8-|-H2-|2435|1011|655|4|4.339629|-3.468945|1.494000|2.137000|73.235298
241|662|50|62|HOH|HOH|4343|410|444|-H2-|-O--|3528|1011|655|4|3.517571|-0.679055|-2.067000|-2.764000|32.669495
241|663|50|73|HOH|HOH|4343|410|478|-H2-|-H1-|3535|1011|655|4|4.009160|0.788945|-1.400000|-3.673000|0.000000
241|664|9|50|_DG|HOH|4243|213|409|-C8-|-H1-|2435|1011|555|2|3.624355|-0.369473|-3.242786|-1.576000|50.406975
241|665|11|50|_DG|HOH|4243|259|409|-C8-|-H1-|2435|1011|655|4|3.050349|-2.776945|1.231000|-0.279000|73.235298
241|666|8|50|_DC|HOH|4243|181|409|-OP1|-H1-|2635|1011|555|2|3.517508|-1.404473|-1.802786|2.674001|70.551331
241|667|50|71|HOH|HOH|4343|409|473|-H1-|-H2-|3535|1011|655|4|3.961968|2.554945|2.002999|2.271000|0.000000
241|668|51|74|HOH|HOH|4343|411|480|-O--|-O--|2828|1011|555|1|4.702049|-1.665528|-0.676000|4.344917|0.722422
241|669|7|51|_DG|HOH|4243|163|413|-O3'|-H2-|2635|1011|645|3|3.572698|-2.251945|1.064785|2.561083|53.389057
241|670|8|51|_DC|HOH|4243|181|413|-OP1|-H2-|2635|1011|645|3|3.950477|-3.805944|-0.257213|1.027082|70.551331
241|671|51|54|HOH|HOH|4343|413|422|-H2-|-H2-|3535|1011|645|3|2.469591|1.282945|-1.891787|0.934918|0.000000
241|672|51|71|HOH|HOH|4343|413|471|-H2-|-O--|3528|1011|555|1|4.009583|1.735473|0.067000|3.613917|6.347249
241|673|51|53|HOH|HOH|4343|412|419|-H1-|-H2-|3535|1011|645|3|3.816876|2.093946|0.601214|-3.134083|0.000000
241|674|11|51|_DG|HOH|4243|263|411|-O6-|-O--|2628|1011|555|1|3.538725|0.809528|-2.389000|-2.481918|55.468201
241|675|51|57|HOH|HOH|4343|413|430|-H2-|-H1-|3535|1011|555|1|4.693091|-0.521527|1.899000|4.259919|0.000000
241|676|52|74|HOH|HOH|4343|416|481|-H2-|-H1-|3535|1011|555|1|2.023701|-1.044528|-0.939000|1.456917|0.000000
241|677|52|54|HOH|HOH|4343|415|422|-H1-|-H2-|3535|1011|645|3|2.719879|0.917945|-1.703787|-1.911081|0.000000
241|678|9|52|_DG|HOH|4243|214|415|-N7-|-H1-|2535|1011|645|3|3.593184|-3.239945|1.524786|-0.297918|49.841499
241|679|52|71|HOH|HOH|4343|415|471|-H1-|-O--|3528|1011|555|1|1.591515|1.370473|0.255001|0.767918|6.347249
241|680|11|52|_DG|HOH|4243|263|416|-O6-|-H2-|2635|1011|555|1|2.477137|0.824528|-2.041000|1.136082|97.500000
241|681|52|57|HOH|HOH|4343|416|429|-H2-|-O--|3528|1011|555|1|1.615715|0.309472|0.963000|1.259918|6.739130
241|682|52|80|HOH|HOH|4343|415|499|-H1-|-H1-|3535|1011|645|3|4.990185|3.148945|-0.181786|3.866917|0.000000
241|683|52|80|HOH|HOH|4343|416|498|-H2-|-O--|3528|1011|555|1|4.661058|-4.030528|-0.931000|2.147917|30.918367
241|684|10|52|_DC|HOH|4243|243|416|-C5-|-H2-|2435|1011|555|1|4.143314|2.475527|-2.185000|-2.502916|52.771084
241|685|9|52|_DG|HOH|4243|210|416|-C2'|-H2-|2435|1011|555|1|4.428135|0.009528|-0.390000|-4.410917|48.559322
241|686|53|73|HOH|HOH|4343|418|477|-H1-|-O--|3528|1011|555|2|3.759280|-2.444527|2.570786|-1.244000|53.389057
241|687|53|58|HOH|HOH|4343|417|433|-O--|-H1-|2835|1011|655|3|4.997180|-1.930056|3.676785|2.779919|57.580647
241|688|53|55|HOH|HOH|4343|418|424|-H1-|-H1-|3535|1011|655|3|4.933320|-0.556055|4.885786|0.396916|0.000000
241|689|54|71|HOH|HOH|4343|422|471|-H2-|-O--|3528|1011|555|2|3.349428|-0.452528|1.958787|-2.679000|6.347249
241|690|54|74|HOH|HOH|4343|420|480|-O--|-O--|2828|1011|555|2|4.578073|3.183473|1.553786|-2.900000|7.958729
241|691|55|69|HOH|HOH|4343|423|466|-O--|-H1-|2835|1011|645|3|4.204293|0.903944|-3.168786|-2.611084|26.284405
241|692|55|73|HOH|HOH|4343|423|479|-O--|-H2-|2835|1011|555|1|1.871058|0.627473|-1.481000|0.955916|26.284405
241|693|55|62|HOH|HOH|4343|425|445|-H2-|-H1-|3535|1011|555|1|4.097538|2.760473|-1.379000|2.695917|0.000000
241|694|56|65|HOH|HOH|4343|427|453|-H1-|-O--|3528|1011|655|4|4.210557|0.582945|0.008000|-4.170000|0.070326
241|695|56|75|HOH|HOH|4343|427|483|-H1-|-O--|3528|1011|655|4|2.948747|2.227943|-1.926000|-0.148000|6.146616
241|696|56|76|HOH|HOH|4343|427|488|-H1-|-H2-|3535|1011|655|4|4.324955|3.245945|1.324000|2.533002|0.000000
241|697|57|80|HOH|HOH|4343|431|499|-H2-|-H1-|3535|1011|455|2|4.437350|-3.958472|1.677786|1.098000|0.000000
241|698|58|69|HOH|HOH|4343|433|465|-H1-|-O--|3528|1011|645|3|1.566428|0.163945|-1.556785|0.056917|7.982635
241|699|58|73|HOH|HOH|4343|433|479|-H1-|-H2-|3535|1011|555|1|4.539411|0.242473|-0.011000|4.532917|0.000000
241|700|58|75|HOH|HOH|4343|432|485|-O--|-H2-|2835|1011|655|4|4.539187|4.355945|1.069000|0.698000|12.950310
241|701|58|82|HOH|HOH|4343|433|506|-H1-|-H2-|3535|1011|645|3|4.754632|-0.308055|-4.291786|2.022917|0.000000
241|702|58|70|HOH|HOH|4343|433|469|-H1-|-H1-|3535|1011|645|3|4.971756|1.002945|-4.692785|-1.300083|0.000000
241|703|59|83|HOH|HOH|4343|435|509|-O--|-H2-|2835|1011|555|1|4.688899|2.426472|0.720999|3.946918|4.067796
241|704|62|68|HOH|HOH|4343|445|463|-H1-|-H1-|3535|1011|554|1|2.965371|1.440472|-2.448000|-0.851917|0.000000
241|705|64|83|HOH|HOH|4343|452|507|-H2-|-O--|3528|1011|555|3|4.108271|-1.417000|1.605785|3.505917|0.798507
241|706|66|83|HOH|HOH|4343|458|507|-H2-|-O--|3528|1011|555|3|3.296512|-1.251000|-1.232215|2.789917|0.798507
241|707|66|81|HOH|HOH|4343|458|502|-H2-|-H1-|3535|1011|555|3|4.118161|-1.834000|3.647785|0.537918|0.000000
241|708|68|73|HOH|HOH|4343|462|479|-O--|-H2-|2835|1011|555|1|3.726835|-0.007527|-3.614000|-0.910083|10.714286
241|709|69|73|HOH|HOH|4343|466|479|-H1-|-H2-|3535|1011|555|2|3.955824|0.276473|1.687786|-3.566999|0.000000
241|710|71|80|HOH|HOH|4343|473|499|-H2-|-H1-|3535|1011|455|2|2.954851|-0.858472|0.426786|2.795000|0.000000
241|711|73|82|HOH|HOH|4343|477|506|-O--|-H2-|2835|1011|455|2|4.628655|0.888528|3.468786|-2.933002|53.389057
