0|0|49|346|49|ASP|_ZN|ASP|214621|372|2633|373|-OD1|ZN--|-OD2|104010|1408|1411|3.511124|2.025776|2.199489|35.411083
0|1|49|346|51|ASP|_ZN|HIS|214633|372|2633|389|-OD1|ZN--|-NE2|104013|1408|1513|3.511124|2.213470|3.442865|69.772636
0|2|49|346|57|ASP|_ZN|GLU|214625|372|2633|439|-OD1|ZN--|-OE1|104010|1408|1712|3.511124|1.995149|4.906605|123.663414
0|3|49|346|57|ASP|_ZN|GLU|214625|372|2633|440|-OD1|ZN--|-OE2|104010|1408|1721|3.511124|3.550962|5.021502|90.639160
0|4|49|346|64|ASP|_ZN|HIS|214633|372|2633|500|-OD1|ZN--|-NE2|104013|1408|1874|3.511124|2.195088|5.434077|143.448685
0|5|49|346|51|ASP|_ZN|HIS|214633|373|2633|389|-OD2|ZN--|-NE2|104013|1411|1513|2.025776|2.213470|2.951463|88.133575
0|6|49|346|57|ASP|_ZN|GLU|214625|373|2633|439|-OD2|ZN--|-OE1|104010|1411|1712|2.025776|1.995149|3.914813|153.614929
0|7|49|346|57|ASP|_ZN|GLU|214625|373|2633|440|-OD2|ZN--|-OE2|104010|1411|1721|2.025776|3.550962|4.988806|124.626953
0|8|49|346|64|ASP|_ZN|HIS|214633|373|2633|500|-OD2|ZN--|-NE2|104013|1411|1874|2.025776|2.195088|3.516241|112.767822
0|9|57|346|51|GLU|_ZN|HIS|254633|439|2633|389|-OE1|ZN--|-NE2|104013|1712|1513|1.995149|2.213470|3.170704|97.633728
0|10|57|346|51|GLU|_ZN|HIS|254633|440|2633|389|-OE2|ZN--|-NE2|104013|1721|1513|3.550962|2.213470|3.805464|78.897034
0|11|51|346|64|HIS|_ZN|HIS|334633|389|2633|500|-NE2|ZN--|-NE2|134013|1513|1874|2.213470|2.195088|3.361981|99.387627
0|12|57|346|57|GLU|_ZN|GLU|254625|439|2633|440|-OE1|ZN--|-OE2|104010|1712|1721|1.995149|3.550962|2.194975|33.818241
0|13|57|346|64|GLU|_ZN|HIS|254633|439|2633|500|-OE1|ZN--|-NE2|104013|1712|1874|1.995149|2.195088|3.011455|91.765350
0|14|57|346|64|GLU|_ZN|HIS|254633|440|2633|500|-OE2|ZN--|-NE2|104013|1721|1874|3.550962|2.195088|5.076822|122.370354
0|15|222|347|222|ASP|_ZN|ASP|214621|1686|2634|1687|-OD1|ZN--|-OD2|104010|5854|5863|3.411927|2.012497|2.192313|37.568211
0|16|222|347|224|ASP|_ZN|HIS|214633|1686|2634|1703|-OD1|ZN--|-NE2|104013|5854|5962|3.411927|2.174950|3.400411|71.094200
0|17|222|347|230|ASP|_ZN|GLU|214625|1686|2634|1753|-OD1|ZN--|-OE1|104010|5854|6159|3.411927|2.017404|4.686656|117.017494
0|18|222|347|230|ASP|_ZN|GLU|214625|1686|2634|1754|-OD1|ZN--|-OE2|104010|5854|6169|3.411927|3.718844|4.968352|88.223915
0|19|222|347|237|ASP|_ZN|HIS|214633|1686|2634|1814|-OD1|ZN--|-NE2|104013|5854|6312|3.411927|2.173935|5.437948|152.883759
0|20|222|347|354|ASP|_ZN|HOH|214643|1686|2634|2641|-OD1|ZN--|-O--|104028|5854|8848|3.411927|2.993810|2.790244|51.136677
0|21|222|347|224|ASP|_ZN|HIS|214633|1687|2634|1703|-OD2|ZN--|-NE2|104013|5863|5962|2.012497|2.174950|3.129239|96.635628
0|22|222|347|230|ASP|_ZN|GLU|214625|1687|2634|1753|-OD2|ZN--|-OE1|104010|5863|6159|2.012497|2.017404|3.830853|143.833771
0|23|222|347|230|ASP|_ZN|GLU|214625|1687|2634|1754|-OD2|ZN--|-OE2|104010|5863|6169|2.012497|3.718844|5.050868|120.652565
0|24|222|347|237|ASP|_ZN|HIS|214633|1687|2634|1814|-OD2|ZN--|-NE2|104013|5863|6312|2.012497|2.173935|3.657851|121.744804
0|25|222|347|354|ASP|_ZN|HOH|214643|1687|2634|2641|-OD2|ZN--|-O--|104028|5863|8848|2.012497|2.993810|3.058058|72.311447
0|26|230|347|224|GLU|_ZN|HIS|254633|1753|2634|1703|-OE1|ZN--|-NE2|104013|6159|5962|2.017404|2.174950|3.060329|93.693344
0|27|230|347|224|GLU|_ZN|HIS|254633|1754|2634|1703|-OE2|ZN--|-NE2|104013|6169|5962|3.718844|2.174950|3.918330|78.565758
0|28|224|347|237|HIS|_ZN|HIS|334633|1703|2634|1814|-NE2|ZN--|-NE2|134013|5962|6312|2.174950|2.173935|3.391771|102.506020
0|29|224|347|354|HIS|_ZN|HOH|334643|1703|2634|2641|-NE2|ZN--|-O--|134028|5962|8848|2.174950|2.993810|3.900184|96.694481
0|30|230|347|230|GLU|_ZN|GLU|254625|1753|2634|1754|-OE1|ZN--|-OE2|104010|6159|6169|2.017404|3.718844|2.195342|29.339380
0|31|230|347|237|GLU|_ZN|HIS|254633|1753|2634|1814|-OE1|ZN--|-NE2|104013|6159|6312|2.017404|2.173935|2.947195|89.281754
0|32|230|347|354|GLU|_ZN|HOH|254643|1753|2634|2641|-OE1|ZN--|-O--|104028|6159|8848|2.017404|2.993810|3.053163|72.108406
0|33|230|347|237|GLU|_ZN|HIS|254633|1754|2634|1814|-OE2|ZN--|-NE2|104013|6169|6312|3.718844|2.173935|5.086795|116.916901
0|34|230|347|354|GLU|_ZN|HOH|254643|1754|2634|2641|-OE2|ZN--|-O--|104028|6169|8848|3.718844|2.993810|2.925605|50.266296
0|35|237|347|354|HIS|_ZN|HOH|334643|1814|2634|2641|-NE2|ZN--|-O--|134028|6312|8848|2.173935|2.993810|5.039460|154.079758
