0|0|18|MSE|A|1|8|0|000|18.903664|-1.000000|-1.000000|0.000000|-1|-1|0|0|-1|1
0|1|29|LYS|A|2|9|0|000|18.294046|-1.000000|-1.000000|0.000000|-1|-1|0|0|0|2
0|2|19|PRO|A|3|7|0|000|14.843769|-1.000000|-1.000000|0.000000|-1|-1|0|0|1|3
0|3|3|ALA|A|4|5|0|000|11.167235|-1.000000|-1.000000|0.000000|-1|-1|0|0|2|4
0|4|7|LEU|A|5|8|0|000|8.615949|-1.000000|-1.000000|0.000000|-1|-1|0|0|3|5
0|5|5|VAL|A|6|7|0|000|5.029938|-1.000000|-1.000000|0.000000|-1|-1|0|0|4|6
0|6|5|VAL|A|7|7|0|000|4.751453|-1.000000|-1.000000|0.000000|-1|-1|0|0|5|7
0|7|5|VAL|A|8|7|0|000|1.742278|-1.000000|-1.000000|0.000000|-1|-1|0|0|6|8
0|8|21|ASP|A|9|8|0|000|5.894800|-1.000000|-1.000000|0.000000|-1|-1|0|0|7|9
0|9|18|MSE|A|10|8|0|000|7.792608|-1.000000|-1.000000|0.000000|-1|-1|0|0|8|10
0|10|5|VAL|A|11|7|0|000|10.438787|-1.000000|-1.000000|0.000000|-1|-1|0|0|9|11
0|11|23|ASN|A|12|8|0|000|14.886076|-1.000000|-1.000000|0.000000|-1|-1|0|0|10|12
0|12|25|GLU|A|13|9|0|000|15.232025|-1.000000|-1.000000|0.000000|-1|-1|0|0|11|13
0|13|35|PHE|A|14|11|0|000|11.577662|-1.000000|-1.000000|0.000000|-1|-1|0|0|12|14
0|14|9|ILE|A|15|8|0|000|13.475113|-1.000000|-1.000000|0.000000|-1|-1|0|0|13|15
0|15|33|HIS|A|16|10|0|000|17.147486|-1.000000|-1.000000|0.000000|-1|-1|0|0|14|16
0|16|1|GLY|A|17|4|0|000|18.160711|-1.000000|-1.000000|0.000000|-1|-1|0|0|15|17
0|17|31|ARG|A|18|11|0|000|19.323294|-1.000000|-1.000000|0.000000|-1|-1|0|0|16|18
0|18|7|LEU|A|19|8|0|000|16.209146|-1.000000|-1.000000|0.000000|-1|-1|0|0|17|19
0|19|3|ALA|A|20|5|0|000|17.052429|-1.000000|-1.000000|0.000000|-1|-1|0|0|18|20
0|20|13|THR|A|21|7|0|000|16.158850|-1.000000|-1.000000|0.000000|-1|-1|0|0|19|21
0|21|19|PRO|A|22|7|0|000|18.035383|-1.000000|-1.000000|0.000000|-1|-1|0|0|20|22
0|22|25|GLU|A|23|9|0|000|15.728344|-1.000000|-1.000000|0.000000|-1|-1|0|0|21|23
0|23|3|ALA|A|24|5|0|000|12.807666|-1.000000|-1.000000|0.000000|-1|-1|0|0|22|24
0|24|18|MSE|A|25|8|0|000|16.216204|-1.000000|-1.000000|0.000000|-1|-1|0|0|23|25
0|25|29|LYS|A|26|5|0|000|15.061920|-1.000000|-1.000000|0.000000|-1|-1|0|0|24|26
0|26|13|THR|A|27|7|0|000|11.325727|-1.000000|-1.000000|0.000000|-1|-1|0|0|25|27
0|27|5|VAL|A|28|7|0|000|13.368000|-1.000000|-1.000000|0.000000|-1|-1|0|0|26|28
0|28|1|GLY|A|29|4|0|000|15.010319|-1.000000|-1.000000|0.000000|-1|-1|0|0|27|29
0|29|19|PRO|A|30|7|0|000|13.723930|-1.000000|-1.000000|0.000000|-1|-1|0|0|28|30
0|30|3|ALA|A|31|5|0|000|11.052515|-1.000000|-1.000000|0.000000|-1|-1|0|0|29|31
0|31|31|ARG|A|32|11|0|000|15.720862|-1.000000|-1.000000|0.000000|-1|-1|0|0|30|32
0|32|29|LYS|A|33|9|0|000|16.502272|-1.000000|-1.000000|0.000000|-1|-1|0|0|31|33
0|33|5|VAL|A|34|7|0|000|12.298917|-1.000000|-1.000000|0.000000|-1|-1|0|0|32|34
0|34|9|ILE|A|35|8|0|000|12.008224|-1.000000|-1.000000|0.000000|-1|-1|0|0|33|35
0|35|25|GLU|A|36|5|0|000|16.303091|-1.000000|-1.000000|0.000000|-1|-1|0|0|34|36
0|36|13|THR|A|37|7|0|000|16.732275|-1.000000|-1.000000|0.000000|-1|-1|0|0|35|37
0|37|35|PHE|A|38|11|0|000|13.837949|-1.000000|-1.000000|0.000000|-1|-1|0|0|36|38
0|38|31|ARG|A|39|11|0|000|16.019676|-1.000000|-1.000000|0.000000|-1|-1|0|0|37|39
0|39|31|ARG|A|40|5|0|000|20.276272|-1.000000|-1.000000|0.000000|-1|-1|0|0|38|40
0|40|11|SER|A|41|6|0|000|19.652058|-1.000000|-1.000000|0.000000|-1|-1|0|0|39|41
0|41|1|GLY|A|42|4|0|000|18.812174|-1.000000|-1.000000|0.000000|-1|-1|0|0|40|42
0|42|7|LEU|A|43|8|0|000|16.289848|-1.000000|-1.000000|0.000000|-1|-1|0|0|41|43
0|43|19|PRO|A|44|7|0|000|13.765197|-1.000000|-1.000000|0.000000|-1|-1|0|0|42|44
0|44|5|VAL|A|45|7|0|000|11.159765|-1.000000|-1.000000|0.000000|-1|-1|0|0|43|45
0|45|5|VAL|A|46|7|0|000|8.401261|-1.000000|-1.000000|0.000000|-1|-1|0|0|44|46
0|46|37|TYR|A|47|12|0|000|8.594033|-1.000000|-1.000000|0.000000|-1|-1|0|0|45|47
0|47|5|VAL|A|48|7|0|000|5.334339|-1.000000|-1.000000|0.000000|-1|-1|0|0|46|48
0|48|23|ASN|A|49|8|0|000|8.275232|-1.000000|-1.000000|0.000000|-1|-1|0|0|47|49
0|49|21|ASP|A|50|8|0|000|9.928428|-1.000000|-1.000000|0.000000|-1|-1|0|0|48|50
0|50|11|SER|A|51|6|0|000|13.908245|-1.000000|-1.000000|0.000000|-1|-1|0|0|49|51
0|51|33|HIS|A|52|10|0|000|14.706540|-1.000000|-1.000000|0.000000|-1|-1|0|0|50|52
0|52|37|TYR|A|53|12|0|000|19.229677|-1.000000|-1.000000|0.000000|-1|-1|0|0|51|53
0|53|19|PRO|A|54|7|0|000|21.918169|-1.000000|-1.000000|0.000000|-1|-1|0|0|52|54
0|54|21|ASP|A|55|8|0|000|22.308168|-1.000000|-1.000000|0.000000|-1|-1|0|0|53|55
0|55|21|ASP|A|56|8|0|000|17.951683|-1.000000|-1.000000|0.000000|-1|-1|0|0|54|56
0|56|19|PRO|A|57|7|0|000|18.580679|-1.000000|-1.000000|0.000000|-1|-1|0|0|55|57
0|57|25|GLU|A|58|9|0|000|15.298431|-1.000000|-1.000000|0.000000|-1|-1|0|0|56|58
0|58|9|ILE|A|59|8|0|000|19.098631|-1.000000|-1.000000|0.000000|-1|-1|0|0|57|59
0|59|31|ARG|A|60|5|0|000|21.702257|-1.000000|-1.000000|0.000000|-1|-1|0|0|58|60
0|60|9|ILE|A|61|8|0|000|19.224054|-1.000000|-1.000000|0.000000|-1|-1|0|0|59|61
0|61|39|TRP|A|62|14|0|000|16.528912|-1.000000|-1.000000|0.000000|-1|-1|0|0|60|62
0|62|1|GLY|A|63|4|0|000|19.476160|-1.000000|-1.000000|0.000000|-1|-1|0|0|61|63
0|63|31|ARG|A|64|11|0|000|21.211359|-1.000000|-1.000000|0.000000|-1|-1|0|0|62|64
0|64|33|HIS|A|65|10|0|000|14.921195|-1.000000|-1.000000|0.000000|-1|-1|0|0|63|65
0|65|11|SER|A|66|6|0|000|13.631482|-1.000000|-1.000000|0.000000|-1|-1|0|0|64|66
0|66|18|MSE|A|67|8|0|000|17.517439|-1.000000|-1.000000|0.000000|-1|-1|0|0|65|67
0|67|29|LYS|A|68|9|0|000|18.185896|-1.000000|-1.000000|0.000000|-1|-1|0|0|66|68
0|68|1|GLY|A|69|4|0|000|19.624313|-1.000000|-1.000000|0.000000|-1|-1|0|0|67|69
0|69|21|ASP|A|70|8|0|000|18.871473|-1.000000|-1.000000|0.000000|-1|-1|0|0|68|70
0|70|21|ASP|A|71|5|0|000|18.024656|-1.000000|-1.000000|0.000000|-1|-1|0|0|69|71
0|71|1|GLY|A|72|4|0|000|15.341659|-1.000000|-1.000000|0.000000|-1|-1|0|0|70|72
0|72|11|SER|A|73|6|0|000|13.756063|-1.000000|-1.000000|0.000000|-1|-1|0|0|71|73
0|73|25|GLU|A|74|5|0|000|13.801067|-1.000000|-1.000000|0.000000|-1|-1|0|0|72|74
0|74|5|VAL|A|75|7|0|000|12.007408|-1.000000|-1.000000|0.000000|-1|-1|0|0|73|75
0|75|9|ILE|A|76|8|0|000|13.076413|-1.000000|-1.000000|0.000000|-1|-1|0|0|74|76
0|76|21|ASP|A|77|8|0|000|17.376724|-1.000000|-1.000000|0.000000|-1|-1|0|0|75|77
0|77|25|GLU|A|78|9|0|000|16.164293|-1.000000|-1.000000|0.000000|-1|-1|0|0|76|78
0|78|9|ILE|A|79|8|0|000|12.398337|-1.000000|-1.000000|0.000000|-1|-1|0|0|77|79
0|79|31|ARG|A|80|11|0|000|17.189232|-1.000000|-1.000000|0.000000|-1|-1|0|0|78|80
0|80|19|PRO|A|81|7|0|000|14.325217|-1.000000|-1.000000|0.000000|-1|-1|0|0|79|81
0|81|11|SER|A|82|6|0|000|16.908876|-1.000000|-1.000000|0.000000|-1|-1|0|0|80|82
0|82|3|ALA|A|83|5|0|000|19.108229|-1.000000|-1.000000|0.000000|-1|-1|0|0|81|83
0|83|1|GLY|A|84|4|0|000|16.999254|-1.000000|-1.000000|0.000000|-1|-1|0|0|82|84
0|84|21|ASP|A|85|8|0|000|14.012892|-1.000000|-1.000000|0.000000|-1|-1|0|0|83|85
0|85|37|TYR|A|86|12|0|000|13.729835|-1.000000|-1.000000|0.000000|-1|-1|0|0|84|86
0|86|5|VAL|A|87|7|0|000|12.013098|-1.000000|-1.000000|0.000000|-1|-1|0|0|85|87
0|87|7|LEU|A|88|8|0|000|10.293731|-1.000000|-1.000000|0.000000|-1|-1|0|0|86|88
0|88|25|GLU|A|89|9|0|000|13.252575|-1.000000|-1.000000|0.000000|-1|-1|0|0|87|89
0|89|29|LYS|A|90|9|0|000|8.990329|-1.000000|-1.000000|0.000000|-1|-1|0|0|88|90
0|90|33|HIS|A|91|10|0|000|14.219341|-1.000000|-1.000000|0.000000|-1|-1|0|0|89|91
0|91|3|ALA|A|92|5|0|000|11.083976|-1.000000|-1.000000|0.000000|-1|-1|0|0|90|92
0|92|37|TYR|A|93|12|0|000|10.792109|-1.000000|-1.000000|0.000000|-1|-1|0|0|91|93
0|93|11|SER|A|94|6|0|000|8.457614|-1.000000|-1.000000|0.000000|-1|-1|0|0|92|94
0|94|1|GLY|A|95|4|0|000|7.399001|-1.000000|-1.000000|0.000000|-1|-1|0|0|93|95
0|95|35|PHE|A|96|11|0|000|9.973659|-1.000000|-1.000000|0.000000|-1|-1|0|0|94|96
0|96|37|TYR|A|97|12|0|000|14.388271|-1.000000|-1.000000|0.000000|-1|-1|0|0|95|97
0|97|1|GLY|A|98|4|0|000|14.370732|-1.000000|-1.000000|0.000000|-1|-1|0|0|96|98
0|98|13|THR|A|99|7|0|000|12.419936|-1.000000|-1.000000|0.000000|-1|-1|0|0|97|99
0|99|23|ASN|A|100|8|0|000|14.115619|-1.000000|-1.000000|0.000000|-1|-1|0|0|98|100
0|100|7|LEU|A|101|8|0|000|10.282867|-1.000000|-1.000000|0.000000|-1|-1|0|0|99|101
0|101|21|ASP|A|102|8|0|000|14.453168|-1.000000|-1.000000|0.000000|-1|-1|0|0|100|102
0|102|18|MSE|A|103|8|0|000|17.030941|-1.000000|-1.000000|0.000000|-1|-1|0|0|101|103
0|103|9|ILE|A|104|8|0|000|14.150209|-1.000000|-1.000000|0.000000|-1|-1|0|0|102|104
0|104|7|LEU|A|105|8|0|000|13.305432|-1.000000|-1.000000|0.000000|-1|-1|0|0|103|105
0|105|31|ARG|A|106|11|0|000|18.418869|-1.000000|-1.000000|0.000000|-1|-1|0|0|104|106
0|106|3|ALA|A|107|5|0|000|19.212904|-1.000000|-1.000000|0.000000|-1|-1|0|0|105|107
0|107|23|ASN|A|108|8|0|000|17.735695|-1.000000|-1.000000|0.000000|-1|-1|0|0|106|108
0|108|1|GLY|A|109|4|0|000|19.012403|-1.000000|-1.000000|0.000000|-1|-1|0|0|107|109
0|109|9|ILE|A|110|8|0|000|15.627295|-1.000000|-1.000000|0.000000|-1|-1|0|0|108|110
0|110|21|ASP|A|111|8|0|000|17.228683|-1.000000|-1.000000|0.000000|-1|-1|0|0|109|111
0|111|13|THR|A|112|7|0|000|13.994534|-1.000000|-1.000000|0.000000|-1|-1|0|0|110|112
0|112|5|VAL|A|113|7|0|000|9.886202|-1.000000|-1.000000|0.000000|-1|-1|0|0|111|113
0|113|5|VAL|A|114|7|0|000|9.094197|-1.000000|-1.000000|0.000000|-1|-1|0|0|112|114
0|114|7|LEU|A|115|8|0|000|5.804373|-1.000000|-1.000000|0.000000|-1|-1|0|0|113|115
0|115|9|ILE|A|116|8|0|000|5.592566|-1.000000|-1.000000|0.000000|-1|-1|0|0|114|116
0|116|1|GLY|A|117|4|0|000|5.204871|-1.000000|-1.000000|0.000000|-1|-1|0|0|115|117
0|117|7|LEU|A|118|8|0|000|6.614180|-1.000000|-1.000000|0.000000|-1|-1|0|0|116|118
0|118|21|ASP|A|119|8|0|000|8.223639|-1.000000|-1.000000|0.000000|-1|-1|0|0|117|119
0|119|3|ALA|A|120|5|0|000|9.465063|-1.000000|-1.000000|0.000000|-1|-1|0|0|118|120
0|120|21|ASP|A|121|8|0|000|12.098895|-1.000000|-1.000000|0.000000|-1|-1|0|0|119|121
0|121|9|ILE|A|122|8|0|000|9.886724|-1.000000|-1.000000|0.000000|-1|-1|0|0|120|122
0|122|15|CYS|A|123|6|0|000|6.040311|-1.000000|-1.000000|0.000000|-1|-1|0|0|121|123
0|123|5|VAL|A|124|7|0|000|4.977680|-1.000000|-1.000000|0.000000|-1|-1|0|0|122|124
0|124|31|ARG|A|125|11|0|000|10.683634|-1.000000|-1.000000|0.000000|-1|-1|0|0|123|125
0|125|33|HIS|A|126|10|0|000|9.909049|-1.000000|-1.000000|0.000000|-1|-1|0|0|124|126
0|126|13|THR|A|127|7|0|000|6.262347|-1.000000|-1.000000|0.000000|-1|-1|0|0|125|127
0|127|3|ALA|A|128|5|0|000|9.130755|-1.000000|-1.000000|0.000000|-1|-1|0|0|126|128
0|128|3|ALA|A|129|5|0|000|11.815447|-1.000000|-1.000000|0.000000|-1|-1|0|0|127|129
0|129|21|ASP|A|130|8|0|000|11.707249|-1.000000|-1.000000|0.000000|-1|-1|0|0|128|130
0|130|3|ALA|A|131|5|0|000|11.773823|-1.000000|-1.000000|0.000000|-1|-1|0|0|129|131
0|131|7|LEU|A|132|8|0|000|15.157886|-1.000000|-1.000000|0.000000|-1|-1|0|0|130|132
0|132|37|TYR|A|133|12|0|000|15.970644|-1.000000|-1.000000|0.000000|-1|-1|0|0|131|133
0|133|31|ARG|A|134|11|0|000|14.864777|-1.000000|-1.000000|0.000000|-1|-1|0|0|132|134
0|134|23|ASN|A|135|8|0|000|18.423168|-1.000000|-1.000000|0.000000|-1|-1|0|0|133|135
0|135|37|TYR|A|136|12|0|000|13.911621|-1.000000|-1.000000|0.000000|-1|-1|0|0|134|136
0|136|31|ARG|A|137|11|0|000|16.471066|-1.000000|-1.000000|0.000000|-1|-1|0|0|135|137
0|137|9|ILE|A|138|8|0|000|11.957668|-1.000000|-1.000000|0.000000|-1|-1|0|0|136|138
0|138|9|ILE|A|139|8|0|000|11.886222|-1.000000|-1.000000|0.000000|-1|-1|0|0|137|139
0|139|5|VAL|A|140|7|0|000|10.085327|-1.000000|-1.000000|0.000000|-1|-1|0|0|138|140
0|140|5|VAL|A|141|7|0|000|10.626939|-1.000000|-1.000000|0.000000|-1|-1|0|0|139|141
0|141|25|GLU|A|142|9|0|000|14.119839|-1.000000|-1.000000|0.000000|-1|-1|0|0|140|142
0|142|21|ASP|A|143|8|0|000|13.665404|-1.000000|-1.000000|0.000000|-1|-1|0|0|141|143
0|143|3|ALA|A|144|5|0|000|9.645844|-1.000000|-1.000000|0.000000|-1|-1|0|0|142|144
0|144|5|VAL|A|145|7|0|000|8.915618|-1.000000|-1.000000|0.000000|-1|-1|0|0|143|145
0|145|3|ALA|A|146|5|0|000|10.443415|-1.000000|-1.000000|0.000000|-1|-1|0|0|144|146
0|146|3|ALA|A|147|5|0|000|12.950164|-1.000000|-1.000000|0.000000|-1|-1|0|0|145|147
0|147|31|ARG|A|148|11|0|000|13.878281|-1.000000|-1.000000|0.000000|-1|-1|0|0|146|148
0|148|9|ILE|A|149|5|0|000|17.089476|-1.000000|-1.000000|0.000000|-1|-1|0|0|147|149
0|149|21|ASP|A|150|8|0|000|16.790224|-1.000000|-1.000000|0.000000|-1|-1|0|0|148|150
0|150|19|PRO|A|151|7|0|000|18.993490|-1.000000|-1.000000|0.000000|-1|-1|0|0|149|151
0|151|23|ASN|A|152|8|0|000|19.429497|-1.000000|-1.000000|0.000000|-1|-1|0|0|150|152
0|152|39|TRP|A|153|14|0|000|13.483547|-1.000000|-1.000000|0.000000|-1|-1|0|0|151|153
0|153|29|LYS|A|154|9|0|000|16.214106|-1.000000|-1.000000|0.000000|-1|-1|0|0|152|154
0|154|21|ASP|A|155|8|0|000|19.174639|-1.000000|-1.000000|0.000000|-1|-1|0|0|153|155
0|155|37|TYR|A|156|12|0|000|15.887083|-1.000000|-1.000000|0.000000|-1|-1|0|0|154|156
0|156|35|PHE|A|157|11|0|000|11.985190|-1.000000|-1.000000|0.000000|-1|-1|0|0|155|157
0|157|13|THR|A|158|7|0|000|17.271717|-1.000000|-1.000000|0.000000|-1|-1|0|0|156|158
0|158|31|ARG|A|159|5|0|000|19.210354|-1.000000|-1.000000|0.000000|-1|-1|0|0|157|159
0|159|5|VAL|A|160|7|0|000|17.216185|-1.000000|-1.000000|0.000000|-1|-1|0|0|158|160
0|160|37|TYR|A|161|12|0|000|13.634223|-1.000000|-1.000000|0.000000|-1|-1|0|0|159|161
0|161|1|GLY|A|162|4|0|000|16.645016|-1.000000|-1.000000|0.000000|-1|-1|0|0|160|162
0|162|3|ALA|A|163|5|0|000|14.724024|-1.000000|-1.000000|0.000000|-1|-1|0|0|161|163
0|163|13|THR|A|164|7|0|000|15.527079|-1.000000|-1.000000|0.000000|-1|-1|0|0|162|164
0|164|5|VAL|A|165|7|0|000|15.187266|-1.000000|-1.000000|0.000000|-1|-1|0|0|163|165
0|165|29|LYS|A|166|9|0|000|15.977799|-1.000000|-1.000000|0.000000|-1|-1|0|0|164|166
0|166|31|ARG|A|167|11|0|000|17.188419|-1.000000|-1.000000|0.000000|-1|-1|0|0|165|167
0|167|11|SER|A|168|6|0|000|15.456207|-1.000000|-1.000000|0.000000|-1|-1|0|0|166|168
0|168|21|ASP|A|169|8|0|000|19.455612|-1.000000|-1.000000|0.000000|-1|-1|0|0|167|169
0|169|25|GLU|A|170|9|0|000|18.636854|-1.000000|-1.000000|0.000000|-1|-1|0|0|168|170
0|170|9|ILE|A|171|8|0|000|19.313604|-1.000000|-1.000000|0.000000|-1|-1|0|0|169|171
0|171|25|GLU|A|172|5|0|000|19.706617|-1.000000|-1.000000|0.000000|-1|-1|0|0|170|172
0|172|1|GLY|A|173|4|0|000|20.864998|-1.000000|-1.000000|0.000000|-1|-1|0|0|171|-1
0|173|18|MSE|B|1|8|0|000|18.732086|-1.000000|-1.000000|0.000000|-1|-1|0|3|-1|174
0|174|29|LYS|B|2|9|0|000|18.126970|-1.000000|-1.000000|0.000000|-1|-1|0|3|173|175
0|175|19|PRO|B|3|7|0|000|14.589471|-1.000000|-1.000000|0.000000|-1|-1|0|3|174|176
0|176|3|ALA|B|4|5|0|000|10.920379|-1.000000|-1.000000|0.000000|-1|-1|0|3|175|177
0|177|7|LEU|B|5|8|0|000|8.251410|-1.000000|-1.000000|0.000000|-1|-1|0|3|176|178
0|178|5|VAL|B|6|7|0|000|4.791725|-1.000000|-1.000000|0.000000|-1|-1|0|3|177|179
0|179|5|VAL|B|7|7|0|000|4.416953|-1.000000|-1.000000|0.000000|-1|-1|0|3|178|180
0|180|5|VAL|B|8|7|0|000|1.837797|-1.000000|-1.000000|0.000000|-1|-1|0|3|179|181
0|181|21|ASP|B|9|8|0|000|6.095148|-1.000000|-1.000000|0.000000|-1|-1|0|3|180|182
0|182|18|MSE|B|10|8|0|000|7.627741|-1.000000|-1.000000|0.000000|-1|-1|0|3|181|183
0|183|5|VAL|B|11|7|0|000|10.369344|-1.000000|-1.000000|0.000000|-1|-1|0|3|182|184
0|184|23|ASN|B|12|8|0|000|14.704895|-1.000000|-1.000000|0.000000|-1|-1|0|3|183|185
0|185|25|GLU|B|13|9|0|000|14.661681|-1.000000|-1.000000|0.000000|-1|-1|0|3|184|186
0|186|35|PHE|B|14|11|0|000|10.630029|-1.000000|-1.000000|0.000000|-1|-1|0|3|185|187
0|187|9|ILE|B|15|8|0|000|13.093155|-1.000000|-1.000000|0.000000|-1|-1|0|3|186|188
0|188|33|HIS|B|16|10|0|000|16.739691|-1.000000|-1.000000|0.000000|-1|-1|0|3|187|189
0|189|1|GLY|B|17|4|0|000|17.287313|-1.000000|-1.000000|0.000000|-1|-1|0|3|188|190
0|190|31|ARG|B|18|5|0|000|18.361341|-1.000000|-1.000000|0.000000|-1|-1|0|3|189|191
0|191|7|LEU|B|19|5|0|000|15.675001|-1.000000|-1.000000|0.000000|-1|-1|0|3|190|192
0|192|3|ALA|B|20|5|0|000|15.618310|-1.000000|-1.000000|0.000000|-1|-1|0|3|191|193
0|193|13|THR|B|21|5|0|000|14.958700|-1.000000|-1.000000|0.000000|-1|-1|0|3|192|194
0|194|19|PRO|B|22|7|0|000|17.652842|-1.000000|-1.000000|0.000000|-1|-1|0|3|193|195
0|195|25|GLU|B|23|5|0|000|15.297095|-1.000000|-1.000000|0.000000|-1|-1|0|3|194|196
0|196|3|ALA|B|24|5|0|000|12.969909|-1.000000|-1.000000|0.000000|-1|-1|0|3|195|197
0|197|18|MSE|B|25|8|0|000|15.763703|-1.000000|-1.000000|0.000000|-1|-1|0|3|196|198
0|198|29|LYS|B|26|5|0|000|15.044504|-1.000000|-1.000000|0.000000|-1|-1|0|3|197|199
0|199|13|THR|B|27|7|0|000|11.227560|-1.000000|-1.000000|0.000000|-1|-1|0|3|198|200
0|200|5|VAL|B|28|7|0|000|13.140255|-1.000000|-1.000000|0.000000|-1|-1|0|3|199|201
0|201|1|GLY|B|29|4|0|000|14.765432|-1.000000|-1.000000|0.000000|-1|-1|0|3|200|202
0|202|19|PRO|B|30|7|0|000|13.366696|-1.000000|-1.000000|0.000000|-1|-1|0|3|201|203
0|203|3|ALA|B|31|5|0|000|10.630979|-1.000000|-1.000000|0.000000|-1|-1|0|3|202|204
0|204|31|ARG|B|32|11|0|000|15.329862|-1.000000|-1.000000|0.000000|-1|-1|0|3|203|205
0|205|29|LYS|B|33|9|0|000|16.079519|-1.000000|-1.000000|0.000000|-1|-1|0|3|204|206
0|206|5|VAL|B|34|7|0|000|11.854058|-1.000000|-1.000000|0.000000|-1|-1|0|3|205|207
0|207|9|ILE|B|35|8|0|000|11.588368|-1.000000|-1.000000|0.000000|-1|-1|0|3|206|208
0|208|25|GLU|B|36|9|0|000|16.450335|-1.000000|-1.000000|0.000000|-1|-1|0|3|207|209
0|209|13|THR|B|37|7|0|000|16.253819|-1.000000|-1.000000|0.000000|-1|-1|0|3|208|210
0|210|35|PHE|B|38|11|0|000|13.421381|-1.000000|-1.000000|0.000000|-1|-1|0|3|209|211
0|211|31|ARG|B|39|11|0|000|15.608138|-1.000000|-1.000000|0.000000|-1|-1|0|3|210|212
0|212|31|ARG|B|40|5|0|000|19.842024|-1.000000|-1.000000|0.000000|-1|-1|0|3|211|213
0|213|11|SER|B|41|6|0|000|19.216232|-1.000000|-1.000000|0.000000|-1|-1|0|3|212|214
0|214|1|GLY|B|42|4|0|000|18.426807|-1.000000|-1.000000|0.000000|-1|-1|0|3|213|215
0|215|7|LEU|B|43|8|0|000|15.931352|-1.000000|-1.000000|0.000000|-1|-1|0|3|214|216
0|216|19|PRO|B|44|7|0|000|13.442009|-1.000000|-1.000000|0.000000|-1|-1|0|3|215|217
0|217|5|VAL|B|45|7|0|000|10.804152|-1.000000|-1.000000|0.000000|-1|-1|0|3|216|218
0|218|5|VAL|B|46|7|0|000|8.213490|-1.000000|-1.000000|0.000000|-1|-1|0|3|217|219
0|219|37|TYR|B|47|12|0|000|8.336480|-1.000000|-1.000000|0.000000|-1|-1|0|3|218|220
0|220|5|VAL|B|48|7|0|000|5.416919|-1.000000|-1.000000|0.000000|-1|-1|0|3|219|221
0|221|23|ASN|B|49|8|0|000|8.392073|-1.000000|-1.000000|0.000000|-1|-1|0|3|220|222
0|222|21|ASP|B|50|8|0|000|10.170884|-1.000000|-1.000000|0.000000|-1|-1|0|3|221|223
0|223|11|SER|B|51|6|0|000|14.108819|-1.000000|-1.000000|0.000000|-1|-1|0|3|222|224
0|224|33|HIS|B|52|10|0|000|15.026241|-1.000000|-1.000000|0.000000|-1|-1|0|3|223|225
0|225|37|TYR|B|53|12|0|000|19.465406|-1.000000|-1.000000|0.000000|-1|-1|0|3|224|226
0|226|19|PRO|B|54|7|0|000|22.247536|-1.000000|-1.000000|0.000000|-1|-1|0|3|225|227
0|227|21|ASP|B|55|8|0|000|22.576761|-1.000000|-1.000000|0.000000|-1|-1|0|3|226|228
0|228|21|ASP|B|56|8|0|000|18.270172|-1.000000|-1.000000|0.000000|-1|-1|0|3|227|229
0|229|19|PRO|B|57|7|0|000|18.888529|-1.000000|-1.000000|0.000000|-1|-1|0|3|228|230
0|230|25|GLU|B|58|9|0|000|15.682693|-1.000000|-1.000000|0.000000|-1|-1|0|3|229|231
0|231|9|ILE|B|59|8|0|000|19.533413|-1.000000|-1.000000|0.000000|-1|-1|0|3|230|232
0|232|31|ARG|B|60|11|0|000|23.486238|-1.000000|-1.000000|0.000000|-1|-1|0|3|231|233
0|233|9|ILE|B|61|8|0|000|19.558161|-1.000000|-1.000000|0.000000|-1|-1|0|3|232|234
0|234|39|TRP|B|62|14|0|000|16.773596|-1.000000|-1.000000|0.000000|-1|-1|0|3|233|235
0|235|1|GLY|B|63|4|0|000|19.766544|-1.000000|-1.000000|0.000000|-1|-1|0|3|234|236
0|236|31|ARG|B|64|5|0|000|19.693535|-1.000000|-1.000000|0.000000|-1|-1|0|3|235|237
0|237|33|HIS|B|65|10|0|000|15.247707|-1.000000|-1.000000|0.000000|-1|-1|0|3|236|238
0|238|11|SER|B|66|6|0|000|13.869220|-1.000000|-1.000000|0.000000|-1|-1|0|3|237|239
0|239|18|MSE|B|67|8|0|000|17.758320|-1.000000|-1.000000|0.000000|-1|-1|0|3|238|240
0|240|29|LYS|B|68|9|0|000|18.350893|-1.000000|-1.000000|0.000000|-1|-1|0|3|239|241
0|241|1|GLY|B|69|4|0|000|19.758612|-1.000000|-1.000000|0.000000|-1|-1|0|3|240|242
0|242|21|ASP|B|70|8|0|000|18.974092|-1.000000|-1.000000|0.000000|-1|-1|0|3|241|243
0|243|21|ASP|B|71|5|0|000|18.023985|-1.000000|-1.000000|0.000000|-1|-1|0|3|242|244
0|244|1|GLY|B|72|4|0|000|15.387396|-1.000000|-1.000000|0.000000|-1|-1|0|3|243|245
0|245|11|SER|B|73|6|0|000|13.838733|-1.000000|-1.000000|0.000000|-1|-1|0|3|244|246
0|246|25|GLU|B|74|9|0|000|15.395199|-1.000000|-1.000000|0.000000|-1|-1|0|3|245|247
0|247|5|VAL|B|75|7|0|000|11.832923|-1.000000|-1.000000|0.000000|-1|-1|0|3|246|248
0|248|9|ILE|B|76|8|0|000|12.836226|-1.000000|-1.000000|0.000000|-1|-1|0|3|247|249
0|249|21|ASP|B|77|8|0|000|17.154934|-1.000000|-1.000000|0.000000|-1|-1|0|3|248|250
0|250|25|GLU|B|78|9|0|000|15.850307|-1.000000|-1.000000|0.000000|-1|-1|0|3|249|251
0|251|9|ILE|B|79|8|0|000|12.068637|-1.000000|-1.000000|0.000000|-1|-1|0|3|250|252
0|252|31|ARG|B|80|5|0|000|14.735042|-1.000000|-1.000000|0.000000|-1|-1|0|3|251|253
0|253|19|PRO|B|81|7|0|000|13.957146|-1.000000|-1.000000|0.000000|-1|-1|0|3|252|254
0|254|11|SER|B|82|6|0|000|16.507254|-1.000000|-1.000000|0.000000|-1|-1|0|3|253|255
0|255|3|ALA|B|83|5|0|000|18.658215|-1.000000|-1.000000|0.000000|-1|-1|0|3|254|256
0|256|1|GLY|B|84|4|0|000|16.771370|-1.000000|-1.000000|0.000000|-1|-1|0|3|255|257
0|257|21|ASP|B|85|8|0|000|13.642025|-1.000000|-1.000000|0.000000|-1|-1|0|3|256|258
0|258|37|TYR|B|86|12|0|000|13.553351|-1.000000|-1.000000|0.000000|-1|-1|0|3|257|259
0|259|5|VAL|B|87|7|0|000|11.950703|-1.000000|-1.000000|0.000000|-1|-1|0|3|258|260
0|260|7|LEU|B|88|8|0|000|10.377732|-1.000000|-1.000000|0.000000|-1|-1|0|3|259|261
0|261|25|GLU|B|89|9|0|000|13.364900|-1.000000|-1.000000|0.000000|-1|-1|0|3|260|262
0|262|29|LYS|B|90|9|0|000|9.208241|-1.000000|-1.000000|0.000000|-1|-1|0|3|261|263
0|263|33|HIS|B|91|10|0|000|14.412381|-1.000000|-1.000000|0.000000|-1|-1|0|3|262|264
0|264|3|ALA|B|92|5|0|000|11.325602|-1.000000|-1.000000|0.000000|-1|-1|0|3|263|265
0|265|37|TYR|B|93|12|0|000|11.055077|-1.000000|-1.000000|0.000000|-1|-1|0|3|264|266
0|266|11|SER|B|94|6|0|000|8.776170|-1.000000|-1.000000|0.000000|-1|-1|0|3|265|267
0|267|1|GLY|B|95|4|0|000|7.643167|-1.000000|-1.000000|0.000000|-1|-1|0|3|266|268
0|268|35|PHE|B|96|11|0|000|10.221433|-1.000000|-1.000000|0.000000|-1|-1|0|3|267|269
0|269|37|TYR|B|97|12|0|000|14.669227|-1.000000|-1.000000|0.000000|-1|-1|0|3|268|270
0|270|1|GLY|B|98|4|0|000|14.638465|-1.000000|-1.000000|0.000000|-1|-1|0|3|269|271
0|271|13|THR|B|99|7|0|000|12.640368|-1.000000|-1.000000|0.000000|-1|-1|0|3|270|272
0|272|23|ASN|B|100|8|0|000|14.246897|-1.000000|-1.000000|0.000000|-1|-1|0|3|271|273
0|273|7|LEU|B|101|8|0|000|10.434997|-1.000000|-1.000000|0.000000|-1|-1|0|3|272|274
0|274|21|ASP|B|102|8|0|000|14.628614|-1.000000|-1.000000|0.000000|-1|-1|0|3|273|275
0|275|18|MSE|B|103|8|0|000|17.188732|-1.000000|-1.000000|0.000000|-1|-1|0|3|274|276
0|276|9|ILE|B|104|8|0|000|14.236310|-1.000000|-1.000000|0.000000|-1|-1|0|3|275|277
0|277|7|LEU|B|105|8|0|000|13.348131|-1.000000|-1.000000|0.000000|-1|-1|0|3|276|278
0|278|31|ARG|B|106|11|0|000|18.546749|-1.000000|-1.000000|0.000000|-1|-1|0|3|277|279
0|279|3|ALA|B|107|5|0|000|19.275995|-1.000000|-1.000000|0.000000|-1|-1|0|3|278|280
0|280|23|ASN|B|108|8|0|000|17.778049|-1.000000|-1.000000|0.000000|-1|-1|0|3|279|281
0|281|1|GLY|B|109|4|0|000|19.036013|-1.000000|-1.000000|0.000000|-1|-1|0|3|280|282
0|282|9|ILE|B|110|8|0|000|15.632726|-1.000000|-1.000000|0.000000|-1|-1|0|3|281|283
0|283|21|ASP|B|111|8|0|000|17.253286|-1.000000|-1.000000|0.000000|-1|-1|0|3|282|284
0|284|13|THR|B|112|7|0|000|13.964558|-1.000000|-1.000000|0.000000|-1|-1|0|3|283|285
0|285|5|VAL|B|113|7|0|000|9.850798|-1.000000|-1.000000|0.000000|-1|-1|0|3|284|286
0|286|5|VAL|B|114|7|0|000|8.906834|-1.000000|-1.000000|0.000000|-1|-1|0|3|285|287
0|287|7|LEU|B|115|8|0|000|5.709987|-1.000000|-1.000000|0.000000|-1|-1|0|3|286|288
0|288|9|ILE|B|116|8|0|000|5.167539|-1.000000|-1.000000|0.000000|-1|-1|0|3|287|289
0|289|1|GLY|B|117|4|0|000|4.982713|-1.000000|-1.000000|0.000000|-1|-1|0|3|288|290
0|290|7|LEU|B|118|8|0|000|6.742410|-1.000000|-1.000000|0.000000|-1|-1|0|3|289|291
0|291|21|ASP|B|119|8|0|000|8.548395|-1.000000|-1.000000|0.000000|-1|-1|0|3|290|292
0|292|3|ALA|B|120|5|0|000|8.956281|-1.000000|-1.000000|0.000000|-1|-1|0|3|291|293
0|293|21|ASP|B|121|8|0|000|11.746505|-1.000000|-1.000000|0.000000|-1|-1|0|3|292|294
0|294|9|ILE|B|122|8|0|000|10.157848|-1.000000|-1.000000|0.000000|-1|-1|0|3|293|295
0|295|15|CYS|B|123|6|0|000|6.390061|-1.000000|-1.000000|0.000000|-1|-1|0|3|294|296
0|296|5|VAL|B|124|7|0|000|5.112510|-1.000000|-1.000000|0.000000|-1|-1|0|3|295|297
0|297|31|ARG|B|125|11|0|000|10.984964|-1.000000|-1.000000|0.000000|-1|-1|0|3|296|298
0|298|33|HIS|B|126|10|0|000|10.217276|-1.000000|-1.000000|0.000000|-1|-1|0|3|297|299
0|299|13|THR|B|127|7|0|000|6.563225|-1.000000|-1.000000|0.000000|-1|-1|0|3|298|300
0|300|3|ALA|B|128|5|0|000|9.517742|-1.000000|-1.000000|0.000000|-1|-1|0|3|299|301
0|301|3|ALA|B|129|5|0|000|12.218509|-1.000000|-1.000000|0.000000|-1|-1|0|3|300|302
0|302|21|ASP|B|130|8|0|000|12.103433|-1.000000|-1.000000|0.000000|-1|-1|0|3|301|303
0|303|3|ALA|B|131|5|0|000|12.042779|-1.000000|-1.000000|0.000000|-1|-1|0|3|302|304
0|304|7|LEU|B|132|8|0|000|15.461547|-1.000000|-1.000000|0.000000|-1|-1|0|3|303|305
0|305|37|TYR|B|133|12|0|000|16.208244|-1.000000|-1.000000|0.000000|-1|-1|0|3|304|306
0|306|31|ARG|B|134|11|0|000|15.179575|-1.000000|-1.000000|0.000000|-1|-1|0|3|305|307
0|307|23|ASN|B|135|8|0|000|18.592121|-1.000000|-1.000000|0.000000|-1|-1|0|3|306|308
0|308|37|TYR|B|136|12|0|000|14.047909|-1.000000|-1.000000|0.000000|-1|-1|0|3|307|309
0|309|31|ARG|B|137|11|0|000|16.784082|-1.000000|-1.000000|0.000000|-1|-1|0|3|308|310
0|310|9|ILE|B|138|8|0|000|11.931550|-1.000000|-1.000000|0.000000|-1|-1|0|3|309|311
0|311|9|ILE|B|139|8|0|000|11.639434|-1.000000|-1.000000|0.000000|-1|-1|0|3|310|312
0|312|5|VAL|B|140|7|0|000|9.944130|-1.000000|-1.000000|0.000000|-1|-1|0|3|311|313
0|313|5|VAL|B|141|7|0|000|10.369212|-1.000000|-1.000000|0.000000|-1|-1|0|3|312|314
0|314|25|GLU|B|142|9|0|000|13.959040|-1.000000|-1.000000|0.000000|-1|-1|0|3|313|315
0|315|21|ASP|B|143|8|0|000|13.233910|-1.000000|-1.000000|0.000000|-1|-1|0|3|314|316
0|316|3|ALA|B|144|5|0|000|9.113792|-1.000000|-1.000000|0.000000|-1|-1|0|3|315|317
0|317|5|VAL|B|145|7|0|000|8.563355|-1.000000|-1.000000|0.000000|-1|-1|0|3|316|318
0|318|3|ALA|B|146|5|0|000|10.102087|-1.000000|-1.000000|0.000000|-1|-1|0|3|317|319
0|319|3|ALA|B|147|5|0|000|12.676049|-1.000000|-1.000000|0.000000|-1|-1|0|3|318|320
0|320|31|ARG|B|148|11|0|000|13.749371|-1.000000|-1.000000|0.000000|-1|-1|0|3|319|321
0|321|9|ILE|B|149|5|0|000|16.923931|-1.000000|-1.000000|0.000000|-1|-1|0|3|320|322
0|322|21|ASP|B|150|8|0|000|16.671288|-1.000000|-1.000000|0.000000|-1|-1|0|3|321|323
0|323|19|PRO|B|151|7|0|000|18.736544|-1.000000|-1.000000|0.000000|-1|-1|0|3|322|324
0|324|23|ASN|B|152|8|0|000|19.246469|-1.000000|-1.000000|0.000000|-1|-1|0|3|323|325
0|325|39|TRP|B|153|14|0|000|13.265011|-1.000000|-1.000000|0.000000|-1|-1|0|3|324|326
0|326|29|LYS|B|154|5|0|000|15.436271|-1.000000|-1.000000|0.000000|-1|-1|0|3|325|327
0|327|21|ASP|B|155|8|0|000|19.030380|-1.000000|-1.000000|0.000000|-1|-1|0|3|326|328
0|328|37|TYR|B|156|12|0|000|15.903193|-1.000000|-1.000000|0.000000|-1|-1|0|3|327|329
0|329|35|PHE|B|157|11|0|000|11.935986|-1.000000|-1.000000|0.000000|-1|-1|0|3|328|330
0|330|13|THR|B|158|7|0|000|17.222475|-1.000000|-1.000000|0.000000|-1|-1|0|3|329|331
0|331|31|ARG|B|159|5|0|000|19.282917|-1.000000|-1.000000|0.000000|-1|-1|0|3|330|332
0|332|5|VAL|B|160|7|0|000|17.401234|-1.000000|-1.000000|0.000000|-1|-1|0|3|331|333
0|333|37|TYR|B|161|12|0|000|13.908179|-1.000000|-1.000000|0.000000|-1|-1|0|3|332|334
0|334|1|GLY|B|162|4|0|000|16.796656|-1.000000|-1.000000|0.000000|-1|-1|0|3|333|335
0|335|3|ALA|B|163|5|0|000|14.759327|-1.000000|-1.000000|0.000000|-1|-1|0|3|334|336
0|336|13|THR|B|164|7|0|000|15.376020|-1.000000|-1.000000|0.000000|-1|-1|0|3|335|337
0|337|5|VAL|B|165|7|0|000|14.929003|-1.000000|-1.000000|0.000000|-1|-1|0|3|336|338
0|338|29|LYS|B|166|9|0|000|15.623535|-1.000000|-1.000000|0.000000|-1|-1|0|3|337|339
0|339|31|ARG|B|167|11|0|000|16.712576|-1.000000|-1.000000|0.000000|-1|-1|0|3|338|340
0|340|11|SER|B|168|6|0|000|14.914224|-1.000000|-1.000000|0.000000|-1|-1|0|3|339|341
0|341|21|ASP|B|169|8|0|000|18.944803|-1.000000|-1.000000|0.000000|-1|-1|0|3|340|342
0|342|25|GLU|B|170|9|0|000|18.213741|-1.000000|-1.000000|0.000000|-1|-1|0|3|341|343
0|343|9|ILE|B|171|8|0|000|18.936335|-1.000000|-1.000000|0.000000|-1|-1|0|3|342|344
0|344|25|GLU|B|172|5|0|000|19.392117|-1.000000|-1.000000|0.000000|-1|-1|0|3|343|345
0|345|1|GLY|B|173|4|0|000|20.601685|-1.000000|-1.000000|0.000000|-1|-1|0|3|344|-1
0|346|46|_ZN|A|183|1|1|000|11.646711|-1.000000|-1.000000|0.000000|-1|-1|0|2|-1|-1
0|347|46|_ZN|B|183|1|1|000|11.967819|-1.000000|-1.000000|0.000000|-1|-1|0|4|-1|-1
0|348|43|HOH|A|184|1|0|000|23.651962|-1.000000|-1.000000|0.000000|-1|-1|0|1|-1|-1
0|349|43|HOH|A|185|1|0|000|22.231236|-1.000000|-1.000000|0.000000|-1|-1|0|1|-1|-1
0|350|43|HOH|A|186|1|0|000|20.276789|-1.000000|-1.000000|0.000000|-1|-1|0|1|-1|-1
0|351|43|HOH|A|187|1|0|000|15.238740|-1.000000|-1.000000|0.000000|-1|-1|0|1|-1|-1
0|352|43|HOH|A|188|1|0|000|13.796442|-1.000000|-1.000000|0.000000|-1|-1|0|1|-1|-1
0|353|43|HOH|A|189|1|0|000|15.312336|-1.000000|-1.000000|0.000000|-1|-1|0|1|-1|-1
0|354|43|HOH|A|190|1|0|000|22.699144|-1.000000|-1.000000|0.000000|-1|-1|0|1|-1|-1
0|355|43|HOH|A|191|1|0|000|7.870227|-1.000000|-1.000000|0.000000|-1|-1|0|1|-1|-1
0|356|43|HOH|A|192|1|0|000|14.917333|-1.000000|-1.000000|0.000000|-1|-1|0|1|-1|-1
0|357|43|HOH|A|193|1|0|000|13.764391|-1.000000|-1.000000|0.000000|-1|-1|0|1|-1|-1
0|358|43|HOH|A|194|1|0|000|18.860647|-1.000000|-1.000000|0.000000|-1|-1|0|1|-1|-1
0|359|43|HOH|A|195|1|0|000|13.122611|-1.000000|-1.000000|0.000000|-1|-1|0|1|-1|-1
0|360|43|HOH|A|196|1|0|000|20.764032|-1.000000|-1.000000|0.000000|-1|-1|0|1|-1|-1
0|361|43|HOH|A|197|1|0|000|21.493616|-1.000000|-1.000000|0.000000|-1|-1|0|1|-1|-1
0|362|43|HOH|A|198|1|0|000|11.667242|-1.000000|-1.000000|0.000000|-1|-1|0|1|-1|-1
0|363|43|HOH|A|199|1|0|000|18.823460|-1.000000|-1.000000|0.000000|-1|-1|0|1|-1|-1
0|364|43|HOH|A|200|1|0|000|14.392786|-1.000000|-1.000000|0.000000|-1|-1|0|1|-1|-1
0|365|43|HOH|A|201|1|0|000|13.305670|-1.000000|-1.000000|0.000000|-1|-1|0|1|-1|-1
0|366|43|HOH|A|202|1|0|000|15.046748|-1.000000|-1.000000|0.000000|-1|-1|0|1|-1|-1
0|367|43|HOH|A|203|1|0|000|38.733959|-1.000000|-1.000000|0.000000|-1|-1|0|1|-1|-1
0|368|43|HOH|A|204|1|0|000|17.297436|-1.000000|-1.000000|0.000000|-1|-1|0|1|-1|-1
0|369|43|HOH|A|205|1|0|000|10.691748|-1.000000|-1.000000|0.000000|-1|-1|0|1|-1|-1
0|370|43|HOH|A|206|1|0|000|13.177629|-1.000000|-1.000000|0.000000|-1|-1|0|1|-1|-1
0|371|43|HOH|A|207|1|0|000|37.558056|-1.000000|-1.000000|0.000000|-1|-1|0|1|-1|-1
0|372|43|HOH|A|208|1|0|000|23.757265|-1.000000|-1.000000|0.000000|-1|-1|0|1|-1|-1
0|373|43|HOH|A|209|1|0|000|12.926593|-1.000000|-1.000000|0.000000|-1|-1|0|1|-1|-1
0|374|43|HOH|A|210|1|0|000|12.215544|-1.000000|-1.000000|0.000000|-1|-1|0|1|-1|-1
0|375|43|HOH|A|211|1|0|000|29.129532|-1.000000|-1.000000|0.000000|-1|-1|0|1|-1|-1
0|376|43|HOH|A|212|1|0|000|38.447178|-1.000000|-1.000000|0.000000|-1|-1|0|1|-1|-1
0|377|43|HOH|A|213|1|0|000|20.070530|-1.000000|-1.000000|0.000000|-1|-1|0|1|-1|-1
0|378|43|HOH|A|214|1|0|000|22.816349|-1.000000|-1.000000|0.000000|-1|-1|0|1|-1|-1
0|379|43|HOH|A|215|1|0|000|17.376978|-1.000000|-1.000000|0.000000|-1|-1|0|1|-1|-1
0|380|43|HOH|A|216|1|0|000|19.458305|-1.000000|-1.000000|0.000000|-1|-1|0|1|-1|-1
0|381|43|HOH|A|217|1|0|000|26.093552|-1.000000|-1.000000|0.000000|-1|-1|0|1|-1|-1
0|382|43|HOH|A|218|1|0|000|19.580618|-1.000000|-1.000000|0.000000|-1|-1|0|1|-1|-1
0|383|43|HOH|A|219|1|0|000|19.357010|-1.000000|-1.000000|0.000000|-1|-1|0|1|-1|-1
0|384|43|HOH|A|220|1|0|000|18.330811|-1.000000|-1.000000|0.000000|-1|-1|0|1|-1|-1
0|385|43|HOH|A|221|1|0|000|14.181563|-1.000000|-1.000000|0.000000|-1|-1|0|1|-1|-1
0|386|43|HOH|A|222|1|0|000|6.027955|-1.000000|-1.000000|0.000000|-1|-1|0|1|-1|-1
0|387|43|HOH|A|223|1|0|000|11.994218|-1.000000|-1.000000|0.000000|-1|-1|0|1|-1|-1
0|388|43|HOH|A|224|1|0|000|22.187384|-1.000000|-1.000000|0.000000|-1|-1|0|1|-1|-1
0|389|43|HOH|A|225|1|0|000|22.929726|-1.000000|-1.000000|0.000000|-1|-1|0|1|-1|-1
0|390|43|HOH|A|226|1|0|000|15.334581|-1.000000|-1.000000|0.000000|-1|-1|0|1|-1|-1
0|391|43|HOH|A|227|1|0|000|37.518326|-1.000000|-1.000000|0.000000|-1|-1|0|1|-1|-1
0|392|43|HOH|A|228|1|0|000|20.736807|-1.000000|-1.000000|0.000000|-1|-1|0|1|-1|-1
0|393|43|HOH|A|229|1|0|000|32.176338|-1.000000|-1.000000|0.000000|-1|-1|0|1|-1|-1
0|394|43|HOH|A|230|1|0|000|16.255646|-1.000000|-1.000000|0.000000|-1|-1|0|1|-1|-1
0|395|43|HOH|A|231|1|0|000|24.153852|-1.000000|-1.000000|0.000000|-1|-1|0|1|-1|-1
0|396|43|HOH|A|232|1|0|000|15.333082|-1.000000|-1.000000|0.000000|-1|-1|0|1|-1|-1
0|397|43|HOH|A|233|1|0|000|16.830240|-1.000000|-1.000000|0.000000|-1|-1|0|1|-1|-1
0|398|43|HOH|A|234|1|0|000|26.450384|-1.000000|-1.000000|0.000000|-1|-1|0|1|-1|-1
0|399|43|HOH|A|235|1|0|000|12.965474|-1.000000|-1.000000|0.000000|-1|-1|0|1|-1|-1
