478|0|153|_ZN|1152|ZN--|30|9.440000|9.656138|1.000000|1.000000|4|4|4|0|0|0|6.988865|1|3|0|0|0|0|0|0|1|0|0|0|0|0|0|0|0|3|0|0|0|0|0|0|0|0|0|0|0|0|0|1.998864|1.971264|2.031429|2.063659|0.112031|5.278107|0.327313|6|0|2.107663|0.107996|5.367682|0.263268
478|1|154|_CU|1153|CU--|29|9.960000|12.883481|0.410000|1.000000|3|3|4|0|1|1|20.847404|0|3|0|0|0|0|0|0|0|0|0|0|0|0|0|0|0|3|0|0|0|0|0|0|0|0|0|0|0|0|0|2.078362|1.988489|2.201337|0.870187|0.143572|3.645107|0.601407|7|1|0.886956|0.157337|3.701733|0.647154
478|2|155|_CD|1154|CD--|48|10.940000|13.685387|0.830000|0.985151|7|5|5|2|0|0|11.016959|6|1|0|0|0|0|1|0|4|0|0|0|1|0|1|0|0|0|0|0|0|0|0|0|0|0|0|3|2|0|0|2.382503|2.203233|2.670206|2.158379|0.133581|2.759075|0.167761|8|0|2.162376|0.131697|2.763814|0.169424
478|3|156|_CD|1155|CD--|48|15.550000|26.890215|0.580000|1.000000|6|4|6|0|2|0|4.575403|4|0|0|0|0|2|0|0|1|1|0|0|2|0|0|0|0|0|0|0|0|0|0|0|0|0|2|0|0|0|0|2.430159|2.326380|2.517627|2.100885|0.429055|2.786785|0.678424|7|0|2.113402|0.427634|2.801625|0.675403
478|4|157|_CD|1156|CD--|48|12.410000|14.603489|0.730000|0.757861|7|7|9|1|0|1|21.324799|7|0|0|0|0|0|0|0|7|0|0|0|0|0|0|0|0|0|0|0|0|0|0|0|0|0|0|2|1|0|0|2.311609|2.050211|2.590024|2.556752|0.550260|3.031349|0.652402|12|0|2.701624|0.596401|3.203114|0.707108
478|5|158|_CD|1157|CD--|48|16.230000|27.402426|0.590000|0.862382|6|7|10|0|0|1|17.247477|5|1|0|0|0|0|1|1|0|0|0|0|3|0|0|0|0|1|0|0|0|0|0|0|0|0|0|1|0|0|0|2.357599|2.168118|2.531456|1.978356|0.397422|2.596848|0.637238|11|1|2.080847|0.452246|2.758466|0.756841
478|6|159|_CD|1158|CD--|48|10.340000|25.842237|0.330000|0.812533|7|6|6|1|0|1|21.048424|7|0|0|0|0|0|0|0|2|0|0|0|5|0|0|0|0|0|0|0|0|0|0|0|0|0|0|1|1|0|0|2.440069|2.301244|2.567506|1.689203|0.391401|2.002762|0.464055|10|0|1.733104|0.417885|2.054812|0.495455
478|7|160|_CD|1159|CD--|48|15.140000|32.893829|0.220000|1.000000|4|4|6|0|2|0|8.578410|4|0|0|0|0|0|0|0|1|0|0|0|3|0|0|0|0|0|0|0|0|0|0|0|0|0|0|0|0|0|0|2.570205|2.441631|2.645829|0.676379|0.186828|0.801932|0.221508|5|0|0.681017|0.185670|0.807431|0.220135
478|8|161|_CD|1160|CD--|48|8.820000|19.683596|0.310000|0.859984|5|5|6|0|1|0|10.412756|4|1|0|0|0|0|1|1|0|0|0|0|2|0|0|0|0|1|0|0|0|0|0|0|0|0|0|0|0|0|0|2.576756|2.356373|2.805809|0.915278|0.295305|1.182651|0.407150|11|1|0.988109|0.284523|1.279911|0.405289
478|9|162|_CD|1161|CD--|48|16.830000|38.223255|0.230000|1.000000|6|8|11|0|0|1|16.964458|6|0|0|0|0|0|0|0|1|0|0|0|5|0|0|0|0|0|0|0|0|0|0|0|0|0|0|0|0|0|0|2.469666|2.329292|2.632521|1.346516|0.039179|1.596463|0.046451|8|0|1.469183|0.121308|1.741901|0.143826
478|10|163|_CD|1162|CD--|48|90.849998|13.576297|0.450000|1.000000|6|6|6|0|0|0|8.794306|2|4|0|0|0|0|0|0|0|0|0|0|2|0|0|0|0|4|0|0|0|0|0|0|0|0|0|0|0|0|0|2.400902|2.266937|2.594456|1.839308|0.110520|2.805548|0.177324|7|1|1.839308|0.110520|2.805548|0.177324
478|11|164|_CL|1163|CL--|17|27.530001|30.665190|1.000000|1.000000|0|0|0|0|-1|1|180.000000|0|0|0|0|0|0|0|0|0|0|0|0|0|0|0|0|0|0|0|0|0|0|0|0|0|0|0|0|0|0|0|nan|-1.000000|-1.000000|0.000000|0.000000|0.000000|0.000000|11|1|0.108434|0.025307|0.393917|0.121549
478|12|165|_CL|1164|CL--|17|23.330000|29.207787|1.000000|1.000000|0|0|0|-1|-1|1|-1.000000|0|0|0|0|0|0|0|0|0|0|0|0|0|0|0|0|0|0|0|0|0|0|0|0|0|0|0|0|0|0|0|nan|-1.000000|-1.000000|0.000000|0.000000|0.000000|0.000000|8|1|0.019023|0.013344|0.130109|0.069116
