478|0|62|153|70|HIS|_ZN|HIS|334633|485|1152|555|-ND1|ZN--|-ND1|134013|2290|2653|1.997357|2.031429|3.237328|106.937737
478|1|62|153|79|HIS|_ZN|HIS|334633|485|1152|618|-ND1|ZN--|-ND1|134013|2290|3018|1.997357|1.995406|3.323061|112.665497
478|2|82|153|62|ASP|_ZN|HIS|214633|639|1152|485|-OD1|ZN--|-ND1|104013|3086|2290|1.971264|1.997357|3.136044|104.408363
478|3|82|153|62|ASP|_ZN|HIS|214633|640|1152|485|-OD2|ZN--|-ND1|104013|3087|2290|2.886228|1.997357|4.770610|154.877502
478|4|135|153|62|LYS|_ZN|HIS|294633|1025|1152|485|-O--|ZN--|-ND1|44013|4725|2290|3.847809|1.997357|3.649236|69.120880
478|5|70|153|79|HIS|_ZN|HIS|334633|555|1152|618|-ND1|ZN--|-ND1|134013|2653|3018|2.031429|1.995406|3.453241|118.084045
478|6|82|153|70|ASP|_ZN|HIS|214633|639|1152|555|-OD1|ZN--|-ND1|104013|3086|2653|1.971264|2.031429|3.011170|97.566246
478|7|82|153|70|ASP|_ZN|HIS|214633|640|1152|555|-OD2|ZN--|-ND1|104013|3087|2653|2.886228|2.031429|3.102065|76.013344
478|8|135|153|70|LYS|_ZN|HIS|294633|1025|1152|555|-O--|ZN--|-ND1|44013|4725|2653|3.847809|2.031429|3.975141|78.448174
478|9|82|153|79|ASP|_ZN|HIS|214633|639|1152|618|-OD1|ZN--|-ND1|104013|3086|3018|1.971264|1.995406|3.352517|115.379349
478|10|82|153|79|ASP|_ZN|HIS|214633|640|1152|618|-OD2|ZN--|-ND1|104013|3087|3018|2.886228|1.995406|3.393289|86.029617
478|11|135|153|79|LYS|_ZN|HIS|294633|1025|1152|618|-O--|ZN--|-ND1|44013|4725|3018|3.847809|1.995406|3.810952|73.878578
478|12|82|153|82|ASP|_ZN|ASP|214621|639|1152|640|-OD1|ZN--|-OD2|104010|3086|3087|1.971264|2.886228|2.244822|50.896835
478|13|135|153|82|LYS|_ZN|ASP|294621|1025|1152|639|-O--|ZN--|-OD1|44010|4725|3086|3.847809|1.971264|5.801544|170.600143
478|14|135|153|82|LYS|_ZN|ASP|294621|1025|1152|640|-O--|ZN--|-OD2|44010|4725|3087|3.847809|2.886228|6.224064|134.626419
478|15|45|154|47|HIS|_CU|HIS|334633|350|1153|370|-ND1|CU--|-NE2|134013|1564|1680|1.988489|2.045261|3.843246|144.638245
478|16|45|154|62|HIS|_CU|HIS|334633|350|1153|488|-ND1|CU--|-NE2|134013|1564|2308|1.988489|3.314002|3.246229|70.503632
478|17|45|154|119|HIS|_CU|HIS|334633|350|1153|912|-ND1|CU--|-NE2|134013|1564|4196|1.988489|2.201337|3.286856|103.229004
478|18|45|154|163|HIS|_CU|_CD|334646|350|1153|1162|-ND1|CU--|CD--|134040|1564|5149|1.988489|1.601768|2.485919|86.940895
478|19|45|154|175|HIS|_CU|HOH|334643|350|1153|1174|-ND1|CU--|-O--|134028|1564|5150|1.988489|3.668415|3.450295|67.823669
478|20|45|154|223|HIS|_CU|HOH|334643|350|1153|1222|-ND1|CU--|-O--|134028|1564|5151|1.988489|3.951888|5.042001|111.853569
478|21|47|154|62|HIS|_CU|HIS|334633|370|1153|488|-NE2|CU--|-NE2|134013|1680|2308|2.045261|3.314002|3.579671|80.009972
478|22|47|154|119|HIS|_CU|HIS|334633|370|1153|912|-NE2|CU--|-NE2|134013|1680|4196|2.045261|2.201337|3.351618|104.170250
478|23|47|154|163|HIS|_CU|_CD|334646|370|1153|1162|-NE2|CU--|CD--|134040|1680|5149|2.045261|1.601768|2.394103|81.070328
478|24|47|154|175|HIS|_CU|HOH|334643|370|1153|1174|-NE2|CU--|-O--|134028|1680|5150|2.045261|3.668415|4.747968|109.070511
478|25|47|154|223|HIS|_CU|HOH|334643|370|1153|1222|-NE2|CU--|-O--|134028|1680|5151|2.045261|3.951888|3.535374|63.148041
478|26|62|154|119|HIS|_CU|HIS|334633|488|1153|912|-NE2|CU--|-NE2|134013|2308|4196|3.314002|2.201337|4.511308|108.060730
478|27|62|154|163|HIS|_CU|_CD|334646|488|1153|1162|-NE2|CU--|CD--|134040|2308|5149|3.314002|1.601768|2.266937|37.618538
478|28|62|154|175|HIS|_CU|HOH|334643|488|1153|1174|-NE2|CU--|-O--|134028|2308|5150|3.314002|3.668415|3.123089|52.841988
478|29|62|154|223|HIS|_CU|HOH|334643|488|1153|1222|-NE2|CU--|-O--|134028|2308|5151|3.314002|3.951888|3.462029|56.086048
478|30|119|154|163|HIS|_CU|_CD|334646|912|1153|1162|-NE2|CU--|CD--|134040|4196|5149|2.201337|1.601768|2.272309|71.409958
478|31|119|154|175|HIS|_CU|HOH|334643|912|1153|1174|-NE2|CU--|-O--|134028|4196|5150|2.201337|3.668415|3.154009|58.846401
478|32|119|154|223|HIS|_CU|HOH|334643|912|1153|1222|-NE2|CU--|-O--|134028|4196|5151|2.201337|3.951888|3.547307|63.070217
478|33|175|154|163|HOH|_CU|_CD|434646|1174|1153|1162|-O--|CU--|CD--|284040|5150|5149|3.668415|1.601768|2.391686|28.754467
478|34|223|154|163|HOH|_CU|_CD|434646|1222|1153|1162|-O--|CU--|CD--|284040|5151|5149|3.951888|1.601768|2.594456|25.234499
478|35|175|154|223|HOH|_CU|HOH|434643|1174|1153|1222|-O--|CU--|-O--|284028|5150|5151|3.668415|3.951888|3.074414|47.407791
478|36|50|155|50|GLU|_CD|GLU|254625|405|1154|406|-OE1|CD--|-OE2|104010|1906|1912|2.670206|2.289256|2.638947|63.753017
478|37|50|155|50|GLU|_CD|GLU|254625|405|1154|407|-OE1|CD--|-OE2|104010|1906|1916|2.670206|2.203233|2.183595|52.171795
478|38|51|155|50|ASP|_CD|GLU|214625|414|1154|405|-OD1|CD--|-OE1|104010|1947|1906|3.947240|2.670206|3.515419|60.586468
478|39|50|155|177|GLU|_CD|HOH|254643|405|1154|1176|-OE1|CD--|-O--|104028|1906|5152|2.670206|2.269627|2.869776|70.501991
478|40|50|155|2|GLU|_CD|LYS|254629|405|1154|23|-OE1|CD--|-NZ-|104014|1906|7124|2.670206|3.799342|4.952686|98.400192
478|41|95|155|50|ASP|_CD|GLU|214625|725|1154|405|-OD2|CD--|-OE1|104010|7129|1906|2.278585|2.670206|4.483833|129.760681
478|42|0|155|50|ALA|_CD|GLU|34625|3|1154|405|-O--|CD--|-OE1|44010|7131|1906|2.499094|2.670206|4.431876|118.001961
478|43|95|155|50|ASP|_CD|GLU|214625|724|1154|405|-OD1|CD--|-OE1|104010|7135|1906|2.504323|2.670206|5.092512|159.559830
478|44|0|155|50|ALA|_CD|GLU|34625|0|1154|405|-N--|CD--|-OE1|14010|7137|1906|2.252455|2.670206|3.267549|82.708580
478|45|50|155|50|GLU|_CD|GLU|254625|406|1154|407|-OE2|CD--|-OE2|104010|1912|1916|2.289256|2.203233|0.475254|11.946063
478|46|51|155|50|ASP|_CD|GLU|214625|414|1154|406|-OD1|CD--|-OE2|104010|1947|1912|3.947240|2.289256|5.548256|123.450104
478|47|50|155|177|GLU|_CD|HOH|254643|406|1154|1176|-OE2|CD--|-O--|104028|1912|5152|2.289256|2.269627|3.749187|110.649101
478|48|50|155|2|GLU|_CD|LYS|254629|406|1154|23|-OE2|CD--|-NZ-|104014|1912|7124|2.289256|3.799342|2.330594|35.030994
478|49|95|155|50|ASP|_CD|GLU|214625|725|1154|406|-OD2|CD--|-OE2|104010|7129|1912|2.278585|2.289256|2.940069|80.127953
478|50|0|155|50|ALA|_CD|GLU|34625|3|1154|406|-O--|CD--|-OE2|44010|7131|1912|2.499094|2.289256|3.093554|80.359886
478|51|95|155|50|ASP|_CD|GLU|214625|724|1154|406|-OD1|CD--|-OE2|104010|7135|1912|2.504323|2.289256|4.348490|130.174973
478|52|0|155|50|ALA|_CD|GLU|34625|0|1154|406|-N--|CD--|-OE2|14010|7137|1912|2.252455|2.289256|3.854292|116.126427
478|53|51|155|50|ASP|_CD|GLU|214625|414|1154|407|-OD1|CD--|-OE2|104010|1947|1916|3.947240|2.203233|5.203413|112.444427
478|54|50|155|177|GLU|_CD|HOH|254643|407|1154|1176|-OE2|CD--|-O--|104028|1916|5152|2.203233|2.269627|3.463065|101.461967
478|55|50|155|2|GLU|_CD|LYS|254629|407|1154|23|-OE2|CD--|-NZ-|104014|1916|7124|2.203233|3.799342|2.803806|46.952641
478|56|95|155|50|ASP|_CD|GLU|214625|725|1154|407|-OD2|CD--|-OE2|104010|7129|1916|2.278585|2.203233|3.114079|88.009743
478|57|0|155|50|ALA|_CD|GLU|34625|3|1154|407|-O--|CD--|-OE2|44010|7131|1916|2.499094|2.203233|3.323993|89.735802
478|58|95|155|50|ASP|_CD|GLU|214625|724|1154|407|-OD1|CD--|-OE2|104010|7135|1916|2.504323|2.203233|4.425062|140.014862
478|59|0|155|50|ALA|_CD|GLU|34625|0|1154|407|-N--|CD--|-OE2|14010|7137|1916|2.252455|2.203233|3.725234|113.448700
478|60|51|155|177|ASP|_CD|HOH|214643|414|1154|1176|-OD1|CD--|-O--|104028|1947|5152|3.947240|2.269627|3.373158|58.530621
478|61|51|155|2|ASP|_CD|LYS|214629|414|1154|23|-OD1|CD--|-NZ-|104014|1947|7124|3.947240|3.799342|7.552829|154.312210
478|62|51|155|95|ASP|_CD|ASP|214621|414|1154|725|-OD1|CD--|-OD2|104010|1947|7129|3.947240|2.278585|5.988965|147.051697
478|63|0|155|51|ALA|_CD|ASP|34621|3|1154|414|-O--|CD--|-OD1|44010|7131|1947|2.499094|3.947240|5.570191|117.798332
478|64|51|155|95|ASP|_CD|ASP|214621|414|1154|724|-OD1|CD--|-OD1|104010|1947|7135|3.947240|2.504323|5.227694|106.081444
478|65|0|155|51|ALA|_CD|ASP|34621|0|1154|414|-N--|CD--|-OD1|14010|7137|1947|2.252455|3.947240|2.967651|48.221405
478|66|2|155|177|LYS|_CD|HOH|294643|23|1154|1176|-NZ-|CD--|-O--|144028|7124|5152|3.799342|2.269627|5.577185|131.905502
478|67|95|155|177|ASP|_CD|HOH|214643|725|1154|1176|-OD2|CD--|-O--|104028|7129|5152|2.278585|2.269627|3.305784|93.242645
478|68|0|155|177|ALA|_CD|HOH|34643|3|1154|1176|-O--|CD--|-O--|44028|7131|5152|2.499094|2.269627|4.745943|168.782516
478|69|95|155|177|ASP|_CD|HOH|214643|724|1154|1176|-OD1|CD--|-O--|104028|7135|5152|2.504323|2.269627|3.362555|89.415009
478|70|0|155|177|ALA|_CD|HOH|34643|0|1154|1176|-N--|CD--|-O--|14028|7137|5152|2.252455|2.269627|3.609729|105.925026
478|71|95|155|2|ASP|_CD|LYS|214629|725|1154|23|-OD2|CD--|-NZ-|104014|7129|7124|2.278585|3.799342|3.207735|57.364742
478|72|0|155|2|ALA|_CD|LYS|34629|3|1154|23|-O--|CD--|-NZ-|44014|7131|7124|2.499094|3.799342|3.193747|56.502663
478|73|95|155|2|ASP|_CD|LYS|214629|724|1154|23|-OD1|CD--|-NZ-|104014|7135|7124|2.504323|3.799342|4.830754|97.942703
478|74|0|155|2|ALA|_CD|LYS|34629|0|1154|23|-N--|CD--|-NZ-|14014|7137|7124|2.252455|3.799342|5.278759|119.225624
478|75|0|155|95|ALA|_CD|ASP|34621|3|1154|725|-O--|CD--|-OD2|44010|7131|7129|2.499094|2.278585|3.275048|86.418282
478|76|95|155|95|ASP|_CD|ASP|214621|724|1154|725|-OD1|CD--|-OD2|104010|7135|7129|2.504323|2.278585|2.133614|52.729294
478|77|0|155|95|ALA|_CD|ASP|34621|0|1154|725|-N--|CD--|-OD2|14010|7137|7129|2.252455|2.278585|4.343083|146.877853
478|78|0|155|95|ALA|_CD|ASP|34621|3|1154|724|-O--|CD--|-OD1|44010|7131|7135|2.499094|2.504323|3.264329|81.448532
478|79|0|155|0|ALA|_CD|ALA|34603|0|1154|3|-N--|CD--|-O--|14004|7137|7131|2.252455|2.499094|2.718555|69.577240
478|80|0|155|95|ALA|_CD|ASP|34621|0|1154|724|-N--|CD--|-OD1|14010|7137|7135|2.252455|2.504323|3.643280|99.841454
478|81|120|156|120|GLU|_CD|GLU|254625|920|1155|921|-OE1|CD--|-OE2|104010|4242|4252|2.326380|3.524863|2.203089|37.661350
478|82|120|156|141|GLU|_CD|SER|254611|920|1155|1064|-OE1|CD--|-OG-|104017|4242|4867|2.326380|2.421369|3.186780|84.297112
478|83|120|156|164|GLU|_CD|_CL|254647|920|1155|1163|-OE1|CD--|CL--|104038|4242|5153|2.326380|2.422754|2.821090|72.853920
478|84|120|156|256|GLU|_CD|HOH|254643|920|1155|1255|-OE1|CD--|-O--|104028|4242|5154|2.326380|2.395025|3.490281|95.323441
478|85|120|156|165|GLU|_CD|_CL|254647|920|1155|1164|-OE1|CD--|CL--|104038|4242|5155|2.326380|2.497798|4.809397|171.021652
478|86|120|156|274|GLU|_CD|HOH|254643|920|1155|1273|-OE1|CD--|-O--|104028|4242|5156|2.326380|2.517627|3.405012|89.235046
478|87|120|156|141|GLU|_CD|SER|254611|921|1155|1064|-OE2|CD--|-OG-|104017|4252|4867|3.524863|2.421369|5.218385|121.597733
478|88|120|156|164|GLU|_CD|_CL|254647|921|1155|1163|-OE2|CD--|CL--|104038|4252|5153|3.524863|2.422754|3.830797|77.765640
478|89|120|156|256|GLU|_CD|HOH|254643|921|1155|1255|-OE2|CD--|-O--|104028|4252|5154|3.524863|2.395025|3.043143|58.188736
478|90|120|156|165|GLU|_CD|_CL|254647|921|1155|1164|-OE2|CD--|CL--|104038|4252|5155|3.524863|2.497798|5.817791|149.569260
478|91|120|156|274|GLU|_CD|HOH|254643|921|1155|1273|-OE2|CD--|-O--|104028|4252|5156|3.524863|2.517627|4.600988|97.790970
478|92|141|156|164|SER|_CD|_CL|114647|1064|1155|1163|-OG-|CD--|CL--|174038|4867|5153|2.421369|2.422754|3.083246|79.061470
478|93|141|156|256|SER|_CD|HOH|114643|1064|1155|1255|-OG-|CD--|-O--|174028|4867|5154|2.421369|2.395025|4.815920|178.391968
478|94|141|156|165|SER|_CD|_CL|114647|1064|1155|1164|-OG-|CD--|CL--|174038|4867|5155|2.421369|2.497798|3.403988|87.560402
478|95|141|156|274|SER|_CD|HOH|114643|1064|1155|1273|-OG-|CD--|-O--|174028|4867|5156|2.421369|2.517627|3.296786|83.724709
478|96|256|156|164|HOH|_CD|_CL|434647|1255|1155|1163|-O--|CD--|CL--|284038|5154|5153|2.395025|2.422754|3.752883|102.330368
478|97|164|156|165|_CL|_CD|_CL|474647|1163|1155|1164|CL--|CD--|CL--|384038|5153|5155|2.422754|2.497798|3.821613|101.901390
478|98|274|156|164|HOH|_CD|_CL|434647|1273|1155|1163|-O--|CD--|CL--|284038|5156|5153|2.517627|2.422754|4.834007|156.173065
478|99|256|156|165|HOH|_CD|_CL|434647|1255|1155|1164|-O--|CD--|CL--|284038|5154|5155|2.395025|2.497798|3.547438|92.918472
478|100|256|156|274|HOH|_CD|HOH|434643|1255|1155|1273|-O--|CD--|-O--|284028|5154|5156|2.395025|2.517627|3.614560|94.711021
478|101|274|156|165|HOH|_CD|_CL|434647|1273|1155|1164|-O--|CD--|CL--|284038|5156|5155|2.517627|2.497798|3.657242|93.637680
478|102|49|157|49|GLU|_CD|GLU|254625|390|1156|391|-OE1|CD--|-OE1|104010|1822|1831|2.050211|2.590024|1.553965|36.864254
478|103|49|157|49|GLU|_CD|GLU|254625|390|1156|392|-OE1|CD--|-OE2|104010|1822|1837|2.050211|2.882130|2.160212|48.417652
478|104|49|157|49|GLU|_CD|GLU|254625|390|1156|393|-OE1|CD--|-OE2|104010|1822|1851|2.050211|2.380323|1.207107|30.472115
478|105|51|157|49|ASP|_CD|GLU|214625|415|1156|390|-OD2|CD--|-OE1|104010|1951|1822|2.250472|2.050211|3.292940|99.830170
478|106|49|157|267|GLU|_CD|HOH|254643|390|1156|1266|-OE1|CD--|-O--|104028|1822|5157|2.050211|3.967071|3.689238|67.096970
478|107|49|157|332|GLU|_CD|HOH|254643|390|1156|1331|-OE1|CD--|-O--|104028|1822|5158|2.050211|3.839000|2.911980|48.349094
478|108|49|157|185|GLU|_CD|HOH|254643|390|1156|1184|-OE1|CD--|-O--|104028|1822|7148|2.050211|3.066714|3.266837|76.498390
478|109|89|157|49|ASP|_CD|GLU|214625|686|1156|390|-OD1|CD--|-OE1|104010|7151|1822|3.325583|2.050211|5.138706|144.804413
478|110|89|157|49|ASP|_CD|GLU|214625|687|1156|390|-OD2|CD--|-OE1|104010|7152|1822|2.163253|2.050211|3.496896|112.156136
478|111|91|157|49|ASP|_CD|GLU|214625|700|1156|390|-OD1|CD--|-OE1|104010|7156|1822|2.377035|2.050211|3.518522|105.022316
478|112|91|157|49|ASP|_CD|GLU|214625|701|1156|390|-OD2|CD--|-OE1|104010|7157|1822|2.369942|2.050211|3.978807|128.210266
478|113|49|157|49|GLU|_CD|GLU|254625|391|1156|392|-OE1|CD--|-OE2|104010|1831|1837|2.590024|2.882130|2.395826|51.592934
478|114|49|157|49|GLU|_CD|GLU|254625|391|1156|393|-OE1|CD--|-OE2|104010|1831|1851|2.590024|2.380323|2.179879|51.816582
478|115|51|157|49|ASP|_CD|GLU|214625|415|1156|391|-OD2|CD--|-OE1|104010|1951|1831|2.250472|2.590024|4.494065|136.269791
478|116|49|157|267|GLU|_CD|HOH|254643|391|1156|1266|-OE1|CD--|-O--|104028|1831|5157|2.590024|3.967071|3.456826|59.284550
478|117|49|157|332|GLU|_CD|HOH|254643|391|1156|1331|-OE1|CD--|-O--|104028|1831|5158|2.590024|3.839000|4.010642|74.360802
478|118|49|157|185|GLU|_CD|HOH|254643|391|1156|1184|-OE1|CD--|-O--|104028|1831|7148|2.590024|3.066714|3.880907|86.204674
478|119|89|157|49|ASP|_CD|GLU|214625|686|1156|391|-OD1|CD--|-OE1|104010|7151|1831|3.325583|2.590024|4.895748|111.096710
478|120|89|157|49|ASP|_CD|GLU|214625|687|1156|391|-OD2|CD--|-OE1|104010|7152|1831|2.163253|2.590024|3.490573|94.074554
478|121|91|157|49|ASP|_CD|GLU|214625|700|1156|391|-OD1|CD--|-OE1|104010|7156|1831|2.377035|2.590024|2.937323|72.363274
478|122|91|157|49|ASP|_CD|GLU|214625|701|1156|391|-OD2|CD--|-OE1|104010|7157|1831|2.369942|2.590024|4.221864|116.612572
478|123|49|157|49|GLU|_CD|GLU|254625|392|1156|393|-OE2|CD--|-OE2|104010|1837|1851|2.882130|2.380323|1.188910|23.746908
478|124|51|157|49|ASP|_CD|GLU|214625|415|1156|392|-OD2|CD--|-OE2|104010|1951|1837|2.250472|2.882130|4.239746|110.788628
478|125|49|157|267|GLU|_CD|HOH|254643|392|1156|1266|-OE2|CD--|-O--|104028|1837|5157|2.882130|3.967071|5.602580|108.734505
478|126|49|157|332|GLU|_CD|HOH|254643|392|1156|1331|-OE2|CD--|-O--|104028|1837|5158|2.882130|3.839000|4.956455|93.943436
478|127|49|157|185|GLU|_CD|HOH|254643|392|1156|1184|-OE2|CD--|-O--|104028|1837|7148|2.882130|3.066714|5.275345|124.915199
478|128|89|157|49|ASP|_CD|GLU|214625|686|1156|392|-OD1|CD--|-OE2|104010|7151|1837|3.325583|2.882130|5.711144|133.729401
478|129|89|157|49|ASP|_CD|GLU|214625|687|1156|392|-OD2|CD--|-OE2|104010|7152|1837|2.163253|2.882130|4.804634|144.078979
478|130|91|157|49|ASP|_CD|GLU|214625|700|1156|392|-OD1|CD--|-OE2|104010|7156|1837|2.377035|2.882130|3.157434|73.080673
478|131|91|157|49|ASP|_CD|GLU|214625|701|1156|392|-OD2|CD--|-OE2|104010|7157|1837|2.369942|2.882130|3.397764|79.973183
478|132|51|157|49|ASP|_CD|GLU|214625|415|1156|393|-OD2|CD--|-OE2|104010|1951|1851|2.250472|2.380323|3.427006|95.429893
478|133|49|157|267|GLU|_CD|HOH|254643|393|1156|1266|-OE2|CD--|-O--|104028|1851|5157|2.380323|3.967071|4.879966|97.332924
478|134|49|157|332|GLU|_CD|HOH|254643|393|1156|1331|-OE2|CD--|-O--|104028|1851|5158|2.380323|3.839000|3.800835|70.975487
478|135|49|157|185|GLU|_CD|HOH|254643|393|1156|1184|-OE2|CD--|-O--|104028|1851|7148|2.380323|3.066714|4.316333|104.113731
478|136|89|157|49|ASP|_CD|GLU|214625|686|1156|393|-OD1|CD--|-OE2|104010|7151|1851|3.325583|2.380323|5.582961|155.830063
478|137|89|157|49|ASP|_CD|GLU|214625|687|1156|393|-OD2|CD--|-OE2|104010|7152|1851|2.163253|2.380323|4.294379|141.826645
478|138|91|157|49|ASP|_CD|GLU|214625|700|1156|393|-OD1|CD--|-OE2|104010|7156|1851|2.377035|2.380323|3.526807|95.690918
478|139|91|157|49|ASP|_CD|GLU|214625|701|1156|393|-OD2|CD--|-OE2|104010|7157|1851|2.369942|2.380323|3.613010|99.032478
478|140|51|157|267|ASP|_CD|HOH|214643|415|1156|1266|-OD2|CD--|-O--|104028|1951|5157|2.250472|3.967071|5.079801|106.268715
478|141|51|157|332|ASP|_CD|HOH|214643|415|1156|1331|-OD2|CD--|-O--|104028|1951|5158|2.250472|3.839000|3.610406|66.942261
478|142|51|157|185|ASP|_CD|HOH|214643|415|1156|1184|-OD2|CD--|-O--|104028|1951|7148|2.250472|3.066714|3.257693|73.774719
478|143|89|157|51|ASP|_CD|ASP|214621|686|1156|415|-OD1|CD--|-OD2|104010|7151|1951|3.325583|2.250472|4.539843|107.439819
478|144|51|157|89|ASP|_CD|ASP|214621|415|1156|687|-OD2|CD--|-OD2|104010|1951|7152|2.250472|2.163253|3.422640|101.674179
478|145|91|157|51|ASP|_CD|ASP|214621|700|1156|415|-OD1|CD--|-OD2|104010|7156|1951|2.377035|2.250472|4.445680|147.758011
478|146|51|157|91|ASP|_CD|ASP|214621|415|1156|701|-OD2|CD--|-OD2|104010|1951|7157|2.250472|2.369942|3.383369|94.117645
478|147|267|157|332|HOH|_CD|HOH|434643|1266|1156|1331|-O--|CD--|-O--|284028|5157|5158|3.967071|3.839000|3.340732|50.644485
478|148|185|157|267|HOH|_CD|HOH|434643|1184|1156|1266|-O--|CD--|-O--|284028|7148|5157|3.066714|3.967071|2.161210|32.716843
478|149|89|157|267|ASP|_CD|HOH|214643|686|1156|1266|-OD1|CD--|-O--|104028|7151|5157|3.325583|3.967071|4.899667|83.929329
478|150|89|157|267|ASP|_CD|HOH|214643|687|1156|1266|-OD2|CD--|-O--|104028|7152|5157|2.163253|3.967071|2.884236|45.178974
478|151|91|157|267|ASP|_CD|HOH|214643|700|1156|1266|-OD1|CD--|-O--|104028|7156|5157|2.377035|3.967071|5.036550|102.179352
478|152|91|157|267|ASP|_CD|HOH|214643|701|1156|1266|-OD2|CD--|-O--|104028|7157|5157|2.369942|3.967071|6.166183|152.425308
478|153|185|157|332|HOH|_CD|HOH|434643|1184|1156|1331|-O--|CD--|-O--|284028|7148|5158|3.066714|3.839000|2.200677|34.950188
478|154|89|157|332|ASP|_CD|HOH|214643|686|1156|1331|-OD1|CD--|-O--|104028|7151|5158|3.325583|3.839000|6.358327|124.959724
478|155|89|157|332|ASP|_CD|HOH|214643|687|1156|1331|-OD2|CD--|-O--|104028|7152|5158|2.163253|3.839000|4.229473|84.717590
478|156|91|157|332|ASP|_CD|HOH|214643|700|1156|1331|-OD1|CD--|-O--|104028|7156|5158|2.377035|3.839000|5.947692|145.200745
478|157|91|157|332|ASP|_CD|HOH|214643|701|1156|1331|-OD2|CD--|-O--|104028|7157|5158|2.369942|3.839000|6.089330|156.803299
478|158|89|157|185|ASP|_CD|HOH|214643|686|1156|1184|-OD1|CD--|-O--|104028|7151|7148|3.325583|3.066714|4.524349|90.015450
478|159|89|157|185|ASP|_CD|HOH|214643|687|1156|1184|-OD2|CD--|-O--|104028|7152|7148|2.163253|3.066714|2.375428|50.487953
478|160|91|157|185|ASP|_CD|HOH|214643|700|1156|1184|-OD1|CD--|-O--|104028|7156|7148|2.377035|3.066714|4.977296|131.804337
478|161|91|157|185|ASP|_CD|HOH|214643|701|1156|1184|-OD2|CD--|-O--|104028|7157|7148|2.369942|3.066714|5.306698|154.682114
478|162|89|157|89|ASP|_CD|ASP|214621|686|1156|687|-OD1|CD--|-OD2|104010|7151|7152|3.325583|2.163253|2.216410|41.194977
478|163|89|157|91|ASP|_CD|ASP|214621|686|1156|700|-OD1|CD--|-OD1|104010|7151|7156|3.325583|2.377035|2.994885|60.686306
478|164|89|157|91|ASP|_CD|ASP|214621|686|1156|701|-OD1|CD--|-OD2|104010|7151|7157|3.325583|2.369942|3.442122|72.164536
478|165|91|157|89|ASP|_CD|ASP|214621|700|1156|687|-OD1|CD--|-OD2|104010|7156|7152|2.377035|2.163253|3.150137|87.734184
478|166|89|157|91|ASP|_CD|ASP|214621|687|1156|701|-OD2|CD--|-OD2|104010|7152|7157|2.163253|2.369942|3.788228|113.291672
478|167|91|157|91|ASP|_CD|ASP|214621|700|1156|701|-OD1|CD--|-OD2|104010|7156|7157|2.377035|2.369942|2.163918|54.239254
478|168|109|158|109|HIS|_CD|HIS|334633|830|1157|835|-ND1|CD--|-NE2|134013|3877|3907|3.252222|2.168118|1.478367|21.819315
478|169|109|158|109|HIS|_CD|HIS|334633|830|1157|836|-ND1|CD--|-NE2|134013|3877|3912|3.252222|2.997788|2.132038|39.628105
478|170|109|158|384|HIS|_CD|HOH|334643|830|1157|1383|-ND1|CD--|-O--|134028|3877|5159|3.252222|3.900434|4.880328|85.540283
478|171|109|158|161|HIS|_CD|_CD|334646|830|1157|1160|-ND1|CD--|CD--|134040|3877|5160|3.252222|3.647056|2.518466|42.336918
478|172|109|158|395|HIS|_CD|HOH|334643|830|1157|1394|-ND1|CD--|-O--|134028|3877|5161|3.252222|2.292956|4.043603|91.983185
478|173|109|158|209|HIS|_CD|HOH|334643|830|1157|1208|-ND1|CD--|-O--|134028|3877|5162|3.252222|2.495973|5.059749|122.798523
478|174|109|158|186|HIS|_CD|HOH|334643|830|1157|1185|-ND1|CD--|-O--|134028|3877|5163|3.252222|3.739157|5.695386|108.902832
478|175|109|158|243|HIS|_CD|HOH|334643|830|1157|1242|-ND1|CD--|-O--|134028|3877|5164|3.252222|2.457232|3.876626|84.302582
478|176|152|158|109|GLN|_CD|HIS|274633|1151|1157|830|-OXT|CD--|-ND1|84013|7161|3877|2.531456|3.252222|3.489937|73.031120
478|177|152|158|109|GLN|_CD|HIS|274633|1145|1157|830|-O--|CD--|-ND1|44013|7165|3877|2.199861|3.252222|4.912340|127.520508
478|178|109|158|109|HIS|_CD|HIS|334633|835|1157|836|-NE2|CD--|-NE2|134013|3907|3912|2.168118|2.997788|1.228723|20.477371
478|179|109|158|384|HIS|_CD|HOH|334643|835|1157|1383|-NE2|CD--|-O--|134028|3907|5159|2.168118|3.900434|3.576614|65.096672
478|180|109|158|161|HIS|_CD|_CD|334646|835|1157|1160|-NE2|CD--|CD--|134040|3907|5160|2.168118|3.647056|3.328775|64.046799
478|181|109|158|395|HIS|_CD|HOH|334643|835|1157|1394|-NE2|CD--|-O--|134028|3907|5161|2.168118|2.292956|2.853875|79.489166
478|182|109|158|209|HIS|_CD|HOH|334643|835|1157|1208|-NE2|CD--|-O--|134028|3907|5162|2.168118|2.495973|3.684656|104.151291
478|183|109|158|186|HIS|_CD|HOH|334643|835|1157|1185|-NE2|CD--|-O--|134028|3907|5163|2.168118|3.739157|4.760632|104.215309
478|184|109|158|243|HIS|_CD|HOH|334643|835|1157|1242|-NE2|CD--|-O--|134028|3907|5164|2.168118|2.457232|3.443364|96.023048
478|185|152|158|109|GLN|_CD|HIS|274633|1151|1157|835|-OXT|CD--|-NE2|84013|7161|3907|2.531456|2.168118|3.349611|90.578789
478|186|152|158|109|GLN|_CD|HIS|274633|1145|1157|835|-O--|CD--|-NE2|44013|7165|3907|2.199861|2.168118|4.134256|142.342957
478|187|109|158|384|HIS|_CD|HOH|334643|836|1157|1383|-NE2|CD--|-O--|134028|3912|5159|2.997788|3.900434|2.816339|45.919811
478|188|109|158|161|HIS|_CD|_CD|334646|836|1157|1160|-NE2|CD--|CD--|134040|3912|5160|2.997788|3.647056|4.353602|81.230026
478|189|109|158|395|HIS|_CD|HOH|334643|836|1157|1394|-NE2|CD--|-O--|134028|3912|5161|2.997788|2.292956|2.710986|59.898209
478|190|109|158|209|HIS|_CD|HOH|334643|836|1157|1208|-NE2|CD--|-O--|134028|3912|5162|2.997788|2.495973|4.104207|96.245102
478|191|109|158|186|HIS|_CD|HOH|334643|836|1157|1185|-NE2|CD--|-O--|134028|3912|5163|2.997788|3.739157|5.594023|111.798874
478|192|109|158|243|HIS|_CD|HOH|334643|836|1157|1242|-NE2|CD--|-O--|134028|3912|5164|2.997788|2.457232|4.621010|115.441811
478|193|152|158|109|GLN|_CD|HIS|274633|1151|1157|836|-OXT|CD--|-NE2|84013|7161|3912|2.531456|2.997788|4.102355|95.422676
478|194|152|158|109|GLN|_CD|HIS|274633|1145|1157|836|-O--|CD--|-NE2|44013|7165|3912|2.199861|2.997788|4.826397|135.876953
478|195|384|158|161|HOH|_CD|_CD|434646|1383|1157|1160|-O--|CD--|CD--|284040|5159|5160|3.900434|3.647056|6.744984|126.644386
478|196|384|158|395|HOH|_CD|HOH|434643|1383|1157|1394|-O--|CD--|-O--|284028|5159|5161|3.900434|2.292956|2.434392|35.595619
478|197|209|158|384|HOH|_CD|HOH|434643|1208|1157|1383|-O--|CD--|-O--|284028|5162|5159|2.495973|3.900434|3.556149|63.140148
478|198|186|158|384|HOH|_CD|HOH|434643|1185|1157|1383|-O--|CD--|-O--|284028|5163|5159|3.739157|3.900434|5.917439|101.512238
478|199|243|158|384|HOH|_CD|HOH|434643|1242|1157|1383|-O--|CD--|-O--|284028|5164|5159|2.457232|3.900434|6.005418|140.606995
478|200|152|158|384|GLN|_CD|HOH|274643|1151|1157|1383|-OXT|CD--|-O--|84028|7161|5159|2.531456|3.900434|5.595192|119.367928
478|201|152|158|384|GLN|_CD|HOH|274643|1145|1157|1383|-O--|CD--|-O--|44028|7165|5159|2.199861|3.900434|5.267101|116.621147
478|202|395|158|161|HOH|_CD|_CD|434646|1394|1157|1160|-O--|CD--|CD--|284040|5161|5160|2.292956|3.647056|5.149642|118.420624
478|203|209|158|161|HOH|_CD|_CD|434646|1208|1157|1160|-O--|CD--|CD--|284040|5162|5160|2.495973|3.647056|5.882942|145.914200
478|204|186|158|161|HOH|_CD|_CD|434646|1185|1157|1160|-O--|CD--|CD--|284040|5163|5160|3.739157|3.647056|5.874956|105.378342
478|205|243|158|161|HOH|_CD|_CD|434646|1242|1157|1160|-O--|CD--|CD--|284040|5164|5160|2.457232|3.647056|3.236961|60.370548
478|206|152|158|161|GLN|_CD|_CD|274646|1151|1157|1160|-OXT|CD--|CD--|84040|7161|5160|2.531456|3.647056|2.690525|47.517780
478|207|152|158|161|GLN|_CD|_CD|274646|1145|1157|1160|-O--|CD--|CD--|44040|7165|5160|2.199861|3.647056|4.412853|94.764793
478|208|209|158|395|HOH|_CD|HOH|434643|1208|1157|1394|-O--|CD--|-O--|284028|5162|5161|2.495973|2.292956|3.330446|88.019096
478|209|186|158|395|HOH|_CD|HOH|434643|1185|1157|1394|-O--|CD--|-O--|284028|5163|5161|3.739157|2.292956|5.536070|131.709518
478|210|243|158|395|HOH|_CD|HOH|434643|1242|1157|1394|-O--|CD--|-O--|284028|5164|5161|2.457232|2.292956|4.745992|175.180328
478|211|152|158|395|GLN|_CD|HOH|274643|1151|1157|1394|-OXT|CD--|-O--|84028|7161|5161|2.531456|2.292956|3.361974|88.207886
478|212|152|158|395|GLN|_CD|HOH|274643|1145|1157|1394|-O--|CD--|-O--|44028|7165|5161|2.199861|2.292956|3.040588|85.156204
478|213|186|158|209|HOH|_CD|HOH|434643|1185|1157|1208|-O--|CD--|-O--|284028|5163|5162|3.739157|2.495973|2.601599|43.929684
478|214|209|158|243|HOH|_CD|HOH|434643|1208|1157|1242|-O--|CD--|-O--|284028|5162|5164|2.495973|2.457232|3.545342|91.408829
478|215|152|158|209|GLN|_CD|HOH|274643|1151|1157|1208|-OXT|CD--|-O--|84028|7161|5162|2.531456|2.495973|4.977571|163.847717
478|216|152|158|209|GLN|_CD|HOH|274643|1145|1157|1208|-O--|CD--|-O--|44028|7165|5162|2.199861|2.495973|3.838219|109.483017
478|217|186|158|243|HOH|_CD|HOH|434643|1185|1157|1242|-O--|CD--|-O--|284028|5163|5164|3.739157|2.457232|2.756908|47.482525
478|218|152|158|186|GLN|_CD|HOH|274643|1151|1157|1185|-OXT|CD--|-O--|84028|7161|5163|2.531456|3.739157|5.887716|138.945618
478|219|152|158|186|GLN|_CD|HOH|274643|1145|1157|1185|-O--|CD--|-O--|44028|7165|5163|2.199861|3.739157|4.987621|111.598381
478|220|152|158|243|GLN|_CD|HOH|274643|1151|1157|1242|-OXT|CD--|-O--|84028|7161|5164|2.531456|2.457232|3.637709|93.625397
478|221|152|158|243|GLN|_CD|HOH|274643|1145|1157|1242|-O--|CD--|-O--|44028|7165|5164|2.199861|2.457232|3.559346|99.538750
478|222|152|158|152|GLN|_CD|GLN|274627|1145|1157|1151|-O--|CD--|-OXT|44008|7165|7161|2.199861|2.531456|2.187231|54.525387
478|223|23|159|23|GLU|_CD|GLU|254625|180|1158|182|-OE1|CD--|-OE2|104010|822|834|2.301244|2.422565|2.191013|55.195927
478|224|23|159|23|GLU|_CD|GLU|254625|180|1158|183|-OE1|CD--|-OE2|104010|822|840|2.301244|3.347136|2.391436|45.591373
478|225|23|159|434|GLU|_CD|HOH|254643|180|1158|1433|-OE1|CD--|-O--|104028|822|5165|2.301244|2.567506|3.817489|103.135338
478|226|23|159|178|GLU|_CD|HOH|254643|180|1158|1177|-OE1|CD--|-O--|104028|822|5166|2.301244|2.532309|4.697451|152.710358
478|227|23|159|386|GLU|_CD|HOH|254643|180|1158|1385|-OE1|CD--|-O--|104028|822|5167|2.301244|3.749506|5.513806|129.804916
478|228|23|159|318|GLU|_CD|HOH|254643|180|1158|1317|-OE1|CD--|-O--|104028|822|5168|2.301244|2.359071|3.178190|85.985909
478|229|52|159|23|ASN|_CD|GLU|234625|425|1158|180|-OD1|CD--|-OE1|84010|7172|822|3.414949|2.301244|3.903135|83.705803
478|230|23|159|227|GLU|_CD|HOH|254643|180|1158|1226|-OE1|CD--|-O--|104028|822|7173|2.301244|2.471298|3.273767|86.544876
478|231|23|159|199|GLU|_CD|HOH|254643|180|1158|1198|-OE1|CD--|-O--|104028|822|7177|2.301244|2.426487|3.528899|96.527527
478|232|23|159|23|GLU|_CD|GLU|254625|182|1158|183|-OE2|CD--|-OE2|104010|834|840|2.422565|3.347136|1.920082|34.373077
478|233|23|159|434|GLU|_CD|HOH|254643|182|1158|1433|-OE2|CD--|-O--|104028|834|5165|2.422565|2.567506|2.159625|51.187943
478|234|23|159|178|GLU|_CD|HOH|254643|182|1158|1177|-OE2|CD--|-O--|104028|834|5166|2.422565|2.532309|3.728179|97.577415
478|235|23|159|386|GLU|_CD|HOH|254643|182|1158|1385|-OE2|CD--|-O--|104028|834|5167|2.422565|3.749506|4.800064|99.866669
478|236|23|159|318|GLU|_CD|HOH|254643|182|1158|1317|-OE2|CD--|-O--|104028|834|5168|2.422565|2.359071|3.324877|88.098640
478|237|52|159|23|ASN|_CD|GLU|234625|425|1158|182|-OD1|CD--|-OE2|84010|7172|834|3.414949|2.422565|2.258798|41.309395
478|238|23|159|227|GLU|_CD|HOH|254643|182|1158|1226|-OE2|CD--|-O--|104028|834|7173|2.422565|2.471298|3.105397|78.766197
478|239|23|159|199|GLU|_CD|HOH|254643|182|1158|1198|-OE2|CD--|-O--|104028|834|7177|2.422565|2.426487|4.698255|151.347076
478|240|23|159|434|GLU|_CD|HOH|254643|183|1158|1433|-OE2|CD--|-O--|104028|840|5165|3.347136|2.567506|3.106484|61.712368
478|241|23|159|178|GLU|_CD|HOH|254643|183|1158|1177|-OE2|CD--|-O--|104028|840|5166|3.347136|2.532309|4.883389|111.567787
478|242|23|159|386|GLU|_CD|HOH|254643|183|1158|1385|-OE2|CD--|-O--|104028|840|5167|3.347136|3.749506|4.941502|88.073799
478|243|23|159|318|GLU|_CD|HOH|254643|183|1158|1317|-OE2|CD--|-O--|104028|840|5168|3.347136|2.359071|2.885484|57.683315
478|244|52|159|23|ASN|_CD|GLU|234625|425|1158|183|-OD1|CD--|-OE2|84010|7172|840|3.414949|3.347136|4.142092|75.540291
478|245|23|159|227|GLU|_CD|HOH|254643|183|1158|1226|-OE2|CD--|-O--|104028|840|7173|3.347136|2.471298|4.784292|109.707603
478|246|23|159|199|GLU|_CD|HOH|254643|183|1158|1198|-OE2|CD--|-O--|104028|840|7177|3.347136|2.426487|5.236125|129.471085
478|247|178|159|434|HOH|_CD|HOH|434643|1177|1158|1433|-O--|CD--|-O--|284028|5166|5165|2.532309|2.567506|2.181446|50.643951
478|248|386|159|434|HOH|_CD|HOH|434643|1385|1158|1433|-O--|CD--|-O--|284028|5167|5165|3.749506|2.567506|3.035892|53.567825
478|249|318|159|434|HOH|_CD|HOH|434643|1317|1158|1433|-O--|CD--|-O--|284028|5168|5165|2.359071|2.567506|2.937483|73.065536
478|250|52|159|434|ASN|_CD|HOH|234643|425|1158|1433|-OD1|CD--|-O--|84028|7172|5165|3.414949|2.567506|2.845305|54.599831
478|251|227|159|434|HOH|_CD|HOH|434643|1226|1158|1433|-O--|CD--|-O--|284028|7173|5165|2.471298|2.567506|3.809099|98.199356
478|252|199|159|434|HOH|_CD|HOH|434643|1198|1158|1433|-O--|CD--|-O--|284028|7177|5165|2.426487|2.567506|4.884776|155.980820
478|253|178|159|386|HOH|_CD|HOH|434643|1177|1158|1385|-O--|CD--|-O--|284028|5166|5167|2.532309|3.749506|2.670611|45.376842
478|254|178|159|318|HOH|_CD|HOH|434643|1177|1158|1317|-O--|CD--|-O--|284028|5166|5168|2.532309|2.359071|3.514353|91.788368
478|255|52|159|178|ASN|_CD|HOH|234643|425|1158|1177|-OD1|CD--|-O--|84028|7172|5166|3.414949|2.532309|3.667520|74.493919
478|256|178|159|227|HOH|_CD|HOH|434643|1177|1158|1226|-O--|CD--|-O--|284028|5166|7173|2.532309|2.471298|3.535467|89.906738
478|257|178|159|199|HOH|_CD|HOH|434643|1177|1158|1198|-O--|CD--|-O--|284028|5166|7177|2.532309|2.426487|4.081232|110.760262
478|258|318|159|386|HOH|_CD|HOH|434643|1317|1158|1385|-O--|CD--|-O--|284028|5168|5167|2.359071|3.749506|2.748074|46.968685
478|259|52|159|386|ASN|_CD|HOH|234643|425|1158|1385|-OD1|CD--|-O--|84028|7172|5167|3.414949|3.749506|5.694901|105.192795
478|260|227|159|386|HOH|_CD|HOH|434643|1226|1158|1385|-O--|CD--|-O--|284028|7173|5167|2.471298|3.749506|5.769413|135.068710
478|261|199|159|386|HOH|_CD|HOH|434643|1198|1158|1385|-O--|CD--|-O--|284028|7177|5167|2.426487|3.749506|4.902524|102.983353
478|262|52|159|318|ASN|_CD|HOH|234643|425|1158|1317|-OD1|CD--|-O--|84028|7172|5168|3.414949|2.359071|5.078496|122.108429
478|263|227|159|318|HOH|_CD|HOH|434643|1226|1158|1317|-O--|CD--|-O--|284028|7173|5168|2.471298|2.359071|4.798687|166.864670
478|264|199|159|318|HOH|_CD|HOH|434643|1198|1158|1317|-O--|CD--|-O--|284028|7177|5168|2.426487|2.359071|3.527564|94.964073
478|265|52|159|227|ASN|_CD|HOH|234643|425|1158|1226|-OD1|CD--|-O--|84028|7172|7173|3.414949|2.471298|2.464973|46.150059
478|266|52|159|199|ASN|_CD|HOH|234643|425|1158|1198|-OD1|CD--|-O--|84028|7172|7177|3.414949|2.426487|5.544547|142.752335
478|267|199|159|227|HOH|_CD|HOH|434643|1198|1158|1226|-O--|CD--|-O--|284028|7177|7173|2.426487|2.471298|3.657233|96.608391
478|268|75|160|233|ASP|_CD|HOH|214643|589|1159|1232|-OD1|CD--|-O--|104028|2868|5169|2.441631|2.581517|3.596638|91.409172
478|269|75|160|383|ASP|_CD|HOH|214643|589|1159|1382|-OD1|CD--|-O--|104028|2868|5170|2.441631|2.645829|5.048526|165.802536
478|270|75|160|286|ASP|_CD|HOH|214643|589|1159|1285|-OD1|CD--|-O--|104028|2868|5171|2.441631|3.892199|4.568422|89.275604
478|271|75|160|205|ASP|_CD|HOH|214643|589|1159|1204|-OD1|CD--|-O--|104028|2868|5172|2.441631|2.611843|3.990566|104.258408
478|272|233|160|383|HOH|_CD|HOH|434643|1232|1159|1382|-O--|CD--|-O--|284028|5169|5170|2.581517|2.645829|3.797821|93.184258
478|273|233|160|286|HOH|_CD|HOH|434643|1232|1159|1285|-O--|CD--|-O--|284028|5169|5171|2.581517|3.892199|6.196476|145.608932
478|274|205|160|233|HOH|_CD|HOH|434643|1204|1159|1232|-O--|CD--|-O--|284028|5172|5169|2.611843|2.581517|3.822609|94.791443
478|275|286|160|383|HOH|_CD|HOH|434643|1285|1159|1382|-O--|CD--|-O--|284028|5171|5170|3.892199|2.645829|4.873584|94.461586
478|276|205|160|383|HOH|_CD|HOH|434643|1204|1159|1382|-O--|CD--|-O--|284028|5172|5170|2.611843|2.645829|3.676791|88.742371
478|277|205|160|286|HOH|_CD|HOH|434643|1204|1159|1285|-O--|CD--|-O--|284028|5172|5171|2.611843|3.892199|3.073961|51.984619
478|278|108|161|109|ASP|_CD|HIS|214633|816|1160|830|-O--|CD--|-ND1|44013|3805|3874|2.512609|2.518466|3.360741|83.825180
478|279|108|161|109|ASP|_CD|HIS|214633|816|1160|835|-O--|CD--|-NE2|44013|3805|3903|2.512609|3.328775|4.555541|101.583939
478|280|108|161|158|ASP|_CD|_CD|214646|816|1160|1157|-O--|CD--|CD--|44040|3805|5160|2.512609|3.647056|5.410604|121.810204
478|281|108|161|231|ASP|_CD|HOH|214643|816|1160|1230|-O--|CD--|-O--|44028|3805|5173|2.512609|3.744030|2.822875|48.923794
478|282|108|161|181|ASP|_CD|HOH|214643|816|1160|1180|-O--|CD--|-O--|44028|3805|5174|2.512609|2.356373|3.641823|96.776237
478|283|108|161|429|ASP|_CD|HOH|214643|816|1160|1428|-O--|CD--|-O--|44028|3805|5175|2.512609|3.958690|3.590229|62.795105
478|284|108|161|243|ASP|_CD|HOH|214643|816|1160|1242|-O--|CD--|-O--|44028|3805|5176|2.512609|3.236961|5.687191|162.968201
478|285|108|161|400|ASP|_CD|HOH|214643|816|1160|1399|-O--|CD--|-O--|44028|3805|5177|2.512609|3.606324|5.830842|144.099518
478|286|108|161|338|ASP|_CD|HOH|214643|816|1160|1337|-O--|CD--|-O--|44028|3805|5178|2.512609|2.805809|3.555431|83.710442
478|287|108|161|152|ASP|_CD|GLN|214627|816|1160|1151|-O--|CD--|-OXT|44008|3805|7180|2.512609|2.690525|3.749137|92.135880
478|288|109|161|109|HIS|_CD|HIS|334633|830|1160|835|-ND1|CD--|-NE2|134013|3874|3903|2.518466|3.328775|1.478367|24.658596
478|289|109|161|158|HIS|_CD|_CD|334646|830|1160|1157|-ND1|CD--|CD--|134040|3874|5160|2.518466|3.647056|3.252222|60.424957
478|290|109|161|231|HIS|_CD|HOH|334643|830|1160|1230|-ND1|CD--|-O--|134028|3874|5173|2.518466|3.744030|5.556206|123.873650
478|291|109|161|181|HIS|_CD|HOH|334643|830|1160|1180|-ND1|CD--|-O--|134028|3874|5174|2.518466|2.356373|3.590931|94.831268
478|292|109|161|429|HIS|_CD|HOH|334643|830|1160|1428|-ND1|CD--|-O--|134028|3874|5175|2.518466|3.958690|4.936767|96.790833
478|293|109|161|243|HIS|_CD|HOH|334643|830|1160|1242|-ND1|CD--|-O--|134028|3874|5176|2.518466|3.236961|3.876626|83.688660
478|294|109|161|400|HIS|_CD|HOH|334643|830|1160|1399|-ND1|CD--|-O--|134028|3874|5177|2.518466|3.606324|5.217362|115.683525
478|295|109|161|338|HIS|_CD|HOH|334643|830|1160|1337|-ND1|CD--|-O--|134028|3874|5178|2.518466|2.805809|5.266705|163.108429
478|296|152|161|109|GLN|_CD|HIS|274633|1151|1160|830|-OXT|CD--|-ND1|84013|7180|3874|2.690525|2.518466|3.489937|84.062210
478|297|109|161|158|HIS|_CD|_CD|334646|835|1160|1157|-NE2|CD--|CD--|134040|3903|5160|3.328775|3.647056|2.168118|35.848293
478|298|109|161|231|HIS|_CD|HOH|334643|835|1160|1230|-NE2|CD--|-O--|134028|3903|5173|3.328775|3.744030|6.789155|147.379044
478|299|109|161|181|HIS|_CD|HOH|334643|835|1160|1180|-NE2|CD--|-O--|134028|3903|5174|3.328775|2.356373|4.670955|109.298386
478|300|109|161|429|HIS|_CD|HOH|334643|835|1160|1428|-NE2|CD--|-O--|134028|3903|5175|3.328775|3.958690|6.323830|120.153893
478|301|109|161|243|HIS|_CD|HOH|334643|835|1160|1242|-NE2|CD--|-O--|134028|3903|5176|3.328775|3.236961|3.443364|63.243515
478|302|109|161|400|HIS|_CD|HOH|334643|835|1160|1399|-NE2|CD--|-O--|134028|3903|5177|3.328775|3.606324|5.593482|107.452446
478|303|109|161|338|HIS|_CD|HOH|334643|835|1160|1337|-NE2|CD--|-O--|134028|3903|5178|3.328775|2.805809|6.120553|172.219467
478|304|152|161|109|GLN|_CD|HIS|274633|1151|1160|835|-OXT|CD--|-NE2|84013|7180|3903|2.690525|3.328775|3.349611|66.648994
478|305|231|161|158|HOH|_CD|_CD|434646|1230|1160|1157|-O--|CD--|CD--|284040|5173|5160|3.744030|3.647056|7.319125|163.995163
478|306|181|161|158|HOH|_CD|_CD|434646|1180|1160|1157|-O--|CD--|CD--|284040|5174|5160|2.356373|3.647056|5.426418|128.045441
478|307|429|161|158|HOH|_CD|_CD|434646|1428|1160|1157|-O--|CD--|CD--|284040|5175|5160|3.958690|3.647056|7.408272|153.808105
478|308|243|161|158|HOH|_CD|_CD|434646|1242|1160|1157|-O--|CD--|CD--|284040|5176|5160|3.236961|3.647056|2.457232|41.288868
478|309|400|161|158|HOH|_CD|_CD|434646|1399|1160|1157|-O--|CD--|CD--|284040|5177|5160|3.606324|3.647056|5.305437|94.013405
478|310|338|161|158|HOH|_CD|_CD|434646|1337|1160|1157|-O--|CD--|CD--|284040|5178|5160|2.805809|3.647056|5.999122|136.379974
478|311|152|161|158|GLN|_CD|_CD|274646|1151|1160|1157|-OXT|CD--|CD--|84040|7180|5160|2.690525|3.647056|2.531456|43.938465
478|312|181|161|231|HOH|_CD|HOH|434643|1180|1160|1230|-O--|CD--|-O--|284028|5174|5173|2.356373|3.744030|3.598270|67.954803
478|313|231|161|429|HOH|_CD|HOH|434643|1230|1160|1428|-O--|CD--|-O--|284028|5173|5175|3.744030|3.958690|2.642401|40.003242
478|314|231|161|243|HOH|_CD|HOH|434643|1230|1160|1242|-O--|CD--|-O--|284028|5173|5176|3.744030|3.236961|6.707776|147.747162
478|315|231|161|400|HOH|_CD|HOH|434643|1230|1160|1399|-O--|CD--|-O--|284028|5173|5177|3.744030|3.606324|5.496774|96.786690
478|316|231|161|338|HOH|_CD|HOH|434643|1230|1160|1337|-O--|CD--|-O--|284028|5173|5178|3.744030|2.805809|2.397005|39.787209
478|317|152|161|231|GLN|_CD|HOH|274643|1151|1160|1230|-OXT|CD--|-O--|84028|7180|5173|2.690525|3.744030|5.599905|120.094772
478|318|181|161|429|HOH|_CD|HOH|434643|1180|1160|1428|-O--|CD--|-O--|284028|5174|5175|2.356373|3.958690|2.422405|34.605412
478|319|181|161|243|HOH|_CD|HOH|434643|1180|1160|1242|-O--|CD--|-O--|284028|5174|5176|2.356373|3.236961|4.191128|95.775589
478|320|181|161|400|HOH|_CD|HOH|434643|1180|1160|1399|-O--|CD--|-O--|284028|5174|5177|2.356373|3.606324|2.926984|53.995773
478|321|181|161|338|HOH|_CD|HOH|434643|1180|1160|1337|-O--|CD--|-O--|284028|5174|5178|2.356373|2.805809|3.176636|75.395905
478|322|152|161|181|GLN|_CD|HOH|274643|1151|1160|1180|-OXT|CD--|-O--|84028|7180|5174|2.690525|2.356373|5.030905|170.855011
478|323|243|161|429|HOH|_CD|HOH|434643|1242|1160|1428|-O--|CD--|-O--|284028|5176|5175|3.236961|3.958690|6.538425|130.375595
478|324|400|161|429|HOH|_CD|HOH|434643|1399|1160|1428|-O--|CD--|-O--|284028|5177|5175|3.606324|3.958690|5.080691|84.244461
478|325|338|161|429|HOH|_CD|HOH|434643|1337|1160|1428|-O--|CD--|-O--|284028|5178|5175|2.805809|3.958690|3.868785|67.290146
478|326|152|161|429|GLN|_CD|HOH|274643|1151|1160|1428|-OXT|CD--|-O--|84028|7180|5175|2.690525|3.958690|6.491655|154.528992
478|327|243|161|400|HOH|_CD|HOH|434643|1242|1160|1399|-O--|CD--|-O--|284028|5176|5177|3.236961|3.606324|3.056737|52.725304
478|328|243|161|338|HOH|_CD|HOH|434643|1242|1160|1337|-O--|CD--|-O--|284028|5176|5178|3.236961|2.805809|4.975525|110.648239
478|329|152|161|243|GLN|_CD|HOH|274643|1151|1160|1242|-OXT|CD--|-O--|84028|7180|5176|2.690525|3.236961|3.637709|75.082603
478|330|338|161|400|HOH|_CD|HOH|434643|1337|1160|1399|-O--|CD--|-O--|284028|5178|5177|2.805809|3.606324|3.731949|69.912231
478|331|152|161|400|GLN|_CD|HOH|274643|1151|1160|1399|-OXT|CD--|-O--|84028|7180|5177|2.690525|3.606324|5.429874|118.430786
478|332|152|161|338|GLN|_CD|HOH|274643|1151|1160|1337|-OXT|CD--|-O--|84028|7180|5178|2.690525|2.805809|4.440241|107.755379
478|333|108|162|418|ASP|_CD|HOH|214643|820|1161|1417|-OD2|CD--|-O--|104028|3832|5179|2.329292|2.412775|3.664787|101.201889
478|334|108|162|342|ASP|_CD|HOH|214643|820|1161|1341|-OD2|CD--|-O--|104028|3832|5180|2.329292|2.419856|4.687222|161.471069
478|335|108|162|208|ASP|_CD|HOH|214643|820|1161|1207|-OD2|CD--|-O--|104028|3832|5181|2.329292|2.552185|3.344128|86.354095
478|336|108|162|305|ASP|_CD|HOH|214643|820|1161|1304|-OD2|CD--|-O--|104028|3832|5182|2.329292|2.885897|2.293823|50.826092
478|337|108|162|294|ASP|_CD|HOH|214643|820|1161|1293|-OD2|CD--|-O--|104028|3832|5183|2.329292|2.471366|3.885330|108.025124
478|338|108|162|420|ASP|_CD|HOH|214643|820|1161|1419|-OD2|CD--|-O--|104028|3832|5184|2.329292|2.995905|2.884571|64.173004
478|339|108|162|375|ASP|_CD|HOH|214643|820|1161|1374|-OD2|CD--|-O--|104028|3832|5185|2.329292|2.632521|3.251502|81.637917
478|340|342|162|418|HOH|_CD|HOH|434643|1341|1161|1417|-O--|CD--|-O--|284028|5180|5179|2.419856|2.412775|2.522604|62.931995
478|341|208|162|418|HOH|_CD|HOH|434643|1207|1161|1417|-O--|CD--|-O--|284028|5181|5179|2.552185|2.412775|3.651448|94.647797
478|342|305|162|418|HOH|_CD|HOH|434643|1304|1161|1417|-O--|CD--|-O--|284028|5182|5179|2.885897|2.412775|2.315548|50.871861
478|343|294|162|418|HOH|_CD|HOH|434643|1293|1161|1417|-O--|CD--|-O--|284028|5183|5179|2.471366|2.412775|4.723831|150.557053
478|344|418|162|420|HOH|_CD|HOH|434643|1417|1161|1419|-O--|CD--|-O--|284028|5179|5184|2.412775|2.995905|3.044033|67.506935
478|345|375|162|418|HOH|_CD|HOH|434643|1374|1161|1417|-O--|CD--|-O--|284028|5185|5179|2.632521|2.412775|4.468697|124.622360
478|346|208|162|342|HOH|_CD|HOH|434643|1207|1161|1341|-O--|CD--|-O--|284028|5181|5180|2.552185|2.419856|3.909899|103.664566
478|347|305|162|342|HOH|_CD|HOH|434643|1304|1161|1341|-O--|CD--|-O--|284028|5182|5180|2.885897|2.419856|4.400060|111.753914
478|348|294|162|342|HOH|_CD|HOH|434643|1293|1161|1341|-O--|CD--|-O--|284028|5183|5180|2.471366|2.419856|3.420654|88.742523
478|349|342|162|420|HOH|_CD|HOH|434643|1341|1161|1419|-O--|CD--|-O--|284028|5180|5184|2.419856|2.995905|4.143848|99.288742
478|350|342|162|375|HOH|_CD|HOH|434643|1341|1161|1374|-O--|CD--|-O--|284028|5180|5185|2.419856|2.632521|3.851110|99.237328
478|351|208|162|305|HOH|_CD|HOH|434643|1207|1161|1304|-O--|CD--|-O--|284028|5181|5182|2.552185|2.885897|4.067893|96.649345
478|352|208|162|294|HOH|_CD|HOH|434643|1207|1161|1293|-O--|CD--|-O--|284028|5181|5183|2.552185|2.471366|3.358624|83.897964
478|353|208|162|420|HOH|_CD|HOH|434643|1207|1161|1419|-O--|CD--|-O--|284028|5181|5184|2.552185|2.995905|5.215641|139.995987
478|354|208|162|375|HOH|_CD|HOH|434643|1207|1161|1374|-O--|CD--|-O--|284028|5181|5185|2.552185|2.632521|4.878484|140.414230
478|355|294|162|305|HOH|_CD|HOH|434643|1293|1161|1304|-O--|CD--|-O--|284028|5183|5182|2.471366|2.885897|5.264399|158.567627
478|356|305|162|420|HOH|_CD|HOH|434643|1304|1161|1419|-O--|CD--|-O--|284028|5182|5184|2.885897|2.995905|2.204887|43.982441
478|357|305|162|375|HOH|_CD|HOH|434643|1304|1161|1374|-O--|CD--|-O--|284028|5182|5185|2.885897|2.632521|4.359699|104.282150
478|358|294|162|420|HOH|_CD|HOH|434643|1293|1161|1419|-O--|CD--|-O--|284028|5183|5184|2.471366|2.995905|4.944590|129.233978
478|359|294|162|375|HOH|_CD|HOH|434643|1293|1161|1374|-O--|CD--|-O--|284028|5183|5185|2.471366|2.632521|2.732463|64.647629
478|360|375|162|420|HOH|_CD|HOH|434643|1374|1161|1419|-O--|CD--|-O--|284028|5185|5184|2.632521|2.995905|3.022651|64.586494
478|361|45|163|47|HIS|_CD|HIS|334633|350|1162|370|-ND1|CD--|-NE2|134013|1563|1679|2.485919|2.394103|3.843246|103.897797
478|362|45|163|62|HIS|_CD|HIS|334633|350|1162|488|-ND1|CD--|-NE2|134013|1563|2307|2.485919|2.266937|3.246229|86.027626
478|363|45|163|119|HIS|_CD|HIS|334633|350|1162|912|-ND1|CD--|-NE2|134013|1563|4195|2.485919|2.272309|3.286856|87.261543
478|364|45|163|154|HIS|_CD|_CU|334646|350|1162|1153|-ND1|CD--|CU--|134040|1563|5149|2.485919|1.601768|1.988489|53.011929
478|365|45|163|175|HIS|_CD|HOH|334643|350|1162|1174|-ND1|CD--|-O--|134028|1563|5186|2.485919|2.391686|3.450295|90.022072
478|366|45|163|223|HIS|_CD|HOH|334643|350|1162|1222|-ND1|CD--|-O--|134028|1563|5187|2.485919|2.594456|5.042001|165.903412
478|367|47|163|62|HIS|_CD|HIS|334633|370|1162|488|-NE2|CD--|-NE2|134013|1679|2307|2.394103|2.266937|3.579671|100.313408
478|368|47|163|119|HIS|_CD|HIS|334633|370|1162|912|-NE2|CD--|-NE2|134013|1679|4195|2.394103|2.272309|3.351618|91.781403
478|369|47|163|154|HIS|_CD|_CU|334646|370|1162|1153|-NE2|CD--|CU--|134040|1679|5149|2.394103|1.601768|2.045261|57.558205
478|370|47|163|175|HIS|_CD|HOH|334643|370|1162|1174|-NE2|CD--|-O--|134028|1679|5186|2.394103|2.391686|4.747968|165.584061
478|371|47|163|223|HIS|_CD|HOH|334643|370|1162|1222|-NE2|CD--|-O--|134028|1679|5187|2.394103|2.594456|3.535374|90.165741
478|372|62|163|119|HIS|_CD|HIS|334633|488|1162|912|-NE2|CD--|-NE2|134013|2307|4195|2.266937|2.272309|4.511308|167.279861
478|373|62|163|154|HIS|_CD|_CU|334646|488|1162|1153|-NE2|CD--|CU--|134040|2307|5149|2.266937|1.601768|3.314002|116.831596
478|374|62|163|175|HIS|_CD|HOH|334643|488|1162|1174|-NE2|CD--|-O--|134028|2307|5186|2.266937|2.391686|3.123089|84.148674
478|375|62|163|223|HIS|_CD|HOH|334643|488|1162|1222|-NE2|CD--|-O--|134028|2307|5187|2.266937|2.594456|3.462029|90.562302
478|376|119|163|154|HIS|_CD|_CU|334646|912|1162|1153|-NE2|CD--|CU--|134040|4195|5149|2.272309|1.601768|2.201337|66.667252
478|377|119|163|175|HIS|_CD|HOH|334643|912|1162|1174|-NE2|CD--|-O--|134028|4195|5186|2.272309|2.391686|3.154009|85.061096
478|378|119|163|223|HIS|_CD|HOH|334643|912|1162|1222|-NE2|CD--|-O--|134028|4195|5187|2.272309|2.594456|3.547307|93.349014
478|379|175|163|154|HOH|_CD|_CU|434646|1174|1162|1153|-O--|CD--|CU--|284040|5186|5149|2.391686|1.601768|3.668415|132.451004
478|380|223|163|154|HOH|_CD|_CU|434646|1222|1162|1153|-O--|CD--|CU--|284040|5187|5149|2.594456|1.601768|3.951888|139.505219
478|381|175|163|223|HOH|_CD|HOH|434643|1174|1162|1222|-O--|CD--|-O--|284028|5186|5187|2.391686|2.594456|3.074414|76.014130
478|382|120|164|120|GLU|_CL|GLU|254725|920|1163|921|-OE1|CL--|-OE2|103810|4241|4251|2.821090|3.830797|2.203089|34.652977
478|383|141|164|120|SER|_CL|GLU|114725|1059|1163|920|-N--|CL--|-OE1|13810|4844|4241|3.250321|2.821090|4.306767|90.078423
478|384|120|164|141|GLU|_CL|SER|254711|920|1163|1064|-OE1|CL--|-OG-|103817|4241|4866|2.821090|3.083246|3.186780|65.154633
478|385|120|164|156|GLU|_CL|_CD|254746|920|1163|1155|-OE1|CL--|CD--|103840|4241|5153|2.821090|2.422754|2.326380|51.997955
478|386|120|164|405|GLU|_CL|HOH|254743|920|1163|1404|-OE1|CL--|-O--|103828|4241|5188|2.821090|3.877889|4.912109|92.966293
478|387|120|164|256|GLU|_CL|HOH|254743|920|1163|1255|-OE1|CL--|-O--|103828|4241|5189|2.821090|3.752883|3.490281|62.245441
478|388|120|164|165|GLU|_CL|_CL|254747|920|1163|1164|-OE1|CL--|CL--|103838|4241|5190|2.821090|3.821613|4.809397|91.506889
478|389|68|164|120|ARG|_CL|GLU|314725|536|1163|920|-NE-|CL--|-OE1|73810|6512|4241|3.186814|2.821090|1.159528|21.146132
478|390|68|164|120|ARG|_CL|GLU|314725|539|1163|920|-NH2|CL--|-OE1|73810|6538|4241|3.689466|2.821090|3.273116|58.562096
478|391|120|164|321|GLU|_CL|HOH|254743|920|1163|1320|-OE1|CL--|-O--|103828|4241|7195|2.821090|2.894375|5.522480|150.134552
478|392|141|164|120|SER|_CL|GLU|114725|1059|1163|921|-N--|CL--|-OE2|13810|4844|4251|3.250321|3.830797|6.186361|121.553635
478|393|120|164|141|GLU|_CL|SER|254711|921|1163|1064|-OE2|CL--|-OG-|103817|4251|4866|3.830797|3.083246|5.218385|97.418709
478|394|120|164|156|GLU|_CL|_CD|254746|921|1163|1155|-OE2|CL--|CD--|103840|4251|5153|3.830797|2.422754|3.524863|64.058464
478|395|120|164|405|GLU|_CL|HOH|254743|921|1163|1404|-OE2|CL--|-O--|103828|4251|5188|3.830797|3.877889|3.773270|58.609386
478|396|120|164|256|GLU|_CL|HOH|254743|921|1163|1255|-OE2|CL--|-O--|103828|4251|5189|3.830797|3.752883|3.043143|47.302036
478|397|120|164|165|GLU|_CL|_CL|254747|921|1163|1164|-OE2|CL--|CL--|103838|4251|5190|3.830797|3.821613|5.817791|98.973473
478|398|68|164|120|ARG|_CL|GLU|314725|536|1163|921|-NE-|CL--|-OE2|73810|6512|4251|3.186814|3.830797|1.286551|18.342308
478|399|68|164|120|ARG|_CL|GLU|314725|539|1163|921|-NH2|CL--|-OE2|73810|6538|4251|3.689466|3.830797|2.298947|35.537510
478|400|120|164|321|GLU|_CL|HOH|254743|921|1163|1320|-OE2|CL--|-O--|103828|4251|7195|3.830797|2.894375|5.753500|116.950325
478|401|141|164|141|SER|_CL|SER|114711|1059|1163|1064|-N--|CL--|-OG-|13817|4844|4866|3.250321|3.083246|2.744748|51.279629
478|402|141|164|156|SER|_CL|_CD|114746|1059|1163|1155|-N--|CL--|CD--|13840|4844|5153|3.250321|2.422754|4.421014|101.392761
478|403|141|164|405|SER|_CL|HOH|114743|1059|1163|1404|-N--|CL--|-O--|13828|4844|5188|3.250321|3.877889|6.877649|149.405380
478|404|141|164|256|SER|_CL|HOH|114743|1059|1163|1255|-N--|CL--|-O--|13828|4844|5189|3.250321|3.752883|6.573564|139.543564
478|405|141|164|165|SER|_CL|_CL|114747|1059|1163|1164|-N--|CL--|CL--|13838|4844|5190|3.250321|3.821613|5.415623|99.638908
478|406|141|164|68|SER|_CL|ARG|114731|1059|1163|536|-N--|CL--|-NE-|13807|4844|6512|3.250321|3.186814|5.046814|103.255013
478|407|141|164|68|SER|_CL|ARG|114731|1059|1163|539|-N--|CL--|-NH2|13807|4844|6538|3.250321|3.689466|5.844646|114.597626
478|408|141|164|321|SER|_CL|HOH|114743|1059|1163|1320|-N--|CL--|-O--|13828|4844|7195|3.250321|2.894375|5.035980|109.947800
478|409|141|164|156|SER|_CL|_CD|114746|1064|1163|1155|-OG-|CL--|CD--|173840|4866|5153|3.083246|2.422754|2.421369|50.449421
478|410|141|164|405|SER|_CL|HOH|114743|1064|1163|1404|-OG-|CL--|-O--|173828|4866|5188|3.083246|3.877889|6.775259|153.281555
478|411|141|164|256|SER|_CL|HOH|114743|1064|1163|1255|-OG-|CL--|-O--|173828|4866|5189|3.083246|3.752883|4.815920|89.015938
478|412|141|164|165|SER|_CL|_CL|114747|1064|1163|1164|-OG-|CL--|CL--|173838|4866|5190|3.083246|3.821613|3.403988|57.896881
478|413|68|164|141|ARG|_CL|SER|314711|536|1163|1064|-NE-|CL--|-OG-|73817|6512|4866|3.186814|3.083246|4.286621|86.244736
478|414|68|164|141|ARG|_CL|SER|314711|539|1163|1064|-NH2|CL--|-OG-|73817|6538|4866|3.689466|3.083246|5.931926|122.038475
478|415|141|164|321|SER|_CL|HOH|114743|1064|1163|1320|-OG-|CL--|-O--|173828|4866|7195|3.083246|2.894375|5.696688|144.710587
478|416|405|164|156|HOH|_CL|_CD|434746|1404|1163|1155|-O--|CL--|CD--|283840|5188|5153|3.877889|2.422754|5.057930|104.406067
478|417|256|164|156|HOH|_CL|_CD|434746|1255|1163|1155|-O--|CL--|CD--|283840|5189|5153|3.752883|2.422754|2.395025|38.569351
478|418|165|164|156|_CL|_CL|_CD|474746|1164|1163|1155|CL--|CL--|CD--|383840|5190|5153|3.821613|2.422754|2.497798|39.758129
478|419|68|164|156|ARG|_CL|_CD|314746|536|1163|1155|-NE-|CL--|CD--|73840|6512|5153|3.186814|2.422754|3.124068|66.060913
478|420|68|164|156|ARG|_CL|_CD|314746|539|1163|1155|-NH2|CL--|CD--|73840|6538|5153|3.689466|2.422754|4.737620|99.540756
478|421|321|164|156|HOH|_CL|_CD|434746|1320|1163|1155|-O--|CL--|CD--|283840|7195|5153|2.894375|2.422754|4.965954|137.946106
478|422|256|164|405|HOH|_CL|HOH|434743|1255|1163|1404|-O--|CL--|-O--|283828|5189|5188|3.752883|3.877889|4.176979|66.352242
478|423|405|164|165|HOH|_CL|_CL|434747|1404|1163|1164|-O--|CL--|CL--|283838|5188|5190|3.877889|3.821613|6.333691|110.691833
478|424|68|164|405|ARG|_CL|HOH|314743|536|1163|1404|-NE-|CL--|-O--|73828|6512|5188|3.186814|3.877889|4.247080|73.170097
478|425|68|164|405|ARG|_CL|HOH|314743|539|1163|1404|-NH2|CL--|-O--|73828|6538|5188|3.689466|3.877889|2.897043|44.932873
478|426|321|164|405|HOH|_CL|HOH|434743|1320|1163|1404|-O--|CL--|-O--|283828|7195|5188|2.894375|3.877889|3.418052|58.490318
478|427|256|164|165|HOH|_CL|_CL|434747|1255|1163|1164|-O--|CL--|CL--|283838|5189|5190|3.752883|3.821613|3.547438|55.844265
478|428|68|164|256|ARG|_CL|HOH|314743|536|1163|1255|-NE-|CL--|-O--|73828|6512|5189|3.186814|3.752883|3.568370|61.245491
478|429|68|164|256|ARG|_CL|HOH|314743|539|1163|1255|-NH2|CL--|-O--|73828|6538|5189|3.689466|3.752883|4.644158|77.215057
478|430|256|164|321|HOH|_CL|HOH|434743|1255|1163|1320|-O--|CL--|-O--|283828|5189|7195|3.752883|2.894375|5.398008|107.899399
478|431|68|164|165|ARG|_CL|_CL|314747|536|1163|1164|-NE-|CL--|CL--|73838|6512|5190|3.186814|3.821613|5.580189|105.179810
478|432|68|164|165|ARG|_CL|_CL|314747|539|1163|1164|-NH2|CL--|CL--|73838|6538|5190|3.689466|3.821613|6.881190|132.728149
478|433|321|164|165|HOH|_CL|_CL|434747|1320|1163|1164|-O--|CL--|CL--|283838|7195|5190|2.894375|3.821613|5.393813|106.035927
478|434|68|164|68|ARG|_CL|ARG|314731|536|1163|539|-NE-|CL--|-NH2|73807|6512|6538|3.186814|3.689466|2.280840|37.859627
478|435|68|164|321|ARG|_CL|HOH|314743|536|1163|1320|-NE-|CL--|-O--|73828|6512|7195|3.186814|2.894375|5.490794|129.024521
478|436|68|164|321|ARG|_CL|HOH|314743|539|1163|1320|-NH2|CL--|-O--|73828|6538|7195|3.689466|2.894375|4.780826|92.325836
478|437|141|165|156|SER|_CL|_CD|114746|1064|1164|1155|-OG-|CL--|CD--|173840|4868|5155|3.403988|2.497798|2.421369|45.290943
478|438|141|165|164|SER|_CL|_CL|114747|1064|1164|1163|-OG-|CL--|CL--|173838|4868|5190|3.403988|3.821613|3.083246|50.109837
478|439|141|165|256|SER|_CL|HOH|114743|1064|1164|1255|-OG-|CL--|-O--|173828|4868|5191|3.403988|3.547438|4.815920|87.678276
478|440|141|165|274|SER|_CL|HOH|114743|1064|1164|1273|-OG-|CL--|-O--|173828|4868|5192|3.403988|3.657242|3.296786|55.524746
478|441|68|165|141|ARG|_CL|SER|314711|536|1164|1064|-NE-|CL--|-OG-|73817|6514|4868|3.434665|3.403988|0.714608|11.985217
478|442|68|165|141|ARG|_CL|SER|314711|539|1164|1064|-NH2|CL--|-OG-|73817|6539|4868|3.633148|3.403988|1.585517|25.777609
478|443|69|165|141|LYS|_CL|SER|294711|540|1164|1064|-N--|CL--|-OG-|13817|6540|4868|3.397915|3.403988|5.552579|109.437584
478|444|141|165|285|SER|_CL|HOH|114743|1064|1164|1284|-OG-|CL--|-O--|173828|4868|7196|3.403988|3.949250|2.719276|42.605518
478|445|164|165|156|_CL|_CL|_CD|474746|1163|1164|1155|CL--|CL--|CD--|383840|5190|5155|3.821613|2.497798|2.422754|38.340481
478|446|256|165|156|HOH|_CL|_CD|434746|1255|1164|1155|-O--|CL--|CD--|283840|5191|5155|3.547438|2.497798|2.395025|42.397217
478|447|274|165|156|HOH|_CL|_CD|434746|1273|1164|1155|-O--|CL--|CD--|283840|5192|5155|3.657242|2.497798|2.517627|43.393742
478|448|68|165|156|ARG|_CL|_CD|314746|536|1164|1155|-NE-|CL--|CD--|73840|6514|5155|3.434665|2.497798|2.789149|53.290028
478|449|68|165|156|ARG|_CL|_CD|314746|539|1164|1155|-NH2|CL--|CD--|73840|6539|5155|3.633148|2.497798|2.378060|40.585388
478|450|69|165|156|LYS|_CL|_CD|294746|540|1164|1155|-N--|CL--|CD--|13840|6540|5155|3.397915|2.497798|4.538779|99.548180
478|451|285|165|156|HOH|_CL|_CD|434746|1284|1164|1155|-O--|CL--|CD--|283840|7196|5155|3.949250|2.497798|4.236866|78.644485
478|452|256|165|164|HOH|_CL|_CL|434747|1255|1164|1163|-O--|CL--|CL--|283838|5191|5190|3.547438|3.821613|3.752883|61.096970
478|453|274|165|164|HOH|_CL|_CL|434747|1273|1164|1163|-O--|CL--|CL--|283838|5192|5190|3.657242|3.821613|4.834007|80.502243
478|454|68|165|164|ARG|_CL|_CL|314747|536|1164|1163|-NE-|CL--|CL--|73838|6514|5190|3.434665|3.821613|3.757071|62.095036
478|455|68|165|164|ARG|_CL|_CL|314747|539|1164|1163|-NH2|CL--|CL--|73838|6539|5190|3.633148|3.821613|1.662087|25.604797
478|456|69|165|164|LYS|_CL|_CL|294747|540|1164|1163|-N--|CL--|CL--|13838|6540|5190|3.397915|3.821613|6.732223|137.579803
478|457|285|165|164|HOH|_CL|_CL|434747|1284|1164|1163|-O--|CL--|CL--|283838|7196|5190|3.949250|3.821613|5.620466|92.636200
478|458|256|165|274|HOH|_CL|HOH|434743|1255|1164|1273|-O--|CL--|-O--|283828|5191|5192|3.547438|3.657242|3.614560|60.201611
478|459|68|165|256|ARG|_CL|HOH|314743|536|1164|1255|-NE-|CL--|-O--|73828|6514|5191|3.434665|3.547438|5.141995|94.846649
478|460|68|165|256|ARG|_CL|HOH|314743|539|1164|1255|-NH2|CL--|-O--|73828|6539|5191|3.633148|3.547438|4.523896|78.092781
478|461|69|165|256|LYS|_CL|HOH|294743|540|1164|1255|-N--|CL--|-O--|13828|6540|5191|3.397915|3.547438|4.661948|84.295219
478|462|256|165|285|HOH|_CL|HOH|434743|1255|1164|1284|-O--|CL--|-O--|283828|5191|7196|3.547438|3.949250|6.303130|114.340744
478|463|68|165|274|ARG|_CL|HOH|314743|536|1164|1273|-NE-|CL--|-O--|73828|6514|5192|3.434665|3.657242|3.150162|52.629166
478|464|68|165|274|ARG|_CL|HOH|314743|539|1164|1273|-NH2|CL--|-O--|73828|6539|5192|3.633148|3.657242|4.249464|71.306656
478|465|69|165|274|LYS|_CL|HOH|294743|540|1164|1273|-N--|CL--|-O--|13828|6540|5192|3.397915|3.657242|3.547332|60.237461
478|466|274|165|285|HOH|_CL|HOH|434743|1273|1164|1284|-O--|CL--|-O--|283828|5192|7196|3.657242|3.949250|3.608203|56.478077
478|467|68|165|68|ARG|_CL|ARG|314731|536|1164|539|-NE-|CL--|-NH2|73807|6514|6539|3.434665|3.633148|2.280840|37.520725
478|468|69|165|68|LYS|_CL|ARG|294731|540|1164|536|-N--|CL--|-NE-|13807|6540|6514|3.397915|3.434665|5.256622|100.589119
478|469|68|165|285|ARG|_CL|HOH|314743|536|1164|1284|-NE-|CL--|-O--|73828|6514|7196|3.434665|3.949250|2.014238|30.659985
478|470|69|165|68|LYS|_CL|ARG|294731|540|1164|539|-N--|CL--|-NH2|13807|6540|6539|3.397915|3.633148|6.397095|130.935364
478|471|68|165|285|ARG|_CL|HOH|314743|539|1164|1284|-NH2|CL--|-O--|73828|6539|7196|3.633148|3.949250|4.221444|67.512741
478|472|69|165|285|LYS|_CL|HOH|294743|540|1164|1284|-N--|CL--|-O--|13828|6540|7196|3.397915|3.949250|4.709740|79.348335
