193|0|-1|146|4|617|LYS|2943|34|4790|-NZ-|1428|7|5|0011|3.552604|0.013793|0.989134|0.146372|10.715685|0.012458|0.021975
193|1|-1|190|5|701|GLN|2743|42|4874|-OE1|828|8|2|0011|3.744166|0.697618|0.647674|0.306344|49.359024|0.005224|0.008204
193|2|-1|251|7|725|ARG|3143|59|4898|-NE-|728|7|4|0011|2.738268|0.075229|-0.506525|-0.858937|73.062607|0.112533|0.198505
193|3|-1|258|7|725|ARG|3143|62|4898|-NH2|728|7|4|0011|3.430474|0.159161|0.196474|-0.967505|61.842445|0.017330|0.030569
193|4|-1|384|12|607|PHE|3543|97|4780|-O--|428|8|2|0011|2.943355|-0.399545|-0.220497|-0.889801|11.585206|0.045495|0.071447
193|5|-1|437|14|607|GLN|2743|114|4780|-N--|128|7|4|0011|3.256241|-0.947411|0.320001|-0.003378|15.030996|0.027752|0.048954
193|6|-1|478|15|607|LEU|743|123|4780|-N--|128|7|4|0011|2.948238|-0.265922|0.963966|-0.007462|16.397089|0.063800|0.112542
193|7|-1|715|27|652|GLY|143|206|4825|-N--|128|7|4|0011|3.790282|-0.047490|0.515001|-0.855873|20.267948|0.006553|0.011560
193|8|-1|736|28|652|LYS|2943|210|4825|-N--|128|7|4|0011|3.581512|0.413791|0.838473|-0.354599|14.021132|0.011521|0.020323
193|9|-1|757|29|652|LEU|743|219|4825|-N--|128|7|4|0011|3.489251|0.827111|0.517876|0.218385|0.100318|0.014784|0.026079
193|10|-1|778|29|652|LEU|743|222|4825|-O--|428|8|2|0011|2.662710|0.358281|0.120929|0.925749|5.958962|0.097136|0.152545
193|11|-1|901|34|696|ILE|943|255|4869|-O--|428|8|2|0011|2.762613|-0.650833|-0.651919|-0.389124|90.104965|0.074151|0.116449
193|12|-1|1054|38|663|PHE|3543|286|4836|-O--|428|8|2|0011|2.763498|-0.209879|-0.052832|0.976299|35.796089|0.073974|0.116170
193|13|-1|1147|40|663|PRO|1943|304|4836|-N--|128|7|4|0011|3.937885|-0.314636|0.806524|0.500523|24.686007|0.004398|0.007757
193|14|-1|1160|40|713|PRO|1943|307|4886|-O--|428|8|2|0011|2.677085|-0.081431|0.559564|0.824777|99.713135|0.093434|0.146732
193|15|-1|1198|41|709|ASP|2143|314|4882|-O--|428|8|2|0011|2.989002|0.603881|-0.409501|-0.683840|34.637775|0.040215|0.063155
193|16|-1|1257|44|713|GLU|2543|337|4886|-N--|128|7|4|0011|3.298394|-0.892859|0.283168|0.350170|76.718506|0.024764|0.043683
193|17|-1|1323|45|709|GLU|2543|353|4882|-OE1|1028|8|2|0011|2.903335|-0.961997|0.029966|-0.271411|44.512039|0.050692|0.079608
193|18|-1|1325|45|652|GLU|2543|354|4825|-OE2|1028|8|2|0011|2.646348|0.649574|-0.003023|-0.760293|0.374352|0.101527|0.159442
193|19|-1|1498|50|686|TYR|3743|400|4859|-OH-|1828|8|3|0011|2.556256|-0.309046|-0.009389|0.951001|78.515587|0.129518|0.203399
193|20|-1|1538|51|715|GLU|2543|409|4888|-OE2|1028|8|2|0011|2.634139|-0.444548|0.882262|0.154890|37.348675|0.104933|0.164791
193|21|-1|1967|67|725|LYS|2943|540|4898|-NZ-|1428|7|5|0011|3.432457|0.377280|0.671531|0.637735|18.287069|0.017237|0.030406
193|22|-1|2089|74|652|ASN|2343|591|4825|-N--|128|7|4|0011|2.923384|-0.580834|-0.690980|0.430323|5.733970|0.068233|0.120362
193|23|-1|2358|83|666|GLU|2543|664|4839|-OE1|1028|8|2|0011|3.044956|0.627923|0.247294|-0.737942|18.125566|0.034571|0.054291
193|24|-1|2468|88|624|HIS|3343|696|4797|-O--|428|8|2|0011|3.958101|0.591698|-0.588919|0.550517|12.586121|0.002930|0.004602
193|25|-1|2515|90|624|ASP|2143|714|4797|-N--|128|7|4|0011|2.762378|-0.395674|-0.835874|0.380469|9.648211|0.105434|0.185982
193|26|-1|2543|90|624|ASP|2143|721|4797|-OD2|1028|8|2|0011|3.221931|0.120735|-0.761965|-0.636264|27.509893|0.021428|0.033651
193|27|-1|2638|95|688|LEU|743|752|4861|-O--|428|8|2|0011|2.796060|-0.969578|-0.042560|-0.241053|49.972805|0.067742|0.106384
193|28|-1|2693|97|677|VAL|543|769|4850|-N--|128|7|4|0011|2.982114|-0.581467|0.799768|0.149223|54.898464|0.058218|0.102696
193|29|-1|2706|97|677|VAL|543|772|4850|-O--|428|8|2|0011|3.768306|-0.333572|0.499429|0.799563|66.742256|0.004894|0.007686
193|30|-1|2736|98|666|PRO|1943|779|4839|-O--|428|8|2|0011|2.913764|-0.859713|-0.499354|0.107421|33.070152|0.049283|0.077396
193|31|-1|2791|100|666|VAL|543|790|4839|-N--|128|7|4|0011|3.385743|-0.088903|-0.590417|0.802187|43.142784|0.019557|0.034497
193|32|-1|2793|100|629|VAL|543|790|4802|-N--|128|7|4|0011|3.468038|-0.305937|0.894454|0.326121|9.782017|0.015657|0.027618
193|33|-1|2861|101|629|GLN|2743|804|4802|-OE1|828|8|2|0011|2.925618|0.079642|0.148003|0.985775|11.952262|0.047729|0.074956
193|34|-1|2885|102|601|GLU|2543|809|4774|-O--|428|8|2|0011|2.870898|0.592846|0.513080|-0.620712|2.624752|0.055337|0.086903
193|35|-1|2905|102|719|GLU|2543|814|4892|-OE2|1028|8|2|0011|2.844304|-0.328726|0.594170|-0.734099|108.157532|0.059461|0.093379
193|36|-1|2933|103|607|ILE|943|818|4780|-O--|428|8|2|0011|2.816854|0.789533|-0.397962|0.467188|41.960056|0.064040|0.100570
193|37|-1|3017|106|627|ASP|2143|844|4800|-O--|428|8|2|0011|2.804002|0.078458|0.077033|-0.993937|4.028437|0.066303|0.104125
193|38|-1|3050|107|613|LYS|2943|852|4786|-O--|428|8|2|0011|2.560759|-0.591621|0.604509|0.533436|3.611749|0.127951|0.200939
193|39|-1|3073|107|689|LYS|2943|857|4862|-NZ-|1428|7|5|0011|3.042392|0.213647|0.724430|0.655405|330.527954|0.049466|0.087257
193|40|-1|3110|109|627|ILE|943|872|4800|-O--|428|8|2|0011|2.692267|-0.049401|-0.987272|-0.151174|1.085143|0.089678|0.140833
193|41|-1|3158|111|627|SER|1143|884|4800|-N--|128|7|4|0011|3.333270|0.227704|-0.411908|0.882317|9.116398|0.022536|0.039754
193|42|-1|3159|111|678|SER|1143|884|4851|-N--|128|7|4|0011|3.749943|-0.441073|0.213337|-0.871747|15.346094|0.007308|0.012891
193|43|-1|3193|112|678|ALA|343|890|4851|-N--|128|7|4|0011|3.012574|-0.951013|0.215763|-0.221405|13.074931|0.053618|0.094580
193|44|-1|3553|130|693|ASP|2143|1020|4866|-OD2|1028|8|2|0011|2.624202|0.706501|-0.574651|-0.413078|27.997540|0.107790|0.169277
193|45|-1|3635|133|698|TYR|3743|1048|4871|-OH-|1828|8|3|0011|3.957523|0.096272|-0.264054|0.959691|10.966618|0.002935|0.004609
193|46|-1|3748|137|670|TYR|3743|1076|4843|-O--|428|8|2|0011|2.407432|0.865653|0.496379|-0.065215|26.884962|0.193649|0.304113
193|47|-1|3884|140|698|GLU|2543|1115|4871|-OE1|1028|8|2|0011|3.387692|0.048705|0.855745|-0.515100|126.897392|0.013690|0.021500
193|48|-1|3922|141|670|ASP|2143|1123|4843|-OD1|1028|8|2|0011|2.845981|-0.303585|0.340129|-0.890027|61.347080|0.059192|0.092956
193|49|-1|3925|141|702|ASP|2143|1123|4875|-OD1|1028|8|2|0011|2.973216|0.932323|-0.351471|-0.085093|194.189362|0.041968|0.065907
193|50|-1|3933|141|702|ASP|2143|1124|4875|-OD2|1028|8|2|0011|3.464983|0.797405|0.049062|-0.601446|251.285187|0.011109|0.017447
193|51|-1|3939|142|702|VAL|543|1125|4875|-N--|128|7|4|0011|3.237206|0.466760|0.881933|-0.065798|173.749359|0.029217|0.051539
193|52|-1|3964|143|702|GLY|143|1132|4875|-N--|128|7|4|0011|3.714509|0.201372|0.590118|-0.781799|286.319855|0.008043|0.014187
193|53|-1|4059|145|637|ASN|2343|1150|4810|-OD1|828|8|2|0011|2.790017|-0.429030|-0.368457|0.824726|3.329525|0.068857|0.108136
193|54|-1|4062|145|613|ASN|2343|1150|4786|-OD1|828|8|2|0011|3.783781|0.805544|-0.364715|-0.466993|5.057231|0.004694|0.007371
193|55|-1|4096|147|612|HIS|3343|1157|4785|-N--|128|7|4|0011|3.627463|0.482706|0.516339|0.707381|20.075201|0.010176|0.017950
193|56|-1|4177|148|637|HIS|3343|1173|4810|-ND1|1328|7|3|0011|3.115447|0.410856|0.177503|-0.894254|4.702197|0.040603|0.071623
193|57|-1|4191|148|691|HIS|3343|1176|4864|-NE2|1328|7|3|0011|3.843060|-0.626584|-0.674723|0.390053|189.782227|0.005682|0.010023
193|58|-1|4192|148|636|HIS|3343|1176|4809|-NE2|1328|7|3|0011|2.955642|-0.926702|-0.360666|-0.105561|15.715624|0.062536|0.110312
193|59|-1|4213|149|643|TRP|3943|1180|4816|-O--|428|8|2|0011|2.774834|-0.381644|-0.908523|-0.170100|7.878387|0.071742|0.112665
193|60|-1|4235|149|666|TRP|3943|1185|4839|-NE1|1528|7|4|0011|3.954101|0.958245|0.285021|-0.023014|141.333313|0.004209|0.007424
193|61|-1|4286|150|629|HIS|3343|1200|4802|-NE2|1328|7|3|0011|2.914341|0.654351|0.405581|-0.638223|33.370995|0.069922|0.123340
193|62|-1|4358|152|623|HIS|3343|1218|4796|-O--|428|8|2|0011|3.156994|-0.555275|-0.804880|-0.209376|28.007519|0.025539|0.040107
193|63|-1|4359|152|633|HIS|3343|1218|4806|-O--|428|8|2|0011|3.976172|-0.998951|-0.045521|0.005030|63.259800|0.002790|0.004382
193|64|-1|4375|152|604|HIS|3343|1221|4777|-ND1|1328|7|3|0011|3.878770|-0.808504|-0.584979|-0.064195|72.570656|0.005159|0.009101
193|65|-1|4376|152|633|HIS|3343|1221|4806|-ND1|1328|7|3|0011|2.844501|-0.153278|-0.432765|0.888381|23.347721|0.084447|0.148963
193|66|-1|4386|152|691|HIS|3343|1224|4864|-NE2|1328|7|3|0011|2.850446|-0.853551|-0.388360|-0.347314|69.907890|0.083102|0.146589
193|67|-1|4387|152|636|HIS|3343|1224|4809|-NE2|1328|7|3|0011|3.957485|-0.698423|0.106128|-0.707772|1.877363|0.004171|0.007357
193|68|-1|4455|155|646|TYR|3743|1243|4819|-O--|428|8|2|0011|3.176445|-0.900063|-0.292151|0.323318|0.274895|0.024231|0.038053
193|69|-1|4456|155|633|TYR|3743|1243|4806|-O--|428|8|2|0011|2.651668|-0.474418|-0.382024|-0.793086|38.278370|0.100078|0.157166
193|70|-1|4481|155|620|TYR|3743|1251|4793|-OH-|1828|8|3|0011|2.986072|-0.626910|0.100466|0.772587|22.108295|0.040535|0.063657
193|71|-1|4485|155|711|TYR|3743|1251|4884|-OH-|1828|8|3|0011|2.787792|0.517973|-0.334315|0.787361|98.311348|0.069272|0.108788
193|72|-1|4503|156|646|PRO|1943|1255|4819|-O--|428|8|2|0011|3.459023|-0.778255|0.548421|-0.305866|19.648161|0.011290|0.017730
193|73|-1|4516|157|646|SER|1143|1259|4819|-N--|128|7|4|0011|3.540081|-0.609873|0.740661|0.281915|2.403675|0.012887|0.022732
193|74|-1|4518|157|623|SER|1143|1259|4796|-N--|128|7|4|0011|3.271578|0.507706|0.054102|-0.859830|32.264332|0.026625|0.046967
193|75|-1|4519|157|633|SER|1143|1259|4806|-N--|128|7|4|0011|3.360529|-0.166045|0.754941|-0.634424|54.253479|0.020936|0.036930
193|76|-1|4534|157|717|SER|1143|1262|4890|-O--|428|8|2|0011|3.615528|-0.498129|-0.508639|-0.702249|237.932938|0.007396|0.011615
193|77|-1|4538|157|645|SER|1143|1262|4818|-O--|428|8|2|0011|3.850466|0.000519|0.500719|0.865610|6.140161|0.003919|0.006155
193|78|-1|4553|157|717|SER|1143|1264|4890|-OG-|1728|8|3|0011|3.314543|-0.696627|-0.652579|0.298080|181.455444|0.016683|0.026200
193|79|-1|4572|158|686|THR|1343|1268|4859|-O--|428|8|2|0011|2.794460|0.922898|0.064055|0.379680|107.484001|0.068035|0.106845
193|80|-1|4576|159|645|TRP|3943|1272|4818|-N--|128|7|4|0011|3.861223|-0.782395|0.470835|0.407643|4.547606|0.005410|0.009543
193|81|-1|4578|159|686|TRP|3943|1272|4859|-N--|128|7|4|0011|3.799438|0.753796|-0.531131|0.386900|135.491531|0.006393|0.011277
193|82|-1|4594|159|645|TRP|3943|1275|4818|-O--|428|8|2|0011|2.664279|-0.622683|0.675980|-0.394103|2.531835|0.096724|0.151899
193|83|-1|4613|159|665|TRP|3943|1280|4838|-NE1|1528|7|4|0011|3.549526|-0.866876|0.461752|0.187912|82.250130|0.012562|0.022159
193|84|-1|4637|160|686|ASN|2343|1286|4859|-N--|128|7|4|0011|3.156145|0.714479|-0.379577|-0.587742|118.679909|0.036374|0.064162
193|85|-1|4706|161|599|PRO|1943|1297|4772|-O--|428|8|2|0011|3.470053|-0.642353|0.390196|0.659643|11.162555|0.010958|0.017209
193|86|-1|4724|162|599|LYS|2943|1301|4772|-N--|128|7|4|0011|3.911847|-0.167951|0.753608|0.635505|1.960055|0.004718|0.008323
193|87|-1|4824|167|679|LYS|2943|1345|4852|-O--|428|8|2|0011|3.238747|0.137707|0.863914|-0.484447|16.164892|0.020476|0.032156
193|88|-1|4830|167|599|LYS|2943|1350|4772|-NZ-|1428|7|5|0011|3.136177|0.263378|-0.882922|-0.388690|47.858406|0.038391|0.067720
193|89|-1|4831|168|665|LYS|2943|1351|4838|-N--|128|7|4|0011|2.709397|-0.604193|-0.790582|-0.099653|83.951553|0.121666|0.214615
193|90|-1|4846|168|703|LYS|2943|1354|4876|-O--|428|8|2|0011|3.642686|-0.926789|0.075768|0.367860|198.225082|0.006872|0.010793
193|91|-1|4847|168|635|LYS|2943|1354|4808|-O--|428|8|2|0011|3.383082|-0.843609|-0.522896|-0.122077|44.867050|0.013862|0.021769
193|92|-1|4853|168|665|LYS|2943|1354|4838|-O--|428|8|2|0011|3.771817|0.187708|-0.955773|0.226416|131.638229|0.004848|0.007613
193|93|-1|4860|169|679|ASP|2143|1360|4852|-N--|128|7|4|0011|2.949839|0.943441|0.331205|-0.014917|96.101616|0.063525|0.112056
193|94|-1|4879|169|620|ASP|2143|1363|4793|-O--|428|8|2|0011|2.765363|0.849798|0.396331|-0.347513|34.055382|0.073601|0.115586
193|95|-1|4895|169|656|ASP|2143|1367|4829|-OD2|1028|8|2|0011|2.948465|-0.392068|0.890294|0.231645|28.344622|0.044871|0.070467
193|96|-1|4901|170|703|ARG|3143|1368|4876|-N--|128|7|4|0011|2.748707|-0.490777|-0.801832|0.340888|306.909271|0.109402|0.192983
193|97|-1|4944|170|656|ARG|3143|1377|4829|-NH1|728|7|4|0011|2.684596|0.670119|-0.241750|0.701781|73.824005|0.130101|0.229494
193|98|-1|4959|171|703|LYS|2943|1379|4876|-N--|128|7|4|0011|3.769633|-0.314620|-0.224160|0.922370|320.675873|0.006929|0.012223
193|99|-1|4960|171|635|LYS|2943|1379|4808|-N--|128|7|4|0011|3.430039|-0.193584|-0.842556|0.502618|82.849289|0.017350|0.030605
193|100|-1|4995|171|685|LYS|2943|1387|4858|-NZ-|1428|7|5|0011|2.984967|-0.959140|0.276720|0.058962|415.339081|0.057771|0.101907
193|101|-1|4997|171|646|LYS|2943|1387|4819|-NZ-|1428|7|5|0011|2.771666|-0.015154|0.191581|-0.981360|11.532869|0.102820|0.181372
193|102|-1|4998|171|645|LYS|2943|1387|4818|-NZ-|1428|7|5|0011|2.827907|0.005657|-0.831711|0.555181|25.302860|0.088321|0.155796
193|103|-1|5001|172|685|GLY|143|1388|4858|-N--|128|7|4|0011|3.581072|0.118679|-0.983225|-0.138506|271.732513|0.011535|0.020348
193|104|-1|5002|172|723|GLY|143|1388|4896|-N--|128|7|4|0011|2.911979|-0.251719|-0.727684|0.638055|391.818634|0.070369|0.124130
193|105|-1|5005|172|635|GLY|143|1388|4808|-N--|128|7|4|0011|3.997229|0.331980|-0.435802|0.836580|76.973320|0.003746|0.006608
193|106|-1|5072|173|593|GLU|2543|1399|4766|-OE1|1028|8|2|0011|2.991793|-0.969318|0.029748|0.244002|87.234177|0.039913|0.062680
193|107|-1|5073|173|644|GLU|2543|1400|4817|-OE2|1028|8|2|0011|2.768940|-0.567004|0.293614|-0.769609|10.543180|0.072893|0.114474
193|108|-1|5074|173|593|GLU|2543|1400|4766|-OE2|1028|8|2|0011|3.137974|-0.617596|-0.429258|0.659024|98.311745|0.026886|0.042223
193|109|-1|5170|176|647|TYR|3743|1423|4820|-O--|428|8|2|0011|2.804352|-0.779147|-0.351240|-0.519193|3.182968|0.066240|0.104026
193|110|-1|5199|176|608|TYR|3743|1431|4781|-OH-|1828|8|3|0011|2.747271|0.514692|0.855394|0.058240|58.850430|0.077290|0.121379
193|111|-1|5323|179|691|HIS|3343|1461|4864|-NE2|1328|7|3|0011|3.433930|0.069891|-0.960415|-0.269662|172.242081|0.017169|0.030285
193|112|-1|5324|179|636|HIS|3343|1461|4809|-NE2|1328|7|3|0011|3.261271|-0.027903|-0.543040|-0.839243|13.185518|0.027378|0.048293
193|113|-1|5326|180|647|GLN|2743|1462|4820|-N--|128|7|4|0011|3.550733|-0.757590|-0.574529|0.309795|13.575199|0.012521|0.022086
193|114|-1|5361|180|608|GLN|2743|1469|4781|-OE1|828|8|2|0011|3.921303|-0.472292|0.104557|0.875219|46.038517|0.003237|0.005083
193|115|-1|5367|180|687|GLN|2743|1470|4860|-NE2|928|7|4|0011|2.971332|-0.903635|-0.414629|-0.107359|54.660896|0.059940|0.105733
193|116|-1|5526|185|659|ARG|3143|1502|4832|-O--|428|8|2|0011|2.918932|0.792071|0.552600|0.259341|16.247370|0.048600|0.076322
193|117|-1|5548|185|618|ARG|3143|1508|4791|-NH1|728|7|4|0011|3.019831|0.098350|-0.515260|-0.851372|1.005177|0.052576|0.092743
193|118|-1|5646|187|658|ASP|2143|1529|4831|-OD2|1028|8|2|0011|3.116769|-0.758799|-0.651316|0.003529|6.332814|0.028472|0.044713
193|119|-1|5720|189|659|GLU|2543|1544|4832|-OE2|1028|8|2|0011|2.706077|-0.301174|-0.141164|0.943063|1.295131|0.086392|0.135673
193|120|-1|5725|189|641|GLU|2543|1544|4814|-OE2|1028|8|2|0011|2.845265|0.887791|-0.013004|0.460063|26.277973|0.059306|0.093137
193|121|-1|5771|190|695|ARG|3143|1555|4868|-NH2|728|7|4|0011|3.835569|-0.995419|-0.013557|0.094640|86.903534|0.005798|0.010228
193|122|-1|5913|196|695|HIS|3343|1596|4868|-ND1|1328|7|3|0011|3.181344|0.514248|-0.628351|-0.583716|28.915003|0.033979|0.059938
193|123|-1|5926|196|657|HIS|3343|1599|4830|-NE2|1328|7|3|0011|3.544248|0.730480|0.607181|0.312619|116.761940|0.012742|0.022477
193|124|-1|5928|197|657|ARG|3143|1600|4830|-N--|128|7|4|0011|2.758580|-0.587621|0.781924|0.208078|239.309509|0.106522|0.187902
193|125|-1|5938|197|695|ARG|3143|1603|4868|-O--|428|8|2|0011|3.350412|-0.145355|-0.226241|-0.963165|76.352005|0.015142|0.023779
193|126|-1|5950|197|658|ARG|3143|1607|4831|-NE-|728|7|4|0011|3.455245|0.039361|-0.998772|0.030099|67.476051|0.016207|0.028590
193|127|-1|5953|197|658|ARG|3143|1610|4831|-NH2|728|7|4|0011|2.527467|0.175670|-0.758863|-0.627110|92.034500|0.198936|0.350917
193|128|-1|5971|198|658|MET|1743|1614|4831|-O--|428|8|2|0011|2.499089|0.030811|0.518188|0.854712|4.578880|0.151158|0.237383
193|129|-1|6068|202|632|ASN|2343|1645|4805|-N--|128|7|4|0011|3.280307|-0.071944|-0.240831|-0.967897|1.269253|0.026005|0.045871
193|130|-1|6077|202|726|ASN|2343|1648|4899|-O--|428|8|2|0011|3.546744|-0.232608|-0.970749|-0.059491|90.454376|0.008907|0.013988
193|131|-1|6089|203|632|ASN|2343|1653|4805|-N--|128|7|4|0011|2.962152|0.496936|0.401397|-0.769373|2.268724|0.061446|0.108389
193|132|-1|6110|203|632|ASN|2343|1656|4805|-O--|428|8|2|0011|3.082660|0.170956|0.983566|-0.058067|3.441939|0.031221|0.049031
193|133|-1|6123|204|726|PHE|3543|1661|4899|-N--|128|7|4|0011|3.101335|-0.679385|-0.192498|0.708082|335.447021|0.042182|0.074407
193|134|-1|6138|204|649|PHE|3543|1664|4822|-O--|428|8|2|0011|2.848197|0.646023|0.244014|-0.723265|7.507898|0.058838|0.092401
193|135|-1|6175|205|649|ASP|2143|1675|4822|-O--|428|8|2|0011|3.878890|0.877313|-0.092037|0.471011|29.443481|0.003630|0.005700
193|136|-1|6192|206|649|GLU|2543|1683|4822|-O--|428|8|2|0011|2.644940|0.260119|-0.840095|0.476003|22.550344|0.101914|0.160050
193|137|-1|6234|208|596|LEU|743|1695|4769|-O--|428|8|2|0011|2.864803|0.565135|-0.824490|0.028972|3.148535|0.056256|0.088346
193|138|-1|6316|211|707|TYR|3743|1712|4880|-O--|428|8|2|0011|2.664005|-0.037538|-0.048423|0.998121|354.175873|0.096796|0.152012
193|139|-1|6350|211|611|TYR|3743|1720|4784|-OH-|1828|8|3|0011|2.827752|0.932189|-0.361771|-0.012024|16.389256|0.062181|0.097651
193|140|-1|6352|212|722|ALA|343|1721|4895|-N--|128|7|4|0011|2.810766|0.019568|0.954544|-0.297428|227.103439|0.092509|0.163183
193|141|-1|6370|212|722|ALA|343|1724|4895|-O--|428|8|2|0011|3.164785|-0.810798|0.488185|-0.322929|124.391693|0.025007|0.039271
193|142|-1|6384|213|671|PRO|1943|1726|4844|-N--|128|7|4|0011|3.310862|0.357007|-0.573567|-0.737270|46.427467|0.023943|0.042236
193|143|-1|6399|213|611|PRO|1943|1729|4784|-O--|428|8|2|0011|2.697699|-0.257256|0.613115|0.746933|27.512863|0.088371|0.138781
193|144|-1|6422|214|671|HIS|3343|1733|4844|-N--|128|7|4|0011|2.823631|-0.535127|-0.632873|-0.559563|61.104710|0.089348|0.157607
193|145|-1|6423|214|626|HIS|3343|1733|4799|-N--|128|7|4|0011|3.211993|0.077833|-0.996266|-0.037360|32.057388|0.031278|0.055173
193|146|-1|6442|214|671|HIS|3343|1742|4844|-NE2|1328|7|3|0011|3.956405|-0.150641|-0.664745|0.731725|46.124268|0.004183|0.007378
193|147|-1|6443|215|626|LEU|743|1743|4799|-N--|128|7|4|0011|3.479283|-0.594375|-0.694108|-0.406118|20.982990|0.015188|0.026791
193|148|-1|6454|215|626|LEU|743|1746|4799|-O--|428|8|2|0011|3.645460|-0.786183|0.036209|-0.616932|17.653736|0.006821|0.010712
193|149|-1|6471|216|627|THR|1343|1751|4800|-N--|128|7|4|0011|2.907413|0.579208|0.808623|0.103184|1.847078|0.071243|0.125671
193|150|-1|6486|216|627|THR|1343|1754|4800|-O--|428|8|2|0011|3.572403|-0.042549|0.900234|-0.433322|8.634166|0.008310|0.013051
193|151|-1|6614|223|682|TYR|3743|1802|4855|-O--|428|8|2|0011|3.034339|-0.429748|-0.828846|-0.358233|26.484339|0.035577|0.055872
193|152|-1|6650|224|626|TYR|3743|1814|4799|-O--|428|8|2|0011|2.918381|0.380691|0.592452|-0.709983|7.336892|0.048672|0.076436
193|153|-1|6675|225|680|SER|1143|1826|4853|-O--|428|8|2|0011|3.054898|-0.914597|-0.359423|0.185276|62.200665|0.033654|0.052852
193|154|-1|6682|225|676|SER|1143|1826|4849|-O--|428|8|2|0011|2.700239|0.204056|0.780672|0.590688|43.196182|0.087766|0.137831
193|155|-1|6698|225|682|SER|1143|1828|4855|-OG-|1728|8|3|0011|3.103147|0.897798|-0.434398|-0.072507|23.593674|0.029540|0.046390
193|156|-1|6714|226|704|PRO|1943|1832|4877|-O--|428|8|2|0011|2.819705|-0.206759|-0.824554|-0.526651|216.694031|0.063548|0.099798
193|157|-1|6715|226|680|PRO|1943|1832|4853|-O--|428|8|2|0011|3.175471|-0.181706|-0.084712|0.979697|67.997993|0.024295|0.038154
193|158|-1|6721|227|680|ARG|3143|1836|4853|-N--|128|7|4|0011|3.792851|0.014237|-0.638043|0.769870|70.628647|0.006508|0.011480
193|159|-1|6750|227|596|ARG|3143|1843|4769|-NE-|728|7|4|0011|3.824286|-0.686664|-0.488196|-0.538663|11.580614|0.005978|0.010545
193|160|-1|6754|227|673|ARG|3143|1845|4846|-NH1|728|7|4|0011|3.132033|0.396229|-0.905163|0.153894|435.717560|0.038823|0.068483
193|161|-1|6758|227|707|ARG|3143|1845|4880|-NH1|728|7|4|0011|3.407824|0.911139|0.118551|-0.394680|779.842285|0.018424|0.032499
193|162|-1|6759|227|603|ARG|3143|1845|4776|-NH1|728|7|4|0011|3.884544|0.766113|-0.325392|0.554248|0.173482|0.005079|0.008960
193|163|-1|6780|228|596|PRO|1943|1850|4769|-O--|428|8|2|0011|2.659572|-0.544448|-0.167320|0.821937|6.637197|0.097963|0.153844
193|164|-1|6789|229|650|ASP|2143|1854|4823|-N--|128|7|4|0011|3.005560|0.283474|0.076858|-0.955895|40.330593|0.054644|0.096390
193|165|-1|6803|229|650|ASP|2143|1861|4823|-OD2|1028|8|2|0011|3.612429|0.280144|-0.844030|-0.457310|2.519691|0.007458|0.011712
193|166|-1|6805|230|596|GLY|143|1862|4769|-N--|128|7|4|0011|3.884630|0.569423|-0.282395|0.772017|3.877060|0.005078|0.008958
193|167|-1|6819|231|596|LEU|743|1866|4769|-N--|128|7|4|0011|3.022455|0.801005|0.434415|0.411917|1.115431|0.052205|0.092088
193|168|-1|6836|231|596|LEU|743|1869|4769|-O--|428|8|2|0011|3.653605|0.882416|0.299704|-0.362656|4.013269|0.006673|0.010479
193|169|-1|6845|232|694|LYS|2943|1874|4867|-N--|128|7|4|0011|2.986366|-0.209954|-0.858904|-0.467123|131.325287|0.057553|0.101523
193|170|-1|6860|232|694|LYS|2943|1877|4867|-O--|428|8|2|0011|3.755797|-0.373290|-0.263326|-0.889558|99.065613|0.005062|0.007950
193|171|-1|6876|233|649|LEU|743|1883|4822|-N--|128|7|4|0011|2.780362|-0.580500|0.803133|0.134155|17.430740|0.100432|0.177159
193|172|-1|6901|234|653|ARG|3143|1891|4826|-N--|128|7|4|0011|2.852352|0.944484|0.078532|0.319035|12.297031|0.082675|0.145836
193|173|-1|6920|234|653|ARG|3143|1894|4826|-O--|428|8|2|0011|2.585184|0.593768|0.670745|-0.444455|16.950842|0.119778|0.188103
193|174|-1|6929|234|694|ARG|3143|1900|4867|-NH1|728|7|4|0011|2.562829|-0.910322|0.413606|-0.015608|17.990372|0.180803|0.318931
193|175|-1|7004|237|716|GLY|143|1918|4889|-N--|128|7|4|0011|2.950719|0.885547|0.076592|-0.458193|60.391228|0.063374|0.111790
193|176|-1|7322|248|726|ARG|3143|2013|4899|-NH1|728|7|4|0011|3.108954|-0.266971|-0.441628|-0.856558|91.855400|0.041322|0.072891
193|177|-1|7323|248|726|ARG|3143|2014|4899|-NH2|728|7|4|0011|3.551345|0.282991|-0.057725|-0.957384|85.508629|0.012500|0.022050
193|178|-1|7359|250|697|ARG|3143|2027|4870|-O--|428|8|2|0011|3.305450|-0.577833|-0.664357|0.474065|102.653473|0.017098|0.026852
193|179|-1|7473|253|697|ASP|2143|2058|4870|-OD2|1028|8|2|0011|3.892807|0.891131|-0.402024|0.210388|26.091232|0.003496|0.005490
193|180|-1|7539|256|630|HIS|3343|2076|4803|-O--|428|8|2|0011|3.030526|-0.649392|0.375512|0.661272|20.146332|0.035946|0.056450
193|181|-1|7548|256|727|HIS|3343|2082|4900|-NE2|1328|7|3|0011|3.952380|0.259084|0.958157|0.121699|19.392521|0.004229|0.007459
193|182|-1|7619|259|708|TYR|3743|2106|4881|-OH-|1828|8|3|0011|2.790663|0.202102|-0.715242|-0.669017|71.493073|0.068737|0.107947
193|183|-1|7745|263|690|GLU|2543|2135|4863|-OE1|1028|8|2|0011|3.941828|-0.309755|0.133187|-0.941442|2.800248|0.003062|0.004808
193|184|-1|7746|263|642|GLU|2543|2135|4815|-OE1|1028|8|2|0011|3.993729|0.139218|0.670051|-0.729144|79.847420|0.002661|0.004179
193|185|-1|7748|263|642|GLU|2543|2136|4815|-OE2|1028|8|2|0011|2.852562|0.011919|0.190706|-0.981575|79.989838|0.058148|0.091318
193|186|-1|7807|267|600|HIS|3343|2158|4773|-O--|428|8|2|0011|2.949240|-0.385862|-0.033907|0.921933|33.636581|0.044777|0.070320
193|187|-1|7875|271|669|ASP|2143|2192|4842|-O--|428|8|2|0011|3.864724|0.379070|0.525005|-0.762021|3.106152|0.003771|0.005923
193|188|-1|7912|272|669|GLU|2543|2200|4842|-O--|428|8|2|0011|2.599449|-0.140799|-0.366231|-0.919810|1.585498|0.115248|0.180989
193|189|-1|7937|273|593|LEU|743|2209|4766|-O--|428|8|2|0011|3.353978|0.090937|0.277283|-0.956475|21.690216|0.014996|0.023551
193|190|-1|7970|275|669|GLY|143|2224|4842|-N--|128|7|4|0011|3.830687|-0.152453|0.861987|-0.483464|25.715702|0.005875|0.010364
193|191|-1|8004|276|669|THR|1343|2228|4842|-N--|128|7|4|0011|3.378495|-0.333580|0.887081|0.319078|36.600056|0.019943|0.035180
193|192|-1|8035|276|669|THR|1343|2233|4842|-OG1|1728|8|3|0011|2.924455|-0.490690|0.238335|0.838105|20.579344|0.047880|0.075192
193|193|-1|8036|276|593|THR|1343|2233|4766|-OG1|1728|8|3|0011|3.632056|0.622513|0.286615|0.728238|66.287178|0.007073|0.011107
193|194|-1|8060|277|723|ASP|2143|2238|4896|-O--|428|8|2|0011|3.519929|0.930132|-0.294324|0.219606|229.889786|0.009576|0.015039
193|195|-1|8065|277|723|ASP|2143|2241|4896|-OD1|1028|8|2|0011|2.905659|0.219916|-0.957786|-0.185155|189.157990|0.050375|0.079110
193|196|-1|8066|277|703|ASP|2143|2241|4876|-OD1|1028|8|2|0011|3.487842|0.624168|-0.103502|0.774404|141.779648|0.010444|0.016401
193|197|-1|8067|277|635|ASP|2143|2241|4808|-OD1|1028|8|2|0011|3.737933|0.722057|-0.643671|0.253617|27.358603|0.005313|0.008343
193|198|-1|8068|277|723|ASP|2143|2242|4896|-OD2|1028|8|2|0011|3.677806|0.349665|-0.621294|-0.701233|123.813332|0.006250|0.009815
193|199|-1|8069|277|703|ASP|2143|2242|4876|-OD2|1028|8|2|0011|2.903333|0.972675|0.047187|0.227325|90.205475|0.050692|0.079609
193|200|-1|8089|278|654|ILE|943|2246|4827|-O--|428|8|2|0011|2.789018|0.204732|-0.858367|0.470417|39.072285|0.069043|0.108428
193|201|-1|8153|280|660|GLY|143|2262|4833|-O--|428|8|2|0011|2.677755|0.980672|0.125478|0.150126|33.460361|0.093265|0.146466
193|202|-1|8155|281|660|ALA|343|2263|4833|-N--|128|7|4|0011|3.649034|0.868997|0.074540|-0.489171|36.705185|0.009600|0.016933
193|203|-1|8190|282|654|LEU|743|2268|4827|-N--|128|7|4|0011|3.721965|-0.180012|-0.134069|0.974485|57.346622|0.007882|0.013904
193|204|-1|8205|282|651|LEU|743|2271|4824|-O--|428|8|2|0011|2.710362|-0.357517|-0.444590|-0.821293|50.501118|0.085398|0.134111
193|205|-1|8206|282|605|LEU|743|2271|4778|-O--|428|8|2|0011|2.916089|0.096705|-0.872058|0.479752|5.684449|0.048974|0.076911
193|206|-1|8236|283|651|VAL|543|2279|4824|-O--|428|8|2|0011|3.604601|-0.664983|-0.704377|0.248294|84.382942|0.007618|0.011963
193|207|-1|8243|283|640|VAL|543|2279|4813|-O--|428|8|2|0011|3.905537|0.915111|-0.121110|-0.384582|63.010643|0.003377|0.005304
193|208|-1|8276|284|640|GLU|2543|2286|4813|-O--|428|8|2|0011|2.209730|0.382852|0.460237|-0.801003|44.524700|0.330424|0.518909
193|209|-1|8289|284|660|GLU|2543|2290|4833|-OE1|1028|8|2|0011|2.652376|-0.572317|0.565154|0.594184|49.798801|0.099887|0.156865
193|210|-1|8290|284|646|GLU|2543|2290|4819|-OE1|1028|8|2|0011|2.630559|0.870537|0.185512|0.455797|3.152796|0.105953|0.166393
193|211|-1|8292|284|604|GLU|2543|2291|4777|-OE2|1028|8|2|0011|2.887721|0.048135|-0.232709|-0.971354|145.032303|0.052877|0.083040
193|212|-1|8293|284|646|GLU|2543|2291|4819|-OE2|1028|8|2|0011|3.369309|0.367434|0.133855|0.920367|16.279890|0.014388|0.022595
193|213|-1|8294|284|633|GLU|2543|2291|4806|-OE2|1028|8|2|0011|2.862643|0.991741|0.127854|-0.010131|5.504412|0.056585|0.088863
193|214|-1|8311|285|717|SER|1143|2295|4890|-O--|428|8|2|0011|2.767304|0.731398|-0.681891|0.009034|157.468979|0.073216|0.114982
193|215|-1|8323|285|605|SER|1143|2297|4778|-OG-|1728|8|3|0011|3.509389|-0.878216|0.158147|0.451361|0.428968|0.009853|0.015474
193|216|-1|8357|286|685|SER|1143|2303|4858|-OG-|1728|8|3|0011|2.600759|0.178794|0.975869|0.125348|131.258362|0.114840|0.180349
193|217|-1|8359|286|660|SER|1143|2303|4833|-OG-|1728|8|3|0011|3.958567|-0.131866|0.822015|-0.553989|16.586479|0.002926|0.004596
193|218|-1|8361|286|645|SER|1143|2303|4818|-OG-|1728|8|3|0011|3.814491|0.876657|-0.167781|0.450912|1.545366|0.004320|0.006784
193|219|-1|8363|287|645|TYR|3743|2304|4818|-N--|128|7|4|0011|3.625283|0.533200|0.710289|0.459550|0.356225|0.010236|0.018056
193|220|-1|8375|287|724|TYR|3743|2307|4897|-O--|428|8|2|0011|3.413004|-0.491063|0.008790|0.871080|190.189026|0.012785|0.020078
193|221|-1|8384|288|645|GLU|2543|2316|4818|-N--|128|7|4|0011|3.592759|0.829446|0.520213|-0.203465|0.888370|0.011176|0.019715
193|222|-1|8399|288|654|GLU|2543|2319|4827|-O--|428|8|2|0011|3.757759|-0.857958|0.380014|-0.345685|22.275274|0.005036|0.007908
193|223|-1|8401|288|724|GLU|2543|2319|4897|-O--|428|8|2|0011|3.829376|0.209956|-0.868026|0.449943|188.656799|0.004149|0.006516
193|224|-1|8408|288|635|GLU|2543|2323|4808|-OE1|1028|8|2|0011|3.313281|-0.090847|0.888545|-0.449705|14.970420|0.016740|0.026289
193|225|-1|8409|288|665|GLU|2543|2323|4838|-OE1|1028|8|2|0011|3.451306|0.944860|0.321038|-0.064613|63.278454|0.011528|0.018104
193|226|-1|8410|288|645|GLU|2543|2324|4818|-OE2|1028|8|2|0011|2.827259|0.148554|-0.627463|-0.764344|3.070425|0.062264|0.097781
193|227|-1|8411|288|635|GLU|2543|2324|4808|-OE2|1028|8|2|0011|3.554850|-0.437993|0.895396|0.080172|25.358635|0.008714|0.013685
193|228|-1|8412|288|665|GLU|2543|2324|4838|-OE2|1028|8|2|0011|2.871086|0.698342|0.469160|0.540561|87.031502|0.055309|0.086858
193|229|-1|8424|289|642|SER|1143|2328|4815|-O--|428|8|2|0011|3.247092|-0.196791|-0.977490|-0.076069|5.908826|0.020019|0.031439
193|230|-1|8429|289|724|SER|1143|2328|4897|-O--|428|8|2|0011|3.320204|0.724353|-0.097584|0.682488|166.995331|0.016430|0.025802
193|231|-1|8439|289|605|SER|1143|2330|4778|-OG-|1728|8|3|0011|2.720590|-0.307653|-0.122767|-0.943545|5.442217|0.083069|0.130455
193|232|-1|8443|290|654|VAL|543|2331|4827|-N--|128|7|4|0011|2.832592|-0.047306|0.969077|-0.242181|23.904800|0.087210|0.153836
193|233|-1|8454|290|642|VAL|543|2334|4815|-O--|428|8|2|0011|3.980294|0.671559|-0.568802|-0.474840|3.118958|0.002760|0.004334
193|234|-1|8461|291|642|ASN|2343|2338|4815|-N--|128|7|4|0011|3.603418|0.669087|-0.738188|0.086029|3.649155|0.010859|0.019155
193|235|-1|8486|291|605|ASN|2343|2341|4778|-O--|428|8|2|0011|3.816127|0.526974|0.580169|-0.621049|6.758861|0.004301|0.006754
193|236|-1|8498|291|690|ASN|2343|2345|4863|-ND2|928|7|4|0011|3.052253|0.909164|-0.409861|0.073716|156.886459|0.048165|0.084962
193|237|-1|8501|292|690|HIS|3343|2346|4863|-N--|128|7|4|0011|3.065289|-0.050240|-0.838746|0.542200|85.711205|0.046498|0.082021
193|238|-1|8502|292|642|HIS|3343|2346|4815|-N--|128|7|4|0011|2.977758|0.545041|-0.141046|0.826460|3.181123|0.058908|0.103912
193|239|-1|8533|293|690|GLU|2543|2356|4863|-N--|128|7|4|0011|3.108247|0.257380|-0.063701|0.964208|74.141403|0.041401|0.073030
193|240|-1|8569|294|697|TYR|3743|2376|4870|-OH-|1828|8|3|0011|2.872931|-0.090152|0.995151|-0.039333|94.832764|0.055034|0.086426
193|241|-1|8581|295|651|TYR|3743|2380|4824|-O--|428|8|2|0011|2.680918|0.655373|0.709832|-0.258120|50.729557|0.092471|0.145220
193|242|-1|8588|296|605|GLY|143|2389|4778|-N--|128|7|4|0011|3.712332|0.575649|0.637066|0.512616|17.712502|0.008090|0.014271
193|243|-1|8598|296|651|GLY|143|2392|4824|-O--|428|8|2|0011|3.881000|-0.519196|0.776346|-0.357382|173.124435|0.003609|0.005668
193|244|-1|8602|296|605|GLY|143|2392|4778|-O--|428|8|2|0011|2.897925|-0.263637|0.578000|0.772277|41.453049|0.051439|0.080781
193|245|-1|8603|297|651|ASN|2343|2393|4824|-N--|128|7|4|0011|3.395172|-0.456530|0.856216|0.241814|141.861755|0.019065|0.033629
193|246|-1|8639|297|640|ASN|2343|2399|4813|-OD1|828|8|2|0011|3.766685|0.119734|0.959464|-0.255132|55.269260|0.004915|0.007719
193|247|-1|8640|297|663|ASN|2343|2399|4836|-OD1|828|8|2|0011|3.998833|0.888009|-0.424374|-0.177052|61.894844|0.002625|0.004122
193|248|-1|8643|297|663|ASN|2343|2400|4836|-ND2|928|7|4|0011|2.947868|0.993599|0.112963|0.000678|60.319294|0.063864|0.112655
193|249|-1|8644|298|651|LEU|743|2401|4824|-N--|128|7|4|0011|2.905689|-0.456002|0.249855|0.854187|397.049377|0.071576|0.126258
193|250|-1|8672|299|640|HIS|3343|2409|4813|-N--|128|7|4|0011|3.894840|0.911206|0.077282|0.404638|68.815804|0.004940|0.008714
193|251|-1|8707|299|640|HIS|3343|2415|4813|-ND1|1328|7|3|0011|2.574270|-0.183353|-0.679804|0.710104|79.397697|0.175298|0.309220
193|252|-1|8709|299|604|HIS|3343|2415|4777|-ND1|1328|7|3|0011|3.675890|0.917601|-0.065834|0.392014|105.139900|0.008927|0.015748
193|253|-1|8727|299|691|HIS|3343|2418|4864|-NE2|1328|7|3|0011|3.226829|0.998813|0.048655|0.002169|89.797897|0.030048|0.053005
193|254|-1|8728|299|636|HIS|3343|2418|4809|-NE2|1328|7|3|0011|3.801833|0.760686|0.442944|-0.474508|1.293234|0.006352|0.011204
193|255|-1|8730|300|640|ASN|2343|2419|4813|-N--|128|7|4|0011|2.604341|0.309868|0.440035|0.842824|66.803787|0.161614|0.285083
193|256|-1|8758|300|640|ASN|2343|2425|4813|-OD1|828|8|2|0011|2.638601|-0.855378|0.278178|0.436974|78.922638|0.103676|0.162816
193|257|-1|8759|300|604|ASN|2343|2425|4777|-OD1|828|8|2|0011|2.852203|0.556762|0.786059|0.268565|104.538162|0.058204|0.091406
193|258|-1|8760|300|640|ASN|2343|2426|4813|-ND2|928|7|4|0011|3.227406|-0.693436|0.705520|-0.146248|78.451607|0.030002|0.052922
193|259|-1|8761|300|663|ASN|2343|2426|4836|-ND2|928|7|4|0011|3.161671|0.272640|-0.959619|-0.069267|87.216232|0.035835|0.063211
193|260|-1|8762|300|717|ASN|2343|2426|4890|-ND2|928|7|4|0011|3.995537|0.240518|-0.435987|0.867218|417.437531|0.003763|0.006638
193|261|-1|8858|303|691|HIS|3343|2454|4864|-NE2|1328|7|3|0011|3.610727|0.485498|0.333451|0.808147|84.981346|0.010647|0.018780
193|262|-1|8859|303|636|HIS|3343|2454|4809|-NE2|1328|7|3|0011|3.271987|0.434599|0.834661|0.338327|0.598463|0.026596|0.046915
193|263|-1|8900|305|653|THR|1343|2465|4826|-O--|428|8|2|0011|2.946889|-0.659340|-0.685808|-0.308122|1.161988|0.045063|0.070768
193|264|-1|8925|306|673|MET|1743|2472|4846|-O--|428|8|2|0011|2.736585|0.548860|0.378940|-0.745089|151.667099|0.079555|0.124935
193|265|-1|8994|308|710|ARG|3143|2491|4883|-NH1|728|7|4|0011|3.959376|-0.545540|-0.357632|-0.757948|77.600410|0.004149|0.007319
193|266|-1|9035|310|680|HIS|3343|2507|4853|-ND1|1328|7|3|0011|2.978776|0.019807|0.971876|-0.234660|90.997948|0.058746|0.103627
193|267|-1|9063|311|638|ASP|2143|2514|4811|-O--|428|8|2|0011|3.866439|-0.554516|-0.463217|-0.691334|21.206009|0.003754|0.005895
193|268|-1|9072|311|710|ASP|2143|2514|4883|-O--|428|8|2|0011|2.999323|0.604136|0.145366|0.783510|208.727539|0.039109|0.061417
193|269|-1|9082|311|638|ASP|2143|2517|4811|-OD1|1028|8|2|0011|2.764998|-0.993853|-0.083183|0.073056|14.317492|0.073674|0.115700
193|270|-1|9105|312|638|PRO|1943|2519|4811|-N--|128|7|4|0011|3.224520|-0.007133|-0.736234|-0.676690|17.702404|0.030237|0.053336
193|271|-1|9120|312|716|PRO|1943|2522|4889|-O--|428|8|2|0011|2.763411|0.396611|-0.434246|0.808783|87.519188|0.073991|0.116198
193|272|-1|9126|313|638|ASP|2143|2526|4811|-N--|128|7|4|0011|3.295036|0.034597|0.130196|-0.990884|9.864600|0.024990|0.044081
193|273|-1|9148|313|638|ASP|2143|2532|4811|-OD1|1028|8|2|0011|3.125123|0.039038|0.930523|-0.364146|7.724712|0.027836|0.043715
193|274|-1|9247|318|682|GLU|2543|2577|4855|-OE1|1028|8|2|0011|3.425484|0.589697|0.297476|0.750843|6.010173|0.012361|0.019412
193|275|-1|9248|319|682|GLU|2543|2579|4855|-N--|128|7|4|0011|2.951563|0.413340|0.482117|-0.772472|28.639265|0.063230|0.111535
193|276|-1|9262|319|682|GLU|2543|2582|4855|-O--|428|8|2|0011|3.976232|0.678783|-0.198681|-0.706951|36.825638|0.002790|0.004382
193|277|-1|9272|319|696|GLU|2543|2586|4869|-OE1|1028|8|2|0011|3.537036|-0.485152|-0.125246|0.865414|20.071348|0.009144|0.014360
193|278|-1|9311|322|676|VAL|543|2599|4849|-N--|128|7|4|0011|2.624550|-0.131451|0.076584|-0.988360|73.528603|0.153024|0.269930
193|279|-1|9312|322|603|VAL|543|2599|4776|-N--|128|7|4|0011|3.156782|-0.990882|0.133047|-0.021224|15.440708|0.036311|0.064052
193|280|-1|9352|323|603|MET|1743|2606|4776|-N--|128|7|4|0011|2.989672|-0.597390|-0.152191|-0.787377|11.691735|0.057041|0.100619
193|281|-1|9437|326|637|THR|1343|2631|4810|-O--|428|8|2|0011|2.753714|-0.403092|0.597012|-0.693609|0.448902|0.075956|0.119283
193|282|-1|9444|326|643|THR|1343|2633|4816|-OG1|1728|8|3|0011|2.741010|0.327252|-0.094855|0.940164|7.861277|0.078609|0.123450
193|283|-1|9462|327|613|SER|1143|2638|4786|-O--|428|8|2|0011|2.743199|0.248615|0.339020|-0.907335|0.397270|0.078145|0.122722
193|284|-1|9467|327|689|SER|1143|2640|4862|-OG-|1728|8|3|0011|3.299636|0.809180|-0.377011|0.450656|192.164062|0.017369|0.027277
193|285|-1|9469|328|637|THR|1343|2641|4810|-N--|128|7|4|0011|3.590577|-0.522757|0.766451|0.373199|8.895613|0.011243|0.019832
193|286|-1|9497|329|637|SER|1143|2648|4810|-N--|128|7|4|0011|3.336210|0.270067|0.791317|0.548527|3.807682|0.022358|0.039439
193|287|-1|9526|329|637|SER|1143|2653|4810|-OG-|1728|8|3|0011|3.517466|0.699083|0.699652|-0.147549|4.223820|0.009640|0.015140
193|288|-1|9527|330|637|LEU|743|2654|4810|-N--|128|7|4|0011|2.952309|0.767196|0.026759|0.640854|16.703848|0.063102|0.111311
193|289|-1|9574|331|611|ARG|3143|2669|4784|-NE-|728|7|4|0011|2.968169|-0.410691|-0.284687|-0.866190|17.702263|0.060455|0.106640
193|290|-1|9575|331|613|ARG|3143|2669|4786|-NE-|728|7|4|0011|3.752043|0.493864|-0.079157|0.865928|2.609376|0.007267|0.012818
193|291|-1|9578|331|613|ARG|3143|2671|4786|-NH1|728|7|4|0011|2.680233|0.160061|-0.623080|0.765605|0.366196|0.131644|0.232216
193|292|-1|9579|331|611|ARG|3143|2672|4784|-NH2|728|7|4|0011|3.793634|-0.708556|-0.588354|-0.389600|10.745604|0.006494|0.011456
193|293|-1|9618|332|707|ASP|2143|2679|4880|-OD1|1028|8|2|0011|3.978954|0.515965|-0.686613|-0.512195|854.528748|0.002770|0.004349
193|294|-1|9621|332|707|ASP|2143|2680|4880|-OD2|1028|8|2|0011|3.075300|0.344682|-0.297532|-0.890320|422.771179|0.031849|0.050016
193|295|-1|9622|332|603|ASP|2143|2680|4776|-OD2|1028|8|2|0011|2.848903|0.326792|-0.906665|0.266769|9.465620|0.058726|0.092225
193|296|-1|9824|339|661|HIS|3343|2744|4834|-O--|428|8|2|0011|2.888498|0.723906|-0.160637|0.670937|119.555870|0.052766|0.082866
193|297|-1|9835|339|636|HIS|3343|2750|4809|-NE2|1328|7|3|0011|2.818991|0.993973|-0.056403|0.094006|5.508114|0.090475|0.159596
193|298|-1|9865|340|658|ARG|3143|2758|4831|-NE-|728|7|4|0011|2.983506|-0.537287|0.223897|-0.813137|13.462440|0.058000|0.102310
193|299|-1|9870|340|687|ARG|3143|2760|4860|-NH1|728|7|4|0011|3.248219|-0.280461|0.360197|0.889719|26.249842|0.028361|0.050027
193|300|-1|9956|343|687|ASP|2143|2787|4860|-OD1|1028|8|2|0011|3.921214|-0.266499|0.922418|-0.279505|34.212383|0.003237|0.005084
193|301|-1|9957|343|647|ASP|2143|2787|4820|-OD1|1028|8|2|0011|2.802446|0.726151|-0.665490|0.172707|6.489959|0.066582|0.104563
193|302|-1|9960|343|687|ASP|2143|2788|4860|-OD2|1028|8|2|0011|2.628324|-0.068104|0.970580|0.230946|37.813515|0.106596|0.167401
193|303|-1|10094|348|727|GLU|2543|2829|4900|-O--|428|8|2|0011|2.775156|-0.984449|0.080717|-0.156027|40.281254|0.071679|0.112567
193|304|-1|10108|348|727|GLU|2543|2833|4900|-OE1|1028|8|2|0011|3.696284|-0.328709|0.245382|0.911997|3.828269|0.005946|0.009337
193|305|-1|10141|349|669|TYR|3743|2846|4842|-OH-|1828|8|3|0011|2.784080|0.834387|0.550272|-0.031607|5.271392|0.069971|0.109885
193|306|-1|10171|350|672|LYS|2943|2855|4845|-NZ-|1428|7|5|0011|3.270809|-0.332334|0.493455|0.803776|74.735504|0.026681|0.047064
193|307|-1|10172|350|644|LYS|2943|2855|4817|-NZ-|1428|7|5|0011|2.862750|0.989608|0.077897|-0.120863|1.291217|0.080384|0.141794
193|308|-1|10318|356|672|TYR|3743|2906|4845|-OH-|1828|8|3|0011|3.850529|-0.095052|-0.994669|0.039994|57.634808|0.003919|0.006154
193|309|-1|10397|359|706|ASP|2143|2928|4879|-O--|428|8|2|0011|3.508256|0.088933|0.950901|0.296444|66.978226|0.009883|0.015521
193|310|-1|10415|360|681|VAL|543|2933|4854|-O--|428|8|2|0011|2.786550|0.850155|0.515333|0.108018|48.214798|0.069505|0.109154
193|311|-1|10433|361|681|LEU|743|2940|4854|-O--|428|8|2|0011|2.907675|0.509342|-0.420611|0.750771|51.661224|0.050101|0.078680
193|312|-1|10460|362|706|ASN|2343|2948|4879|-O--|428|8|2|0011|3.558907|-0.647390|0.327067|0.688414|34.840038|0.008619|0.013535
193|313|-1|10461|362|721|ASN|2343|2948|4894|-O--|428|8|2|0011|2.840249|0.760849|-0.282722|0.584104|24.147633|0.060116|0.094408
193|314|-1|10462|362|681|ASN|2343|2948|4854|-O--|428|8|2|0011|3.036585|0.581904|-0.763687|-0.279590|34.640411|0.035362|0.055533
193|315|-1|10473|362|706|ASN|2343|2951|4879|-OD1|828|8|2|0011|3.672532|-0.006807|-0.724568|0.689170|20.173040|0.006340|0.009956
193|316|-1|10477|362|597|ASN|2343|2951|4770|-OD1|828|8|2|0011|3.696210|0.630646|0.616577|-0.471294|19.468441|0.005947|0.009339
193|317|-1|10481|362|597|ASN|2343|2952|4770|-ND2|928|7|4|0011|2.916653|0.610289|0.777947|0.149487|26.191708|0.069486|0.122571
193|318|-1|10503|363|597|PHE|3543|2956|4770|-O--|428|8|2|0011|2.858711|-0.631404|0.546051|-0.550598|0.393860|0.057190|0.089813
193|319|-1|10549|364|718|PRO|1943|2964|4891|-N--|128|7|4|0011|3.915887|0.766366|0.125641|0.629998|40.763016|0.004667|0.008232
193|320|-1|10560|364|597|PRO|1943|2967|4770|-O--|428|8|2|0011|3.666346|-0.214110|-0.304391|-0.928172|4.959411|0.006447|0.010124
193|321|-1|10571|365|718|ASP|2143|2971|4891|-N--|128|7|4|0011|3.017553|0.461964|-0.713161|0.527248|35.774952|0.052901|0.093316
193|322|-1|10604|365|718|ASP|2143|2978|4891|-OD2|1028|8|2|0011|2.747136|0.110661|-0.853253|-0.509621|0.881783|0.077318|0.121423
193|323|-1|10617|366|597|ILE|943|2982|4770|-O--|428|8|2|0011|2.755051|-0.912506|-0.370955|0.172411|3.174310|0.075682|0.118853
193|324|-1|10724|370|664|ASP|2143|3015|4837|-O--|428|8|2|0011|3.503994|0.707193|0.476885|-0.521976|11.089162|0.009998|0.015701
193|325|-1|10739|370|664|ASP|2143|3019|4837|-OD2|1028|8|2|0011|2.886039|0.790357|-0.494449|0.361741|12.295862|0.053118|0.083418
193|326|-1|10745|371|664|VAL|543|3020|4837|-N--|128|7|4|0011|3.865692|0.872030|0.486071|0.057428|2.485069|0.005345|0.009428
193|327|-1|10771|372|664|THR|1343|3027|4837|-N--|128|7|4|0011|3.594776|0.172751|0.764165|0.621457|2.794587|0.011116|0.019608
193|328|-1|10799|372|664|THR|1343|3032|4837|-OG1|1728|8|3|0011|3.116368|0.081506|0.000000|0.996673|4.782880|0.028503|0.044762
193|329|-1|10893|376|615|ARG|3143|3057|4788|-N--|128|7|4|0011|3.419282|-0.782035|-0.314393|-0.538124|1.747057|0.017862|0.031508
193|330|-1|10923|377|615|VAL|543|3068|4788|-N--|128|7|4|0011|2.768476|-0.278492|-0.928308|-0.246345|3.190985|0.103710|0.182942
193|331|-1|10940|377|615|VAL|543|3071|4788|-O--|428|8|2|0011|3.039497|0.446784|-0.575094|-0.685310|2.816847|0.035085|0.055098
193|332|-1|11004|380|615|VAL|543|3094|4788|-O--|428|8|2|0011|2.891782|0.683316|0.470299|-0.558479|21.338861|0.052300|0.082133
193|333|-1|11070|382|615|HIS|3343|3114|4788|-NE2|1328|7|3|0011|3.260828|0.097828|0.235523|0.966932|0.200951|0.027410|0.048351
193|334|-1|11283|389|719|GLU|2543|3169|4892|-O--|428|8|2|0011|3.894711|0.466017|-0.561531|0.683748|24.994864|0.003478|0.005462
193|335|-1|11322|391|719|GLU|2543|3183|4892|-N--|128|7|4|0011|2.904402|-0.311940|0.597713|0.738534|29.096050|0.071825|0.126698
193|336|-1|11345|391|601|GLU|2543|3186|4774|-O--|428|8|2|0011|2.576342|0.386594|-0.753782|0.531373|61.546963|0.122674|0.192652
193|337|-1|11375|392|601|LEU|743|3192|4774|-N--|128|7|4|0011|3.469549|-0.134023|-0.464037|0.875618|39.363895|0.015593|0.027505
193|338|-1|11398|392|601|LEU|743|3195|4774|-O--|428|8|2|0011|3.728736|-0.228764|0.515993|0.825481|29.623358|0.005446|0.008553
193|339|-1|11408|393|601|LYS|2943|3200|4774|-N--|128|7|4|0011|3.458707|-0.646195|0.057825|0.760978|30.282936|0.016057|0.028323
193|340|-1|11439|394|601|HIS|3343|3209|4774|-N--|128|7|4|0011|2.984804|-0.811779|0.577927|0.083758|22.380020|0.057797|0.101952
193|341|-1|11449|394|607|HIS|3343|3212|4780|-O--|428|8|2|0011|3.057357|-0.766676|-0.453660|0.454314|34.001057|0.033431|0.052502
193|342|-1|11458|394|601|HIS|3343|3215|4774|-ND1|1328|7|3|0011|3.782211|-0.829409|-0.151234|-0.537781|21.660847|0.006698|0.011815
193|343|-1|11466|395|601|GLY|143|3219|4774|-N--|128|7|4|0011|3.566114|-0.097305|0.992958|0.067581|21.087837|0.012011|0.021187
193|344|-1|11558|399|700|GLY|143|3246|4873|-O--|428|8|2|0011|2.685917|-0.175359|0.855201|0.487729|2.073553|0.091230|0.143271
193|345|-1|11577|401|700|ALA|343|3255|4873|-N--|128|7|4|0011|3.709845|-0.071162|-0.211869|0.974704|2.467389|0.008145|0.014367
193|346|-1|11589|401|700|ALA|343|3258|4873|-O--|428|8|2|0011|2.583494|0.086317|-0.853882|0.513258|7.768758|0.120326|0.188964
193|347|-1|11710|409|670|TYR|3743|3313|4843|-O--|428|8|2|0011|3.967872|-0.757585|0.132565|0.639133|20.059986|0.002854|0.004482
193|348|-1|11747|411|670|LEU|743|3332|4843|-N--|128|7|4|0011|3.164484|-0.248697|-0.968563|-0.006004|46.295658|0.035563|0.062733
193|349|-1|11819|413|674|HIS|3343|3354|4847|-ND1|1328|7|3|0011|3.956273|0.317723|-0.618006|0.719111|144.800858|0.004184|0.007381
193|350|-1|11833|413|674|HIS|3343|3357|4847|-NE2|1328|7|3|0011|2.417402|0.335483|-0.182841|0.924132|110.717842|0.267857|0.472491
193|351|-1|11861|414|615|GLU|2543|3365|4788|-OE1|1028|8|2|0011|3.421632|-0.813063|0.539217|-0.219486|0.190860|0.012490|0.019615
193|352|-1|11862|414|729|GLU|2543|3365|4902|-OE1|1028|8|2|0011|3.609034|0.807141|-0.107508|-0.580488|63.384113|0.007527|0.011820
193|353|-1|11863|414|615|GLU|2543|3366|4788|-OE2|1028|8|2|0011|2.654686|-0.280259|0.949641|-0.140129|1.717324|0.099265|0.155889
193|354|-1|11974|419|664|ALA|343|3406|4837|-O--|428|8|2|0011|2.703277|-0.280030|0.949589|-0.140940|12.102396|0.087049|0.136704
193|355|-1|12027|421|664|ASN|2343|3422|4837|-ND2|928|7|4|0011|2.631957|0.127282|-0.633369|-0.763311|46.621181|0.149991|0.264580
193|356|-1|12267|430|718|LYS|2943|3488|4891|-NZ-|1428|7|5|0011|3.942357|-0.808907|-0.253148|-0.530647|17.222031|0.004345|0.007664
193|357|-1|12269|431|675|HIS|3343|3489|4848|-N--|128|7|4|0011|2.902620|-0.765860|-0.306964|0.565006|11.427608|0.072172|0.127309
193|358|-1|12294|431|675|HIS|3343|3492|4848|-O--|428|8|2|0011|3.256211|-0.223572|0.316319|0.921931|24.423006|0.019532|0.030674
193|359|-1|12444|435|609|ARG|3143|3527|4782|-NH1|728|7|4|0011|2.787291|-0.272308|-0.195530|-0.942134|0.691019|0.098569|0.173872
193|360|-1|12639|441|602|LYS|2943|3568|4775|-N--|128|7|4|0011|3.442655|0.250098|0.059257|-0.966406|24.763119|0.016768|0.029579
193|361|-1|12666|441|662|LYS|2943|3571|4835|-O--|428|8|2|0011|2.765821|-0.209703|0.076651|0.974756|73.597763|0.073510|0.115443
193|362|-1|12689|442|602|TYR|3743|3577|4775|-N--|128|7|4|0011|3.186054|0.900487|0.038920|-0.433138|6.888416|0.033549|0.059180
193|363|-1|12708|442|602|TYR|3743|3580|4775|-O--|428|8|2|0011|3.387958|0.714000|0.699832|0.020957|13.324901|0.013681|0.021484
193|364|-1|12783|444|657|GLU|2543|3604|4830|-OE1|1028|8|2|0011|2.695209|-0.085336|-0.584370|0.806988|167.791000|0.088967|0.139717
193|365|-1|12786|444|657|GLU|2543|3605|4830|-OE2|1028|8|2|0011|3.987111|0.322038|-0.256075|0.911437|200.232422|0.002709|0.004255
193|366|-1|12839|448|625|GLU|2543|3629|4798|-O--|428|8|2|0011|2.738708|-0.940589|-0.166136|-0.296125|20.435564|0.079100|0.124221
193|367|-1|12854|448|714|GLU|2543|3634|4887|-OE2|1028|8|2|0011|3.609771|0.656829|-0.329660|0.678159|20.413179|0.007512|0.011797
193|368|-1|12856|449|662|ILE|943|3635|4835|-N--|128|7|4|0011|3.642363|0.550467|0.481556|0.681975|47.362877|0.009774|0.017241
193|369|-1|12873|449|714|ILE|943|3638|4887|-O--|428|8|2|0011|3.227523|-0.166071|0.694960|0.699607|117.996643|0.021107|0.033146
193|370|-1|12876|449|662|ILE|943|3638|4835|-O--|428|8|2|0011|2.569923|0.694963|0.696908|-0.177048|50.773159|0.124821|0.196023
193|371|-1|12927|451|714|ALA|343|3652|4887|-N--|128|7|4|0011|3.583512|0.338216|0.885165|-0.319519|176.484863|0.011459|0.020214
193|372|-1|13080|456|687|ARG|3143|3696|4860|-O--|428|8|2|0011|3.894546|-0.364612|-0.648600|0.668114|13.188552|0.003479|0.005464
193|373|-1|13089|456|687|ARG|3143|3700|4860|-NE-|728|7|4|0011|3.237476|0.924486|0.016679|0.380852|16.928230|0.029196|0.051501
193|374|-1|13091|456|687|ARG|3143|3703|4860|-NH2|728|7|4|0011|3.805764|0.698152|0.608287|0.377585|17.805771|0.006285|0.011086
193|375|-1|13162|460|628|GLU|2543|3731|4801|-OE1|1028|8|2|0011|2.666903|-0.039747|-0.433462|0.900295|10.218552|0.096041|0.150826
193|376|-1|13164|460|628|GLU|2543|3732|4801|-OE2|1028|8|2|0011|3.502203|-0.413740|-0.777796|0.473131|19.230532|0.010046|0.015777
193|377|-1|13166|460|648|GLU|2543|3732|4821|-OE2|1028|8|2|0011|2.952798|-0.595706|0.664794|0.450759|20.452631|0.044349|0.069647
193|378|-1|13198|462|648|ASP|2143|3744|4821|-O--|428|8|2|0011|3.305564|-0.671595|-0.600200|0.434419|19.567978|0.017093|0.026843
193|379|-1|13223|462|655|ASP|2143|3748|4828|-OD2|1028|8|2|0011|2.857448|0.476649|0.060544|-0.877006|23.050816|0.057385|0.090120
193|380|-1|13255|463|594|LYS|2943|3757|4767|-NZ-|1428|7|5|0011|3.290409|-0.835762|-0.406940|0.368648|2.829807|0.025304|0.044636
193|381|-1|13256|463|667|LYS|2943|3757|4840|-NZ-|1428|7|5|0011|3.752959|-0.933397|-0.071143|-0.351722|37.621803|0.007249|0.012787
193|382|-1|13257|463|628|LYS|2943|3757|4801|-NZ-|1428|7|5|0011|2.695807|-0.393204|-0.374284|-0.839823|6.112298|0.126217|0.222644
193|383|-1|13545|478|655|HIS|3343|3874|4828|-O--|428|8|2|0011|2.788250|-0.921725|-0.385905|-0.038734|3.808453|0.069187|0.108653
193|384|-1|13557|479|655|SER|1143|3881|4828|-N--|128|7|4|0011|3.736907|-0.659102|-0.545906|0.517273|2.527115|0.007570|0.013354
193|385|-1|13573|479|655|SER|1143|3884|4828|-O--|428|8|2|0011|3.492696|-0.664815|0.417729|0.619292|3.635648|0.010308|0.016188
193|386|-1|13593|480|606|LEU|743|3890|4779|-O--|428|8|2|0011|3.365966|-0.243913|-0.909397|0.336901|6.020811|0.014518|0.022800
193|387|-1|13613|482|655|SER|1143|3900|4828|-N--|128|7|4|0011|3.397653|-0.591880|0.766411|-0.249584|11.350674|0.018937|0.033405
193|388|-1|13631|482|606|SER|1143|3903|4779|-O--|428|8|2|0011|2.827871|0.945941|-0.210406|-0.246829|0.468403|0.062161|0.097620
193|389|-1|13722|485|606|THR|1343|3922|4779|-O--|428|8|2|0011|2.721117|0.458634|0.875376|0.152878|3.197119|0.082951|0.130269
193|390|-1|13756|486|728|LEU|743|3929|4901|-O--|428|8|2|0011|2.503927|-0.005990|-0.137784|-0.990444|59.779228|0.149195|0.234300
193|391|-1|13780|487|606|SER|1143|3934|4779|-N--|128|7|4|0011|3.741374|-0.531623|0.681033|0.503558|7.033927|0.007479|0.013193
193|392|-1|13800|487|606|SER|1143|3939|4779|-OG-|1728|8|3|0011|3.392555|-0.961223|0.271182|0.050109|6.543776|0.013512|0.021219
193|393|-1|13812|488|616|HIS|3343|3943|4789|-O--|428|8|2|0011|3.121573|-0.040365|-0.942794|0.330923|6.525668|0.028105|0.044137
193|394|-1|13849|489|629|GLN|2743|3957|4802|-OE1|828|8|2|0011|3.264338|-0.273563|-0.606861|-0.746246|26.009684|0.019108|0.030007
193|395|-1|13853|489|616|GLN|2743|3957|4789|-OE1|828|8|2|0011|3.406711|0.274751|0.486686|0.829246|4.985517|0.013004|0.020423
193|396|-1|13854|489|616|GLN|2743|3958|4789|-NE2|928|7|4|0011|3.702619|-0.347323|0.541778|0.765404|2.883454|0.008305|0.014650
193|397|-1|13953|493|683|GLU|2543|3987|4856|-O--|428|8|2|0011|3.925857|0.985008|-0.172192|-0.010444|7.916782|0.003197|0.005021
193|398|-1|13972|494|668|ASP|2143|3996|4841|-O--|428|8|2|0011|3.364399|0.630128|0.502021|0.592379|10.752681|0.014580|0.022897
193|399|-1|13988|496|683|LEU|743|4012|4856|-O--|428|8|2|0011|3.567013|0.371740|0.133445|-0.918696|11.396584|0.008432|0.013242
193|400|-1|14031|498|621|GLU|2543|4023|4794|-N--|128|7|4|0011|3.847356|-0.743628|-0.510740|-0.431465|26.593781|0.005617|0.009907
193|401|-1|14041|498|621|GLU|2543|4026|4794|-O--|428|8|2|0011|3.138936|-0.969755|-0.013380|0.243714|21.178450|0.026816|0.042113
193|402|-1|14059|499|677|TYR|3743|4035|4850|-O--|428|8|2|0011|2.575921|0.092394|-0.335414|-0.937529|48.105007|0.122814|0.192871
193|403|-1|14061|499|688|TYR|3743|4035|4861|-O--|428|8|2|0011|2.984523|-0.109900|-0.956267|0.271065|32.074707|0.040705|0.063924
193|404|-1|14075|500|621|CYS|1543|4044|4794|-N--|128|7|4|0011|3.123676|-0.578485|0.809943|0.096681|1.389033|0.039710|0.070047
193|405|-1|14092|500|610|CYS|1543|4047|4783|-O--|428|8|2|0011|3.904257|-0.877247|0.232822|0.419798|42.506752|0.003389|0.005322
193|406|-1|14095|500|616|CYS|1543|4047|4789|-O--|428|8|2|0011|2.950849|0.652016|0.085737|-0.753342|13.964321|0.044583|0.070015
193|407|-1|14096|500|621|CYS|1543|4047|4794|-O--|428|8|2|0011|3.235870|-0.176459|0.503419|0.845832|3.940599|0.020636|0.032407
193|408|-1|14103|500|705|CYS|1543|4049|4878|-SG-|1128|16|3|0011|3.787512|-0.861251|0.190098|-0.471286|61.424625|0.017003|0.026920
193|409|-1|14107|501|677|SER|1143|4050|4850|-N--|128|7|4|0011|3.717898|0.944081|-0.311197|-0.108933|70.906738|0.007969|0.014058
193|410|-1|14108|501|616|SER|1143|4050|4789|-N--|128|7|4|0011|3.925359|0.654207|0.603766|-0.455500|19.522142|0.004549|0.008024
193|411|-1|14121|501|612|SER|1143|4053|4785|-O--|428|8|2|0011|2.601952|-0.661811|0.097619|-0.743288|18.084272|0.114470|0.179768
193|412|-1|14127|501|677|SER|1143|4055|4850|-OG-|1728|8|3|0011|2.719253|0.797645|0.125770|0.589868|30.722120|0.083370|0.130927
193|413|-1|14129|502|705|CYS|1543|4056|4878|-N--|128|7|4|0011|3.880052|-0.228862|0.074483|0.970605|81.694878|0.005141|0.009069
193|414|-1|14130|502|610|CYS|1543|4056|4783|-N--|128|7|4|0011|3.924275|-0.028795|0.681400|0.731345|24.176952|0.004562|0.008048
193|415|-1|14147|502|610|CYS|1543|4059|4783|-O--|428|8|2|0011|2.633529|0.314407|0.026580|0.948916|19.479029|0.105106|0.165063
193|416|-1|14158|503|612|GLY|143|4062|4785|-N--|128|7|4|0011|3.355872|0.422245|-0.373375|-0.826015|6.984056|0.021201|0.037398
193|417|-1|14176|503|612|GLY|143|4065|4785|-O--|428|8|2|0011|2.892237|0.537646|-0.840526|-0.066730|18.719061|0.052236|0.082032
193|418|-1|14207|504|618|TRP|3943|4074|4791|-NE1|1528|7|4|0011|3.638543|-0.664826|0.201729|-0.719244|2.453378|0.009876|0.017420
193|419|-1|14241|506|728|SER|1143|4087|4901|-N--|128|7|4|0011|2.816728|0.871579|-0.419636|0.253486|215.572937|0.091030|0.160575
193|420|-1|14259|506|674|SER|1143|4090|4847|-O--|428|8|2|0011|3.022520|0.188584|0.851276|0.489657|128.599014|0.036732|0.057685
193|421|-1|14264|506|728|SER|1143|4092|4901|-OG-|1728|8|3|0011|2.961306|0.187417|-0.940126|-0.284672|52.614979|0.043341|0.068064
193|422|-1|14276|507|631|HIS|3343|4096|4804|-O--|428|8|2|0011|2.643303|-0.730526|0.674913|-0.104036|22.178036|0.102366|0.160760
193|423|-1|14286|507|702|HIS|3343|4102|4875|-NE2|1328|7|3|0011|3.525089|0.293325|-0.723953|-0.624381|291.487885|0.013419|0.023671
193|424|-1|14298|508|618|LEU|743|4106|4791|-O--|428|8|2|0011|3.086625|-0.788564|-0.535536|-0.302272|10.222666|0.030889|0.048509
193|425|-1|14299|508|641|LEU|743|4106|4814|-O--|428|8|2|0011|3.372774|-0.399375|-0.008005|-0.916753|26.249136|0.014254|0.022384
193|426|-1|14308|509|631|LEU|743|4111|4804|-N--|128|7|4|0011|3.901405|-0.044856|0.513149|-0.857127|9.204747|0.004853|0.008561
193|427|-1|14328|510|631|VAL|543|4119|4804|-N--|128|7|4|0011|3.410607|0.551221|0.047792|-0.832989|10.545011|0.018286|0.032255
193|428|-1|14348|510|641|VAL|543|4122|4814|-O--|428|8|2|0011|2.743765|-0.017859|-0.991338|-0.130113|5.396743|0.078026|0.122534
193|429|-1|14349|510|631|VAL|543|4122|4804|-O--|428|8|2|0011|2.908328|0.954500|0.278511|-0.106590|15.393743|0.050013|0.078541
193|430|-1|14550|519|602|GLU|2543|4179|4775|-N--|128|7|4|0011|3.970391|-0.717058|-0.686582|0.120139|7.789380|0.004028|0.007105
193|431|-1|14564|519|602|GLU|2543|4182|4775|-O--|428|8|2|0011|2.717146|-0.604311|-0.464457|-0.647370|2.194566|0.083846|0.131675
193|432|-1|14617|521|662|HIS|3343|4206|4835|-ND1|1328|7|3|0011|3.727837|-0.867527|-0.225332|-0.443421|60.213959|0.007758|0.013685
193|433|-1|14624|521|662|HIS|3343|4209|4835|-NE2|1328|7|3|0011|3.938387|-0.620305|-0.710697|-0.331862|43.350811|0.004392|0.007747
193|434|-1|14808|528|675|ASP|2143|4265|4848|-OD1|1028|8|2|0011|2.957452|0.561294|0.786488|0.257655|42.376804|0.043794|0.068776
193|435|-1|14809|528|675|ASP|2143|4266|4848|-OD2|1028|8|2|0011|3.907878|0.910725|0.412757|-0.014586|58.164776|0.003356|0.005271
193|436|-1|14860|530|684|ASP|2143|4284|4857|-O--|428|8|2|0011|2.752570|-0.130060|-0.973272|-0.189278|36.830879|0.076191|0.119653
193|437|-1|14862|530|720|ASP|2143|4284|4893|-O--|428|8|2|0011|2.668981|0.127764|-0.130761|0.983147|29.578894|0.095503|0.149981
193|438|-1|14869|530|675|ASP|2143|4288|4848|-OD2|1028|8|2|0011|3.339354|-0.251546|0.725290|-0.640842|19.968542|0.015601|0.024500
193|439|-1|14870|531|684|LYS|2943|4289|4857|-N--|128|7|4|0011|3.841177|0.164273|-0.927580|0.335574|52.701729|0.005711|0.010074
193|440|-1|14890|531|684|LYS|2943|4292|4857|-O--|428|8|2|0011|2.870808|0.562908|-0.114253|0.818584|46.879913|0.055350|0.086924
193|441|-1|14894|532|684|ASP|2143|4298|4857|-N--|128|7|4|0011|3.949306|0.116729|-0.487174|0.865468|66.849319|0.004264|0.007521
193|442|-1|14934|533|684|LYS|2943|4309|4857|-O--|428|8|2|0011|3.025484|-0.725504|0.470008|0.502730|35.999958|0.036439|0.057225
193|443|-1|14943|533|720|LYS|2943|4314|4893|-NZ-|1428|7|5|0011|2.589806|-0.873038|-0.182639|0.452158|5.401117|0.168090|0.296505
193|444|-1|14944|534|614|VAL|543|4315|4787|-N--|128|7|4|0011|2.809166|0.694512|0.366656|-0.619044|1.661263|0.092910|0.163890
193|445|-1|14947|534|614|VAL|543|4318|4787|-O--|428|8|2|0011|3.619998|-0.094199|0.774586|-0.625415|16.705317|0.007307|0.011475
193|446|-1|14950|534|712|VAL|543|4318|4885|-O--|428|8|2|0011|2.892070|0.450542|0.441552|0.775915|58.155205|0.052259|0.082070
193|447|-1|15008|537|639|CYS|1543|4335|4812|-O--|428|8|2|0011|3.134015|-0.367260|0.202616|-0.907782|23.765223|0.027175|0.042677
193|448|-1|15009|537|619|CYS|1543|4335|4792|-O--|428|8|2|0011|3.299164|-0.332204|-0.913565|-0.234606|1.591930|0.017391|0.027312
193|449|-1|15022|537|621|CYS|1543|4337|4794|-SG-|1128|16|3|0011|3.534080|-0.040746|0.632697|-0.773327|18.152210|0.033729|0.053400
193|450|-1|15039|538|699|VAL|543|4341|4872|-O--|428|8|2|0011|2.521953|-0.045600|0.960763|-0.273597|138.647400|0.142100|0.223159
193|451|-1|15050|539|639|ASP|2143|4345|4812|-N--|128|7|4|0011|3.562109|-0.545744|-0.794754|-0.265573|2.498582|0.012142|0.021418
193|452|-1|15065|539|699|ASP|2143|4348|4872|-O--|428|8|2|0011|3.459024|-0.036716|0.548709|0.835207|135.070114|0.011290|0.017730
193|453|-1|15066|539|606|ASP|2143|4348|4779|-O--|428|8|2|0011|3.565562|0.414800|0.606356|-0.678435|3.036841|0.008465|0.013294
193|454|-1|15070|539|606|ASP|2143|4351|4779|-OD1|1028|8|2|0011|2.691878|-0.427212|0.669421|-0.607755|12.216839|0.089772|0.140981
193|455|-1|15071|540|639|ALA|343|4353|4812|-N--|128|7|4|0011|2.766490|-0.024941|-0.930783|0.364722|9.070404|0.104269|0.183927
193|456|-1|15093|540|639|ALA|343|4356|4812|-O--|428|8|2|0011|3.322592|0.899600|-0.294650|0.322338|23.765223|0.016324|0.025636
193|457|-1|15102|541|639|VAL|543|4358|4812|-N--|128|7|4|0011|3.437335|0.680178|-0.719453|-0.140516|3.364603|0.017011|0.030007
193|458|-1|15150|542|628|SER|1143|4368|4801|-O--|428|8|2|0011|3.783473|-0.615044|0.713101|0.336463|15.975647|0.004697|0.007377
193|459|-1|15180|544|619|CYS|1543|4386|4792|-O--|428|8|2|0011|3.415210|0.980614|-0.021961|0.194717|18.827162|0.012709|0.019959
193|460|-1|15198|545|639|GLY|143|4392|4812|-O--|428|8|2|0011|3.624829|0.521128|0.274772|-0.808038|16.124384|0.007212|0.011326
193|461|-1|15199|545|619|GLY|143|4392|4792|-O--|428|8|2|0011|3.399075|0.571920|-0.780506|-0.252422|1.742695|0.013276|0.020848
193|462|-1|15204|546|634|ALA|343|4393|4807|-N--|128|7|4|0011|2.787634|-0.775927|-0.387784|0.497555|11.727654|0.098477|0.173711
193|463|-1|15216|546|634|ALA|343|4396|4807|-O--|428|8|2|0011|3.517447|-0.942445|0.326657|0.071360|52.469189|0.009641|0.015140
193|464|-1|15217|546|711|ALA|343|4396|4884|-O--|428|8|2|0011|2.920679|-0.558089|-0.769342|-0.310886|48.205589|0.048371|0.075963
193|465|-1|15228|547|619|ARG|3143|4398|4792|-N--|128|7|4|0011|3.880933|-0.138884|-0.149964|-0.978888|1.742695|0.005129|0.009048
193|466|-1|15272|549|679|HIS|3343|4420|4852|-O--|428|8|2|0011|3.212292|-0.303211|-0.911187|-0.278929|17.803707|0.021994|0.034539
193|467|-1|15273|549|634|HIS|3343|4420|4807|-O--|428|8|2|0011|3.116597|-0.427389|0.346853|-0.834884|43.628735|0.028485|0.044734
193|468|-1|15290|549|622|HIS|3343|4426|4795|-NE2|1328|7|3|0011|3.620426|-0.350787|-0.875312|0.332833|52.032436|0.010371|0.018295
193|469|-1|15291|549|692|HIS|3343|4426|4865|-NE2|1328|7|3|0011|3.812511|-0.059016|0.895735|-0.440654|11.347312|0.006171|0.010886
193|470|-1|15293|550|622|LYS|2943|4427|4795|-N--|128|7|4|0011|3.157698|0.272667|0.069988|0.959560|6.016776|0.036222|0.063894
193|471|-1|15305|550|634|LYS|2943|4430|4807|-O--|428|8|2|0011|3.550175|-0.003380|-0.492370|-0.870380|40.999538|0.008825|0.013859
193|472|-1|15315|551|656|TYR|3743|4436|4829|-N--|128|7|4|0011|3.878332|-0.909927|0.247787|0.332617|17.880583|0.005165|0.009112
193|473|-1|15316|551|634|TYR|3743|4436|4807|-N--|128|7|4|0011|3.181865|0.603734|-0.258024|-0.754274|22.191031|0.033931|0.059854
193|474|-1|15331|551|656|TYR|3743|4439|4829|-O--|428|8|2|0011|2.786866|-0.812024|-0.533574|0.236467|19.454193|0.069446|0.109060
193|475|-1|15355|551|628|TYR|3743|4447|4801|-OH-|1828|8|3|0011|2.938827|-0.503943|0.749619|-0.429083|23.705612|0.046055|0.072327
193|476|-1|15368|552|614|PRO|1943|4451|4787|-O--|428|8|2|0011|3.259899|0.530998|0.151232|0.833769|0.405210|0.019338|0.030369
193|477|-1|15384|553|656|ASP|2143|4458|4829|-O--|428|8|2|0011|3.530533|0.226311|-0.865309|0.447241|25.977108|0.009306|0.014614
193|478|-1|15396|553|594|ASP|2143|4462|4767|-OD2|1028|8|2|0011|2.874238|-0.400454|-0.832568|-0.382710|3.964453|0.054839|0.086122
193|479|-1|15412|554|684|LYS|2943|4471|4857|-NZ-|1428|7|5|0011|2.768280|0.545104|0.833009|-0.094644|24.620451|0.103766|0.183040
193|480|-1|15429|555|594|LYS|2943|4475|4767|-O--|428|8|2|0011|2.992080|0.695503|0.235622|-0.678791|7.469882|0.039882|0.062631
193|481|-1|15458|556|594|PRO|1943|4484|4767|-O--|428|8|2|0011|3.828026|0.981707|0.009143|0.190177|0.989358|0.004165|0.006540
193|482|-1|15462|556|667|PRO|1943|4484|4840|-O--|428|8|2|0011|3.676072|0.817449|0.301137|-0.491013|32.207096|0.006279|0.009862
193|483|-1|15471|557|644|MET|1743|4488|4817|-N--|128|7|4|0011|3.426074|-0.724736|-0.559241|-0.402501|7.934939|0.017537|0.030935
193|484|-1|15473|557|594|MET|1743|4488|4767|-N--|128|7|4|0011|3.798617|0.790551|0.564153|0.238245|11.147908|0.006407|0.011302
193|485|-1|15485|557|644|MET|1743|4491|4817|-O--|428|8|2|0011|2.810790|-0.513023|-0.691621|0.508398|14.780031|0.065098|0.102232
193|486|-1|15486|557|608|MET|1743|4491|4781|-O--|428|8|2|0011|3.433498|-0.513762|0.062036|-0.855687|53.593056|0.012096|0.018996
193|487|-1|15492|558|667|GLY|143|4496|4840|-N--|128|7|4|0011|2.752890|0.780271|0.454432|0.429730|90.214478|0.108173|0.190814
193|488|-1|15516|559|667|PHE|3543|4500|4840|-N--|128|7|4|0011|3.752344|0.969794|-0.215332|0.114595|93.365189|0.007261|0.012808
193|489|-1|15517|559|609|PHE|3543|4500|4782|-N--|128|7|4|0011|3.953846|0.851070|0.519241|0.077899|1.756584|0.004212|0.007430
193|490|-1|15535|559|609|PHE|3543|4503|4782|-O--|428|8|2|0011|2.780813|0.948284|-0.240218|0.207493|0.722229|0.070592|0.110859
193|491|-1|15557|560|595|PRO|1943|4514|4768|-O--|428|8|2|0011|2.671370|-0.841516|-0.482899|0.242198|4.073356|0.094888|0.149016
193|492|-1|15600|562|672|ASP|2143|4536|4845|-OD2|1028|8|2|0011|2.580405|-0.304991|-0.604944|0.735543|48.737186|0.121335|0.190548
193|493|-1|15602|563|595|ARG|3143|4537|4768|-N--|128|7|4|0011|3.194233|-0.134304|0.980830|0.141192|0.702656|0.032816|0.057886
193|494|-1|15623|563|595|ARG|3143|4540|4768|-O--|428|8|2|0011|2.699373|0.511971|0.552721|0.657560|1.274962|0.087972|0.138154
193|495|-1|15629|563|672|ARG|3143|4546|4845|-NH1|728|7|4|0011|3.641310|0.724739|-0.385301|-0.571224|119.205215|0.009802|0.017291
193|496|-1|15707|568|714|GLU|2543|4583|4887|-O--|428|8|2|0011|3.841005|0.903670|0.312158|-0.293152|48.623524|0.004021|0.006315
193|497|-1|15746|570|714|ILE|943|4599|4887|-N--|128|7|4|0011|3.155049|0.046909|-0.291912|-0.955294|82.342216|0.036482|0.064353
193|498|-1|15894|577|597|ASN|2343|4655|4770|-N--|128|7|4|0011|3.989675|-0.280724|0.307795|0.909096|22.407309|0.003823|0.006744
193|499|-1|16084|590|691|_CU|4643|4763|4864|CU--|4028|29|1|0011|2.076339|0.820193|-0.220580|0.527852|48.275341|-0.001000|-0.001000
193|500|-1|16085|590|636|_CU|4643|4763|4809|CU--|4028|29|1|0011|1.880524|0.729584|0.568459|-0.380213|8.344447|-0.001000|-0.001000
193|501|-1|16087|591|691|_CU|4643|4764|4864|CU--|4028|29|1|0011|2.082685|-0.493114|-0.855146|0.159890|50.755726|-0.001000|-0.001000
193|502|-1|16088|591|636|_CU|4643|4764|4809|CU--|4028|29|1|0011|2.023156|-0.671228|-0.125546|-0.730541|7.332002|-0.001000|-0.001000
193|503|-1|16089|669|593|HOH|4343|4842|4766|-O--|2828|8|3|0001|3.717040|0.994340|0.092547|0.052192|21.862480|0.005621|0.008828
193|504|-1|16089|593|669|HOH|4343|4766|4842|-O--|2828|8|3|0001|3.717040|-0.994340|-0.092547|-0.052192|21.862480|0.005621|0.008828
193|505|-1|16090|667|594|HOH|4343|4840|4767|-O--|2828|8|3|0001|2.851717|0.264052|-0.375914|0.888237|29.296349|0.058281|0.091527
193|506|-1|16090|594|667|HOH|4343|4767|4840|-O--|2828|8|3|0001|2.851717|-0.264052|0.375914|-0.888237|29.296349|0.058281|0.091527
193|507|-1|16091|628|594|HOH|4343|4801|4767|-O--|2828|8|3|0001|3.880017|-0.435565|-0.085051|0.896130|2.677274|0.003619|0.005683
193|508|-1|16091|594|628|HOH|4343|4767|4801|-O--|2828|8|3|0001|3.880017|0.435565|0.085051|-0.896130|2.677274|0.003619|0.005683
193|509|-1|16092|657|598|HOH|4343|4830|4771|-O--|2828|8|3|0001|3.673500|-0.170410|0.379202|0.909487|214.313507|0.006323|0.009930
193|510|-1|16092|598|657|HOH|4343|4771|4830|-O--|2828|8|3|0001|3.673500|0.170410|-0.379202|-0.909487|214.313507|0.006323|0.009930
193|511|-1|16093|673|603|HOH|4343|4846|4776|-O--|2828|8|3|0001|2.875848|0.603300|0.546274|0.581046|425.679199|0.054601|0.085748
193|512|-1|16093|603|673|HOH|4343|4776|4846|-O--|2828|8|3|0001|2.875848|-0.603300|-0.546274|-0.581046|425.679199|0.054601|0.085748
193|513|-1|16094|707|603|HOH|4343|4880|4776|-O--|2828|8|3|0001|3.877482|-0.033269|-0.430176|0.902132|762.489990|0.003643|0.005722
193|514|-1|16094|603|707|HOH|4343|4776|4880|-O--|2828|8|3|0001|3.877482|0.033269|0.430176|-0.902132|762.489990|0.003643|0.005722
193|515|-1|16095|676|603|HOH|4343|4849|4776|-O--|2828|8|3|0001|3.765473|-0.739084|0.058160|0.671098|183.914734|0.004932|0.007745
193|516|-1|16095|603|676|HOH|4343|4776|4849|-O--|2828|8|3|0001|3.765473|0.739084|-0.058160|-0.671098|183.914734|0.004932|0.007745
193|517|-1|16096|691|604|HOH|4343|4864|4777|-O--|2828|8|3|0001|3.352249|-0.030427|-0.668507|0.743084|17.777597|0.015067|0.023661
193|518|-1|16096|604|691|HOH|4343|4777|4864|-O--|2828|8|3|0001|3.352249|0.030427|0.668507|-0.743084|17.777597|0.015067|0.023661
193|519|-1|16097|667|609|HOH|4343|4840|4782|-O--|2828|8|3|0001|2.876677|-0.095249|0.994550|-0.042410|112.256584|0.054479|0.085556
193|520|-1|16097|609|667|HOH|4343|4782|4840|-O--|2828|8|3|0001|2.876677|0.095249|-0.994550|0.042410|112.256584|0.054479|0.085556
193|521|-1|16098|648|609|HOH|4343|4821|4782|-O--|2828|8|3|0001|2.878648|-0.836156|-0.376566|0.398799|38.792694|0.054190|0.085101
193|522|-1|16098|609|648|HOH|4343|4782|4821|-O--|2828|8|3|0001|2.878648|0.836156|0.376566|-0.398799|38.792694|0.054190|0.085101
193|523|-1|16099|639|610|HOH|4343|4812|4783|-O--|2828|8|3|0001|2.859722|0.697969|-0.532919|-0.478368|0.874791|0.057034|0.089568
193|524|-1|16099|610|639|HOH|4343|4783|4812|-O--|2828|8|3|0001|2.859722|-0.697969|0.532919|0.478368|0.874791|0.057034|0.089568
193|525|-1|16100|705|610|HOH|4343|4878|4783|-O--|2828|8|3|0001|2.663018|0.291022|0.895601|-0.336460|205.923508|0.097055|0.152418
193|526|-1|16100|610|705|HOH|4343|4783|4878|-O--|2828|8|3|0001|2.663018|-0.291022|-0.895601|0.336460|205.923508|0.097055|0.152418
193|527|-1|16101|621|610|HOH|4343|4794|4783|-O--|2828|8|3|0001|3.141548|-0.908469|-0.229187|-0.349510|55.730606|0.026628|0.041817
193|528|-1|16101|610|621|HOH|4343|4783|4794|-O--|2828|8|3|0001|3.141548|0.908469|0.229187|0.349510|55.730606|0.026628|0.041817
193|529|-1|16102|692|614|HOH|4343|4865|4787|-O--|2828|8|3|0001|3.643500|-0.868671|0.473720|0.144916|60.423759|0.006857|0.010769
193|530|-1|16102|614|692|HOH|4343|4787|4865|-O--|2828|8|3|0001|3.643500|0.868671|-0.473720|-0.144916|60.423759|0.006857|0.010769
193|531|-1|16103|677|616|HOH|4343|4850|4789|-O--|2828|8|3|0001|3.903816|-0.241303|0.903475|-0.354269|29.675861|0.003393|0.005329
193|532|-1|16103|616|677|HOH|4343|4789|4850|-O--|2828|8|3|0001|3.903816|0.241303|-0.903475|0.354269|29.675861|0.003393|0.005329
193|533|-1|16104|659|618|HOH|4343|4832|4791|-O--|2828|8|3|0001|2.749643|0.819743|-0.465879|0.333135|12.465925|0.076796|0.120603
193|534|-1|16104|618|659|HOH|4343|4791|4832|-O--|2828|8|3|0001|2.749643|-0.819743|0.465879|-0.333135|12.465925|0.076796|0.120603
193|535|-1|16105|641|618|HOH|4343|4814|4791|-O--|2828|8|3|0001|2.913199|-0.373129|-0.558149|0.741110|8.580502|0.049358|0.077514
193|536|-1|16105|618|641|HOH|4343|4791|4814|-O--|2828|8|3|0001|2.913199|0.373129|0.558149|-0.741110|8.580502|0.049358|0.077514
193|537|-1|16106|705|619|HOH|4343|4878|4792|-O--|2828|8|3|0001|2.809627|-0.415002|0.092539|0.905102|84.951607|0.065303|0.102554
193|538|-1|16106|619|705|HOH|4343|4792|4878|-O--|2828|8|3|0001|2.809627|0.415002|-0.092539|-0.905102|84.951607|0.065303|0.102554
193|539|-1|16107|679|620|HOH|4343|4852|4793|-O--|2828|8|3|0001|3.864641|-0.514666|0.477146|-0.712356|8.605947|0.003772|0.005924
193|540|-1|16107|620|679|HOH|4343|4793|4852|-O--|2828|8|3|0001|3.864641|0.514666|-0.477146|0.712356|8.605947|0.003772|0.005924
193|541|-1|16108|634|620|HOH|4343|4807|4793|-O--|2828|8|3|0001|2.905041|-0.561437|-0.744912|-0.360408|66.741745|0.050459|0.079242
193|542|-1|16108|620|634|HOH|4343|4793|4807|-O--|2828|8|3|0001|2.905041|0.561437|0.744912|0.360408|66.741745|0.050459|0.079242
193|543|-1|16109|711|620|HOH|4343|4884|4793|-O--|2828|8|3|0001|3.539241|-0.936924|0.348097|0.031645|38.603127|0.009089|0.014274
193|544|-1|16109|620|711|HOH|4343|4793|4884|-O--|2828|8|3|0001|3.539241|0.936924|-0.348097|-0.031645|38.603127|0.009089|0.014274
193|545|-1|16110|633|623|HOH|4343|4806|4796|-O--|2828|8|3|0001|3.310184|0.670355|-0.712951|-0.205729|239.710312|0.016881|0.026510
193|546|-1|16110|623|633|HOH|4343|4796|4806|-O--|2828|8|3|0001|3.310184|-0.670355|0.712951|0.205729|239.710312|0.016881|0.026510
193|547|-1|16111|671|626|HOH|4343|4844|4799|-O--|2828|8|3|0001|2.688734|0.654955|-0.525526|0.543007|10.809601|0.090538|0.142184
193|548|-1|16111|626|671|HOH|4343|4799|4844|-O--|2828|8|3|0001|2.688734|-0.654955|0.525526|-0.543007|10.809601|0.090538|0.142184
193|549|-1|16112|667|628|HOH|4343|4840|4801|-O--|2828|8|3|0001|2.722121|0.897461|-0.272582|-0.346788|22.807449|0.082726|0.129916
193|550|-1|16112|628|667|HOH|4343|4801|4840|-O--|2828|8|3|0001|2.722121|-0.897461|0.272582|0.346788|22.807449|0.082726|0.129916
193|551|-1|16113|646|633|HOH|4343|4819|4806|-O--|2828|8|3|0001|3.516723|0.455254|-0.024170|-0.890034|39.954052|0.009660|0.015170
193|552|-1|16113|633|646|HOH|4343|4806|4819|-O--|2828|8|3|0001|3.516723|-0.455254|0.024170|0.890034|39.954052|0.009660|0.015170
193|553|-1|16114|711|634|HOH|4343|4884|4807|-O--|2828|8|3|0001|3.964257|-0.425048|0.856655|0.292363|218.853607|0.002882|0.004526
193|554|-1|16114|634|711|HOH|4343|4807|4884|-O--|2828|8|3|0001|3.964257|0.425048|-0.856655|-0.292363|218.853607|0.002882|0.004526
193|555|-1|16115|723|635|HOH|4343|4896|4808|-O--|2828|8|3|0001|2.567863|0.802223|0.146815|0.578691|77.406639|0.125518|0.197118
193|556|-1|16115|635|723|HOH|4343|4808|4896|-O--|2828|8|3|0001|2.567863|-0.802223|-0.146815|-0.578691|77.406639|0.125518|0.197118
193|557|-1|16116|703|635|HOH|4343|4876|4808|-O--|2828|8|3|0001|2.743632|0.190259|-0.745362|-0.638934|53.578354|0.078054|0.122578
193|558|-1|16116|635|703|HOH|4343|4808|4876|-O--|2828|8|3|0001|2.743632|-0.190259|0.745362|0.638934|53.578354|0.078054|0.122578
193|559|-1|16117|691|636|HOH|4343|4864|4809|-O--|2828|8|3|0001|2.391862|-0.138386|0.638415|-0.757150|80.832451|0.201972|0.317183
193|560|-1|16117|636|691|HOH|4343|4809|4864|-O--|2828|8|3|0001|2.391862|0.138386|-0.638415|0.757150|80.832451|0.201972|0.317183
193|561|-1|16118|659|641|HOH|4343|4832|4814|-O--|2828|8|3|0001|3.581390|0.932878|0.096331|-0.347072|29.961704|0.008111|0.012737
193|562|-1|16118|641|659|HOH|4343|4814|4832|-O--|2828|8|3|0001|3.581390|-0.932878|-0.096331|0.347072|29.961704|0.008111|0.012737
193|563|-1|16119|690|642|HOH|4343|4863|4815|-O--|2828|8|3|0001|2.902229|0.612288|0.741155|0.275306|70.572151|0.050844|0.079847
193|564|-1|16119|642|690|HOH|4343|4815|4863|-O--|2828|8|3|0001|2.902229|-0.612288|-0.741155|-0.275306|70.572151|0.050844|0.079847
193|565|-1|16120|660|646|HOH|4343|4833|4819|-O--|2828|8|3|0001|3.957916|0.962122|-0.255437|-0.095252|35.707420|0.002932|0.004604
193|566|-1|16120|646|660|HOH|4343|4819|4833|-O--|2828|8|3|0001|3.957916|-0.962122|0.255437|0.095252|35.707420|0.002932|0.004604
193|567|-1|16121|661|647|HOH|4343|4834|4820|-O--|2828|8|3|0001|3.210481|-0.269119|0.611435|0.744125|58.461189|0.022101|0.034709
193|568|-1|16121|647|661|HOH|4343|4820|4834|-O--|2828|8|3|0001|3.210481|0.269119|-0.611435|-0.744125|58.461189|0.022101|0.034709
193|569|-1|16122|685|660|HOH|4343|4858|4833|-O--|2828|8|3|0001|2.798605|-0.352676|0.255842|-0.900092|64.580811|0.067277|0.105655
193|570|-1|16122|660|685|HOH|4343|4833|4858|-O--|2828|8|3|0001|2.798605|0.352676|-0.255842|0.900092|64.580811|0.067277|0.105655
193|571|-1|16123|714|662|HOH|4343|4887|4835|-O--|2828|8|3|0001|3.599493|0.645091|-0.125573|-0.753717|25.556080|0.007723|0.012129
193|572|-1|16123|662|714|HOH|4343|4835|4887|-O--|2828|8|3|0001|3.599493|-0.645091|0.125573|0.753717|25.556080|0.007723|0.012129
193|573|-1|16124|717|663|HOH|4343|4890|4836|-O--|2828|8|3|0001|3.905243|-0.025351|-0.330837|-0.943347|67.850143|0.003380|0.005308
193|574|-1|16124|663|717|HOH|4343|4836|4890|-O--|2828|8|3|0001|3.905243|0.025351|0.330837|0.943347|67.850143|0.003380|0.005308
193|575|-1|16125|680|673|HOH|4343|4853|4846|-O--|2828|8|3|0001|2.892485|-0.405533|0.640971|0.651689|18.911192|0.052201|0.081978
193|576|-1|16125|673|680|HOH|4343|4846|4853|-O--|2828|8|3|0001|2.892485|0.405533|-0.640971|-0.651689|18.911192|0.052201|0.081978
193|577|-1|16126|707|676|HOH|4343|4880|4849|-O--|2828|8|3|0001|3.398137|0.781017|-0.555304|0.285745|78.635864|0.013309|0.020901
193|578|-1|16126|676|707|HOH|4343|4849|4880|-O--|2828|8|3|0001|3.398137|-0.781017|0.555304|-0.285745|78.635864|0.013309|0.020901
193|579|-1|16127|688|677|HOH|4343|4861|4850|-O--|2828|8|3|0001|3.830749|0.147751|0.519481|-0.841611|7.863121|0.004134|0.006492
193|580|-1|16127|677|688|HOH|4343|4850|4861|-O--|2828|8|3|0001|3.830749|-0.147751|-0.519481|0.841611|7.863121|0.004134|0.006492
193|581|-1|16128|711|679|HOH|4343|4884|4852|-O--|2828|8|3|0001|3.216161|-0.412604|-0.190289|0.890813|22.379862|0.021765|0.034180
193|582|-1|16128|679|711|HOH|4343|4852|4884|-O--|2828|8|3|0001|3.216161|0.412604|0.190289|-0.890813|22.379862|0.021765|0.034180
193|583|-1|16129|721|681|HOH|4343|4894|4854|-O--|2828|8|3|0001|2.956949|-0.133245|-0.512690|-0.848171|6.089234|0.043854|0.068870
193|584|-1|16129|681|721|HOH|4343|4854|4894|-O--|2828|8|3|0001|2.956949|0.133245|0.512690|0.848171|6.089234|0.043854|0.068870
193|585|-1|16130|720|684|HOH|4343|4893|4857|-O--|2828|8|3|0001|3.975994|-0.175805|-0.586017|-0.790997|3.432227|0.002792|0.004384
193|586|-1|16130|684|720|HOH|4343|4857|4893|-O--|2828|8|3|0001|3.975994|0.175805|0.586017|0.790997|3.432227|0.002792|0.004384
193|587|-1|16131|723|685|HOH|4343|4896|4858|-O--|2828|8|3|0001|2.974539|0.389304|-0.471333|-0.791383|13.625974|0.041818|0.065672
193|588|-1|16131|685|723|HOH|4343|4858|4896|-O--|2828|8|3|0001|2.974539|-0.389304|0.471333|0.791383|13.625974|0.041818|0.065672
193|589|-1|16132|715|686|HOH|4343|4888|4859|-O--|2828|8|3|0001|2.596338|-0.275388|0.842725|-0.462575|19.236095|0.116221|0.182517
193|590|-1|16132|686|715|HOH|4343|4859|4888|-O--|2828|8|3|0001|2.596338|0.275388|-0.842725|0.462575|19.236095|0.116221|0.182517
193|591|-1|16133|722|693|HOH|4343|4895|4866|-O--|2828|8|3|0001|3.471662|-0.568028|0.606338|-0.556506|3.510122|0.010911|0.017135
193|592|-1|16133|693|722|HOH|4343|4866|4895|-O--|2828|8|3|0001|3.471662|0.568028|-0.606338|0.556506|3.510122|0.010911|0.017135
