241|0|-1|860|30|102|HIS|_ZN|3346|245|830|-NE2|ZN--|1340|7|30|3|0011|2.105703|0.753667|-0.447831|0.481074|1.094155|0.403610|1.097126
241|1|-1|2211|81|103|HIS|_ZN|3346|660|831|-NE2|ZN--|1340|7|30|3|0011|2.079300|-0.455923|-0.782956|-0.423219|0.632728|0.433465|1.178279
241|2|-1|2722|152|102|HOH|_ZN|4346|880|830|-O--|ZN--|2840|8|30|3|0011|3.315194|0.006334|0.008748|-0.999942|21.556009|0.012848|0.026154
241|3|-1|2723|137|102|HOH|_ZN|4346|865|830|-O--|ZN--|2840|8|30|3|0011|2.193268|0.032828|-0.701693|-0.711723|38.880085|0.266509|0.542517
241|4|-1|6745|130|102|HOH|_ZN|4346|858|830|-O--|ZN--|2840|8|30|3|1011|4.651196|0.965721|0.252088|0.061919|79.496956|0.000347|0.000707
241|5|-1|6747|30|102|HIS|_ZN|3346|242|830|-ND1|ZN--|1340|7|30|3|1011|4.128242|-0.094233|0.796063|0.597833|8.326500|0.001706|0.004637
241|6|-1|6750|30|102|HIS|_ZN|3346|245|830|-NE2|ZN--|1340|7|30|3|1011|2.101912|0.007941|0.876167|0.481942|1.094155|0.407766|1.108424
241|7|-1|6751|30|102|HIS|_ZN|3346|245|830|-NE2|ZN--|1340|7|30|3|1011|2.108676|-0.763366|-0.431848|0.480396|1.094155|0.400381|1.088348
241|8|-1|6752|130|102|HOH|_ZN|4346|858|830|-O--|ZN--|2840|8|30|3|1011|4.652721|-0.702333|0.709152|0.061899|79.496956|0.000346|0.000704
241|9|-1|6753|137|102|HOH|_ZN|4346|865|830|-O--|ZN--|2840|8|30|3|1011|2.187828|0.589780|0.378269|-0.713493|38.880085|0.270457|0.550553
241|10|-1|6754|137|102|HOH|_ZN|4346|865|830|-O--|ZN--|2840|8|30|3|1011|2.190490|-0.624672|0.319295|-0.712626|38.880085|0.268518|0.546606
241|11|-1|6755|148|102|HOH|_ZN|4346|876|830|-O--|ZN--|2840|8|30|3|1011|4.096074|0.144477|0.591903|-0.792955|322.760468|0.001557|0.003169
241|12|-1|6756|152|102|HOH|_ZN|4346|880|830|-O--|ZN--|2840|8|30|3|1011|3.315269|-0.012692|-0.000175|-0.999919|21.556009|0.012845|0.026148
241|13|-1|6757|152|102|HOH|_ZN|4346|880|830|-O--|ZN--|2840|8|30|3|1011|3.315282|0.004548|-0.012192|-0.999915|21.556009|0.012845|0.026147
241|14|-1|6758|30|102|HIS|_ZN|3346|242|830|-ND1|ZN--|1340|7|30|3|1011|4.134429|-0.642890|-0.479955|0.596939|8.326500|0.001678|0.004560
241|15|-1|6761|148|102|HOH|_ZN|4346|876|830|-O--|ZN--|2840|8|30|3|1011|4.099533|0.440102|-0.422604|-0.792285|322.760468|0.001542|0.003140
241|16|-1|6763|399|103|HOH|_ZN|4346|1127|831|-O--|ZN--|2840|8|30|3|1011|3.836061|0.704271|0.151354|0.693610|193.480133|0.003144|0.006400
241|17|-1|6765|81|103|HIS|_ZN|3346|657|831|-ND1|ZN--|1340|7|30|3|1011|4.124492|0.803642|-0.082224|-0.589406|3.802736|0.001723|0.004685
241|18|-1|6767|392|103|HOH|_ZN|4346|1120|831|-O--|ZN--|2840|8|30|3|1011|4.293535|0.662725|-0.262832|0.701224|208.892044|0.000913|0.001859
241|19|-1|6768|423|103|HOH|_ZN|4346|1151|831|-O--|ZN--|2840|8|30|3|1011|4.895627|0.717878|-0.695985|-0.015988|54.478008|0.000179|0.000365
241|20|-1|6769|390|103|HOH|_ZN|4346|1118|831|-O--|ZN--|2840|8|30|3|1011|3.757730|-0.000000|-0.000000|1.000000|37.455540|0.003885|0.007909
241|21|-1|6770|390|103|HOH|_ZN|4346|1118|831|-O--|ZN--|2840|8|30|3|1011|3.757730|-0.000000|-0.000000|1.000000|37.455540|0.003885|0.007909
241|22|-1|6771|390|103|HOH|_ZN|4346|1118|831|-O--|ZN--|2840|8|30|3|1011|3.757730|-0.000000|-0.000000|1.000000|37.455540|0.003885|0.007909
241|23|-1|6772|392|103|HOH|_ZN|4346|1120|831|-O--|ZN--|2840|8|30|3|1011|4.293551|-0.103745|0.705355|0.701221|208.892044|0.000913|0.001859
241|24|-1|6773|399|103|HOH|_ZN|4346|1127|831|-O--|ZN--|2840|8|30|3|1011|3.836071|-0.483210|0.534244|0.693608|193.480133|0.003144|0.006399
241|25|-1|6775|81|103|HIS|_ZN|3346|657|831|-ND1|ZN--|1340|7|30|3|1011|4.124512|-0.330612|0.737089|-0.589403|3.802736|0.001723|0.004684
241|26|-1|6779|81|103|HIS|_ZN|3346|660|831|-NE2|ZN--|1340|7|30|3|1011|2.079288|0.906020|-0.003366|-0.423222|0.632728|0.433478|1.178315
241|27|-1|6780|81|103|HIS|_ZN|3346|660|831|-NE2|ZN--|1340|7|30|3|1011|2.079300|-0.450092|0.786322|-0.423219|0.632728|0.433465|1.178279
241|28|-1|6781|407|103|HOH|_ZN|4346|1135|831|-O--|ZN--|2840|8|30|3|1011|4.402637|0.492728|0.756053|0.430817|510.524506|0.000680|0.001384
241|29|-1|6782|408|103|HOH|_ZN|4346|1136|831|-O--|ZN--|2840|8|30|3|1011|2.315689|-0.633937|-0.097163|0.767257|78.850143|0.191434|0.389690
241|30|-1|6783|408|103|HOH|_ZN|4346|1136|831|-O--|ZN--|2840|8|30|3|1011|2.315696|0.232822|0.597590|0.767255|78.850143|0.191430|0.389683
241|31|-1|6784|423|103|HOH|_ZN|4346|1151|831|-O--|ZN--|2840|8|30|3|1011|4.895647|0.243795|0.969695|-0.015988|54.478008|0.000179|0.000365
241|32|-1|6785|444|103|HOH|_ZN|4346|1172|831|-O--|ZN--|2840|8|30|3|1011|4.980271|-0.000000|-0.000000|-1.000000|28.667101|0.000143|0.000290
241|33|-1|6786|444|103|HOH|_ZN|4346|1172|831|-O--|ZN--|2840|8|30|3|1011|4.980271|-0.000000|-0.000000|-1.000000|28.667101|0.000143|0.000290
241|34|-1|6787|444|103|HOH|_ZN|4346|1172|831|-O--|ZN--|2840|8|30|3|1011|4.980271|-0.000000|-0.000000|-1.000000|28.667101|0.000143|0.000290
241|35|-1|6788|392|103|HOH|_ZN|4346|1120|831|-O--|ZN--|2840|8|30|3|1011|4.293540|-0.558979|-0.442525|0.701223|208.892044|0.000913|0.001859
241|36|-1|6789|399|103|HOH|_ZN|4346|1127|831|-O--|ZN--|2840|8|30|3|1011|3.836077|-0.221059|-0.685596|0.693607|193.480133|0.003144|0.006399
241|37|-1|6790|407|103|HOH|_ZN|4346|1135|831|-O--|ZN--|2840|8|30|3|1011|4.402640|0.408391|-0.804744|0.430816|510.524506|0.000680|0.001384
241|38|-1|6791|408|103|HOH|_ZN|4346|1136|831|-O--|ZN--|2840|8|30|3|1011|2.315694|0.401113|-0.500427|0.767256|78.850143|0.191431|0.389685
241|39|-1|6792|407|103|HOH|_ZN|4346|1135|831|-O--|ZN--|2840|8|30|3|1011|4.402614|-0.901124|0.048692|0.430819|510.524506|0.000680|0.001384
241|40|-1|6793|423|103|HOH|_ZN|4346|1151|831|-O--|ZN--|2840|8|30|3|1011|4.895609|-0.961678|-0.273715|-0.015988|54.478008|0.000179|0.000365
