1025|0|3340|CU1|27635|CU--|29|82.540001|69.444244|1.000000|1.000000|3|3|2|0|0|1|12.461496|0|2|1|0|0|0|0|0|0|0|0|0|0|0|0|0|0|2|0|0|0|0|1|0|0|0|0|0|0|0|0|2.115805|2.071157|2.192289|0.972658|0.058376|4.374748|0.535770|3|0|0.972658|0.058376|4.374748|0.535770
1025|1|3341|CU1|27636|CU--|29|87.410004|69.958145|1.000000|1.000000|3|3|2|0|0|0|1.453307|0|3|0|0|0|0|0|0|0|0|0|0|0|0|0|0|0|3|0|0|0|0|0|0|0|0|0|0|0|0|0|2.145376|2.089953|2.209547|0.712038|0.080162|2.982638|0.335790|3|0|0.712038|0.080162|2.982638|0.335790
1025|2|3342|CU1|27637|CU--|29|89.160004|67.173904|1.000000|1.000000|3|3|2|0|0|1|18.019943|0|3|0|0|0|0|0|0|0|0|0|0|0|0|0|0|0|3|0|0|0|0|0|0|0|0|0|0|0|0|0|2.081250|1.948074|2.229501|0.879911|0.124976|3.685839|0.523508|3|0|0.879911|0.124976|3.685839|0.523508
1025|3|3343|CU1|27638|CU--|29|100.000000|67.850731|1.000000|1.000000|2|2|1|0|0|1|24.505173|0|2|0|0|0|0|0|0|0|0|0|0|0|0|0|0|0|2|0|0|0|0|0|0|0|0|0|0|0|0|0|2.063551|2.050762|2.076340|0.587388|0.126224|2.460496|0.528739|6|0|0.604144|0.130164|2.530687|0.545239
1025|4|3344|CU1|27639|CU--|29|87.070000|69.109100|1.000000|1.000000|3|3|2|0|0|0|11.716748|0|2|1|0|0|0|0|0|0|0|0|0|0|0|0|0|0|2|0|0|0|0|1|0|0|0|0|0|0|0|0|2.113734|2.028566|2.248519|0.965617|0.066376|4.302902|0.316263|3|0|0.965617|0.066376|4.302902|0.316263
1025|5|3345|CU1|27640|CU--|29|88.790001|69.585396|1.000000|1.000000|3|3|2|0|0|0|2.455639|0|3|0|0|0|0|0|0|0|0|0|0|0|0|0|0|0|3|0|0|0|0|0|0|0|0|0|0|0|0|0|2.102268|2.029134|2.177752|0.803743|0.156096|3.366782|0.653866|3|0|0.803743|0.156096|3.366782|0.653866
1025|6|3346|CU1|27641|CU--|29|87.220001|67.553085|1.000000|1.000000|3|3|2|0|0|1|12.914151|0|3|0|0|0|0|0|0|0|0|0|0|0|0|0|0|0|3|0|0|0|0|0|0|0|0|0|0|0|0|0|2.009651|1.977249|2.035629|1.020856|0.114720|4.276242|0.480548|3|0|1.020856|0.114720|4.276242|0.480548
1025|7|3347|CU1|27642|CU--|29|100.000000|67.439285|1.000000|1.000000|2|2|1|0|0|1|25.460648|0|2|0|0|0|0|0|0|0|0|0|0|0|0|0|0|0|2|0|0|0|0|0|0|0|0|0|0|0|0|0|2.041530|1.975636|2.107424|0.632943|0.176895|2.651319|0.740992|7|0|0.652099|0.180510|2.731563|0.756134
1025|8|3348|CU1|27643|CU--|29|85.400002|69.140106|1.000000|1.000000|3|3|2|0|0|1|14.872451|0|2|1|0|0|0|0|0|0|0|0|0|0|0|0|0|0|2|0|0|0|0|1|0|0|0|0|0|0|0|0|2.191988|2.146192|2.245443|0.799380|0.116614|3.608709|0.703110|3|0|0.799380|0.116614|3.608709|0.703110
1025|9|3349|CU1|27644|CU--|29|85.389999|69.603897|1.000000|1.000000|3|3|2|0|0|0|2.395677|0|3|0|0|0|0|0|0|0|0|0|0|0|0|0|0|0|3|0|0|0|0|0|0|0|0|0|0|0|0|0|2.125727|1.980082|2.226345|0.776525|0.191103|3.252766|0.800509|3|0|0.776525|0.191103|3.252766|0.800509
1025|10|3350|CU1|27645|CU--|29|83.160004|67.618881|1.000000|1.000000|3|3|2|0|0|1|16.066143|0|3|0|0|0|0|0|0|0|0|0|0|0|0|0|0|0|3|0|0|0|0|0|0|0|0|0|0|0|0|0|2.089145|2.074041|2.118978|0.823022|0.122260|3.447536|0.512134|3|0|0.823022|0.122260|3.447536|0.512134
1025|11|3351|CU1|27646|CU--|29|100.000000|68.052742|1.000000|1.000000|2|2|1|0|0|1|12.502304|0|2|0|0|0|0|0|0|0|0|0|0|0|0|0|0|0|2|0|0|0|0|0|0|0|0|0|0|0|0|0|2.053580|2.020670|2.086490|0.605460|0.084835|2.536196|0.355364|6|0|0.624111|0.087257|2.614324|0.365508
1025|12|3352|CU1|27647|CU--|29|86.639999|69.545609|1.000000|1.000000|3|3|2|0|0|1|16.230379|0|2|1|0|0|0|0|0|0|0|0|0|0|0|0|0|0|2|0|0|0|0|1|0|0|0|0|0|0|0|0|2.212345|2.137777|2.274030|0.779003|0.167666|3.537965|0.929755|3|0|0.779003|0.167666|3.537965|0.929755
1025|13|3353|CU1|27648|CU--|29|87.669998|70.000237|1.000000|1.000000|3|3|2|0|0|0|8.622076|0|3|0|0|0|0|0|0|0|0|0|0|0|0|0|0|0|3|0|0|0|0|0|0|0|0|0|0|0|0|0|2.154099|2.040881|2.247904|0.708460|0.181163|2.967652|0.758868|3|0|0.708460|0.181163|2.967652|0.758868
1025|14|3354|CU1|27649|CU--|29|89.830002|68.085167|1.000000|1.000000|3|3|2|0|0|1|16.795774|0|3|0|0|0|0|0|0|0|0|0|0|0|0|0|0|0|3|0|0|0|0|0|0|0|0|0|0|0|0|0|2.105863|2.015423|2.180087|0.799082|0.093835|3.347256|0.393065|3|0|0.799082|0.093835|3.347256|0.393065
1025|15|3355|CU1|27650|CU--|29|100.000000|68.232849|1.000000|1.000000|2|2|1|0|0|0|11.612778|0|2|0|0|0|0|0|0|0|0|0|0|0|0|0|0|0|2|0|0|0|0|0|0|0|0|0|0|0|0|0|2.094457|2.069242|2.119673|0.541249|0.065885|2.267224|0.275983|6|0|0.561281|0.070308|2.351136|0.294510
1025|16|3356|CU1|27651|CU--|29|88.769997|69.458069|1.000000|1.000000|3|3|2|0|0|1|13.645659|0|2|1|0|0|0|0|0|0|0|0|0|0|0|0|0|0|2|0|0|0|0|1|0|0|0|0|0|0|0|0|2.164216|2.105654|2.195519|0.875662|0.165950|3.969104|0.944101|3|0|0.875662|0.165950|3.969104|0.944101
1025|17|3357|CU1|27652|CU--|29|93.839996|69.905968|1.000000|1.000000|3|3|2|0|0|0|3.324493|0|3|0|0|0|0|0|0|0|0|0|0|0|0|0|0|0|3|0|0|0|0|0|0|0|0|0|0|0|0|0|2.132037|2.050637|2.183213|0.741146|0.112136|3.104568|0.469724|3|0|0.741146|0.112136|3.104568|0.469724
1025|18|3358|CU1|27653|CU--|29|99.019997|67.822945|1.000000|1.000000|3|3|2|0|0|1|15.073503|0|3|0|0|0|0|0|0|0|0|0|0|0|0|0|0|0|3|0|0|0|0|0|0|0|0|0|0|0|0|0|2.150048|2.090729|2.254481|0.710388|0.108010|2.975728|0.452440|3|0|0.710388|0.108010|2.975728|0.452440
1025|19|3359|CU1|27654|CU--|29|100.000000|68.469208|1.000000|1.000000|2|2|1|0|0|1|22.675827|0|2|0|0|0|0|0|0|0|0|0|0|0|0|0|0|0|2|0|0|0|0|0|0|0|0|0|0|0|0|0|1.992158|1.959211|2.025104|0.714800|0.153694|2.994211|0.643805|7|0|0.731469|0.157247|3.064034|0.658688
1025|20|3360|CU1|27655|CU--|29|90.739998|69.293236|1.000000|1.000000|3|3|2|0|0|1|12.400684|0|2|1|0|0|0|0|0|0|0|0|0|0|0|0|0|0|2|0|0|0|0|1|0|0|0|0|0|0|0|0|2.176735|2.026332|2.294830|0.870996|0.182041|3.935599|0.950656|3|0|0.870996|0.182041|3.935599|0.950656
1025|21|3361|CU1|27656|CU--|29|96.279999|69.641029|1.000000|1.000000|3|3|2|0|0|0|4.158617|0|3|0|0|0|0|0|0|0|0|0|0|0|0|0|0|0|3|0|0|0|0|0|0|0|0|0|0|0|0|0|2.104856|2.060939|2.185524|0.796616|0.178195|3.336925|0.746438|3|0|0.796616|0.178195|3.336925|0.746438
1025|22|3362|CU1|27657|CU--|29|91.040001|68.343063|1.000000|1.000000|3|3|4|0|1|1|19.455334|0|3|0|0|0|0|0|0|0|0|0|0|0|0|0|0|0|3|0|0|0|0|0|0|0|0|0|0|0|0|0|2.136370|2.016362|2.236138|0.745796|0.123608|3.124048|0.517779|4|1|0.745796|0.123608|3.124048|0.517779
1025|23|3363|CU1|27658|CU--|29|100.000000|68.279999|1.000000|1.000000|2|2|1|0|0|1|22.554062|0|2|0|0|0|0|0|0|0|0|0|0|0|0|0|0|0|2|0|0|0|0|0|0|0|0|0|0|0|0|0|2.062028|2.038471|2.085586|0.590654|0.121234|2.474175|0.507835|7|1|0.605662|0.120917|2.537045|0.506508
