1025|0|-1|1796|59|3343|HIS|CU1|3346|487|27638|-NE2|CU--|1340|7|29|3|0011|2.076340|0.535557|0.193125|-0.822120|46.434322|0.283546|1.187741
1025|1|-1|1860|61|3342|HIS|CU1|3346|505|27637|-ND1|CU--|1340|7|29|3|0011|1.948074|0.136544|-0.573898|0.807463|27.675772|0.401032|1.679873
1025|2|-1|1863|61|3343|HIS|CU1|3346|505|27638|-ND1|CU--|1340|7|29|3|0011|3.612321|0.261328|0.796994|0.544526|46.972366|0.004464|0.018700
1025|3|-1|1896|62|3343|GLY|CU1|146|509|27638|-N--|CU--|140|7|29|4|0011|3.815613|0.752697|-0.360100|0.551158|44.446041|0.002577|0.010795
1025|4|-1|3082|104|3342|HIS|CU1|3346|844|27637|-NE2|CU--|1340|7|29|3|0011|2.066175|0.464626|0.402193|-0.788900|29.773371|0.291445|1.220827
1025|5|-1|3131|106|3341|HIS|CU1|3346|860|27636|-NE2|CU--|1340|7|29|3|0011|2.089953|0.444986|0.503362|-0.740685|21.289791|0.273304|1.144838
1025|6|-1|10438|391|3340|HIS|CU1|3346|3150|27635|-ND1|CU--|1340|7|29|3|0011|2.071157|-0.803899|0.022209|0.594351|14.606043|0.287546|1.204496
1025|7|-1|10561|394|3343|HIS|CU1|3346|3181|27638|-NE2|CU--|1340|7|29|3|0011|2.050762|-0.766056|0.109227|0.633425|48.389969|0.303842|1.272755
1025|8|-1|10625|396|3343|HIS|CU1|3346|3196|27638|-ND1|CU--|1340|7|29|3|0011|3.785527|-0.367980|-0.456741|-0.809925|45.180031|0.002795|0.011709
1025|9|-1|10632|396|3343|HIS|CU1|3346|3199|27638|-NE2|CU--|1340|7|29|3|0011|3.450147|-0.674465|0.037389|-0.737359|44.864555|0.006920|0.028986
1025|10|-1|10633|396|3341|HIS|CU1|3346|3199|27636|-NE2|CU--|1340|7|29|3|0011|2.136628|0.219034|-0.962264|0.161470|23.273886|0.240913|1.009155
1025|11|-1|12175|461|3341|HIS|CU1|3346|3748|27636|-NE2|CU--|1340|7|29|3|0011|2.209547|-0.818267|0.368403|0.441270|20.766537|0.197820|0.828644
1025|12|-1|12197|462|3340|CYS|CU1|1546|3754|27635|-SG-|CU--|1140|16|29|3|0011|2.192289|0.728462|-0.677830|-0.099441|14.137332|0.407352|2.006750
1025|13|-1|12215|463|3342|HIS|CU1|3346|3764|27637|-NE2|CU--|1340|7|29|3|0011|2.229501|-0.766091|0.631982|0.117064|31.579769|0.187434|0.785139
1025|14|-1|12332|467|3340|HIS|CU1|3346|3802|27635|-ND1|CU--|1340|7|29|3|0011|2.083969|-0.043665|0.887249|-0.459220|18.796476|0.277760|1.163502
1025|15|-1|15171|588|3347|HIS|CU1|3346|4741|27642|-NE2|CU--|1340|7|29|3|0011|2.107424|-0.274744|-0.514372|-0.812365|47.775974|0.260699|1.092036
1025|16|-1|15237|590|3346|HIS|CU1|3346|4759|27641|-ND1|CU--|1340|7|29|3|0011|1.977249|-0.558351|0.166394|0.812746|22.553856|0.370625|1.552500
1025|17|-1|15245|590|3347|HIS|CU1|3346|4759|27642|-ND1|CU--|1340|7|29|3|0011|3.597166|0.590187|-0.639113|0.493167|44.300137|0.004651|0.019482
1025|18|-1|15274|591|3347|GLY|CU1|146|4763|27642|-N--|CU--|140|7|29|4|0011|3.767500|-0.677638|-0.440344|0.588985|44.529552|0.002935|0.012294
1025|19|-1|16460|633|3346|HIS|CU1|3346|5098|27641|-NE2|CU--|1340|7|29|3|0011|2.016074|0.018848|-0.649777|-0.759892|22.967260|0.333705|1.397850
1025|20|-1|16509|635|3345|HIS|CU1|3346|5114|27640|-NE2|CU--|1340|7|29|3|0011|2.177752|0.104695|-0.563883|-0.819192|25.037086|0.215571|0.903000
1025|21|-1|23786|920|3344|HIS|CU1|3346|7404|27639|-ND1|CU--|1340|7|29|3|0011|2.064116|0.475263|0.672927|0.566828|21.047293|0.293071|1.227637
1025|22|-1|23896|923|3347|HIS|CU1|3346|7432|27642|-ND1|CU--|1340|7|29|3|0011|3.950656|0.465492|0.466252|0.752280|47.362213|0.001789|0.007494
1025|23|-1|23911|923|3347|HIS|CU1|3346|7435|27642|-NE2|CU--|1340|7|29|3|0011|1.975636|0.600819|0.599807|0.528439|48.853825|0.372244|1.559283
1025|24|-1|23968|925|3347|HIS|CU1|3346|7450|27642|-ND1|CU--|1340|7|29|3|0011|3.667237|-0.235327|0.541826|-0.806874|41.402714|0.003848|0.016120
1025|25|-1|23975|925|3345|HIS|CU1|3346|7453|27640|-NE2|CU--|1340|7|29|3|0011|2.029134|-0.913198|0.345960|0.215363|25.482567|0.322132|1.349371
1025|26|-1|23978|925|3347|HIS|CU1|3346|7453|27642|-NE2|CU--|1340|7|29|3|0011|3.507057|0.356424|0.567143|-0.742503|44.948547|0.005933|0.024854
1025|27|-1|25508|990|3345|HIS|CU1|3346|8002|27640|-NE2|CU--|1340|7|29|3|0011|2.099920|0.772409|0.559545|0.300488|22.924103|0.266040|1.114411
1025|28|-1|25528|991|3344|CYS|CU1|1546|8008|27639|-SG-|CU--|1140|16|29|3|0011|2.248519|-0.953071|-0.295306|-0.066711|20.785809|0.349920|1.723821
1025|29|-1|25549|992|3346|HIS|CU1|3346|8018|27641|-NE2|CU--|1340|7|29|3|0011|2.035629|0.898984|0.428861|0.088916|31.756050|0.316527|1.325891
1025|30|-1|25670|996|3344|HIS|CU1|3346|8056|27639|-ND1|CU--|1340|7|29|3|0011|2.028566|0.713311|-0.408664|-0.569369|26.234207|0.322627|1.351443
1025|31|-1|28547|1117|3351|HIS|CU1|3346|8995|27646|-NE2|CU--|1340|7|29|3|0011|2.086490|-0.481191|0.448120|-0.753422|46.006721|0.275874|1.155604
1025|32|-1|28612|1119|3351|HIS|CU1|3346|9013|27646|-ND1|CU--|1340|7|29|3|0011|3.634016|-0.765269|-0.156576|0.624377|45.645199|0.004210|0.017635
1025|33|-1|28615|1119|3350|HIS|CU1|3346|9013|27645|-ND1|CU--|1340|7|29|3|0011|2.074418|0.506166|0.501828|0.701402|17.562191|0.285023|1.193928
1025|34|-1|28646|1120|3351|GLY|CU1|146|9017|27646|-N--|CU--|140|7|29|4|0011|3.989392|-0.078458|0.857273|0.508849|44.487793|0.001611|0.006749
1025|35|-1|29848|1162|3350|HIS|CU1|3346|9352|27645|-NE2|CU--|1340|7|29|3|0011|2.118978|-0.599817|0.126950|-0.790002|15.634085|0.252684|1.058462
1025|36|-1|29899|1164|3349|HIS|CU1|3346|9368|27644|-NE2|CU--|1340|7|29|3|0011|2.170754|-0.679948|0.022114|-0.732927|19.236944|0.219687|0.920243
1025|37|-1|37134|1449|3348|HIS|CU1|3346|11658|27643|-ND1|CU--|1340|7|29|3|0011|2.184328|0.393256|-0.675268|0.623990|19.056606|0.211773|0.887093
1025|38|-1|37261|1452|3351|HIS|CU1|3346|11689|27646|-NE2|CU--|1340|7|29|3|0011|2.020670|0.326624|-0.599800|0.730450|47.907112|0.329585|1.380592
1025|39|-1|37320|1454|3351|HIS|CU1|3346|11704|27646|-ND1|CU--|1340|7|29|3|0011|3.744819|0.583740|-0.084651|-0.807516|45.074715|0.003120|0.013071
1025|40|-1|37329|1454|3351|HIS|CU1|3346|11707|27646|-NE2|CU--|1340|7|29|3|0011|3.324814|0.353102|-0.622892|-0.698086|43.020599|0.009710|0.040673
1025|41|-1|37330|1454|3349|HIS|CU1|3346|11707|27644|-NE2|CU--|1340|7|29|3|0011|2.226345|0.684979|0.728549|0.004489|18.892784|0.189040|0.791864
1025|42|-1|38877|1519|3349|HIS|CU1|3346|12256|27644|-NE2|CU--|1340|7|29|3|0011|1.980082|0.195446|-0.887335|0.417657|19.689293|0.367798|1.540659
1025|43|-1|38897|1520|3348|CYS|CU1|1546|12262|27643|-SG-|CU--|1140|16|29|3|0011|2.245443|0.064130|0.978425|-0.196395|19.071571|0.352841|1.738211
1025|44|-1|38918|1521|3350|HIS|CU1|3346|12272|27645|-NE2|CU--|1340|7|29|3|0011|2.074041|0.043876|-0.971051|0.234807|24.108278|0.285314|1.195146
1025|45|-1|39033|1525|3348|HIS|CU1|3346|12310|27643|-ND1|CU--|1340|7|29|3|0011|2.146192|-0.747370|-0.500424|-0.437051|22.614819|0.234766|0.983405
1025|46|-1|41852|1646|3355|HIS|CU1|3346|13249|27650|-NE2|CU--|1340|7|29|3|0011|2.119673|0.651987|-0.029248|-0.757665|44.738754|0.252210|1.056476
1025|47|-1|41920|1648|3354|HIS|CU1|3346|13267|27649|-ND1|CU--|1340|7|29|3|0011|2.015423|-0.029770|-0.639071|0.768571|25.976961|0.334293|1.400313
1025|48|-1|41925|1648|3355|HIS|CU1|3346|13267|27650|-ND1|CU--|1340|7|29|3|0011|3.468526|0.234682|0.740084|0.630238|43.513203|0.006584|0.027581
1025|49|-1|41960|1649|3355|GLY|CU1|146|13271|27650|-N--|CU--|140|7|29|4|0011|3.918301|0.672485|-0.410893|0.615574|44.508678|0.001952|0.008179
1025|50|-1|43170|1691|3354|HIS|CU1|3346|13606|27649|-NE2|CU--|1340|7|29|3|0011|2.122081|0.558414|0.306304|-0.770942|27.356016|0.250574|1.049622
1025|51|-1|43222|1693|3353|HIS|CU1|3346|13622|27648|-NE2|CU--|1340|7|29|3|0011|2.247904|0.434627|0.299835|-0.849234|21.491034|0.178340|0.747043
1025|52|-1|50442|1978|3352|HIS|CU1|3346|15912|27647|-ND1|CU--|1340|7|29|3|0011|2.274030|-0.840798|0.140280|0.522858|19.503798|0.166181|0.696112
1025|53|-1|50569|1981|3355|HIS|CU1|3346|15943|27650|-NE2|CU--|1340|7|29|3|0011|2.069242|-0.790628|0.042043|0.610852|48.279945|0.289039|1.210748
1025|54|-1|50632|1983|3355|HIS|CU1|3346|15958|27650|-ND1|CU--|1340|7|29|3|0011|3.751321|-0.311890|-0.482230|-0.818645|45.391106|0.003066|0.012843
1025|55|-1|50640|1983|3353|HIS|CU1|3346|15961|27648|-NE2|CU--|1340|7|29|3|0011|2.173512|0.172992|-0.980441|0.093858|24.995327|0.218055|0.913407
1025|56|-1|50641|1983|3355|HIS|CU1|3346|15961|27650|-NE2|CU--|1340|7|29|3|0011|3.377149|-0.628933|0.016582|-0.777283|46.584576|0.008429|0.035308
1025|57|-1|52184|2048|3353|HIS|CU1|3346|16510|27648|-NE2|CU--|1340|7|29|3|0011|2.040881|-0.898142|0.292521|0.328289|20.568678|0.312065|1.307202
1025|58|-1|52208|2049|3352|CYS|CU1|1546|16516|27647|-SG-|CU--|1140|16|29|3|0011|2.225227|0.771158|-0.634543|-0.051683|20.656879|0.372656|1.835826
1025|59|-1|52226|2050|3354|HIS|CU1|3346|16526|27649|-NE2|CU--|1340|7|29|3|0011|2.180087|-0.819692|0.567408|0.078436|34.909973|0.214215|0.897321
1025|60|-1|52344|2054|3352|HIS|CU1|3346|16564|27647|-ND1|CU--|1340|7|29|3|0011|2.137777|0.052859|0.872868|-0.485085|23.603647|0.240166|1.006027
1025|61|-1|55172|2175|3359|HIS|CU1|3346|17503|27654|-NE2|CU--|1340|7|29|3|0011|2.025104|-0.093328|-0.603919|-0.791563|44.634075|0.325659|1.364147
1025|62|-1|55249|2177|3358|HIS|CU1|3346|17521|27653|-ND1|CU--|1340|7|29|3|0011|2.090729|-0.721279|0.304201|0.622269|42.875225|0.272731|1.142439
1025|63|-1|55252|2177|3359|HIS|CU1|3346|17521|27654|-ND1|CU--|1340|7|29|3|0011|3.496901|0.468701|-0.521604|0.712916|44.717804|0.006098|0.025545
1025|64|-1|55282|2178|3359|GLY|CU1|146|17525|27654|-N--|CU--|140|7|29|4|0011|3.935970|-0.738572|-0.435978|0.514232|44.487793|0.001861|0.007797
1025|65|-1|56480|2220|3358|HIS|CU1|3346|17860|27653|-NE2|CU--|1340|7|29|3|0011|2.254481|0.098914|-0.630299|-0.770025|42.588322|0.175198|0.733881
1025|66|-1|56528|2222|3357|HIS|CU1|3346|17876|27652|-NE2|CU--|1340|7|29|3|0011|2.183213|0.359562|-0.655914|-0.663696|32.193272|0.212413|0.889771
1025|67|-1|63668|2507|3356|HIS|CU1|3346|20166|27651|-ND1|CU--|1340|7|29|3|0011|2.195519|0.409926|0.640396|0.649502|23.738745|0.205464|0.860663
1025|68|-1|63776|2510|3359|HIS|CU1|3346|20194|27654|-ND1|CU--|1340|7|29|3|0011|3.974709|0.261403|0.566584|0.781442|46.972366|0.001676|0.007022
1025|69|-1|63790|2510|3359|HIS|CU1|3346|20197|27654|-NE2|CU--|1340|7|29|3|0011|1.959211|0.441505|0.652817|0.615551|47.318806|0.389141|1.630064
1025|70|-1|63853|2512|3359|HIS|CU1|3346|20212|27654|-ND1|CU--|1340|7|29|3|0011|3.877904|-0.133577|0.528121|-0.838597|44.487793|0.002178|0.009122
1025|71|-1|63863|2512|3357|HIS|CU1|3346|20215|27652|-NE2|CU--|1340|7|29|3|0011|2.050637|-0.942146|0.335016|-0.011214|32.973721|0.303944|1.273184
1025|72|-1|63866|2512|3359|HIS|CU1|3346|20215|27654|-NE2|CU--|1340|7|29|3|0011|3.581293|0.414934|0.585543|-0.696397|44.009212|0.004855|0.020336
1025|73|-1|65456|2577|3357|HIS|CU1|3346|20764|27652|-NE2|CU--|1340|7|29|3|0011|2.162260|0.657184|0.558675|0.505957|30.943127|0.224789|0.941613
1025|74|-1|65475|2578|3356|CYS|CU1|1546|20770|27651|-SG-|CU--|1140|16|29|3|0011|2.191475|-0.928142|-0.355468|-0.110430|23.610380|0.408249|2.011169
1025|75|-1|65498|2579|3358|HIS|CU1|3346|20780|27653|-NE2|CU--|1340|7|29|3|0011|2.104934|0.921170|0.385762|0.051309|50.559856|0.262459|1.099409
1025|76|-1|65614|2583|3356|HIS|CU1|3346|20818|27651|-ND1|CU--|1340|7|29|3|0011|2.105654|0.813525|-0.498657|-0.299197|27.165154|0.261949|1.097273
1025|77|-1|68411|2704|3363|HIS|CU1|3346|21757|27658|-NE2|CU--|1340|7|29|3|0011|2.038471|-0.382149|0.493998|-0.780979|45.285480|0.314105|1.315747
1025|78|-1|68480|2706|3363|HIS|CU1|3346|21775|27658|-ND1|CU--|1340|7|29|3|0011|3.532585|-0.728645|-0.206364|0.653063|43.905602|0.005538|0.023197
1025|79|-1|68485|2706|3362|HIS|CU1|3346|21775|27657|-ND1|CU--|1340|7|29|3|0011|2.016362|0.533634|0.309469|0.787060|28.233017|0.333446|1.396763
1025|80|-1|68516|2707|3363|GLY|CU1|146|21779|27658|-N--|CU--|140|7|29|4|0011|3.667733|0.051530|0.787407|0.614275|44.571350|0.003843|0.016099
1025|81|-1|69719|2749|3362|HIS|CU1|3346|22114|27657|-NE2|CU--|1340|7|29|3|0011|2.156609|-0.684409|0.304182|-0.662615|29.727625|0.228248|0.956104
1025|82|-1|69771|2751|3361|HIS|CU1|3346|22130|27656|-NE2|CU--|1340|7|29|3|0011|2.185524|-0.667117|0.069548|-0.741700|36.639969|0.211090|0.884230
1025|83|-1|77004|3036|3360|HIS|CU1|3346|24420|27655|-ND1|CU--|1340|7|29|3|0011|2.294830|0.366476|-0.786987|0.496333|26.183424|0.157097|0.658061
1025|84|-1|77134|3039|3363|HIS|CU1|3346|24451|27658|-NE2|CU--|1340|7|29|3|0011|2.085586|0.288168|-0.789226|0.542292|47.928997|0.276549|1.158428
1025|85|-1|77191|3041|3363|HIS|CU1|3346|24466|27658|-ND1|CU--|1340|7|29|3|0011|3.883336|0.524034|-0.094506|-0.846438|44.279331|0.002146|0.008989
1025|86|-1|77201|3041|3363|HIS|CU1|3346|24469|27658|-NE2|CU--|1340|7|29|3|0011|3.704260|0.240534|-0.576363|-0.780992|44.655003|0.003482|0.014585
1025|87|-1|77202|3041|3361|HIS|CU1|3346|24469|27656|-NE2|CU--|1340|7|29|3|0011|2.060939|0.794299|0.607490|-0.006793|37.812847|0.295598|1.238224
1025|88|-1|78779|3106|3361|HIS|CU1|3346|25018|27656|-NE2|CU--|1340|7|29|3|0011|2.068106|0.183259|-0.930320|0.317681|35.976223|0.289928|1.214471
1025|89|-1|78800|3107|3360|CYS|CU1|1546|25024|27655|-SG-|CU--|1140|16|29|3|0011|2.209043|0.268442|0.962860|-0.028973|27.391245|0.389318|1.917910
1025|90|-1|78820|3108|3362|HIS|CU1|3346|25034|27657|-NE2|CU--|1340|7|29|3|0011|2.236138|-0.180221|-0.981603|0.063055|34.711498|0.184102|0.771181
1025|91|-1|78938|3112|3360|HIS|CU1|3346|25072|27655|-ND1|CU--|1340|7|29|3|0011|2.026332|-0.805890|-0.377036|-0.456491|29.883310|0.324581|1.359629
1025|92|-1|90467|3363|3362|CU1|CU1|4646|27658|27657|CU--|CU--|4040|29|29|1|0011|3.958726|0.922014|0.341777|-0.181877|9.841826|-0.001000|-0.001000
1025|93|-1|90467|3362|3363|CU1|CU1|4646|27657|27658|CU--|CU--|4040|29|29|1|0011|3.958726|-0.922014|-0.341777|0.181877|9.841826|-0.001000|-0.001000
