241|0|0|50|_DC|HOH|4243|0|408|-O5'|-O--|2628|0011|555|0|2.803229|1.643000|2.218000|0.489000|1.580800
241|1|0|1|_DC|_DG|4242|1|24|-C5'|-O4'|2426|0001|555|0|3.429771|0.740000|-2.389000|2.347000|0.762327
241|2|1|0|_DG|_DC|4242|39|1|-C4-|-C5'|2424|0001|555|0|3.767213|0.951000|0.298000|-3.633000|0.875644
241|3|0|1|_DC|_DG|4242|1|29|-C5'|-N9-|2425|0001|555|0|3.823604|0.438999|-0.502000|3.765000|0.293465
241|4|0|50|_DC|HOH|4243|1|408|-C5'|-O--|2428|0011|555|0|3.422508|1.146999|3.184000|-0.510000|1.535049
241|5|0|1|_DC|_DG|4242|1|32|-C5'|-C5-|2424|0001|555|0|3.787439|-1.114000|1.064000|3.460000|0.564753
241|6|0|1|_DC|_DG|4242|1|31|-C5'|-N7-|2425|0001|555|0|3.976950|0.165999|1.724000|3.580000|1.207673
241|7|0|1|_DC|_DG|4242|1|30|-C5'|-C8-|2424|0001|555|0|3.906720|1.051000|0.746000|3.688000|0.196040
241|8|1|0|_DG|_DC|4242|36|2|-C2-|-C4'|2424|0001|555|0|3.896988|2.050000|-0.260000|-3.304000|0.564402
241|9|0|1|_DC|_DG|4242|2|19|-C4'|-OP1|2426|0001|555|0|3.998689|1.016000|-3.107000|-2.303000|1.090385
241|10|0|1|_DC|_DG|4242|2|22|-C4'|-C5'|2424|0001|555|0|3.623941|0.506000|-3.210000|1.604000|0.228846
241|11|0|1|_DC|_DG|4242|2|21|-C4'|-O5'|2426|0001|555|0|3.357560|1.069000|-3.174000|0.237000|1.176069
241|12|0|1|_DC|_DG|4242|2|18|-C4'|-P--|2427|0001|555|0|3.468989|0.101000|-3.297000|-1.074000|0.664616
241|13|0|1|_DC|_DG|4242|2|24|-C4'|-O4'|2426|0001|555|0|3.098938|1.868000|-1.406000|2.034000|0.301154
241|14|0|1|_DC|_DG|4242|2|39|-C4'|-C4-|2424|0001|555|0|3.394548|0.177000|0.685000|3.320000|0.389402
241|15|0|1|_DC|_DG|4242|2|38|-C4'|-N3-|2425|0001|555|0|3.515956|-0.808001|-0.246000|3.413000|0.397800
241|16|0|1|_DC|_DG|4242|2|29|-C4'|-N9-|2425|0001|555|0|3.821407|1.566999|0.481000|3.452000|0.061579
241|17|0|1|_DC|_DG|4242|2|32|-C4'|-C5-|2424|0001|555|0|3.754200|0.014000|2.047000|3.147000|0.148376
241|18|1|0|_DG|_DC|4242|37|3|-N2-|-O4'|2526|0001|555|0|3.562724|1.840000|1.261000|-2.778000|0.072268
241|19|1|0|_DG|_DC|4242|36|3|-C2-|-O4'|2426|0001|555|0|2.987431|0.799000|0.432000|-2.846000|0.730852
241|20|1|0|_DG|_DC|4242|35|3|-N1-|-O4'|2526|0001|555|0|3.115944|1.078000|-0.920000|-2.775000|0.040731
241|21|1|0|_DG|_DC|4242|39|3|-C4-|-O4'|2426|0001|555|0|3.198481|-1.428000|0.007000|-2.862000|0.540807
241|22|1|0|_DG|_DC|4242|38|3|-N3-|-O4'|2526|0001|555|0|3.131792|-0.443000|0.938000|-2.955000|0.256450
241|23|1|0|_DG|_DC|4242|33|3|-C6-|-O4'|2426|0001|555|0|3.267188|0.096000|-1.910000|-2.649000|0.583318
241|24|1|0|_DG|_DC|4242|32|3|-C5-|-O4'|2426|0001|555|0|3.266033|-1.265000|-1.355000|-2.689000|0.278027
241|25|0|1|_DC|_DG|4242|4|19|-C3'|-OP1|2426|0001|555|0|3.017322|1.466000|-2.450000|-0.976000|0.637214
241|26|0|1|_DC|_DG|4242|4|21|-C3'|-O5'|2426|0001|555|0|3.329977|1.519000|-2.517000|1.564000|0.708397
241|27|0|1|_DC|_DG|4242|4|20|-C3'|-OP2|2426|0001|555|0|3.938883|-0.366000|-3.902000|0.394000|1.226069
241|28|0|1|_DC|_DG|4242|4|18|-C3'|-P--|2427|0001|555|0|2.708728|0.551000|-2.640000|0.253000|0.285802
241|29|0|1|_DC|_DG|4242|5|19|-O3'|-OP1|2626|0001|555|0|2.609028|1.892000|-1.149000|-1.381000|0.202196
241|30|1|0|_DG|_DC|4242|22|5|-C5'|-O3'|2426|0001|555|0|3.139762|-1.382000|1.252000|-2.526000|0.475922
241|31|0|1|_DC|_DG|4242|5|21|-O3'|-O5'|2626|0001|555|0|2.570013|1.945001|-1.216000|1.159000|0.259459
241|32|0|1|_DC|_DG|4242|5|20|-O3'|-OP2|2626|0001|555|0|2.601715|0.060000|-2.601000|-0.011000|0.679763
241|33|0|1|_DC|_DG|4242|5|18|-O3'|-P--|2627|0001|555|0|1.664498|0.977000|-1.339000|-0.152000|0.082222
241|34|0|1|_DC|_DG|4242|6|18|-C2'|-P--|2427|0001|555|0|3.955400|1.881000|-3.401000|0.735000|0.634577
241|35|0|1|_DC|_DG|4242|7|37|-C1'|-N2-|2425|0001|555|0|3.853365|-0.701000|-0.999000|3.655000|0.354491
241|36|0|1|_DC|_DG|4242|7|36|-C1'|-C2-|2424|0001|555|0|3.742356|0.340000|-0.170000|3.723000|0.386802
241|37|0|1|_DC|_DG|4242|7|35|-C1'|-N1-|2425|0001|555|0|3.839004|0.061000|1.182000|3.652000|0.315799
241|38|0|10|_DC|_DC|4242|8|240|-N1-|-N3-|2525|0011|555|0|3.778005|-1.730000|0.975000|3.214000|1.118243
241|39|0|1|_DC|_DG|4242|8|35|-N1-|-N1-|2525|0001|555|0|3.845581|0.875000|-0.073000|3.744000|0.218265
241|40|0|11|_DC|_DG|4242|9|266|-C2-|-N2-|2425|0011|555|0|3.661626|-3.217000|-1.636000|-0.618000|0.451841
241|41|0|10|_DC|_DC|4242|9|239|-C2-|-O2-|2426|0011|555|0|3.792974|-1.052000|-1.075000|3.482000|0.826778
241|42|0|11|_DC|_DG|4242|9|264|-C2-|-N1-|2425|0011|555|0|3.638618|-3.518000|0.729000|-0.576000|0.401255
241|43|0|10|_DC|_DC|4242|9|238|-C2-|-C2-|2424|0011|555|0|3.570296|-1.303000|0.142000|3.321000|0.548535
241|44|0|10|_DC|_DC|4242|9|240|-C2-|-N3-|2425|0011|555|0|3.566890|-0.320000|1.118000|3.372000|1.118243
241|45|11|0|_DG|_DC|4242|266|10|-N2-|-O2-|2526|0011|555|0|2.801897|2.708000|0.498000|0.519000|0.960796
241|46|11|0|_DG|_DC|4242|265|10|-C2-|-O2-|2426|0011|555|0|3.630165|3.543000|-0.571000|0.547000|0.170000
241|47|0|10|_DC|_DC|4242|10|239|-O2-|-O2-|2626|0011|555|0|3.622483|-0.543000|0.063000|3.581000|0.357647
241|48|11|0|_DG|_DC|4242|264|10|-N1-|-O2-|2526|0011|555|0|3.573136|3.009000|-1.867000|0.477000|0.020147
241|49|10|0|_DC|_DC|4242|238|10|-C2-|-O2-|2426|0011|555|0|3.737009|0.794000|-1.280000|-3.420000|0.136213
241|50|11|0|_DG|_DC|4242|266|11|-N2-|-N3-|2525|0011|555|0|3.772872|2.480000|2.794000|0.527000|0.010050
241|51|11|0|_DG|_DC|4242|265|11|-C2-|-N3-|2425|0011|555|0|3.777946|3.315000|1.725000|0.555000|0.716800
241|52|11|0|_DG|_DC|4242|264|11|-N1-|-N3-|2525|0011|555|0|2.855386|2.781000|0.429000|0.485000|1.013800
241|53|0|11|_DC|_DG|4242|11|263|-N3-|-O6-|2526|0011|555|0|3.509555|-2.954000|1.885000|-0.194000|0.000000
241|54|11|0|_DG|_DC|4242|262|11|-C6-|-N3-|2425|0011|555|0|3.626751|3.518000|-0.791000|0.389000|0.812200
241|55|10|0|_DC|_DC|4242|238|11|-C2-|-N3-|2425|0011|555|0|3.604769|0.566000|1.016000|-3.412000|1.211250
241|56|10|0|_DC|_DC|4242|237|11|-N1-|-N3-|2525|0011|555|0|3.764747|1.926000|0.582000|-3.182000|0.894450
241|57|10|0|_DC|_DC|4242|241|11|-C4-|-N3-|2425|0011|555|0|3.759156|-0.094000|-1.289000|-3.530000|0.911200
241|58|0|10|_DC|_DC|4242|11|240|-N3-|-N3-|2525|0011|555|0|3.488246|0.417000|-0.040000|3.463000|1.964200
241|59|0|11|_DC|_DG|4242|12|264|-C4-|-N1-|2425|0011|555|0|3.774048|-3.347000|-1.662000|-0.528000|0.336885
241|60|0|11|_DC|_DG|4242|12|263|-C4-|-O6-|2426|0011|555|0|3.587711|-3.520000|0.652000|-0.237000|0.536800
241|61|0|10|_DC|_DC|4242|12|243|-C4-|-C5-|2424|0011|555|0|3.914694|-1.869000|0.508000|3.402000|1.197377
241|62|0|10|_DC|_DC|4242|12|242|-C4-|-N4-|2425|0011|555|0|3.786182|0.582000|0.885000|3.635000|0.275615
241|63|0|10|_DC|_DC|4242|12|241|-C4-|-C4-|2424|0011|555|0|3.519245|-0.472000|0.056000|3.487000|0.263607
241|64|0|10|_DC|_DC|4242|12|240|-C4-|-N3-|2425|0011|555|0|3.652277|-0.149000|-1.273000|3.420000|1.029344
241|65|11|0|_DG|_DC|4242|264|13|-N1-|-N4-|2525|0011|555|0|3.773840|2.534000|2.754000|0.486000|0.136475
241|66|0|11|_DC|_DG|4242|13|263|-N4-|-O6-|2526|0011|555|0|2.749450|-2.707000|-0.440000|-0.195000|0.796050
241|67|11|0|_DG|_DC|4242|262|13|-C6-|-N4-|2425|0011|555|0|3.633827|3.271000|1.534000|0.390000|0.010038
241|68|10|0|_DC|_DC|4242|243|13|-C5-|-N4-|2425|0011|555|0|3.649292|1.056000|0.584000|-3.444000|0.903142
241|69|0|74|_DC|HOH|4243|13|480|-N4-|-O--|2528|0011|555|0|3.619261|-1.851000|2.625000|1.668000|34.621071
241|70|0|10|_DC|_DC|4242|13|242|-N4-|-N4-|2525|0011|555|0|3.938173|1.395000|-0.207000|3.677000|0.082452
241|71|10|0|_DC|_DC|4242|241|13|-C4-|-N4-|2425|0011|555|0|3.693700|-0.341000|1.036000|-3.529000|0.071878
241|72|0|10|_DC|_DC|4242|14|242|-C5-|-N4-|2425|0011|555|0|3.651571|-0.859000|0.731000|3.473000|0.147686
241|73|10|0|_DC|_DC|4242|241|14|-C4-|-C5-|2424|0011|555|0|3.837290|1.913000|0.098000|-3.325000|0.136628
241|74|0|10|_DC|_DC|4242|14|240|-C5-|-N3-|2425|0011|555|0|3.896023|-1.590000|-1.427000|3.258000|0.846039
241|75|0|1|_DC|_DG|4242|14|34|-C5-|-O6-|2426|0001|555|0|3.902049|1.660000|-0.295000|3.519000|0.181333
241|76|0|48|_DC|HOH|4243|14|402|-C5-|-O--|2428|0011|555|0|3.157057|2.225000|1.631000|1.535000|13.503688
241|77|0|10|_DC|_DC|4242|15|240|-C6-|-N3-|2425|0011|555|0|3.944089|-2.333000|-0.277000|3.168000|1.154853
241|78|0|1|_DC|_DG|4242|15|35|-C6-|-N1-|2425|0001|555|0|3.937615|0.272000|-1.325000|3.698000|0.194794
241|79|0|1|_DC|_DG|4242|15|34|-C6-|-O6-|2426|0001|555|0|3.651021|0.917000|0.855000|3.429000|0.401688
241|80|0|1|_DC|_DG|4242|15|33|-C6-|-C6-|2424|0001|555|0|3.800516|1.254000|-0.335000|3.572000|0.388777
241|81|0|48|_DC|HOH|4243|15|402|-C6-|-O--|2428|0011|555|0|3.466743|1.482000|2.781000|1.445000|15.082196
241|82|1|38|_DG|HOH|4243|18|372|-P--|-O--|2728|0011|555|0|3.542101|0.189000|-3.454000|0.762000|64.355034
241|83|1|38|_DG|HOH|4243|20|372|-OP2|-O--|2628|0011|555|0|2.532537|1.106000|-2.192000|0.621000|49.718983
241|84|1|38|_DG|HOH|4243|21|372|-O5'|-O--|2628|0011|555|0|3.701779|-0.779000|-3.577000|-0.549000|56.406532
241|85|1|2|_DG|_DC|4242|22|45|-C5'|-OP2|2426|0001|555|0|3.230854|-1.320000|-2.057000|2.113000|12.760157
241|86|1|2|_DG|_DC|4242|22|43|-C5'|-P--|2427|0001|555|0|3.801874|-0.275000|-1.832000|3.320000|12.944157
241|87|1|2|_DG|_DC|4242|23|45|-C4'|-OP2|2426|0001|555|0|3.728812|-2.466000|-2.468000|1.316000|10.482221
241|88|1|2|_DG|_DC|4242|23|43|-C4'|-P--|2427|0001|555|0|3.662761|-1.421000|-2.243000|2.523000|10.640554
241|89|1|2|_DG|_DC|4242|25|46|-C3'|-O5'|2426|0001|555|0|3.190874|-1.518001|-1.425000|2.418000|1.902460
241|90|1|2|_DG|_DC|4242|25|45|-C3'|-OP2|2426|0001|555|0|3.143989|-1.939000|-2.473000|-0.096000|9.285954
241|91|1|2|_DG|_DC|4242|25|44|-C3'|-OP1|2426|0001|555|0|3.900195|-0.168000|-3.483000|1.747000|8.612039
241|92|1|2|_DG|_DC|4242|25|43|-C3'|-P--|2427|0001|555|0|2.662153|-0.894000|-2.248000|1.111000|9.430809
241|93|1|2|_DG|_DC|4242|26|46|-O3'|-O5'|2626|0001|555|0|2.658950|-1.864000|-0.176000|1.888000|0.198534
241|94|1|2|_DG|_DC|4242|26|45|-O3'|-OP2|2626|0001|555|0|2.666698|-2.285000|-1.224000|-0.626000|4.864491
241|95|1|2|_DG|_DC|4242|26|44|-O3'|-OP1|2626|0001|555|0|2.595388|-0.514000|-2.234000|1.217000|4.423404
241|96|1|2|_DG|_DC|4242|26|43|-O3'|-P--|2627|0001|555|0|1.695040|-1.240000|-0.999000|0.581000|4.959527
241|97|2|1|_DC|_DG|4242|47|26|-C5'|-O3'|2426|0001|555|0|3.949930|2.406000|1.005000|-2.967000|0.081542
241|98|1|2|_DG|_DC|4242|27|46|-C2'|-O5'|2426|0001|555|0|3.815238|-2.300000|-2.519000|1.709000|2.247713
241|99|1|2|_DG|_DC|4242|27|43|-C2'|-P--|2427|0001|555|0|3.760258|-1.676000|-3.342000|0.402000|10.336791
241|100|1|2|_DG|_DC|4242|27|60|-C2'|-C5-|2424|0001|555|0|3.978173|-2.464000|1.967000|2.426000|1.358157
241|101|1|49|_DG|HOH|4243|30|405|-C8-|-O--|2428|0011|555|0|3.641212|-0.422000|3.244000|-1.599000|7.893681
241|102|1|26|_DG|HOH|4243|30|336|-C8-|-O--|2428|0011|555|0|3.743306|0.464000|2.937000|2.274000|6.328226
241|103|1|49|_DG|HOH|4243|31|405|-N7-|-O--|2528|0011|555|0|2.751764|0.463000|2.266000|-1.491000|4.787944
241|104|1|26|_DG|HOH|4243|31|336|-N7-|-O--|2528|0011|555|0|3.366215|1.349000|1.959000|2.382000|3.685993
241|105|2|1|_DC|_DG|4242|59|31|-N4-|-N7-|2525|0001|555|0|3.980327|2.319000|-0.004000|-3.235000|0.811777
241|106|1|24|_DG|HOH|4243|31|330|-N7-|-O--|2528|0011|555|0|3.535726|-1.690000|2.850000|1.234000|48.416870
241|107|2|1|_DC|_DG|4242|58|32|-C4-|-C5-|2424|0001|555|0|3.871850|1.482000|0.636000|-3.520000|1.587903
241|108|1|49|_DG|HOH|4243|32|405|-C5-|-O--|2428|0011|555|0|3.671398|1.743000|2.926000|-1.371000|6.391653
241|109|1|2|_DG|_DC|4242|32|59|-C5-|-N4-|2425|0001|555|0|3.574415|-1.039001|0.664000|3.355000|1.494556
241|110|1|24|_DG|HOH|4243|32|330|-C5-|-O--|2428|0011|555|0|3.784378|-0.410000|3.510000|1.354000|58.123917
241|111|1|10|_DG|_DC|4242|33|242|-C6-|-N4-|2425|0011|555|0|3.619822|-2.856000|2.216000|-0.189000|0.020149
241|112|1|10|_DG|_DC|4242|33|240|-C6-|-N3-|2425|0011|555|0|3.610145|-3.587000|0.058000|-0.404000|0.605978
241|113|1|9|_DG|_DG|4242|33|217|-C6-|-O6-|2426|0011|555|0|3.942658|-1.437000|2.066000|3.035000|0.273063
241|114|2|1|_DC|_DG|4242|58|33|-C4-|-C6-|2424|0001|555|0|3.755892|0.121000|1.191000|-3.560000|1.149299
241|115|1|2|_DG|_DC|4242|33|57|-C6-|-N3-|2425|0001|555|0|3.992865|-1.453000|-1.384000|3.452000|0.092989
241|116|1|2|_DG|_DC|4242|33|59|-C6-|-N4-|2425|0001|555|0|3.411978|0.322000|0.109000|3.395000|1.068118
241|117|1|48|_DG|HOH|4243|33|402|-C6-|-O--|2428|0011|555|0|3.779625|0.228000|3.116000|-2.127000|12.276606
241|118|1|24|_DG|HOH|4243|33|330|-C6-|-O--|2428|0011|555|0|3.402890|0.951000|2.955000|1.394000|52.061256
241|119|10|1|_DC|_DG|4242|242|34|-N4-|-O6-|2526|0011|555|0|2.720322|2.519000|-1.026000|0.046000|0.030335
241|120|10|1|_DC|_DG|4242|241|34|-C4-|-O6-|2426|0011|555|0|3.583682|3.573000|-0.197000|0.194000|0.040597
241|121|10|1|_DC|_DG|4242|240|34|-N3-|-O6-|2526|0011|555|0|3.451383|3.250000|1.132000|0.261000|0.591912
241|122|1|9|_DG|_DG|4242|34|217|-O6-|-O6-|2626|0011|555|0|3.475207|-1.100000|0.876000|3.178000|0.261176
241|123|1|49|_DG|HOH|4243|34|405|-O6-|-O--|2628|0011|555|0|3.827086|3.441000|1.181000|-1.188000|5.350330
241|124|2|1|_DC|_DG|4242|59|34|-N4-|-O6-|2526|0001|555|0|3.757697|-0.658999|1.081000|-3.538000|1.051213
241|125|1|48|_DG|HOH|4243|34|402|-O6-|-O--|2628|0011|555|0|2.822225|0.565000|1.926000|-1.984000|12.204706
241|126|1|24|_DG|HOH|4243|34|330|-O6-|-O--|2628|0011|555|0|2.671430|1.288000|1.765000|1.537000|51.820923
241|127|1|10|_DG|_DC|4242|35|239|-N1-|-O2-|2526|0011|555|0|3.552886|-3.337000|-1.145000|-0.420000|1.179909
241|128|10|1|_DC|_DG|4242|238|35|-C2-|-N1-|2425|0011|555|0|3.635449|3.588000|-0.072000|0.581000|0.858904
241|129|1|10|_DG|_DC|4242|35|242|-N1-|-N4-|2525|0011|555|0|3.726867|-1.874000|3.206000|-0.315000|0.614155
241|130|10|1|_DC|_DG|4242|241|35|-C4-|-N1-|2425|0011|555|0|3.799695|2.928000|-2.377000|0.463000|0.599635
241|131|1|10|_DG|_DC|4242|35|240|-N1-|-N3-|2525|0011|555|0|2.857486|-2.605000|1.048000|-0.530000|1.514429
241|132|2|1|_DC|_DG|4242|58|35|-C4-|-N1-|2425|0001|555|0|3.545995|-0.861000|0.201000|-3.434000|2.272237
241|133|1|2|_DG|_DC|4242|35|57|-N1-|-N3-|2525|0001|555|0|3.382211|-0.471000|-0.394000|3.326000|0.779908
241|134|1|2|_DG|_DC|4242|35|59|-N1-|-N4-|2525|0001|555|0|3.687083|1.303999|1.099000|3.269000|2.159909
241|135|1|10|_DG|_DC|4242|36|239|-C2-|-O2-|2426|0011|555|0|3.655050|-3.616000|0.207000|-0.491000|0.248826
241|136|1|2|_DG|_DC|4242|36|55|-C2-|-C2-|2424|0001|555|0|3.697493|-1.294000|-0.296000|3.451000|1.091103
241|137|1|2|_DG|_DC|4242|36|54|-C2-|-N1-|2425|0001|555|0|3.957954|-0.441000|-1.394000|3.678000|0.950178
241|138|1|10|_DG|_DC|4242|36|240|-C2-|-N3-|2425|0011|555|0|3.799823|-2.884000|2.400000|-0.601000|0.469822
241|139|1|2|_DG|_DC|4242|36|58|-C2-|-C4-|2424|0001|555|0|3.601846|0.582000|1.151000|3.363000|0.980996
241|140|1|2|_DG|_DC|4242|36|57|-C2-|-N3-|2425|0001|555|0|3.474952|-0.750000|0.958000|3.255000|0.010036
241|141|1|2|_DG|_DC|4242|36|60|-C2-|-C5-|2424|0001|555|0|3.937999|1.493000|0.007000|3.644000|1.584413
241|142|1|63|_DG|HOH|4243|37|447|-N2-|-O--|2528|0011|555|0|3.620030|-3.192000|-1.043000|1.352000|38.730415
241|143|1|10|_DG|_DC|4242|37|239|-N2-|-O2-|2526|0011|555|0|2.807642|-2.575000|1.036000|-0.423000|1.238518
241|144|10|1|_DC|_DG|4242|238|37|-C2-|-N2-|2425|0011|555|0|3.661057|2.826000|-2.253000|0.584000|0.910416
241|145|2|1|_DC|_DG|4242|52|37|-C2'|-N2-|2425|0001|555|0|3.599000|-0.020000|2.626000|-2.461000|2.860046
241|146|1|2|_DG|_DC|4242|37|56|-N2-|-O2-|2526|0001|555|0|3.738518|-1.476000|0.359000|3.416000|1.311852
241|147|2|1|_DC|_DG|4242|55|37|-C2-|-N2-|2425|0001|555|0|3.568117|0.253000|-0.533000|-3.519000|2.517824
241|148|2|1|_DC|_DG|4242|54|37|-N1-|-N2-|2525|0001|555|0|3.835589|-0.600000|0.565000|-3.746000|2.307407
241|149|1|10|_DG|_DC|4242|37|240|-N2-|-N3-|2525|0011|555|0|3.755953|-1.843000|3.229000|-0.533000|1.580185
241|150|1|2|_DG|_DC|4242|37|57|-N2-|-N3-|2525|0001|555|0|3.784228|0.291000|1.787000|3.323000|0.829629
241|151|2|1|_DC|_DG|4242|58|38|-C4-|-N3-|2425|0001|555|0|3.710763|0.660000|-1.657000|-3.254000|2.828200
241|152|2|1|_DC|_DG|4242|61|38|-C6-|-N3-|2425|0001|555|0|3.739082|0.309999|0.735000|-3.653000|2.625000
241|153|2|1|_DC|_DG|4242|60|38|-C5-|-N3-|2425|0001|555|0|3.580837|-0.251000|-0.513000|-3.535000|3.821800
241|154|1|2|_DG|_DC|4242|39|58|-C4-|-C4-|2424|0001|555|0|3.799409|-1.645000|0.726000|3.347000|1.202239
241|155|1|2|_DG|_DC|4242|39|60|-C4-|-C5-|2424|0001|555|0|3.725032|-0.734000|-0.418000|3.628000|1.852388
241|156|1|2|_DG|_DC|4242|39|59|-C4-|-N4-|2425|0001|555|0|3.959117|-1.202001|2.026000|3.182000|1.119589
241|157|2|3|_DC|_DG|4242|47|70|-C5'|-O4'|2426|0001|555|0|3.659676|-1.583000|-2.094000|2.550000|2.577539
241|158|3|2|_DG|_DC|4242|85|47|-C4-|-C5'|2424|0001|555|0|3.705138|0.671000|-0.524000|-3.606000|2.112727
241|159|2|3|_DC|_DG|4242|47|78|-C5'|-C5-|2424|0001|555|0|3.778982|0.435000|1.380000|3.491000|2.324624
241|160|2|3|_DC|_DG|4242|47|77|-C5'|-N7-|2425|0001|555|0|3.910927|1.673000|0.610000|3.482000|3.210043
241|161|2|3|_DC|_DG|4242|47|76|-C5'|-C8-|2424|0001|555|0|3.751947|1.282001|-0.659000|3.464000|1.830035
241|162|2|3|_DC|_DG|4242|47|75|-C5'|-N9-|2425|0001|555|0|3.773386|-0.104000|-0.782000|3.690000|2.630512
241|163|2|3|_DC|_DG|4242|48|70|-C4'|-O4'|2426|0001|555|0|3.428663|-0.140000|-2.528000|2.312000|1.498906
241|164|2|3|_DC|_DG|4242|48|67|-C4'|-O5'|2426|0001|555|0|3.329794|-2.100000|-2.543000|0.459000|1.698564
241|165|2|3|_DC|_DG|4242|48|68|-C4'|-C5'|2424|0001|555|0|3.638133|-2.415000|-2.037000|1.804000|0.071354
241|166|2|3|_DC|_DG|4242|48|64|-C4'|-P--|2427|0001|555|0|3.418748|-2.859000|-1.691000|-0.809000|5.945940
241|167|2|3|_DC|_DG|4242|48|85|-C4'|-C4-|2424|0001|555|0|3.456517|0.772000|0.090000|3.368000|1.145236
241|168|2|3|_DC|_DG|4242|48|84|-C4'|-N3-|2425|0001|555|0|3.352503|-0.582000|0.426000|3.274000|1.518980
241|169|3|2|_DG|_DC|4242|82|48|-C2-|-C4'|2424|0001|555|0|3.709971|0.789000|-1.780000|-3.158000|1.325056
241|170|2|3|_DC|_DG|4242|48|78|-C4'|-C5-|2424|0001|555|0|3.873475|1.878000|0.946000|3.253000|1.306466
241|171|2|3|_DC|_DG|4242|48|75|-C4'|-N9-|2425|0001|555|0|3.897163|1.339000|-1.216000|3.452000|1.539212
241|172|3|2|_DG|_DC|4242|85|49|-C4-|-O4'|2426|0001|555|0|3.250923|-0.774000|1.292000|-2.881000|0.833236
241|173|3|2|_DG|_DC|4242|84|49|-N3-|-O4'|2526|0001|555|0|3.002949|0.580000|0.956000|-2.787000|1.166824
241|174|3|2|_DG|_DC|4242|81|49|-N1-|-O4'|2526|0001|555|0|2.854042|-0.266000|-1.349000|-2.501000|1.258560
241|175|3|2|_DG|_DC|4242|83|49|-N2-|-O4'|2526|0001|555|0|3.481012|2.041000|-0.871000|-2.682000|1.970046
241|176|3|2|_DG|_DC|4242|82|49|-C2-|-O4'|2426|0001|555|0|2.812830|0.787000|-0.398000|-2.671000|0.993736
241|177|3|2|_DG|_DC|4242|78|49|-C5-|-O4'|2426|0001|555|0|3.372722|-1.880000|0.436000|-2.766000|0.977143
241|178|3|2|_DG|_DC|4242|79|49|-C6-|-O4'|2426|0001|555|0|3.240587|-1.671000|-1.021000|-2.582000|1.027300
241|179|2|3|_DC|_DG|4242|50|66|-C3'|-OP2|2426|0001|555|0|3.900387|-3.514000|-1.444000|0.883000|5.415732
241|180|2|3|_DC|_DG|4242|50|65|-C3'|-OP1|2426|0001|555|0|3.038166|-1.597000|-2.486000|-0.707000|4.129563
241|181|2|3|_DC|_DG|4242|50|67|-C3'|-O5'|2426|0001|555|0|3.373627|-1.276000|-2.564000|1.783000|1.241954
241|182|2|3|_DC|_DG|4242|50|64|-C3'|-P--|2427|0001|555|0|2.708762|-2.035000|-1.712000|0.515000|5.061954
241|183|2|3|_DC|_DG|4242|51|66|-O3'|-OP2|2626|0001|555|0|2.539984|-2.160000|-1.269000|0.419000|2.911167
241|184|2|3|_DC|_DG|4242|51|65|-O3'|-OP1|2626|0001|555|0|2.602117|-0.243000|-2.311000|-1.171000|1.993443
241|185|2|3|_DC|_DG|4242|51|67|-O3'|-O5'|2626|0001|555|0|2.730049|0.078000|-2.389000|1.319000|0.000000
241|186|3|2|_DG|_DC|4242|68|51|-C5'|-O3'|2426|0001|555|0|3.270895|0.237000|1.883000|-2.664000|1.573767
241|187|2|3|_DC|_DG|4242|51|64|-O3'|-P--|2627|0001|555|0|1.681883|-0.681000|-1.537000|0.051000|2.657561
241|188|2|63|_DC|HOH|4243|52|447|-C2'|-O--|2428|0011|555|0|3.748695|-3.212000|1.583000|-1.109000|17.647757
241|189|2|3|_DC|_DG|4242|52|64|-C2'|-P--|2427|0001|555|0|3.930575|-2.166000|-3.110000|1.042000|5.374670
241|190|2|46|_DC|HOH|4243|53|396|-C1'|-O--|2428|0011|555|0|3.761987|-3.591000|1.010000|0.487000|49.114574
241|191|2|3|_DC|_DG|4242|53|81|-C1'|-N1-|2425|0001|555|0|3.674715|1.012000|0.590000|3.483000|2.205240
241|192|2|3|_DC|_DG|4242|53|83|-C1'|-N2-|2425|0001|555|0|3.887733|-1.295000|0.112000|3.664000|3.135207
241|193|2|3|_DC|_DG|4242|53|82|-C1'|-C2-|2424|0001|555|0|3.671023|-0.041000|-0.361000|3.653000|1.859094
241|194|2|8|_DC|_DC|4242|54|194|-N1-|-N3-|2525|0011|555|0|3.708570|-0.091000|1.960000|3.147000|1.509440
241|195|2|3|_DC|_DG|4242|54|81|-N1-|-N1-|2525|0001|555|0|3.651581|0.377000|-0.749000|3.554000|1.509440
241|196|2|63|_DC|HOH|4243|55|447|-C2-|-O--|2428|0011|555|0|3.977108|-2.939000|-1.576000|-2.167000|18.719341
241|197|2|46|_DC|HOH|4243|55|396|-C2-|-O--|2428|0011|555|0|3.745622|-3.373000|-1.427000|0.785000|53.749313
241|198|2|9|_DC|_DG|4242|55|220|-C2-|-N2-|2425|0011|555|0|3.715331|-3.110000|1.855000|-0.831000|0.424159
241|199|2|8|_DC|_DC|4242|55|194|-C2-|-N3-|2425|0011|555|0|3.564767|0.762000|0.862000|3.374000|1.679000
241|200|2|8|_DC|_DC|4242|55|193|-C2-|-O2-|2426|0011|555|0|3.722128|-1.481000|0.427000|3.388000|1.533852
241|201|2|9|_DC|_DG|4242|55|218|-C2-|-N1-|2425|0011|555|0|3.616566|-1.301000|3.328000|-0.558000|0.943965
241|202|2|8|_DC|_DC|4242|55|192|-C2-|-C2-|2424|0011|555|0|3.545619|-0.567000|1.266000|3.263000|1.615811
241|203|2|63|_DC|HOH|4243|56|447|-O2-|-O--|2628|0011|555|0|3.028260|-1.716000|-1.402000|-2.064000|24.087955
241|204|2|46|_DC|HOH|4243|56|396|-O2-|-O--|2628|0011|555|0|2.642168|-2.150000|-1.253000|0.888000|66.648216
241|205|9|2|_DG|_DC|4242|220|56|-N2-|-O2-|2526|0011|555|0|2.864890|1.887000|-2.029000|0.728000|0.201721
241|206|9|2|_DG|_DC|4242|219|56|-C2-|-O2-|2426|0011|555|0|3.668224|1.489000|-3.307000|0.550000|0.235714
241|207|2|8|_DC|_DC|4242|56|193|-O2-|-O2-|2626|0011|555|0|3.551739|-0.258000|0.601000|3.491000|0.611206
241|208|9|2|_DG|_DC|4242|218|56|-N1-|-O2-|2526|0011|555|0|3.532296|0.078000|-3.502000|0.455000|0.191172
241|209|8|2|_DC|_DC|4242|192|56|-C2-|-O2-|2426|0011|555|0|3.719394|-0.656000|-1.440000|-3.366000|0.669565
241|210|9|2|_DG|_DC|4242|220|57|-N2-|-N3-|2525|0011|555|0|3.757145|3.654000|-0.601000|0.635000|0.548893
241|211|9|2|_DG|_DC|4242|219|57|-C2-|-N3-|2425|0011|555|0|3.786955|3.256000|-1.879000|0.457000|0.589286
241|212|2|8|_DC|_DC|4242|57|194|-N3-|-N3-|2525|0011|555|0|3.598068|0.218000|-0.392000|3.570000|0.336000
241|213|9|2|_DG|_DC|4242|218|57|-N1-|-N3-|2525|0011|555|0|2.799383|1.845000|-2.074000|0.362000|0.103572
241|214|2|9|_DC|_DG|4242|57|217|-N3-|-O6-|2526|0011|555|0|3.475147|0.016000|3.450000|-0.417000|0.169143
241|215|9|2|_DG|_DC|4242|216|57|-C6-|-N3-|2425|0011|555|0|3.576914|1.205000|-3.347000|0.374000|0.272321
241|216|8|2|_DC|_DC|4242|198|57|-C6-|-N3-|2425|0011|555|0|3.890751|0.373000|-2.336000|-3.089000|1.120000
241|217|8|2|_DC|_DC|4242|197|57|-C5-|-N3-|2425|0011|555|0|3.839388|-0.930000|-1.940000|-3.180000|0.715695
241|218|8|2|_DC|_DC|4242|195|57|-C4-|-N3-|2425|0011|555|0|3.694669|-1.206000|-0.529000|-3.452000|0.426337
241|219|8|2|_DC|_DC|4242|192|57|-C2-|-N3-|2425|0011|555|0|3.633063|1.111000|-0.012000|-3.459000|0.298814
241|220|8|2|_DC|_DC|4242|191|57|-N1-|-N3-|2525|0011|555|0|3.772835|1.399000|-1.416000|-3.205000|1.120000
241|221|2|8|_DC|_DC|4242|58|194|-C4-|-N3-|2425|0011|555|0|3.683567|-1.114000|-0.585000|3.462000|1.546560
241|222|2|9|_DC|_DG|4242|58|218|-C4-|-N1-|2425|0011|555|0|3.721879|-3.177000|1.881000|-0.470000|0.839448
241|223|2|9|_DC|_DG|4242|58|217|-C4-|-O6-|2426|0011|555|0|3.551835|-1.316000|3.257000|-0.525000|0.749865
241|224|2|8|_DC|_DC|4242|58|197|-C4-|-C5-|2424|0011|555|0|3.556796|-0.401999|1.747000|3.072000|2.167264
241|225|2|8|_DC|_DC|4242|58|195|-C4-|-C4-|2424|0011|555|0|3.363199|-0.125999|0.336000|3.344000|1.694238
241|226|2|8|_DC|_DC|4242|58|196|-C4-|-N4-|2425|0011|555|0|3.777028|1.163000|-0.061000|3.593000|1.827764
241|227|9|2|_DG|_DC|4242|218|59|-N1-|-N4-|2525|0011|555|0|3.678992|3.619999|-0.581000|0.305000|0.766862
241|228|2|9|_DC|_DG|4242|59|217|-N4-|-O6-|2526|0011|555|0|2.655848|-1.759000|1.957000|-0.360000|0.679763
241|229|9|2|_DG|_DC|4242|216|59|-C6-|-N4-|2425|0011|555|0|3.523947|2.980000|-1.854000|0.317000|0.555541
241|230|8|2|_DC|_DC|4242|198|59|-C6-|-N4-|2425|0011|555|0|3.901521|2.148000|-0.843000|-3.146000|2.700450
241|231|8|2|_DC|_DC|4242|197|59|-C5-|-N4-|2425|0011|555|0|3.375204|0.844999|-0.447000|-3.237000|2.057847
241|232|8|2|_DC|_DC|4242|195|59|-C4-|-N4-|2425|0011|555|0|3.683224|0.568999|0.964000|-3.509000|1.597942
241|233|2|54|_DC|HOH|4243|59|420|-N4-|-O--|2528|0011|555|0|3.928041|-0.684000|3.553000|1.529000|4.943627
241|234|2|24|_DC|HOH|4243|59|330|-N4-|-O--|2528|0011|555|0|3.535444|0.629001|2.846000|-2.001000|36.875866
241|235|2|47|_DC|HOH|4243|59|399|-N4-|-O--|2528|0011|555|0|3.424944|1.637000|2.994000|0.294000|37.664875
241|236|2|8|_DC|_DC|4242|60|194|-C5-|-N3-|2425|0011|555|0|3.812069|-2.025000|0.559000|3.181000|2.269440
241|237|8|2|_DC|_DC|4242|195|60|-C4-|-C5-|2424|0011|555|0|3.556366|1.037000|-1.480000|-3.063000|2.448313
241|238|2|22|_DC|HOH|4243|60|324|-C5-|-O--|2428|0011|555|0|3.426306|2.491000|-1.667000|1.660000|10.613374
241|239|2|8|_DC|_DC|4242|60|196|-C5-|-N4-|2425|0011|555|0|3.493671|0.252000|1.083000|3.312000|2.610043
241|240|2|8|_DC|_DC|4242|61|194|-C6-|-N3-|2425|0011|555|0|3.845844|-1.464000|1.807000|3.063000|1.400000
241|241|2|3|_DC|_DG|4242|61|81|-C6-|-N1-|2425|0001|555|0|3.721091|-0.996000|-0.902000|3.470000|1.400000
241|242|2|22|_DC|HOH|4243|61|324|-C6-|-O--|2428|0011|555|0|3.445001|3.052000|-0.419000|1.542000|13.045113
241|243|2|3|_DC|_DG|4242|61|80|-C6-|-O6-|2426|0001|555|0|3.754591|1.264999|-0.347000|3.518000|0.938406
241|244|2|3|_DC|_DG|4242|61|79|-C6-|-C6-|2424|0001|555|0|3.780183|0.408999|-1.230000|3.551000|1.157794
241|245|3|42|_DG|HOH|4243|66|384|-OP2|-O--|2628|0011|555|0|3.757885|-1.704000|-1.841000|2.798000|8.779222
241|246|3|45|_DG|HOH|4243|66|393|-OP2|-O--|2628|0011|555|0|3.529947|-0.138000|2.220000|2.741000|4.336075
241|247|3|42|_DG|HOH|4243|68|384|-C5'|-O--|2428|0011|555|0|3.868652|-3.627000|-1.227000|0.553000|27.024389
241|248|3|45|_DG|HOH|4243|68|393|-C5'|-O--|2428|0011|555|0|3.539109|-2.061000|2.834000|0.496000|16.879944
241|249|3|4|_DG|_DC|4242|69|89|-C4'|-P--|2427|0001|555|0|3.887402|-1.739000|-0.683000|3.409000|0.694483
241|250|3|4|_DG|_DC|4242|71|91|-C3'|-OP2|2426|0001|555|0|3.914001|-2.554000|-2.218000|1.969000|1.492472
241|251|3|4|_DG|_DC|4242|71|89|-C3'|-P--|2427|0001|555|0|2.708707|-1.569000|-1.032000|1.952001|0.103832
241|252|3|4|_DG|_DC|4242|71|92|-C3'|-O5'|2426|0001|555|0|3.151695|-2.423000|0.435000|1.968000|0.388777
241|253|3|4|_DG|_DC|4242|71|90|-C3'|-OP1|2426|0001|555|0|3.117327|-0.398000|-0.960001|2.939000|1.601181
241|254|3|41|_DG|HOH|4243|72|381|-O3'|-O--|2628|0011|555|0|3.961588|-1.777000|-2.171000|-2.797000|17.660133
241|255|3|34|_DG|HOH|4243|72|360|-O3'|-O--|2628|0011|555|0|3.304796|-1.183000|-3.068000|-0.331000|17.461214
241|256|3|4|_DG|_DC|4242|72|91|-O3'|-OP2|2626|0001|555|0|2.560582|-1.584000|-1.290999|1.542999|1.047162
241|257|3|4|_DG|_DC|4242|72|89|-O3'|-P--|2627|0001|555|0|1.642712|-0.599000|-0.105000|1.526000|0.396935
241|258|3|4|_DG|_DC|4242|72|92|-O3'|-O5'|2626|0001|555|0|2.518733|-1.453000|1.362000|1.542000|0.736878
241|259|4|3|_DC|_DG|4242|93|72|-C5'|-O3'|2426|0001|555|0|3.886333|2.333000|-1.564001|-2.686000|1.420800
241|260|3|4|_DG|_DC|4242|72|90|-O3'|-OP1|2626|0001|555|0|2.577487|0.572000|-0.033000|2.513000|1.141621
241|261|3|4|_DG|_DC|4242|73|89|-C2'|-P--|2427|0001|555|0|3.337027|-2.950000|-0.731000|1.378000|0.082530
241|262|3|4|_DG|_DC|4242|73|90|-C2'|-OP1|2426|0001|555|0|3.031888|-1.779000|-0.659000|2.365000|1.988300
241|263|3|4|_DG|_DC|4242|73|106|-C2'|-C5-|2424|0001|555|0|3.960833|0.110000|3.359000|2.096000|0.670450
241|264|3|22|_DG|HOH|4243|77|324|-N7-|-O--|2528|0011|555|0|3.928068|1.196000|3.038000|-2.184000|23.839613
241|265|4|3|_DC|_DG|4242|105|77|-N4-|-N7-|2525|0001|555|0|3.911000|1.420000|-2.017000|-3.035000|0.115171
241|266|4|3|_DC|_DG|4242|104|78|-C4-|-C5-|2424|0001|555|0|3.745241|1.513000|-1.006000|-3.275000|0.541629
241|267|3|22|_DG|HOH|4243|78|324|-C5-|-O--|2428|0011|555|0|3.984649|2.434000|2.268000|-2.193000|19.921463
241|268|3|4|_DG|_DC|4242|78|105|-C5-|-N4-|2425|0001|555|0|3.277928|-0.182000|1.247000|3.026000|0.228000
241|269|3|8|_DG|_DC|4242|79|194|-C6-|-N3-|2425|0011|555|0|3.601339|-1.873000|3.037000|-0.488000|0.136760
241|270|4|3|_DC|_DG|4242|104|79|-C4-|-C6-|2424|0001|555|0|3.724043|1.303999|0.451000|-3.459000|0.499819
241|271|3|4|_DG|_DC|4242|79|103|-C6-|-N3-|2425|0001|555|0|3.980205|-2.105999|0.620000|3.320000|0.828450
241|272|3|22|_DG|HOH|4243|79|324|-C6-|-O--|2428|0011|555|0|3.417493|2.643001|0.811000|-2.009000|20.248285
241|273|3|7|_DG|_DG|4242|79|171|-C6-|-O6-|2426|0011|555|0|3.769543|1.019000|2.238000|2.857000|0.828450
241|274|3|4|_DG|_DC|4242|79|105|-C6-|-N4-|2425|0001|555|0|3.216975|0.027000|-0.210000|3.210000|0.193225
241|275|3|8|_DG|_DC|4242|79|196|-C6-|-N4-|2425|0011|555|0|3.601581|0.404000|3.561000|-0.357000|0.288523
241|276|8|3|_DC|_DG|4242|194|80|-N3-|-O6-|2526|0011|555|0|3.506306|2.729000|-2.154000|0.455000|0.287040
241|277|8|3|_DC|_DG|4242|195|80|-C4-|-O6-|2426|0011|555|0|3.579809|1.740999|-3.075000|0.573000|0.374815
241|278|3|22|_DG|HOH|4243|80|324|-O6-|-O--|2628|0011|555|0|2.665170|1.787001|-0.072000|-1.976000|18.883368
241|279|3|58|_DG|HOH|4243|80|432|-O6-|-O--|2628|0011|555|0|2.946146|2.486000|0.928000|1.280000|15.429168
241|280|3|7|_DG|_DG|4242|80|171|-O6-|-O6-|2626|0011|555|0|3.196044|0.163000|1.355000|2.890000|1.048800
241|281|7|3|_DG|_DG|4242|170|80|-C6-|-O6-|2426|0011|555|0|3.767869|0.526999|-2.368000|-2.882999|0.349224
241|282|4|3|_DC|_DG|4242|105|80|-N4-|-O6-|2526|0001|555|0|3.521213|0.829000|1.093000|-3.243000|0.349224
241|283|8|3|_DC|_DG|4242|196|80|-N4-|-O6-|2526|0011|555|0|2.735135|0.452000|-2.678000|0.324000|0.454177
241|284|3|8|_DG|_DC|4242|81|194|-N1-|-N3-|2525|0011|555|0|2.779092|-0.468000|2.709000|-0.407000|0.000000
241|285|3|8|_DG|_DC|4242|81|193|-N1-|-O2-|2526|0011|555|0|3.560203|-2.711000|2.274000|-0.393000|0.071960
241|286|3|7|_DG|_DG|4242|81|172|-N1-|-N1-|2525|0011|555|0|3.994175|0.324000|2.817000|2.813001|0.625000
241|287|4|3|_DC|_DG|4242|104|81|-C4-|-N1-|2425|0001|555|0|3.626106|-0.101000|0.779000|-3.540000|0.328054
241|288|3|4|_DG|_DC|4242|81|103|-N1-|-N3-|2525|0001|555|0|3.484748|-0.701000|0.292000|3.401000|0.625000
241|289|8|3|_DC|_DG|4242|195|81|-C4-|-N1-|2425|0011|555|0|3.704447|-0.520000|-3.630000|0.525000|0.072016
241|290|8|3|_DC|_DG|4242|192|81|-C2-|-N1-|2425|0011|555|0|3.631570|1.797000|-3.113000|0.518000|0.030360
241|291|3|4|_DG|_DC|4242|81|105|-N1-|-N4-|2525|0001|555|0|3.629153|1.432000|-0.538000|3.291000|0.051020
241|292|3|8|_DG|_DC|4242|81|196|-N1-|-N4-|2525|0011|555|0|3.714962|1.809000|3.233000|-0.276000|0.137131
241|293|3|45|_DG|HOH|4243|82|393|-C2-|-O--|2428|0011|555|0|3.911064|-3.687000|-0.983000|-0.858000|27.409431
241|294|3|4|_DG|_DC|4242|82|106|-C2-|-C5-|2424|0001|555|0|3.916821|0.627000|-1.195000|3.677000|0.861250
241|295|3|8|_DG|_DC|4242|82|194|-C2-|-N3-|2425|0011|555|0|3.751100|0.585000|3.660000|-0.577000|0.159000
241|296|3|8|_DG|_DC|4242|82|193|-C2-|-O2-|2426|0011|555|0|3.669681|-1.658000|3.225000|-0.563000|0.082490
241|297|3|4|_DG|_DC|4242|82|104|-C2-|-C4-|2424|0001|555|0|3.566258|1.154000|0.172000|3.370000|0.527602
241|298|3|4|_DG|_DC|4242|82|103|-C2-|-N3-|2425|0001|555|0|3.479700|0.352000|1.243000|3.231000|0.861250
241|299|3|4|_DG|_DC|4242|82|101|-C2-|-C2-|2424|0001|555|0|3.699026|-1.017000|1.091000|3.385000|0.861250
241|300|3|45|_DG|HOH|4243|83|393|-N2-|-O--|2528|0011|555|0|2.965567|-2.433000|-1.456000|-0.869000|35.673267
241|301|4|3|_DC|_DG|4242|98|83|-C2'|-N2-|2425|0001|555|0|3.456066|2.251000|1.308000|-2.273000|0.354286
241|302|4|3|_DC|_DG|4242|100|83|-N1-|-N2-|2525|0001|555|0|3.771142|0.292000|0.679000|-3.698000|0.184450
241|303|3|8|_DG|_DC|4242|83|194|-N2-|-N3-|2525|0011|555|0|3.726209|1.839000|3.187000|-0.588000|0.380184
241|304|3|8|_DG|_DC|4242|83|193|-N2-|-O2-|2526|0011|555|0|2.840105|-0.404000|2.752000|-0.574000|0.473733
241|305|3|4|_DG|_DC|4242|83|103|-N2-|-N3-|2525|0001|555|0|3.679747|1.606000|0.770000|3.220000|0.184450
241|306|3|4|_DG|_DC|4242|83|102|-N2-|-O2-|2526|0001|555|0|3.679762|-0.530000|1.596000|3.273000|0.184450
241|307|4|3|_DC|_DG|4242|101|83|-C2-|-N2-|2425|0001|555|0|3.438309|-0.237000|-0.618000|-3.374000|0.184450
241|308|8|3|_DC|_DG|4242|192|83|-C2-|-N2-|2425|0011|555|0|3.693776|-0.510000|-3.591000|0.699000|0.419723
241|309|4|3|_DC|_DG|4242|107|84|-C6-|-N3-|2425|0001|555|0|3.833542|0.922000|-0.011000|-3.721000|0.314537
241|310|4|3|_DC|_DG|4242|106|84|-C5-|-N3-|2425|0001|555|0|3.589206|-0.420000|-0.159000|-3.561000|0.701250
241|311|4|3|_DC|_DG|4242|104|84|-C4-|-N3-|2425|0001|555|0|3.716719|-0.947000|-1.526000|-3.254000|0.392308
241|312|3|4|_DG|_DC|4242|85|106|-C4-|-C5-|2424|0001|555|0|3.624565|-0.934000|0.495000|3.467000|1.031250
241|313|3|4|_DG|_DC|4242|85|104|-C4-|-C4-|2424|0001|555|0|3.690297|-0.407000|1.862000|3.160000|0.671946
241|314|3|4|_DG|_DC|4242|85|105|-C4-|-N4-|2425|0001|555|0|3.708141|0.924000|2.103000|2.911000|0.336735
241|315|4|34|_DC|HOH|4243|89|360|-P--|-O--|2728|0011|555|0|3.545261|-0.584000|-2.963000|-1.857000|20.985518
241|316|4|27|_DC|HOH|4243|89|339|-P--|-O--|2728|0011|555|0|3.620043|-1.314000|-2.831000|1.834000|13.394637
241|317|4|30|_DC|HOH|4243|89|348|-P--|-O--|2728|0011|555|0|3.877380|1.710000|0.143000|3.476999|7.901381
241|318|4|31|_DC|HOH|4243|90|351|-OP1|-O--|2628|0011|555|0|3.983851|-1.341000|-1.938000|3.212000|10.625652
241|319|4|27|_DC|HOH|4243|90|339|-OP1|-O--|2628|0011|555|0|3.914083|-2.485000|-2.903000|0.847000|6.746667
241|320|4|30|_DC|HOH|4243|90|348|-OP1|-O--|2628|0011|555|0|2.548659|0.539000|0.071001|2.490000|3.438985
241|321|4|34|_DC|HOH|4243|91|360|-OP2|-O--|2628|0011|555|0|2.613505|0.401000|-1.777000|-1.874000|11.759999
241|322|4|27|_DC|HOH|4243|91|339|-OP2|-O--|2628|0011|555|0|2.473006|-0.329000|-1.645000|1.817000|6.970582
241|323|4|19|_DC|HOH|4243|93|315|-C5'|-O--|2428|0011|555|0|3.305642|-2.812000|-1.703001|0.346000|10.218451
241|324|4|5|_DC|_DG|4242|93|116|-C5'|-O4'|2426|0001|555|0|3.838701|-3.043000|0.168000|2.334000|0.701250
241|325|4|5|_DC|_DG|4242|93|113|-C5'|-O5'|2426|0001|555|0|3.859753|-3.526000|1.570000|0.011000|1.324050
241|326|4|5|_DC|_DG|4242|93|123|-C5'|-N7-|2425|0001|555|0|3.849107|1.035000|-0.800000|3.620000|0.094050
241|327|4|5|_DC|_DG|4242|93|122|-C5'|-C8-|2424|0001|555|0|3.790238|-0.276000|-1.048000|3.632000|0.494050
241|328|5|4|_DG|_DC|4242|131|93|-C4-|-C5'|2424|0001|555|0|3.619968|0.169000|-1.220000|-3.403999|0.083200
241|329|4|5|_DC|_DG|4242|93|124|-C5'|-C5-|2424|0001|555|0|3.730293|1.109000|0.649000|3.502000|0.000000
241|330|4|5|_DC|_DG|4242|93|121|-C5'|-N9-|2425|0001|555|0|3.778782|-1.057000|0.146000|3.625000|0.281250
241|331|4|5|_DC|_DG|4242|94|111|-C4'|-OP1|2426|0001|555|0|3.950066|-3.039000|0.193000|-2.516000|3.308800
241|332|4|5|_DC|_DG|4242|94|110|-C4'|-P--|2427|0001|555|0|3.375859|-2.924000|1.091000|-1.287000|2.122050
241|333|4|5|_DC|_DG|4242|94|116|-C4'|-O4'|2426|0001|555|0|3.823951|-2.735000|-1.309000|2.330000|0.701250
241|334|4|5|_DC|_DG|4242|94|114|-C4'|-C5'|2424|0001|555|0|3.847337|-3.560000|0.700000|1.280000|1.811250
241|335|4|5|_DC|_DG|4242|94|113|-C4'|-O5'|2426|0001|555|0|3.219351|-3.218000|0.093000|0.007000|1.324050
241|336|4|5|_DC|_DG|4242|94|131|-C4'|-C4-|2424|0001|555|0|3.412531|0.139000|-0.257000|3.400000|0.083200
241|337|4|5|_DC|_DG|4242|94|130|-C4'|-N3-|2425|0001|555|0|3.280367|-0.214000|1.060000|3.097000|0.000000
241|338|5|4|_DG|_DC|4242|128|94|-C2-|-C4'|2424|0001|555|0|3.726400|-0.918000|-1.831000|-3.113000|0.000000
241|339|4|5|_DC|_DG|4242|94|124|-C4'|-C5-|2424|0001|555|0|3.863868|1.417000|-0.828000|3.498000|0.000000
241|340|4|5|_DC|_DG|4242|94|121|-C4'|-N9-|2425|0001|555|0|3.929912|-0.749000|-1.331000|3.621000|0.281250
241|341|5|4|_DG|_DC|4242|131|95|-C4-|-O4'|2426|0001|555|0|3.246219|1.045000|0.968000|-2.917000|0.083200
241|342|5|4|_DG|_DC|4242|130|95|-N3-|-O4'|2526|0001|555|0|2.984829|1.398000|-0.349000|-2.614000|0.000000
241|343|5|4|_DG|_DC|4242|128|95|-C2-|-O4'|2426|0001|555|0|2.870898|0.266000|-1.120000|-2.630000|0.000000
241|344|5|4|_DG|_DC|4242|124|95|-C5-|-O4'|2426|0001|555|0|3.393087|-0.233000|1.539000|-3.015000|0.000000
241|345|5|4|_DG|_DC|4242|129|95|-N2-|-O4'|2526|0001|555|0|3.488267|0.415000|-2.432000|-2.466001|0.000000
241|346|5|4|_DG|_DC|4242|127|95|-N1-|-O4'|2526|0001|555|0|2.994861|-1.073000|-0.656000|-2.718000|0.000000
241|347|4|5|_DC|_DG|4242|95|126|-O4'|-O6-|2626|0001|555|0|3.899217|2.574000|-1.111000|2.710000|0.000000
241|348|5|4|_DG|_DC|4242|125|95|-C6-|-O4'|2426|0001|555|0|3.222207|-1.406000|0.706000|-2.812000|0.000000
241|349|4|5|_DC|_DG|4242|96|111|-C3'|-OP1|2426|0001|555|0|2.914640|-2.678000|-0.399000|-1.079000|1.656705
241|350|4|5|_DC|_DG|4242|96|110|-C3'|-P--|2427|0001|555|0|2.615429|-2.563000|0.499000|0.150001|0.857165
241|351|4|5|_DC|_DG|4242|96|113|-C3'|-O5'|2426|0001|555|0|3.239844|-2.857000|-0.499000|1.444000|0.334483
241|352|4|5|_DC|_DG|4242|96|112|-C3'|-OP2|2426|0001|555|0|3.840032|-3.388000|1.783000|0.297000|3.209809
241|353|4|45|_DC|HOH|4243|96|393|-C3'|-O--|2428|0011|555|0|3.768054|1.149000|0.564000|-3.544000|27.981993
241|354|4|5|_DC|_DG|4242|97|111|-O3'|-OP1|2626|0001|555|0|2.662618|-1.717000|-1.438000|-1.440000|1.495613
241|355|4|5|_DC|_DG|4242|97|110|-O3'|-P--|2627|0001|555|0|1.703680|-1.602000|-0.540000|-0.210999|0.733829
241|356|5|4|_DG|_DC|4242|114|97|-C5'|-O3'|2426|0001|555|0|3.380258|2.238000|0.931000|-2.356000|0.538662
241|357|4|5|_DC|_DG|4242|97|113|-O3'|-O5'|2626|0001|555|0|2.670796|-1.896000|-1.538000|1.083000|0.237993
241|358|4|37|_DC|HOH|4243|97|369|-O3'|-O--|2628|0011|555|0|3.056854|-1.242000|2.786000|0.200000|35.066540
241|359|4|5|_DC|_DG|4242|97|112|-O3'|-OP2|2626|0001|555|0|2.539284|-2.427000|0.744000|-0.064000|2.981115
241|360|4|29|_DC|HOH|4243|97|345|-O3'|-O--|2628|0011|555|0|3.739205|1.566000|3.231000|-1.044000|23.327955
241|361|4|5|_DC|_DG|4242|98|110|-C2'|-P--|2427|0001|555|0|3.938694|-3.894000|-0.213000|0.552000|1.074556
241|362|4|45|_DC|HOH|4243|98|393|-C2'|-O--|2428|0011|555|0|3.150745|-0.182000|-0.148000|-3.142000|29.970362
241|363|4|29|_DC|HOH|4243|98|345|-C2'|-O--|2428|0011|555|0|3.642170|-0.726000|3.558000|-0.281000|26.097582
241|364|4|5|_DC|_DG|4242|99|130|-C1'|-N3-|2425|0001|555|0|3.986572|-1.680000|-0.734000|3.540000|0.000000
241|365|4|5|_DC|_DG|4242|99|128|-C1'|-C2-|2424|0001|555|0|3.598167|-0.548000|0.037000|3.556000|0.000000
241|366|4|29|_DC|HOH|4243|99|345|-C1'|-O--|2428|0011|555|0|3.703814|-1.222000|3.068000|-1.677000|34.612202
241|367|4|5|_DC|_DG|4242|99|129|-C1'|-N2-|2425|0001|555|0|3.716352|-0.697000|1.349000|3.392000|0.000000
241|368|4|5|_DC|_DG|4242|99|127|-C1'|-N1-|2425|0001|555|0|3.753232|0.791000|-0.427000|3.644000|0.000000
241|369|4|5|_DC|_DG|4242|100|127|-N1-|-N1-|2525|0001|555|0|3.720237|-0.672000|-0.566000|3.615000|0.000000
241|370|4|6|_DC|_DC|4242|100|147|-N1-|-N3-|2525|0011|555|0|3.637447|1.644000|1.137000|3.039000|0.000000
241|371|4|29|_DC|HOH|4243|101|345|-C2-|-O--|2428|0011|555|0|3.860459|-3.214000|1.632000|-1.382000|34.612202
241|372|4|7|_DC|_DG|4242|101|172|-C2-|-N1-|2425|0011|555|0|3.667169|2.394000|2.677000|-0.742000|0.000000
241|373|4|6|_DC|_DC|4242|101|147|-C2-|-N3-|2425|0011|555|0|3.546631|1.115000|-0.160000|3.363000|0.000000
241|374|4|6|_DC|_DC|4242|101|146|-C2-|-O2-|2426|0011|555|0|3.692349|-0.360000|1.639000|3.289000|0.000000
241|375|4|6|_DC|_DC|4242|101|145|-C2-|-C2-|2424|0011|555|0|3.569937|0.821000|1.220000|3.253000|1.362450
241|376|4|7|_DC|_DG|4242|101|174|-C2-|-N2-|2425|0011|555|0|3.512975|0.173000|3.476000|-0.478000|0.083200
241|377|4|29|_DC|HOH|4243|102|345|-O2-|-O--|2628|0011|555|0|2.838395|-2.447000|0.654000|-1.281000|34.612202
241|378|7|4|_DG|_DC|4242|172|102|-N1-|-O2-|2526|0011|555|0|3.645463|-3.161000|-1.699000|0.641000|0.000000
241|379|4|6|_DC|_DC|4242|102|146|-O2-|-O2-|2626|0011|555|0|3.477739|0.407000|0.661000|3.389999|0.000000
241|380|6|4|_DC|_DC|4242|145|102|-C2-|-O2-|2426|0011|555|0|3.718820|-1.588000|-0.242000|-3.354000|1.362450
241|381|7|4|_DG|_DC|4242|174|102|-N2-|-O2-|2526|0011|555|0|2.695502|-0.940000|-2.498000|0.377000|0.083200
241|382|7|4|_DG|_DC|4242|173|102|-C2-|-O2-|2426|0011|555|0|3.630075|-2.255000|-2.777000|0.617001|0.732450
241|383|7|4|_DG|_DC|4242|172|103|-N1-|-N3-|2525|0011|555|0|2.787829|-1.025000|-2.525000|0.587999|0.000000
241|384|6|4|_DC|_DC|4242|148|103|-C4-|-N3-|2425|0011|555|0|3.786602|-1.053000|0.736000|-3.562000|0.536800
241|385|4|6|_DC|_DC|4242|103|147|-N3-|-N3-|2525|0011|555|0|3.539937|-0.254000|-0.312000|3.517000|0.000000
241|386|6|4|_DC|_DC|4242|145|103|-C2-|-N3-|2425|0011|555|0|3.612282|0.548000|-1.068000|-3.407001|1.362450
241|387|6|4|_DC|_DC|4242|144|103|-N1-|-N3-|2525|0011|555|0|3.884113|-0.534000|-1.976000|-3.301001|1.084200
241|388|7|4|_DG|_DC|4242|174|103|-N2-|-N3-|2525|0011|555|0|3.547445|1.196000|-3.324000|0.323999|0.083200
241|389|7|4|_DG|_DC|4242|173|103|-C2-|-N3-|2425|0011|555|0|3.648817|-0.119000|-3.603000|0.564000|0.732450
241|390|4|7|_DC|_DG|4242|103|171|-N3-|-O6-|2526|0011|555|0|3.549354|3.125000|1.618000|-0.462999|0.000000
241|391|7|4|_DG|_DC|4242|170|103|-C6-|-N3-|2425|0011|555|0|3.615561|-2.435000|-2.631000|0.470000|0.551250
241|392|6|4|_DC|_DC|4242|150|103|-C5-|-N3-|2425|0011|555|0|3.991626|-2.175000|-0.183000|-3.342000|0.424800
241|393|4|6|_DC|_DC|4242|104|149|-C4-|-N4-|2425|0011|555|0|3.775355|0.489000|-0.991000|3.610001|0.232050
241|394|4|7|_DC|_DG|4242|104|172|-C4-|-N1-|2425|0011|555|0|3.675524|0.223000|3.596000|-0.726999|0.232050
241|395|4|6|_DC|_DC|4242|104|148|-C4-|-C4-|2424|0011|555|0|3.448501|0.251000|0.335000|3.423000|0.253937
241|396|4|6|_DC|_DC|4242|104|147|-C4-|-N3-|2425|0011|555|0|3.619683|-1.056000|0.759000|3.378000|0.232050
241|397|4|7|_DC|_DG|4242|104|171|-C4-|-O6-|2426|0011|555|0|3.604088|2.322999|2.689000|-0.601999|0.232050
241|398|4|6|_DC|_DC|4242|104|150|-C4-|-C5-|2424|0011|555|0|3.703627|1.373000|1.254000|3.203000|0.160181
241|399|7|4|_DG|_DC|4242|172|105|-N1-|-N4-|2525|0011|555|0|3.565413|1.108000|-3.355000|0.478000|0.551250
241|400|6|4|_DC|_DC|4242|148|105|-C4-|-N4-|2425|0011|555|0|3.828684|1.080000|-0.094000|-3.672000|0.010041
241|401|4|7|_DC|_DG|4242|105|171|-N4-|-O6-|2526|0011|555|0|2.664841|0.992000|2.448000|-0.353000|0.551250
241|402|7|4|_DG|_DC|4242|170|105|-C6-|-N4-|2425|0011|555|0|3.492753|-0.302000|-3.461000|0.360001|0.000000
241|403|6|4|_DC|_DC|4242|150|105|-C5-|-N4-|2425|0011|555|0|3.597810|-0.042000|-1.013000|-3.452000|0.093432
241|404|4|6|_DC|_DC|4242|106|149|-C5-|-N4-|2425|0011|555|0|3.476125|1.016000|0.376000|3.303000|0.000000
241|405|6|4|_DC|_DC|4242|148|106|-C4-|-C5-|2424|0011|555|0|3.634769|-0.778000|-1.702000|-3.116000|0.536800
241|406|4|6|_DC|_DC|4242|106|147|-C5-|-N3-|2425|0011|555|0|3.772368|-0.529000|2.126000|3.071000|0.000000
241|407|4|6|_DC|_DC|4242|107|149|-C6-|-N4-|2425|0011|555|0|3.963987|2.358000|0.524000|3.143001|0.306450
241|408|4|5|_DC|_DG|4242|107|127|-C6-|-N1-|2425|0001|555|0|3.839821|-1.503000|0.571000|3.487000|0.306450
241|409|4|5|_DC|_DG|4242|107|126|-C6-|-O6-|2426|0001|555|0|3.678840|-0.002000|-1.196000|3.479000|0.306450
241|410|4|5|_DC|_DG|4242|107|125|-C6-|-C6-|2424|0001|555|0|3.849434|-1.170000|-0.791000|3.581000|0.306450
241|411|4|6|_DC|_DC|4242|107|147|-C6-|-N3-|2425|0011|555|0|3.782323|0.813000|2.274000|2.911000|0.306450
241|412|5|21|_DG|HOH|4243|110|321|-P--|-O--|2728|0011|555|0|3.617646|-3.494000|0.690000|0.634999|0.641945
241|413|5|36|_DG|HOH|4243|110|366|-P--|-O--|2728|0011|555|0|3.399309|-1.536000|-3.028000|-0.165000|70.841949
241|414|5|37|_DG|HOH|4243|110|369|-P--|-O--|2728|0011|555|0|3.370578|0.360000|3.326000|0.410999|26.637993
241|415|5|25|_DG|HOH|4243|110|333|-P--|-O--|2728|0011|555|0|3.732316|-1.870000|2.430000|-2.128000|28.042252
241|416|5|36|_DG|HOH|4243|111|366|-OP1|-O--|2628|0011|555|0|2.772767|-1.421000|-2.130000|1.064000|59.861702
241|417|5|25|_DG|HOH|4243|111|333|-OP1|-O--|2628|0011|555|0|3.868309|-1.755000|3.328000|-0.899000|23.113220
241|418|5|21|_DG|HOH|4243|112|321|-OP2|-O--|2628|0011|555|0|2.777506|-2.669000|-0.594000|0.488000|0.746667
241|419|5|37|_DG|HOH|4243|112|369|-OP2|-O--|2628|0011|555|0|2.375644|1.185000|2.042000|0.264000|16.600557
241|420|5|32|_DG|HOH|4243|112|354|-OP2|-O--|2628|0011|555|0|3.353108|-1.835000|2.797000|0.230000|13.925557
241|421|5|25|_DG|HOH|4243|112|333|-OP2|-O--|2628|0011|555|0|2.753355|-1.045000|1.146000|-2.275000|17.568060
241|422|5|21|_DG|HOH|4243|113|321|-O5'|-O--|2628|0011|555|0|3.677449|-3.200000|1.688000|-0.659000|1.227216
241|423|5|19|_DG|HOH|4243|113|315|-O5'|-O--|2628|0011|555|0|3.366683|0.714000|-3.273000|0.335000|5.262405
241|424|5|36|_DG|HOH|4243|113|366|-O5'|-O--|2628|0011|555|0|2.791441|-1.242000|-2.030000|-1.459000|82.312714
241|425|5|21|_DG|HOH|4243|114|321|-C5'|-O--|2428|0011|555|0|3.615156|-2.858000|1.081000|-1.932000|0.841143
241|426|5|36|_DG|HOH|4243|114|366|-C5'|-O--|2428|0011|555|0|3.902254|-0.900000|-2.637000|-2.731999|74.746033
241|427|5|33|_DG|HOH|4243|114|357|-C5'|-O--|2428|0011|555|0|3.956437|1.362000|3.625000|0.811000|18.800127
241|428|5|19|_DG|HOH|4243|115|315|-C4'|-O--|2428|0011|555|0|3.564680|1.438000|-2.698000|-1.833000|6.561116
241|429|5|36|_DG|HOH|4243|115|366|-C4'|-O--|2428|0011|555|0|3.942141|-0.518000|-1.455000|-3.627000|94.153847
241|430|5|19|_DG|HOH|4243|116|315|-O4'|-O--|2628|0011|555|0|2.739735|0.231000|-1.871000|-1.988000|6.800158
241|431|5|19|_DG|HOH|4243|120|315|-C1'|-O--|2428|0011|555|0|3.841004|-0.270000|-1.881001|-3.338000|9.984237
241|432|5|40|_DG|HOH|4243|121|378|-N9-|-O--|2528|0011|555|0|3.681366|1.029000|-1.063000|3.371000|6.180178
241|433|5|31|_DG|HOH|4243|122|351|-C8-|-O--|2428|0011|555|0|3.149987|1.840000|-2.487000|-0.593000|22.027470
241|434|5|40|_DG|HOH|4243|122|378|-C8-|-O--|2428|0011|555|0|3.375672|0.248000|0.131000|3.364000|5.436597
241|435|5|23|_DG|HOH|4243|122|327|-C8-|-O--|2428|0011|555|0|3.380193|1.840000|-1.779000|2.208000|10.126638
241|436|5|30|_DG|HOH|4243|122|348|-C8-|-O--|2428|0011|555|0|3.974432|3.720000|-0.478000|-1.315001|9.057510
241|437|5|13|_DG|_MG|4245|122|305|-C8-|MG--|2437|0011|555|0|3.170101|2.887000|-1.233000|0.441000|9.178007
241|438|5|31|_DG|HOH|4243|123|351|-N7-|-O--|2528|0011|555|0|2.845633|0.529000|-2.735000|-0.581000|26.715313
241|439|5|40|_DG|HOH|4243|123|378|-N7-|-O--|2528|0011|555|0|3.541333|-1.063000|-0.117000|3.376000|7.037608
241|440|5|23|_DG|HOH|4243|123|327|-N7-|-O--|2528|0011|555|0|3.052372|0.529000|-2.027000|2.220000|12.640192
241|441|5|30|_DG|HOH|4243|123|348|-N7-|-O--|2528|0011|555|0|2.833402|2.409000|-0.726000|-1.303000|11.367561
241|442|5|18|_DG|HOH|4243|123|312|-N7-|-O--|2528|0011|555|0|3.022947|2.526000|-0.109000|1.657001|3.972345
241|443|5|13|_DG|_MG|4245|123|305|-N7-|MG--|2537|0011|555|0|2.209604|1.576000|-1.481000|0.453000|11.511101
241|444|5|40|_DG|HOH|4243|124|378|-C5-|-O--|2428|0011|555|0|3.994141|-1.137000|-1.566000|3.494000|7.580200
241|445|5|30|_DG|HOH|4243|124|348|-C5-|-O--|2428|0011|555|0|3.403979|2.335000|-2.175000|-1.185000|12.150451
241|446|5|18|_DG|HOH|4243|124|312|-C5-|-O--|2428|0011|555|0|3.404452|2.452000|-1.558000|1.775001|4.336051
241|447|5|13|_DG|_MG|4245|124|305|-C5-|MG--|2437|0011|555|0|3.341698|1.502000|-2.930000|0.571000|12.301800
241|448|5|51|_DG|HOH|4243|125|411|-C6-|-O--|2428|0011|555|0|3.850977|3.240000|-2.032000|0.451000|55.468201
241|449|5|30|_DG|HOH|4243|125|348|-C6-|-O--|2428|0011|555|0|3.370850|1.162000|-3.008000|-0.982000|12.150451
241|450|5|18|_DG|HOH|4243|125|312|-C6-|-O--|2428|0011|555|0|3.356369|1.279000|-2.391000|1.978001|4.336051
241|451|5|13|_DG|_MG|4245|125|305|-C6-|MG--|2437|0011|555|0|3.855839|0.329000|-3.763000|0.774000|12.301800
241|452|5|6|_DG|_DC|4242|125|149|-C6-|-N4-|2425|0011|555|0|3.790495|3.528000|1.315000|-0.438000|0.000000
241|453|5|6|_DG|_DC|4242|125|147|-C6-|-N3-|2425|0011|555|0|3.711524|1.983000|3.065000|-0.670000|0.000000
241|454|5|51|_DG|HOH|4243|126|411|-O6-|-O--|2628|0011|555|0|2.691862|2.072000|-1.627000|0.553000|55.468201
241|455|5|30|_DG|HOH|4243|126|348|-O6-|-O--|2628|0011|555|0|2.747734|-0.006000|-2.603000|-0.880000|12.150451
241|456|5|18|_DG|HOH|4243|126|312|-O6-|-O--|2628|0011|555|0|2.878006|0.111000|-1.986000|2.080001|4.336051
241|457|5|13|_DG|_MG|4245|126|305|-O6-|MG--|2637|0011|555|0|3.570359|-0.839000|-3.358000|0.876000|12.301800
241|458|6|5|_DC|_DG|4242|149|126|-N4-|-O6-|2526|0011|555|0|2.939540|-2.360000|-1.720000|0.335999|0.000000
241|459|6|5|_DC|_DG|4242|148|126|-C4-|-O6-|2426|0011|555|0|3.748937|-2.122000|-3.046000|0.523000|0.536800
241|460|6|5|_DC|_DG|4242|147|126|-N3-|-O6-|2526|0011|555|0|3.609397|-0.815000|-3.470000|0.568000|0.000000
241|461|5|6|_DG|_DC|4242|127|149|-N1-|-N4-|2525|0011|555|0|3.876579|3.861000|-0.047000|-0.344000|0.000000
241|462|6|5|_DC|_DG|4242|148|127|-C4-|-N1-|2425|0011|555|0|3.878651|-3.623000|-1.279000|0.531000|0.536800
241|463|5|6|_DG|_DC|4242|127|147|-N1-|-N3-|2525|0011|555|0|2.931866|2.316000|1.703000|-0.576000|0.000000
241|464|5|6|_DG|_DC|4242|127|146|-N1-|-O2-|2526|0011|555|0|3.659752|0.841000|3.502000|-0.650001|0.000000
241|465|6|5|_DC|_DG|4242|145|127|-C2-|-N1-|2425|0011|555|0|3.750196|-2.022000|-3.083000|0.686000|1.362450
241|466|5|6|_DG|_DC|4242|128|147|-C2-|-N3-|2425|0011|555|0|3.890024|3.655000|1.239000|-0.488000|0.000000
241|467|5|6|_DG|_DC|4242|128|146|-C2-|-O2-|2426|0011|555|0|3.781228|2.180000|3.038000|-0.562000|0.000000
241|468|5|33|_DG|HOH|4243|129|357|-N2-|-O--|2528|0011|555|0|3.307020|-2.967000|1.182000|-0.858001|35.032452
241|469|5|6|_DG|_DC|4242|129|147|-N2-|-N3-|2525|0011|555|0|3.818471|3.804000|-0.073000|-0.324000|0.000000
241|470|5|6|_DG|_DC|4242|129|146|-N2-|-O2-|2526|0011|555|0|2.926042|2.329000|1.726000|-0.398001|0.000000
241|471|6|5|_DC|_DG|4242|145|129|-C2-|-N2-|2425|0011|555|0|3.770504|-3.510000|-1.307000|0.434000|1.362450
241|472|5|33|_DG|HOH|4243|130|357|-N3-|-O--|2528|0011|555|0|3.950762|-1.984000|3.265000|-1.006001|35.032452
241|473|6|59|_DC|HOH|4243|136|435|-O5'|-O--|2628|0011|555|0|3.060554|-0.662999|1.351000|2.664999|17.888700
241|474|6|68|_DC|HOH|4243|136|462|-O5'|-O--|2628|0011|555|0|2.583826|2.282001|-0.930000|-0.777000|7.574626
241|475|7|6|_DG|_DC|4242|176|137|-C4-|-C5'|2424|0001|555|0|3.863947|0.879001|0.705000|3.696000|2.162939
241|476|6|7|_DC|_DG|4242|137|169|-C5'|-C5-|2424|0001|555|0|3.968017|0.080000|-1.722000|-3.574000|2.682480
241|477|6|7|_DC|_DG|4242|137|166|-C5'|-N9-|2425|0001|555|0|3.992502|-0.135000|0.482000|-3.961000|3.262520
241|478|6|59|_DC|HOH|4243|137|435|-C5'|-O--|2428|0011|555|0|3.661961|-0.101000|0.378000|3.640999|21.195263
241|479|6|7|_DC|_DG|4242|137|161|-C5'|-O4'|2426|0001|555|0|3.699741|-1.250000|2.210000|-2.691000|3.423090
241|480|6|68|_DC|HOH|4243|137|462|-C5'|-O--|2428|0011|555|0|3.427732|2.844000|-1.903000|0.198999|9.392774
241|481|6|7|_DC|_DG|4242|138|175|-C4'|-N3-|2425|0001|555|0|3.512051|-0.757000|-0.499000|-3.393001|3.118050
241|482|7|6|_DG|_DC|4242|173|138|-C2-|-C4'|2424|0001|555|0|3.970933|1.181000|1.792000|3.341001|1.608094
241|483|6|7|_DC|_DG|4242|138|159|-C4'|-C5'|2424|0001|555|0|3.774049|-2.109000|2.586000|-1.763000|0.010027
241|484|6|7|_DC|_DG|4242|138|158|-C4'|-O5'|2426|0001|555|0|3.302836|-1.558000|2.879000|-0.439000|0.145312
241|485|6|7|_DC|_DG|4242|138|155|-C4'|-P--|2427|0001|555|0|3.373845|-2.317000|2.286000|0.888000|1.104661
241|486|6|7|_DC|_DG|4242|138|156|-C4'|-OP1|2426|0001|555|0|3.876638|-1.597000|2.821000|2.125999|2.878320
241|487|6|7|_DC|_DG|4242|138|176|-C4'|-C4-|2424|0001|555|0|3.468171|0.629000|-0.401000|-3.387000|1.190323
241|488|6|7|_DC|_DG|4242|138|169|-C4'|-C5-|2424|0001|555|0|3.897781|1.588000|-1.418000|-3.265000|1.587558
241|489|6|7|_DC|_DG|4242|138|166|-C4'|-N9-|2425|0001|555|0|3.979954|1.373000|0.786000|-3.652000|2.031050
241|490|6|7|_DC|_DG|4242|138|161|-C4'|-O4'|2426|0001|555|0|3.472850|0.258000|2.514000|-2.382000|2.153820
241|491|7|6|_DG|_DC|4242|172|139|-N1-|-O4'|2526|0001|555|0|3.172188|0.012000|1.526000|2.780999|2.380000
241|492|7|6|_DG|_DC|4242|175|139|-N3-|-O4'|2526|0001|555|0|2.974650|0.494000|-0.845000|2.809000|2.380000
241|493|7|6|_DG|_DC|4242|174|139|-N2-|-O4'|2526|0001|555|0|3.442398|2.233000|0.727000|2.516999|2.157693
241|494|7|6|_DG|_DC|4242|173|139|-C2-|-O4'|2426|0001|555|0|2.940149|0.918000|0.448000|2.757000|1.098055
241|495|7|6|_DG|_DC|4242|170|139|-C6-|-O4'|2426|0001|555|0|3.326015|-1.398000|1.420000|2.663000|1.318367
241|496|7|6|_DG|_DC|4242|176|139|-C4-|-O4'|2426|0001|555|0|3.088967|-0.891999|-0.943000|2.802999|0.743369
241|497|7|6|_DG|_DC|4242|169|139|-C5-|-O4'|2426|0001|555|0|3.258748|-1.851000|0.074000|2.681000|1.080620
241|498|6|7|_DC|_DG|4242|140|158|-C3'|-O5'|2426|0001|555|0|3.385751|-0.750000|2.789000|-1.767000|0.102611
241|499|6|7|_DC|_DG|4242|140|157|-C3'|-OP2|2426|0001|555|0|3.858529|-3.019000|2.326000|-0.603001|2.379643
241|500|6|7|_DC|_DG|4242|140|155|-C3'|-P--|2427|0001|555|0|2.700574|-1.509000|2.196000|-0.440001|0.757506
241|501|6|7|_DC|_DG|4242|140|156|-C3'|-OP1|2426|0001|555|0|2.952573|-0.789000|2.731000|0.797999|2.361171
241|502|6|59|_DC|HOH|4243|140|435|-C3'|-O--|2428|0011|555|0|3.483040|2.215000|0.592000|2.621999|23.630026
241|503|6|67|_DC|HOH|4243|140|459|-C3'|-O--|2428|0011|555|0|3.910891|1.366000|3.015000|2.082999|3.711400
241|504|6|61|_DC|HOH|4243|141|441|-O3'|-O--|2628|0011|555|0|3.896956|-2.229000|-0.713000|-3.116000|1.268186
241|505|7|6|_DG|_DC|4242|159|141|-C5'|-O3'|2426|0001|555|0|3.350904|0.006000|-1.964000|2.715000|1.365326
241|506|6|7|_DC|_DG|4242|141|158|-O3'|-O5'|2626|0001|555|0|2.706650|0.545000|2.257000|-1.391000|1.126214
241|507|6|7|_DC|_DG|4242|141|157|-O3'|-OP2|2626|0001|555|0|2.498427|-1.724000|1.794000|-0.227000|1.016034
241|508|6|7|_DC|_DG|4242|141|155|-O3'|-P--|2627|0001|555|0|1.678925|-0.214000|1.664000|-0.064000|0.165589
241|509|6|7|_DC|_DG|4242|141|156|-O3'|-OP1|2626|0001|555|0|2.543602|0.506000|2.199000|1.174000|1.002427
241|510|6|7|_DC|_DG|4242|142|155|-C2'|-P--|2427|0001|555|0|3.972634|-1.303000|3.653000|-0.860001|1.834801
241|511|6|59|_DC|HOH|4243|142|435|-C2'|-O--|2428|0011|555|0|3.861145|2.421000|2.049000|2.201999|30.781042
241|512|6|7|_DC|_DG|4242|143|172|-C1'|-N1-|2425|0001|555|0|3.901218|0.883000|-0.853000|-3.702999|1.138050
241|513|6|7|_DC|_DG|4242|143|174|-C1'|-N2-|2425|0001|555|0|3.690511|-1.338000|-0.054000|-3.438999|0.986202
241|514|6|7|_DC|_DG|4242|143|173|-C1'|-C2-|2424|0001|555|0|3.685946|-0.023000|0.225000|-3.679000|0.262412
241|515|6|7|_DC|_DG|4242|144|172|-N1-|-N1-|2525|0001|555|0|3.958131|0.491000|0.549000|-3.889000|1.084200
241|516|6|17|_DC|HOH|4243|148|309|-C4-|-O--|2428|0011|555|0|3.692394|3.107000|-1.971000|-0.309000|0.532992
241|517|6|51|_DC|HOH|4243|149|411|-N4-|-O--|2528|0011|555|0|3.475007|-0.288000|-3.347000|0.889000|55.468201
241|518|6|17|_DC|HOH|4243|149|309|-N4-|-O--|2528|0011|555|0|2.982148|2.869000|-0.645000|-0.496000|1.286050
241|519|6|20|_DC|HOH|4243|149|318|-N4-|-O--|2528|0011|555|0|3.943950|2.070000|-2.937000|1.625999|26.364449
241|520|6|17|_DC|HOH|4243|150|309|-C5-|-O--|2428|0011|555|0|3.507171|1.985001|-2.890000|-0.089000|0.649026
241|521|6|55|_DC|HOH|4243|150|423|-C5-|-O--|2428|0011|555|0|3.737016|2.842000|1.480000|-1.922999|7.135805
241|522|6|7|_DC|_DG|4242|151|171|-C6-|-O6-|2426|0001|555|0|3.903172|1.254000|0.096000|-3.695000|0.655200
241|523|6|7|_DC|_DG|4242|151|170|-C6-|-C6-|2424|0001|555|0|3.905482|0.564000|1.109000|-3.702001|0.072000
241|524|6|55|_DC|HOH|4243|151|423|-C6-|-O--|2428|0011|555|0|3.633754|3.146000|0.141000|-1.813000|6.336706
241|525|7|70|_DG|HOH|4243|155|468|-P--|-O--|2728|0011|555|0|3.477978|-2.107000|2.682000|-0.681000|4.941988
241|526|7|64|_DG|HOH|4243|155|450|-P--|-O--|2728|0011|555|0|3.850370|-0.345000|2.601000|2.818000|21.393341
241|527|7|67|_DG|HOH|4243|155|459|-P--|-O--|2728|0011|555|0|3.911766|2.875000|0.819000|2.523000|2.296245
241|528|7|64|_DG|HOH|4243|156|450|-OP1|-O--|2628|0011|555|0|2.810513|-1.065000|2.066000|1.580000|15.278532
241|529|7|67|_DG|HOH|4243|156|459|-OP1|-O--|2628|0011|555|0|2.525056|2.155000|0.284000|1.285000|0.750304
241|530|7|61|_DG|HOH|4243|157|441|-OP2|-O--|2628|0011|555|0|3.858289|-0.505000|-2.507000|-2.889000|0.185786
241|531|7|72|_DG|HOH|4243|157|474|-OP2|-O--|2628|0011|555|0|3.466956|-3.221000|-1.235000|-0.346000|20.207144
241|532|7|78|_DG|HOH|4243|157|492|-OP2|-O--|2628|0011|555|0|3.937365|-1.625000|-0.131000|-3.584000|4.080643
241|533|7|70|_DG|HOH|4243|157|468|-OP2|-O--|2628|0011|555|0|2.671598|-0.597000|2.552000|-0.518000|2.663018
241|534|7|70|_DG|HOH|4243|158|468|-O5'|-O--|2628|0011|555|0|3.604885|-2.866000|2.089000|0.646000|7.392116
241|535|7|61|_DG|HOH|4243|159|441|-C5'|-O--|2428|0011|555|0|3.502693|-2.223000|-2.677000|-0.401000|3.298370
241|536|7|78|_DG|HOH|4243|159|492|-C5'|-O--|2428|0011|555|0|3.530930|-3.343000|-0.301000|-1.096000|10.560979
241|537|7|8|_DG|_DC|4242|159|182|-C5'|-OP2|2426|0001|555|0|3.562600|-2.226000|1.496000|-2.344999|0.000000
241|538|7|70|_DG|HOH|4243|159|468|-C5'|-O--|2428|0011|555|0|3.861871|-2.315000|2.382000|1.970000|8.001984
241|539|7|82|_DG|HOH|4243|159|504|-C5'|-O--|2428|0011|555|0|3.748177|-1.623000|3.333000|-0.552999|0.580679
241|540|7|8|_DG|_DC|4242|160|182|-C4'|-OP2|2426|0001|555|0|3.692060|-3.274000|0.997000|-1.384999|0.834133
241|541|7|8|_DG|_DC|4242|160|180|-C4'|-P--|2427|0001|555|0|3.690992|-2.381000|0.957000|-2.653000|0.461539
241|542|7|82|_DG|HOH|4243|160|504|-C4'|-O--|2428|0011|555|0|3.915539|-2.671000|2.834000|0.407001|1.662033
241|543|7|53|_DG|HOH|4243|160|417|-C4'|-O--|2428|0011|555|0|3.566084|-0.084000|3.530000|-0.499000|0.103333
241|544|7|8|_DG|_DC|4242|162|182|-C3'|-OP2|2426|0001|555|0|3.210945|-2.892000|1.392000|0.094001|0.632866
241|545|7|8|_DG|_DC|4242|162|183|-C3'|-O5'|2426|0001|555|0|2.960870|-2.223000|-0.104000|-1.953000|1.789800
241|546|7|8|_DG|_DC|4242|162|181|-C3'|-OP1|2426|0001|555|0|3.888269|-1.982000|2.533000|-2.184999|0.608897
241|547|7|8|_DG|_DC|4242|162|180|-C3'|-P--|2427|0001|555|0|2.683688|-1.999000|1.352000|-1.174000|0.652154
241|548|8|7|_DC|_DG|4242|184|163|-C5'|-O3'|2426|0001|555|0|3.889945|2.979000|1.253000|2.164999|1.257941
241|549|7|8|_DG|_DC|4242|163|182|-O3'|-OP2|2626|0001|555|0|2.580520|-2.464000|0.181000|0.745001|0.436231
241|550|7|8|_DG|_DC|4242|163|183|-O3'|-O5'|2626|0001|555|0|2.578072|-1.795000|-1.315000|-1.302000|2.122050
241|551|7|8|_DG|_DC|4242|163|181|-O3'|-OP1|2626|0001|555|0|2.552598|-1.554000|1.322000|-1.533999|0.825627
241|552|7|8|_DG|_DC|4242|163|180|-O3'|-P--|2627|0001|555|0|1.661761|-1.571000|0.141000|-0.523000|0.873115
241|553|7|82|_DG|HOH|4243|163|504|-O3'|-O--|2628|0011|555|0|3.737916|-1.861000|2.018000|2.537001|1.146201
241|554|7|53|_DG|HOH|4243|163|417|-O3'|-O--|2628|0011|555|0|3.248544|0.726000|2.714000|1.631001|0.201645
241|555|7|8|_DG|_DC|4242|164|198|-C2'|-C6-|2424|0001|555|0|3.712611|-1.503000|-2.609000|-2.172000|1.726050
241|556|7|8|_DG|_DC|4242|164|197|-C2'|-C5-|2424|0001|555|0|3.660681|-0.200000|-3.005000|-2.081000|1.227264
241|557|7|54|_DG|HOH|4243|164|420|-C2'|-O--|2428|0011|555|0|3.790547|-0.039001|0.101000|-3.789000|6.462059
241|558|7|8|_DG|_DC|4242|164|183|-C2'|-O5'|2426|0001|555|0|3.737482|-3.511000|0.227000|-1.261000|1.726050
241|559|7|8|_DG|_DC|4242|164|180|-C2'|-P--|2427|0001|555|0|3.724135|-3.287000|1.683000|-0.482000|0.610038
241|560|7|28|_DG|HOH|4243|164|342|-C2'|-O--|2428|0011|555|0|3.827463|2.752000|-0.615000|-2.588000|16.100323
241|561|7|56|_DG|HOH|4243|167|426|-C8-|-O--|2428|0011|555|0|3.368253|2.458000|-2.046000|-1.057000|29.127455
241|562|7|58|_DG|HOH|4243|168|432|-N7-|-O--|2528|0011|555|0|3.805218|1.238000|-3.304000|-1.425000|18.400000
241|563|7|55|_DG|HOH|4243|168|423|-N7-|-O--|2528|0011|555|0|3.597772|0.807000|-2.832000|2.067000|6.673469
241|564|8|7|_DC|_DG|4242|196|168|-N4-|-N7-|2525|0001|555|0|3.805228|1.700000|1.554000|3.029000|0.082701
241|565|7|56|_DG|HOH|4243|168|426|-N7-|-O--|2528|0011|555|0|2.698519|2.295000|-0.734000|-1.215000|35.953300
241|566|8|7|_DC|_DG|4242|195|169|-C4-|-C5-|2424|0001|555|0|3.873893|1.667000|0.639000|3.438000|0.159259
241|567|7|55|_DG|HOH|4243|169|423|-C5-|-O--|2428|0011|555|0|3.677484|2.129000|-2.314000|1.907001|6.062597
241|568|7|8|_DG|_DC|4242|169|196|-C5-|-N4-|2425|0001|555|0|3.374300|-0.378000|-1.036000|-3.189000|0.228608
241|569|7|56|_DG|HOH|4243|169|426|-C5-|-O--|2428|0011|555|0|3.875560|3.617000|-0.216000|-1.375000|33.603062
241|570|8|7|_DC|_DG|4242|195|170|-C4-|-C6-|2424|0001|555|0|3.730627|1.214000|-0.707000|3.455999|0.020165
241|571|7|58|_DG|HOH|4243|170|432|-C6-|-O--|2428|0011|555|0|3.704237|3.013000|-1.440000|-1.603000|18.400000
241|572|7|55|_DG|HOH|4243|170|423|-C6-|-O--|2428|0011|555|0|3.342465|2.582000|-0.968000|1.889001|6.673469
241|573|7|8|_DG|_DC|4242|170|196|-C6-|-N4-|2425|0001|555|0|3.222821|0.075000|0.310000|-3.207000|0.082701
241|574|7|58|_DG|HOH|4243|171|432|-O6-|-O--|2628|0011|555|0|2.858454|2.323000|-0.427000|-1.610001|24.351252
241|575|7|55|_DG|HOH|4243|171|423|-O6-|-O--|2628|0011|555|0|2.669010|1.892000|0.045000|1.882000|9.401249
241|576|8|7|_DC|_DG|4242|196|171|-N4-|-O6-|2526|0001|555|0|3.529639|0.615000|-1.323000|3.214001|0.438450
241|577|7|8|_DG|_DC|4242|172|194|-N1-|-N3-|2525|0001|555|0|3.317730|-0.792000|-0.108000|-3.220000|0.625000
241|578|8|7|_DC|_DG|4242|195|172|-C4-|-N1-|2425|0001|555|0|3.441167|-0.196000|-0.813000|3.338000|0.522450
241|579|8|7|_DC|_DG|4242|192|172|-C2-|-N1-|2425|0001|555|0|3.960028|2.121000|-0.296000|3.331000|0.670450
241|580|7|8|_DG|_DC|4242|172|196|-N1-|-N4-|2525|0001|555|0|3.452565|1.485000|0.416000|-3.089001|0.438450
241|581|7|61|_DG|HOH|4243|173|441|-C2-|-O--|2428|0011|555|0|3.769288|-3.151000|1.701000|1.177000|7.219378
241|582|7|8|_DG|_DC|4242|173|194|-C2-|-N3-|2425|0001|555|0|3.455883|0.114000|-1.186000|-3.243999|0.071960
241|583|7|8|_DG|_DC|4242|173|197|-C2-|-C5-|2424|0001|555|0|3.898916|0.826000|1.146000|-3.634000|0.391838
241|584|7|8|_DG|_DC|4242|173|195|-C2-|-C4-|2424|0001|555|0|3.547911|1.102000|-0.265000|-3.362000|0.148066
241|585|7|8|_DG|_DC|4242|173|192|-C2-|-C2-|2424|0001|555|0|3.652913|-1.215000|-0.782000|-3.355000|0.040632
241|586|7|8|_DG|_DC|4242|173|191|-C2-|-N1-|2425|0001|555|0|3.958633|-1.503000|0.622000|-3.609000|0.732450
241|587|7|8|_DG|_DC|4242|173|196|-C2-|-N4-|2425|0001|555|0|3.980690|2.391000|-0.662000|-3.113000|0.216878
241|588|7|29|_DG|HOH|4243|174|345|-N2-|-O--|2528|0011|555|0|3.960975|-3.387000|-1.844000|-0.904000|32.920197
241|589|7|61|_DG|HOH|4243|174|441|-N2-|-O--|2528|0011|555|0|2.858192|-1.836000|1.980000|0.936999|10.281733
241|590|8|7|_DC|_DG|4242|189|174|-C2'|-N2-|2425|0001|555|0|3.670874|2.108000|-1.722000|2.463000|0.083200
241|591|7|8|_DG|_DC|4242|174|194|-N2-|-N3-|2525|0001|555|0|3.873364|1.429000|-0.907000|-3.484000|0.504808
241|592|7|8|_DG|_DC|4242|174|193|-N2-|-O2-|2526|0001|555|0|3.808472|-0.814000|-1.342000|-3.470000|0.605433
241|593|8|7|_DC|_DG|4242|192|174|-C2-|-N2-|2425|0001|555|0|3.631396|-0.100000|0.503000|3.595000|0.547356
241|594|8|7|_DC|_DG|4242|191|174|-N1-|-N2-|2525|0001|555|0|3.957518|0.188000|-0.901000|3.849000|0.083200
241|595|7|61|_DG|HOH|4243|175|441|-N3-|-O--|2528|0011|555|0|3.802306|-3.575000|0.408000|1.229000|10.924201
241|596|8|7|_DC|_DG|4242|198|175|-C6-|-N3-|2425|0001|555|0|3.790083|0.901000|-0.249000|3.673000|0.000000
241|597|8|7|_DC|_DG|4242|197|175|-C5-|-N3-|2425|0001|555|0|3.607483|-0.402000|0.147000|3.582000|0.256450
241|598|8|7|_DC|_DG|4242|195|175|-C4-|-N3-|2425|0001|555|0|3.720638|-0.678000|1.558000|3.309999|0.522450
241|599|7|8|_DG|_DC|4242|176|197|-C4-|-C5-|2424|0001|555|0|3.728542|-0.983999|-0.245000|-3.588000|0.700628
241|600|7|8|_DG|_DC|4242|176|195|-C4-|-C4-|2424|0001|555|0|3.773520|-0.707999|-1.656000|-3.316000|0.413333
241|601|7|8|_DG|_DC|4242|176|196|-C4-|-N4-|2425|0001|555|0|3.736156|0.581000|-2.053000|-3.067000|0.494430
241|602|8|78|_DC|HOH|4243|180|492|-P--|-O--|2728|0011|555|0|3.669120|-2.010000|-1.757000|2.517000|18.412155
241|603|8|82|_DC|HOH|4243|180|504|-P--|-O--|2728|0011|555|0|3.601504|-0.290000|1.877000|3.060000|2.562346
241|604|8|78|_DC|HOH|4243|182|492|-OP2|-O--|2628|0011|555|0|2.457010|-1.117000|-1.797000|1.249000|10.560979
241|605|8|82|_DC|HOH|4243|182|504|-OP2|-O--|2628|0011|555|0|2.636179|0.603000|1.837000|1.792000|0.580679
241|606|8|78|_DC|HOH|4243|183|492|-O5'|-O--|2628|0011|555|0|3.760853|-1.786000|-0.301000|3.296000|26.437801
241|607|8|9|_DC|_DG|4242|184|204|-C5'|-O5'|2426|0001|555|0|3.980964|-3.683000|-1.368000|-0.642000|0.562815
241|608|9|8|_DG|_DC|4242|222|184|-C4-|-C5'|2424|0001|555|0|3.771484|-0.020000|1.108000|3.605000|1.725378
241|609|8|9|_DC|_DG|4242|184|213|-C5'|-C8-|2424|0001|555|0|3.812806|0.390000|1.135000|-3.619000|1.532101
241|610|8|9|_DC|_DG|4242|184|212|-C5'|-N9-|2425|0001|555|0|3.745908|-0.620000|0.177000|-3.690000|1.222815
241|611|8|9|_DC|_DG|4242|184|207|-C5'|-O4'|2426|0001|555|0|3.721945|-2.643000|0.055000|-2.620000|0.288403
241|612|8|9|_DC|_DG|4242|184|215|-C5'|-C5-|2424|0001|555|0|3.846670|1.396000|-0.813000|-3.491000|1.136470
241|613|8|9|_DC|_DG|4242|184|214|-C5'|-N7-|2425|0001|555|0|3.942271|1.626000|0.605000|-3.540000|1.589201
241|614|8|9|_DC|_DG|4242|185|205|-C4'|-C5'|2424|0001|555|0|3.617044|-3.136000|-0.610000|-1.696000|2.261250
241|615|8|9|_DC|_DG|4242|185|204|-C4'|-O5'|2426|0001|555|0|3.223644|-3.203000|0.030000|-0.363000|1.211250
241|616|8|9|_DC|_DG|4242|185|201|-C4'|-P--|2427|0001|555|0|3.409212|-3.107000|-0.968000|1.016000|2.076450
241|617|8|9|_DC|_DG|4242|185|202|-C4'|-OP1|2426|0001|555|0|3.963686|-3.305000|-0.021000|2.188000|4.336051
241|618|8|9|_DC|_DG|4242|185|221|-C4'|-N3-|2425|0001|555|0|3.496203|-0.133000|-0.943000|-3.364000|0.928050
241|619|9|8|_DG|_DC|4242|219|185|-C2-|-C4'|2424|0001|555|0|3.929579|-0.789000|1.957000|3.315000|2.145000
241|620|8|9|_DC|_DG|4242|185|222|-C4'|-C4-|2424|0001|555|0|3.375852|0.500000|0.290000|-3.326000|2.725800
241|621|8|9|_DC|_DG|4242|185|212|-C4'|-N9-|2425|0001|555|0|3.759674|-0.140000|1.575000|-3.411000|2.076450
241|622|8|9|_DC|_DG|4242|185|207|-C4'|-O4'|2426|0001|555|0|3.502864|-2.163000|1.453000|-2.341000|0.844800
241|623|8|9|_DC|_DG|4242|185|215|-C4'|-C5-|2424|0001|555|0|3.765441|1.876000|0.585000|-3.212000|1.964200
241|624|9|8|_DG|_DC|4242|221|186|-N3-|-O4'|2526|0001|555|0|3.073931|1.250000|0.188000|2.802000|0.928050
241|625|9|8|_DG|_DC|4242|220|186|-N2-|-O4'|2526|0001|555|0|3.907459|0.726000|2.480000|2.931000|2.076450
241|626|9|8|_DG|_DC|4242|219|186|-C2-|-O4'|2426|0001|555|0|3.021820|0.328000|1.202000|2.753000|2.145000
241|627|9|8|_DG|_DC|4242|222|186|-C4-|-O4'|2426|0001|555|0|3.018677|0.617000|-1.045000|2.764000|2.725800
241|628|9|8|_DG|_DC|4242|212|186|-N9-|-O4'|2526|0001|555|0|3.889184|1.257000|-2.330000|2.849000|2.076450
241|629|9|8|_DG|_DC|4242|218|186|-N1-|-O4'|2526|0001|555|0|3.041694|-1.083000|1.007000|2.658000|1.305000
241|630|9|8|_DG|_DC|4242|216|186|-C6-|-O4'|2426|0001|555|0|3.188791|-1.723000|-0.266000|2.670000|1.601250
241|631|9|8|_DG|_DC|4242|215|186|-C5-|-O4'|2426|0001|555|0|3.064993|-0.759000|-1.340000|2.650000|1.964200
241|632|9|8|_DG|_DC|4242|214|186|-N7-|-O4'|2526|0001|555|0|3.983628|-0.989000|-2.758000|2.699000|2.550450
241|633|8|9|_DC|_DG|4242|187|204|-C3'|-O5'|2426|0001|555|0|3.326072|-2.768000|0.693000|-1.709000|1.151231
241|634|8|9|_DC|_DG|4242|187|203|-C3'|-OP2|2426|0001|555|0|3.963218|-3.637000|-1.478000|-0.543000|3.423842
241|635|8|9|_DC|_DG|4242|187|201|-C3'|-P--|2427|0001|555|0|2.709522|-2.672000|-0.305000|-0.330000|1.997438
241|636|8|9|_DC|_DG|4242|187|202|-C3'|-OP1|2426|0001|555|0|3.059089|-2.870000|0.642000|0.842000|4.211232
241|637|8|78|_DC|HOH|4243|187|492|-C3'|-O--|2428|0011|555|0|3.541418|0.313000|1.698000|3.092000|25.923843
241|638|8|79|_DC|HOH|4243|188|495|-O3'|-O--|2628|0011|555|0|3.283020|-1.448000|-2.739000|-1.086000|18.712360
241|639|9|8|_DG|_DC|4242|205|188|-C5'|-O3'|2426|0001|555|0|3.290580|1.594000|-0.934000|2.723000|1.466524
241|640|8|9|_DC|_DG|4242|188|204|-O3'|-O5'|2626|0001|555|0|2.677405|-1.661000|1.574000|-1.390000|0.636051
241|641|8|9|_DC|_DG|4242|188|203|-O3'|-OP2|2626|0001|555|0|2.609116|-2.530000|-0.597000|-0.224000|2.488584
241|642|8|9|_DC|_DG|4242|188|201|-O3'|-P--|2627|0001|555|0|1.667670|-1.565000|0.576000|-0.011000|1.319228
241|643|8|76|_DC|HOH|4243|188|486|-O3'|-O--|2628|0011|555|0|3.895231|-1.268000|0.840000|3.586000|27.264296
241|644|8|9|_DC|_DG|4242|188|202|-O3'|-OP1|2626|0001|555|0|2.603002|-1.763000|1.523000|1.161000|3.139829
241|645|8|9|_DC|_DG|4242|189|201|-C2'|-P--|2427|0001|555|0|3.950207|-3.833000|0.631000|-0.717000|2.076450
241|646|8|61|_DC|HOH|4243|189|441|-C2'|-O--|2428|0011|555|0|3.420606|0.272000|0.258000|3.400000|10.924201
241|647|8|78|_DC|HOH|4243|189|492|-C2'|-O--|2428|0011|555|0|3.869637|-0.848000|2.634000|2.705000|26.437801
241|648|8|9|_DC|_DG|4242|190|219|-C1'|-C2-|2424|0001|555|0|3.638567|-0.438000|0.028000|-3.612000|2.038235
241|649|8|9|_DC|_DG|4242|190|218|-C1'|-N1-|2425|0001|555|0|3.655919|0.973000|0.223000|-3.517000|1.222549
241|650|8|9|_DC|_DG|4242|191|218|-N1-|-N1-|2525|0001|555|0|3.654500|-0.446000|0.658000|-3.567000|1.305000
241|651|8|46|_DC|HOH|4243|193|396|-O2-|-O--|2628|0011|555|0|3.713838|-1.892000|-1.854000|-2.603000|83.039299
241|652|8|29|_DC|HOH|4243|193|345|-O2-|-O--|2628|0011|555|0|3.668336|-2.573000|-0.502000|2.566000|24.855177
241|653|8|22|_DC|HOH|4243|196|324|-N4-|-O--|2528|0011|555|0|3.912126|2.239000|-2.750000|-1.652000|23.427340
241|654|8|58|_DC|HOH|4243|196|432|-N4-|-O--|2528|0011|555|0|3.777189|2.938000|-1.750000|1.604000|19.292830
241|655|8|54|_DC|HOH|4243|197|420|-C5-|-O--|2428|0011|555|0|3.548298|0.160999|3.106000|-1.708000|11.498207
241|656|8|28|_DC|HOH|4243|197|342|-C5-|-O--|2428|0011|555|0|3.831899|2.952000|2.390000|-0.507000|25.926458
241|657|8|9|_DC|_DG|4242|198|218|-C6-|-N1-|2425|0001|555|0|3.760961|-1.472000|-0.262000|-3.451000|1.305000
241|658|8|9|_DC|_DG|4242|198|217|-C6-|-O6-|2426|0001|555|0|3.699237|0.389000|1.114000|-3.506000|1.420800
241|659|8|9|_DC|_DG|4242|198|216|-C6-|-C6-|2424|0001|555|0|3.702258|-0.832000|1.011000|-3.463000|1.601250
241|660|8|54|_DC|HOH|4243|198|420|-C6-|-O--|2428|0011|555|0|3.478805|1.464000|2.710000|-1.617000|13.545001
241|661|9|79|_DG|HOH|4243|201|495|-P--|-O--|2728|0011|555|0|3.486910|0.117000|-3.315000|-1.075000|11.070948
241|662|9|75|_DG|HOH|4243|201|483|-P--|-O--|2728|0011|555|0|3.648170|-1.509000|-2.971000|1.485000|23.980675
241|663|9|76|_DG|HOH|4243|201|486|-P--|-O--|2728|0011|555|0|3.618883|0.297000|0.264000|3.597000|16.776455
241|664|9|76|_DG|HOH|4243|202|486|-OP1|-O--|2628|0011|555|0|2.567516|0.495000|-0.683000|2.425000|11.463309
241|665|9|79|_DG|HOH|4243|203|495|-OP2|-O--|2628|0011|555|0|2.549889|1.082000|-2.142000|-0.862000|8.259401
241|666|9|35|_DG|HOH|4243|203|363|-OP2|-O--|2628|0011|555|0|3.605297|-2.622000|-2.464000|-0.228000|18.345234
241|667|9|75|_DG|HOH|4243|203|483|-OP2|-O--|2628|0011|555|0|2.532182|-0.544000|-1.798000|1.698000|18.841669
241|668|9|14|_DG|_MG|4245|203|306|-OP2|MG--|2637|0011|555|0|3.855531|-2.465000|-2.511000|1.576000|9.115106
241|669|9|65|_DG|HOH|4243|203|453|-OP2|-O--|2628|0011|555|0|3.195496|-2.189000|0.136000|-2.324000|44.071899
241|670|9|65|_DG|HOH|4243|204|453|-O5'|-O--|2628|0011|555|0|3.851435|-3.058000|-2.035000|-1.158000|64.615929
241|671|9|10|_DG|_DC|4242|205|228|-C5'|-OP2|2426|0001|555|0|3.158340|-1.719000|-1.865000|-1.882000|0.776120
241|672|9|10|_DG|_DC|4242|205|226|-C5'|-P--|2427|0001|555|0|3.865203|-1.952000|-0.999000|-3.183000|0.071463
241|673|9|65|_DG|HOH|4243|205|453|-C5'|-O--|2428|0011|555|0|3.426700|-3.125000|-1.395000|0.175000|52.722507
241|674|9|60|_DG|HOH|4243|205|438|-C5'|-O--|2428|0011|555|0|3.359810|0.650000|-3.113000|-1.084000|3.667940
241|675|9|10|_DG|_DC|4242|206|228|-C4'|-OP2|2426|0001|555|0|3.538950|-1.596000|-3.018000|-0.932000|1.351171
241|676|9|10|_DG|_DC|4242|206|226|-C4'|-P--|2427|0001|555|0|3.600366|-1.829000|-2.152000|-2.233000|0.491840
241|677|9|10|_DG|_DC|4242|208|229|-C3'|-O5'|2426|0001|555|0|3.053257|-0.975000|-2.088000|-2.003000|1.654258
241|678|9|10|_DG|_DC|4242|208|228|-C3'|-OP2|2426|0001|555|0|3.112999|-1.769000|-2.502000|0.549000|1.047318
241|679|9|10|_DG|_DC|4242|208|227|-C3'|-OP1|2426|0001|555|0|3.956241|-3.452000|-1.463000|-1.263000|0.552681
241|680|9|10|_DG|_DC|4242|208|226|-C3'|-P--|2427|0001|555|0|2.692583|-2.002000|-1.636000|-0.752000|0.269716
241|681|9|10|_DG|_DC|4242|208|244|-C3'|-C6-|2424|0001|555|0|3.978065|2.327000|-1.582000|-2.812000|0.680154
241|682|9|57|_DG|HOH|4243|208|429|-C3'|-O--|2428|0011|555|0|3.922740|0.492000|0.582000|-3.848000|23.442589
241|683|10|9|_DC|_DG|4242|230|209|-C5'|-O3'|2426|0001|555|0|3.673495|0.207000|2.640000|2.546000|0.091980
241|684|9|10|_DG|_DC|4242|209|229|-O3'|-O5'|2626|0001|555|0|2.449670|0.390000|-1.972000|-1.400000|0.299168
241|685|9|10|_DG|_DC|4242|209|228|-O3'|-OP2|2626|0001|555|0|2.680171|-0.404000|-2.386000|1.152000|0.092025
241|686|9|10|_DG|_DC|4242|209|227|-O3'|-OP1|2626|0001|555|0|2.570132|-2.087000|-1.347000|-0.660000|0.493041
241|687|9|10|_DG|_DC|4242|209|226|-O3'|-P--|2627|0001|555|0|1.654802|-0.637000|-1.520000|-0.149000|0.801257
241|688|9|57|_DG|HOH|4243|209|429|-O3'|-O--|2628|0011|555|0|3.803377|1.857000|0.698000|-3.245000|15.841321
241|689|9|10|_DG|_DC|4242|210|229|-C2'|-O5'|2426|0001|555|0|3.925873|-1.786000|-3.243000|-1.306000|1.024604
241|690|9|10|_DG|_DC|4242|210|226|-C2'|-P--|2427|0001|555|0|3.963039|-2.813000|-2.791000|-0.055000|0.124210
241|691|9|10|_DG|_DC|4242|210|244|-C2'|-C6-|2424|0001|555|0|3.776592|1.516000|-2.737000|-2.115000|1.261379
241|692|9|10|_DG|_DC|4242|210|243|-C2'|-C5-|2424|0001|555|0|3.597728|2.466000|-1.795000|-1.908000|0.234578
241|693|9|57|_DG|HOH|4243|210|429|-C2'|-O--|2428|0011|555|0|3.218523|-0.319000|-0.573000|-3.151000|19.910595
241|694|10|9|_DC|_DG|4242|243|212|-C5-|-N9-|2425|0001|555|0|3.990733|-0.331000|2.188000|3.321000|0.050764
241|695|9|80|_DG|HOH|4243|213|498|-C8-|-O--|2428|0011|555|0|3.848153|0.876000|-0.030000|-3.747000|2.079651
241|696|10|9|_DC|_DG|4242|242|214|-N4-|-N7-|2525|0001|555|0|3.973042|-0.536000|2.239000|3.238000|1.006171
241|697|9|80|_DG|HOH|4243|214|498|-N7-|-O--|2528|0011|555|0|3.875290|-0.360000|0.500000|-3.826000|2.019309
241|698|9|54|_DG|HOH|4243|214|420|-N7-|-O--|2528|0011|555|0|3.650394|3.030000|-0.793000|1.875000|5.138041
241|699|9|10|_DG|_DC|4242|215|242|-C5-|-N4-|2425|0001|555|0|3.473495|0.766000|-0.821000|-3.287000|0.634424
241|700|10|9|_DC|_DG|4242|241|215|-C4-|-C5-|2424|0001|555|0|3.821605|0.288000|1.650000|3.435000|0.648806
241|701|9|54|_DG|HOH|4243|215|420|-C5-|-O--|2428|0011|555|0|3.788469|3.260000|0.625000|1.826000|6.026087
241|702|9|10|_DG|_DC|4242|216|242|-C6-|-N4-|2425|0001|555|0|3.282758|-0.198000|0.253000|-3.267000|0.408178
241|703|10|9|_DC|_DG|4242|241|216|-C4-|-C6-|2424|0001|555|0|3.682595|1.252000|0.576000|3.415000|0.421082
241|704|9|54|_DG|HOH|4243|216|420|-C6-|-O--|2428|0011|555|0|3.400872|2.296000|1.699000|1.846000|6.713116
241|705|10|9|_DC|_DG|4242|242|217|-N4-|-O6-|2526|0001|555|0|3.525654|1.419000|-0.150000|3.224000|0.297100
241|706|9|54|_DG|HOH|4243|217|420|-O6-|-O--|2628|0011|555|0|2.696509|1.075000|1.596000|1.889000|7.108784
241|707|9|24|_DG|HOH|4243|217|330|-O6-|-O--|2628|0011|555|0|3.030800|2.388000|0.889000|-1.641000|46.540035
241|708|9|47|_DG|HOH|4243|217|399|-O6-|-O--|2628|0011|555|0|3.610526|3.396000|1.037000|0.654000|47.504089
241|709|9|10|_DG|_DC|4242|218|242|-N1-|-N4-|2525|0001|555|0|3.643608|0.442000|1.526000|-3.279000|0.226394
241|710|10|9|_DC|_DG|4242|241|218|-C4-|-N1-|2425|0001|555|0|3.550307|0.612000|-0.697000|3.427000|0.238060
241|711|9|10|_DG|_DC|4242|218|240|-N1-|-N3-|2525|0001|555|0|3.562440|-0.289000|-0.632000|-3.494000|0.355310
241|712|9|10|_DG|_DC|4242|219|244|-C2-|-C6-|2424|0001|555|0|3.961222|-1.548000|0.402000|-3.624000|0.872414
241|713|9|10|_DG|_DC|4242|219|243|-C2-|-C5-|2424|0001|555|0|3.720192|-0.598000|1.344000|-3.417000|0.020121
241|714|9|10|_DG|_DC|4242|219|238|-C2-|-C2-|2424|0001|555|0|3.730736|0.139000|-1.413000|-3.450000|0.521053
241|715|9|10|_DG|_DC|4242|219|237|-C2-|-N1-|2425|0001|555|0|3.998960|-1.221000|-0.979000|-3.680000|0.778651
241|716|9|60|_DG|HOH|4243|219|438|-C2-|-O--|2428|0011|555|0|3.759070|-3.275000|-1.766000|0.535000|3.807758
241|717|9|10|_DG|_DC|4242|219|241|-C2-|-C4-|2424|0001|555|0|3.540662|0.799000|0.892000|-3.332000|0.763433
241|718|9|10|_DG|_DC|4242|219|240|-C2-|-N3-|2425|0001|555|0|3.605975|1.122000|-0.437000|-3.399000|0.081988
241|719|9|63|_DG|HOH|4243|220|447|-N2-|-O--|2528|0011|555|0|3.685905|0.171000|-3.431000|-1.336000|22.090458
241|720|9|10|_DG|_DC|4242|220|239|-N2-|-O2-|2526|0001|555|0|3.482409|0.788000|-1.352000|-3.111000|0.247401
241|721|10|9|_DC|_DG|4242|235|220|-C2'|-N2-|2425|0001|555|0|3.572101|2.475000|1.181000|2.289000|0.411866
241|722|9|46|_DG|HOH|4243|220|396|-N2-|-O--|2528|0011|555|0|3.667717|-0.263000|-3.282000|1.616000|61.848927
241|723|10|9|_DC|_DG|4242|238|220|-C2-|-N2-|2425|0001|555|0|3.318521|-0.537000|0.135000|3.272000|0.481895
241|724|10|9|_DC|_DG|4242|237|220|-N1-|-N2-|2525|0001|555|0|3.609811|0.823000|-0.299000|3.502000|0.734831
241|725|9|60|_DG|HOH|4243|220|438|-N2-|-O--|2528|0011|555|0|3.003938|-2.877000|-0.488000|0.713000|3.893700
241|726|9|10|_DG|_DC|4242|220|240|-N2-|-N3-|2525|0001|555|0|3.659580|1.520000|0.841000|-3.221000|0.050776
241|727|10|9|_DC|_DG|4242|244|221|-C6-|-N3-|2425|0001|555|0|3.680631|0.626000|0.612000|3.575000|0.082452
241|728|10|9|_DC|_DG|4242|243|221|-C5-|-N3-|2425|0001|555|0|3.399603|-0.324000|-0.330000|3.368000|0.777546
241|729|9|60|_DG|HOH|4243|221|438|-N3-|-O--|2528|0011|555|0|3.688640|-2.353000|-2.780000|0.584000|5.932044
241|730|10|9|_DC|_DG|4242|241|221|-C4-|-N3-|2425|0001|555|0|3.708748|-1.721000|0.122000|3.283000|0.010037
241|731|9|10|_DG|_DC|4242|222|243|-C4-|-C5-|2424|0001|555|0|3.537192|-0.309000|-0.903000|-3.406000|0.234578
241|732|9|10|_DG|_DC|4242|222|242|-C4-|-N4-|2425|0001|555|0|3.864294|2.142000|-0.526000|-3.173000|1.118587
241|733|9|10|_DG|_DC|4242|222|241|-C4-|-C4-|2424|0001|555|0|3.748174|1.088000|-1.355000|-3.321000|1.135970
241|734|10|81|_DC|HOH|4243|226|501|-P--|-O--|2728|0011|555|0|3.449391|-1.324000|-2.936000|1.235000|19.678450
241|735|10|65|_DC|HOH|4243|226|453|-P--|-O--|2728|0011|555|0|3.578954|-1.173000|-0.396000|3.358000|51.334938
241|736|10|60|_DC|HOH|4243|226|438|-P--|-O--|2728|0011|555|0|3.955401|2.602000|-2.114000|2.099000|3.479064
241|737|10|81|_DC|HOH|4243|227|501|-OP1|-O--|2628|0011|555|0|3.567951|0.126000|-3.109000|1.746000|17.802629
241|738|10|65|_DC|HOH|4243|227|453|-OP1|-O--|2628|0011|555|0|3.920415|0.277000|-0.569000|3.869000|47.150517
241|739|10|81|_DC|HOH|4243|228|501|-OP2|-O--|2628|0011|555|0|2.591043|-1.557000|-2.070000|-0.066000|15.362025
241|740|10|65|_DC|HOH|4243|228|453|-OP2|-O--|2628|0011|555|0|2.535544|-1.406000|0.470000|2.057000|41.706223
241|741|10|60|_DC|HOH|4243|228|438|-OP2|-O--|2628|0011|555|0|2.794006|2.369000|-1.248000|0.798000|2.168400
241|742|10|57|_DC|HOH|4243|229|429|-O5'|-O--|2628|0011|555|0|3.561603|1.467000|2.670000|-1.845000|14.163160
241|743|10|11|_DC|_DG|4242|230|253|-C5'|-O4'|2426|0001|555|0|3.539688|-1.877000|-1.869000|-2.348000|2.726087
241|744|10|11|_DC|_DG|4242|230|250|-C5'|-O5'|2426|0001|555|0|3.871562|-1.182000|-3.668000|-0.371000|0.479306
241|745|11|10|_DG|_DC|4242|268|230|-C4-|-C5'|2424|0001|555|0|3.591145|-0.737000|0.390000|3.493000|2.922601
241|746|10|11|_DC|_DG|4242|230|261|-C5'|-C5-|2424|0001|555|0|3.663929|1.198000|0.913000|-3.340000|2.753492
241|747|10|11|_DC|_DG|4242|230|260|-C5'|-N7-|2425|0001|555|0|3.717281|0.089000|1.836000|-3.231000|1.722837
241|748|10|11|_DC|_DG|4242|230|259|-C5'|-C8-|2424|0001|555|0|3.771272|-0.988000|1.082000|-3.475000|2.671921
241|749|10|11|_DC|_DG|4242|230|258|-C5'|-N9-|2425|0001|555|0|3.758474|-0.666000|-0.285000|-3.688000|3.161344
241|750|10|57|_DC|HOH|4243|230|429|-C5'|-O--|2428|0011|555|0|3.986344|2.064000|3.338000|-0.699000|15.277395
241|751|10|11|_DC|_DG|4242|231|267|-C4'|-N3-|2425|0001|555|0|3.314562|0.638000|-0.328000|-3.236000|1.732567
241|752|10|11|_DC|_DG|4242|231|253|-C4'|-O4'|2426|0001|555|0|3.457717|-2.710000|-0.630000|-2.053000|1.907510
241|753|10|11|_DC|_DG|4242|231|251|-C4'|-C5'|2424|0001|555|0|3.574976|-1.768000|-2.746000|-1.454000|0.145355
241|754|10|11|_DC|_DG|4242|231|250|-C4'|-O5'|2426|0001|555|0|3.156904|-2.015000|-2.429000|-0.076000|0.050667
241|755|10|11|_DC|_DG|4242|231|247|-C4'|-P--|2427|0001|555|0|3.462682|-1.042000|-3.105000|1.124000|1.418421
241|756|10|11|_DC|_DG|4242|231|268|-C4'|-C4-|2424|0001|555|0|3.310169|-0.096000|0.849000|-3.198000|2.069918
241|757|10|11|_DC|_DG|4242|231|261|-C4'|-C5-|2424|0001|555|0|3.746512|0.365000|2.152000|-3.045000|1.930159
241|758|10|11|_DC|_DG|4242|231|258|-C4'|-N9-|2425|0001|555|0|3.830087|-1.499000|0.954000|-3.393000|2.267226
241|759|11|10|_DG|_DC|4242|265|231|-C2-|-C4'|2424|0001|555|0|3.744364|-2.004000|0.111000|3.161000|1.840625
241|760|11|10|_DG|_DC|4242|267|232|-N3-|-O4'|2526|0001|555|0|2.905682|0.684000|0.763000|2.719000|0.997165
241|761|11|10|_DG|_DC|4242|268|232|-C4-|-O4'|2426|0001|555|0|3.061026|1.418000|-0.414000|2.681000|1.264065
241|762|11|10|_DG|_DC|4242|261|232|-C5-|-O4'|2426|0001|555|0|3.202299|0.957000|-1.717000|2.528000|1.153492
241|763|11|10|_DG|_DC|4242|266|232|-N2-|-O4'|2526|0001|555|0|3.428261|-1.517000|1.615000|2.616000|2.303782
241|764|11|10|_DG|_DC|4242|265|232|-C2-|-O4'|2426|0001|555|0|2.784596|-0.682000|0.546000|2.644000|1.082657
241|765|11|10|_DG|_DC|4242|264|232|-N1-|-O4'|2526|0001|555|0|2.943914|-1.216000|-0.750000|2.574000|0.789489
241|766|10|11|_DC|_DG|4242|232|263|-O4'|-O6-|2626|0001|555|0|3.960812|1.043000|3.064000|-2.283000|2.332200
241|767|11|10|_DG|_DC|4242|262|232|-C6-|-O4'|2426|0001|555|0|3.201691|-0.479000|-1.970000|2.478000|0.980458
241|768|10|11|_DC|_DG|4242|233|249|-C3'|-OP2|2426|0001|555|0|3.902800|-1.063000|-3.721000|-0.506000|1.566229
241|769|10|11|_DC|_DG|4242|233|251|-C3'|-C5'|2424|0001|555|0|3.938305|-2.035000|-1.886000|-2.795000|0.505328
241|770|10|11|_DC|_DG|4242|233|250|-C3'|-O5'|2426|0001|555|0|3.110816|-2.282000|-1.569000|-1.417000|0.394560
241|771|10|81|_DC|HOH|4243|233|501|-C3'|-O--|2428|0011|555|0|3.861710|-2.854000|0.283000|2.586000|14.680827
241|772|10|11|_DC|_DG|4242|233|248|-C3'|-OP1|2426|0001|555|0|2.863649|-1.842000|-1.860000|1.161000|1.826666
241|773|10|11|_DC|_DG|4242|233|247|-C3'|-P--|2427|0001|555|0|2.607795|-1.309000|-2.245000|-0.217000|0.941849
241|774|10|60|_DC|HOH|4243|233|438|-C3'|-O--|2428|0011|555|0|3.777924|1.072000|1.105000|3.450000|1.961557
241|775|10|11|_DC|_DG|4242|234|249|-O3'|-OP2|2626|0001|555|0|2.591951|-1.121000|-2.337000|-0.001000|0.997500
241|776|11|10|_DG|_DC|4242|251|234|-C5'|-O3'|2426|0001|555|0|3.142730|2.093000|0.502000|2.290000|1.003716
241|777|10|11|_DC|_DG|4242|234|250|-O3'|-O5'|2626|0001|555|0|2.518247|-2.340000|-0.185000|-0.912000|0.872107
241|778|10|11|_DC|_DG|4242|234|248|-O3'|-OP1|2626|0001|555|0|2.571407|-1.900000|-0.476000|1.666000|1.223214
241|779|10|11|_DC|_DG|4242|234|247|-O3'|-P--|2627|0001|555|0|1.641022|-1.367000|-0.861000|0.288000|0.459375
241|780|10|11|_DC|_DG|4242|235|247|-C2'|-P--|2427|0001|555|0|3.904736|-2.783000|-2.657000|-0.665000|1.696154
241|781|10|63|_DC|HOH|4243|235|447|-C2'|-O--|2428|0011|555|0|3.601670|2.646000|-2.250000|0.953000|18.799038
241|782|10|60|_DC|HOH|4243|235|438|-C2'|-O--|2428|0011|555|0|3.107066|-0.402000|0.693000|3.002000|2.932747
241|783|10|11|_DC|_DG|4242|236|267|-C1'|-N3-|2425|0001|555|0|3.988773|-1.744000|-0.244000|-3.579000|0.384291
241|784|10|11|_DC|_DG|4242|236|266|-C1'|-N2-|2425|0001|555|0|3.673233|0.457000|-1.096000|-3.476000|1.379602
241|785|10|11|_DC|_DG|4242|236|265|-C1'|-C2-|2424|0001|555|0|3.524433|-0.378000|-0.027000|-3.504000|0.449414
241|786|10|11|_DC|_DG|4242|236|264|-C1'|-N1-|2425|0001|555|0|3.664294|0.156000|1.269000|-3.434000|0.226095
241|787|10|11|_DC|_DG|4242|237|264|-N1-|-N1-|2525|0001|555|0|3.768464|-0.855000|0.153000|-3.667000|0.071835
241|788|10|63|_DC|HOH|4243|238|447|-C2-|-O--|2428|0011|555|0|3.840009|-0.366000|-3.296000|1.936000|26.862316
241|789|10|63|_DC|HOH|4243|239|447|-O2-|-O--|2628|0011|555|0|2.802419|-0.617000|-2.079000|1.775000|24.540297
241|790|10|80|_DC|HOH|4243|241|498|-C4-|-O--|2428|0011|555|0|3.598498|0.158000|3.568000|-0.440000|4.058955
241|791|10|80|_DC|HOH|4243|242|498|-N4-|-O--|2528|0011|555|0|2.941204|-0.896000|2.739000|-0.588000|4.025651
241|792|10|48|_DC|HOH|4243|242|402|-N4-|-O--|2528|0011|555|0|3.751919|3.084000|0.900000|-1.938000|12.422008
241|793|10|11|_DC|_DG|4242|243|263|-C5-|-O6-|2426|0001|555|0|3.998607|-1.651000|0.144000|-3.639000|2.191200
241|794|10|74|_DC|HOH|4243|243|480|-C5-|-O--|2428|0011|555|0|3.752850|-0.795000|3.209000|-1.776000|24.886143
241|795|10|57|_DC|HOH|4243|243|429|-C5-|-O--|2428|0011|555|0|3.285507|-2.785000|1.222000|-1.243000|21.915815
241|796|10|80|_DC|HOH|4243|243|498|-C5-|-O--|2428|0011|555|0|3.500501|1.555000|3.116000|-0.355000|2.331928
241|797|10|11|_DC|_DG|4242|244|264|-C6-|-N1-|2425|0001|555|0|3.955692|-0.528000|-1.228000|-3.723000|0.136475
241|798|10|11|_DC|_DG|4242|244|263|-C6-|-O6-|2426|0001|555|0|3.667345|-0.701000|1.086000|-3.432000|0.796050
241|799|10|11|_DC|_DG|4242|244|262|-C6-|-C6-|2424|0001|555|0|3.841278|-1.265000|-0.008000|-3.627000|0.010038
241|800|10|57|_DC|HOH|4243|244|429|-C6-|-O--|2428|0011|555|0|3.020499|-1.835000|2.164000|-1.036000|30.693108
241|801|11|83|_DG|HOH|4243|247|507|-P--|-O--|2728|0011|555|0|3.982170|-2.290000|-3.250000|0.226000|34.929306
241|802|11|81|_DG|HOH|4243|248|501|-OP1|-O--|2628|0011|555|0|2.765361|-1.012000|2.143000|1.425000|8.488121
241|803|11|83|_DG|HOH|4243|249|507|-OP2|-O--|2628|0011|555|0|3.137451|-2.536000|-1.774000|0.515000|30.927519
241|804|11|62|_DG|HOH|4243|255|444|-O3'|-O--|2628|0011|555|0|3.136451|-1.374000|2.365000|-1.535000|1.645257
241|805|11|73|_DG|HOH|4243|256|477|-C2'|-O--|2428|0011|555|0|3.923411|-1.353000|2.428000|-2.769000|0.235766
241|806|11|62|_DG|HOH|4243|257|444|-C1'|-O--|2428|0011|555|0|3.946519|-3.193000|0.230000|-2.308000|4.227148
241|807|11|73|_DG|HOH|4243|257|477|-C1'|-O--|2428|0011|555|0|3.980312|-0.924000|1.227000|-3.671999|1.057028
241|808|11|71|_DG|HOH|4243|259|471|-C8-|-O--|2428|0011|555|0|3.705499|0.698000|3.224000|1.688000|33.025333
241|809|11|71|_DG|HOH|4243|260|471|-N7-|-O--|2528|0011|555|0|2.886118|-0.379000|2.470000|1.444000|26.990946
241|810|11|57|_DG|HOH|4243|260|429|-N7-|-O--|2528|0011|555|0|3.545089|1.975000|1.502000|2.532000|25.840036
241|811|11|57|_DG|HOH|4243|261|429|-C5-|-O--|2428|0011|555|0|3.688558|0.866000|2.425000|2.641000|32.158932
241|812|11|57|_DG|HOH|4243|262|429|-C6-|-O--|2428|0011|555|0|3.428668|-0.570000|2.172000|2.591000|30.536455
241|813|11|74|_DG|HOH|4243|263|480|-O6-|-O--|2628|0011|555|0|3.687510|0.856000|3.065000|1.863000|48.504997
241|814|11|57|_DG|HOH|4243|263|429|-O6-|-O--|2628|0011|555|0|2.861618|-1.134000|1.078000|2.396000|43.211254
241|815|12|12|SPD|SPD|5353|275|273|-C3-|-N1-|2930|0000|555|0|2.538803|-2.486000|0.079000|-0.509000|0.370992
241|816|12|12|SPD|SPD|5353|274|273|-C2-|-N1-|2930|0000|555|0|1.513672|-1.282000|-0.741000|-0.314000|0.265685
241|817|12|12|SPD|SPD|5353|276|273|-C4-|-N1-|2930|0000|555|0|3.680123|-3.292000|-0.004000|-1.645000|0.742795
241|818|12|12|SPD|SPD|5353|274|277|-C2-|-C5-|2929|0000|555|0|3.479819|1.874000|-1.725000|2.371000|0.467702
241|819|12|12|SPD|SPD|5353|274|275|-C2-|-C3-|2929|0000|555|0|1.469708|1.204000|-0.820001|0.195000|0.100849
241|820|12|12|SPD|SPD|5353|274|276|-C2-|-C4-|2929|0000|555|0|2.520879|2.010000|-0.737000|1.331000|0.456909
241|821|12|12|SPD|SPD|5353|275|277|-C3-|-C5-|2929|0000|555|0|2.450082|0.670000|-0.905000|2.176000|0.360708
241|822|12|12|SPD|SPD|5353|275|278|-C3-|-N6-|2930|0000|555|0|3.576368|0.782000|-0.362000|3.471000|1.499111
241|823|12|12|SPD|SPD|5353|275|276|-C3-|-C4-|2929|0000|555|0|1.395357|0.806000|0.083000|1.136000|0.350096
241|824|12|12|SPD|SPD|5353|276|277|-C4-|-C5-|2929|0000|555|0|1.440916|-0.136000|-0.988000|1.040000|0.010009
241|825|12|12|SPD|SPD|5353|276|278|-C4-|-N6-|2930|0000|555|0|2.377146|-0.024000|-0.445000|2.335000|1.083700
241|826|12|12|SPD|SPD|5353|276|279|-C4-|-C7-|2929|0000|555|0|3.519591|0.767000|-1.323000|3.170000|0.151966
241|827|12|12|SPD|SPD|5353|277|278|-C5-|-N6-|2930|0000|555|0|1.408694|0.112000|0.543000|1.295000|1.071816
241|828|12|12|SPD|SPD|5353|277|280|-C5-|-C8-|2929|0000|555|0|3.724126|0.980000|-0.187000|3.588000|0.924651
241|829|12|12|SPD|SPD|5353|277|279|-C5-|-C7-|2929|0000|555|0|2.337634|0.903000|-0.335000|2.130000|0.162239
241|830|12|12|SPD|SPD|5353|281|278|-C9-|-N6-|2930|0000|555|0|3.520283|-2.102000|0.165000|-2.819000|1.792658
241|831|12|12|SPD|SPD|5353|280|278|-C8-|-N6-|2930|0000|555|0|2.558158|-0.868000|0.730000|-2.293000|2.163671
241|832|12|12|SPD|SPD|5353|279|278|-C7-|-N6-|2930|0000|555|0|1.446994|-0.791000|0.878000|-0.835000|1.264245
241|833|12|12|SPD|SPD|5353|279|282|-C7-|-N10|2930|0000|555|0|3.705610|1.148000|1.041000|3.366000|1.846241
241|834|12|12|SPD|SPD|5353|279|281|-C7-|-C9-|2929|0000|555|0|2.482609|1.311000|0.713000|1.984000|0.435207
241|835|12|12|SPD|SPD|5353|279|280|-C7-|-C8-|2929|0000|555|0|1.467514|0.077000|0.148000|1.458000|0.742241
241|836|12|12|SPD|SPD|5353|280|282|-C8-|-N10|2930|0000|555|0|2.363251|1.071000|0.893001|1.908000|0.988813
241|837|12|12|SPD|SPD|5353|280|281|-C8-|-C9-|2929|0000|555|0|1.455561|1.234000|0.565001|0.526000|0.286522
241|838|12|12|SPD|SPD|5353|281|282|-C9-|-N10|2930|0000|555|0|1.429712|-0.163000|0.328000|1.382000|1.319800
241|839|31|13|HOH|_MG|4345|351|305|-O--|MG--|2837|0011|555|0|1.933360|1.047000|1.254000|1.034000|3.586255
241|840|23|13|HOH|_MG|4345|327|305|-O--|MG--|2837|0011|555|0|2.125233|1.047000|0.546000|-1.767000|0.238729
241|841|44|13|HOH|_MG|4345|390|305|-O--|MG--|2837|0011|555|0|3.815373|-0.860000|3.707000|0.275001|0.665934
241|842|51|13|HOH|_MG|4345|411|305|-O--|MG--|2837|0011|555|0|3.402148|-2.911000|-1.731000|0.323000|10.548119
241|843|30|13|HOH|_MG|4345|348|305|-O--|MG--|2837|0011|555|0|2.085054|-0.833000|-0.755001|1.756001|0.030149
241|844|18|13|HOH|_MG|4345|312|305|-O--|MG--|2837|0011|555|0|2.057791|-0.950000|-1.372000|-1.204000|2.875182
241|845|13|15|_MG|_MG|4545|305|307|MG--|MG--|3737|0011|555|0|3.122620|2.686000|0.261001|1.570999|19.073927
241|846|35|14|HOH|_MG|4345|363|306|-O--|MG--|2837|0011|555|0|1.811429|0.157000|-0.047000|1.804000|3.091731
241|847|75|14|HOH|_MG|4345|483|306|-O--|MG--|2837|0011|555|0|2.052680|-1.921000|-0.713000|-0.122000|3.267813
241|848|37|14|HOH|_MG|4345|369|306|-O--|MG--|2837|0011|555|0|3.956942|-3.176000|0.958000|-2.157000|4.123033
241|849|32|14|HOH|_MG|4345|354|306|-O--|MG--|2837|0011|555|0|2.138381|-0.156000|0.203000|-2.123000|2.965540
241|850|25|14|HOH|_MG|4345|333|306|-O--|MG--|2837|0011|555|0|2.116165|-0.946000|1.854000|0.382000|4.547605
241|851|23|15|HOH|_MG|4345|327|307|-O--|MG--|2837|0011|555|0|3.824259|3.733000|0.807000|-0.196001|17.857233
241|852|51|15|HOH|_MG|4345|411|307|-O--|MG--|2837|0011|555|0|2.408061|-0.225000|-1.470000|1.893999|3.212780
241|853|30|15|HOH|_MG|4345|348|307|-O--|MG--|2837|0011|555|0|3.840127|1.853000|-0.494000|3.327000|19.239468
241|854|52|15|HOH|_MG|4345|414|307|-O--|MG--|2837|0011|555|0|1.703971|-0.578000|-1.307000|-0.928001|3.949415
241|855|18|15|HOH|_MG|4345|312|307|-O--|MG--|2837|0011|555|0|2.093491|1.736000|-1.111000|0.366999|34.860825
241|856|20|15|HOH|_MG|4345|318|307|-O--|MG--|2837|0011|555|0|3.397784|-2.583000|-1.880000|1.157000|10.006482
241|857|19|16|HOH|_NA|4344|315|308|-O--|NA--|2836|0011|555|0|2.308716|-0.702000|-0.806999|-2.046000|10.218451
241|858|36|16|HOH|_NA|4344|366|308|-O--|NA--|2836|0011|555|0|2.416303|1.254000|-2.050000|-0.252001|127.500000
241|859|17|20|HOH|HOH|4343|309|318|-O--|-O--|2828|0001|555|0|3.224058|-0.799001|-2.292000|2.122000|15.679998
241|860|18|31|HOH|HOH|4343|312|351|-O--|-O--|2828|0001|555|0|3.986544|-1.997000|-2.626000|-2.238001|9.363309
241|861|18|40|HOH|HOH|4343|312|378|-O--|-O--|2828|0001|555|0|3.979440|-3.589000|-0.008000|1.719000|1.111484
241|862|18|23|HOH|HOH|4343|312|327|-O--|-O--|2828|0001|555|0|2.825544|-1.997000|-1.918000|0.563000|3.336301
241|863|18|51|HOH|HOH|4343|312|411|-O--|-O--|2828|0001|555|0|2.511201|1.961000|0.359000|-1.527000|21.046860
241|864|18|30|HOH|HOH|4343|312|348|-O--|-O--|2828|0001|555|0|3.025886|-0.117000|-0.617000|-2.960001|2.816934
241|865|18|52|HOH|HOH|4343|312|414|-O--|-O--|2828|0001|555|0|2.658954|2.314000|0.196000|1.295000|18.922138
241|866|19|36|HOH|HOH|4343|315|366|-O--|-O--|2828|0001|555|0|2.930771|-1.956000|1.243001|-1.794000|34.332150
241|867|20|51|HOH|HOH|4343|318|411|-O--|-O--|2828|0001|555|0|2.504282|-2.358000|-0.410000|-0.737000|4.518007
241|868|20|52|HOH|HOH|4343|318|414|-O--|-O--|2828|0001|555|0|2.948828|-2.005000|-0.573000|2.085001|3.707779
241|869|21|32|HOH|HOH|4343|321|354|-O--|-O--|2828|0001|555|0|3.501571|0.834000|3.391000|-0.257999|17.988152
241|870|21|25|HOH|HOH|4343|321|333|-O--|-O--|2828|0001|555|0|3.646799|1.624000|1.740000|-2.763000|22.394403
241|871|22|58|HOH|HOH|4343|324|432|-O--|-O--|2828|0011|555|0|3.477087|0.698999|1.000000|3.256000|0.737440
241|872|23|31|HOH|HOH|4343|327|351|-O--|-O--|2828|0001|555|0|2.889095|0.000000|-0.708000|-2.801001|3.141018
241|873|23|40|HOH|HOH|4343|327|378|-O--|-O--|2828|0001|555|0|2.742061|-1.592000|1.910000|1.156000|1.591295
241|874|24|54|HOH|HOH|4343|330|420|-O--|-O--|2828|0011|555|0|3.832065|-1.313001|0.707000|3.530000|14.810017
241|875|24|49|HOH|HOH|4343|330|405|-O--|-O--|2828|0001|555|0|3.521660|2.153000|-0.584000|-2.725000|19.436047
241|876|24|26|HOH|HOH|4343|330|336|-O--|-O--|2828|0001|555|0|3.368576|3.039000|-0.891000|1.148000|22.192228
241|877|24|48|HOH|HOH|4343|330|402|-O--|-O--|2828|0001|555|0|3.598068|-0.723001|0.161000|-3.521000|11.024630
241|878|24|47|HOH|HOH|4343|330|399|-O--|-O--|2828|0001|555|0|2.510974|1.007999|0.148000|2.295000|0.121082
241|879|25|79|HOH|HOH|4343|333|495|-O--|-O--|2828|0011|555|0|3.991750|2.601000|2.223000|-2.056000|5.094385
241|880|25|35|HOH|HOH|4343|333|363|-O--|-O--|2828|0001|555|0|2.617727|-1.103000|1.901000|-1.422000|0.930238
241|881|25|75|HOH|HOH|4343|333|483|-O--|-O--|2828|0011|555|0|2.791797|0.975000|2.567000|0.504000|0.802867
241|882|25|37|HOH|HOH|4343|333|369|-O--|-O--|2828|0001|555|0|3.496031|2.230000|0.896000|2.539000|0.245167
241|883|25|32|HOH|HOH|4343|333|354|-O--|-O--|2828|0001|555|0|3.102407|-0.790000|1.651000|2.505000|1.024556
241|884|26|49|HOH|HOH|4343|336|405|-O--|-O--|2828|0001|555|0|3.984893|-0.886000|0.307000|-3.873000|0.455351
241|885|26|47|HOH|HOH|4343|336|399|-O--|-O--|2828|0001|555|0|2.553447|-2.031000|1.039000|1.147000|22.715273
241|886|26|39|HOH|HOH|4343|336|375|-O--|-O--|2828|0001|555|0|3.758406|1.795000|1.037000|-3.135000|1.008217
241|887|27|34|HOH|HOH|4343|339|360|-O--|-O--|2828|0001|555|0|3.764812|0.730000|-0.132000|-3.691000|1.749619
241|888|27|31|HOH|HOH|4343|339|351|-O--|-O--|2828|0001|555|0|2.798783|1.144000|0.965000|2.365000|1.435557
241|889|28|54|HOH|HOH|4343|342|420|-O--|-O--|2828|0011|555|0|3.121656|-2.791000|0.716000|-1.201000|3.492064
241|890|28|47|HOH|HOH|4343|342|399|-O--|-O--|2828|0001|555|0|2.485889|-0.470000|0.157000|-2.436000|7.066011
241|891|29|37|HOH|HOH|4343|345|369|-O--|-O--|2828|0001|555|0|3.103292|-2.808000|-0.445000|1.243999|2.103997
241|892|30|31|HOH|HOH|4343|348|351|-O--|-O--|2828|0001|555|0|2.844603|-1.880000|-2.009000|0.722000|3.646832
241|893|30|51|HOH|HOH|4343|348|411|-O--|-O--|2828|0001|555|0|2.706317|2.078000|0.976000|1.433001|10.658208
241|894|31|44|HOH|HOH|4343|351|390|-O--|-O--|2828|0001|555|0|3.198427|1.907000|-2.453000|0.759000|4.924304
241|895|32|35|HOH|HOH|4343|354|363|-O--|-O--|2828|0001|555|0|3.947379|-0.313000|0.250000|-3.927000|0.080612
241|896|32|75|HOH|HOH|4343|354|483|-O--|-O--|2828|0011|555|0|2.821043|1.765000|0.916000|-2.001000|0.193455
241|897|32|37|HOH|HOH|4343|354|369|-O--|-O--|2828|0001|555|0|3.113131|3.020000|-0.755000|0.033999|0.746890
241|898|33|37|HOH|HOH|4343|357|369|-O--|-O--|2828|0001|555|0|2.990904|-0.366000|0.092000|-2.967000|2.033721
241|899|34|41|HOH|HOH|4343|360|381|-O--|-O--|2828|0001|555|0|2.690465|-0.594000|0.897000|-2.466000|0.040181
241|900|35|79|HOH|HOH|4343|363|495|-O--|-O--|2828|0011|555|0|3.771638|3.704000|0.322000|-0.634000|3.559059
241|901|35|75|HOH|HOH|4343|363|483|-O--|-O--|2828|0011|555|0|2.910518|2.078000|0.666000|1.926000|0.111150
241|902|35|65|HOH|HOH|4343|363|453|-O--|-O--|2828|0011|555|0|3.367596|0.433000|2.600000|-2.096000|6.497417
241|903|37|75|HOH|HOH|4343|369|483|-O--|-O--|2828|0011|555|0|2.916932|-1.255000|1.671000|-2.035000|0.534445
241|904|39|49|HOH|HOH|4343|375|405|-O--|-O--|2828|0001|555|0|2.874944|-2.681000|-0.730000|-0.738000|0.475786
241|905|41|42|HOH|HOH|4343|381|384|-O--|-O--|2828|0001|555|0|2.887106|-1.642000|2.307000|0.563000|4.252822
241|906|43|44|HOH|HOH|4343|387|390|-O--|-O--|2828|0001|555|0|2.747659|0.251000|0.894000|-2.585999|0.316484
241|907|45|46|HOH|HOH|4343|393|396|-O--|-O--|2828|0001|555|0|3.299538|0.137000|2.354000|-2.308000|9.618091
241|908|46|63|HOH|HOH|4343|396|447|-O--|-O--|2828|0011|555|0|2.987451|0.434000|-0.149000|-2.952000|8.773274
241|909|46|60|HOH|HOH|4343|396|438|-O--|-O--|2828|0011|555|0|3.931265|-2.614000|2.794000|-0.903000|29.805845
241|910|47|54|HOH|HOH|4343|399|420|-O--|-O--|2828|0011|555|0|2.687889|-2.321000|0.559000|1.235000|15.199349
241|911|48|49|HOH|HOH|4343|402|405|-O--|-O--|2828|0001|555|0|3.075714|2.876000|-0.745000|0.796000|2.516378
241|912|49|50|HOH|HOH|4343|405|408|-O--|-O--|2828|0001|555|0|2.769975|0.518000|-0.806000|-2.599000|4.217664
241|913|51|52|HOH|HOH|4343|411|414|-O--|-O--|2828|0001|555|0|2.848660|0.353000|-0.163000|2.822001|0.489883
241|914|53|82|HOH|HOH|4343|417|504|-O--|-O--|2828|0001|555|0|2.828042|-2.587000|-0.696000|0.906000|1.473258
241|915|55|58|HOH|HOH|4343|423|432|-O--|-O--|2828|0001|555|0|3.550016|0.431000|-0.472000|-3.492001|3.840368
241|916|55|68|HOH|HOH|4343|423|462|-O--|-O--|2828|0001|555|0|2.904284|0.635000|2.133000|1.865999|5.298166
241|917|56|58|HOH|HOH|4343|426|432|-O--|-O--|2828|0001|555|0|2.786799|-1.057000|-2.570000|-0.210000|3.505788
241|918|57|71|HOH|HOH|4343|429|471|-O--|-O--|2828|0001|555|0|2.768047|-2.354000|0.968000|-1.088000|0.193487
241|919|57|74|HOH|HOH|4343|429|480|-O--|-O--|2828|0001|555|0|2.862230|1.990000|1.987000|-0.533000|0.579226
241|920|59|67|HOH|HOH|4343|435|459|-O--|-O--|2828|0001|555|0|2.623404|-0.849000|2.423000|-0.539000|10.442811
241|921|60|79|HOH|HOH|4343|438|495|-O--|-O--|2828|0001|555|0|2.823377|-0.504000|-0.560000|2.721000|3.269730
241|922|61|76|HOH|HOH|4343|441|486|-O--|-O--|2828|0001|555|0|3.895771|-3.808000|0.637000|-0.520000|5.487336
241|923|61|72|HOH|HOH|4343|441|474|-O--|-O--|2828|0001|555|0|3.932110|-2.716000|1.272000|2.543000|19.148096
241|924|61|78|HOH|HOH|4343|441|492|-O--|-O--|2828|0001|555|0|2.717131|-1.120000|2.376000|-0.695000|3.693841
241|925|62|73|HOH|HOH|4343|444|477|-O--|-O--|2828|0001|555|0|2.828933|2.269000|0.997000|-1.363999|2.051550
241|926|64|70|HOH|HOH|4343|450|468|-O--|-O--|2828|0001|555|0|3.918444|-1.762000|0.080999|-3.499000|8.025890
241|927|64|66|HOH|HOH|4343|450|456|-O--|-O--|2828|0001|555|0|3.089560|0.089000|2.969000|0.850000|0.874009
241|928|64|67|HOH|HOH|4343|450|459|-O--|-O--|2828|0001|555|0|3.692012|3.220000|-1.782001|-0.295000|12.310781
241|929|65|81|HOH|HOH|4343|453|501|-O--|-O--|2828|0001|555|0|3.313839|-0.151000|-2.540000|-2.123000|7.437918
241|930|69|82|HOH|HOH|4343|465|504|-O--|-O--|2828|0001|555|0|3.387387|-0.493000|-2.816000|-1.816999|13.084486
241|931|70|82|HOH|HOH|4343|468|504|-O--|-O--|2828|0001|555|0|2.783665|0.692000|0.951000|-2.523000|6.106587
241|932|72|76|HOH|HOH|4343|474|486|-O--|-O--|2828|0001|555|0|3.313255|-1.092000|-0.635000|-3.063000|6.855097
241|933|72|77|HOH|HOH|4343|474|489|-O--|-O--|2828|0001|555|0|3.210753|-2.529000|1.554000|-1.224000|2.176510
241|934|72|78|HOH|HOH|4343|474|492|-O--|-O--|2828|0001|555|0|3.775007|1.596000|1.104000|-3.238000|9.034533
241|935|74|80|HOH|HOH|4343|480|498|-O--|-O--|2828|0001|555|0|2.747797|2.350000|-0.093000|1.421000|13.346937
241|936|75|79|HOH|HOH|4343|483|495|-O--|-O--|2828|0001|555|0|3.052181|1.626000|-0.344000|-2.560000|3.744956
241|937|76|77|HOH|HOH|4343|486|489|-O--|-O--|2828|0001|555|0|3.199783|-1.437000|2.189000|1.839000|3.490672
241|938|76|78|HOH|HOH|4343|486|492|-O--|-O--|2828|0001|555|0|3.206258|2.688000|1.739000|-0.175000|0.972854
