241|0|-1|443|5|13|_DG|_MG|4245|123|305|-N7-|MG--|2537|7|12|3|0011|2.209604|0.713250|-0.670256|0.205014|11.511101|0.378363|0.828517
241|1|-1|457|5|13|_DG|_MG|4245|126|305|-O6-|MG--|2637|8|12|2|0011|3.570359|-0.234990|-0.940522|0.245354|12.301800|0.006258|0.013123
241|2|-1|668|9|14|_DG|_MG|4245|203|306|-OP2|MG--|2637|8|12|1|0011|3.855531|-0.639341|-0.651272|0.408763|9.115106|0.002895|0.006072
241|3|-1|839|31|13|HOH|_MG|4345|351|305|-O--|MG--|2837|8|12|3|0011|1.933360|0.541544|0.648612|0.534820|3.586255|0.522243|1.095180
241|4|-1|840|23|13|HOH|_MG|4345|327|305|-O--|MG--|2837|8|12|3|0011|2.125233|0.492652|0.256913|-0.831438|0.238729|0.310927|0.652036
241|5|-1|841|44|13|HOH|_MG|4345|390|305|-O--|MG--|2837|8|12|3|0011|3.815373|-0.225404|0.971596|0.072077|0.665934|0.003227|0.006768
241|6|-1|842|51|13|HOH|_MG|4345|411|305|-O--|MG--|2837|8|12|3|0011|3.402148|-0.855636|-0.508796|0.094940|10.548119|0.009860|0.020676
241|7|-1|843|30|13|HOH|_MG|4345|348|305|-O--|MG--|2837|8|12|3|0011|2.085054|-0.399510|-0.362101|0.842184|0.030149|0.346592|0.726828
241|8|-1|844|18|13|HOH|_MG|4345|312|305|-O--|MG--|2837|8|12|3|0011|2.057791|-0.461660|-0.666735|-0.585094|2.875182|0.373096|0.782407
241|9|-1|845|15|13|_MG|_MG|4545|307|305|MG--|MG--|3737|12|12|1|0011|3.122620|-0.860175|-0.083584|-0.503103|19.073927|-0.001000|-0.001000
241|10|-1|845|13|15|_MG|_MG|4545|305|307|MG--|MG--|3737|12|12|1|0011|3.122620|0.860175|0.083584|0.503103|19.073927|-0.001000|-0.001000
241|11|-1|846|35|14|HOH|_MG|4345|363|306|-O--|MG--|2837|8|12|3|0011|1.811429|0.086672|-0.025946|0.995899|3.091731|0.726093|1.522667
241|12|-1|847|75|14|HOH|_MG|4345|483|306|-O--|MG--|2837|8|12|3|0011|2.052680|-0.935850|-0.347351|-0.059434|3.267813|0.378285|0.793290
241|13|-1|848|37|14|HOH|_MG|4345|369|306|-O--|MG--|2837|8|12|3|0011|3.956942|-0.802640|0.242106|-0.545118|4.123033|0.002201|0.004616
241|14|-1|849|32|14|HOH|_MG|4345|354|306|-O--|MG--|2837|8|12|3|0011|2.138381|-0.072952|0.094932|-0.992807|2.965540|0.300072|0.629271
241|15|-1|850|25|14|HOH|_MG|4345|333|306|-O--|MG--|2837|8|12|3|0011|2.116165|-0.447035|0.876113|0.180515|4.547605|0.318641|0.668212
241|16|-1|851|23|15|HOH|_MG|4345|327|307|-O--|MG--|2837|8|12|3|0011|3.824259|0.976137|0.211021|-0.051252|17.857233|0.003151|0.006607
241|17|-1|852|51|15|HOH|_MG|4345|411|307|-O--|MG--|2837|8|12|3|0011|2.408061|-0.093436|-0.610450|0.786525|3.212780|0.144772|0.303596
241|18|-1|853|30|15|HOH|_MG|4345|348|307|-O--|MG--|2837|8|12|3|0011|3.840127|0.482536|-0.128642|0.866378|19.239468|0.003018|0.006330
241|19|-1|854|52|15|HOH|_MG|4345|414|307|-O--|MG--|2837|8|12|3|0011|1.703971|-0.339207|-0.767031|-0.544611|3.949415|0.970783|2.035799
241|20|-1|855|18|15|HOH|_MG|4345|312|307|-O--|MG--|2837|8|12|3|0011|2.093491|0.829237|-0.530692|0.175305|34.860825|0.338779|0.710443
241|21|-1|856|20|15|HOH|_MG|4345|318|307|-O--|MG--|2837|8|12|3|0011|3.397784|-0.760201|-0.553302|0.340516|10.006482|0.009976|0.020921
241|22|-1|857|19|16|HOH|_NA|4344|315|308|-O--|NA--|2836|8|11|3|0011|2.308716|-0.304065|-0.349545|-0.886207|10.218451|0.252863|0.397104
241|23|-1|858|36|16|HOH|_NA|4344|366|308|-O--|NA--|2836|8|11|3|0011|2.416303|0.518975|-0.848403|-0.104292|127.500000|0.189061|0.296908
