241|0|5|13|5|_DG|_MG|_DG|424542|123|305|126|-N7-|MG--|-O6-|253726|443|457|2.209604|3.570359|3.087763|59.130489
241|1|5|13|31|_DG|_MG|HOH|424543|123|305|351|-N7-|MG--|-O--|253728|443|839|2.209604|1.933360|2.845633|86.493240
241|2|5|13|23|_DG|_MG|HOH|424543|123|305|327|-N7-|MG--|-O--|253728|443|840|2.209604|2.125233|3.052372|89.499809
241|3|5|13|44|_DG|_MG|HOH|424543|123|305|390|-N7-|MG--|-O--|253728|443|841|2.209604|3.815373|5.734207|142.864548
241|4|5|13|51|_DG|_MG|HOH|424543|123|305|411|-N7-|MG--|-O--|253728|443|842|2.209604|3.402148|4.495839|104.465355
241|5|5|13|30|_DG|_MG|HOH|424543|123|305|348|-N7-|MG--|-O--|253728|443|843|2.209604|2.085054|2.833402|82.506729
241|6|5|13|18|_DG|_MG|HOH|424543|123|305|312|-N7-|MG--|-O--|253728|443|844|2.209604|2.057791|3.022947|90.134567
241|7|5|13|15|_DG|_MG|_MG|424545|123|305|307|-N7-|MG--|MG--|253737|443|845|2.209604|3.122620|4.873358|131.348755
241|8|5|13|31|_DG|_MG|HOH|424543|126|305|351|-O6-|MG--|-O--|263728|457|839|3.570359|1.933360|4.985229|127.305946
241|9|5|13|23|_DG|_MG|HOH|424543|126|305|327|-O6-|MG--|-O--|263728|457|840|3.570359|2.125233|5.077762|124.152466
241|10|5|13|44|_DG|_MG|HOH|424543|126|305|390|-O6-|MG--|-O--|263728|457|841|3.570359|3.815373|7.090548|147.474747
241|11|5|13|51|_DG|_MG|HOH|424543|126|305|411|-O6-|MG--|-O--|263728|457|842|3.570359|3.402148|2.691862|45.340343
241|12|5|13|30|_DG|_MG|HOH|424543|126|305|348|-O6-|MG--|-O--|263728|457|843|3.570359|2.085054|2.747734|50.127758
241|13|5|13|18|_DG|_MG|HOH|424543|126|305|312|-O6-|MG--|-O--|263728|457|844|3.570359|2.057791|2.878006|53.700279
241|14|5|13|15|_DG|_MG|_MG|424545|126|305|307|-O6-|MG--|MG--|263737|457|845|3.570359|3.122620|4.357823|80.949379
241|15|23|13|31|HOH|_MG|HOH|434543|327|305|351|-O--|MG--|-O--|283728|840|839|2.125233|1.933360|2.889095|90.644066
241|16|31|13|44|HOH|_MG|HOH|434543|351|305|390|-O--|MG--|-O--|283728|839|841|1.933360|3.815373|3.198427|56.861122
241|17|31|13|51|HOH|_MG|HOH|434543|351|305|411|-O--|MG--|-O--|283728|839|842|1.933360|3.402148|5.008144|137.953369
241|18|30|13|31|HOH|_MG|HOH|434543|348|305|351|-O--|MG--|-O--|283728|843|839|2.085054|1.933360|2.844603|90.045715
241|19|18|13|31|HOH|_MG|HOH|434543|312|305|351|-O--|MG--|-O--|283728|844|839|2.057791|1.933360|3.986544|174.491135
241|20|31|13|15|HOH|_MG|_MG|434545|351|305|307|-O--|MG--|MG--|283737|839|845|1.933360|3.122620|4.797555|142.102066
241|21|23|13|44|HOH|_MG|HOH|434543|327|305|390|-O--|MG--|-O--|283728|840|841|2.125233|3.815373|4.218808|85.489479
241|22|23|13|51|HOH|_MG|HOH|434543|327|305|411|-O--|MG--|-O--|283728|840|842|2.125233|3.402148|5.021811|129.137512
241|23|23|13|30|HOH|_MG|HOH|434543|327|305|348|-O--|MG--|-O--|283728|840|843|2.125233|2.085054|4.199825|171.919754
241|24|18|13|23|HOH|_MG|HOH|434543|312|305|327|-O--|MG--|-O--|283728|844|840|2.057791|2.125233|2.825544|84.966446
241|25|23|13|15|HOH|_MG|_MG|434545|327|305|307|-O--|MG--|MG--|283737|840|845|2.125233|3.122620|3.824259|91.543823
241|26|44|13|51|HOH|_MG|HOH|434543|390|305|411|-O--|MG--|-O--|283728|841|842|3.815373|3.402148|5.812121|107.135811
241|27|30|13|44|HOH|_MG|HOH|434543|348|305|390|-O--|MG--|-O--|283728|843|841|2.085054|3.815373|4.701440|101.599106
241|28|18|13|44|HOH|_MG|HOH|434543|312|305|390|-O--|MG--|-O--|283728|844|841|2.057791|3.815373|5.290726|125.867172
241|29|44|13|15|HOH|_MG|_MG|434545|390|305|307|-O--|MG--|MG--|283737|841|845|3.815373|3.122620|4.742048|85.617470
241|30|30|13|51|HOH|_MG|HOH|434543|348|305|411|-O--|MG--|-O--|283728|843|842|2.085054|3.402148|2.706317|52.697170
241|31|18|13|51|HOH|_MG|HOH|434543|312|305|411|-O--|MG--|-O--|283728|844|842|2.057791|3.402148|2.511201|47.258152
241|32|51|13|15|HOH|_MG|_MG|434545|411|305|307|-O--|MG--|MG--|283737|842|845|3.402148|3.122620|2.408061|43.049923
241|33|18|13|30|HOH|_MG|HOH|434543|312|305|348|-O--|MG--|-O--|283728|844|843|2.057791|2.085054|3.025886|93.835594
241|34|30|13|15|HOH|_MG|_MG|434545|348|305|307|-O--|MG--|MG--|283737|843|845|2.085054|3.122620|3.840127|92.854012
241|35|18|13|15|HOH|_MG|_MG|434545|312|305|307|-O--|MG--|MG--|283737|844|845|2.057791|3.122620|2.093491|41.651653
241|36|9|14|35|_DG|_MG|HOH|424543|203|306|363|-OP2|MG--|-O--|263728|668|846|3.855531|1.811429|3.605297|68.372414
241|37|9|14|75|_DG|_MG|HOH|424543|203|306|483|-OP2|MG--|-O--|263728|668|847|3.855531|2.052680|2.532182|36.845768
241|38|9|14|37|_DG|_MG|HOH|424543|203|306|369|-OP2|MG--|-O--|263728|668|848|3.855531|3.956942|5.145364|82.376686
241|39|9|14|32|_DG|_MG|HOH|424543|203|306|354|-OP2|MG--|-O--|263728|668|849|3.855531|2.138381|5.136135|114.898262
241|40|9|14|25|_DG|_MG|HOH|424543|203|306|333|-OP2|MG--|-O--|263728|668|850|3.855531|2.116165|4.773492|102.180504
241|41|35|14|75|HOH|_MG|HOH|434543|363|306|483|-O--|MG--|-O--|283728|846|847|1.811429|2.052680|2.910518|97.544144
241|42|35|14|37|HOH|_MG|HOH|434543|363|306|369|-O--|MG--|-O--|283728|846|848|1.811429|3.956942|5.273370|128.223495
241|43|32|14|35|HOH|_MG|HOH|434543|354|306|363|-O--|MG--|-O--|283728|849|846|2.138381|1.811429|3.947379|175.965271
241|44|25|14|35|HOH|_MG|HOH|434543|333|306|363|-O--|MG--|-O--|283728|850|846|2.116165|1.811429|2.617727|83.206146
241|45|37|14|75|HOH|_MG|HOH|434543|369|306|483|-O--|MG--|-O--|283728|848|847|3.956942|2.052680|2.916932|45.616817
241|46|32|14|75|HOH|_MG|HOH|434543|354|306|483|-O--|MG--|-O--|283728|849|847|2.138381|2.052680|2.821043|84.588692
241|47|25|14|75|HOH|_MG|HOH|434543|333|306|483|-O--|MG--|-O--|283728|850|847|2.116165|2.052680|2.791797|84.070175
241|48|32|14|37|HOH|_MG|HOH|434543|354|306|369|-O--|MG--|-O--|283728|849|848|2.138381|3.956942|3.113131|51.483875
241|49|25|14|37|HOH|_MG|HOH|434543|333|306|369|-O--|MG--|-O--|283728|850|848|2.116165|3.956942|3.496031|61.802097
241|50|25|14|32|HOH|_MG|HOH|434543|333|306|354|-O--|MG--|-O--|283728|850|849|2.116165|2.138381|3.102407|93.636932
241|51|23|15|13|HOH|_MG|_MG|434545|327|307|305|-O--|MG--|MG--|283737|851|845|3.824259|3.122620|2.125233|33.746700
241|52|51|15|13|HOH|_MG|_MG|434545|411|307|305|-O--|MG--|MG--|283737|852|845|2.408061|3.122620|3.402148|74.674187
241|53|30|15|13|HOH|_MG|_MG|434545|348|307|305|-O--|MG--|MG--|283737|853|845|3.840127|3.122620|2.085054|32.839775
241|54|52|15|13|HOH|_MG|_MG|434545|414|307|305|-O--|MG--|MG--|283737|854|845|1.703971|3.122620|4.399695|129.041580
241|55|18|15|13|HOH|_MG|_MG|434545|312|307|305|-O--|MG--|MG--|283737|855|845|2.093491|3.122620|2.057791|40.788353
241|56|20|15|13|HOH|_MG|_MG|434545|318|307|305|-O--|MG--|MG--|283737|856|845|3.397784|3.122620|5.702424|121.927032
241|57|23|15|51|HOH|_MG|HOH|434543|327|307|411|-O--|MG--|-O--|283728|851|852|3.824259|2.408061|5.021811|105.089958
241|58|23|15|30|HOH|_MG|HOH|434543|327|307|348|-O--|MG--|-O--|283728|851|853|3.824259|3.840127|4.199825|66.454842
241|59|23|15|52|HOH|_MG|HOH|434543|327|307|414|-O--|MG--|-O--|283728|851|854|3.824259|1.703971|4.856906|117.714127
241|60|18|15|23|HOH|_MG|HOH|434543|312|307|327|-O--|MG--|-O--|283728|855|851|2.093491|3.824259|2.825544|46.490353
241|61|20|15|23|HOH|_MG|HOH|434543|318|307|327|-O--|MG--|-O--|283728|856|851|3.397784|3.824259|6.995886|151.195755
241|62|30|15|51|HOH|_MG|HOH|434543|348|307|411|-O--|MG--|-O--|283728|853|852|3.840127|2.408061|2.706317|44.367435
241|63|51|15|52|HOH|_MG|HOH|434543|411|307|414|-O--|MG--|-O--|283728|852|854|2.408061|1.703971|2.848660|85.895355
241|64|18|15|51|HOH|_MG|HOH|434543|312|307|411|-O--|MG--|-O--|283728|855|852|2.093491|2.408061|2.511201|67.395889
241|65|20|15|51|HOH|_MG|HOH|434543|318|307|411|-O--|MG--|-O--|283728|856|852|3.397784|2.408061|2.504282|47.420128
241|66|30|15|52|HOH|_MG|HOH|434543|348|307|414|-O--|MG--|-O--|283728|853|854|3.840127|1.703971|4.967471|122.469231
241|67|18|15|30|HOH|_MG|HOH|434543|312|307|348|-O--|MG--|-O--|283728|855|853|2.093491|3.840127|3.025886|51.662983
241|68|20|15|30|HOH|_MG|HOH|434543|318|307|348|-O--|MG--|-O--|283728|856|853|3.397784|3.840127|5.129131|90.036186
241|69|18|15|52|HOH|_MG|HOH|434543|312|307|414|-O--|MG--|-O--|283728|855|854|2.093491|1.703971|2.658954|88.263580
241|70|20|15|52|HOH|_MG|HOH|434543|318|307|414|-O--|MG--|-O--|283728|856|854|3.397784|1.703971|2.948828|60.210361
241|71|18|15|20|HOH|_MG|HOH|434543|312|307|318|-O--|MG--|-O--|283728|855|856|2.093491|3.397784|4.457490|106.084816
241|72|19|16|36|HOH|_NA|HOH|434443|315|308|366|-O--|NA--|-O--|283628|857|858|2.308716|2.416303|2.930771|76.633621
