241|0|0|50|_DC|HOH|4243|0|408|-O5'|-O--|2628|0011|555|0|2.803229|1.643000|2.218000|0.489000|1.580800
241|1|0|1|_DC|_DG|4242|5|18|-O3'|-P--|2627|0001|555|0|1.664498|0.977000|-1.339000|-0.152000|0.082222
241|2|0|10|_DC|_DC|4242|11|240|-N3-|-N3-|2525|0011|555|0|3.488246|0.417000|-0.040000|3.463000|1.964200
241|3|0|11|_DC|_DG|4242|13|263|-N4-|-O6-|2526|0011|555|0|2.749450|-2.707000|-0.440000|-0.195000|0.796050
241|4|0|74|_DC|HOH|4243|13|480|-N4-|-O--|2528|0011|555|0|3.619261|-1.851000|2.625000|1.668000|34.621071
241|5|0|48|_DC|HOH|4243|14|402|-C5-|-O--|2428|0011|555|0|3.157057|2.225000|1.631000|1.535000|13.503688
241|6|1|38|_DG|HOH|4243|20|372|-OP2|-O--|2628|0011|555|0|2.532537|1.106000|-2.192000|0.621000|49.718983
241|7|2|1|_DC|_DG|4242|43|26|-P--|-O3'|2726|0001|555|0|1.695040|1.240000|0.999000|-0.581000|4.959527
241|8|1|49|_DG|HOH|4243|31|405|-N7-|-O--|2528|0011|555|0|2.751764|0.463000|2.266000|-1.491000|4.787944
241|9|1|26|_DG|HOH|4243|31|336|-N7-|-O--|2528|0011|555|0|3.366215|1.349000|1.959000|2.382000|3.685993
241|10|1|24|_DG|HOH|4243|34|330|-O6-|-O--|2628|0011|555|0|2.671430|1.288000|1.765000|1.537000|51.820923
241|11|10|1|_DC|_DG|4242|242|34|-N4-|-O6-|2526|0011|555|0|2.720322|2.519000|-1.026000|0.046000|0.030335
241|12|1|9|_DG|_DG|4242|34|217|-O6-|-O6-|2626|0011|555|0|3.475207|-1.100000|0.876000|3.178000|0.261176
241|13|1|48|_DG|HOH|4243|34|402|-O6-|-O--|2628|0011|555|0|2.822225|0.565000|1.926000|-1.984000|12.204706
241|14|1|63|_DG|HOH|4243|37|447|-N2-|-O--|2528|0011|555|0|3.620030|-3.192000|-1.043000|1.352000|38.730415
241|15|2|3|_DC|_DG|4242|51|64|-O3'|-P--|2627|0001|555|0|1.681883|-0.681000|-1.537000|0.051000|2.657561
241|16|2|63|_DC|HOH|4243|56|447|-O2-|-O--|2628|0011|555|0|3.028260|-1.716000|-1.402000|-2.064000|24.087955
241|17|2|46|_DC|HOH|4243|56|396|-O2-|-O--|2628|0011|555|0|2.642168|-2.150000|-1.253000|0.888000|66.648216
241|18|2|8|_DC|_DC|4242|58|195|-C4-|-C4-|2424|0011|555|0|3.363199|-0.125999|0.336000|3.344000|1.694238
241|19|2|9|_DC|_DG|4242|59|217|-N4-|-O6-|2526|0011|555|0|2.655848|-1.759000|1.957000|-0.360000|0.679763
241|20|2|54|_DC|HOH|4243|59|420|-N4-|-O--|2528|0011|555|0|3.928041|-0.684000|3.553000|1.529000|4.943627
241|21|2|24|_DC|HOH|4243|59|330|-N4-|-O--|2528|0011|555|0|3.535444|0.629001|2.846000|-2.001000|36.875866
241|22|2|47|_DC|HOH|4243|59|399|-N4-|-O--|2528|0011|555|0|3.424944|1.637000|2.994000|0.294000|37.664875
241|23|2|22|_DC|HOH|4243|60|324|-C5-|-O--|2428|0011|555|0|3.426306|2.491000|-1.667000|1.660000|10.613374
241|24|3|42|_DG|HOH|4243|66|384|-OP2|-O--|2628|0011|555|0|3.757885|-1.704000|-1.841000|2.798000|8.779222
241|25|3|45|_DG|HOH|4243|83|393|-N2-|-O--|2528|0011|555|0|2.965567|-2.433000|-1.456000|-0.869000|35.673267
241|26|4|3|_DC|_DG|4242|89|72|-P--|-O3'|2726|0001|555|0|1.642712|0.599000|0.105000|-1.526000|0.396935
241|27|3|41|_DG|HOH|4243|72|381|-O3'|-O--|2628|0011|555|0|3.961588|-1.777000|-2.171000|-2.797000|17.660133
241|28|3|34|_DG|HOH|4243|72|360|-O3'|-O--|2628|0011|555|0|3.304796|-1.183000|-3.068000|-0.331000|17.461214
241|29|3|22|_DG|HOH|4243|80|324|-O6-|-O--|2628|0011|555|0|2.665170|1.787001|-0.072000|-1.976000|18.883368
241|30|8|3|_DC|_DG|4242|196|80|-N4-|-O6-|2526|0011|555|0|2.735135|0.452000|-2.678000|0.324000|0.454177
241|31|3|7|_DG|_DG|4242|80|171|-O6-|-O6-|2626|0011|555|0|3.196044|0.163000|1.355000|2.890000|1.048800
241|32|3|58|_DG|HOH|4243|80|432|-O6-|-O--|2628|0011|555|0|2.946146|2.486000|0.928000|1.280000|15.429168
241|33|4|34|_DC|HOH|4243|91|360|-OP2|-O--|2628|0011|555|0|2.613505|0.401000|-1.777000|-1.874000|11.759999
241|34|4|27|_DC|HOH|4243|91|339|-OP2|-O--|2628|0011|555|0|2.473006|-0.329000|-1.645000|1.817000|6.970582
241|35|4|30|_DC|HOH|4243|90|348|-OP1|-O--|2628|0011|555|0|2.548659|0.539000|0.071001|2.490000|3.438985
241|36|4|31|_DC|HOH|4243|90|351|-OP1|-O--|2628|0011|555|0|3.983851|-1.341000|-1.938000|3.212000|10.625652
241|37|4|19|_DC|HOH|4243|93|315|-C5'|-O--|2428|0011|555|0|3.305642|-2.812000|-1.703001|0.346000|10.218451
241|38|4|5|_DC|_DG|4242|97|110|-O3'|-P--|2627|0001|555|0|1.703680|-1.602000|-0.540000|-0.210999|0.733829
241|39|4|45|_DC|HOH|4243|98|393|-C2'|-O--|2428|0011|555|0|3.150745|-0.182000|-0.148000|-3.142000|29.970362
241|40|4|37|_DC|HOH|4243|97|369|-O3'|-O--|2628|0011|555|0|3.056854|-1.242000|2.786000|0.200000|35.066540
241|41|4|29|_DC|HOH|4243|102|345|-O2-|-O--|2628|0011|555|0|2.838395|-2.447000|0.654000|-1.281000|34.612202
241|42|4|6|_DC|_DC|4242|104|148|-C4-|-C4-|2424|0011|555|0|3.448501|0.251000|0.335000|3.423000|0.253937
241|43|4|7|_DC|_DG|4242|105|171|-N4-|-O6-|2526|0011|555|0|2.664841|0.992000|2.448000|-0.353000|0.551250
241|44|5|21|_DG|HOH|4243|112|321|-OP2|-O--|2628|0011|555|0|2.777506|-2.669000|-0.594000|0.488000|0.746667
241|45|5|36|_DG|HOH|4243|111|366|-OP1|-O--|2628|0011|555|0|2.772767|-1.421000|-2.130000|1.064000|59.861702
241|46|5|37|_DG|HOH|4243|112|369|-OP2|-O--|2628|0011|555|0|2.375644|1.185000|2.042000|0.264000|16.600557
241|47|5|25|_DG|HOH|4243|112|333|-OP2|-O--|2628|0011|555|0|2.753355|-1.045000|1.146000|-2.275000|17.568060
241|48|5|32|_DG|HOH|4243|112|354|-OP2|-O--|2628|0011|555|0|3.353108|-1.835000|2.797000|0.230000|13.925557
241|49|5|19|_DG|HOH|4243|116|315|-O4'|-O--|2628|0011|555|0|2.739735|0.231000|-1.871000|-1.988000|6.800158
241|50|5|33|_DG|HOH|4243|129|357|-N2-|-O--|2528|0011|555|0|3.307020|-2.967000|1.182000|-0.858001|35.032452
241|51|5|40|_DG|HOH|4243|122|378|-C8-|-O--|2428|0011|555|0|3.375672|0.248000|0.131000|3.364000|5.436597
241|52|5|31|_DG|HOH|4243|123|351|-N7-|-O--|2528|0011|555|0|2.845633|0.529000|-2.735000|-0.581000|26.715313
241|53|5|23|_DG|HOH|4243|123|327|-N7-|-O--|2528|0011|555|0|3.052372|0.529000|-2.027000|2.220000|12.640192
241|54|5|30|_DG|HOH|4243|126|348|-O6-|-O--|2628|0011|555|0|2.747734|-0.006000|-2.603000|-0.880000|12.150451
241|55|5|13|_DG|_MG|4245|123|305|-N7-|MG--|2537|0011|555|0|2.209604|1.576000|-1.481000|0.453000|11.511101
241|56|5|18|_DG|HOH|4243|126|312|-O6-|-O--|2628|0011|555|0|2.878006|0.111000|-1.986000|2.080001|4.336051
241|57|5|51|_DG|HOH|4243|126|411|-O6-|-O--|2628|0011|555|0|2.691862|2.072000|-1.627000|0.553000|55.468201
241|58|6|5|_DC|_DG|4242|146|129|-O2-|-N2-|2625|0011|555|0|2.926042|-2.329000|-1.726000|0.398001|0.000000
241|59|6|59|_DC|HOH|4243|136|435|-O5'|-O--|2628|0011|555|0|3.060554|-0.662999|1.351000|2.664999|17.888700
241|60|6|68|_DC|HOH|4243|136|462|-O5'|-O--|2628|0011|555|0|2.583826|2.282001|-0.930000|-0.777000|7.574626
241|61|6|7|_DC|_DG|4242|141|155|-O3'|-P--|2627|0001|555|0|1.678925|-0.214000|1.664000|-0.064000|0.165589
241|62|6|67|_DC|HOH|4243|140|459|-C3'|-O--|2428|0011|555|0|3.910891|1.366000|3.015000|2.082999|3.711400
241|63|6|61|_DC|HOH|4243|141|441|-O3'|-O--|2628|0011|555|0|3.896956|-2.229000|-0.713000|-3.116000|1.268186
241|64|6|17|_DC|HOH|4243|149|309|-N4-|-O--|2528|0011|555|0|2.982148|2.869000|-0.645000|-0.496000|1.286050
241|65|6|51|_DC|HOH|4243|149|411|-N4-|-O--|2528|0011|555|0|3.475007|-0.288000|-3.347000|0.889000|55.468201
241|66|6|20|_DC|HOH|4243|149|318|-N4-|-O--|2528|0011|555|0|3.943950|2.070000|-2.937000|1.625999|26.364449
241|67|6|55|_DC|HOH|4243|151|423|-C6-|-O--|2428|0011|555|0|3.633754|3.146000|0.141000|-1.813000|6.336706
241|68|7|70|_DG|HOH|4243|157|468|-OP2|-O--|2628|0011|555|0|2.671598|-0.597000|2.552000|-0.518000|2.663018
241|69|7|64|_DG|HOH|4243|156|450|-OP1|-O--|2628|0011|555|0|2.810513|-1.065000|2.066000|1.580000|15.278532
241|70|7|67|_DG|HOH|4243|156|459|-OP1|-O--|2628|0011|555|0|2.525056|2.155000|0.284000|1.285000|0.750304
241|71|7|61|_DG|HOH|4243|174|441|-N2-|-O--|2528|0011|555|0|2.858192|-1.836000|1.980000|0.936999|10.281733
241|72|7|72|_DG|HOH|4243|157|474|-OP2|-O--|2628|0011|555|0|3.466956|-3.221000|-1.235000|-0.346000|20.207144
241|73|7|78|_DG|HOH|4243|159|492|-C5'|-O--|2428|0011|555|0|3.530930|-3.343000|-0.301000|-1.096000|10.560979
241|74|8|7|_DC|_DG|4242|180|163|-P--|-O3'|2726|0001|555|0|1.661761|1.571000|-0.141000|0.523000|0.873115
241|75|7|82|_DG|HOH|4243|163|504|-O3'|-O--|2628|0011|555|0|3.737916|-1.861000|2.018000|2.537001|1.146201
241|76|7|53|_DG|HOH|4243|163|417|-O3'|-O--|2628|0011|555|0|3.248544|0.726000|2.714000|1.631001|0.201645
241|77|7|54|_DG|HOH|4243|164|420|-C2'|-O--|2428|0011|555|0|3.790547|-0.039001|0.101000|-3.789000|6.462059
241|78|7|28|_DG|HOH|4243|164|342|-C2'|-O--|2428|0011|555|0|3.827463|2.752000|-0.615000|-2.588000|16.100323
241|79|7|56|_DG|HOH|4243|168|426|-N7-|-O--|2528|0011|555|0|2.698519|2.295000|-0.734000|-1.215000|35.953300
241|80|7|58|_DG|HOH|4243|171|432|-O6-|-O--|2628|0011|555|0|2.858454|2.323000|-0.427000|-1.610001|24.351252
241|81|7|55|_DG|HOH|4243|171|423|-O6-|-O--|2628|0011|555|0|2.669010|1.892000|0.045000|1.882000|9.401249
241|82|7|29|_DG|HOH|4243|174|345|-N2-|-O--|2528|0011|555|0|3.960975|-3.387000|-1.844000|-0.904000|32.920197
241|83|8|78|_DC|HOH|4243|182|492|-OP2|-O--|2628|0011|555|0|2.457010|-1.117000|-1.797000|1.249000|10.560979
241|84|8|82|_DC|HOH|4243|182|504|-OP2|-O--|2628|0011|555|0|2.636179|0.603000|1.837000|1.792000|0.580679
241|85|8|9|_DC|_DG|4242|188|201|-O3'|-P--|2627|0001|555|0|1.667670|-1.565000|0.576000|-0.011000|1.319228
241|86|8|79|_DC|HOH|4243|188|495|-O3'|-O--|2628|0011|555|0|3.283020|-1.448000|-2.739000|-1.086000|18.712360
241|87|8|76|_DC|HOH|4243|188|486|-O3'|-O--|2628|0011|555|0|3.895231|-1.268000|0.840000|3.586000|27.264296
241|88|8|61|_DC|HOH|4243|189|441|-C2'|-O--|2428|0011|555|0|3.420606|0.272000|0.258000|3.400000|10.924201
241|89|8|46|_DC|HOH|4243|193|396|-O2-|-O--|2628|0011|555|0|3.713838|-1.892000|-1.854000|-2.603000|83.039299
241|90|8|29|_DC|HOH|4243|193|345|-O2-|-O--|2628|0011|555|0|3.668336|-2.573000|-0.502000|2.566000|24.855177
241|91|8|22|_DC|HOH|4243|196|324|-N4-|-O--|2528|0011|555|0|3.912126|2.239000|-2.750000|-1.652000|23.427340
241|92|8|58|_DC|HOH|4243|196|432|-N4-|-O--|2528|0011|555|0|3.777189|2.938000|-1.750000|1.604000|19.292830
241|93|8|54|_DC|HOH|4243|198|420|-C6-|-O--|2428|0011|555|0|3.478805|1.464000|2.710000|-1.617000|13.545001
241|94|8|28|_DC|HOH|4243|197|342|-C5-|-O--|2428|0011|555|0|3.831899|2.952000|2.390000|-0.507000|25.926458
241|95|9|79|_DG|HOH|4243|203|495|-OP2|-O--|2628|0011|555|0|2.549889|1.082000|-2.142000|-0.862000|8.259401
241|96|9|75|_DG|HOH|4243|203|483|-OP2|-O--|2628|0011|555|0|2.532182|-0.544000|-1.798000|1.698000|18.841669
241|97|9|76|_DG|HOH|4243|202|486|-OP1|-O--|2628|0011|555|0|2.567516|0.495000|-0.683000|2.425000|11.463309
241|98|9|35|_DG|HOH|4243|203|363|-OP2|-O--|2628|0011|555|0|3.605297|-2.622000|-2.464000|-0.228000|18.345234
241|99|9|14|_DG|_MG|4245|203|306|-OP2|MG--|2637|0011|555|0|3.855531|-2.465000|-2.511000|1.576000|9.115106
241|100|9|65|_DG|HOH|4243|203|453|-OP2|-O--|2628|0011|555|0|3.195496|-2.189000|0.136000|-2.324000|44.071899
241|101|10|9|_DC|_DG|4242|226|209|-P--|-O3'|2726|0001|555|0|1.654802|0.637000|1.520000|0.149000|0.801257
241|102|9|60|_DG|HOH|4243|220|438|-N2-|-O--|2528|0011|555|0|3.003938|-2.877000|-0.488000|0.713000|3.893700
241|103|9|57|_DG|HOH|4243|210|429|-C2'|-O--|2428|0011|555|0|3.218523|-0.319000|-0.573000|-3.151000|19.910595
241|104|9|80|_DG|HOH|4243|213|498|-C8-|-O--|2428|0011|555|0|3.848153|0.876000|-0.030000|-3.747000|2.079651
241|105|9|54|_DG|HOH|4243|217|420|-O6-|-O--|2628|0011|555|0|2.696509|1.075000|1.596000|1.889000|7.108784
241|106|9|24|_DG|HOH|4243|217|330|-O6-|-O--|2628|0011|555|0|3.030800|2.388000|0.889000|-1.641000|46.540035
241|107|9|47|_DG|HOH|4243|217|399|-O6-|-O--|2628|0011|555|0|3.610526|3.396000|1.037000|0.654000|47.504089
241|108|9|63|_DG|HOH|4243|220|447|-N2-|-O--|2528|0011|555|0|3.685905|0.171000|-3.431000|-1.336000|22.090458
241|109|9|46|_DG|HOH|4243|220|396|-N2-|-O--|2528|0011|555|0|3.667717|-0.263000|-3.282000|1.616000|61.848927
241|110|10|81|_DC|HOH|4243|228|501|-OP2|-O--|2628|0011|555|0|2.591043|-1.557000|-2.070000|-0.066000|15.362025
241|111|10|65|_DC|HOH|4243|228|453|-OP2|-O--|2628|0011|555|0|2.535544|-1.406000|0.470000|2.057000|41.706223
241|112|10|60|_DC|HOH|4243|228|438|-OP2|-O--|2628|0011|555|0|2.794006|2.369000|-1.248000|0.798000|2.168400
241|113|10|57|_DC|HOH|4243|244|429|-C6-|-O--|2428|0011|555|0|3.020499|-1.835000|2.164000|-1.036000|30.693108
241|114|10|11|_DC|_DG|4242|234|247|-O3'|-P--|2627|0001|555|0|1.641022|-1.367000|-0.861000|0.288000|0.459375
241|115|10|63|_DC|HOH|4243|239|447|-O2-|-O--|2628|0011|555|0|2.802419|-0.617000|-2.079000|1.775000|24.540297
241|116|10|80|_DC|HOH|4243|242|498|-N4-|-O--|2528|0011|555|0|2.941204|-0.896000|2.739000|-0.588000|4.025651
241|117|10|48|_DC|HOH|4243|242|402|-N4-|-O--|2528|0011|555|0|3.751919|3.084000|0.900000|-1.938000|12.422008
241|118|10|74|_DC|HOH|4243|243|480|-C5-|-O--|2428|0011|555|0|3.752850|-0.795000|3.209000|-1.776000|24.886143
241|119|11|83|_DG|HOH|4243|249|507|-OP2|-O--|2628|0011|555|0|3.137451|-2.536000|-1.774000|0.515000|30.927519
241|120|11|81|_DG|HOH|4243|248|501|-OP1|-O--|2628|0011|555|0|2.765361|-1.012000|2.143000|1.425000|8.488121
241|121|11|62|_DG|HOH|4243|255|444|-O3'|-O--|2628|0011|555|0|3.136451|-1.374000|2.365000|-1.535000|1.645257
241|122|11|73|_DG|HOH|4243|256|477|-C2'|-O--|2428|0011|555|0|3.923411|-1.353000|2.428000|-2.769000|0.235766
241|123|11|71|_DG|HOH|4243|260|471|-N7-|-O--|2528|0011|555|0|2.886118|-0.379000|2.470000|1.444000|26.990946
241|124|11|57|_DG|HOH|4243|263|429|-O6-|-O--|2628|0011|555|0|2.861618|-1.134000|1.078000|2.396000|43.211254
241|125|11|74|_DG|HOH|4243|263|480|-O6-|-O--|2628|0011|555|0|3.687510|0.856000|3.065000|1.863000|48.504997
241|126|31|13|HOH|_MG|4345|351|305|-O--|MG--|2837|0011|555|0|1.933360|1.047000|1.254000|1.034000|3.586255
241|127|23|13|HOH|_MG|4345|327|305|-O--|MG--|2837|0011|555|0|2.125233|1.047000|0.546000|-1.767000|0.238729
241|128|44|13|HOH|_MG|4345|390|305|-O--|MG--|2837|0011|555|0|3.815373|-0.860000|3.707000|0.275001|0.665934
241|129|51|13|HOH|_MG|4345|411|305|-O--|MG--|2837|0011|555|0|3.402148|-2.911000|-1.731000|0.323000|10.548119
241|130|30|13|HOH|_MG|4345|348|305|-O--|MG--|2837|0011|555|0|2.085054|-0.833000|-0.755001|1.756001|0.030149
241|131|18|13|HOH|_MG|4345|312|305|-O--|MG--|2837|0011|555|0|2.057791|-0.950000|-1.372000|-1.204000|2.875182
241|132|13|15|_MG|_MG|4545|305|307|MG--|MG--|3737|0011|555|0|3.122620|2.686000|0.261001|1.570999|19.073927
241|133|35|14|HOH|_MG|4345|363|306|-O--|MG--|2837|0011|555|0|1.811429|0.157000|-0.047000|1.804000|3.091731
241|134|75|14|HOH|_MG|4345|483|306|-O--|MG--|2837|0011|555|0|2.052680|-1.921000|-0.713000|-0.122000|3.267813
241|135|37|14|HOH|_MG|4345|369|306|-O--|MG--|2837|0011|555|0|3.956942|-3.176000|0.958000|-2.157000|4.123033
241|136|32|14|HOH|_MG|4345|354|306|-O--|MG--|2837|0011|555|0|2.138381|-0.156000|0.203000|-2.123000|2.965540
241|137|25|14|HOH|_MG|4345|333|306|-O--|MG--|2837|0011|555|0|2.116165|-0.946000|1.854000|0.382000|4.547605
241|138|23|15|HOH|_MG|4345|327|307|-O--|MG--|2837|0011|555|0|3.824259|3.733000|0.807000|-0.196001|17.857233
241|139|51|15|HOH|_MG|4345|411|307|-O--|MG--|2837|0011|555|0|2.408061|-0.225000|-1.470000|1.893999|3.212780
241|140|30|15|HOH|_MG|4345|348|307|-O--|MG--|2837|0011|555|0|3.840127|1.853000|-0.494000|3.327000|19.239468
241|141|52|15|HOH|_MG|4345|414|307|-O--|MG--|2837|0011|555|0|1.703971|-0.578000|-1.307000|-0.928001|3.949415
241|142|18|15|HOH|_MG|4345|312|307|-O--|MG--|2837|0011|555|0|2.093491|1.736000|-1.111000|0.366999|34.860825
241|143|20|15|HOH|_MG|4345|318|307|-O--|MG--|2837|0011|555|0|3.397784|-2.583000|-1.880000|1.157000|10.006482
241|144|19|16|HOH|_NA|4344|315|308|-O--|NA--|2836|0011|555|0|2.308716|-0.702000|-0.806999|-2.046000|10.218451
241|145|36|16|HOH|_NA|4344|366|308|-O--|NA--|2836|0011|555|0|2.416303|1.254000|-2.050000|-0.252001|127.500000
241|146|17|20|HOH|HOH|4343|309|318|-O--|-O--|2828|0001|555|0|3.224058|-0.799001|-2.292000|2.122000|15.679998
241|147|18|31|HOH|HOH|4343|312|351|-O--|-O--|2828|0001|555|0|3.986544|-1.997000|-2.626000|-2.238001|9.363309
241|148|18|40|HOH|HOH|4343|312|378|-O--|-O--|2828|0001|555|0|3.979440|-3.589000|-0.008000|1.719000|1.111484
241|149|18|23|HOH|HOH|4343|312|327|-O--|-O--|2828|0001|555|0|2.825544|-1.997000|-1.918000|0.563000|3.336301
241|150|18|51|HOH|HOH|4343|312|411|-O--|-O--|2828|0001|555|0|2.511201|1.961000|0.359000|-1.527000|21.046860
241|151|18|30|HOH|HOH|4343|312|348|-O--|-O--|2828|0001|555|0|3.025886|-0.117000|-0.617000|-2.960001|2.816934
241|152|18|52|HOH|HOH|4343|312|414|-O--|-O--|2828|0001|555|0|2.658954|2.314000|0.196000|1.295000|18.922138
241|153|19|36|HOH|HOH|4343|315|366|-O--|-O--|2828|0001|555|0|2.930771|-1.956000|1.243001|-1.794000|34.332150
241|154|20|51|HOH|HOH|4343|318|411|-O--|-O--|2828|0001|555|0|2.504282|-2.358000|-0.410000|-0.737000|4.518007
241|155|20|52|HOH|HOH|4343|318|414|-O--|-O--|2828|0001|555|0|2.948828|-2.005000|-0.573000|2.085001|3.707779
241|156|21|32|HOH|HOH|4343|321|354|-O--|-O--|2828|0001|555|0|3.501571|0.834000|3.391000|-0.257999|17.988152
241|157|21|25|HOH|HOH|4343|321|333|-O--|-O--|2828|0001|555|0|3.646799|1.624000|1.740000|-2.763000|22.394403
241|158|22|58|HOH|HOH|4343|324|432|-O--|-O--|2828|0011|555|0|3.477087|0.698999|1.000000|3.256000|0.737440
241|159|23|31|HOH|HOH|4343|327|351|-O--|-O--|2828|0001|555|0|2.889095|0.000000|-0.708000|-2.801001|3.141018
241|160|23|40|HOH|HOH|4343|327|378|-O--|-O--|2828|0001|555|0|2.742061|-1.592000|1.910000|1.156000|1.591295
241|161|24|54|HOH|HOH|4343|330|420|-O--|-O--|2828|0011|555|0|3.832065|-1.313001|0.707000|3.530000|14.810017
241|162|24|49|HOH|HOH|4343|330|405|-O--|-O--|2828|0001|555|0|3.521660|2.153000|-0.584000|-2.725000|19.436047
241|163|24|26|HOH|HOH|4343|330|336|-O--|-O--|2828|0001|555|0|3.368576|3.039000|-0.891000|1.148000|22.192228
241|164|24|48|HOH|HOH|4343|330|402|-O--|-O--|2828|0001|555|0|3.598068|-0.723001|0.161000|-3.521000|11.024630
241|165|24|47|HOH|HOH|4343|330|399|-O--|-O--|2828|0001|555|0|2.510974|1.007999|0.148000|2.295000|0.121082
241|166|25|79|HOH|HOH|4343|333|495|-O--|-O--|2828|0011|555|0|3.991750|2.601000|2.223000|-2.056000|5.094385
241|167|25|35|HOH|HOH|4343|333|363|-O--|-O--|2828|0001|555|0|2.617727|-1.103000|1.901000|-1.422000|0.930238
241|168|25|75|HOH|HOH|4343|333|483|-O--|-O--|2828|0011|555|0|2.791797|0.975000|2.567000|0.504000|0.802867
241|169|25|37|HOH|HOH|4343|333|369|-O--|-O--|2828|0001|555|0|3.496031|2.230000|0.896000|2.539000|0.245167
241|170|25|32|HOH|HOH|4343|333|354|-O--|-O--|2828|0001|555|0|3.102407|-0.790000|1.651000|2.505000|1.024556
241|171|26|49|HOH|HOH|4343|336|405|-O--|-O--|2828|0001|555|0|3.984893|-0.886000|0.307000|-3.873000|0.455351
241|172|26|47|HOH|HOH|4343|336|399|-O--|-O--|2828|0001|555|0|2.553447|-2.031000|1.039000|1.147000|22.715273
241|173|26|39|HOH|HOH|4343|336|375|-O--|-O--|2828|0001|555|0|3.758406|1.795000|1.037000|-3.135000|1.008217
241|174|27|34|HOH|HOH|4343|339|360|-O--|-O--|2828|0001|555|0|3.764812|0.730000|-0.132000|-3.691000|1.749619
241|175|27|31|HOH|HOH|4343|339|351|-O--|-O--|2828|0001|555|0|2.798783|1.144000|0.965000|2.365000|1.435557
241|176|28|54|HOH|HOH|4343|342|420|-O--|-O--|2828|0011|555|0|3.121656|-2.791000|0.716000|-1.201000|3.492064
241|177|28|47|HOH|HOH|4343|342|399|-O--|-O--|2828|0001|555|0|2.485889|-0.470000|0.157000|-2.436000|7.066011
241|178|29|37|HOH|HOH|4343|345|369|-O--|-O--|2828|0001|555|0|3.103292|-2.808000|-0.445000|1.243999|2.103997
241|179|30|31|HOH|HOH|4343|348|351|-O--|-O--|2828|0001|555|0|2.844603|-1.880000|-2.009000|0.722000|3.646832
241|180|30|51|HOH|HOH|4343|348|411|-O--|-O--|2828|0001|555|0|2.706317|2.078000|0.976000|1.433001|10.658208
241|181|31|44|HOH|HOH|4343|351|390|-O--|-O--|2828|0001|555|0|3.198427|1.907000|-2.453000|0.759000|4.924304
241|182|32|35|HOH|HOH|4343|354|363|-O--|-O--|2828|0001|555|0|3.947379|-0.313000|0.250000|-3.927000|0.080612
241|183|32|75|HOH|HOH|4343|354|483|-O--|-O--|2828|0011|555|0|2.821043|1.765000|0.916000|-2.001000|0.193455
241|184|32|37|HOH|HOH|4343|354|369|-O--|-O--|2828|0001|555|0|3.113131|3.020000|-0.755000|0.033999|0.746890
241|185|33|37|HOH|HOH|4343|357|369|-O--|-O--|2828|0001|555|0|2.990904|-0.366000|0.092000|-2.967000|2.033721
241|186|34|41|HOH|HOH|4343|360|381|-O--|-O--|2828|0001|555|0|2.690465|-0.594000|0.897000|-2.466000|0.040181
241|187|35|79|HOH|HOH|4343|363|495|-O--|-O--|2828|0011|555|0|3.771638|3.704000|0.322000|-0.634000|3.559059
241|188|35|75|HOH|HOH|4343|363|483|-O--|-O--|2828|0011|555|0|2.910518|2.078000|0.666000|1.926000|0.111150
241|189|35|65|HOH|HOH|4343|363|453|-O--|-O--|2828|0011|555|0|3.367596|0.433000|2.600000|-2.096000|6.497417
241|190|37|75|HOH|HOH|4343|369|483|-O--|-O--|2828|0011|555|0|2.916932|-1.255000|1.671000|-2.035000|0.534445
241|191|39|49|HOH|HOH|4343|375|405|-O--|-O--|2828|0001|555|0|2.874944|-2.681000|-0.730000|-0.738000|0.475786
241|192|41|42|HOH|HOH|4343|381|384|-O--|-O--|2828|0001|555|0|2.887106|-1.642000|2.307000|0.563000|4.252822
241|193|43|44|HOH|HOH|4343|387|390|-O--|-O--|2828|0001|555|0|2.747659|0.251000|0.894000|-2.585999|0.316484
241|194|45|46|HOH|HOH|4343|393|396|-O--|-O--|2828|0001|555|0|3.299538|0.137000|2.354000|-2.308000|9.618091
241|195|46|63|HOH|HOH|4343|396|447|-O--|-O--|2828|0011|555|0|2.987451|0.434000|-0.149000|-2.952000|8.773274
241|196|46|60|HOH|HOH|4343|396|438|-O--|-O--|2828|0011|555|0|3.931265|-2.614000|2.794000|-0.903000|29.805845
241|197|47|54|HOH|HOH|4343|399|420|-O--|-O--|2828|0011|555|0|2.687889|-2.321000|0.559000|1.235000|15.199349
241|198|48|49|HOH|HOH|4343|402|405|-O--|-O--|2828|0001|555|0|3.075714|2.876000|-0.745000|0.796000|2.516378
241|199|49|50|HOH|HOH|4343|405|408|-O--|-O--|2828|0001|555|0|2.769975|0.518000|-0.806000|-2.599000|4.217664
241|200|51|52|HOH|HOH|4343|411|414|-O--|-O--|2828|0001|555|0|2.848660|0.353000|-0.163000|2.822001|0.489883
241|201|53|82|HOH|HOH|4343|417|504|-O--|-O--|2828|0001|555|0|2.828042|-2.587000|-0.696000|0.906000|1.473258
241|202|55|58|HOH|HOH|4343|423|432|-O--|-O--|2828|0001|555|0|3.550016|0.431000|-0.472000|-3.492001|3.840368
241|203|55|68|HOH|HOH|4343|423|462|-O--|-O--|2828|0001|555|0|2.904284|0.635000|2.133000|1.865999|5.298166
241|204|56|58|HOH|HOH|4343|426|432|-O--|-O--|2828|0001|555|0|2.786799|-1.057000|-2.570000|-0.210000|3.505788
241|205|57|71|HOH|HOH|4343|429|471|-O--|-O--|2828|0001|555|0|2.768047|-2.354000|0.968000|-1.088000|0.193487
241|206|57|74|HOH|HOH|4343|429|480|-O--|-O--|2828|0001|555|0|2.862230|1.990000|1.987000|-0.533000|0.579226
241|207|59|67|HOH|HOH|4343|435|459|-O--|-O--|2828|0001|555|0|2.623404|-0.849000|2.423000|-0.539000|10.442811
241|208|60|79|HOH|HOH|4343|438|495|-O--|-O--|2828|0001|555|0|2.823377|-0.504000|-0.560000|2.721000|3.269730
241|209|61|76|HOH|HOH|4343|441|486|-O--|-O--|2828|0001|555|0|3.895771|-3.808000|0.637000|-0.520000|5.487336
241|210|61|72|HOH|HOH|4343|441|474|-O--|-O--|2828|0001|555|0|3.932110|-2.716000|1.272000|2.543000|19.148096
241|211|61|78|HOH|HOH|4343|441|492|-O--|-O--|2828|0001|555|0|2.717131|-1.120000|2.376000|-0.695000|3.693841
241|212|62|73|HOH|HOH|4343|444|477|-O--|-O--|2828|0001|555|0|2.828933|2.269000|0.997000|-1.363999|2.051550
241|213|64|70|HOH|HOH|4343|450|468|-O--|-O--|2828|0001|555|0|3.918444|-1.762000|0.080999|-3.499000|8.025890
241|214|64|66|HOH|HOH|4343|450|456|-O--|-O--|2828|0001|555|0|3.089560|0.089000|2.969000|0.850000|0.874009
241|215|64|67|HOH|HOH|4343|450|459|-O--|-O--|2828|0001|555|0|3.692012|3.220000|-1.782001|-0.295000|12.310781
241|216|65|81|HOH|HOH|4343|453|501|-O--|-O--|2828|0001|555|0|3.313839|-0.151000|-2.540000|-2.123000|7.437918
241|217|69|82|HOH|HOH|4343|465|504|-O--|-O--|2828|0001|555|0|3.387387|-0.493000|-2.816000|-1.816999|13.084486
241|218|70|82|HOH|HOH|4343|468|504|-O--|-O--|2828|0001|555|0|2.783665|0.692000|0.951000|-2.523000|6.106587
241|219|72|76|HOH|HOH|4343|474|486|-O--|-O--|2828|0001|555|0|3.313255|-1.092000|-0.635000|-3.063000|6.855097
241|220|72|77|HOH|HOH|4343|474|489|-O--|-O--|2828|0001|555|0|3.210753|-2.529000|1.554000|-1.224000|2.176510
241|221|72|78|HOH|HOH|4343|474|492|-O--|-O--|2828|0001|555|0|3.775007|1.596000|1.104000|-3.238000|9.034533
241|222|74|80|HOH|HOH|4343|480|498|-O--|-O--|2828|0001|555|0|2.747797|2.350000|-0.093000|1.421000|13.346937
241|223|75|79|HOH|HOH|4343|483|495|-O--|-O--|2828|0001|555|0|3.052181|1.626000|-0.344000|-2.560000|3.744956
241|224|76|77|HOH|HOH|4343|486|489|-O--|-O--|2828|0001|555|0|3.199783|-1.437000|2.189000|1.839000|3.490672
241|225|76|78|HOH|HOH|4343|486|492|-O--|-O--|2828|0001|555|0|3.206258|2.688000|1.739000|-0.175000|0.972854
