241|0|42|_DC|A|1|18|0|000|12.793273|-1.000000|-1.000000|0.000000|-1|-1|0|0|-1|-1
241|1|42|_DG|A|2|25|0|000|9.928454|-1.000000|-1.000000|0.000000|-1|-1|0|0|-1|-1
241|2|42|_DC|A|3|21|0|000|5.613727|-1.000000|-1.000000|0.000000|-1|-1|0|0|-1|-1
241|3|42|_DG|A|4|25|0|000|2.388132|-1.000000|-1.000000|0.000000|-1|-1|0|0|-1|-1
241|4|42|_DC|A|5|21|0|000|3.842475|-1.000000|-1.000000|0.000000|-1|-1|0|0|-1|-1
241|5|42|_DG|A|6|26|0|000|7.885832|-1.000000|-1.000000|0.000000|-1|-1|0|0|-1|-1
241|6|42|_DC|B|7|19|0|000|9.817753|-1.000000|-1.000000|0.000000|-1|-1|0|7|-1|-1
241|7|42|_DG|B|8|25|0|000|6.409455|-1.000000|-1.000000|0.000000|-1|-1|0|7|-1|-1
241|8|42|_DC|B|9|21|0|000|2.256550|-1.000000|-1.000000|0.000000|-1|-1|0|7|-1|-1
241|9|42|_DG|B|10|25|0|000|2.952938|-1.000000|-1.000000|0.000000|-1|-1|0|7|-1|-1
241|10|42|_DC|B|11|21|0|000|6.579317|-1.000000|-1.000000|0.000000|-1|-1|0|7|-1|-1
241|11|42|_DG|B|12|26|0|000|11.306783|-1.000000|-1.000000|0.000000|-1|-1|0|7|-1|-1
241|12|53|SPD|A|120|32|0|000|12.432179|-1.000000|-1.000000|0.000000|-1|-1|0|2|-1|-1
241|13|45|_MG|A|92|1|1|000|9.737691|-1.000000|-1.000000|0.000000|-1|-1|0|3|-1|-1
241|14|45|_MG|A|93|1|1|000|9.503906|-1.000000|-1.000000|0.000000|-1|-1|0|4|-1|-1
241|15|45|_MG|A|94|1|1|000|11.490718|-1.000000|-1.000000|0.000000|-1|-1|0|5|-1|-1
241|16|44|_NA|A|116|1|1|000|7.875204|-1.000000|-1.000000|0.000000|-1|-1|0|6|-1|-1
241|17|43|HOH|A|13|3|0|000|9.798950|-1.000000|-1.000000|0.000000|-1|-1|0|1|-1|-1
241|18|43|HOH|A|14|3|0|000|10.502475|-1.000000|-1.000000|0.000000|-1|-1|0|1|-1|-1
241|19|43|HOH|A|15|3|0|000|8.004268|-1.000000|-1.000000|0.000000|-1|-1|0|1|-1|-1
241|20|43|HOH|A|16|3|0|000|11.172449|-1.000000|-1.000000|0.000000|-1|-1|0|1|-1|-1
241|21|43|HOH|A|20|3|0|000|9.879746|-1.000000|-1.000000|0.000000|-1|-1|0|1|-1|-1
241|22|43|HOH|A|23|3|0|000|7.644099|-1.000000|-1.000000|0.000000|-1|-1|0|1|-1|-1
241|23|43|HOH|A|28|3|0|000|11.944828|-1.000000|-1.000000|0.000000|-1|-1|0|1|-1|-1
241|24|43|HOH|A|30|3|0|000|12.412691|-1.000000|-1.000000|0.000000|-1|-1|0|1|-1|-1
241|25|43|HOH|A|33|3|0|000|7.622081|-1.000000|-1.000000|0.000000|-1|-1|0|1|-1|-1
241|26|43|HOH|A|34|3|0|000|12.653770|-1.000000|-1.000000|0.000000|-1|-1|0|1|-1|-1
241|27|43|HOH|A|36|3|0|000|8.385914|-1.000000|-1.000000|0.000000|-1|-1|0|1|-1|-1
241|28|43|HOH|A|37|3|0|000|11.262836|-1.000000|-1.000000|0.000000|-1|-1|0|1|-1|-1
241|29|43|HOH|A|39|3|0|000|4.854893|-1.000000|-1.000000|0.000000|-1|-1|0|1|-1|-1
241|30|43|HOH|A|40|3|0|000|7.518197|-1.000000|-1.000000|0.000000|-1|-1|0|1|-1|-1
241|31|43|HOH|A|41|3|0|000|9.623339|-1.000000|-1.000000|0.000000|-1|-1|0|1|-1|-1
241|32|43|HOH|A|47|3|0|000|9.955834|-1.000000|-1.000000|0.000000|-1|-1|0|1|-1|-1
241|33|43|HOH|A|50|3|0|000|8.984440|-1.000000|-1.000000|0.000000|-1|-1|0|1|-1|-1
241|34|43|HOH|A|52|3|0|000|7.146233|-1.000000|-1.000000|0.000000|-1|-1|0|1|-1|-1
241|35|43|HOH|A|54|3|0|000|9.574087|-1.000000|-1.000000|0.000000|-1|-1|0|1|-1|-1
241|36|43|HOH|A|55|3|0|000|8.115233|-1.000000|-1.000000|0.000000|-1|-1|0|1|-1|-1
241|37|43|HOH|A|62|3|0|000|7.016253|-1.000000|-1.000000|0.000000|-1|-1|0|1|-1|-1
241|38|43|HOH|A|67|3|0|000|11.830459|-1.000000|-1.000000|0.000000|-1|-1|0|1|-1|-1
241|39|43|HOH|A|79|3|0|000|15.598374|-1.000000|-1.000000|0.000000|-1|-1|0|1|-1|-1
241|40|43|HOH|A|80|3|0|000|12.477039|-1.000000|-1.000000|0.000000|-1|-1|0|1|-1|-1
241|41|43|HOH|A|81|3|0|000|6.181400|-1.000000|-1.000000|0.000000|-1|-1|0|1|-1|-1
241|42|43|HOH|A|85|3|0|000|4.862199|-1.000000|-1.000000|0.000000|-1|-1|0|1|-1|-1
241|43|43|HOH|A|87|3|0|000|14.611892|-1.000000|-1.000000|0.000000|-1|-1|0|1|-1|-1
241|44|43|HOH|A|88|3|0|000|12.069360|-1.000000|-1.000000|0.000000|-1|-1|0|1|-1|-1
241|45|43|HOH|A|95|3|0|000|1.630260|-1.000000|-1.000000|0.000000|-1|-1|0|1|-1|-1
241|46|43|HOH|A|96|3|0|000|3.783550|-1.000000|-1.000000|0.000000|-1|-1|0|1|-1|-1
241|47|43|HOH|A|100|3|0|000|12.041468|-1.000000|-1.000000|0.000000|-1|-1|0|1|-1|-1
241|48|43|HOH|A|101|3|0|000|14.196930|-1.000000|-1.000000|0.000000|-1|-1|0|1|-1|-1
241|49|43|HOH|A|102|3|0|000|14.304135|-1.000000|-1.000000|0.000000|-1|-1|0|1|-1|-1
241|50|43|HOH|A|113|3|0|000|16.032005|-1.000000|-1.000000|0.000000|-1|-1|0|1|-1|-1
241|51|43|HOH|A|114|3|0|000|9.233160|-1.000000|-1.000000|0.000000|-1|-1|0|1|-1|-1
241|52|43|HOH|A|115|3|0|000|12.415802|-1.000000|-1.000000|0.000000|-1|-1|0|1|-1|-1
241|53|43|HOH|B|18|3|0|000|8.711385|-1.000000|-1.000000|0.000000|-1|-1|0|8|-1|-1
241|54|43|HOH|B|22|3|0|000|5.032508|-1.000000|-1.000000|0.000000|-1|-1|0|8|-1|-1
241|55|43|HOH|B|24|3|0|000|10.744120|-1.000000|-1.000000|0.000000|-1|-1|0|8|-1|-1
241|56|43|HOH|B|29|3|0|000|10.429390|-1.000000|-1.000000|0.000000|-1|-1|0|8|-1|-1
241|57|43|HOH|B|35|3|0|000|8.446198|-1.000000|-1.000000|0.000000|-1|-1|0|8|-1|-1
241|58|43|HOH|B|38|3|0|000|9.834777|-1.000000|-1.000000|0.000000|-1|-1|0|8|-1|-1
241|59|43|HOH|B|43|3|0|000|12.880795|-1.000000|-1.000000|0.000000|-1|-1|0|8|-1|-1
241|60|43|HOH|B|44|3|0|000|4.297221|-1.000000|-1.000000|0.000000|-1|-1|0|8|-1|-1
241|61|43|HOH|B|46|3|0|000|5.429072|-1.000000|-1.000000|0.000000|-1|-1|0|8|-1|-1
241|62|43|HOH|B|51|3|0|000|16.387196|-1.000000|-1.000000|0.000000|-1|-1|0|8|-1|-1
241|63|43|HOH|B|53|3|0|000|6.457001|-1.000000|-1.000000|0.000000|-1|-1|0|8|-1|-1
241|64|43|HOH|B|56|3|0|000|12.891749|-1.000000|-1.000000|0.000000|-1|-1|0|8|-1|-1
241|65|43|HOH|B|57|3|0|000|6.781591|-1.000000|-1.000000|0.000000|-1|-1|0|8|-1|-1
241|66|43|HOH|B|59|3|0|000|14.694154|-1.000000|-1.000000|0.000000|-1|-1|0|8|-1|-1
241|67|43|HOH|B|60|3|0|000|12.575783|-1.000000|-1.000000|0.000000|-1|-1|0|8|-1|-1
241|68|43|HOH|B|61|3|0|000|12.507783|-1.000000|-1.000000|0.000000|-1|-1|0|8|-1|-1
241|69|43|HOH|B|64|3|0|000|11.210557|-1.000000|-1.000000|0.000000|-1|-1|0|8|-1|-1
241|70|43|HOH|B|65|3|0|000|9.744481|-1.000000|-1.000000|0.000000|-1|-1|0|8|-1|-1
241|71|43|HOH|B|68|3|0|000|10.650853|-1.000000|-1.000000|0.000000|-1|-1|0|8|-1|-1
241|72|43|HOH|B|69|3|0|000|8.804163|-1.000000|-1.000000|0.000000|-1|-1|0|8|-1|-1
241|73|43|HOH|B|78|3|0|000|16.582458|-1.000000|-1.000000|0.000000|-1|-1|0|8|-1|-1
241|74|43|HOH|B|82|3|0|000|8.935432|-1.000000|-1.000000|0.000000|-1|-1|0|8|-1|-1
241|75|43|HOH|B|86|3|0|000|6.083727|-1.000000|-1.000000|0.000000|-1|-1|0|8|-1|-1
241|76|43|HOH|B|89|3|0|000|6.275826|-1.000000|-1.000000|0.000000|-1|-1|0|8|-1|-1
241|77|43|HOH|B|90|3|0|000|9.278373|-1.000000|-1.000000|0.000000|-1|-1|0|8|-1|-1
241|78|43|HOH|B|91|3|0|000|5.405801|-1.000000|-1.000000|0.000000|-1|-1|0|8|-1|-1
241|79|43|HOH|B|97|3|0|000|4.395009|-1.000000|-1.000000|0.000000|-1|-1|0|8|-1|-1
241|80|43|HOH|B|99|3|0|000|7.814573|-1.000000|-1.000000|0.000000|-1|-1|0|8|-1|-1
241|81|43|HOH|B|103|3|0|000|8.298836|-1.000000|-1.000000|0.000000|-1|-1|0|8|-1|-1
241|82|43|HOH|B|105|3|0|000|8.335470|-1.000000|-1.000000|0.000000|-1|-1|0|8|-1|-1
241|83|43|HOH|B|108|3|0|000|13.117539|-1.000000|-1.000000|0.000000|-1|-1|0|8|-1|-1
