241|0|-1|0|0|50|_DC|4243|0|408|-O5'|2628|8|2|0011|2.803229|0.586110|0.791230|0.174442|1.580800|0.066442|0.104342
241|1|-1|69|0|74|_DC|4243|13|480|-N4-|2528|7|4|0011|3.619261|-0.511430|0.725286|0.460868|34.621071|0.010404|0.018352
241|2|-1|82|1|38|_DG|4243|18|372|-P--|2728|15|1|0011|3.542101|0.053358|-0.975127|0.215126|64.355034|0.040972|0.068470
241|3|-1|83|1|38|_DG|4243|20|372|-OP2|2628|8|1|0011|2.532537|0.436716|-0.865535|0.245209|49.718983|0.138093|0.216866
241|4|-1|84|1|38|_DG|4243|21|372|-O5'|2628|8|2|0011|3.701779|-0.210439|-0.966292|-0.148307|56.406532|0.005858|0.009200
241|5|-1|103|1|49|_DG|4243|31|405|-N7-|2528|7|3|0011|2.751764|0.168256|0.823472|-0.541834|4.787944|0.108502|0.191395
241|6|-1|104|1|26|_DG|4243|31|336|-N7-|2528|7|3|0011|3.366215|0.400747|0.581959|0.707620|3.685993|0.020617|0.036367
241|7|-1|106|1|24|_DG|4243|31|330|-N7-|2528|7|3|0011|3.535726|-0.477978|0.806058|0.349009|48.416870|0.013039|0.023001
241|8|-1|123|1|49|_DG|4243|34|405|-O6-|2628|8|2|0011|3.827086|0.899118|0.308590|-0.310419|5.350330|0.004175|0.006557
241|9|-1|125|1|48|_DG|4243|34|402|-O6-|2628|8|2|0011|2.822225|0.200196|0.682440|-0.702991|12.204706|0.063117|0.099120
241|10|-1|126|1|24|_DG|4243|34|330|-O6-|2628|8|2|0011|2.671430|0.482139|0.660695|0.575347|51.820923|0.094873|0.148992
241|11|-1|142|1|63|_DG|4243|37|447|-N2-|2528|7|4|0011|3.620030|-0.881761|-0.288119|0.373478|38.730415|0.010382|0.018314
241|12|-1|203|2|63|_DC|4243|56|447|-O2-|2628|8|2|0011|3.028260|-0.566662|-0.462972|-0.681580|24.087955|0.036167|0.056797
241|13|-1|204|2|46|_DC|4243|56|396|-O2-|2628|8|2|0011|2.642168|-0.813726|-0.474232|0.336088|66.648216|0.102681|0.161253
241|14|-1|233|2|54|_DC|4243|59|420|-N4-|2528|7|4|0011|3.928041|-0.174133|0.904522|0.389253|4.943627|0.004516|0.007966
241|15|-1|234|2|24|_DC|4243|59|330|-N4-|2528|7|4|0011|3.535444|0.177913|0.804991|-0.565983|36.875866|0.013049|0.023018
241|16|-1|235|2|47|_DC|4243|59|399|-N4-|2528|7|4|0011|3.424944|0.477964|0.874175|0.085841|37.664875|0.017591|0.031029
241|17|-1|245|3|42|_DG|4243|66|384|-OP2|2628|8|1|0011|3.757885|-0.453447|-0.489903|0.744568|8.779222|0.005034|0.007905
241|18|-1|246|3|45|_DG|4243|66|393|-OP2|2628|8|1|0011|3.529947|-0.039094|0.628905|0.776499|4.336075|0.009321|0.014637
241|19|-1|254|3|41|_DG|4243|72|381|-O3'|2628|8|2|0011|3.961588|-0.448557|-0.548012|-0.706030|17.660133|0.002903|0.004558
241|20|-1|255|3|34|_DG|4243|72|360|-O3'|2628|8|2|0011|3.304796|-0.357965|-0.928348|-0.100158|17.461214|0.017128|0.026899
241|21|-1|264|3|22|_DG|4243|77|324|-N7-|2528|7|3|0011|3.928068|0.304475|0.773408|-0.555999|23.839613|0.004516|0.007966
241|22|-1|278|3|22|_DG|4243|80|324|-O6-|2628|8|2|0011|2.665170|0.670502|-0.027015|-0.741416|18.883368|0.096492|0.151534
241|23|-1|279|3|58|_DG|4243|80|432|-O6-|2628|8|2|0011|2.946146|0.843814|0.314988|0.434466|15.429168|0.045153|0.070910
241|24|-1|300|3|45|_DG|4243|83|393|-N2-|2528|7|4|0011|2.965567|-0.820417|-0.490969|-0.293030|35.673267|0.060881|0.107393
241|25|-1|315|4|34|_DC|4243|89|360|-P--|2728|15|1|0011|3.545261|-0.164727|-0.835764|-0.523798|20.985518|0.040623|0.067888
241|26|-1|316|4|27|_DC|4243|89|339|-P--|2728|15|1|0011|3.620043|-0.362979|-0.782035|0.506624|13.394637|0.033189|0.055465
241|27|-1|317|4|30|_DC|4243|89|348|-P--|2728|15|1|0011|3.877380|0.441020|0.036881|0.896739|7.901381|0.016556|0.027667
241|28|-1|318|4|31|_DC|4243|90|351|-OP1|2628|8|1|0011|3.983851|-0.336609|-0.486464|0.806255|10.625652|0.002733|0.004292
241|29|-1|319|4|27|_DC|4243|90|339|-OP1|2628|8|1|0011|3.914083|-0.634887|-0.741681|0.216398|6.746667|0.003300|0.005183
241|30|-1|320|4|30|_DC|4243|90|348|-OP1|2628|8|1|0011|2.548659|0.211484|0.027858|0.976984|3.438985|0.132205|0.207619
241|31|-1|321|4|34|_DC|4243|91|360|-OP2|2628|8|1|0011|2.613505|0.153434|-0.679930|-0.717045|11.759999|0.110952|0.174242
241|32|-1|322|4|27|_DC|4243|91|339|-OP2|2628|8|1|0011|2.473006|-0.133036|-0.665183|0.734734|6.970582|0.162198|0.254722
241|33|-1|358|4|37|_DC|4243|97|369|-O3'|2628|8|2|0011|3.056854|-0.406300|0.911394|0.065427|35.066540|0.033477|0.052573
241|34|-1|360|4|29|_DC|4243|97|345|-O3'|2628|8|2|0011|3.739205|0.418806|0.864087|-0.279204|23.327955|0.005294|0.008315
241|35|-1|377|4|29|_DC|4243|102|345|-O2-|2628|8|2|0011|2.838395|-0.862107|0.230412|-0.451311|34.612202|0.060418|0.094882
241|36|-1|412|5|21|_DG|4243|110|321|-P--|2728|15|1|0011|3.617646|-0.965822|0.190732|0.175528|0.641945|0.033405|0.055825
241|37|-1|413|5|36|_DG|4243|110|366|-P--|2728|15|1|0011|3.399309|-0.451856|-0.890769|-0.048539|70.841949|0.060269|0.100718
241|38|-1|414|5|37|_DG|4243|110|369|-P--|2728|15|1|0011|3.370578|0.106807|0.986774|0.121937|26.637993|0.065135|0.108851
241|39|-1|415|5|25|_DG|4243|110|333|-P--|2728|15|1|0011|3.732316|-0.501029|0.651070|-0.570155|28.042252|0.024503|0.040948
241|40|-1|416|5|36|_DG|4243|111|366|-OP1|2628|8|1|0011|2.772767|-0.512484|-0.768186|0.383732|59.861702|0.072143|0.113296
241|41|-1|417|5|25|_DG|4243|111|333|-OP1|2628|8|1|0011|3.868309|-0.453687|0.860324|-0.232401|23.113220|0.003735|0.005865
241|42|-1|418|5|21|_DG|4243|112|321|-OP2|2628|8|1|0011|2.777506|-0.960934|-0.213861|0.175697|0.746667|0.071225|0.111854
241|43|-1|419|5|37|_DG|4243|112|369|-OP2|2628|8|1|0011|2.375644|0.498812|0.859556|0.111128|16.600557|0.211021|0.331395
241|44|-1|420|5|32|_DG|4243|112|354|-OP2|2628|8|1|0011|3.353108|-0.547253|0.834151|0.068593|13.925557|0.015032|0.023606
241|45|-1|421|5|25|_DG|4243|112|333|-OP2|2628|8|1|0011|2.753355|-0.379537|0.416220|-0.826265|17.568060|0.076029|0.119399
241|46|-1|422|5|21|_DG|4243|113|321|-O5'|2628|8|2|0011|3.677449|-0.870169|0.459014|-0.179200|1.227216|0.006256|0.009825
241|47|-1|423|5|19|_DG|4243|113|315|-O5'|2628|8|2|0011|3.366683|0.212078|-0.972174|0.099504|5.262405|0.014490|0.022756
241|48|-1|424|5|36|_DG|4243|113|366|-O5'|2628|8|2|0011|2.791441|-0.444932|-0.727223|-0.522669|82.312714|0.068593|0.107720
241|49|-1|430|5|19|_DG|4243|116|315|-O4'|2628|8|3|0011|2.739735|0.084315|-0.682913|-0.725618|6.800158|0.078880|0.123876
241|50|-1|432|5|40|_DG|4243|121|378|-N9-|2528|7|4|0011|3.681366|0.279516|-0.288752|0.915693|6.180178|0.008796|0.015516
241|51|-1|438|5|31|_DG|4243|123|351|-N7-|2528|7|3|0011|2.845633|0.185899|-0.961122|-0.204173|26.715313|0.084190|0.148508
241|52|-1|439|5|40|_DG|4243|123|378|-N7-|2528|7|3|0011|3.541333|-0.300169|-0.033038|0.953314|7.037608|0.012843|0.022655
241|53|-1|440|5|23|_DG|4243|123|327|-N7-|2528|7|3|0011|3.052372|0.173308|-0.664074|0.727303|12.640192|0.048150|0.084935
241|54|-1|441|5|30|_DG|4243|123|348|-N7-|2528|7|3|0011|2.833402|0.850215|-0.256229|-0.459871|11.367561|0.087019|0.153499
241|55|-1|442|5|18|_DG|4243|123|312|-N7-|2528|7|3|0011|3.022947|0.835608|-0.036058|0.548141|3.972345|0.052135|0.091965
241|56|-1|454|5|51|_DG|4243|126|411|-O6-|2628|8|2|0011|2.691862|0.769727|-0.604414|0.205434|55.468201|0.089776|0.140987
241|57|-1|455|5|30|_DG|4243|126|348|-O6-|2628|8|2|0011|2.747734|-0.002184|-0.947326|-0.320264|12.150451|0.077193|0.121227
241|58|-1|456|5|18|_DG|4243|126|312|-O6-|2628|8|2|0011|2.878006|0.038568|-0.690061|0.722723|4.336051|0.054284|0.085249
241|59|-1|468|5|33|_DG|4243|129|357|-N2-|2528|7|4|0011|3.307020|-0.897182|0.357422|-0.259448|35.032452|0.024193|0.042676
241|60|-1|472|5|33|_DG|4243|130|357|-N3-|2528|7|3|0011|3.950762|-0.502182|0.826423|-0.254635|35.032452|0.004247|0.007492
241|61|-1|473|6|59|_DC|4243|136|435|-O5'|2628|8|3|0011|3.060554|-0.216627|0.441423|0.870757|17.888700|0.033144|0.052050
241|62|-1|474|6|68|_DC|4243|136|462|-O5'|2628|8|3|0011|2.583826|0.883187|-0.359931|-0.300717|7.574626|0.120218|0.188794
241|63|-1|504|6|61|_DC|4243|141|441|-O3'|2628|8|2|0011|3.896956|-0.571985|-0.182963|-0.799598|1.268186|0.003457|0.005428
241|64|-1|517|6|51|_DC|4243|149|411|-N4-|2528|7|4|0011|3.475007|-0.082878|-0.963164|0.255827|55.468201|0.015365|0.027103
241|65|-1|518|6|17|_DC|4243|149|309|-N4-|2528|7|4|0011|2.982148|0.962058|-0.216287|-0.166323|1.286050|0.058213|0.102687
241|66|-1|519|6|20|_DC|4243|149|318|-N4-|2528|7|4|0011|3.943950|0.524854|-0.744685|0.412277|26.364449|0.004326|0.007631
241|67|-1|525|7|70|_DG|4243|155|468|-P--|2728|15|1|0011|3.477978|-0.605812|0.771138|-0.195803|4.941988|0.048725|0.081427
241|68|-1|526|7|64|_DG|4243|155|450|-P--|2728|15|1|0011|3.850370|-0.089602|0.675520|0.731878|21.393341|0.017809|0.029762
241|69|-1|527|7|67|_DG|4243|155|459|-P--|2728|15|1|0011|3.911766|0.734962|0.209368|0.644977|2.296245|0.015086|0.025212
241|70|-1|528|7|64|_DG|4243|156|450|-OP1|2628|8|1|0011|2.810513|-0.378934|0.735097|0.562175|15.278532|0.065147|0.102308
241|71|-1|529|7|67|_DG|4243|156|459|-OP1|2628|8|1|0011|2.525056|0.853447|0.112473|0.508900|0.750304|0.140913|0.221295
241|72|-1|530|7|61|_DG|4243|157|441|-OP2|2628|8|1|0011|3.858289|-0.130887|-0.649770|-0.748778|0.185786|0.003837|0.006026
241|73|-1|531|7|72|_DG|4243|157|474|-OP2|2628|8|1|0011|3.466956|-0.929057|-0.356220|-0.099799|20.207144|0.011050|0.017354
241|74|-1|532|7|78|_DG|4243|157|492|-OP2|2628|8|1|0011|3.937365|-0.412713|-0.033271|-0.910253|4.080643|0.003099|0.004867
241|75|-1|533|7|70|_DG|4243|157|468|-OP2|2628|8|1|0011|2.671598|-0.223462|0.955233|-0.193891|2.663018|0.094830|0.148924
241|76|-1|534|7|70|_DG|4243|158|468|-O5'|2628|8|2|0011|3.604885|-0.795032|0.579491|0.179201|7.392116|0.007612|0.011954
241|77|-1|553|7|82|_DG|4243|163|504|-O3'|2628|8|2|0011|3.737916|-0.497871|0.539873|0.678721|1.146201|0.005313|0.008344
241|78|-1|554|7|53|_DG|4243|163|417|-O3'|2628|8|2|0011|3.248544|0.223485|0.835451|0.502071|0.201645|0.019941|0.031316
241|79|-1|562|7|58|_DG|4243|168|432|-N7-|2528|7|3|0011|3.805218|0.325343|-0.868281|-0.374486|18.400000|0.006294|0.011102
241|80|-1|563|7|55|_DG|4243|168|423|-N7-|2528|7|3|0011|3.597772|0.224306|-0.787154|0.574522|6.673469|0.011026|0.019450
241|81|-1|565|7|56|_DG|4243|168|426|-N7-|2528|7|3|0011|2.698519|0.850466|-0.272001|-0.450247|35.953300|0.125296|0.221018
241|82|-1|574|7|58|_DG|4243|171|432|-O6-|2628|8|2|0011|2.858454|0.812677|-0.149381|-0.563242|24.351252|0.057229|0.089875
241|83|-1|575|7|55|_DG|4243|171|423|-O6-|2628|8|2|0011|2.669010|0.708877|0.016860|0.705130|9.401249|0.095496|0.149969
241|84|-1|588|7|29|_DG|4243|174|345|-N2-|2528|7|4|0011|3.960975|-0.855093|-0.465542|-0.228227|32.920197|0.004131|0.007288
241|85|-1|589|7|61|_DG|4243|174|441|-N2-|2528|7|4|0011|2.858192|-0.642364|0.692746|0.327829|10.281733|0.081380|0.143552
241|86|-1|595|7|61|_DG|4243|175|441|-N3-|2528|7|3|0011|3.802306|-0.940219|0.107303|0.323225|10.924201|0.006344|0.011190
241|87|-1|602|8|78|_DC|4243|180|492|-P--|2728|15|1|0011|3.669120|-0.547815|-0.478861|0.685996|18.412155|0.029067|0.048575
241|88|-1|603|8|82|_DC|4243|180|504|-P--|2728|15|1|0011|3.601504|-0.080522|0.521171|0.849645|2.562346|0.034895|0.058315
241|89|-1|604|8|78|_DC|4243|182|492|-OP2|2628|8|1|0011|2.457010|-0.454618|-0.731377|0.508341|10.560979|0.169364|0.265976
241|90|-1|605|8|82|_DC|4243|182|504|-OP2|2628|8|1|0011|2.636179|0.228740|0.696842|0.679772|0.580679|0.104356|0.163885
241|91|-1|606|8|78|_DC|4243|183|492|-O5'|2628|8|2|0011|3.760853|-0.474892|-0.080035|0.876397|26.437801|0.004994|0.007842
241|92|-1|638|8|79|_DC|4243|188|495|-O3'|2628|8|2|0011|3.283020|-0.441057|-0.834293|-0.330793|18.712360|0.018167|0.028530
241|93|-1|643|8|76|_DC|4243|188|486|-O3'|2628|8|2|0011|3.895231|-0.325526|0.215648|0.920613|27.264296|0.003473|0.005454
241|94|-1|651|8|46|_DC|4243|193|396|-O2-|2628|8|2|0011|3.713838|-0.509446|-0.499214|-0.700892|83.039299|0.005670|0.008905
241|95|-1|652|8|29|_DC|4243|193|345|-O2-|2628|8|2|0011|3.668336|-0.701408|-0.136847|0.699500|24.855177|0.006412|0.010070
241|96|-1|653|8|22|_DC|4243|196|324|-N4-|2528|7|4|0011|3.912126|0.572323|-0.702943|-0.422277|23.427340|0.004715|0.008316
241|97|-1|654|8|58|_DC|4243|196|432|-N4-|2528|7|4|0011|3.777189|0.777827|-0.463307|0.424654|19.292830|0.006789|0.011976
241|98|-1|661|9|79|_DG|4243|201|495|-P--|2728|15|1|0011|3.486910|0.033554|-0.950698|-0.308296|11.070948|0.047563|0.079485
241|99|-1|662|9|75|_DG|4243|201|483|-P--|2728|15|1|0011|3.648170|-0.413632|-0.814381|0.407053|23.980675|0.030760|0.051405
241|100|-1|663|9|76|_DG|4243|201|486|-P--|2728|15|1|0011|3.618883|0.082070|0.072951|0.993953|16.776455|0.033294|0.055639
241|101|-1|664|9|76|_DG|4243|202|486|-OP1|2628|8|1|0011|2.567516|0.192793|-0.266016|0.944493|11.463309|0.125636|0.197303
241|102|-1|665|9|79|_DG|4243|203|495|-OP2|2628|8|1|0011|2.549889|0.424332|-0.840037|-0.338054|8.259401|0.131766|0.206930
241|103|-1|666|9|35|_DG|4243|203|363|-OP2|2628|8|1|0011|3.605297|-0.727263|-0.683439|-0.063240|18.345234|0.007603|0.011940
241|104|-1|667|9|75|_DG|4243|203|483|-OP2|2628|8|1|0011|2.532182|-0.214835|-0.710060|0.670568|18.841669|0.138225|0.217074
241|105|-1|669|9|65|_DG|4243|203|453|-OP2|2628|8|1|0011|3.195496|-0.685027|0.042560|-0.727274|44.071899|0.023015|0.036143
241|106|-1|670|9|65|_DG|4243|204|453|-O5'|2628|8|2|0011|3.851435|-0.793990|-0.528374|-0.300667|64.615929|0.003909|0.006139
241|107|-1|688|9|57|_DG|4243|209|429|-O3'|2628|8|2|0011|3.803377|0.488250|0.183521|-0.853189|15.841321|0.004451|0.006991
241|108|-1|697|9|80|_DG|4243|214|498|-N7-|2528|7|3|0011|3.875290|-0.092896|0.129023|-0.987281|2.019309|0.005208|0.009187
241|109|-1|698|9|54|_DG|4243|214|420|-N7-|2528|7|3|0011|3.650394|0.830047|-0.217237|0.513643|5.138041|0.009564|0.016871
241|110|-1|706|9|54|_DG|4243|217|420|-O6-|2628|8|2|0011|2.696509|0.398664|0.591876|0.700535|7.108784|0.088655|0.139227
241|111|-1|707|9|24|_DG|4243|217|330|-O6-|2628|8|2|0011|3.030800|0.787911|0.293322|-0.541441|46.540035|0.035919|0.056409
241|112|-1|708|9|47|_DG|4243|217|399|-O6-|2628|8|2|0011|3.610526|0.940583|0.287216|0.181137|47.504089|0.007497|0.011773
241|113|-1|719|9|63|_DG|4243|220|447|-N2-|2528|7|4|0011|3.685905|0.046393|-0.930843|-0.362462|22.090458|0.008689|0.015327
241|114|-1|722|9|46|_DG|4243|220|396|-N2-|2528|7|4|0011|3.667717|-0.071707|-0.894835|0.440601|61.848927|0.009127|0.016100
241|115|-1|725|9|60|_DG|4243|220|438|-N2-|2528|7|4|0011|3.003938|-0.957743|-0.162453|0.237355|3.893700|0.054884|0.096814
241|116|-1|729|9|60|_DG|4243|221|438|-N3-|2528|7|3|0011|3.688640|-0.637905|-0.753665|0.158324|5.932044|0.008625|0.015214
241|117|-1|734|10|81|_DC|4243|226|501|-P--|2728|15|1|0011|3.449391|-0.383836|-0.851165|0.358034|19.678450|0.052639|0.087968
241|118|-1|735|10|65|_DC|4243|226|453|-P--|2728|15|1|0011|3.578954|-0.327749|-0.110647|0.938263|51.334938|0.037088|0.061979
241|119|-1|736|10|60|_DC|4243|226|438|-P--|2728|15|1|0011|3.955401|0.657835|-0.534459|0.530667|3.479064|0.013408|0.022407
241|120|-1|737|10|81|_DC|4243|227|501|-OP1|2628|8|1|0011|3.567951|0.035314|-0.871368|0.489357|17.802629|0.008411|0.013209
241|121|-1|738|10|65|_DC|4243|227|453|-OP1|2628|8|1|0011|3.920415|0.070656|-0.145138|0.986885|47.150517|0.003244|0.005095
241|122|-1|739|10|81|_DC|4243|228|501|-OP2|2628|8|1|0011|2.591043|-0.600916|-0.798906|-0.025472|15.362025|0.117896|0.185147
241|123|-1|740|10|65|_DC|4243|228|453|-OP2|2628|8|1|0011|2.535544|-0.554516|0.185365|0.811266|41.706223|0.136975|0.215110
241|124|-1|741|10|60|_DC|4243|228|438|-OP2|2628|8|1|0011|2.794006|0.847887|-0.446671|0.285611|2.168400|0.068119|0.106976
241|125|-1|742|10|57|_DC|4243|229|429|-O5'|2628|8|2|0011|3.561603|0.411893|0.749663|-0.518025|14.163160|0.008556|0.013437
241|126|-1|789|10|63|_DC|4243|239|447|-O2-|2628|8|2|0011|2.802419|-0.220167|-0.741859|0.633381|24.540297|0.066587|0.104571
241|127|-1|791|10|80|_DC|4243|242|498|-N4-|2528|7|4|0011|2.941204|-0.304637|0.931251|-0.199918|4.025651|0.065025|0.114702
241|128|-1|792|10|48|_DC|4243|242|402|-N4-|2528|7|4|0011|3.751919|0.821979|0.239877|-0.516536|12.422008|0.007269|0.012823
241|129|-1|801|11|83|_DG|4243|247|507|-P--|2728|15|1|0011|3.982170|-0.575063|-0.816138|0.056753|34.929306|0.012472|0.020843
241|130|-1|802|11|81|_DG|4243|248|501|-OP1|2628|8|1|0011|2.765361|-0.365956|0.774944|0.515304|8.488121|0.073602|0.115587
241|131|-1|803|11|83|_DG|4243|249|507|-OP2|2628|8|1|0011|3.137451|-0.808300|-0.565427|0.164146|30.927519|0.026924|0.042283
241|132|-1|804|11|62|_DG|4243|255|444|-O3'|2628|8|3|0011|3.136451|-0.438075|0.754037|-0.489407|1.645257|0.026997|0.042397
241|133|-1|809|11|71|_DG|4243|260|471|-N7-|2528|7|3|0011|2.886118|-0.131318|0.855821|0.500326|26.990946|0.075464|0.133116
241|134|-1|810|11|57|_DG|4243|260|429|-N7-|2528|7|3|0011|3.545089|0.557109|0.423685|0.714228|25.840036|0.012713|0.022426
241|135|-1|813|11|74|_DG|4243|263|480|-O6-|2628|8|2|0011|3.687510|0.232135|0.831184|0.505219|48.504997|0.006088|0.009561
241|136|-1|814|11|57|_DG|4243|263|429|-O6-|2628|8|2|0011|2.861618|-0.396279|0.376710|0.837289|43.211254|0.056742|0.089110
241|137|-1|839|13|31|_MG|4543|305|351|MG--|3728|12|1|0011|1.933360|-0.541544|-0.648612|-0.534820|3.586255|-0.001000|-0.001000
241|138|-1|840|13|23|_MG|4543|305|327|MG--|3728|12|1|0011|2.125233|-0.492652|-0.256913|0.831438|0.238729|-0.001000|-0.001000
241|139|-1|841|13|44|_MG|4543|305|390|MG--|3728|12|1|0011|3.815373|0.225404|-0.971596|-0.072077|0.665934|-0.001000|-0.001000
241|140|-1|842|13|51|_MG|4543|305|411|MG--|3728|12|1|0011|3.402148|0.855636|0.508796|-0.094940|10.548119|-0.001000|-0.001000
241|141|-1|843|13|30|_MG|4543|305|348|MG--|3728|12|1|0011|2.085054|0.399510|0.362101|-0.842184|0.030149|-0.001000|-0.001000
241|142|-1|844|13|18|_MG|4543|305|312|MG--|3728|12|1|0011|2.057791|0.461660|0.666735|0.585094|2.875182|-0.001000|-0.001000
241|143|-1|846|14|35|_MG|4543|306|363|MG--|3728|12|1|0011|1.811429|-0.086672|0.025946|-0.995899|3.091731|-0.001000|-0.001000
241|144|-1|847|14|75|_MG|4543|306|483|MG--|3728|12|1|0011|2.052680|0.935850|0.347351|0.059434|3.267813|-0.001000|-0.001000
241|145|-1|848|14|37|_MG|4543|306|369|MG--|3728|12|1|0011|3.956942|0.802640|-0.242106|0.545118|4.123033|-0.001000|-0.001000
241|146|-1|849|14|32|_MG|4543|306|354|MG--|3728|12|1|0011|2.138381|0.072952|-0.094932|0.992807|2.965540|-0.001000|-0.001000
241|147|-1|850|14|25|_MG|4543|306|333|MG--|3728|12|1|0011|2.116165|0.447035|-0.876113|-0.180515|4.547605|-0.001000|-0.001000
241|148|-1|851|15|23|_MG|4543|307|327|MG--|3728|12|1|0011|3.824259|-0.976137|-0.211021|0.051252|17.857233|-0.001000|-0.001000
241|149|-1|852|15|51|_MG|4543|307|411|MG--|3728|12|1|0011|2.408061|0.093436|0.610450|-0.786525|3.212780|-0.001000|-0.001000
241|150|-1|853|15|30|_MG|4543|307|348|MG--|3728|12|1|0011|3.840127|-0.482536|0.128642|-0.866378|19.239468|-0.001000|-0.001000
241|151|-1|854|15|52|_MG|4543|307|414|MG--|3728|12|1|0011|1.703971|0.339207|0.767031|0.544611|3.949415|-0.001000|-0.001000
241|152|-1|855|15|18|_MG|4543|307|312|MG--|3728|12|1|0011|2.093491|-0.829237|0.530692|-0.175305|34.860825|-0.001000|-0.001000
241|153|-1|856|15|20|_MG|4543|307|318|MG--|3728|12|1|0011|3.397784|0.760201|0.553302|-0.340516|10.006482|-0.001000|-0.001000
241|154|-1|857|16|19|_NA|4443|308|315|NA--|3628|11|1|0011|2.308716|0.304065|0.349545|0.886207|10.218451|-0.001000|-0.001000
241|155|-1|858|16|36|_NA|4443|308|366|NA--|3628|11|1|0011|2.416303|-0.518975|0.848403|0.104292|127.500000|-0.001000|-0.001000
241|156|-1|859|20|17|HOH|4343|318|309|-O--|2828|8|3|0001|3.224058|0.247825|0.710905|-0.658177|15.679998|0.021305|0.033458
241|157|-1|859|17|20|HOH|4343|309|318|-O--|2828|8|3|0001|3.224058|-0.247825|-0.710905|0.658177|15.679998|0.021305|0.033458
241|158|-1|860|31|18|HOH|4343|351|312|-O--|2828|8|3|0001|3.986544|0.500935|0.658716|0.561389|9.363309|0.002713|0.004261
241|159|-1|860|18|31|HOH|4343|312|351|-O--|2828|8|3|0001|3.986544|-0.500935|-0.658716|-0.561389|9.363309|0.002713|0.004261
241|160|-1|861|40|18|HOH|4343|378|312|-O--|2828|8|3|0001|3.979440|0.901886|0.002010|-0.431970|1.111484|0.002766|0.004344
241|161|-1|861|18|40|HOH|4343|312|378|-O--|2828|8|3|0001|3.979440|-0.901886|-0.002010|0.431970|1.111484|0.002766|0.004344
241|162|-1|862|23|18|HOH|4343|327|312|-O--|2828|8|3|0001|2.825544|0.706766|0.678807|-0.199254|3.336301|0.062553|0.098235
241|163|-1|862|18|23|HOH|4343|312|327|-O--|2828|8|3|0001|2.825544|-0.706766|-0.678807|0.199254|3.336301|0.062553|0.098235
241|164|-1|863|51|18|HOH|4343|411|312|-O--|2828|8|3|0001|2.511201|-0.780901|-0.142960|0.608076|21.046860|0.146290|0.229738
241|165|-1|863|18|51|HOH|4343|312|411|-O--|2828|8|3|0001|2.511201|0.780901|0.142960|-0.608076|21.046860|0.146290|0.229738
241|166|-1|864|30|18|HOH|4343|348|312|-O--|2828|8|3|0001|3.025886|0.038666|0.203907|0.978226|2.816934|0.036399|0.057163
241|167|-1|864|18|30|HOH|4343|312|348|-O--|2828|8|3|0001|3.025886|-0.038666|-0.203907|-0.978226|2.816934|0.036399|0.057163
241|168|-1|865|52|18|HOH|4343|414|312|-O--|2828|8|3|0001|2.658954|-0.870267|-0.073713|-0.487034|18.922138|0.098127|0.154101
241|169|-1|865|18|52|HOH|4343|312|414|-O--|2828|8|3|0001|2.658954|0.870267|0.073713|0.487034|18.922138|0.098127|0.154101
241|170|-1|866|36|19|HOH|4343|366|315|-O--|2828|8|3|0001|2.930771|0.667401|-0.424121|0.612125|34.332150|0.047069|0.073919
241|171|-1|866|19|36|HOH|4343|315|366|-O--|2828|8|3|0001|2.930771|-0.667401|0.424121|-0.612125|34.332150|0.047069|0.073919
241|172|-1|867|51|20|HOH|4343|411|318|-O--|2828|8|3|0001|2.504282|0.941587|0.163719|0.294296|4.518007|0.149051|0.234075
241|173|-1|867|20|51|HOH|4343|318|411|-O--|2828|8|3|0001|2.504282|-0.941587|-0.163719|-0.294296|4.518007|0.149051|0.234075
241|174|-1|868|52|20|HOH|4343|414|318|-O--|2828|8|3|0001|2.948828|0.679931|0.194315|-0.707061|3.707779|0.044827|0.070398
241|175|-1|868|20|52|HOH|4343|318|414|-O--|2828|8|3|0001|2.948828|-0.679931|-0.194315|0.707061|3.707779|0.044827|0.070398
241|176|-1|869|32|21|HOH|4343|354|321|-O--|2828|8|3|0001|3.501571|-0.238179|-0.968422|0.073681|17.988152|0.010063|0.015804
241|177|-1|869|21|32|HOH|4343|321|354|-O--|2828|8|3|0001|3.501571|0.238179|0.968422|-0.073681|17.988152|0.010063|0.015804
241|178|-1|870|25|21|HOH|4343|333|321|-O--|2828|8|3|0001|3.646799|-0.445322|-0.477131|0.757651|22.394403|0.006796|0.010673
241|179|-1|870|21|25|HOH|4343|321|333|-O--|2828|8|3|0001|3.646799|0.445322|0.477131|-0.757651|22.394403|0.006796|0.010673
241|180|-1|871|58|22|HOH|4343|432|324|-O--|2828|8|3|0011|3.477087|-0.201030|-0.287597|-0.936416|0.737440|0.010752|0.016885
241|181|-1|871|22|58|HOH|4343|324|432|-O--|2828|8|3|0011|3.477087|0.201030|0.287597|0.936416|0.737440|0.010752|0.016885
241|182|-1|872|31|23|HOH|4343|351|327|-O--|2828|8|3|0001|2.889095|-0.000000|0.245060|0.969508|3.141018|0.052681|0.082732
241|183|-1|872|23|31|HOH|4343|327|351|-O--|2828|8|3|0001|2.889095|0.000000|-0.245060|-0.969508|3.141018|0.052681|0.082732
241|184|-1|873|40|23|HOH|4343|378|327|-O--|2828|8|3|0001|2.742061|0.580585|-0.696556|-0.421581|1.591295|0.078386|0.123100
241|185|-1|873|23|40|HOH|4343|327|378|-O--|2828|8|3|0001|2.742061|-0.580585|0.696556|0.421581|1.591295|0.078386|0.123100
241|186|-1|874|54|24|HOH|4343|420|330|-O--|2828|8|3|0011|3.832065|0.342635|-0.184496|-0.921174|14.810017|0.004119|0.006469
241|187|-1|874|24|54|HOH|4343|330|420|-O--|2828|8|3|0011|3.832065|-0.342635|0.184496|0.921174|14.810017|0.004119|0.006469
241|188|-1|875|49|24|HOH|4343|405|330|-O--|2828|8|3|0001|3.521660|-0.611359|0.165831|0.773783|19.436047|0.009532|0.014969
241|189|-1|875|24|49|HOH|4343|330|405|-O--|2828|8|3|0001|3.521660|0.611359|-0.165831|-0.773783|19.436047|0.009532|0.014969
241|190|-1|876|26|24|HOH|4343|336|330|-O--|2828|8|3|0001|3.368576|-0.902162|0.264504|-0.340797|22.192228|0.014416|0.022640
241|191|-1|876|24|26|HOH|4343|330|336|-O--|2828|8|3|0001|3.368576|0.902162|-0.264504|0.340797|22.192228|0.014416|0.022640
241|192|-1|877|48|24|HOH|4343|402|330|-O--|2828|8|3|0001|3.598068|0.200941|-0.044746|0.978581|11.024630|0.007753|0.012176
241|193|-1|877|24|48|HOH|4343|330|402|-O--|2828|8|3|0001|3.598068|-0.200941|0.044746|-0.978581|11.024630|0.007753|0.012176
241|194|-1|878|47|24|HOH|4343|399|330|-O--|2828|8|3|0001|2.510974|-0.401438|-0.058941|-0.913988|0.121082|0.146380|0.229879
241|195|-1|878|24|47|HOH|4343|330|399|-O--|2828|8|3|0001|2.510974|0.401438|0.058941|0.913988|0.121082|0.146380|0.229879
241|196|-1|879|79|25|HOH|4343|495|333|-O--|2828|8|3|0011|3.991750|-0.651594|-0.556899|0.515062|5.094385|0.002675|0.004202
241|197|-1|879|25|79|HOH|4343|333|495|-O--|2828|8|3|0011|3.991750|0.651594|0.556899|-0.515062|5.094385|0.002675|0.004202
241|198|-1|880|35|25|HOH|4343|363|333|-O--|2828|8|3|0001|2.617727|0.421358|-0.726203|0.543219|0.930238|0.109693|0.172265
241|199|-1|880|25|35|HOH|4343|333|363|-O--|2828|8|3|0001|2.617727|-0.421358|0.726203|-0.543219|0.930238|0.109693|0.172265
241|200|-1|881|75|25|HOH|4343|483|333|-O--|2828|8|3|0011|2.791797|-0.349237|-0.919479|-0.180529|0.802867|0.068527|0.107617
241|201|-1|881|25|75|HOH|4343|333|483|-O--|2828|8|3|0011|2.791797|0.349237|0.919479|0.180529|0.802867|0.068527|0.107617
241|202|-1|882|37|25|HOH|4343|369|333|-O--|2828|8|3|0001|3.496031|-0.637866|-0.256291|-0.726252|0.245167|0.010215|0.016042
241|203|-1|882|25|37|HOH|4343|333|369|-O--|2828|8|3|0001|3.496031|0.637866|0.256291|0.726252|0.245167|0.010215|0.016042
241|204|-1|883|32|25|HOH|4343|354|333|-O--|2828|8|3|0001|3.102407|0.254641|-0.532167|-0.807438|1.024556|0.029599|0.046483
241|205|-1|883|25|32|HOH|4343|333|354|-O--|2828|8|3|0001|3.102407|-0.254641|0.532167|0.807438|1.024556|0.029599|0.046483
241|206|-1|884|49|26|HOH|4343|405|336|-O--|2828|8|3|0001|3.984893|0.222340|-0.077041|0.971921|0.455351|0.002725|0.004280
241|207|-1|884|26|49|HOH|4343|336|405|-O--|2828|8|3|0001|3.984893|-0.222340|0.077041|-0.971921|0.455351|0.002725|0.004280
241|208|-1|885|47|26|HOH|4343|399|336|-O--|2828|8|3|0001|2.553447|0.795395|-0.406901|-0.449197|22.715273|0.130505|0.204949
241|209|-1|885|26|47|HOH|4343|336|399|-O--|2828|8|3|0001|2.553447|-0.795395|0.406901|0.449197|22.715273|0.130505|0.204949
241|210|-1|886|39|26|HOH|4343|375|336|-O--|2828|8|3|0001|3.758406|-0.477596|-0.275915|0.834130|1.008217|0.005027|0.007894
241|211|-1|886|26|39|HOH|4343|336|375|-O--|2828|8|3|0001|3.758406|0.477596|0.275915|-0.834130|1.008217|0.005027|0.007894
241|212|-1|887|34|27|HOH|4343|360|339|-O--|2828|8|3|0001|3.764812|-0.193901|0.035062|0.980394|1.749619|0.004940|0.007759
241|213|-1|887|27|34|HOH|4343|339|360|-O--|2828|8|3|0001|3.764812|0.193901|-0.035062|-0.980394|1.749619|0.004940|0.007759
241|214|-1|888|31|27|HOH|4343|351|339|-O--|2828|8|3|0001|2.798783|-0.408749|-0.344793|-0.845010|1.435557|0.067245|0.105604
241|215|-1|888|27|31|HOH|4343|339|351|-O--|2828|8|3|0001|2.798783|0.408749|0.344793|0.845010|1.435557|0.067245|0.105604
241|216|-1|889|54|28|HOH|4343|420|342|-O--|2828|8|3|0011|3.121656|0.894077|-0.229365|0.384732|3.492064|0.028098|0.044127
241|217|-1|889|28|54|HOH|4343|342|420|-O--|2828|8|3|0011|3.121656|-0.894077|0.229365|-0.384732|3.492064|0.028098|0.044127
241|218|-1|890|47|28|HOH|4343|399|342|-O--|2828|8|3|0001|2.485889|0.189067|-0.063157|0.979931|7.066011|0.156648|0.246005
241|219|-1|890|28|47|HOH|4343|342|399|-O--|2828|8|3|0001|2.485889|-0.189067|0.063157|-0.979931|7.066011|0.156648|0.246005
241|220|-1|891|37|29|HOH|4343|369|345|-O--|2828|8|3|0001|3.103292|0.904845|0.143396|-0.400864|2.103997|0.029528|0.046372
241|221|-1|891|29|37|HOH|4343|345|369|-O--|2828|8|3|0001|3.103292|-0.904845|-0.143396|0.400864|2.103997|0.029528|0.046372
241|222|-1|892|31|30|HOH|4343|351|348|-O--|2828|8|3|0001|2.844603|0.660901|0.706250|-0.253814|3.646832|0.059412|0.093303
241|223|-1|892|30|31|HOH|4343|348|351|-O--|2828|8|3|0001|2.844603|-0.660901|-0.706250|0.253814|3.646832|0.059412|0.093303
241|224|-1|893|51|30|HOH|4343|411|348|-O--|2828|8|3|0001|2.706317|-0.767833|-0.360638|-0.529502|10.658208|0.086336|0.135585
241|225|-1|893|30|51|HOH|4343|348|411|-O--|2828|8|3|0001|2.706317|0.767833|0.360638|0.529502|10.658208|0.086336|0.135585
241|226|-1|894|44|31|HOH|4343|390|351|-O--|2828|8|3|0001|3.198427|-0.596230|0.766939|-0.237304|4.924304|0.022833|0.035858
241|227|-1|894|31|44|HOH|4343|351|390|-O--|2828|8|3|0001|3.198427|0.596230|-0.766939|0.237304|4.924304|0.022833|0.035858
241|228|-1|895|35|32|HOH|4343|363|354|-O--|2828|8|3|0001|3.947379|0.079293|-0.063333|0.994837|0.080612|0.003016|0.004737
241|229|-1|895|32|35|HOH|4343|354|363|-O--|2828|8|3|0001|3.947379|-0.079293|0.063333|-0.994837|0.080612|0.003016|0.004737
241|230|-1|896|75|32|HOH|4343|483|354|-O--|2828|8|3|0011|2.821043|-0.625655|-0.324703|0.709312|0.193455|0.063319|0.099438
241|231|-1|896|32|75|HOH|4343|354|483|-O--|2828|8|3|0011|2.821043|0.625655|0.324703|-0.709312|0.193455|0.063319|0.099438
241|232|-1|897|37|32|HOH|4343|369|354|-O--|2828|8|3|0001|3.113131|-0.970085|0.242521|-0.010921|0.746890|0.028753|0.045155
241|233|-1|897|32|37|HOH|4343|354|369|-O--|2828|8|3|0001|3.113131|0.970085|-0.242521|0.010921|0.746890|0.028753|0.045155
241|234|-1|898|37|33|HOH|4343|369|357|-O--|2828|8|3|0001|2.990904|0.122371|-0.030760|0.992008|2.033721|0.040009|0.062831
241|235|-1|898|33|37|HOH|4343|357|369|-O--|2828|8|3|0001|2.990904|-0.122371|0.030760|-0.992008|2.033721|0.040009|0.062831
241|236|-1|899|41|34|HOH|4343|381|360|-O--|2828|8|3|0001|2.690465|0.220780|-0.333400|0.916570|0.040181|0.090116|0.141521
241|237|-1|899|34|41|HOH|4343|360|381|-O--|2828|8|3|0001|2.690465|-0.220780|0.333400|-0.916570|0.040181|0.090116|0.141521
241|238|-1|900|79|35|HOH|4343|495|363|-O--|2828|8|3|0011|3.771638|-0.982067|-0.085374|0.168097|3.559059|0.004850|0.007617
241|239|-1|900|35|79|HOH|4343|363|495|-O--|2828|8|3|0011|3.771638|0.982067|0.085374|-0.168097|3.559059|0.004850|0.007617
241|240|-1|901|75|35|HOH|4343|483|363|-O--|2828|8|3|0011|2.910518|-0.713962|-0.228825|-0.661738|0.111150|0.049717|0.078078
241|241|-1|901|35|75|HOH|4343|363|483|-O--|2828|8|3|0011|2.910518|0.713962|0.228825|0.661738|0.111150|0.049717|0.078078
241|242|-1|902|65|35|HOH|4343|453|363|-O--|2828|8|3|0011|3.367596|-0.128578|-0.772064|0.622402|6.497417|0.014455|0.022700
241|243|-1|902|35|65|HOH|4343|363|453|-O--|2828|8|3|0011|3.367596|0.128578|0.772064|-0.622402|6.497417|0.014455|0.022700
241|244|-1|903|75|37|HOH|4343|483|369|-O--|2828|8|3|0011|2.916932|0.430247|-0.572862|0.697651|0.534445|0.048863|0.076736
241|245|-1|903|37|75|HOH|4343|369|483|-O--|2828|8|3|0011|2.916932|-0.430247|0.572862|-0.697651|0.534445|0.048863|0.076736
241|246|-1|904|49|39|HOH|4343|405|375|-O--|2828|8|3|0001|2.874944|0.932540|0.253918|0.256701|0.475786|0.054735|0.085957
241|247|-1|904|39|49|HOH|4343|375|405|-O--|2828|8|3|0001|2.874944|-0.932540|-0.253918|-0.256701|0.475786|0.054735|0.085957
241|248|-1|905|42|41|HOH|4343|384|381|-O--|2828|8|3|0001|2.887106|0.568736|-0.799070|-0.195005|4.252822|0.052965|0.083178
241|249|-1|905|41|42|HOH|4343|381|384|-O--|2828|8|3|0001|2.887106|-0.568736|0.799070|0.195005|4.252822|0.052965|0.083178
241|250|-1|906|44|43|HOH|4343|390|387|-O--|2828|8|3|0001|2.747659|-0.091350|-0.325368|0.941165|0.316484|0.077209|0.121251
241|251|-1|906|43|44|HOH|4343|387|390|-O--|2828|8|3|0001|2.747659|0.091350|0.325368|-0.941165|0.316484|0.077209|0.121251
241|252|-1|907|46|45|HOH|4343|396|393|-O--|2828|8|3|0001|3.299538|-0.041521|-0.713433|0.699492|9.618091|0.017374|0.027284
241|253|-1|907|45|46|HOH|4343|393|396|-O--|2828|8|3|0001|3.299538|0.041521|0.713433|-0.699492|9.618091|0.017374|0.027284
241|254|-1|908|63|46|HOH|4343|447|396|-O--|2828|8|3|0011|2.987451|-0.145274|0.049875|0.988134|8.773274|0.040384|0.063420
241|255|-1|908|46|63|HOH|4343|396|447|-O--|2828|8|3|0011|2.987451|0.145274|-0.049875|-0.988134|8.773274|0.040384|0.063420
241|256|-1|909|60|46|HOH|4343|438|396|-O--|2828|8|3|0011|3.931265|0.664926|-0.710713|0.229697|29.805845|0.003151|0.004948
241|257|-1|909|46|60|HOH|4343|396|438|-O--|2828|8|3|0011|3.931265|-0.664926|0.710713|-0.229697|29.805845|0.003151|0.004948
241|258|-1|910|54|47|HOH|4343|420|399|-O--|2828|8|3|0011|2.687889|0.863503|-0.207970|-0.459468|15.199349|0.090745|0.142509
241|259|-1|910|47|54|HOH|4343|399|420|-O--|2828|8|3|0011|2.687889|-0.863503|0.207970|0.459468|15.199349|0.090745|0.142509
241|260|-1|911|49|48|HOH|4343|405|402|-O--|2828|8|3|0001|3.075714|-0.935067|0.242220|-0.258802|2.516378|0.031813|0.049960
241|261|-1|911|48|49|HOH|4343|402|405|-O--|2828|8|3|0001|3.075714|0.935067|-0.242220|0.258802|2.516378|0.031813|0.049960
241|262|-1|912|50|49|HOH|4343|408|405|-O--|2828|8|3|0001|2.769975|-0.187005|0.290977|0.938276|4.217664|0.072690|0.114154
241|263|-1|912|49|50|HOH|4343|405|408|-O--|2828|8|3|0001|2.769975|0.187005|-0.290977|-0.938276|4.217664|0.072690|0.114154
241|264|-1|913|52|51|HOH|4343|414|411|-O--|2828|8|3|0001|2.848660|-0.123918|0.057220|-0.990641|0.489883|0.058765|0.092286
241|265|-1|913|51|52|HOH|4343|411|414|-O--|2828|8|3|0001|2.848660|0.123918|-0.057220|0.990641|0.489883|0.058765|0.092286
241|266|-1|914|82|53|HOH|4343|504|417|-O--|2828|8|3|0001|2.828042|0.914767|0.246107|-0.320363|1.473258|0.062132|0.097574
241|267|-1|914|53|82|HOH|4343|417|504|-O--|2828|8|3|0001|2.828042|-0.914767|-0.246107|0.320363|1.473258|0.062132|0.097574
241|268|-1|915|58|55|HOH|4343|432|423|-O--|2828|8|3|0001|3.550016|-0.121408|0.132957|0.983658|3.840368|0.008828|0.013865
241|269|-1|915|55|58|HOH|4343|423|432|-O--|2828|8|3|0001|3.550016|0.121408|-0.132957|-0.983658|3.840368|0.008828|0.013865
241|270|-1|916|68|55|HOH|4343|462|423|-O--|2828|8|3|0001|2.904284|-0.218643|-0.734432|-0.642499|5.298166|0.050562|0.079404
241|271|-1|916|55|68|HOH|4343|423|462|-O--|2828|8|3|0001|2.904284|0.218643|0.734432|0.642499|5.298166|0.050562|0.079404
241|272|-1|917|58|56|HOH|4343|432|426|-O--|2828|8|3|0001|2.786799|0.379288|0.922205|0.075355|3.505788|0.069459|0.109080
241|273|-1|917|56|58|HOH|4343|426|432|-O--|2828|8|3|0001|2.786799|-0.379288|-0.922205|-0.075355|3.505788|0.069459|0.109080
241|274|-1|918|71|57|HOH|4343|471|429|-O--|2828|8|3|0001|2.768047|0.850419|-0.349705|0.393057|0.193487|0.073070|0.114751
241|275|-1|918|57|71|HOH|4343|429|471|-O--|2828|8|3|0001|2.768047|-0.850419|0.349705|-0.393057|0.193487|0.073070|0.114751
241|276|-1|919|74|57|HOH|4343|480|429|-O--|2828|8|3|0001|2.862230|-0.695262|-0.694214|0.186219|0.579226|0.056648|0.088963
241|277|-1|919|57|74|HOH|4343|429|480|-O--|2828|8|3|0001|2.862230|0.695262|0.694214|-0.186219|0.579226|0.056648|0.088963
241|278|-1|920|67|59|HOH|4343|459|435|-O--|2828|8|3|0001|2.623404|0.323625|-0.923609|0.205458|10.442811|0.108022|0.169642
241|279|-1|920|59|67|HOH|4343|435|459|-O--|2828|8|3|0001|2.623404|-0.323625|0.923609|-0.205458|10.442811|0.108022|0.169642
241|280|-1|921|79|60|HOH|4343|495|438|-O--|2828|8|3|0001|2.823377|0.178510|0.198344|-0.963740|3.269730|0.062921|0.098812
241|281|-1|921|60|79|HOH|4343|438|495|-O--|2828|8|3|0001|2.823377|-0.178510|-0.198344|0.963740|3.269730|0.062921|0.098812
241|282|-1|922|76|61|HOH|4343|486|441|-O--|2828|8|3|0001|3.895771|0.977470|-0.163511|0.133478|5.487336|0.003468|0.005446
241|283|-1|922|61|76|HOH|4343|441|486|-O--|2828|8|3|0001|3.895771|-0.977470|0.163511|-0.133478|5.487336|0.003468|0.005446
241|284|-1|923|72|61|HOH|4343|474|441|-O--|2828|8|3|0001|3.932110|0.690723|-0.323490|-0.646727|19.148096|0.003143|0.004936
241|285|-1|923|61|72|HOH|4343|441|474|-O--|2828|8|3|0001|3.932110|-0.690723|0.323490|0.646727|19.148096|0.003143|0.004936
241|286|-1|924|78|61|HOH|4343|492|441|-O--|2828|8|3|0001|2.717131|0.412199|-0.874452|0.255784|3.693841|0.083849|0.131680
241|287|-1|924|61|78|HOH|4343|441|492|-O--|2828|8|3|0001|2.717131|-0.412199|0.874452|-0.255784|3.693841|0.083849|0.131680
241|288|-1|925|73|62|HOH|4343|477|444|-O--|2828|8|3|0001|2.828933|-0.802069|-0.352430|0.482160|2.051550|0.061983|0.097340
241|289|-1|925|62|73|HOH|4343|444|477|-O--|2828|8|3|0001|2.828933|0.802069|0.352430|-0.482160|2.051550|0.061983|0.097340
241|290|-1|926|70|64|HOH|4343|468|450|-O--|2828|8|3|0001|3.918444|0.449668|-0.020671|0.892956|8.025890|0.003262|0.005122
241|291|-1|926|64|70|HOH|4343|450|468|-O--|2828|8|3|0001|3.918444|-0.449668|0.020671|-0.892956|8.025890|0.003262|0.005122
241|292|-1|927|66|64|HOH|4343|456|450|-O--|2828|8|3|0001|3.089560|-0.028807|-0.960978|-0.275120|0.874009|0.030645|0.048125
241|293|-1|927|64|66|HOH|4343|450|456|-O--|2828|8|3|0001|3.089560|0.028807|0.960978|0.275120|0.874009|0.030645|0.048125
241|294|-1|928|67|64|HOH|4343|459|450|-O--|2828|8|3|0001|3.692012|-0.872153|0.482664|0.079902|12.310781|0.006015|0.009446
241|295|-1|928|64|67|HOH|4343|450|459|-O--|2828|8|3|0001|3.692012|0.872153|-0.482664|-0.079902|12.310781|0.006015|0.009446
241|296|-1|929|81|65|HOH|4343|501|453|-O--|2828|8|3|0001|3.313839|0.045566|0.766483|0.640647|7.437918|0.016715|0.026250
241|297|-1|929|65|81|HOH|4343|453|501|-O--|2828|8|3|0001|3.313839|-0.045566|-0.766483|-0.640647|7.437918|0.016715|0.026250
241|298|-1|930|82|69|HOH|4343|504|465|-O--|2828|8|3|0001|3.387387|0.145540|0.831319|0.536401|13.084486|0.013702|0.021518
241|299|-1|930|69|82|HOH|4343|465|504|-O--|2828|8|3|0001|3.387387|-0.145540|-0.831319|-0.536401|13.084486|0.013702|0.021518
241|300|-1|931|82|70|HOH|4343|504|468|-O--|2828|8|3|0001|2.783665|-0.248593|-0.341636|0.906359|6.106587|0.070049|0.110008
241|301|-1|931|70|82|HOH|4343|468|504|-O--|2828|8|3|0001|2.783665|0.248593|0.341636|-0.906359|6.106587|0.070049|0.110008
241|302|-1|932|76|72|HOH|4343|486|474|-O--|2828|8|3|0001|3.313255|0.329585|0.191655|0.924469|6.855097|0.016741|0.026291
241|303|-1|932|72|76|HOH|4343|474|486|-O--|2828|8|3|0001|3.313255|-0.329585|-0.191655|-0.924469|6.855097|0.016741|0.026291
241|304|-1|933|77|72|HOH|4343|489|474|-O--|2828|8|3|0001|3.210753|0.787666|-0.483999|0.381219|2.176510|0.022085|0.034683
241|305|-1|933|72|77|HOH|4343|474|489|-O--|2828|8|3|0001|3.210753|-0.787666|0.483999|-0.381219|2.176510|0.022085|0.034683
241|306|-1|934|78|72|HOH|4343|492|474|-O--|2828|8|3|0001|3.775007|-0.422781|-0.292450|0.857747|9.034533|0.004806|0.007548
241|307|-1|934|72|78|HOH|4343|474|492|-O--|2828|8|3|0001|3.775007|0.422781|0.292450|-0.857747|9.034533|0.004806|0.007548
241|308|-1|935|80|74|HOH|4343|498|480|-O--|2828|8|3|0001|2.747797|-0.855230|0.033845|-0.517141|13.346937|0.077180|0.121206
241|309|-1|935|74|80|HOH|4343|480|498|-O--|2828|8|3|0001|2.747797|0.855230|-0.033845|0.517141|13.346937|0.077180|0.121206
241|310|-1|936|79|75|HOH|4343|495|483|-O--|2828|8|3|0001|3.052181|-0.532734|0.112706|0.838744|3.744956|0.033902|0.053241
241|311|-1|936|75|79|HOH|4343|483|495|-O--|2828|8|3|0001|3.052181|0.532734|-0.112706|-0.838744|3.744956|0.033902|0.053241
241|312|-1|937|77|76|HOH|4343|489|486|-O--|2828|8|3|0001|3.199783|0.449093|-0.684109|-0.574726|3.490672|0.022750|0.035727
241|313|-1|937|76|77|HOH|4343|486|489|-O--|2828|8|3|0001|3.199783|-0.449093|0.684109|0.574726|3.490672|0.022750|0.035727
241|314|-1|938|78|76|HOH|4343|492|486|-O--|2828|8|3|0001|3.206258|-0.838360|-0.542377|0.054581|0.972854|0.022355|0.035107
241|315|-1|938|76|78|HOH|4343|486|492|-O--|2828|8|3|0001|3.206258|0.838360|0.542377|-0.054581|0.972854|0.022355|0.035107
