1882|0|0|1|-N--|N_|7|1| |1.000000|30.530001|0.000000|000|16.320814|-1.000000|-1.000000|0.000000|-1|0
1882|0|1|2|-CA-|C_|6|2| |1.000000|33.290001|0.000000|000|15.843500|-1.000000|-1.000000|0.000000|-1|0
1882|0|2|3|-C--|C_|6|3| |1.000000|30.450001|0.000000|000|14.394648|-1.000000|-1.000000|0.000000|-1|0
1882|0|3|4|-O--|O_|8|4| |1.000000|27.820000|0.000000|000|13.703262|-1.000000|-1.000000|0.000000|-1|0
1882|0|4|5|-CB-|C_|6|5| |1.000000|36.939999|0.000000|000|16.164934|-1.000000|-1.000000|0.000000|-1|0
1882|0|5|6|-CG-|C_|6|6| |1.000000|42.919998|0.000000|000|15.237423|-1.000000|-1.000000|0.000000|-1|0
1882|0|6|6|-CD-|C_|6|7| |1.000000|46.119999|0.000000|000|15.423904|-1.000000|-1.000000|0.000000|-1|0
1882|0|7|8|-OE1|O_|8|8| |1.000000|47.090000|0.000000|000|15.642333|-1.000000|-1.000000|0.000000|-1|0
1882|0|8|9|-NE2|N_|7|9| |1.000000|47.720001|0.000000|000|15.513381|-1.000000|-1.000000|0.000000|-1|0
1882|1|9|1|-N--|N_|7|10| |1.000000|28.000000|0.000000|000|14.053565|-1.000000|-1.000000|0.000000|-1|0
1882|1|10|2|-CA-|C_|6|11| |1.000000|27.490000|0.000000|000|12.715530|-1.000000|-1.000000|0.000000|-1|0
1882|1|11|3|-C--|C_|6|12| |1.000000|27.340000|0.000000|000|12.160908|-1.000000|-1.000000|0.000000|-1|0
1882|1|12|4|-O--|O_|8|13| |1.000000|26.469999|0.000000|000|12.997491|-1.000000|-1.000000|0.000000|-1|0
1882|1|13|5|-CB-|C_|6|14| |1.000000|28.740000|0.000000|000|12.920238|-1.000000|-1.000000|0.000000|-1|0
1882|1|14|17|-OG1|O_|8|15| |1.000000|29.910000|0.000000|000|13.578614|-1.000000|-1.000000|0.000000|-1|0
1882|1|15|6|-CG2|C_|6|16| |1.000000|29.070000|0.000000|000|11.703548|-1.000000|-1.000000|0.000000|-1|0
1882|2|16|1|-N--|N_|7|17| |1.000000|24.400000|0.000000|000|10.939663|-1.000000|-1.000000|0.000000|-1|0
1882|2|17|2|-CA-|C_|6|18| |1.000000|23.299999|0.000000|000|10.564855|-1.000000|-1.000000|0.000000|-1|0
1882|2|18|3|-C--|C_|6|19| |1.000000|20.410000|0.000000|000|9.443603|-1.000000|-1.000000|0.000000|-1|0
1882|2|19|4|-O--|O_|8|20| |1.000000|21.330000|0.000000|000|8.614315|-1.000000|-1.000000|0.000000|-1|0
1882|2|20|5|-CB-|C_|6|21| |1.000000|26.080000|0.000000|000|10.246576|-1.000000|-1.000000|0.000000|-1|0
1882|2|21|6|-CG1|C_|6|22| |1.000000|29.280001|0.000000|000|11.570009|-1.000000|-1.000000|0.000000|-1|0
1882|2|22|6|-CG2|C_|6|23| |1.000000|26.870001|0.000000|000|9.171316|-1.000000|-1.000000|0.000000|-1|0
1882|3|23|1|-N--|N_|7|24| |1.000000|18.629999|0.000000|000|9.565619|-1.000000|-1.000000|0.000000|-1|0
1882|3|24|2|-CA-|C_|6|25| |1.000000|18.760000|0.000000|000|8.741038|-1.000000|-1.000000|0.000000|-1|0
1882|3|25|3|-C--|C_|6|26| |1.000000|16.680000|0.000000|000|7.920367|-1.000000|-1.000000|0.000000|-1|0
1882|3|26|4|-O--|O_|8|27| |1.000000|18.920000|0.000000|000|8.535553|-1.000000|-1.000000|0.000000|-1|0
1882|3|27|5|-CB-|C_|6|28| |1.000000|19.690001|0.000000|000|9.784061|-1.000000|-1.000000|0.000000|-1|0
1882|4|28|1|-N--|N_|7|29| |1.000000|15.070000|0.000000|000|6.822905|-1.000000|-1.000000|0.000000|-1|0
1882|4|29|2|-CA-|C_|6|30| |1.000000|16.309999|0.000000|000|6.200156|-1.000000|-1.000000|0.000000|-1|0
1882|4|30|3|-C--|C_|6|31| |1.000000|15.470000|0.000000|000|6.339770|-1.000000|-1.000000|0.000000|-1|0
1882|4|31|4|-O--|O_|8|32| |1.000000|17.400000|0.000000|000|5.956194|-1.000000|-1.000000|0.000000|-1|0
1882|4|32|5|-CB-|C_|6|33| |1.000000|17.000000|0.000000|000|4.848939|-1.000000|-1.000000|0.000000|-1|0
1882|4|33|6|-CG1|C_|6|34| |1.000000|17.740000|0.000000|000|5.321586|-1.000000|-1.000000|0.000000|-1|0
1882|4|34|6|-CG2|C_|6|35| |1.000000|14.580000|0.000000|000|4.552987|-1.000000|-1.000000|0.000000|-1|0
1882|4|35|6|-CD1|C_|6|36| |1.000000|19.990000|0.000000|000|4.441682|-1.000000|-1.000000|0.000000|-1|0
1882|5|36|1|-N--|N_|7|37| |1.000000|15.300000|0.000000|000|7.198802|-1.000000|-1.000000|0.000000|-1|0
1882|5|37|2|-CA-|C_|6|38| |1.000000|15.830000|0.000000|000|7.735157|-1.000000|-1.000000|0.000000|-1|0
1882|5|38|3|-C--|C_|6|39| |1.000000|15.390000|0.000000|000|7.077122|-1.000000|-1.000000|0.000000|-1|0
1882|5|39|4|-O--|O_|8|40| |1.000000|13.670000|0.000000|000|6.788198|-1.000000|-1.000000|0.000000|-1|0
1882|5|40|5|-CB-|C_|6|41| |1.000000|16.290001|0.000000|000|9.155788|-1.000000|-1.000000|0.000000|-1|0
1882|5|41|6|-CG-|C_|6|42| |1.000000|21.240000|0.000000|000|10.188378|-1.000000|-1.000000|0.000000|-1|0
1882|5|42|6|-CD-|C_|6|43| |1.000000|25.379999|0.000000|000|11.525814|-1.000000|-1.000000|0.000000|-1|0
1882|5|43|6|-CE-|C_|6|44| |1.000000|30.719999|0.000000|000|12.496571|-1.000000|-1.000000|0.000000|-1|0
1882|5|44|14|-NZ-|N_|7|45| |1.000000|34.709999|0.000000|000|13.883709|-1.000000|-1.000000|0.000000|-1|0
1882|6|45|1|-N--|N_|7|46| |1.000000|13.180000|0.000000|000|7.232595|-1.000000|-1.000000|0.000000|-1|0
1882|6|46|2|-CA-|C_|6|47| |1.000000|14.150000|0.000000|000|7.100081|-1.000000|-1.000000|0.000000|-1|0
1882|6|47|3|-C--|C_|6|48| |1.000000|15.010000|0.000000|000|8.589556|-1.000000|-1.000000|0.000000|-1|0
1882|6|48|4|-O--|O_|8|49| |1.000000|14.380000|0.000000|000|9.457536|-1.000000|-1.000000|0.000000|-1|0
1882|6|49|5|-CB-|C_|6|50| |1.000000|15.530000|0.000000|000|6.737361|-1.000000|-1.000000|0.000000|-1|0
1882|6|50|6|-CG-|C_|6|51| |1.000000|15.730000|0.000000|000|5.417915|-1.000000|-1.000000|0.000000|-1|0
1882|6|51|16|-SD-|S_|16|52| |1.000000|17.430000|0.000000|000|5.414053|-1.000000|-1.000000|0.000000|-1|0
1882|6|52|6|-CE-|C_|6|53| |1.000000|17.600000|0.000000|000|6.806584|-1.000000|-1.000000|0.000000|-1|0
1882|7|53|1|-N--|N_|7|54| |1.000000|14.850000|0.000000|000|9.004395|-1.000000|-1.000000|0.000000|-1|0
1882|7|54|2|-CA-|C_|6|55| |1.000000|17.059999|0.000000|000|10.467237|-1.000000|-1.000000|0.000000|-1|0
1882|7|55|3|-C--|C_|6|56| |1.000000|19.549999|0.000000|000|10.944513|-1.000000|-1.000000|0.000000|-1|0
1882|7|56|4|-O--|O_|8|57| |1.000000|19.120001|0.000000|000|10.819876|-1.000000|-1.000000|0.000000|-1|0
1882|8|57|1|-N--|N_|7|58| |1.000000|17.170000|0.000000|000|11.668685|-1.000000|-1.000000|0.000000|-1|0
1882|8|58|2|-CA-|C_|6|59| |1.000000|18.889999|0.000000|000|12.264228|-1.000000|-1.000000|0.000000|-1|0
1882|8|59|3|-C--|C_|6|60| |1.000000|19.850000|0.000000|000|13.514956|-1.000000|-1.000000|0.000000|-1|0
1882|8|60|4|-O--|O_|8|61| |1.000000|20.820000|0.000000|000|14.144697|-1.000000|-1.000000|0.000000|-1|0
1882|8|61|5|-CB-|C_|6|62| |1.000000|19.320000|0.000000|000|12.750078|-1.000000|-1.000000|0.000000|-1|0
1882|9|62|1|-N--|N_|7|63| |1.000000|24.379999|0.000000|000|14.002745|-1.000000|-1.000000|0.000000|-1|0
1882|9|63|2|-CA-|C_|6|64| |1.000000|27.930000|0.000000|000|15.301737|-1.000000|-1.000000|0.000000|-1|0
1882|9|64|3|-C--|C_|6|65| |1.000000|28.940001|0.000000|000|16.387022|-1.000000|-1.000000|0.000000|-1|0
1882|9|65|4|-O--|O_|8|66| |1.000000|31.290001|0.000000|000|17.283268|-1.000000|-1.000000|0.000000|-1|0
1882|9|66|5|-CB-|C_|6|67| |1.000000|30.600000|0.000000|000|15.789544|-1.000000|-1.000000|0.000000|-1|0
1882|9|67|6|-CG-|C_|6|68| |1.000000|32.480000|0.000000|000|15.157625|-1.000000|-1.000000|0.000000|-1|0
1882|9|68|10|-OD1|O_|8|69| |1.000000|33.720001|0.000000|000|14.761356|-1.000000|-1.000000|0.000000|-1|0
1882|9|69|10|-OD2|O_|8|70| |1.000000|36.700001|0.000000|000|15.226335|-1.000000|-1.000000|0.000000|-1|0
1882|10|70|1|-N--|N_|7|71| |1.000000|28.080000|0.000000|000|16.428194|-1.000000|-1.000000|0.000000|-1|0
1882|10|71|2|-CA-|C_|6|72| |1.000000|27.059999|0.000000|000|17.568617|-1.000000|-1.000000|0.000000|-1|0
1882|10|72|3|-C--|C_|6|73| |1.000000|28.340000|0.000000|000|17.533869|-1.000000|-1.000000|0.000000|-1|0
1882|10|73|4|-O--|O_|8|74| |1.000000|29.080000|0.000000|000|18.416088|-1.000000|-1.000000|0.000000|-1|0
1882|10|74|5|-CB-|C_|6|75| |1.000000|27.700001|0.000000|000|17.900095|-1.000000|-1.000000|0.000000|-1|0
1882|10|75|6|-CG-|C_|6|76| |1.000000|27.340000|0.000000|000|16.942358|-1.000000|-1.000000|0.000000|-1|0
1882|10|76|8|-OD1|O_|8|77| |1.000000|26.490000|0.000000|000|15.999077|-1.000000|-1.000000|0.000000|-1|0
1882|10|77|9|-ND2|N_|7|78| |1.000000|26.660000|0.000000|000|17.274717|-1.000000|-1.000000|0.000000|-1|0
1882|11|78|1|-N--|N_|7|79| |1.000000|24.910000|0.000000|000|16.672737|-1.000000|-1.000000|0.000000|-1|0
1882|11|79|2|-CA-|C_|6|80| |1.000000|25.030001|0.000000|000|16.828499|-1.000000|-1.000000|0.000000|-1|0
1882|11|80|3|-C--|C_|6|81| |1.000000|24.420000|0.000000|000|16.180567|-1.000000|-1.000000|0.000000|-1|0
1882|11|81|4|-O--|O_|8|82| |1.000000|26.740000|0.000000|000|16.437069|-1.000000|-1.000000|0.000000|-1|0
1882|12|82|1|-N--|N_|7|83| |1.000000|20.440001|0.000000|000|15.490451|-1.000000|-1.000000|0.000000|-1|0
1882|12|83|2|-CA-|C_|6|84| |1.000000|18.990000|0.000000|000|15.000779|-1.000000|-1.000000|0.000000|-1|0
1882|12|84|3|-C--|C_|6|85| |1.000000|17.930000|0.000000|000|13.722340|-1.000000|-1.000000|0.000000|-1|0
1882|12|85|4|-O--|O_|8|86| |1.000000|15.930000|0.000000|000|12.891764|-1.000000|-1.000000|0.000000|-1|0
1882|12|86|5|-CB-|C_|6|87| |1.000000|19.740000|0.000000|000|14.895590|-1.000000|-1.000000|0.000000|-1|0
1882|12|87|6|-CG-|C_|6|88| |1.000000|20.900000|0.000000|000|16.298428|-1.000000|-1.000000|0.000000|-1|0
1882|12|88|16|-SD-|S_|16|89| |1.000000|23.040001|0.000000|000|16.396128|-1.000000|-1.000000|0.000000|-1|0
1882|12|89|6|-CE-|C_|6|90| |1.000000|20.969999|0.000000|000|15.495100|-1.000000|-1.000000|0.000000|-1|0
1882|13|90|1|-N--|N_|7|91| |1.000000|15.860000|0.000000|000|13.642287|-1.000000|-1.000000|0.000000|-1|0
1882|13|91|2|-CA-|C_|6|92| |1.000000|15.990000|0.000000|000|12.551050|-1.000000|-1.000000|0.000000|-1|0
1882|13|92|3|-C--|C_|6|93| |1.000000|17.500000|0.000000|000|11.556612|-1.000000|-1.000000|0.000000|-1|0
1882|13|93|4|-O--|O_|8|94| |1.000000|19.049999|0.000000|000|11.826630|-1.000000|-1.000000|0.000000|-1|0
1882|13|94|5|-CB-|C_|6|95| |1.000000|17.430000|0.000000|000|13.182669|-1.000000|-1.000000|0.000000|-1|0
1882|13|95|6|-CG-|C_|6|96| |1.000000|20.230000|0.000000|000|14.156193|-1.000000|-1.000000|0.000000|-1|0
1882|13|96|6|-CD1|C_|6|97| |1.000000|20.719999|0.000000|000|15.019223|-1.000000|-1.000000|0.000000|-1|0
1882|13|97|6|-CD2|C_|6|98| |1.000000|19.879999|0.000000|000|13.463922|-1.000000|-1.000000|0.000000|-1|0
1882|14|98|1|-N--|N_|7|99| |1.000000|14.930000|0.000000|000|10.622152|-1.000000|-1.000000|0.000000|-1|0
1882|14|99|2|-CA-|C_|6|100| |1.000000|14.120000|0.000000|000|9.835336|-1.000000|-1.000000|0.000000|-1|0
1882|14|100|3|-C--|C_|6|101| |1.000000|13.840000|0.000000|000|8.634724|-1.000000|-1.000000|0.000000|-1|0
1882|14|101|4|-O--|O_|8|102| |1.000000|15.440000|0.000000|000|8.791124|-1.000000|-1.000000|0.000000|-1|0
1882|14|102|5|-CB-|C_|6|103| |1.000000|13.760000|0.000000|000|10.779333|-1.000000|-1.000000|0.000000|-1|0
1882|15|103|1|-N--|N_|7|104| |1.000000|12.590000|0.000000|000|7.711484|-1.000000|-1.000000|0.000000|-1|0
1882|15|104|2|-CA-|C_|6|105| |1.000000|13.480000|0.000000|000|6.723239|-1.000000|-1.000000|0.000000|-1|0
1882|15|105|3|-C--|C_|6|106| |1.000000|14.910000|0.000000|000|7.647613|-1.000000|-1.000000|0.000000|-1|0
1882|15|106|4|-O--|O_|8|107| |1.000000|14.190000|0.000000|000|8.481432|-1.000000|-1.000000|0.000000|-1|0
1882|15|107|5|-CB-|C_|6|108| |1.000000|13.920000|0.000000|000|5.482576|-1.000000|-1.000000|0.000000|-1|0
1882|15|108|12|-CG-|C_|6|109| |1.000000|14.030000|0.000000|000|4.752070|-1.000000|-1.000000|0.000000|-1|0
1882|15|109|12|-CD1|C_|6|110| |1.000000|14.570000|0.000000|000|4.102785|-1.000000|-1.000000|0.000000|-1|0
1882|15|110|12|-CD2|C_|6|111| |1.000000|14.000000|0.000000|000|5.231692|-1.000000|-1.000000|0.000000|-1|0
1882|15|111|12|-CE1|C_|6|112| |1.000000|14.200000|0.000000|000|3.998098|-1.000000|-1.000000|0.000000|-1|0
1882|15|112|12|-CE2|C_|6|113| |1.000000|15.700000|0.000000|000|5.150620|-1.000000|-1.000000|0.000000|-1|0
1882|15|113|12|-CZ-|C_|6|114| |1.000000|14.220000|0.000000|000|4.558661|-1.000000|-1.000000|0.000000|-1|0
1882|16|114|1|-N--|N_|7|115| |1.000000|15.450000|0.000000|000|7.769103|-1.000000|-1.000000|0.000000|-1|0
1882|16|115|2|-CA-|C_|6|116| |1.000000|16.290001|0.000000|000|8.923001|-1.000000|-1.000000|0.000000|-1|0
1882|16|116|3|-C--|C_|6|117| |1.000000|15.240000|0.000000|000|8.674527|-1.000000|-1.000000|0.000000|-1|0
1882|16|117|4|-O--|O_|8|118| |1.000000|16.230000|0.000000|000|8.490271|-1.000000|-1.000000|0.000000|-1|0
1882|16|118|5|-CB-|C_|6|119| |1.000000|18.520000|0.000000|000|10.059088|-1.000000|-1.000000|0.000000|-1|0
1882|16|119|6|-CG-|C_|6|120| |1.000000|24.400000|0.000000|000|11.338768|-1.000000|-1.000000|0.000000|-1|0
1882|16|120|6|-CD-|C_|6|121| |1.000000|26.910000|0.000000|000|12.524243|-1.000000|-1.000000|0.000000|-1|0
1882|16|121|10|-OE1|O_|8|122| |1.000000|27.540001|0.000000|000|12.590840|-1.000000|-1.000000|0.000000|-1|0
1882|16|122|10|-OE2|O_|8|123| |1.000000|29.690001|0.000000|000|13.490506|-1.000000|-1.000000|0.000000|-1|0
1882|17|123|1|-N--|N_|7|124| |1.000000|15.920000|0.000000|000|8.875830|-1.000000|-1.000000|0.000000|-1|0
1882|17|124|2|-CA-|C_|6|125| |1.000000|14.460000|0.000000|000|9.406658|-1.000000|-1.000000|0.000000|-1|0
1882|17|125|3|-C--|C_|6|126| |1.000000|15.280000|0.000000|000|8.488584|-1.000000|-1.000000|0.000000|-1|0
1882|17|126|4|-O--|O_|8|127| |1.000000|15.180000|0.000000|000|7.323150|-1.000000|-1.000000|0.000000|-1|0
1882|17|127|5|-CB-|C_|6|128| |1.000000|15.870000|0.000000|000|10.118792|-1.000000|-1.000000|0.000000|-1|0
1882|17|128|6|-CG-|C_|6|129| |1.000000|17.900000|0.000000|000|9.460508|-1.000000|-1.000000|0.000000|-1|0
1882|17|129|6|-CD-|C_|6|130| |1.000000|16.690001|0.000000|000|8.968347|-1.000000|-1.000000|0.000000|-1|0
1882|18|130|1|-N--|N_|7|131| |1.000000|13.010000|0.000000|000|9.190636|-1.000000|-1.000000|0.000000|-1|0
1882|18|131|2|-CA-|C_|6|132| |1.000000|15.280000|0.000000|000|8.770879|-1.000000|-1.000000|0.000000|-1|0
1882|18|132|3|-C--|C_|6|133| |1.000000|15.640000|0.000000|000|8.765570|-1.000000|-1.000000|0.000000|-1|0
1882|18|133|4|-O--|O_|8|134| |1.000000|16.219999|0.000000|000|8.273192|-1.000000|-1.000000|0.000000|-1|0
1882|18|134|5|-CB-|C_|6|135| |1.000000|16.809999|0.000000|000|9.868291|-1.000000|-1.000000|0.000000|-1|0
1882|18|135|17|-OG-|O_|8|136| |1.000000|18.610001|0.000000|000|11.083991|-1.000000|-1.000000|0.000000|-1|0
1882|19|136|1|-N--|N_|7|137| |1.000000|17.610001|0.000000|000|9.540110|-1.000000|-1.000000|0.000000|-1|0
1882|19|137|2|-CA-|C_|6|138| |1.000000|15.740000|0.000000|000|9.835812|-1.000000|-1.000000|0.000000|-1|0
1882|19|138|3|-C--|C_|6|139| |1.000000|18.860001|0.000000|000|9.957058|-1.000000|-1.000000|0.000000|-1|0
1882|19|139|4|-O--|O_|8|140| |1.000000|17.110001|0.000000|000|10.592153|-1.000000|-1.000000|0.000000|-1|0
1882|19|140|5|-CB-|C_|6|141| |1.000000|19.370001|0.000000|000|11.259408|-1.000000|-1.000000|0.000000|-1|0
1882|19|141|17|-OG1|O_|8|142| |1.000000|20.969999|0.000000|000|11.478352|-1.000000|-1.000000|0.000000|-1|0
1882|19|142|6|-CG2|C_|6|143| |1.000000|18.110001|0.000000|000|11.652596|-1.000000|-1.000000|0.000000|-1|0
1882|20|143|1|-N--|N_|7|144| |1.000000|17.420000|0.000000|000|9.554718|-1.000000|-1.000000|0.000000|-1|0
1882|20|144|2|-CA-|C_|6|145| |1.000000|18.139999|0.000000|000|9.994529|-1.000000|-1.000000|0.000000|-1|0
1882|20|145|3|-C--|C_|6|146| |1.000000|18.150000|0.000000|000|10.586845|-1.000000|-1.000000|0.000000|-1|0
1882|20|146|4|-O--|O_|8|147| |1.000000|17.950001|0.000000|000|10.310268|-1.000000|-1.000000|0.000000|-1|0
1882|20|147|5|-CB-|C_|6|148| |1.000000|19.700001|0.000000|000|9.071591|-1.000000|-1.000000|0.000000|-1|0
1882|20|148|6|-CG1|C_|6|149| |1.000000|22.760000|0.000000|000|9.988747|-1.000000|-1.000000|0.000000|-1|0
1882|20|149|6|-CG2|C_|6|150| |1.000000|21.020000|0.000000|000|7.891438|-1.000000|-1.000000|0.000000|-1|0
1882|20|150|6|-CD1|C_|6|151| |1.000000|25.430000|0.000000|000|9.554534|-1.000000|-1.000000|0.000000|-1|0
1882|21|151|1|-N--|N_|7|152| |1.000000|16.910000|0.000000|000|11.709650|-1.000000|-1.000000|0.000000|-1|0
1882|21|152|2|-CA-|C_|6|153| |1.000000|17.230000|0.000000|000|12.494272|-1.000000|-1.000000|0.000000|-1|0
1882|21|153|3|-C--|C_|6|154| |1.000000|16.219999|0.000000|000|12.628685|-1.000000|-1.000000|0.000000|-1|0
1882|21|154|4|-O--|O_|8|155| |1.000000|17.740000|0.000000|000|12.836663|-1.000000|-1.000000|0.000000|-1|0
1882|21|155|5|-CB-|C_|6|156| |1.000000|19.650000|0.000000|000|13.888182|-1.000000|-1.000000|0.000000|-1|0
1882|21|156|6|-CG-|C_|6|157| |1.000000|25.639999|0.000000|000|14.043252|-1.000000|-1.000000|0.000000|-1|0
1882|21|157|6|-CD-|C_|6|158| |1.000000|28.500000|0.000000|000|15.251122|-1.000000|-1.000000|0.000000|-1|0
1882|21|158|10|-OE1|O_|8|159| |1.000000|28.350000|0.000000|000|15.959596|-1.000000|-1.000000|0.000000|-1|0
1882|21|159|10|-OE2|O_|8|160| |1.000000|33.209999|0.000000|000|15.549673|-1.000000|-1.000000|0.000000|-1|0
1882|22|160|1|-N--|N_|7|161| |1.000000|14.780000|0.000000|000|12.636694|-1.000000|-1.000000|0.000000|-1|0
1882|22|161|2|-CA-|C_|6|162| |1.000000|16.670000|0.000000|000|12.972128|-1.000000|-1.000000|0.000000|-1|0
1882|22|162|3|-C--|C_|6|163| |1.000000|18.049999|0.000000|000|14.103415|-1.000000|-1.000000|0.000000|-1|0
1882|22|163|4|-O--|O_|8|164| |1.000000|20.469999|0.000000|000|14.510193|-1.000000|-1.000000|0.000000|-1|0
1882|22|164|5|-CB-|C_|6|165| |1.000000|17.620001|0.000000|000|11.845668|-1.000000|-1.000000|0.000000|-1|0
1882|22|165|6|-CG1|C_|6|166| |1.000000|16.940001|0.000000|000|11.376085|-1.000000|-1.000000|0.000000|-1|0
1882|22|166|6|-CG2|C_|6|167| |1.000000|18.299999|0.000000|000|10.742356|-1.000000|-1.000000|0.000000|-1|0
1882|22|167|6|-CD1|C_|6|168| |1.000000|17.440001|0.000000|000|10.540115|-1.000000|-1.000000|0.000000|-1|0
1882|23|168|1|-N--|N_|7|169| |1.000000|19.860001|0.000000|000|14.676192|-1.000000|-1.000000|0.000000|-1|0
1882|23|169|2|-CA-|C_|6|170| |1.000000|24.299999|0.000000|000|15.792931|-1.000000|-1.000000|0.000000|-1|0
1882|23|170|3|-C--|C_|6|171| |1.000000|23.270000|0.000000|000|15.464823|-1.000000|-1.000000|0.000000|-1|0
1882|23|171|4|-O--|O_|8|172| |1.000000|23.129999|0.000000|000|14.667756|-1.000000|-1.000000|0.000000|-1|0
1882|23|172|5|-CB-|C_|6|173| |1.000000|26.139999|0.000000|000|16.963110|-1.000000|-1.000000|0.000000|-1|0
1882|23|173|6|-CG-|C_|6|174| |1.000000|32.389999|0.000000|000|17.414200|-1.000000|-1.000000|0.000000|-1|0
1882|23|174|6|-CD-|C_|6|175| |1.000000|35.990002|0.000000|000|18.159149|-1.000000|-1.000000|0.000000|-1|0
1882|23|175|8|-OE1|O_|8|176| |1.000000|38.340000|0.000000|000|18.960766|-1.000000|-1.000000|0.000000|-1|0
1882|23|176|9|-NE2|N_|7|177| |1.000000|37.090000|0.000000|000|18.004086|-1.000000|-1.000000|0.000000|-1|0
1882|24|177|1|-N--|N_|7|178| |1.000000|22.480000|0.000000|000|16.208712|-1.000000|-1.000000|0.000000|-1|0
1882|24|178|2|-CA-|C_|6|179| |1.000000|24.190001|0.000000|000|16.146931|-1.000000|-1.000000|0.000000|-1|0
1882|24|179|3|-C--|C_|6|180| |1.000000|23.379999|0.000000|000|16.365686|-1.000000|-1.000000|0.000000|-1|0
1882|24|180|4|-O--|O_|8|181| |1.000000|24.840000|0.000000|000|17.286680|-1.000000|-1.000000|0.000000|-1|0
1882|24|181|5|-CB-|C_|6|182| |1.000000|26.150000|0.000000|000|17.357441|-1.000000|-1.000000|0.000000|-1|0
1882|25|182|1|-N--|N_|7|183| |1.000000|20.100000|0.000000|000|15.683834|-1.000000|-1.000000|0.000000|-1|0
1882|25|183|2|-CA-|C_|6|184| |1.000000|22.469999|0.000000|000|16.047569|-1.000000|-1.000000|0.000000|-1|0
1882|25|184|3|-C--|C_|6|185| |1.000000|20.629999|0.000000|000|15.199615|-1.000000|-1.000000|0.000000|-1|0
1882|25|185|4|-O--|O_|8|186| |1.000000|20.500000|0.000000|000|15.403134|-1.000000|-1.000000|0.000000|-1|0
1882|26|186|1|-N--|N_|7|187| |1.000000|20.320000|0.000000|000|14.351589|-1.000000|-1.000000|0.000000|-1|0
1882|26|187|2|-CA-|C_|6|188| |1.000000|19.600000|0.000000|000|13.606403|-1.000000|-1.000000|0.000000|-1|0
1882|26|188|3|-C--|C_|6|189| |1.000000|19.660000|0.000000|000|12.389301|-1.000000|-1.000000|0.000000|-1|0
1882|26|189|4|-O--|O_|8|190| |1.000000|17.610001|0.000000|000|11.922174|-1.000000|-1.000000|0.000000|-1|0
1882|26|190|5|-CB-|C_|6|191| |1.000000|20.010000|0.000000|000|13.225541|-1.000000|-1.000000|0.000000|-1|0
1882|26|191|6|-CG-|C_|6|192| |1.000000|21.910000|0.000000|000|14.447466|-1.000000|-1.000000|0.000000|-1|0
1882|26|192|10|-OD1|O_|8|193| |1.000000|21.809999|0.000000|000|15.480924|-1.000000|-1.000000|0.000000|-1|0
1882|26|193|10|-OD2|O_|8|194| |1.000000|20.730000|0.000000|000|14.458422|-1.000000|-1.000000|0.000000|-1|0
1882|27|194|1|-N--|N_|7|195| |1.000000|19.190001|0.000000|000|12.025311|-1.000000|-1.000000|0.000000|-1|0
1882|27|195|2|-CA-|C_|6|196| |1.000000|18.280001|0.000000|000|11.020164|-1.000000|-1.000000|0.000000|-1|0
1882|27|196|3|-C--|C_|6|197| |1.000000|19.680000|0.000000|000|9.858660|-1.000000|-1.000000|0.000000|-1|0
1882|27|197|4|-O--|O_|8|198| |1.000000|19.540001|0.000000|000|10.203914|-1.000000|-1.000000|0.000000|-1|0
1882|27|198|5|-CB-|C_|6|199| |1.000000|20.780001|0.000000|000|11.765379|-1.000000|-1.000000|0.000000|-1|0
1882|27|199|17|-OG1|O_|8|200| |1.000000|21.370001|0.000000|000|12.793952|-1.000000|-1.000000|0.000000|-1|0
1882|27|200|6|-CG2|C_|6|201| |1.000000|20.200001|0.000000|000|10.975345|-1.000000|-1.000000|0.000000|-1|0
1882|28|201|1|-N--|N_|7|202| |1.000000|16.020000|0.000000|000|8.650249|-1.000000|-1.000000|0.000000|-1|0
1882|28|202|2|-CA-|C_|6|203| |1.000000|15.230000|0.000000|000|7.495183|-1.000000|-1.000000|0.000000|-1|0
1882|28|203|3|-C--|C_|6|204| |1.000000|15.940000|0.000000|000|7.182115|-1.000000|-1.000000|0.000000|-1|0
1882|28|204|4|-O--|O_|8|205| |1.000000|16.389999|0.000000|000|7.183160|-1.000000|-1.000000|0.000000|-1|0
1882|28|205|5|-CB-|C_|6|206| |1.000000|15.940000|0.000000|000|6.369102|-1.000000|-1.000000|0.000000|-1|0
1882|28|206|6|-CG1|C_|6|207| |1.000000|18.059999|0.000000|000|5.217174|-1.000000|-1.000000|0.000000|-1|0
1882|28|207|6|-CG2|C_|6|208| |1.000000|17.459999|0.000000|000|7.193062|-1.000000|-1.000000|0.000000|-1|0
1882|29|208|1|-N--|N_|7|209| |1.000000|15.950000|0.000000|000|7.274717|-1.000000|-1.000000|0.000000|-1|0
1882|29|209|2|-CA-|C_|6|210| |1.000000|16.160000|0.000000|000|7.353116|-1.000000|-1.000000|0.000000|-1|0
1882|29|210|3|-C--|C_|6|211| |1.000000|16.889999|0.000000|000|6.369786|-1.000000|-1.000000|0.000000|-1|0
1882|29|211|4|-O--|O_|8|212| |1.000000|19.680000|0.000000|000|6.558517|-1.000000|-1.000000|0.000000|-1|0
1882|29|212|5|-CB-|C_|6|213| |1.000000|19.680000|0.000000|000|8.767008|-1.000000|-1.000000|0.000000|-1|0
1882|29|213|6|-CG-|C_|6|214| |1.000000|24.910000|0.000000|000|9.226986|-1.000000|-1.000000|0.000000|-1|0
1882|29|214|6|-CD-|C_|6|215| |1.000000|28.219999|0.000000|000|10.717275|-1.000000|-1.000000|0.000000|-1|0
1882|29|215|8|-OE1|O_|8|216| |1.000000|31.940001|0.000000|000|11.593939|-1.000000|-1.000000|0.000000|-1|0
1882|29|216|9|-NE2|N_|7|217| |1.000000|28.820000|0.000000|000|11.084606|-1.000000|-1.000000|0.000000|-1|0
1882|30|217|1|-N--|N_|7|218| |1.000000|14.450000|0.000000|000|5.721608|-1.000000|-1.000000|0.000000|-1|0
1882|30|218|2|-CA-|C_|6|219| |1.000000|14.580000|0.000000|000|5.178195|-1.000000|-1.000000|0.000000|-1|0
1882|30|219|3|-C--|C_|6|220| |1.000000|15.350000|0.000000|000|6.502269|-1.000000|-1.000000|0.000000|-1|0
1882|30|220|4|-O--|O_|8|221| |1.000000|16.450001|0.000000|000|7.276872|-1.000000|-1.000000|0.000000|-1|0
1882|30|221|5|-CB-|C_|6|222| |1.000000|13.490000|0.000000|000|4.203218|-1.000000|-1.000000|0.000000|-1|0
1882|30|222|12|-CG-|C_|6|223| |1.000000|13.890000|0.000000|000|2.771001|-1.000000|-1.000000|0.000000|-1|0
1882|30|223|12|-CD1|C_|6|224| |1.000000|15.630000|0.000000|000|1.985388|-1.000000|-1.000000|0.000000|-1|0
1882|30|224|12|-CD2|C_|6|225| |1.000000|15.790000|0.000000|000|2.606729|-1.000000|-1.000000|0.000000|-1|0
1882|30|225|15|-NE1|N_|7|226| |1.000000|16.370001|0.000000|000|0.906198|-1.000000|-1.000000|0.000000|-1|0
1882|30|226|12|-CE2|C_|6|227| |1.000000|15.700000|0.000000|000|1.587444|-1.000000|-1.000000|0.000000|-1|0
1882|30|227|12|-CE3|C_|6|228| |1.000000|15.980000|0.000000|000|3.828848|-1.000000|-1.000000|0.000000|-1|0
1882|30|228|12|-CZ2|C_|6|229| |1.000000|18.320000|0.000000|000|2.426687|-1.000000|-1.000000|0.000000|-1|0
1882|30|229|12|-CZ3|C_|6|230| |1.000000|17.870001|0.000000|000|4.200805|-1.000000|-1.000000|0.000000|-1|0
1882|30|230|12|-CH2|C_|6|231| |1.000000|14.920000|0.000000|000|3.627514|-1.000000|-1.000000|0.000000|-1|0
1882|31|231|1|-N--|N_|7|232| |1.000000|15.560000|0.000000|000|6.968589|-1.000000|-1.000000|0.000000|-1|0
1882|31|232|2|-CA-|C_|6|233| |1.000000|16.940001|0.000000|000|8.340711|-1.000000|-1.000000|0.000000|-1|0
1882|31|233|3|-C--|C_|6|234| |1.000000|15.870000|0.000000|000|8.555426|-1.000000|-1.000000|0.000000|-1|0
1882|31|234|4|-O--|O_|8|235| |1.000000|16.600000|0.000000|000|8.277092|-1.000000|-1.000000|0.000000|-1|0
1882|31|235|5|-CB-|C_|6|236| |1.000000|18.150000|0.000000|000|9.332543|-1.000000|-1.000000|0.000000|-1|0
1882|31|236|6|-CG1|C_|6|237| |1.000000|19.629999|0.000000|000|10.740607|-1.000000|-1.000000|0.000000|-1|0
1882|31|237|6|-CG2|C_|6|238| |1.000000|22.290001|0.000000|000|9.392935|-1.000000|-1.000000|0.000000|-1|0
1882|32|238|1|-N--|N_|7|239| |1.000000|14.790000|0.000000|000|9.265879|-1.000000|-1.000000|0.000000|-1|0
1882|32|239|2|-CA-|C_|6|240| |1.000000|18.379999|0.000000|000|9.815248|-1.000000|-1.000000|0.000000|-1|0
1882|32|240|3|-C--|C_|6|241| |1.000000|18.719999|0.000000|000|10.821023|-1.000000|-1.000000|0.000000|-1|0
1882|32|241|4|-O--|O_|8|242| |1.000000|18.879999|0.000000|000|11.756568|-1.000000|-1.000000|0.000000|-1|0
1882|32|242|5|-CB-|C_|6|243| |1.000000|21.639999|0.000000|000|10.591594|-1.000000|-1.000000|0.000000|-1|0
1882|32|243|6|-CG-|C_|6|244| |1.000000|23.170000|0.000000|000|10.766125|-1.000000|-1.000000|0.000000|-1|0
1882|32|244|8|-OD1|O_|8|245| |1.000000|23.309999|0.000000|000|10.079994|-1.000000|-1.000000|0.000000|-1|0
1882|32|245|9|-ND2|N_|7|246| |1.000000|21.600000|0.000000|000|11.860204|-1.000000|-1.000000|0.000000|-1|0
1882|33|246|1|-N--|N_|7|247| |1.000000|19.639999|0.000000|000|10.738370|-1.000000|-1.000000|0.000000|-1|0
1882|33|247|2|-CA-|C_|6|248| |1.000000|20.760000|0.000000|000|11.790111|-1.000000|-1.000000|0.000000|-1|0
1882|33|248|3|-C--|C_|6|249| |1.000000|22.920000|0.000000|000|12.841695|-1.000000|-1.000000|0.000000|-1|0
1882|33|249|4|-O--|O_|8|250| |1.000000|26.590000|0.000000|000|13.979576|-1.000000|-1.000000|0.000000|-1|0
1882|33|250|5|-CB-|C_|6|251| |1.000000|21.870001|0.000000|000|11.313261|-1.000000|-1.000000|0.000000|-1|0
1882|33|251|6|-CG-|C_|6|252| |1.000000|25.559999|0.000000|000|12.507278|-1.000000|-1.000000|0.000000|-1|0
1882|33|252|8|-OD1|O_|8|253| |1.000000|27.250000|0.000000|000|13.428435|-1.000000|-1.000000|0.000000|-1|0
1882|33|253|9|-ND2|N_|7|254| |1.000000|23.070000|0.000000|000|12.660941|-1.000000|-1.000000|0.000000|-1|0
1882|34|254|1|-N--|N_|7|255| |1.000000|21.809999|0.000000|000|12.645366|-1.000000|-1.000000|0.000000|-1|0
1882|34|255|2|-CA-|C_|6|256| |1.000000|21.879999|0.000000|000|13.756030|-1.000000|-1.000000|0.000000|-1|0
1882|34|256|3|-C--|C_|6|257| |1.000000|21.469999|0.000000|000|13.370175|-1.000000|-1.000000|0.000000|-1|0
1882|34|257|4|-O--|O_|8|258| |1.000000|18.190001|0.000000|000|12.255315|-1.000000|-1.000000|0.000000|-1|0
1882|34|258|5|-CB-|C_|6|259| |1.000000|25.049999|0.000000|000|14.368817|-1.000000|-1.000000|0.000000|-1|0
1882|34|259|6|-CG-|C_|6|260| |1.000000|27.510000|0.000000|000|15.151192|-1.000000|-1.000000|0.000000|-1|0
1882|34|260|6|-CD-|C_|6|261| |1.000000|32.220001|0.000000|000|15.761482|-1.000000|-1.000000|0.000000|-1|0
1882|34|261|6|-CE-|C_|6|262| |1.000000|36.310001|0.000000|000|17.234928|-1.000000|-1.000000|0.000000|-1|0
1882|34|262|14|-NZ-|N_|7|263| |1.000000|39.490002|0.000000|000|17.521315|-1.000000|-1.000000|0.000000|-1|0
1882|35|263|1|-N--|N_|7|264| |1.000000|19.240000|0.000000|000|14.427888|-1.000000|-1.000000|0.000000|-1|0
1882|35|264|2|-CA-|C_|6|265| |1.000000|21.410000|0.000000|000|14.565273|-1.000000|-1.000000|0.000000|-1|0
1882|35|265|3|-C--|C_|6|266| |1.000000|21.360001|0.000000|000|13.843880|-1.000000|-1.000000|0.000000|-1|0
1882|35|266|4|-O--|O_|8|267| |1.000000|21.200001|0.000000|000|13.575426|-1.000000|-1.000000|0.000000|-1|0
1882|35|267|5|-CB-|C_|6|268| |1.000000|22.740000|0.000000|000|14.375780|-1.000000|-1.000000|0.000000|-1|0
1882|35|268|6|-CG-|C_|6|269| |1.000000|28.920000|0.000000|000|15.204032|-1.000000|-1.000000|0.000000|-1|0
1882|35|269|6|-CD1|C_|6|270| |1.000000|30.420000|0.000000|000|14.875348|-1.000000|-1.000000|0.000000|-1|0
1882|35|270|6|-CD2|C_|6|271| |1.000000|30.090000|0.000000|000|16.686417|-1.000000|-1.000000|0.000000|-1|0
1882|36|271|1|-N--|N_|7|272| |1.000000|22.200001|0.000000|000|13.736891|-1.000000|-1.000000|0.000000|-1|0
1882|36|272|2|-CA-|C_|6|273| |1.000000|22.549999|0.000000|000|13.322595|-1.000000|-1.000000|0.000000|-1|0
1882|36|273|3|-C--|C_|6|274| |1.000000|24.389999|0.000000|000|14.408151|-1.000000|-1.000000|0.000000|-1|0
1882|36|274|4|-O--|O_|8|275| |1.000000|24.040001|0.000000|000|15.490745|-1.000000|-1.000000|0.000000|-1|0
1882|36|275|5|-CB-|C_|6|276| |1.000000|24.170000|0.000000|000|13.412167|-1.000000|-1.000000|0.000000|-1|0
1882|37|276|1|-N--|N_|7|277| |1.000000|21.670000|0.000000|000|14.209741|-1.000000|-1.000000|0.000000|-1|0
1882|37|277|2|-CA-|C_|6|278| |1.000000|21.580000|0.000000|000|13.107531|-1.000000|-1.000000|0.000000|-1|0
1882|37|278|3|-C--|C_|6|279| |1.000000|19.010000|0.000000|000|11.915481|-1.000000|-1.000000|0.000000|-1|0
1882|37|279|4|-O--|O_|8|280| |1.000000|19.219999|0.000000|000|12.087403|-1.000000|-1.000000|0.000000|-1|0
1882|37|280|5|-CB-|C_|6|281| |1.000000|23.080000|0.000000|000|13.803766|-1.000000|-1.000000|0.000000|-1|0
1882|37|281|6|-CG-|C_|6|282| |1.000000|24.969999|0.000000|000|14.862347|-1.000000|-1.000000|0.000000|-1|0
1882|37|282|6|-CD-|C_|6|283| |1.000000|24.719999|0.000000|000|15.341934|-1.000000|-1.000000|0.000000|-1|0
1882|38|283|1|-N--|N_|7|284| |1.000000|16.570000|0.000000|000|10.796350|-1.000000|-1.000000|0.000000|-1|0
1882|38|284|2|-CA-|C_|6|285| |1.000000|16.010000|0.000000|000|9.593274|-1.000000|-1.000000|0.000000|-1|0
1882|38|285|3|-C--|C_|6|286| |1.000000|15.950000|0.000000|000|9.053049|-1.000000|-1.000000|0.000000|-1|0
1882|38|286|4|-O--|O_|8|287| |1.000000|16.900000|0.000000|000|9.407739|-1.000000|-1.000000|0.000000|-1|0
1882|38|287|5|-CB-|C_|6|288| |1.000000|15.760000|0.000000|000|8.577953|-1.000000|-1.000000|0.000000|-1|0
1882|38|288|12|-CG-|C_|6|289| |1.000000|15.590000|0.000000|000|9.235319|-1.000000|-1.000000|0.000000|-1|0
1882|38|289|13|-ND1|N_|7|290| |1.000000|16.799999|0.000000|000|9.775031|-1.000000|-1.000000|0.000000|-1|0
1882|38|290|12|-CD2|C_|6|291| |1.000000|15.220000|0.000000|000|9.704315|-1.000000|-1.000000|0.000000|-1|0
1882|38|291|12|-CE1|C_|6|292| |1.000000|15.770000|0.000000|000|10.498740|-1.000000|-1.000000|0.000000|-1|0
1882|38|292|13|-NE2|N_|7|293| |1.000000|15.640000|0.000000|000|10.475623|-1.000000|-1.000000|0.000000|-1|0
1882|39|293|1|-N--|N_|7|294| |1.000000|15.660000|0.000000|000|8.343026|-1.000000|-1.000000|0.000000|-1|0
1882|39|294|2|-CA-|C_|6|295| |1.000000|15.110000|0.000000|000|7.891213|-1.000000|-1.000000|0.000000|-1|0
1882|39|295|3|-C--|C_|6|296| |1.000000|13.760000|0.000000|000|6.648113|-1.000000|-1.000000|0.000000|-1|0
1882|39|296|4|-O--|O_|8|297| |1.000000|14.110000|0.000000|000|6.173760|-1.000000|-1.000000|0.000000|-1|0
1882|39|297|5|-CB-|C_|6|298| |1.000000|14.390000|0.000000|000|9.067845|-1.000000|-1.000000|0.000000|-1|0
1882|39|298|6|-CG-|C_|6|299| |1.000000|17.360001|0.000000|000|9.573821|-1.000000|-1.000000|0.000000|-1|0
1882|39|299|8|-OD1|O_|8|300| |1.000000|16.559999|0.000000|000|9.135689|-1.000000|-1.000000|0.000000|-1|0
1882|39|300|9|-ND2|N_|7|301| |1.000000|18.959999|0.000000|000|10.744061|-1.000000|-1.000000|0.000000|-1|0
1882|40|301|1|-N--|N_|7|302| |1.000000|13.250000|0.000000|000|6.373608|-1.000000|-1.000000|0.000000|-1|0
1882|40|302|2|-CA-|C_|6|303| |1.000000|12.540000|0.000000|000|5.422840|-1.000000|-1.000000|0.000000|-1|0
1882|40|303|3|-C--|C_|6|304| |1.000000|14.170000|0.000000|000|6.374003|-1.000000|-1.000000|0.000000|-1|0
1882|40|304|4|-O--|O_|8|305| |1.000000|15.290000|0.000000|000|6.934103|-1.000000|-1.000000|0.000000|-1|0
1882|40|305|5|-CB-|C_|6|306| |1.000000|13.440000|0.000000|000|4.255114|-1.000000|-1.000000|0.000000|-1|0
1882|40|306|6|-CG1|C_|6|307| |1.000000|17.139999|0.000000|000|3.764779|-1.000000|-1.000000|0.000000|-1|0
1882|40|307|6|-CG2|C_|6|308| |1.000000|16.280001|0.000000|000|3.356544|-1.000000|-1.000000|0.000000|-1|0
1882|41|308|1|-N--|N_|7|309| |1.000000|14.090000|0.000000|000|6.821753|-1.000000|-1.000000|0.000000|-1|0
1882|41|309|2|-CA-|C_|6|310| |1.000000|14.700000|0.000000|000|7.861936|-1.000000|-1.000000|0.000000|-1|0
1882|41|310|3|-C--|C_|6|311| |1.000000|15.470000|0.000000|000|7.531654|-1.000000|-1.000000|0.000000|-1|0
1882|41|311|4|-O--|O_|8|312| |1.000000|15.490000|0.000000|000|7.392511|-1.000000|-1.000000|0.000000|-1|0
1882|41|312|5|-CB-|C_|6|313| |1.000000|19.410000|0.000000|000|9.181501|-1.000000|-1.000000|0.000000|-1|0
1882|41|313|6|-CG1|C_|6|314| |1.000000|27.830000|0.000000|000|9.105983|-1.000000|-1.000000|0.000000|-1|0
1882|41|314|6|-CG2|C_|6|315| |1.000000|20.379999|0.000000|000|10.197362|-1.000000|-1.000000|0.000000|-1|0
1882|42|315|1|-N--|N_|7|316| |1.000000|15.990000|0.000000|000|7.746268|-1.000000|-1.000000|0.000000|-1|0
1882|42|316|2|-CA-|C_|6|317| |1.000000|15.570000|0.000000|000|7.896870|-1.000000|-1.000000|0.000000|-1|0
1882|42|317|3|-C--|C_|6|318| |1.000000|16.600000|0.000000|000|9.400130|-1.000000|-1.000000|0.000000|-1|0
1882|42|318|4|-O--|O_|8|319| |1.000000|15.960000|0.000000|000|10.268085|-1.000000|-1.000000|0.000000|-1|0
1882|42|319|5|-CB-|C_|6|320| |1.000000|14.850000|0.000000|000|7.755167|-1.000000|-1.000000|0.000000|-1|0
1882|42|320|6|-CG1|C_|6|321| |1.000000|15.960000|0.000000|000|8.255691|-1.000000|-1.000000|0.000000|-1|0
1882|42|321|6|-CG2|C_|6|322| |1.000000|15.360000|0.000000|000|6.409817|-1.000000|-1.000000|0.000000|-1|0
1882|43|322|1|-N--|N_|7|323| |1.000000|14.700000|0.000000|000|9.823987|-1.000000|-1.000000|0.000000|-1|0
1882|43|323|2|-CA-|C_|6|324| |1.000000|16.309999|0.000000|000|11.267564|-1.000000|-1.000000|0.000000|-1|0
1882|43|324|3|-C--|C_|6|325| |1.000000|16.190001|0.000000|000|12.117013|-1.000000|-1.000000|0.000000|-1|0
1882|43|325|4|-O--|O_|8|326| |1.000000|17.870001|0.000000|000|11.962787|-1.000000|-1.000000|0.000000|-1|0
1882|43|326|5|-CB-|C_|6|327| |1.000000|17.879999|0.000000|000|11.693978|-1.000000|-1.000000|0.000000|-1|0
1882|43|327|6|-CG-|C_|6|328| |1.000000|19.870001|0.000000|000|11.363742|-1.000000|-1.000000|0.000000|-1|0
1882|43|328|6|-CD-|C_|6|329| |1.000000|24.860001|0.000000|000|12.296779|-1.000000|-1.000000|0.000000|-1|0
1882|43|329|10|-OE1|O_|8|330| |1.000000|25.980000|0.000000|000|12.879139|-1.000000|-1.000000|0.000000|-1|0
1882|43|330|10|-OE2|O_|8|331| |1.000000|28.330000|0.000000|000|12.573134|-1.000000|-1.000000|0.000000|-1|0
1882|44|331|1|-N--|N_|7|332| |1.000000|16.120001|0.000000|000|13.152230|-1.000000|-1.000000|0.000000|-1|0
1882|44|332|2|-CA-|C_|6|333| |1.000000|17.600000|0.000000|000|14.148457|-1.000000|-1.000000|0.000000|-1|0
1882|44|333|3|-C--|C_|6|334| |1.000000|18.850000|0.000000|000|13.927920|-1.000000|-1.000000|0.000000|-1|0
1882|44|334|4|-O--|O_|8|335| |1.000000|18.719999|0.000000|000|14.912541|-1.000000|-1.000000|0.000000|-1|0
1882|45|335|1|-N--|N_|7|336| |1.000000|16.020000|0.000000|000|12.739527|-1.000000|-1.000000|0.000000|-1|0
1882|45|336|2|-CA-|C_|6|337| |1.000000|16.370001|0.000000|000|12.574776|-1.000000|-1.000000|0.000000|-1|0
1882|45|337|3|-C--|C_|6|338| |1.000000|16.309999|0.000000|000|12.182559|-1.000000|-1.000000|0.000000|-1|0
1882|45|338|4|-O--|O_|8|339| |1.000000|16.320000|0.000000|000|11.043042|-1.000000|-1.000000|0.000000|-1|0
1882|45|339|5|-CB-|C_|6|340| |1.000000|20.139999|0.000000|000|11.587238|-1.000000|-1.000000|0.000000|-1|0
1882|45|340|6|-CG-|C_|6|341| |1.000000|21.360001|0.000000|000|11.964479|-1.000000|-1.000000|0.000000|-1|0
1882|45|341|6|-CD-|C_|6|342| |1.000000|24.809999|0.000000|000|13.339814|-1.000000|-1.000000|0.000000|-1|0
1882|45|342|8|-OE1|O_|8|343| |1.000000|29.480000|0.000000|000|14.154948|-1.000000|-1.000000|0.000000|-1|0
1882|45|343|9|-NE2|N_|7|344| |1.000000|27.600000|0.000000|000|13.749934|-1.000000|-1.000000|0.000000|-1|0
1882|46|344|1|-N--|N_|7|345| |1.000000|17.070000|0.000000|000|13.206325|-1.000000|-1.000000|0.000000|-1|0
1882|46|345|2|-CA-|C_|6|346| |1.000000|16.469999|0.000000|000|13.208740|-1.000000|-1.000000|0.000000|-1|0
1882|46|346|3|-C--|C_|6|347| |1.000000|16.639999|0.000000|000|12.890313|-1.000000|-1.000000|0.000000|-1|0
1882|46|347|4|-O--|O_|8|348| |1.000000|19.170000|0.000000|000|12.401205|-1.000000|-1.000000|0.000000|-1|0
1882|46|348|5|-CB-|C_|6|349| |1.000000|18.969999|0.000000|000|14.688119|-1.000000|-1.000000|0.000000|-1|0
1882|46|349|6|-CG-|C_|6|350| |1.000000|20.010000|0.000000|000|15.345215|-1.000000|-1.000000|0.000000|-1|0
1882|46|350|6|-CD-|C_|6|351| |1.000000|18.010000|0.000000|000|14.584394|-1.000000|-1.000000|0.000000|-1|0
1882|47|351|1|-N--|N_|7|352| |1.000000|18.719999|0.000000|000|13.340780|-1.000000|-1.000000|0.000000|-1|0
1882|47|352|2|-CA-|C_|6|353| |1.000000|22.190001|0.000000|000|13.336023|-1.000000|-1.000000|0.000000|-1|0
1882|47|353|3|-C--|C_|6|354| |1.000000|21.469999|0.000000|000|12.022448|-1.000000|-1.000000|0.000000|-1|0
1882|47|354|4|-O--|O_|8|355| |1.000000|23.240000|0.000000|000|12.049294|-1.000000|-1.000000|0.000000|-1|0
1882|47|355|5|-CB-|C_|6|356| |1.000000|24.030001|0.000000|000|14.361994|-1.000000|-1.000000|0.000000|-1|0
1882|47|356|6|-CG-|C_|6|357| |1.000000|30.000000|0.000000|000|14.064221|-1.000000|-1.000000|0.000000|-1|0
1882|47|357|6|-CD-|C_|6|358| |1.000000|32.930000|0.000000|000|14.076161|-1.000000|-1.000000|0.000000|-1|0
1882|47|358|10|-OE1|O_|8|359| |1.000000|29.629999|0.000000|000|14.739822|-1.000000|-1.000000|0.000000|-1|0
1882|47|359|10|-OE2|O_|8|360| |1.000000|34.549999|0.000000|000|13.541428|-1.000000|-1.000000|0.000000|-1|0
1882|48|360|1|-N--|N_|7|361| |1.000000|17.590000|0.000000|000|11.011708|-1.000000|-1.000000|0.000000|-1|0
1882|48|361|2|-CA-|C_|6|362| |1.000000|18.400000|0.000000|000|9.757172|-1.000000|-1.000000|0.000000|-1|0
1882|48|362|3|-C--|C_|6|363| |1.000000|18.540001|0.000000|000|8.719168|-1.000000|-1.000000|0.000000|-1|0
1882|48|363|4|-O--|O_|8|364| |1.000000|20.170000|0.000000|000|7.569813|-1.000000|-1.000000|0.000000|-1|0
1882|48|364|5|-CB-|C_|6|365| |1.000000|18.719999|0.000000|000|9.407983|-1.000000|-1.000000|0.000000|-1|0
1882|48|365|6|-CG-|C_|6|366| |1.000000|18.219999|0.000000|000|10.575881|-1.000000|-1.000000|0.000000|-1|0
1882|48|366|6|-CD1|C_|6|367| |1.000000|19.590000|0.000000|000|10.438664|-1.000000|-1.000000|0.000000|-1|0
1882|48|367|6|-CD2|C_|6|368| |1.000000|20.950001|0.000000|000|10.965047|-1.000000|-1.000000|0.000000|-1|0
1882|49|368|1|-N--|N_|7|369| |1.000000|17.360001|0.000000|000|9.256645|-1.000000|-1.000000|0.000000|-1|0
1882|49|369|2|-CA-|C_|6|370| |1.000000|14.620000|0.000000|000|8.650897|-1.000000|-1.000000|0.000000|-1|0
1882|49|370|3|-C--|C_|6|371| |1.000000|18.139999|0.000000|000|8.925896|-1.000000|-1.000000|0.000000|-1|0
1882|49|371|4|-O--|O_|8|372| |1.000000|18.870001|0.000000|000|9.820185|-1.000000|-1.000000|0.000000|-1|0
1882|49|372|5|-CB-|C_|6|373| |1.000000|16.530001|0.000000|000|9.454404|-1.000000|-1.000000|0.000000|-1|0
1882|49|373|17|-OG-|O_|8|374| |1.000000|15.850000|0.000000|000|9.448342|-1.000000|-1.000000|0.000000|-1|0
1882|50|374|1|-N--|N_|7|375| |1.000000|15.660000|0.000000|000|8.361451|-1.000000|-1.000000|0.000000|-1|0
1882|50|375|2|-CA-|C_|6|376| |1.000000|18.250000|0.000000|000|8.909850|-1.000000|-1.000000|0.000000|-1|0
1882|50|376|3|-C--|C_|6|377| |1.000000|17.680000|0.000000|000|9.328393|-1.000000|-1.000000|0.000000|-1|0
1882|50|377|4|-O--|O_|8|378| |1.000000|17.900000|0.000000|000|8.710191|-1.000000|-1.000000|0.000000|-1|0
1882|50|378|5|-CB-|C_|6|379| |1.000000|17.889999|0.000000|000|8.059447|-1.000000|-1.000000|0.000000|-1|0
1882|50|379|12|-CG-|C_|6|380| |1.000000|19.860001|0.000000|000|8.983751|-1.000000|-1.000000|0.000000|-1|0
1882|50|380|13|-ND1|N_|7|381| |1.000000|22.090000|0.000000|000|9.431100|-1.000000|-1.000000|0.000000|-1|0
1882|50|381|12|-CD2|C_|6|382| |1.000000|20.570000|0.000000|000|9.731308|-1.000000|-1.000000|0.000000|-1|0
1882|50|382|12|-CE1|C_|6|383| |1.000000|22.120001|0.000000|000|10.403319|-1.000000|-1.000000|0.000000|-1|0
1882|50|383|13|-NE2|N_|7|384| |1.000000|24.180000|0.000000|000|10.578384|-1.000000|-1.000000|0.000000|-1|0
1882|51|384|1|-N--|N_|7|385| |1.000000|19.910000|0.000000|000|10.507828|-1.000000|-1.000000|0.000000|-1|0
1882|51|385|2|-CA-|C_|6|386| |1.000000|22.549999|0.000000|000|11.167379|-1.000000|-1.000000|0.000000|-1|0
1882|51|386|3|-C--|C_|6|387| |1.000000|23.020000|0.000000|000|11.710012|-1.000000|-1.000000|0.000000|-1|0
1882|51|387|4|-O--|O_|8|388| |1.000000|21.459999|0.000000|000|12.057122|-1.000000|-1.000000|0.000000|-1|0
1882|51|388|5|-CB-|C_|6|389| |1.000000|27.080000|0.000000|000|12.450408|-1.000000|-1.000000|0.000000|-1|0
1882|51|389|6|-CG-|C_|6|390| |1.000000|31.330000|0.000000|000|12.216129|-1.000000|-1.000000|0.000000|-1|0
1882|51|390|6|-CD-|C_|6|391| |1.000000|34.130001|0.000000|000|12.463821|-1.000000|-1.000000|0.000000|-1|0
1882|51|391|6|-CE-|C_|6|392| |1.000000|35.060001|0.000000|000|13.941911|-1.000000|-1.000000|0.000000|-1|0
1882|51|392|14|-NZ-|N_|7|393| |1.000000|37.330002|0.000000|000|14.409810|-1.000000|-1.000000|0.000000|-1|0
1882|52|393|1|-N--|N_|7|394| |1.000000|22.040001|0.000000|000|12.044265|-1.000000|-1.000000|0.000000|-1|0
1882|52|394|2|-CA-|C_|6|395| |1.000000|23.969999|0.000000|000|12.778802|-1.000000|-1.000000|0.000000|-1|0
1882|52|395|3|-C--|C_|6|396| |1.000000|22.690001|0.000000|000|12.007121|-1.000000|-1.000000|0.000000|-1|0
1882|52|396|4|-O--|O_|8|397| |1.000000|21.379999|0.000000|000|10.857109|-1.000000|-1.000000|0.000000|-1|0
1882|52|397|5|-CB-|C_|6|398| |1.000000|27.240000|0.000000|000|13.314705|-1.000000|-1.000000|0.000000|-1|0
1882|52|398|6|-CG-|C_|6|399| |1.000000|31.370001|0.000000|000|14.464901|-1.000000|-1.000000|0.000000|-1|0
1882|52|399|10|-OD1|O_|8|400| |1.000000|31.770000|0.000000|000|15.209014|-1.000000|-1.000000|0.000000|-1|0
1882|52|400|10|-OD2|O_|8|401| |1.000000|35.630001|0.000000|000|14.742128|-1.000000|-1.000000|0.000000|-1|0
1882|53|401|1|-N--|N_|7|402| |1.000000|20.250000|0.000000|000|12.778607|-1.000000|-1.000000|0.000000|-1|0
1882|53|402|2|-CA-|C_|6|403| |1.000000|20.610001|0.000000|000|12.344603|-1.000000|-1.000000|0.000000|-1|0
1882|53|403|3|-C--|C_|6|404| |1.000000|20.530001|0.000000|000|12.305704|-1.000000|-1.000000|0.000000|-1|0
1882|53|404|4|-O--|O_|8|405| |1.000000|21.410000|0.000000|000|13.171570|-1.000000|-1.000000|0.000000|-1|0
1882|53|405|5|-CB-|C_|6|406| |1.000000|21.520000|0.000000|000|13.462796|-1.000000|-1.000000|0.000000|-1|0
1882|53|406|6|-CG-|C_|6|407| |1.000000|23.879999|0.000000|000|13.747587|-1.000000|-1.000000|0.000000|-1|0
1882|53|407|6|-CD1|C_|6|408| |1.000000|24.629999|0.000000|000|14.992378|-1.000000|-1.000000|0.000000|-1|0
1882|53|408|6|-CD2|C_|6|409| |1.000000|23.320000|0.000000|000|12.630273|-1.000000|-1.000000|0.000000|-1|0
1882|54|409|1|-N--|N_|7|410| |1.000000|18.309999|0.000000|000|11.489195|-1.000000|-1.000000|0.000000|-1|0
1882|54|410|2|-CA-|C_|6|411| |1.000000|18.860001|0.000000|000|11.686089|-1.000000|-1.000000|0.000000|-1|0
1882|54|411|3|-C--|C_|6|412| |1.000000|19.379999|0.000000|000|12.499723|-1.000000|-1.000000|0.000000|-1|0
1882|54|412|4|-O--|O_|8|413| |1.000000|19.420000|0.000000|000|12.157934|-1.000000|-1.000000|0.000000|-1|0
1882|54|413|5|-CB-|C_|6|414| |1.000000|18.459999|0.000000|000|10.418745|-1.000000|-1.000000|0.000000|-1|0
1882|55|414|1|-N--|N_|7|415| |1.000000|19.510000|0.000000|000|13.752428|-1.000000|-1.000000|0.000000|-1|0
1882|55|415|2|-CA-|C_|6|416| |1.000000|21.600000|0.000000|000|14.736297|-1.000000|-1.000000|0.000000|-1|0
1882|55|416|3|-C--|C_|6|417| |1.000000|20.910000|0.000000|000|15.050045|-1.000000|-1.000000|0.000000|-1|0
1882|55|417|4|-O--|O_|8|418| |1.000000|22.110001|0.000000|000|15.425204|-1.000000|-1.000000|0.000000|-1|0
1882|55|418|5|-CB-|C_|6|419| |1.000000|23.030001|0.000000|000|16.117956|-1.000000|-1.000000|0.000000|-1|0
1882|55|419|12|-CG-|C_|6|420| |1.000000|24.600000|0.000000|000|16.262220|-1.000000|-1.000000|0.000000|-1|0
1882|55|420|12|-CD1|C_|6|421| |1.000000|26.170000|0.000000|000|16.782063|-1.000000|-1.000000|0.000000|-1|0
1882|55|421|12|-CD2|C_|6|422| |1.000000|25.750000|0.000000|000|16.027151|-1.000000|-1.000000|0.000000|-1|0
1882|55|422|12|-CE1|C_|6|423| |1.000000|25.850000|0.000000|000|17.081972|-1.000000|-1.000000|0.000000|-1|0
1882|55|423|12|-CE2|C_|6|424| |1.000000|26.600000|0.000000|000|16.330429|-1.000000|-1.000000|0.000000|-1|0
1882|55|424|12|-CZ-|C_|6|425| |1.000000|25.860001|0.000000|000|16.861282|-1.000000|-1.000000|0.000000|-1|0
1882|56|425|1|-N--|N_|7|426| |1.000000|20.650000|0.000000|000|15.118904|-1.000000|-1.000000|0.000000|-1|0
1882|56|426|2|-CA-|C_|6|427| |1.000000|21.030001|0.000000|000|15.688043|-1.000000|-1.000000|0.000000|-1|0
1882|56|427|3|-C--|C_|6|428| |1.000000|19.820000|0.000000|000|14.815314|-1.000000|-1.000000|0.000000|-1|0
1882|56|428|4|-O--|O_|8|429| |1.000000|18.250000|0.000000|000|13.740864|-1.000000|-1.000000|0.000000|-1|0
1882|56|429|5|-CB-|C_|6|430| |1.000000|24.500000|0.000000|000|16.518839|-1.000000|-1.000000|0.000000|-1|0
1882|56|430|17|-OG-|O_|8|431| |1.000000|29.809999|0.000000|000|17.509113|-1.000000|-1.000000|0.000000|-1|0
1882|57|431|1|-N--|N_|7|432| |1.000000|17.240000|0.000000|000|15.376960|-1.000000|-1.000000|0.000000|-1|0
1882|57|432|2|-CA-|C_|6|433| |1.000000|17.600000|0.000000|000|14.847431|-1.000000|-1.000000|0.000000|-1|0
1882|57|433|3|-C--|C_|6|434| |1.000000|17.209999|0.000000|000|14.755261|-1.000000|-1.000000|0.000000|-1|0
1882|57|434|4|-O--|O_|8|435| |1.000000|16.219999|0.000000|000|15.662070|-1.000000|-1.000000|0.000000|-1|0
1882|57|435|5|-CB-|C_|6|436| |1.000000|21.910000|0.000000|000|16.001186|-1.000000|-1.000000|0.000000|-1|0
1882|57|436|6|-CG-|C_|6|437| |1.000000|22.910000|0.000000|000|17.071297|-1.000000|-1.000000|0.000000|-1|0
1882|57|437|6|-CD-|C_|6|438| |1.000000|20.889999|0.000000|000|16.716042|-1.000000|-1.000000|0.000000|-1|0
1882|58|438|1|-N--|N_|7|439| |1.000000|16.520000|0.000000|000|13.731585|-1.000000|-1.000000|0.000000|-1|0
1882|58|439|2|-CA-|C_|6|440| |1.000000|17.559999|0.000000|000|13.732101|-1.000000|-1.000000|0.000000|-1|0
1882|58|440|3|-C--|C_|6|441| |1.000000|17.580000|0.000000|000|13.092234|-1.000000|-1.000000|0.000000|-1|0
1882|58|441|4|-O--|O_|8|442| |1.000000|19.340000|0.000000|000|13.074259|-1.000000|-1.000000|0.000000|-1|0
1882|59|442|1|-N--|N_|7|443| |1.000000|17.360001|0.000000|000|12.858620|-1.000000|-1.000000|0.000000|-1|0
1882|59|443|2|-CA-|C_|6|444| |1.000000|17.490000|0.000000|000|12.485288|-1.000000|-1.000000|0.000000|-1|0
1882|59|444|3|-C--|C_|6|445| |1.000000|19.379999|0.000000|000|11.161770|-1.000000|-1.000000|0.000000|-1|0
1882|59|445|4|-O--|O_|8|446| |1.000000|17.139999|0.000000|000|10.206167|-1.000000|-1.000000|0.000000|-1|0
1882|59|446|5|-CB-|C_|6|447| |1.000000|20.160000|0.000000|000|12.489034|-1.000000|-1.000000|0.000000|-1|0
1882|59|447|6|-CG-|C_|6|448| |1.000000|24.520000|0.000000|000|12.499475|-1.000000|-1.000000|0.000000|-1|0
1882|59|448|6|-CD-|C_|6|449| |1.000000|26.280001|0.000000|000|13.066207|-1.000000|-1.000000|0.000000|-1|0
1882|59|449|10|-OE1|O_|8|450| |1.000000|29.870001|0.000000|000|13.713912|-1.000000|-1.000000|0.000000|-1|0
1882|59|450|10|-OE2|O_|8|451| |1.000000|31.719999|0.000000|000|13.001760|-1.000000|-1.000000|0.000000|-1|0
1882|60|451|1|-N--|N_|7|452| |1.000000|16.450001|0.000000|000|11.240403|-1.000000|-1.000000|0.000000|-1|0
1882|60|452|2|-CA-|C_|6|453| |1.000000|16.860001|0.000000|000|10.104494|-1.000000|-1.000000|0.000000|-1|0
1882|60|453|3|-C--|C_|6|454| |1.000000|21.040001|0.000000|000|9.917897|-1.000000|-1.000000|0.000000|-1|0
1882|60|454|4|-O--|O_|8|455| |1.000000|21.870001|0.000000|000|10.888803|-1.000000|-1.000000|0.000000|-1|0
1882|60|455|5|-CB-|C_|6|456| |1.000000|20.660000|0.000000|000|10.612871|-1.000000|-1.000000|0.000000|-1|0
1882|60|456|17|-OG1|O_|8|457| |1.000000|25.680000|0.000000|000|11.845738|-1.000000|-1.000000|0.000000|-1|0
1882|60|457|6|-CG2|C_|6|458| |1.000000|20.930000|0.000000|000|11.115533|-1.000000|-1.000000|0.000000|-1|0
1882|61|458|1|-N--|N_|7|459| |1.000000|18.549999|0.000000|000|8.819450|-1.000000|-1.000000|0.000000|-1|0
1882|61|459|2|-CA-|C_|6|460| |1.000000|19.309999|0.000000|000|8.928628|-1.000000|-1.000000|0.000000|-1|0
1882|61|460|3|-C--|C_|6|461| |1.000000|18.980000|0.000000|000|8.121925|-1.000000|-1.000000|0.000000|-1|0
1882|61|461|4|-O--|O_|8|462| |1.000000|17.389999|0.000000|000|7.325624|-1.000000|-1.000000|0.000000|-1|0
1882|61|462|5|-CB-|C_|6|463| |1.000000|19.340000|0.000000|000|8.794359|-1.000000|-1.000000|0.000000|-1|0
1882|61|463|12|-CG-|C_|6|464| |1.000000|19.190001|0.000000|000|7.608620|-1.000000|-1.000000|0.000000|-1|0
1882|61|464|12|-CD1|C_|6|465| |1.000000|18.320000|0.000000|000|6.417093|-1.000000|-1.000000|0.000000|-1|0
1882|61|465|12|-CD2|C_|6|466| |1.000000|19.799999|0.000000|000|7.958679|-1.000000|-1.000000|0.000000|-1|0
1882|61|466|12|-CE1|C_|6|467| |1.000000|20.850000|0.000000|000|5.432468|-1.000000|-1.000000|0.000000|-1|0
1882|61|467|12|-CE2|C_|6|468| |1.000000|21.500000|0.000000|000|7.172257|-1.000000|-1.000000|0.000000|-1|0
1882|61|468|12|-CZ-|C_|6|469| |1.000000|19.610001|0.000000|000|5.902532|-1.000000|-1.000000|0.000000|-1|0
1882|62|469|1|-N--|N_|7|470| |1.000000|19.870001|0.000000|000|8.641768|-1.000000|-1.000000|0.000000|-1|0
1882|62|470|2|-CA-|C_|6|471| |1.000000|21.290001|0.000000|000|8.369158|-1.000000|-1.000000|0.000000|-1|0
1882|62|471|3|-C--|C_|6|472| |1.000000|20.129999|0.000000|000|8.535064|-1.000000|-1.000000|0.000000|-1|0
1882|62|472|4|-O--|O_|8|473| |1.000000|19.340000|0.000000|000|9.120698|-1.000000|-1.000000|0.000000|-1|0
1882|62|473|5|-CB-|C_|6|474| |1.000000|25.959999|0.000000|000|9.574248|-1.000000|-1.000000|0.000000|-1|0
1882|62|474|6|-CG-|C_|6|475| |1.000000|33.980000|0.000000|000|10.305378|-1.000000|-1.000000|0.000000|-1|0
1882|62|475|6|-CD-|C_|6|476| |1.000000|37.630001|0.000000|000|11.717657|-1.000000|-1.000000|0.000000|-1|0
1882|62|476|10|-OE1|O_|8|477| |1.000000|40.590000|0.000000|000|12.449809|-1.000000|-1.000000|0.000000|-1|0
1882|62|477|10|-OE2|O_|8|478| |1.000000|41.580002|0.000000|000|12.186195|-1.000000|-1.000000|0.000000|-1|0
1882|63|478|1|-N--|N_|7|479| |1.000000|18.889999|0.000000|000|8.314804|-1.000000|-1.000000|0.000000|-1|0
1882|63|479|2|-CA-|C_|6|480| |1.000000|18.389999|0.000000|000|8.846996|-1.000000|-1.000000|0.000000|-1|0
1882|63|480|3|-C--|C_|6|481| |1.000000|18.080000|0.000000|000|9.472995|-1.000000|-1.000000|0.000000|-1|0
1882|63|481|4|-O--|O_|8|482| |1.000000|18.770000|0.000000|000|8.982402|-1.000000|-1.000000|0.000000|-1|0
1882|63|482|5|-CB-|C_|6|483| |1.000000|19.680000|0.000000|000|7.922688|-1.000000|-1.000000|0.000000|-1|0
1882|64|483|1|-N--|N_|7|484| |1.000000|17.129999|0.000000|000|10.662919|-1.000000|-1.000000|0.000000|-1|0
1882|64|484|2|-CA-|C_|6|485| |1.000000|17.420000|0.000000|000|11.511705|-1.000000|-1.000000|0.000000|-1|0
1882|64|485|3|-C--|C_|6|486| |1.000000|17.590000|0.000000|000|11.676031|-1.000000|-1.000000|0.000000|-1|0
1882|64|486|4|-O--|O_|8|487| |1.000000|16.340000|0.000000|000|12.037530|-1.000000|-1.000000|0.000000|-1|0
1882|64|487|5|-CB-|C_|6|488| |1.000000|18.830000|0.000000|000|12.913541|-1.000000|-1.000000|0.000000|-1|0
1882|64|488|17|-OG1|O_|8|489| |1.000000|22.129999|0.000000|000|12.914712|-1.000000|-1.000000|0.000000|-1|0
1882|64|489|6|-CG2|C_|6|490| |1.000000|19.690001|0.000000|000|13.914974|-1.000000|-1.000000|0.000000|-1|0
1882|65|490|1|-N--|N_|7|491| |1.000000|16.330000|0.000000|000|11.545444|-1.000000|-1.000000|0.000000|-1|0
1882|65|491|2|-CA-|C_|6|492| |1.000000|18.100000|0.000000|000|11.869868|-1.000000|-1.000000|0.000000|-1|0
1882|65|492|3|-C--|C_|6|493| |1.000000|18.920000|0.000000|000|13.329694|-1.000000|-1.000000|0.000000|-1|0
1882|65|493|4|-O--|O_|8|494| |1.000000|20.799999|0.000000|000|13.699345|-1.000000|-1.000000|0.000000|-1|0
1882|65|494|5|-CB-|C_|6|495| |1.000000|17.940001|0.000000|000|11.049505|-1.000000|-1.000000|0.000000|-1|0
1882|65|495|12|-CG-|C_|6|496| |1.000000|17.610001|0.000000|000|9.645776|-1.000000|-1.000000|0.000000|-1|0
1882|65|496|12|-CD1|C_|6|497| |1.000000|18.120001|0.000000|000|8.676963|-1.000000|-1.000000|0.000000|-1|0
1882|65|497|12|-CD2|C_|6|498| |1.000000|17.920000|0.000000|000|9.471371|-1.000000|-1.000000|0.000000|-1|0
1882|65|498|12|-CE1|C_|6|499| |1.000000|18.030001|0.000000|000|7.405408|-1.000000|-1.000000|0.000000|-1|0
1882|65|499|12|-CE2|C_|6|500| |1.000000|19.040001|0.000000|000|8.305995|-1.000000|-1.000000|0.000000|-1|0
1882|65|500|12|-CZ-|C_|6|501| |1.000000|17.650000|0.000000|000|7.171191|-1.000000|-1.000000|0.000000|-1|0
1882|66|501|1|-N--|N_|7|502| |1.000000|20.430000|0.000000|000|14.236779|-1.000000|-1.000000|0.000000|-1|0
1882|66|502|2|-CA-|C_|6|503| |1.000000|21.969999|0.000000|000|15.640321|-1.000000|-1.000000|0.000000|-1|0
1882|66|503|3|-C--|C_|6|504| |1.000000|23.320000|0.000000|000|16.240000|-1.000000|-1.000000|0.000000|-1|0
1882|66|504|4|-O--|O_|8|505| |1.000000|22.309999|0.000000|000|17.331367|-1.000000|-1.000000|0.000000|-1|0
1882|66|505|5|-CB-|C_|6|506| |1.000000|21.879999|0.000000|000|16.504580|-1.000000|-1.000000|0.000000|-1|0
1882|66|506|17|-OG-|O_|8|507| |1.000000|25.129999|0.000000|000|16.362167|-1.000000|-1.000000|0.000000|-1|0
1882|67|507|1|-N--|N_|7|508| |1.000000|23.000000|0.000000|000|15.684972|-1.000000|-1.000000|0.000000|-1|0
1882|67|508|2|-CA-|C_|6|509| |1.000000|25.520000|0.000000|000|16.426529|-1.000000|-1.000000|0.000000|-1|0
1882|67|509|3|-C--|C_|6|510| |1.000000|25.389999|0.000000|000|15.912993|-1.000000|-1.000000|0.000000|-1|0
1882|67|510|4|-O--|O_|8|511| |1.000000|23.049999|0.000000|000|14.793598|-1.000000|-1.000000|0.000000|-1|0
1882|67|511|5|-CB-|C_|6|512| |1.000000|28.950001|0.000000|000|16.634342|-1.000000|-1.000000|0.000000|-1|0
1882|67|512|6|-CG-|C_|6|513| |1.000000|35.090000|0.000000|000|17.038334|-1.000000|-1.000000|0.000000|-1|0
1882|67|513|6|-CD-|C_|6|514| |1.000000|39.560001|0.000000|000|18.233927|-1.000000|-1.000000|0.000000|-1|0
1882|67|514|10|-OE1|O_|8|515| |1.000000|42.250000|0.000000|000|19.356199|-1.000000|-1.000000|0.000000|-1|0
1882|67|515|10|-OE2|O_|8|516| |1.000000|40.500000|0.000000|000|18.114338|-1.000000|-1.000000|0.000000|-1|0
1882|68|516|1|-N--|N_|7|517| |1.000000|25.600000|0.000000|000|16.823122|-1.000000|-1.000000|0.000000|-1|0
1882|68|517|2|-CA-|C_|6|518| |1.000000|25.049999|0.000000|000|16.644072|-1.000000|-1.000000|0.000000|-1|0
1882|68|518|3|-C--|C_|6|519| |1.000000|24.160000|0.000000|000|16.319174|-1.000000|-1.000000|0.000000|-1|0
1882|68|519|4|-O--|O_|8|520| |1.000000|23.040001|0.000000|000|16.760599|-1.000000|-1.000000|0.000000|-1|0
1882|68|520|5|-CB-|C_|6|521| |1.000000|26.990000|0.000000|000|18.063076|-1.000000|-1.000000|0.000000|-1|0
1882|68|521|6|-CG-|C_|6|522| |1.000000|27.700001|0.000000|000|18.642372|-1.000000|-1.000000|0.000000|-1|0
1882|68|522|6|-CD-|C_|6|523| |1.000000|28.170000|0.000000|000|18.207355|-1.000000|-1.000000|0.000000|-1|0
1882|69|523|1|-N--|N_|7|524| |1.000000|21.820000|0.000000|000|15.685958|-1.000000|-1.000000|0.000000|-1|0
1882|69|524|2|-CA-|C_|6|525| |1.000000|22.010000|0.000000|000|15.550582|-1.000000|-1.000000|0.000000|-1|0
1882|69|525|3|-C--|C_|6|526| |1.000000|20.580000|0.000000|000|14.313622|-1.000000|-1.000000|0.000000|-1|0
1882|69|526|4|-O--|O_|8|527| |1.000000|18.860001|0.000000|000|13.633897|-1.000000|-1.000000|0.000000|-1|0
1882|70|527|1|-N--|N_|7|528| |1.000000|20.010000|0.000000|000|14.252937|-1.000000|-1.000000|0.000000|-1|0
1882|70|528|2|-CA-|C_|6|529| |1.000000|20.959999|0.000000|000|13.218406|-1.000000|-1.000000|0.000000|-1|0
1882|70|529|3|-C--|C_|6|530| |1.000000|19.650000|0.000000|000|12.337207|-1.000000|-1.000000|0.000000|-1|0
1882|70|530|4|-O--|O_|8|531| |1.000000|21.700001|0.000000|000|12.985655|-1.000000|-1.000000|0.000000|-1|0
1882|70|531|5|-CB-|C_|6|532| |1.000000|23.600000|0.000000|000|13.945414|-1.000000|-1.000000|0.000000|-1|0
1882|70|532|17|-OG1|O_|8|533| |1.000000|25.250000|0.000000|000|14.713554|-1.000000|-1.000000|0.000000|-1|0
1882|70|533|6|-CG2|C_|6|534| |1.000000|23.510000|0.000000|000|13.045976|-1.000000|-1.000000|0.000000|-1|0
1882|71|534|1|-N--|N_|7|535| |1.000000|15.600000|0.000000|000|11.031336|-1.000000|-1.000000|0.000000|-1|0
1882|71|535|2|-CA-|C_|6|536| |1.000000|17.389999|0.000000|000|10.248074|-1.000000|-1.000000|0.000000|-1|0
1882|71|536|3|-C--|C_|6|537| |1.000000|17.430000|0.000000|000|9.437665|-1.000000|-1.000000|0.000000|-1|0
1882|71|537|4|-O--|O_|8|538| |1.000000|21.030001|0.000000|000|8.857538|-1.000000|-1.000000|0.000000|-1|0
1882|71|538|5|-CB-|C_|6|539| |1.000000|16.910000|0.000000|000|9.450171|-1.000000|-1.000000|0.000000|-1|0
1882|71|539|12|-CG-|C_|6|540| |1.000000|19.389999|0.000000|000|10.495197|-1.000000|-1.000000|0.000000|-1|0
1882|71|540|12|-CD1|C_|6|541| |1.000000|21.059999|0.000000|000|11.114535|-1.000000|-1.000000|0.000000|-1|0
1882|71|541|12|-CD2|C_|6|542| |1.000000|19.059999|0.000000|000|11.079270|-1.000000|-1.000000|0.000000|-1|0
1882|71|542|12|-CE1|C_|6|543| |1.000000|23.969999|0.000000|000|12.203801|-1.000000|-1.000000|0.000000|-1|0
1882|71|543|12|-CE2|C_|6|544| |1.000000|21.590000|0.000000|000|12.154039|-1.000000|-1.000000|0.000000|-1|0
1882|71|544|12|-CZ-|C_|6|545| |1.000000|24.610001|0.000000|000|12.667274|-1.000000|-1.000000|0.000000|-1|0
1882|71|545|18|-OH-|O_|8|546| |1.000000|26.480000|0.000000|000|13.811412|-1.000000|-1.000000|0.000000|-1|0
1882|72|546|1|-N--|N_|7|547| |1.000000|16.320000|0.000000|000|9.696481|-1.000000|-1.000000|0.000000|-1|0
1882|72|547|2|-CA-|C_|6|548| |1.000000|14.400000|0.000000|000|9.233777|-1.000000|-1.000000|0.000000|-1|0
1882|72|548|3|-C--|C_|6|549| |1.000000|15.140000|0.000000|000|8.262409|-1.000000|-1.000000|0.000000|-1|0
1882|72|549|4|-O--|O_|8|550| |1.000000|15.110000|0.000000|000|8.620505|-1.000000|-1.000000|0.000000|-1|0
1882|72|550|5|-CB-|C_|6|551| |1.000000|19.750000|0.000000|000|10.528987|-1.000000|-1.000000|0.000000|-1|0
1882|72|551|17|-OG1|O_|8|552| |1.000000|22.459999|0.000000|000|11.399995|-1.000000|-1.000000|0.000000|-1|0
1882|72|552|6|-CG2|C_|6|553| |1.000000|20.559999|0.000000|000|10.367902|-1.000000|-1.000000|0.000000|-1|0
1882|73|553|1|-N--|N_|7|554| |1.000000|12.630000|0.000000|000|7.283155|-1.000000|-1.000000|0.000000|-1|0
1882|73|554|2|-CA-|C_|6|555| |1.000000|12.970000|0.000000|000|6.534090|-1.000000|-1.000000|0.000000|-1|0
1882|73|555|3|-C--|C_|6|556| |1.000000|12.380000|0.000000|000|6.613362|-1.000000|-1.000000|0.000000|-1|0
1882|73|556|4|-O--|O_|8|557| |1.000000|14.550000|0.000000|000|6.947913|-1.000000|-1.000000|0.000000|-1|0
1882|73|557|5|-CB-|C_|6|558| |1.000000|12.550000|0.000000|000|5.294781|-1.000000|-1.000000|0.000000|-1|0
1882|73|558|12|-CG-|C_|6|559| |1.000000|14.990000|0.000000|000|4.197429|-1.000000|-1.000000|0.000000|-1|0
1882|73|559|12|-CD1|C_|6|560| |1.000000|12.320000|0.000000|000|4.497630|-1.000000|-1.000000|0.000000|-1|0
1882|73|560|12|-CD2|C_|6|561| |1.000000|15.560000|0.000000|000|3.328329|-1.000000|-1.000000|0.000000|-1|0
1882|73|561|12|-CE1|C_|6|562| |1.000000|13.900000|0.000000|000|4.068164|-1.000000|-1.000000|0.000000|-1|0
1882|73|562|12|-CE2|C_|6|563| |1.000000|14.500000|0.000000|000|2.720296|-1.000000|-1.000000|0.000000|-1|0
1882|73|563|12|-CZ-|C_|6|564| |1.000000|15.880000|0.000000|000|3.180428|-1.000000|-1.000000|0.000000|-1|0
1882|73|564|18|-OH-|O_|8|565| |1.000000|16.709999|0.000000|000|3.492512|-1.000000|-1.000000|0.000000|-1|0
1882|74|565|1|-N--|N_|7|566| |1.000000|13.510000|0.000000|000|6.743429|-1.000000|-1.000000|0.000000|-1|0
1882|74|566|2|-CA-|C_|6|567| |1.000000|12.870000|0.000000|000|7.276301|-1.000000|-1.000000|0.000000|-1|0
1882|74|567|3|-C--|C_|6|568| |1.000000|12.680000|0.000000|000|7.108777|-1.000000|-1.000000|0.000000|-1|0
1882|74|568|4|-O--|O_|8|569| |1.000000|14.260000|0.000000|000|6.837693|-1.000000|-1.000000|0.000000|-1|0
1882|74|569|5|-CB-|C_|6|570| |1.000000|14.030000|0.000000|000|8.795963|-1.000000|-1.000000|0.000000|-1|0
1882|74|570|12|-CG-|C_|6|571| |1.000000|14.900000|0.000000|000|9.570842|-1.000000|-1.000000|0.000000|-1|0
1882|74|571|12|-CD1|C_|6|572| |1.000000|17.059999|0.000000|000|10.126585|-1.000000|-1.000000|0.000000|-1|0
1882|74|572|12|-CD2|C_|6|573| |1.000000|17.230000|0.000000|000|10.011336|-1.000000|-1.000000|0.000000|-1|0
1882|74|573|12|-CE1|C_|6|574| |1.000000|20.950001|0.000000|000|11.051579|-1.000000|-1.000000|0.000000|-1|0
1882|74|574|12|-CE2|C_|6|575| |1.000000|22.040001|0.000000|000|10.941399|-1.000000|-1.000000|0.000000|-1|0
1882|74|575|12|-CZ-|C_|6|576| |1.000000|22.520000|0.000000|000|11.404296|-1.000000|-1.000000|0.000000|-1|0
1882|74|576|18|-OH-|O_|8|577| |1.000000|26.379999|0.000000|000|12.449358|-1.000000|-1.000000|0.000000|-1|0
1882|75|577|1|-N--|N_|7|578| |1.000000|12.860000|0.000000|000|7.626276|-1.000000|-1.000000|0.000000|-1|0
1882|75|578|2|-CA-|C_|6|579| |1.000000|13.490000|0.000000|000|8.042613|-1.000000|-1.000000|0.000000|-1|0
1882|75|579|3|-C--|C_|6|580| |1.000000|15.380000|0.000000|000|9.523215|-1.000000|-1.000000|0.000000|-1|0
1882|75|580|4|-O--|O_|8|581| |1.000000|15.660000|0.000000|000|10.277249|-1.000000|-1.000000|0.000000|-1|0
1882|75|581|5|-CB-|C_|6|582| |1.000000|15.420000|0.000000|000|8.116605|-1.000000|-1.000000|0.000000|-1|0
1882|75|582|11|-SG-|S_|16|583| |1.000000|16.059999|0.000000|000|9.290188|-1.000000|-1.000000|0.000000|-1|0
1882|76|583|1|-N--|N_|7|584| |1.000000|17.170000|0.000000|000|10.082340|-1.000000|-1.000000|0.000000|-1|0
1882|76|584|2|-CA-|C_|6|585| |1.000000|20.170000|0.000000|000|11.536220|-1.000000|-1.000000|0.000000|-1|0
1882|76|585|3|-C--|C_|6|586| |1.000000|20.610001|0.000000|000|12.434839|-1.000000|-1.000000|0.000000|-1|0
1882|76|586|4|-O--|O_|8|587| |1.000000|22.270000|0.000000|000|13.271237|-1.000000|-1.000000|0.000000|-1|0
1882|76|587|5|-CB-|C_|6|588| |1.000000|20.870001|0.000000|000|12.130456|-1.000000|-1.000000|0.000000|-1|0
1882|76|588|6|-CG-|C_|6|589| |1.000000|22.680000|0.000000|000|11.775905|-1.000000|-1.000000|0.000000|-1|0
1882|76|589|6|-CD-|C_|6|590| |1.000000|24.049999|0.000000|000|12.663559|-1.000000|-1.000000|0.000000|-1|0
1882|76|590|10|-OE1|O_|8|591| |1.000000|25.030001|0.000000|000|12.806216|-1.000000|-1.000000|0.000000|-1|0
1882|76|591|10|-OE2|O_|8|592| |1.000000|27.219999|0.000000|000|13.327817|-1.000000|-1.000000|0.000000|-1|0
1882|77|592|1|-N--|N_|7|593| |1.000000|20.250000|0.000000|000|12.442703|-1.000000|-1.000000|0.000000|-1|0
1882|77|593|2|-CA-|C_|6|594| |1.000000|23.690001|0.000000|000|13.458294|-1.000000|-1.000000|0.000000|-1|0
1882|77|594|3|-C--|C_|6|595| |1.000000|26.850000|0.000000|000|13.550363|-1.000000|-1.000000|0.000000|-1|0
1882|77|595|4|-O--|O_|8|596| |1.000000|26.240000|0.000000|000|14.705889|-1.000000|-1.000000|0.000000|-1|0
1882|77|596|5|-CB-|C_|6|597| |1.000000|25.330000|0.000000|000|13.327325|-1.000000|-1.000000|0.000000|-1|0
1882|77|597|6|-CG-|C_|6|598| |1.000000|23.490000|0.000000|000|12.276679|-1.000000|-1.000000|0.000000|-1|0
1882|77|598|6|-CD-|C_|6|599| |1.000000|21.959999|0.000000|000|11.702766|-1.000000|-1.000000|0.000000|-1|0
1882|78|599|1|-N--|N_|7|600| |1.000000|22.690001|0.000000|000|12.475301|-1.000000|-1.000000|0.000000|-1|0
1882|78|600|2|-CA-|C_|6|601| |1.000000|20.879999|0.000000|000|12.706662|-1.000000|-1.000000|0.000000|-1|0
1882|78|601|3|-C--|C_|6|602| |1.000000|22.459999|0.000000|000|12.490232|-1.000000|-1.000000|0.000000|-1|0
1882|78|602|4|-O--|O_|8|603| |1.000000|20.900000|0.000000|000|12.571923|-1.000000|-1.000000|0.000000|-1|0
1882|78|603|5|-CB-|C_|6|604| |1.000000|21.150000|0.000000|000|11.952858|-1.000000|-1.000000|0.000000|-1|0
1882|78|604|12|-CG-|C_|6|605| |1.000000|21.040001|0.000000|000|12.561402|-1.000000|-1.000000|0.000000|-1|0
1882|78|605|13|-ND1|N_|7|606| |1.000000|22.070000|0.000000|000|11.932101|-1.000000|-1.000000|0.000000|-1|0
1882|78|606|12|-CD2|C_|6|607| |1.000000|20.799999|0.000000|000|13.894774|-1.000000|-1.000000|0.000000|-1|0
1882|78|607|12|-CE1|C_|6|608| |1.000000|21.059999|0.000000|000|12.927827|-1.000000|-1.000000|0.000000|-1|0
1882|78|608|13|-NE2|N_|7|609| |1.000000|21.709999|0.000000|000|14.071603|-1.000000|-1.000000|0.000000|-1|0
1882|79|609|1|-N--|N_|7|610| |1.000000|23.129999|0.000000|000|12.450812|-1.000000|-1.000000|0.000000|-1|0
1882|79|610|2|-CA-|C_|6|611| |1.000000|26.549999|0.000000|000|12.466439|-1.000000|-1.000000|0.000000|-1|0
1882|79|611|3|-C--|C_|6|612| |1.000000|24.900000|0.000000|000|13.731380|-1.000000|-1.000000|0.000000|-1|0
1882|79|612|4|-O--|O_|8|613| |1.000000|25.139999|0.000000|000|13.810219|-1.000000|-1.000000|0.000000|-1|0
1882|79|613|5|-CB-|C_|6|614| |1.000000|29.920000|0.000000|000|12.603394|-1.000000|-1.000000|0.000000|-1|0
1882|79|614|6|-CG-|C_|6|615| |1.000000|35.160000|0.000000|000|13.050747|-1.000000|-1.000000|0.000000|-1|0
1882|79|615|6|-CD-|C_|6|616| |1.000000|40.459999|0.000000|000|12.624878|-1.000000|-1.000000|0.000000|-1|0
1882|79|616|7|-NE-|N_|7|617| |1.000000|43.049999|0.000000|000|13.427950|-1.000000|-1.000000|0.000000|-1|0
1882|79|617|6|-CZ-|C_|6|618| |1.000000|44.369999|0.000000|000|13.938732|-1.000000|-1.000000|0.000000|-1|0
1882|79|618|7|-NH1|N_|7|619| |1.000000|45.720001|0.000000|000|13.775867|-1.000000|-1.000000|0.000000|-1|0
1882|79|619|7|-NH2|N_|7|620| |1.000000|43.820000|0.000000|000|14.784163|-1.000000|-1.000000|0.000000|-1|0
1882|80|620|1|-N--|N_|7|621| |1.000000|26.059999|0.000000|000|14.797685|-1.000000|-1.000000|0.000000|-1|0
1882|80|621|2|-CA-|C_|6|622| |1.000000|27.350000|0.000000|000|16.089603|-1.000000|-1.000000|0.000000|-1|0
1882|80|622|3|-C--|C_|6|623| |1.000000|28.100000|0.000000|000|16.165888|-1.000000|-1.000000|0.000000|-1|0
1882|80|623|4|-O--|O_|8|624| |1.000000|29.219999|0.000000|000|17.087595|-1.000000|-1.000000|0.000000|-1|0
1882|81|624|1|-N--|N_|7|625| |1.000000|23.900000|0.000000|000|15.347464|-1.000000|-1.000000|0.000000|-1|0
1882|81|625|2|-CA-|C_|6|626| |1.000000|22.920000|0.000000|000|15.491916|-1.000000|-1.000000|0.000000|-1|0
1882|81|626|3|-C--|C_|6|627| |1.000000|20.370001|0.000000|000|14.660830|-1.000000|-1.000000|0.000000|-1|0
1882|81|627|4|-O--|O_|8|628| |1.000000|20.250000|0.000000|000|14.800736|-1.000000|-1.000000|0.000000|-1|0
1882|81|628|5|-CB-|C_|6|629| |1.000000|25.139999|0.000000|000|15.328776|-1.000000|-1.000000|0.000000|-1|0
1882|82|629|1|-N--|N_|7|630| |1.000000|17.309999|0.000000|000|13.988283|-1.000000|-1.000000|0.000000|-1|0
1882|82|630|2|-CA-|C_|6|631| |1.000000|18.440001|0.000000|000|13.406845|-1.000000|-1.000000|0.000000|-1|0
1882|82|631|3|-C--|C_|6|632| |1.000000|17.400000|0.000000|000|11.948852|-1.000000|-1.000000|0.000000|-1|0
1882|82|632|4|-O--|O_|8|633| |1.000000|18.430000|0.000000|000|11.543611|-1.000000|-1.000000|0.000000|-1|0
1882|83|633|1|-N--|N_|7|634| |1.000000|15.650000|0.000000|000|11.290811|-1.000000|-1.000000|0.000000|-1|0
1882|83|634|2|-CA-|C_|6|635| |1.000000|13.800000|0.000000|000|9.878819|-1.000000|-1.000000|0.000000|-1|0
1882|83|635|3|-C--|C_|6|636| |1.000000|14.410000|0.000000|000|8.970447|-1.000000|-1.000000|0.000000|-1|0
1882|83|636|4|-O--|O_|8|637| |1.000000|14.140000|0.000000|000|8.527001|-1.000000|-1.000000|0.000000|-1|0
1882|83|637|5|-CB-|C_|6|638| |1.000000|14.600000|0.000000|000|9.738683|-1.000000|-1.000000|0.000000|-1|0
1882|83|638|6|-CG-|C_|6|639| |1.000000|15.650000|0.000000|000|8.494254|-1.000000|-1.000000|0.000000|-1|0
1882|83|639|16|-SD-|S_|16|640| |1.000000|16.120001|0.000000|000|9.012523|-1.000000|-1.000000|0.000000|-1|0
1882|83|640|6|-CE-|C_|6|641| |1.000000|14.960000|0.000000|000|7.618948|-1.000000|-1.000000|0.000000|-1|0
1882|84|641|1|-N--|N_|7|642| |1.000000|14.130000|0.000000|000|8.947525|-1.000000|-1.000000|0.000000|-1|0
1882|84|642|2|-CA-|C_|6|643| |1.000000|15.310000|0.000000|000|8.512218|-1.000000|-1.000000|0.000000|-1|0
1882|84|643|3|-C--|C_|6|644| |1.000000|15.970000|0.000000|000|7.923850|-1.000000|-1.000000|0.000000|-1|0
1882|84|644|4|-O--|O_|8|645| |1.000000|15.140000|0.000000|000|8.501232|-1.000000|-1.000000|0.000000|-1|0
1882|84|645|5|-CB-|C_|6|646| |1.000000|17.049999|0.000000|000|9.860820|-1.000000|-1.000000|0.000000|-1|0
1882|84|646|6|-CG1|C_|6|647| |1.000000|20.570000|0.000000|000|9.858663|-1.000000|-1.000000|0.000000|-1|0
1882|84|647|6|-CG2|C_|6|648| |1.000000|19.240000|0.000000|000|10.671073|-1.000000|-1.000000|0.000000|-1|0
1882|85|648|1|-N--|N_|7|649| |1.000000|14.700000|0.000000|000|7.075343|-1.000000|-1.000000|0.000000|-1|0
1882|85|649|2|-CA-|C_|6|650| |1.000000|14.820000|0.000000|000|6.851152|-1.000000|-1.000000|0.000000|-1|0
1882|85|650|3|-C--|C_|6|651| |1.000000|15.980000|0.000000|000|7.254764|-1.000000|-1.000000|0.000000|-1|0
1882|85|651|4|-O--|O_|8|652| |1.000000|13.940000|0.000000|000|7.554907|-1.000000|-1.000000|0.000000|-1|0
1882|86|652|1|-N--|N_|7|653| |1.000000|13.230000|0.000000|000|7.563410|-1.000000|-1.000000|0.000000|-1|0
1882|86|653|2|-CA-|C_|6|654| |1.000000|15.640000|0.000000|000|8.288027|-1.000000|-1.000000|0.000000|-1|0
1882|86|654|3|-C--|C_|6|655| |1.000000|15.780000|0.000000|000|8.003407|-1.000000|-1.000000|0.000000|-1|0
1882|86|655|4|-O--|O_|8|656| |1.000000|14.820000|0.000000|000|7.865110|-1.000000|-1.000000|0.000000|-1|0
1882|86|656|5|-CB-|C_|6|657| |1.000000|21.160000|0.000000|000|9.762639|-1.000000|-1.000000|0.000000|-1|0
1882|86|657|6|-CG-|C_|6|658| |1.000000|28.240000|0.000000|000|10.796712|-1.000000|-1.000000|0.000000|-1|0
1882|86|658|6|-CD-|C_|6|659| |1.000000|31.260000|0.000000|000|12.079840|-1.000000|-1.000000|0.000000|-1|0
1882|86|659|6|-CE-|C_|6|660| |1.000000|34.730000|0.000000|000|12.911645|-1.000000|-1.000000|0.000000|-1|0
1882|86|660|14|-NZ-|N_|7|661| |1.000000|36.720001|0.000000|000|14.356218|-1.000000|-1.000000|0.000000|-1|0
1882|87|661|1|-N--|N_|7|662| |1.000000|14.790000|0.000000|000|8.183972|-1.000000|-1.000000|0.000000|-1|0
1882|87|662|2|-CA-|C_|6|663| |1.000000|14.980000|0.000000|000|8.387487|-1.000000|-1.000000|0.000000|-1|0
1882|87|663|3|-C--|C_|6|664| |1.000000|16.730000|0.000000|000|9.842262|-1.000000|-1.000000|0.000000|-1|0
1882|87|664|4|-O--|O_|8|665| |1.000000|17.719999|0.000000|000|10.227450|-1.000000|-1.000000|0.000000|-1|0
1882|87|665|5|-CB-|C_|6|666| |1.000000|18.719999|0.000000|000|7.561800|-1.000000|-1.000000|0.000000|-1|0
1882|87|666|6|-CG1|C_|6|667| |1.000000|19.930000|0.000000|000|6.150938|-1.000000|-1.000000|0.000000|-1|0
1882|87|667|6|-CG2|C_|6|668| |1.000000|20.389999|0.000000|000|8.410756|-1.000000|-1.000000|0.000000|-1|0
1882|87|668|6|-CD1|C_|6|669| |1.000000|20.260000|0.000000|000|5.323656|-1.000000|-1.000000|0.000000|-1|0
1882|88|669|1|-N--|N_|7|670| |1.000000|16.110001|0.000000|000|10.741260|-1.000000|-1.000000|0.000000|-1|0
1882|88|670|2|-CA-|C_|6|671| |1.000000|16.690001|0.000000|000|12.126724|-1.000000|-1.000000|0.000000|-1|0
1882|88|671|3|-C--|C_|6|672| |1.000000|15.890000|0.000000|000|12.494180|-1.000000|-1.000000|0.000000|-1|0
1882|88|672|4|-O--|O_|8|673| |1.000000|17.860001|0.000000|000|12.401789|-1.000000|-1.000000|0.000000|-1|0
1882|88|673|5|-CB-|C_|6|674| |1.000000|20.370001|0.000000|000|13.128258|-1.000000|-1.000000|0.000000|-1|0
1882|88|674|6|-CG1|C_|6|675| |1.000000|19.879999|0.000000|000|14.537714|-1.000000|-1.000000|0.000000|-1|0
1882|88|675|6|-CG2|C_|6|676| |1.000000|20.780001|0.000000|000|12.952765|-1.000000|-1.000000|0.000000|-1|0
1882|89|676|1|-N--|N_|7|677| |1.000000|17.889999|0.000000|000|13.051618|-1.000000|-1.000000|0.000000|-1|0
1882|89|677|2|-CA-|C_|6|678| |1.000000|19.110001|0.000000|000|13.584723|-1.000000|-1.000000|0.000000|-1|0
1882|89|678|3|-C--|C_|6|679| |1.000000|21.360001|0.000000|000|15.106394|-1.000000|-1.000000|0.000000|-1|0
1882|89|679|4|-O--|O_|8|680| |1.000000|19.680000|0.000000|000|15.734462|-1.000000|-1.000000|0.000000|-1|0
1882|89|680|5|-CB-|C_|6|681| |1.000000|23.530001|0.000000|000|13.089691|-1.000000|-1.000000|0.000000|-1|0
1882|89|681|6|-CG1|C_|6|682| |1.000000|20.160000|0.000000|000|11.930140|-1.000000|-1.000000|0.000000|-1|0
1882|89|682|6|-CG2|C_|6|683| |1.000000|20.840000|0.000000|000|14.171199|-1.000000|-1.000000|0.000000|-1|0
1882|90|683|1|-N--|N_|7|684| |1.000000|25.719999|0.000000|000|15.665256|-1.000000|-1.000000|0.000000|-1|0
1882|90|684|2|-CA-|C_|6|685| |1.000000|30.200001|0.000000|000|17.102802|-1.000000|-1.000000|0.000000|-1|0
1882|90|685|3|-C--|C_|6|686| |1.000000|31.910000|0.000000|000|17.902023|-1.000000|-1.000000|0.000000|-1|0
1882|90|686|4|-O--|O_|8|687| |1.000000|31.700001|0.000000|000|17.516645|-1.000000|-1.000000|0.000000|-1|0
1882|90|687|5|-CB-|C_|6|688| |1.000000|29.860001|0.000000|000|17.403168|-1.000000|-1.000000|0.000000|-1|0
1882|90|688|6|-CG-|C_|6|689| |1.000000|31.629999|0.000000|000|16.798967|-1.000000|-1.000000|0.000000|-1|0
1882|90|689|6|-CD-|C_|6|690| |1.000000|32.840000|0.000000|000|16.877333|-1.000000|-1.000000|0.000000|-1|0
1882|90|690|8|-OE1|O_|8|691| |1.000000|33.270000|0.000000|000|16.275421|-1.000000|-1.000000|0.000000|-1|0
1882|90|691|9|-NE2|N_|7|692| |1.000000|28.750000|0.000000|000|17.752377|-1.000000|-1.000000|0.000000|-1|0
1882|90|692|8|-OXT|O_|8|693| |1.000000|36.049999|0.000000|000|19.091791|-1.000000|-1.000000|0.000000|-1|0
1882|91|693|40|CU--|Cu|29|695| |1.000000|26.040001|0.000000|000|9.590380|-1.000000|-1.000000|0.000000|-1|2
1882|92|694|28|-O--|O_|8|696| |1.000000|19.680000|0.000000|000|5.825584|-1.000000|-1.000000|0.000000|-1|1
1882|93|695|28|-O--|O_|8|697| |1.000000|23.170000|0.000000|000|6.033325|-1.000000|-1.000000|0.000000|-1|1
1882|94|696|28|-O--|O_|8|698| |1.000000|27.270000|0.000000|000|11.996812|-1.000000|-1.000000|0.000000|-1|1
1882|95|697|28|-O--|O_|8|699| |1.000000|30.290001|0.000000|000|13.383809|-1.000000|-1.000000|0.000000|-1|1
1882|96|698|28|-O--|O_|8|700| |1.000000|31.559999|0.000000|000|12.301134|-1.000000|-1.000000|0.000000|-1|1
1882|97|699|28|-O--|O_|8|701| |1.000000|38.880001|0.000000|000|17.245434|-1.000000|-1.000000|0.000000|-1|1
1882|98|700|28|-O--|O_|8|702| |1.000000|40.509998|0.000000|000|16.020006|-1.000000|-1.000000|0.000000|-1|1
1882|99|701|28|-O--|O_|8|703| |1.000000|43.990002|0.000000|000|12.139735|-1.000000|-1.000000|0.000000|-1|1
1882|100|702|28|-O--|O_|8|704| |1.000000|36.820000|0.000000|000|11.003576|-1.000000|-1.000000|0.000000|-1|1
1882|101|703|28|-O--|O_|8|705| |1.000000|29.850000|0.000000|000|15.443649|-1.000000|-1.000000|0.000000|-1|1
1882|102|704|28|-O--|O_|8|706| |1.000000|36.799999|0.000000|000|13.752833|-1.000000|-1.000000|0.000000|-1|1
1882|103|705|28|-O--|O_|8|707| |1.000000|57.369999|0.000000|000|16.171923|-1.000000|-1.000000|0.000000|-1|1
1882|104|706|28|-O--|O_|8|708| |1.000000|16.740000|0.000000|000|8.919057|-1.000000|-1.000000|0.000000|-1|1
1882|105|707|28|-O--|O_|8|709| |1.000000|23.450001|0.000000|000|17.215704|-1.000000|-1.000000|0.000000|-1|1
1882|106|708|28|-O--|O_|8|710| |1.000000|45.250000|0.000000|000|12.689711|-1.000000|-1.000000|0.000000|-1|1
1882|107|709|28|-O--|O_|8|711| |1.000000|30.940001|0.000000|000|11.050253|-1.000000|-1.000000|0.000000|-1|1
1882|108|710|28|-O--|O_|8|712| |1.000000|45.950001|0.000000|000|19.801792|-1.000000|-1.000000|0.000000|-1|1
1882|109|711|28|-O--|O_|8|713| |1.000000|34.830002|0.000000|000|17.377684|-1.000000|-1.000000|0.000000|-1|1
1882|110|712|28|-O--|O_|8|714| |1.000000|38.590000|0.000000|000|15.099044|-1.000000|-1.000000|0.000000|-1|1
1882|111|713|28|-O--|O_|8|715| |1.000000|40.259998|0.000000|000|17.290316|-1.000000|-1.000000|0.000000|-1|1
1882|112|714|28|-O--|O_|8|716| |1.000000|23.280001|0.000000|000|11.098235|-1.000000|-1.000000|0.000000|-1|1
1882|113|715|28|-O--|O_|8|717| |1.000000|36.439999|0.000000|000|13.480672|-1.000000|-1.000000|0.000000|-1|1
1882|114|716|28|-O--|O_|8|718| |1.000000|30.709999|0.000000|000|12.203579|-1.000000|-1.000000|0.000000|-1|1
1882|115|717|28|-O--|O_|8|719| |1.000000|31.190001|0.000000|000|12.207273|-1.000000|-1.000000|0.000000|-1|1
1882|116|718|28|-O--|O_|8|720| |1.000000|39.500000|0.000000|000|8.400051|-1.000000|-1.000000|0.000000|-1|1
1882|117|719|28|-O--|O_|8|721| |1.000000|33.490002|0.000000|000|14.341872|-1.000000|-1.000000|0.000000|-1|1
1882|118|720|28|-O--|O_|8|722| |1.000000|34.880001|0.000000|000|15.535715|-1.000000|-1.000000|0.000000|-1|1
1882|119|721|28|-O--|O_|8|723| |1.000000|44.240002|0.000000|000|19.036741|-1.000000|-1.000000|0.000000|-1|1
1882|120|722|28|-O--|O_|8|724| |1.000000|41.220001|0.000000|000|17.467628|-1.000000|-1.000000|0.000000|-1|1
1882|121|723|28|-O--|O_|8|725| |1.000000|52.400002|0.000000|000|14.656377|-1.000000|-1.000000|0.000000|-1|1
1882|122|724|28|-O--|O_|8|726| |1.000000|38.590000|0.000000|000|10.143130|-1.000000|-1.000000|0.000000|-1|1
1882|123|725|28|-O--|O_|8|727| |1.000000|40.660000|0.000000|000|20.245829|-1.000000|-1.000000|0.000000|-1|1
1882|124|726|28|-O--|O_|8|728| |1.000000|35.439999|0.000000|000|13.674831|-1.000000|-1.000000|0.000000|-1|1
1882|125|727|28|-O--|O_|8|729| |1.000000|46.900002|0.000000|000|12.124575|-1.000000|-1.000000|0.000000|-1|1
1882|126|728|28|-O--|O_|8|730| |1.000000|56.299999|0.000000|000|15.859879|-1.000000|-1.000000|0.000000|-1|1
1882|127|729|28|-O--|O_|8|731| |1.000000|48.669998|0.000000|000|13.140400|-1.000000|-1.000000|0.000000|-1|1
1882|128|730|28|-O--|O_|8|732| |1.000000|38.160000|0.000000|000|13.624916|-1.000000|-1.000000|0.000000|-1|1
1882|129|731|28|-O--|O_|8|733| |1.000000|60.160000|0.000000|000|18.477657|-1.000000|-1.000000|0.000000|-1|1
1882|130|732|28|-O--|O_|8|734| |1.000000|62.560001|0.000000|000|18.486315|-1.000000|-1.000000|0.000000|-1|1
1882|131|733|28|-O--|O_|8|735| |1.000000|49.990002|0.000000|000|11.193625|-1.000000|-1.000000|0.000000|-1|1
1882|132|734|28|-O--|O_|8|736| |1.000000|51.939999|0.000000|000|12.969278|-1.000000|-1.000000|0.000000|-1|1
1882|133|735|28|-O--|O_|8|737| |1.000000|40.660000|0.000000|000|13.210788|-1.000000|-1.000000|0.000000|-1|1
1882|134|736|28|-O--|O_|8|738| |1.000000|49.400002|0.000000|000|13.126990|-1.000000|-1.000000|0.000000|-1|1
1882|135|737|28|-O--|O_|8|739| |1.000000|35.689999|0.000000|000|15.614991|-1.000000|-1.000000|0.000000|-1|1
1882|136|738|28|-O--|O_|8|740| |1.000000|43.279999|0.000000|000|15.288758|-1.000000|-1.000000|0.000000|-1|1
1882|137|739|28|-O--|O_|8|741| |1.000000|32.450001|0.000000|000|11.174908|-1.000000|-1.000000|0.000000|-1|1
1882|138|740|28|-O--|O_|8|742| |1.000000|41.450001|0.000000|000|14.156334|-1.000000|-1.000000|0.000000|-1|1
1882|139|741|28|-O--|O_|8|743| |1.000000|42.290001|0.000000|000|16.763016|-1.000000|-1.000000|0.000000|-1|1
1882|140|742|28|-O--|O_|8|744| |1.000000|41.790001|0.000000|000|16.610573|-1.000000|-1.000000|0.000000|-1|1
1882|141|743|28|-O--|O_|8|745| |1.000000|39.560001|0.000000|000|14.875731|-1.000000|-1.000000|0.000000|-1|1
1882|142|744|28|-O--|O_|8|746| |1.000000|52.209999|0.000000|000|16.465717|-1.000000|-1.000000|0.000000|-1|1
1882|143|745|28|-O--|O_|8|747| |1.000000|52.950001|0.000000|000|20.078411|-1.000000|-1.000000|0.000000|-1|1
1882|144|746|28|-O--|O_|8|748| |1.000000|42.950001|0.000000|000|17.609802|-1.000000|-1.000000|0.000000|-1|1
1882|145|747|28|-O--|O_|8|749| |1.000000|72.389999|0.000000|000|12.947809|-1.000000|-1.000000|0.000000|-1|1
1882|146|748|28|-O--|O_|8|750| |1.000000|46.650002|0.000000|000|17.979797|-1.000000|-1.000000|0.000000|-1|1
1882|147|749|28|-O--|O_|8|751| |1.000000|54.419998|0.000000|000|19.085575|-1.000000|-1.000000|0.000000|-1|1
1882|148|750|28|-O--|O_|8|752| |1.000000|43.790001|0.000000|000|19.610182|-1.000000|-1.000000|0.000000|-1|1
1882|149|751|28|-O--|O_|8|753| |1.000000|61.410000|0.000000|000|20.392698|-1.000000|-1.000000|0.000000|-1|1
1882|150|752|28|-O--|O_|8|754| |1.000000|48.759998|0.000000|000|15.805873|-1.000000|-1.000000|0.000000|-1|1
1882|151|753|28|-O--|O_|8|755| |1.000000|44.930000|0.000000|000|13.015869|-1.000000|-1.000000|0.000000|-1|1
1882|152|754|28|-O--|O_|8|756| |1.000000|33.650002|0.000000|000|12.343354|-1.000000|-1.000000|0.000000|-1|1
1882|153|755|28|-O--|O_|8|757| |1.000000|47.020000|0.000000|000|12.241977|-1.000000|-1.000000|0.000000|-1|1
1882|154|756|28|-O--|O_|8|758| |1.000000|30.750000|0.000000|000|14.234126|-1.000000|-1.000000|0.000000|-1|1
1882|155|757|28|-O--|O_|8|759| |1.000000|53.169998|0.000000|000|18.603136|-1.000000|-1.000000|0.000000|-1|1
1882|156|758|28|-O--|O_|8|760| |1.000000|39.119999|0.000000|000|16.050564|-1.000000|-1.000000|0.000000|-1|1
1882|157|759|28|-O--|O_|8|761| |1.000000|55.250000|0.000000|000|16.727531|-1.000000|-1.000000|0.000000|-1|1
1882|158|760|28|-O--|O_|8|762| |1.000000|58.360001|0.000000|000|18.825117|-1.000000|-1.000000|0.000000|-1|1
1882|159|761|28|-O--|O_|8|763| |1.000000|50.540001|0.000000|000|13.684454|-1.000000|-1.000000|0.000000|-1|1
1882|160|762|28|-O--|O_|8|764| |1.000000|50.020000|0.000000|000|16.095867|-1.000000|-1.000000|0.000000|-1|1
1882|161|763|28|-O--|O_|8|765| |1.000000|76.050003|0.000000|000|14.346080|-1.000000|-1.000000|0.000000|-1|1
1882|162|764|28|-O--|O_|8|766| |1.000000|77.610001|0.000000|000|16.537287|-1.000000|-1.000000|0.000000|-1|1
1882|163|765|28|-O--|O_|8|767| |1.000000|72.959999|0.000000|000|18.958426|-1.000000|-1.000000|0.000000|-1|1
1882|164|766|28|-O--|O_|8|768| |1.000000|56.880001|0.000000|000|18.903849|-1.000000|-1.000000|0.000000|-1|1
1882|165|767|28|-O--|O_|8|769| |1.000000|57.939999|0.000000|000|18.829317|-1.000000|-1.000000|0.000000|-1|1
1882|166|768|28|-O--|O_|8|770| |1.000000|49.880001|0.000000|000|14.517105|-1.000000|-1.000000|0.000000|-1|1
1882|167|769|28|-O--|O_|8|771| |1.000000|51.889999|0.000000|000|13.875985|-1.000000|-1.000000|0.000000|-1|1
1882|168|770|28|-O--|O_|8|772| |1.000000|52.320000|0.000000|000|16.883715|-1.000000|-1.000000|0.000000|-1|1
1882|169|771|28|-O--|O_|8|773| |1.000000|41.650002|0.000000|000|17.525215|-1.000000|-1.000000|0.000000|-1|1
1882|170|772|28|-O--|O_|8|774| |1.000000|75.260002|0.000000|000|17.008921|-1.000000|-1.000000|0.000000|-1|1
1882|171|773|28|-O--|O_|8|775| |1.000000|76.800003|0.000000|000|10.798203|-1.000000|-1.000000|0.000000|-1|1
1882|172|774|28|-O--|O_|8|776| |1.000000|54.360001|0.000000|000|15.818727|-1.000000|-1.000000|0.000000|-1|1
1882|173|775|28|-O--|O_|8|777| |1.000000|65.639999|0.000000|000|17.112350|-1.000000|-1.000000|0.000000|-1|1
1882|174|776|28|-O--|O_|8|778| |1.000000|61.459999|0.000000|000|12.443322|-1.000000|-1.000000|0.000000|-1|1
