1882|0|-1|16|0|110|GLN|2743|3|712|-O--|428|8|2|0011|3.986609|-0.375005|0.745244|-0.551346|14.939407|0.002713|0.004260
1882|1|-1|36|0|146|GLN|2743|7|748|-OE1|828|8|2|0011|3.108236|0.510901|-0.825549|-0.239685|0.444149|0.029136|0.045756
1882|2|-1|37|0|121|GLN|2743|7|723|-OE1|828|8|2|0011|2.795133|0.717318|0.669735|-0.192119|5.908772|0.067912|0.106651
1882|3|-1|38|0|124|GLN|2743|7|726|-OE1|828|8|2|0011|3.898517|0.852632|0.298832|0.428624|15.479645|0.003442|0.005406
1882|4|-1|107|3|122|ALA|343|26|724|-O--|428|8|2|0011|2.939398|0.071443|-0.592298|0.802545|40.119732|0.045984|0.072215
1882|5|-1|108|3|100|ALA|343|26|702|-O--|428|8|2|0011|2.900521|0.366486|-0.864328|-0.344421|34.834988|0.051079|0.080216
1882|6|-1|341|10|101|ASN|2343|76|703|-OD1|828|8|2|0011|3.769441|-0.269271|-0.610701|-0.744673|3.786184|0.004879|0.007662
1882|7|-1|361|11|155|GLY|143|81|757|-O--|428|8|2|0011|3.974486|-0.796833|-0.396781|0.455656|52.553589|0.002803|0.004402
1882|8|-1|404|13|154|LEU|743|93|756|-O--|428|8|2|0011|2.770052|0.861716|-0.048735|0.505045|18.885828|0.072675|0.114131
1882|9|-1|455|15|104|PHE|3543|106|706|-O--|428|8|2|0011|3.779330|0.562269|0.782943|0.266185|3.008245|0.004750|0.007460
1882|10|-1|498|16|122|GLU|2543|117|724|-O--|428|8|2|0011|3.243563|-0.652061|-0.578376|-0.490202|53.165276|0.020211|0.031740
1882|11|-1|505|16|101|GLU|2543|121|703|-OE1|1028|8|2|0011|3.447770|0.574284|-0.445505|0.686821|2.503757|0.011639|0.018278
1882|12|-1|506|16|101|GLU|2543|122|703|-OE2|1028|8|2|0011|2.575762|-0.006988|-0.268659|0.963210|0.160862|0.122867|0.192954
1882|13|-1|517|17|92|PRO|1943|126|694|-O--|428|8|2|0011|2.810492|0.089664|0.762144|-0.641169|5.833992|0.065150|0.102314
1882|14|-1|541|18|92|SER|1143|133|694|-O--|428|8|2|0011|3.328724|-0.910859|0.034547|-0.411269|4.198078|0.016056|0.025214
1882|15|-1|547|18|107|SER|1143|133|709|-O--|428|8|2|0011|3.298927|0.960009|0.121554|0.252203|28.078722|0.017402|0.027329
1882|16|-1|555|18|96|SER|1143|135|698|-OG-|1728|8|3|0011|3.851967|-0.118121|-0.710286|-0.693931|21.961416|0.003904|0.006130
1882|17|-1|557|18|107|SER|1143|135|709|-OG-|1728|8|3|0011|3.848691|0.502768|0.763636|-0.405073|20.499205|0.003938|0.006185
1882|18|-1|558|18|106|SER|1143|135|708|-OG-|1728|8|3|0011|2.674301|0.771791|-0.161164|-0.615114|64.774849|0.094140|0.147840
1882|19|-1|577|19|96|THR|1343|139|698|-O--|428|8|2|0011|2.954256|0.473215|-0.448506|0.758228|26.653532|0.044174|0.069373
1882|20|-1|581|19|107|THR|1343|141|709|-OG1|1728|8|3|0011|2.977230|0.110170|0.610971|0.783950|14.710151|0.041515|0.065196
1882|21|-1|583|19|106|THR|1343|141|708|-OG1|1728|8|3|0011|2.769106|0.165035|-0.560108|0.811814|52.392467|0.072861|0.114423
1882|22|-1|626|21|124|GLU|2543|154|726|-O--|428|8|2|0011|2.899554|-0.813229|-0.575261|-0.087945|35.360088|0.051213|0.080426
1882|23|-1|629|21|156|GLU|2543|154|758|-O--|428|8|2|0011|3.626638|-0.182538|-0.529692|-0.828315|47.146873|0.007177|0.011271
1882|24|-1|717|23|149|GLN|2743|175|751|-OE1|828|8|2|0011|2.969075|-0.690787|0.098010|-0.716384|36.951714|0.042440|0.066649
1882|25|-1|718|23|108|GLN|2743|175|710|-OE1|828|8|2|0011|3.079602|0.091570|0.788739|-0.607870|9.120488|0.031481|0.049438
1882|26|-1|740|24|120|ALA|343|180|722|-O--|428|8|2|0011|3.104342|-0.695800|-0.696123|0.176849|27.181307|0.029445|0.046241
1882|27|-1|742|24|148|ALA|343|180|750|-O--|428|8|2|0011|2.874759|0.452212|-0.600051|-0.659881|33.406624|0.054762|0.086000
1882|28|-1|766|25|110|GLY|143|185|712|-O--|428|8|2|0011|2.742528|-0.852133|-0.227892|0.471099|34.053322|0.078287|0.122944
1882|29|-1|767|25|120|GLY|143|185|722|-O--|428|8|2|0011|3.879881|0.463158|-0.775024|-0.429910|41.662365|0.003620|0.005685
1882|30|-1|769|25|109|GLY|143|185|711|-O--|428|8|2|0011|2.732752|-0.592809|0.468028|-0.655384|24.347023|0.080383|0.126236
1882|31|-1|801|26|120|ASP|2143|192|722|-OD1|1028|8|2|0011|2.685245|-0.004469|0.325481|-0.945538|36.684105|0.091396|0.143531
1882|32|-1|802|26|144|ASP|2143|192|746|-OD1|1028|8|2|0011|2.805065|0.308371|-0.844545|-0.437780|41.630585|0.066113|0.103826
1882|33|-1|803|26|144|ASP|2143|193|746|-OD2|1028|8|2|0011|3.270482|-0.276412|-0.586459|-0.761356|46.037102|0.018793|0.029513
1882|34|-1|804|26|121|ASP|2143|193|723|-OD2|1028|8|2|0011|2.701779|0.195797|-0.840929|0.504483|80.053459|0.087402|0.137258
1882|35|-1|823|27|110|THR|1343|199|712|-OG1|1728|8|3|0011|2.776614|0.061586|-0.490887|-0.869044|31.095917|0.071397|0.112124
1882|36|-1|963|32|128|ASN|2343|241|730|-O--|428|8|2|0011|2.990495|-0.305635|-0.951014|-0.046481|38.968479|0.040053|0.062900
1882|37|-1|1003|33|150|ASN|2343|249|752|-O--|428|8|2|0011|2.706710|-0.631763|-0.775111|-0.008867|40.654724|0.086245|0.135441
1882|38|-1|1010|33|127|ASN|2343|252|729|-OD1|828|8|2|0011|3.477568|-0.489998|-0.207904|-0.846569|38.257294|0.010738|0.016863
1882|39|-1|1011|33|128|ASN|2343|252|730|-OD1|828|8|2|0011|3.781468|-0.861834|0.289041|-0.416769|15.278004|0.004723|0.007417
1882|40|-1|1012|33|150|ASN|2343|252|752|-OD1|828|8|2|0011|3.480927|-0.801511|0.158578|0.576571|38.489082|0.010641|0.016711
1882|41|-1|1057|35|103|LEU|743|266|705|-O--|428|8|2|0011|3.142182|0.213228|0.509201|0.833816|97.880783|0.026582|0.041745
1882|42|-1|1081|36|173|ALA|343|274|775|-O--|428|8|2|0011|3.022841|-0.160776|-0.824721|0.542205|113.586678|0.036700|0.057635
1882|43|-1|1084|36|103|ALA|343|274|705|-O--|428|8|2|0011|3.510605|0.908960|0.071213|0.410755|79.540009|0.009821|0.015423
1882|44|-1|1312|43|112|GLU|2543|325|714|-O--|428|8|2|0011|2.760321|0.381840|-0.923083|-0.046009|7.047834|0.074611|0.117172
1882|45|-1|1323|43|113|GLU|2543|329|715|-OE1|1028|8|2|0011|3.221903|0.073559|-0.217262|-0.973338|14.671376|0.021430|0.033654
1882|46|-1|1324|43|166|GLU|2543|329|768|-OE1|1028|8|2|0011|3.169438|0.653113|0.006625|0.757232|45.886532|0.024694|0.038781
1882|47|-1|1326|43|166|GLU|2543|330|768|-OE2|1028|8|2|0011|2.734135|0.977275|-0.166415|0.131303|37.942608|0.080083|0.125765
1882|48|-1|1406|46|151|PRO|1943|347|753|-O--|428|8|2|0011|2.694478|-0.466139|0.427541|0.774547|60.375420|0.089144|0.139994
1882|49|-1|1407|46|132|PRO|1943|347|734|-O--|428|8|2|0011|2.998047|-0.993647|-0.077382|0.081720|88.788399|0.039244|0.061630
1882|50|-1|1428|47|131|GLU|2543|354|733|-O--|428|8|2|0011|2.903512|-0.624761|-0.774924|0.095746|57.540131|0.050668|0.079570
1882|51|-1|1429|47|132|GLU|2543|354|734|-O--|428|8|2|0011|3.875447|-0.369506|0.612832|0.698500|64.142769|0.003664|0.005753
1882|52|-1|1441|47|105|GLU|2543|358|707|-OE1|1028|8|2|0011|2.556011|-0.233958|0.755865|-0.611500|7.808671|0.129604|0.203534
1882|53|-1|1442|47|161|GLU|2543|359|763|-OE2|1028|8|2|0011|3.713149|0.265543|-0.670589|-0.692674|91.348061|0.005681|0.008921
1882|54|-1|1458|48|93|LEU|743|363|695|-O--|428|8|2|0011|2.746240|-0.497407|-0.491582|0.714796|3.446207|0.077505|0.121717
1882|55|-1|1479|49|171|SER|1143|371|773|-O--|428|8|2|0011|3.812930|-0.925010|-0.379498|-0.018359|235.772339|0.004338|0.006812
1882|56|-1|1480|49|116|SER|1143|371|718|-O--|428|8|2|0011|3.801875|-0.450830|-0.889299|-0.076805|43.184151|0.004470|0.007019
1882|57|-1|1484|49|151|SER|1143|371|753|-O--|428|8|2|0011|3.838214|0.181334|0.982227|-0.048460|62.049587|0.004051|0.006362
1882|58|-1|1485|49|132|SER|1143|371|734|-O--|428|8|2|0011|3.295531|-0.311634|0.724011|-0.615379|91.025734|0.017563|0.027581
1882|59|-1|1486|49|114|SER|1143|371|716|-O--|428|8|2|0011|3.334897|-0.221896|0.825812|0.518456|19.269016|0.015790|0.024797
1882|60|-1|1562|51|117|LYS|2943|387|719|-O--|428|8|2|0011|2.603963|0.078726|0.741178|0.666676|18.773756|0.113850|0.178794
1882|61|-1|1584|52|152|ASP|2143|396|754|-O--|428|8|2|0011|3.786321|-0.915136|-0.393785|-0.086364|19.311769|0.004661|0.007320
1882|62|-1|1594|52|115|ASP|2143|400|717|-OD2|1028|8|2|0011|3.146335|0.773916|-0.355018|-0.524420|5.072050|0.026285|0.041279
1882|63|-1|1609|53|136|LEU|743|404|738|-O--|428|8|2|0011|3.530384|-0.849483|-0.438480|0.293452|44.209881|0.009310|0.014620
1882|64|-1|1611|53|135|LEU|743|404|737|-O--|428|8|2|0011|2.742731|-0.589558|0.799933|0.111932|23.804443|0.078244|0.122877
1882|65|-1|1616|53|152|LEU|743|404|754|-O--|428|8|2|0011|3.019688|-0.313940|-0.232145|-0.920625|19.237556|0.037014|0.058128
1882|66|-1|1699|56|164|SER|1143|430|766|-OG-|1728|8|3|0011|2.634071|0.115790|0.376604|0.919110|51.651852|0.104953|0.164821
1882|67|-1|1750|59|136|GLU|2543|449|738|-OE1|1028|8|2|0011|2.794448|-0.136700|0.896778|0.420834|19.430355|0.068037|0.106848
1882|68|-1|1751|59|153|GLU|2543|450|755|-OE2|1028|8|2|0011|3.430756|-0.090942|-0.195584|-0.976461|22.679890|0.012186|0.019138
1882|69|-1|1752|59|136|GLU|2543|450|738|-OE2|1028|8|2|0011|3.305303|-0.192720|0.401778|0.895228|15.772912|0.017105|0.026862
1882|70|-1|1753|59|152|GLU|2543|450|754|-OE2|1028|8|2|0011|2.732118|0.517547|0.796085|-0.313676|2.047433|0.080521|0.126453
1882|71|-1|1765|60|153|THR|1343|454|755|-O--|428|8|2|0011|2.839962|-0.306694|0.825010|0.474654|54.071922|0.060162|0.094481
1882|72|-1|1805|62|137|GLU|2543|472|739|-O--|428|8|2|0011|3.643917|-0.909461|0.062296|0.411096|21.996874|0.006850|0.010757
1882|73|-1|1809|62|131|GLU|2543|472|733|-O--|428|8|2|0011|3.888619|0.266933|0.817258|-0.510721|79.224075|0.003535|0.005552
1882|74|-1|1810|62|116|GLU|2543|472|718|-O--|428|8|2|0011|3.070931|0.238690|0.662991|0.709556|41.174767|0.032227|0.050610
1882|75|-1|1848|64|94|THR|1343|486|696|-O--|428|8|2|0011|3.861120|-0.813236|0.382013|0.438992|18.241194|0.003808|0.005981
1882|76|-1|1853|64|138|THR|1343|486|740|-O--|428|8|2|0011|2.895586|0.458974|0.606094|-0.649610|63.697033|0.051765|0.081293
1882|77|-1|1858|64|126|THR|1343|488|728|-OG1|1728|8|3|0011|3.183295|-0.670060|0.343354|-0.658124|86.930458|0.023787|0.037355
1882|78|-1|1859|64|125|THR|1343|488|727|-OG1|1728|8|3|0011|2.941767|-0.539812|0.427634|0.725074|52.494949|0.045691|0.071754
1882|79|-1|1901|66|158|SER|1143|504|760|-O--|428|8|2|0011|2.689418|-0.674496|-0.399343|-0.620951|94.302025|0.090371|0.141921
1882|80|-1|1910|66|95|SER|1143|506|697|-OG-|1728|8|3|0011|3.844715|0.563631|-0.107160|0.819046|6.219517|0.003981|0.006252
1882|81|-1|1911|66|138|SER|1143|506|740|-OG-|1728|8|3|0011|2.662393|-0.336164|0.160006|0.928112|26.918587|0.097219|0.152676
1882|82|-1|1930|67|95|GLU|2543|510|697|-O--|428|8|2|0011|3.702028|-0.800642|0.518094|0.300916|9.514085|0.005854|0.009193
1882|83|-1|1995|69|139|GLY|143|526|741|-O--|428|8|2|0011|3.870692|0.925158|-0.299430|-0.233292|52.537365|0.003711|0.005828
1882|84|-1|2018|70|140|THR|1343|530|742|-O--|428|8|2|0011|3.817594|0.504768|0.124686|-0.854203|38.689453|0.004284|0.006727
1882|85|-1|2019|70|134|THR|1343|530|736|-O--|428|8|2|0011|3.207211|0.471126|0.316163|0.823457|63.058987|0.022298|0.035017
1882|86|-1|2022|70|139|THR|1343|532|741|-OG1|1728|8|3|0011|2.934671|0.067470|-0.227283|-0.971489|28.539471|0.046576|0.073144
1882|87|-1|2023|70|160|THR|1343|532|762|-OG1|1728|8|3|0011|2.751647|0.710484|-0.643614|0.284557|49.069126|0.076381|0.119951
1882|88|-1|2062|71|95|TYR|3743|545|697|-OH-|1828|8|3|0011|3.243925|-0.987384|-0.023428|-0.156600|4.358193|0.020191|0.031709
1882|89|-1|2078|72|112|THR|1343|549|714|-O--|428|8|2|0011|3.352638|0.292009|0.274112|-0.916293|12.587534|0.015051|0.023636
1882|90|-1|2081|72|134|THR|1343|551|736|-OG1|1728|8|3|0011|2.874499|0.230301|0.318664|-0.919464|59.253616|0.054801|0.086061
1882|91|-1|2122|73|92|TYR|3743|564|694|-OH-|1828|8|3|0011|2.645368|0.493693|-0.743564|-0.450977|3.497883|0.101797|0.159865
1882|92|-1|2163|74|102|TYR|3743|576|704|-OH-|1828|8|3|0011|2.718675|-0.532244|0.577487|0.619051|14.535861|0.083500|0.131132
1882|93|-1|2164|74|167|TYR|3743|576|769|-OH-|1828|8|3|0011|3.190240|0.672990|0.222867|-0.705276|50.178692|0.023344|0.036661
1882|94|-1|2224|76|141|GLU|2543|586|743|-O--|428|8|2|0011|2.553980|0.538767|0.832426|-0.129602|30.713625|0.130317|0.204655
1882|95|-1|2230|76|102|GLU|2543|591|704|-OE2|1028|8|2|0011|2.688961|0.975842|0.032354|-0.216069|12.951653|0.090483|0.142097
1882|96|-1|2243|77|157|PRO|1943|595|759|-O--|428|8|2|0011|3.654291|-0.638701|-0.136825|0.757192|61.082413|0.006660|0.010459
1882|97|-1|2249|77|142|PRO|1943|595|744|-O--|428|8|2|0011|3.912965|0.368519|-0.650146|0.664458|51.672775|0.003310|0.005199
1882|98|-1|2327|81|154|ALA|343|627|756|-O--|428|8|2|0011|2.816364|-0.334829|-0.938088|-0.088767|15.944445|0.064124|0.100703
1882|99|-1|2350|82|133|GLY|143|632|735|-O--|428|8|2|0011|2.783254|0.959668|-0.017246|-0.280607|49.043503|0.070127|0.110130
1882|100|-1|2376|84|104|VAL|543|644|706|-O--|428|8|2|0011|2.806656|-0.436463|-0.613541|0.658078|1.769088|0.065829|0.103380
1882|101|-1|2403|86|92|LYS|2943|655|694|-O--|428|8|2|0011|3.277723|-0.721232|-0.237360|0.650756|6.453766|0.018429|0.028941
1882|102|-1|2452|89|97|VAL|543|679|699|-O--|428|8|2|0011|2.702085|0.998118|-0.061064|-0.005551|37.931709|0.087329|0.137145
1882|103|-1|2458|90|108|GLN|2743|686|710|-O--|428|8|2|0011|2.788279|-0.276156|-0.515372|-0.811252|20.655756|0.069181|0.108645
1882|104|-1|2459|90|156|GLN|2743|690|758|-OE1|828|8|2|0011|3.475507|-0.866061|-0.484534|0.123148|6.878627|0.010798|0.016957
1882|105|-1|2460|90|108|GLN|2743|692|710|-OXT|828|8|2|0011|3.259176|-0.835180|-0.369725|-0.407158|12.618727|0.019376|0.030429
1882|106|-1|2461|90|143|GLN|2743|692|745|-OXT|828|8|2|0011|2.722570|0.946165|0.322857|-0.023140|24.822611|0.082626|0.129758
1882|107|-1|2462|116|93|HOH|4343|718|695|-O--|2828|8|3|0001|2.782559|0.940142|-0.239347|0.242583|27.839231|0.070259|0.110337
1882|108|-1|2462|93|116|HOH|4343|695|718|-O--|2828|8|3|0001|2.782559|-0.940142|0.239347|-0.242583|27.839231|0.070259|0.110337
1882|109|-1|2463|125|94|HOH|4343|727|696|-O--|2828|8|3|0001|3.339633|0.633602|0.761461|-0.136842|33.760433|0.015589|0.024482
1882|110|-1|2463|94|125|HOH|4343|696|727|-O--|2828|8|3|0001|3.339633|-0.633602|-0.761461|0.136842|33.760433|0.015589|0.024482
1882|111|-1|2464|131|94|HOH|4343|733|696|-O--|2828|8|3|0001|2.813863|0.044778|-0.618724|-0.784331|41.649170|0.064559|0.101386
1882|112|-1|2464|94|131|HOH|4343|696|733|-O--|2828|8|3|0001|2.813863|-0.044778|0.618724|0.784331|41.649170|0.064559|0.101386
1882|113|-1|2465|161|95|HOH|4343|763|697|-O--|2828|8|3|0001|2.735692|0.057024|-0.998286|-0.013159|114.890991|0.079747|0.125237
1882|114|-1|2465|95|161|HOH|4343|697|763|-O--|2828|8|3|0001|2.735692|-0.057024|0.998286|0.013159|114.890991|0.079747|0.125237
1882|115|-1|2466|138|95|HOH|4343|740|697|-O--|2828|8|3|0001|3.246193|0.943259|-0.258148|0.208860|15.271772|0.020068|0.031515
1882|116|-1|2466|95|138|HOH|4343|697|740|-O--|2828|8|3|0001|3.246193|-0.943259|0.258148|-0.208860|15.271772|0.020068|0.031515
1882|117|-1|2467|106|96|HOH|4343|708|698|-O--|2828|8|3|0001|3.565834|-0.706427|-0.646413|-0.288292|19.628407|0.008459|0.013284
1882|118|-1|2467|96|106|HOH|4343|698|708|-O--|2828|8|3|0001|3.565834|0.706427|0.646413|0.288292|19.628407|0.008459|0.013284
1882|119|-1|2468|143|97|HOH|4343|745|699|-O--|2828|8|3|0001|3.772075|0.133083|0.335359|0.932643|19.161690|0.004844|0.007608
1882|120|-1|2468|97|143|HOH|4343|699|745|-O--|2828|8|3|0001|3.772075|-0.133083|-0.335359|-0.932643|19.161690|0.004844|0.007608
1882|121|-1|2469|139|97|HOH|4343|741|699|-O--|2828|8|3|0001|2.741758|-0.586120|-0.429287|-0.687150|3.709076|0.078450|0.123201
1882|122|-1|2469|97|139|HOH|4343|699|741|-O--|2828|8|3|0001|2.741758|0.586120|0.429287|0.687150|3.709076|0.078450|0.123201
1882|123|-1|2470|154|98|HOH|4343|756|700|-O--|2828|8|3|0001|3.383351|-0.489751|-0.370639|0.789158|12.857805|0.013852|0.021754
1882|124|-1|2470|98|154|HOH|4343|700|756|-O--|2828|8|3|0001|3.383351|0.489751|0.370639|-0.789158|12.857805|0.013852|0.021754
1882|125|-1|2471|100|99|HOH|4343|702|701|-O--|2828|8|3|0001|3.012833|-0.862643|-0.089285|-0.497870|8.566225|0.037706|0.059215
1882|126|-1|2471|99|100|HOH|4343|701|702|-O--|2828|8|3|0001|3.012833|0.862643|0.089285|0.497870|8.566225|0.037706|0.059215
1882|127|-1|2472|122|100|HOH|4343|724|702|-O--|2828|8|3|0001|3.548313|0.240396|-0.215877|-0.946365|1.855087|0.008869|0.013928
1882|128|-1|2472|100|122|HOH|4343|702|724|-O--|2828|8|3|0001|3.548313|-0.240396|0.215877|0.946365|1.855087|0.008869|0.013928
1882|129|-1|2473|129|103|HOH|4343|731|705|-O--|2828|8|3|0001|3.473624|0.566267|0.553313|-0.610889|2.925683|0.010853|0.017044
1882|130|-1|2473|103|129|HOH|4343|705|731|-O--|2828|8|3|0001|3.473624|-0.566267|-0.553313|0.610889|2.925683|0.010853|0.017044
1882|131|-1|2474|107|106|HOH|4343|709|708|-O--|2828|8|3|0001|3.373563|0.038238|-0.998943|-0.025492|20.928490|0.014223|0.022337
1882|132|-1|2474|106|107|HOH|4343|708|709|-O--|2828|8|3|0001|3.373563|-0.038238|0.998943|0.025492|20.928490|0.014223|0.022337
1882|133|-1|2475|149|108|HOH|4343|751|710|-O--|2828|8|3|0001|3.174738|0.734864|0.673442|0.080322|20.661556|0.024343|0.038229
1882|134|-1|2475|108|149|HOH|4343|710|751|-O--|2828|8|3|0001|3.174738|-0.734864|-0.673442|-0.080322|20.661556|0.024343|0.038229
1882|135|-1|2476|148|108|HOH|4343|750|710|-O--|2828|8|3|0001|3.118367|0.974549|-0.169640|0.146551|2.266545|0.028349|0.044521
1882|136|-1|2476|108|148|HOH|4343|710|750|-O--|2828|8|3|0001|3.118367|-0.974549|0.169640|-0.146551|2.266545|0.028349|0.044521
1882|137|-1|2477|168|109|HOH|4343|770|711|-O--|2828|8|3|0001|2.555084|0.835589|-0.081798|-0.543231|26.272657|0.129929|0.204045
1882|138|-1|2477|109|168|HOH|4343|711|770|-O--|2828|8|3|0001|2.555084|-0.835589|0.081798|0.543231|26.272657|0.129929|0.204045
1882|139|-1|2478|110|109|HOH|4343|712|711|-O--|2828|8|3|0001|3.693808|0.194109|0.515458|-0.834641|4.165901|0.005986|0.009400
1882|140|-1|2478|109|110|HOH|4343|711|712|-O--|2828|8|3|0001|3.693808|-0.194109|-0.515458|0.834641|4.165901|0.005986|0.009400
1882|141|-1|2479|168|110|HOH|4343|770|712|-O--|2828|8|3|0001|3.057538|0.463772|-0.691080|0.554368|18.615019|0.033415|0.052476
1882|142|-1|2479|110|168|HOH|4343|712|770|-O--|2828|8|3|0001|3.057538|-0.463772|0.691080|-0.554368|18.615019|0.033415|0.052476
1882|143|-1|2480|170|110|HOH|4343|772|712|-O--|2828|8|3|0001|3.416288|0.995525|0.055616|0.076399|71.515533|0.012672|0.019901
1882|144|-1|2480|110|170|HOH|4343|712|772|-O--|2828|8|3|0001|3.416288|-0.995525|-0.055616|-0.076399|71.515533|0.012672|0.019901
1882|145|-1|2481|130|111|HOH|4343|732|713|-O--|2828|8|3|0001|3.974142|0.977821|0.117509|0.173371|34.651970|0.002806|0.004406
1882|146|-1|2481|111|130|HOH|4343|713|732|-O--|2828|8|3|0001|3.974142|-0.977821|-0.117509|-0.173371|34.651970|0.002806|0.004406
1882|147|-1|2482|173|111|HOH|4343|775|713|-O--|2828|8|3|0001|3.451480|-0.014776|-0.994646|-0.102275|41.379616|0.011522|0.018095
1882|148|-1|2482|111|173|HOH|4343|713|775|-O--|2828|8|3|0001|3.451480|0.014776|0.994646|0.102275|41.379616|0.011522|0.018095
1882|149|-1|2483|113|112|HOH|4343|715|714|-O--|2828|8|3|0001|3.233472|-0.933053|-0.279578|-0.226382|20.599239|0.020770|0.032618
1882|150|-1|2483|112|113|HOH|4343|714|715|-O--|2828|8|3|0001|3.233472|0.933053|0.279578|0.226382|20.599239|0.020770|0.032618
1882|151|-1|2484|134|113|HOH|4343|736|715|-O--|2828|8|3|0001|2.847629|-0.241604|0.956235|0.165049|17.569269|0.058929|0.092543
1882|152|-1|2484|113|134|HOH|4343|715|736|-O--|2828|8|3|0001|2.847629|0.241604|-0.956235|-0.165049|17.569269|0.058929|0.092543
1882|153|-1|2485|115|114|HOH|4343|717|716|-O--|2828|8|3|0001|3.264956|0.764788|0.423590|-0.485459|0.487504|0.019076|0.029957
1882|154|-1|2485|114|115|HOH|4343|716|717|-O--|2828|8|3|0001|3.264956|-0.764788|-0.423590|0.485459|0.487504|0.019076|0.029957
1882|155|-1|2486|151|114|HOH|4343|753|716|-O--|2828|8|3|0001|2.600302|-0.552244|-0.390723|0.736453|20.804451|0.114982|0.180572
1882|156|-1|2486|114|151|HOH|4343|716|753|-O--|2828|8|3|0001|2.600302|0.552244|0.390723|-0.736453|20.804451|0.114982|0.180572
1882|157|-1|2487|132|114|HOH|4343|734|716|-O--|2828|8|3|0001|3.785874|0.075808|0.097202|0.992373|35.906422|0.004667|0.007329
1882|158|-1|2487|114|132|HOH|4343|716|734|-O--|2828|8|3|0001|3.785874|-0.075808|-0.097202|-0.992373|35.906422|0.004667|0.007329
1882|159|-1|2488|171|116|HOH|4343|773|718|-O--|2828|8|3|0001|2.660194|0.681529|-0.727017|-0.083453|72.522537|0.097798|0.153586
1882|160|-1|2488|116|171|HOH|4343|718|773|-O--|2828|8|3|0001|2.660194|-0.681529|0.727017|0.083453|72.522537|0.097798|0.153586
1882|161|-1|2489|118|117|HOH|4343|720|719|-O--|2828|8|3|0001|3.946168|0.943954|0.241246|-0.225282|1.447691|0.003026|0.004752
1882|162|-1|2489|117|118|HOH|4343|719|720|-O--|2828|8|3|0001|3.946168|-0.943954|-0.241246|0.225282|1.447691|0.003026|0.004752
1882|163|-1|2490|162|117|HOH|4343|764|719|-O--|2828|8|3|0001|2.828185|0.621247|-0.266604|-0.736868|102.244041|0.062108|0.097537
1882|164|-1|2490|117|162|HOH|4343|719|764|-O--|2828|8|3|0001|2.828185|-0.621247|0.266604|0.736868|102.244041|0.062108|0.097537
1882|165|-1|2491|135|118|HOH|4343|737|720|-O--|2828|8|3|0001|3.518746|0.757372|0.652505|0.025009|0.828808|0.009607|0.015087
1882|166|-1|2491|118|135|HOH|4343|720|737|-O--|2828|8|3|0001|3.518746|-0.757372|-0.652505|-0.025009|0.828808|0.009607|0.015087
1882|167|-1|2492|169|118|HOH|4343|771|720|-O--|2828|8|3|0001|2.976774|0.422605|0.033929|-0.905679|8.084017|0.041566|0.065277
1882|168|-1|2492|118|169|HOH|4343|720|771|-O--|2828|8|3|0001|2.976774|-0.422605|-0.033929|0.905679|8.084017|0.041566|0.065277
1882|169|-1|2493|162|118|HOH|4343|764|720|-O--|2828|8|3|0001|2.865570|-0.686774|-0.595345|-0.417020|95.076698|0.056139|0.088163
1882|170|-1|2493|118|162|HOH|4343|720|764|-O--|2828|8|3|0001|2.865570|0.686774|0.595345|0.417020|95.076698|0.056139|0.088163
1882|171|-1|2494|144|119|HOH|4343|746|721|-O--|2828|8|3|0001|3.584798|-0.966582|-0.104608|-0.234044|1.328746|0.008036|0.012621
1882|172|-1|2494|119|144|HOH|4343|721|746|-O--|2828|8|3|0001|3.584798|0.966582|0.104608|0.234044|1.328746|0.008036|0.012621
1882|173|-1|2495|144|120|HOH|4343|746|722|-O--|2828|8|3|0001|3.606231|-0.243190|0.899277|-0.363538|1.802607|0.007584|0.011910
1882|174|-1|2495|120|144|HOH|4343|722|746|-O--|2828|8|3|0001|3.606231|0.243190|-0.899277|0.363538|1.802607|0.007584|0.011910
1882|175|-1|2496|124|121|HOH|4343|726|723|-O--|2828|8|3|0001|2.667370|-0.494495|0.265054|-0.827781|25.076303|0.095920|0.150636
1882|176|-1|2496|121|124|HOH|4343|723|726|-O--|2828|8|3|0001|2.667370|0.494495|-0.265054|0.827781|25.076303|0.095920|0.150636
1882|177|-1|2497|156|121|HOH|4343|758|723|-O--|2828|8|3|0001|3.210063|-0.939234|0.299059|0.168533|17.788143|0.022126|0.034748
1882|178|-1|2497|121|156|HOH|4343|723|758|-O--|2828|8|3|0001|3.210063|0.939234|-0.299059|-0.168533|17.788143|0.022126|0.034748
1882|179|-1|2498|156|124|HOH|4343|758|726|-O--|2828|8|3|0001|3.239972|-0.523461|0.078088|0.848464|4.062122|0.020408|0.032050
1882|180|-1|2498|124|156|HOH|4343|726|758|-O--|2828|8|3|0001|3.239972|0.523461|-0.078088|-0.848464|4.062122|0.020408|0.032050
1882|181|-1|2499|168|126|HOH|4343|770|728|-O--|2828|8|3|0001|3.462994|-0.174993|0.879874|0.441814|4.282759|0.011169|0.017541
1882|182|-1|2499|126|168|HOH|4343|728|770|-O--|2828|8|3|0001|3.462994|0.174993|-0.879874|-0.441814|4.282759|0.011169|0.017541
1882|183|-1|2500|128|127|HOH|4343|730|729|-O--|2828|8|3|0001|2.754504|0.564530|-0.659283|-0.496641|13.404655|0.075794|0.119029
1882|184|-1|2500|127|128|HOH|4343|729|730|-O--|2828|8|3|0001|2.754504|-0.564530|0.659283|0.496641|13.404655|0.075794|0.119029
1882|185|-1|2501|150|128|HOH|4343|752|730|-O--|2828|8|3|0001|3.653839|-0.128358|0.148064|-0.980613|13.544442|0.006668|0.010472
1882|186|-1|2501|128|150|HOH|4343|730|752|-O--|2828|8|3|0001|3.653839|0.128358|-0.148064|0.980613|13.544442|0.006668|0.010472
1882|187|-1|2502|173|129|HOH|4343|775|731|-O--|2828|8|3|0001|2.702548|0.632736|0.303787|0.712291|5.979175|0.087220|0.136974
1882|188|-1|2502|129|173|HOH|4343|731|775|-O--|2828|8|3|0001|2.702548|-0.632736|-0.303787|-0.712291|5.979175|0.087220|0.136974
1882|189|-1|2503|151|132|HOH|4343|753|734|-O--|2828|8|3|0001|2.877002|-0.598887|-0.481055|-0.640250|8.103702|0.054431|0.085481
1882|190|-1|2503|132|151|HOH|4343|734|753|-O--|2828|8|3|0001|2.877002|0.598887|0.481055|0.640250|8.103702|0.054431|0.085481
1882|191|-1|2504|169|135|HOH|4343|771|737|-O--|2828|8|3|0001|3.814227|-0.368882|-0.575477|-0.729899|6.955286|0.004323|0.006789
1882|192|-1|2504|135|169|HOH|4343|737|771|-O--|2828|8|3|0001|3.814227|0.368882|0.575477|0.729899|6.955286|0.004323|0.006789
1882|193|-1|2505|161|138|HOH|4343|763|740|-O--|2828|8|3|0001|3.540918|-0.820691|-0.534609|-0.201643|63.482033|0.009048|0.014210
1882|194|-1|2505|138|161|HOH|4343|740|763|-O--|2828|8|3|0001|3.540918|0.820691|0.534609|0.201643|63.482033|0.009048|0.014210
1882|195|-1|2506|174|145|HOH|4343|776|747|-O--|2828|8|3|0001|2.940660|-0.194854|0.039107|-0.980052|12.873783|0.045828|0.071970
1882|196|-1|2506|145|174|HOH|4343|747|776|-O--|2828|8|3|0001|2.940660|0.194854|-0.039107|0.980052|12.873783|0.045828|0.071970
1882|197|-1|2507|149|148|HOH|4343|751|750|-O--|2828|8|3|0001|2.766248|-0.255219|0.964122|-0.073023|24.709845|0.073426|0.115310
1882|198|-1|2507|148|149|HOH|4343|750|751|-O--|2828|8|3|0001|2.766248|0.255219|-0.964122|0.073023|24.709845|0.073426|0.115310
1882|199|-1|2508|174|159|HOH|4343|776|761|-O--|2828|8|3|0001|3.449198|-0.873826|0.424157|0.237736|13.279444|0.011594|0.018207
1882|200|-1|2508|159|174|HOH|4343|761|776|-O--|2828|8|3|0001|3.449198|0.873826|-0.424157|-0.237736|13.279444|0.011594|0.018207
1882|201|-1|2509|169|162|HOH|4343|771|764|-O--|2828|8|3|0001|3.990655|0.808389|0.452808|-0.376129|67.007332|0.002683|0.004214
1882|202|-1|2509|162|169|HOH|4343|764|771|-O--|2828|8|3|0001|3.990655|-0.808389|-0.452808|0.376129|67.007332|0.002683|0.004214
1882|203|-1|2510|163|162|HOH|4343|765|764|-O--|2828|8|3|0001|2.779691|0.655109|-0.754041|-0.047488|4.946363|0.070806|0.111196
1882|204|-1|2510|162|163|HOH|4343|764|765|-O--|2828|8|3|0001|2.779691|-0.655109|0.754041|0.047488|4.946363|0.070806|0.111196
1882|205|-1|2511|170|168|HOH|4343|772|770|-O--|2828|8|3|0001|3.360426|0.590104|0.685330|-0.426732|32.998177|0.014737|0.023144
1882|206|-1|2511|168|170|HOH|4343|770|772|-O--|2828|8|3|0001|3.360426|-0.590104|-0.685330|0.426732|32.998177|0.014737|0.023144
1882|207|-1|2512|0|159|GLN|2743|7|761|-OE1|828|8|2|1011|3.958964|0.767181|-0.249368|-0.590972|3.702762|0.002923|0.004591
1882|208|-1|2544|12|151|MET|1743|88|753|-SD-|1628|16|3|1011|4.960043|0.070870|-0.967177|-0.244022|42.687397|0.000715|0.001132
1882|209|-1|2594|15|105|PHE|3543|106|707|-O--|428|8|2|1011|4.927899|0.513103|-0.792679|-0.329220|15.302822|0.000213|0.000335
1882|210|-1|2605|17|105|PRO|1943|126|707|-O--|428|8|2|1011|4.969540|0.565549|-0.696894|0.441014|12.775462|0.000190|0.000299
1882|211|-1|2629|18|105|SER|1143|135|707|-OG-|1728|8|3|1011|3.417452|-0.499051|-0.863872|0.068366|6.098764|0.012632|0.019838
1882|212|-1|2665|19|164|THR|1343|141|766|-OG1|1728|8|3|1011|4.323382|0.372913|-0.922945|-0.095444|97.403961|0.001092|0.001715
1882|213|-1|2669|19|161|THR|1343|141|763|-OG1|1728|8|3|1011|4.677830|0.693380|-0.435723|0.573907|199.753677|0.000419|0.000658
1882|214|-1|2779|42|154|VAL|543|318|756|-O--|428|8|2|1011|4.927195|0.704101|0.662348|0.256000|28.495771|0.000213|0.000335
1882|215|-1|2792|43|133|GLU|2543|325|735|-O--|428|8|2|1011|3.415579|0.850585|0.050803|-0.523378|51.854580|0.012696|0.019939
1882|216|-1|2793|43|154|GLU|2543|325|756|-O--|428|8|2|1011|4.740380|0.151727|0.767348|0.623022|22.163401|0.000354|0.000556
1882|217|-1|2837|44|104|GLY|143|334|706|-O--|428|8|2|1011|2.693811|0.674228|0.706256|-0.215916|2.214193|0.089304|0.140246
1882|218|-1|2843|45|106|GLN|2743|342|708|-OE1|828|8|2|1011|4.414255|-0.672539|0.165943|-0.721217|24.205988|0.000854|0.001341
1882|219|-1|2844|45|107|GLN|2743|342|709|-OE1|828|8|2|1011|3.240147|0.123834|0.265886|-0.956017|1.532308|0.020399|0.032035
1882|220|-1|2846|45|133|GLN|2743|342|735|-OE1|828|8|2|1011|4.810167|0.841393|-0.006129|0.540389|15.419906|0.000293|0.000460
1882|221|-1|2854|47|96|GLU|2543|358|698|-OE1|1028|8|2|1011|4.537385|-0.084136|0.150201|-0.985069|2.055714|0.000612|0.000962
1882|222|-1|2855|47|106|GLU|2543|358|708|-OE1|1028|8|2|1011|4.349722|0.442153|-0.422438|-0.791231|23.854372|0.001017|0.001597
1882|223|-1|2856|47|96|GLU|2543|359|698|-OE2|1028|8|2|1011|4.991335|-0.166640|0.564082|-0.808729|3.273273|0.000180|0.000282
1882|224|-1|2857|47|106|GLU|2543|359|708|-OE2|1028|8|2|1011|3.363075|0.438064|0.088168|-0.894610|14.013749|0.014632|0.022979
1882|225|-1|2864|56|96|SER|1143|430|698|-OG-|1728|8|3|1011|4.863697|0.035109|-0.551481|0.833448|1.852734|0.000253|0.000398
1882|226|-1|2875|58|124|GLY|143|441|726|-O--|428|8|2|1011|4.485066|-0.263149|-0.910184|0.319870|29.502789|0.000705|0.001108
1882|227|-1|2876|58|156|GLY|143|441|758|-O--|428|8|2|1011|2.877753|-0.322209|-0.829203|-0.456731|40.010006|0.054321|0.085307
1882|228|-1|2921|67|106|GLU|2543|515|708|-OE2|1028|8|2|1011|3.821805|-0.406812|0.485507|0.773813|5.307099|0.004235|0.006651
1882|229|-1|2922|67|107|GLU|2543|515|709|-OE2|1028|8|2|1011|4.061458|0.446943|0.488621|0.749327|12.513897|0.002216|0.003480
1882|230|-1|2927|74|98|TYR|3743|576|700|-OH-|1828|8|3|1011|3.831808|0.112803|0.746520|-0.655732|21.698494|0.004122|0.006474
1882|231|-1|2929|80|166|GLY|143|623|768|-O--|428|8|2|1011|3.318947|0.682904|-0.475827|0.554284|35.267658|0.016486|0.025890
1882|232|-1|2933|81|167|ALA|343|627|769|-O--|428|8|2|1011|3.486732|-0.129198|-0.625583|0.769385|81.076523|0.010475|0.016451
1882|233|-1|2938|82|113|GLY|143|632|715|-O--|428|8|2|1011|4.898323|0.916338|0.228193|0.329019|35.609566|0.000231|0.000362
1882|234|-1|2940|105|96|HOH|4343|707|698|-O--|2828|8|3|1011|3.171595|0.394276|0.068180|-0.916460|10.914778|0.024551|0.038555
1882|235|-1|2940|96|105|HOH|4343|698|707|-O--|2828|8|3|1011|3.171595|-0.394276|-0.068180|0.916460|10.914778|0.024551|0.038555
1882|236|-1|2941|164|96|HOH|4343|766|698|-O--|2828|8|3|1011|4.022883|-0.913336|0.033370|0.405838|45.633770|0.002460|0.003862
1882|237|-1|2941|96|164|HOH|4343|698|766|-O--|2828|8|3|1011|4.022883|0.913336|-0.033370|-0.405838|45.633770|0.002460|0.003862
1882|238|-1|2942|102|98|HOH|4343|704|700|-O--|2828|8|3|1011|4.774972|-0.270267|0.393560|-0.878673|4.084023|0.000322|0.000506
1882|239|-1|2942|98|102|HOH|4343|700|704|-O--|2828|8|3|1011|4.774972|0.270267|-0.393560|0.878673|4.084023|0.000322|0.000506
1882|240|-1|2943|167|98|HOH|4343|769|700|-O--|2828|8|3|1011|2.762212|-0.778188|-0.620792|-0.095083|14.576852|0.074231|0.116575
1882|241|-1|2943|98|167|HOH|4343|700|769|-O--|2828|8|3|1011|2.762212|0.778188|0.620792|0.095083|14.576852|0.074231|0.116575
1882|242|-1|2944|150|100|HOH|4343|752|702|-O--|2828|8|3|1011|4.908786|-0.495895|0.834878|0.238886|15.811904|0.000224|0.000352
1882|243|-1|2944|100|150|HOH|4343|702|752|-O--|2828|8|3|1011|4.908786|0.495895|-0.834878|-0.238886|15.811904|0.000224|0.000352
1882|244|-1|2945|106|105|HOH|4343|708|707|-O--|2828|8|3|1011|4.908662|-0.513631|0.767925|0.382719|42.066093|0.000224|0.000353
1882|245|-1|2945|105|106|HOH|4343|707|708|-O--|2828|8|3|1011|4.908662|0.513631|-0.767925|-0.382719|42.066093|0.000224|0.000353
1882|246|-1|2946|164|106|HOH|4343|766|708|-O--|2828|8|3|1011|3.789920|-0.304820|0.643613|0.702030|14.619104|0.004616|0.007250
1882|247|-1|2946|106|164|HOH|4343|708|766|-O--|2828|8|3|1011|3.789920|0.304820|-0.643613|-0.702030|14.619104|0.004616|0.007250
1882|248|-1|2947|161|106|HOH|4343|763|708|-O--|2828|8|3|1011|2.862293|-0.973525|0.170227|-0.152549|51.764427|0.056639|0.088947
1882|249|-1|2947|106|161|HOH|4343|708|763|-O--|2828|8|3|1011|2.862293|0.973525|-0.170227|0.152549|51.764427|0.056639|0.088947
1882|250|-1|2948|161|107|HOH|4343|763|709|-O--|2828|8|3|1011|4.847830|-0.601406|0.795663|-0.072329|110.879631|0.000265|0.000416
1882|251|-1|2948|107|161|HOH|4343|709|763|-O--|2828|8|3|1011|4.847830|0.601406|-0.795663|0.072329|110.879631|0.000265|0.000416
1882|252|-1|2949|133|112|HOH|4343|735|714|-O--|2828|8|3|1011|3.686667|-0.502145|-0.738208|0.450444|30.355272|0.006102|0.009583
1882|253|-1|2949|112|133|HOH|4343|714|735|-O--|2828|8|3|1011|3.686667|0.502145|0.738208|-0.450444|30.355272|0.006102|0.009583
1882|254|-1|2950|133|113|HOH|4343|735|715|-O--|2828|8|3|1011|3.222901|0.361711|-0.563939|0.742386|4.708706|0.021372|0.033563
1882|255|-1|2950|113|133|HOH|4343|715|735|-O--|2828|8|3|1011|3.222901|-0.361711|0.563939|-0.742386|4.708706|0.021372|0.033563
1882|256|-1|2951|123|114|HOH|4343|725|716|-O--|2828|8|3|1011|2.865480|-0.069184|-0.992337|-0.102379|13.173788|0.056153|0.088184
1882|257|-1|2951|114|123|HOH|4343|716|725|-O--|2828|8|3|1011|2.865480|0.069184|0.992337|0.102379|13.173788|0.056153|0.088184
1882|258|-1|2952|159|121|HOH|4343|761|723|-O--|2828|8|3|1011|3.534158|-0.292076|0.809029|0.510062|1.928453|0.009215|0.014472
1882|259|-1|2952|121|159|HOH|4343|723|761|-O--|2828|8|3|1011|3.534158|0.292076|-0.809029|-0.510062|1.928453|0.009215|0.014472
1882|260|-1|2953|151|123|HOH|4343|753|725|-O--|2828|8|3|1011|3.122297|-0.585312|-0.396427|0.707287|4.718424|0.028050|0.044050
1882|261|-1|2953|123|151|HOH|4343|725|753|-O--|2828|8|3|1011|3.122297|0.585312|0.396427|-0.707287|4.718424|0.028050|0.044050
1882|262|-1|2954|159|124|HOH|4343|761|726|-O--|2828|8|3|1011|4.560656|0.062876|0.471915|0.879399|21.533695|0.000575|0.000903
1882|263|-1|2954|124|159|HOH|4343|726|761|-O--|2828|8|3|1011|4.560656|-0.062876|-0.471915|-0.879399|21.533695|0.000575|0.000903
1882|264|-1|2955|128|124|HOH|4343|730|726|-O--|2828|8|3|1011|4.564591|-0.097542|0.909225|-0.404716|2.928760|0.000569|0.000893
1882|265|-1|2955|124|128|HOH|4343|726|730|-O--|2828|8|3|1011|4.564591|0.097542|-0.909225|0.404716|2.928760|0.000569|0.000893
1882|266|-1|2956|146|127|HOH|4343|748|729|-O--|2828|8|3|1011|3.523371|0.560327|0.103662|0.821759|2.107465|0.009488|0.014900
1882|267|-1|2956|127|146|HOH|4343|729|748|-O--|2828|8|3|1011|3.523371|-0.560327|-0.103662|-0.821759|2.107465|0.009488|0.014900
1882|268|-1|2957|146|128|HOH|4343|748|730|-O--|2828|8|3|1011|4.807265|0.087210|0.453737|0.886858|10.378894|0.000295|0.000464
1882|269|-1|2957|128|146|HOH|4343|730|748|-O--|2828|8|3|1011|4.807265|-0.087210|-0.453737|-0.886858|10.378894|0.000295|0.000464
1882|270|-1|2958|159|144|HOH|4343|761|746|-O--|2828|8|3|1011|4.539417|-0.543075|0.707853|-0.451680|8.931283|0.000609|0.000956
1882|271|-1|2958|144|159|HOH|4343|746|761|-O--|2828|8|3|1011|4.539417|0.543075|-0.707853|0.451680|8.931283|0.000609|0.000956
1882|272|-1|2959|174|146|HOH|4343|776|748|-O--|2828|8|3|1011|2.809019|0.004899|0.510939|0.859603|19.511734|0.065410|0.102722
1882|273|-1|2959|146|174|HOH|4343|748|776|-O--|2828|8|3|1011|2.809019|-0.004899|-0.510939|-0.859603|19.511734|0.065410|0.102722
1882|274|-1|2960|159|146|HOH|4343|761|748|-O--|2828|8|3|1011|2.671268|-0.542530|-0.591016|0.596960|4.214375|0.094915|0.149057
1882|275|-1|2960|146|159|HOH|4343|748|761|-O--|2828|8|3|1011|2.671268|0.542530|0.591016|-0.596960|4.214375|0.094915|0.149057
1882|276|-1|2961|167|154|HOH|4343|769|756|-O--|2828|8|3|1011|3.009194|-0.163672|-0.153117|-0.974560|35.673321|0.038079|0.059801
1882|277|-1|2961|154|167|HOH|4343|756|769|-O--|2828|8|3|1011|3.009194|0.163672|0.153117|0.974560|35.673321|0.038079|0.059801
1882|278|-1|2962|159|156|HOH|4343|761|758|-O--|2828|8|3|1011|3.021615|0.656191|0.628551|0.417538|14.753756|0.036822|0.057826
1882|279|-1|2962|156|159|HOH|4343|758|761|-O--|2828|8|3|1011|3.021615|-0.656191|-0.628551|-0.417538|14.753756|0.036822|0.057826
