523|0|-1|1824|52|1426|LYS|_CA|2945|414|11530|-NZ-|CA--|1437|7|20|5|0011|3.723776|0.708151|-0.399057|-0.582473|0.060176|0.013836|0.013836
523|1|-1|13730|424|1425|TPQ|_CU|446|3334|11529|-O4-|CU--|2040|8|29|2|0011|2.233402|0.029551|-0.540431|-0.840869|4.182558|0.223491|0.486750
523|2|-1|13742|424|1425|TPQ|_CU|446|3336|11529|-O5-|CU--|2040|8|29|2|0011|3.900536|0.082040|-0.961150|-0.263554|8.567041|0.002468|0.005376
523|3|-1|15325|473|1425|HIS|_CU|3346|3760|11529|-NE2|CU--|1340|7|29|3|0011|2.084756|-0.110805|0.832711|-0.542508|2.692549|0.277170|1.161031
523|4|-1|15396|475|1425|HIS|_CU|3346|3777|11529|-NE2|CU--|1340|7|29|3|0011|2.033572|0.908254|0.196698|0.369303|1.123827|0.318291|1.333282
523|5|-1|15623|482|1426|ASP|_CA|2145|3839|11530|-OD1|CA--|1037|8|20|2|0011|2.312672|-0.199770|-0.442345|-0.874313|6.666539|0.392881|0.392881
523|6|-1|15647|483|1426|LEU|_CA|745|3844|11530|-O--|CA--|437|8|20|2|0011|2.321606|-0.619399|-0.475102|0.624998|4.250136|0.383508|0.383508
523|7|-1|15695|484|1426|ASP|_CA|2145|3855|11530|-OD1|CA--|1037|8|20|2|0011|2.381783|0.526915|-0.815775|0.238477|2.216333|0.325943|0.325943
523|8|-1|17181|525|1427|GLU|_CA|2545|4193|11531|-OE1|CA--|1037|8|20|2|0011|2.503681|-0.490877|0.400610|0.773661|2.067564|0.234455|0.234455
523|9|-1|17186|525|1427|GLU|_CA|2545|4194|11531|-OE2|CA--|1037|8|20|2|0011|2.609636|-0.374765|-0.456386|0.807009|1.098369|0.176074|0.176074
523|10|-1|19533|591|1427|ARG|_CA|3145|4768|11531|-NH1|CA--|737|7|20|4|0011|3.906798|0.881284|-0.386762|-0.271578|0.040083|0.008437|0.008437
523|11|-1|20275|616|1427|PHE|_CA|3545|4970|11531|-O--|CA--|437|8|20|2|0011|2.326016|-0.834045|0.032674|-0.550728|0.758285|0.378964|0.378964
523|12|-1|20360|619|1427|ASN|_CA|2345|5002|11531|-OD1|CA--|837|8|20|2|0011|2.450469|0.215877|0.960224|-0.177110|0.161319|0.270719|0.270719
523|13|-1|20367|619|1427|ASN|_CA|2345|5003|11531|-ND2|CA--|937|7|20|4|0011|3.746697|0.678998|0.626151|-0.383271|1.636252|0.013005|0.013005
523|14|-1|20401|621|1427|GLU|_CA|2545|5019|11531|-OE1|CA--|1037|8|20|2|0011|2.448690|0.924984|-0.012660|0.379795|3.669375|0.272024|0.272024
523|15|-1|20583|627|1426|ASP|_CA|2145|5080|11530|-OD1|CA--|1037|8|20|2|0011|2.337091|0.827951|0.478373|-0.292671|3.364550|0.367789|0.367789
523|16|-1|20588|628|1426|LEU|_CA|745|5082|11530|-N--|CA--|137|7|20|4|0011|3.412114|0.009965|0.982089|0.188154|1.263374|0.032124|0.032124
523|17|-1|20600|628|1426|LEU|_CA|745|5085|11530|-O--|CA--|437|8|20|2|0011|2.361167|-0.713631|0.652644|-0.254534|2.191798|0.344619|0.344619
523|18|-1|20793|638|1425|HIS|_CU|3346|5166|11529|-ND1|CU--|1340|7|29|3|0011|2.019707|-0.950138|-0.086646|0.299550|2.641887|0.330444|1.384191
523|19|-1|25102|766|1438|LYS|_CA|2945|6214|11659|-NZ-|CA--|1437|7|20|5|0011|3.892962|-0.615213|-0.619323|0.487804|0.293502|0.008758|0.008758
523|20|-1|36270|1134|1437|TPQ|_CU|446|9098|11658|-O4-|CU--|2040|8|29|2|0011|2.158508|0.107018|-0.588369|0.801479|1.523035|0.273633|0.595955
523|21|-1|36285|1134|1437|TPQ|_CU|446|9100|11658|-O5-|CU--|2040|8|29|2|0011|3.915587|0.140719|-0.974055|0.177240|11.416045|0.002370|0.005162
523|22|-1|37718|1183|1437|HIS|_CU|3346|9516|11658|-NE2|CU--|1340|7|29|3|0011|2.114430|-0.051551|0.796432|0.602527|2.402742|0.255809|1.071552
523|23|-1|37786|1185|1437|HIS|_CU|3346|9533|11658|-NE2|CU--|1340|7|29|3|0011|1.999560|-0.949209|0.026006|-0.313569|2.580658|0.348937|1.461652
523|24|-1|38020|1192|1438|ASP|_CA|2145|9595|11659|-OD1|CA--|1037|8|20|2|0011|2.265744|0.307184|-0.436501|0.845639|4.281316|0.446009|0.446009
523|25|-1|38026|1193|1438|LEU|_CA|745|9597|11659|-N--|CA--|137|7|20|4|0011|3.992761|0.951221|-0.306304|0.036817|2.049397|0.006688|0.006688
523|26|-1|38042|1193|1438|LEU|_CA|745|9600|11659|-O--|CA--|437|8|20|2|0011|2.341337|0.720529|-0.283172|-0.632971|2.528259|0.363593|0.363593
523|27|-1|38088|1194|1438|ASP|_CA|2145|9611|11659|-OD1|CA--|1037|8|20|2|0011|2.219578|-0.316727|-0.891160|-0.324835|0.646334|0.505279|0.505279
523|28|-1|39417|1235|1439|GLU|_CA|2545|9941|11660|-OE1|CA--|1037|8|20|2|0011|2.597301|0.405036|0.533246|-0.742694|13.428999|0.182042|0.182042
523|29|-1|39426|1235|1439|GLU|_CA|2545|9942|11660|-OE2|CA--|1037|8|20|2|0011|2.699820|0.420769|-0.285204|-0.861169|14.508921|0.137987|0.137987
523|30|-1|42342|1326|1439|PHE|_CA|3545|10715|11660|-O--|CA--|437|8|20|2|0011|2.406250|0.768000|0.188259|0.612156|12.987699|0.305086|0.305086
523|31|-1|42431|1329|1439|ASN|_CA|2345|10754|11660|-OD1|CA--|837|8|20|2|0011|2.346857|-0.357499|0.896518|0.261627|5.953174|0.358209|0.358209
523|32|-1|42437|1329|1439|ASN|_CA|2345|10755|11660|-ND2|CA--|937|7|20|4|0011|3.378449|-0.853646|0.387456|0.348089|7.939593|0.035184|0.035184
523|33|-1|42479|1331|1439|GLU|_CA|2545|10771|11660|-OE1|CA--|1037|8|20|2|0011|2.474664|-0.815060|-0.277210|-0.508755|4.825369|0.253583|0.253583
523|34|-1|42644|1337|1438|ASP|_CA|2145|10821|11659|-OD1|CA--|1037|8|20|2|0011|2.258925|-0.942041|0.227985|0.246135|2.987782|0.454304|0.454304
523|35|-1|42648|1338|1438|LEU|_CA|745|10823|11659|-N--|CA--|137|7|20|4|0011|3.480082|-0.251144|0.955150|-0.156892|0.730746|0.026733|0.026733
523|36|-1|42663|1338|1438|LEU|_CA|745|10826|11659|-O--|CA--|437|8|20|2|0011|2.315711|0.484085|0.823505|0.295806|1.141189|0.389667|0.389667
523|37|-1|42839|1348|1437|HIS|_CU|3346|10907|11658|-ND1|CU--|1340|7|29|3|0011|2.020317|0.939952|0.162846|-0.299953|4.351604|0.329900|1.381912
523|38|-1|44723|1458|1426|HOH|_CA|4345|11781|11530|-O--|CA--|2837|8|20|3|0011|2.507354|0.134802|0.373701|0.917701|6.754653|0.232140|0.232140
523|39|-1|44724|1520|1427|HOH|_CA|4345|11843|11531|-O--|CA--|2837|8|20|3|0011|2.323757|0.399352|-0.018074|-0.916619|4.027345|0.381285|0.381285
523|40|-1|44725|1465|1427|HOH|_CA|4345|11788|11531|-O--|CA--|2837|8|20|3|0011|2.381380|0.222140|-0.965827|-0.133536|4.262290|0.326298|0.326298
523|41|-1|45348|2036|1438|HOH|_CA|4345|12359|11659|-O--|CA--|2837|8|20|3|0011|2.439744|-0.259044|0.369711|-0.892306|1.317787|0.278681|0.278681
523|42|-1|45349|2186|1439|HOH|_CA|4345|12509|11660|-O--|CA--|2837|8|20|3|0011|3.975075|-0.125532|0.513198|0.849041|16.624039|0.004395|0.004395
523|43|-1|45350|1910|1439|HOH|_CA|4345|12233|11660|-O--|CA--|2837|8|20|3|0011|2.383998|-0.368708|-0.104447|0.923658|29.683594|0.323997|0.323997
523|44|-1|45351|1994|1439|HOH|_CA|4345|12317|11660|-O--|CA--|2837|8|20|3|0011|2.325822|0.037836|-0.999216|0.011609|12.824191|0.379163|0.379163
