1881|0|35|99|36|PRO|_CU|HIS|194633|296|862|306|-O--|CU--|-ND1|44013|1424|1469|3.873459|1.955738|3.499338|64.245903
1881|1|35|99|83|PRO|_CU|CYS|194615|296|862|758|-O--|CU--|-SG-|44011|1424|3483|3.873459|2.143477|4.681461|98.023987
1881|2|35|99|86|PRO|_CU|HIS|194633|296|862|778|-O--|CU--|-ND1|44013|1424|3560|3.873459|2.037449|3.883154|75.034523
1881|3|35|99|91|PRO|_CU|MET|194617|296|862|810|-O--|CU--|-SD-|44016|1424|3666|3.873459|2.779224|6.417706|149.020630
1881|4|83|99|36|CYS|_CU|HIS|154633|758|862|306|-SG-|CU--|-ND1|114013|3483|1469|2.143477|1.955738|3.701102|129.021393
1881|5|36|99|86|HIS|_CU|HIS|334633|306|862|778|-ND1|CU--|-ND1|134013|1469|3560|1.955738|2.037449|3.081646|100.998451
1881|6|36|99|91|HIS|_CU|MET|334617|306|862|810|-ND1|CU--|-SD-|134016|1469|3666|1.955738|2.779224|3.296652|86.407921
1881|7|83|99|86|CYS|_CU|HIS|154633|758|862|778|-SG-|CU--|-ND1|114013|3483|3560|2.143477|2.037449|3.638146|120.937576
1881|8|83|99|91|CYS|_CU|MET|154617|758|862|810|-SG-|CU--|-SD-|114016|3483|3666|2.143477|2.779224|4.017640|108.714897
1881|9|86|99|91|HIS|_CU|MET|334617|778|862|810|-ND1|CU--|-SD-|134016|3560|3666|2.037449|2.779224|3.795199|102.899635
1881|10|24|100|24|GLU|SO4|GLU|254725|207|863|208|-OE2|-S--|-OE2|103310|1018|1022|3.301206|3.700484|0.476333|4.259058
1881|11|24|100|195|GLU|SO4|HOH|254743|207|863|962|-OE2|-S--|-O--|103328|1018|3779|3.301206|3.815804|3.649776|61.198990
1881|12|24|100|100|GLU|SO4|SO4|254747|207|863|866|-OE2|-S--|-O3-|103331|1018|3780|3.301206|1.484660|2.312215|37.700024
1881|13|24|100|100|GLU|SO4|SO4|254747|207|863|865|-OE2|-S--|-O2-|103331|1018|3781|3.301206|1.458608|4.266711|122.534950
1881|14|24|100|100|GLU|SO4|SO4|254747|207|863|867|-OE2|-S--|-O4-|103331|1018|3782|3.301206|1.460927|3.020634|66.098778
1881|15|24|100|100|GLU|SO4|SO4|254747|207|863|864|-OE2|-S--|-O1-|103331|1018|3783|3.301206|1.429299|4.279373|124.699898
1881|16|24|100|271|GLU|SO4|HOH|254743|207|863|1038|-OE2|-S--|-O--|103328|1018|3784|3.301206|3.987283|5.596973|99.907875
1881|17|75|100|24|ASN|SO4|GLU|234725|688|863|207|-OD1|-S--|-OE2|83310|5589|1018|3.911252|3.301206|2.694394|42.837612
1881|18|76|100|24|LYS|SO4|GLU|294725|690|863|207|-N--|-S--|-OE2|13310|5596|1018|3.939310|3.301206|6.021093|112.224251
1881|19|24|100|136|GLU|SO4|HOH|254743|207|863|903|-OE2|-S--|-O--|103328|1018|5848|3.301206|3.543802|4.036588|72.174538
1881|20|24|100|141|GLU|SO4|HOH|254743|207|863|908|-OE2|-S--|-O--|103328|1018|5849|3.301206|3.544315|3.114312|53.980595
1881|21|24|100|195|GLU|SO4|HOH|254743|208|863|962|-OE2|-S--|-O--|103328|1022|3779|3.700484|3.815804|3.680752|58.618156
1881|22|24|100|100|GLU|SO4|SO4|254747|208|863|866|-OE2|-S--|-O3-|103331|1022|3780|3.700484|1.484660|2.652383|36.236671
1881|23|24|100|100|GLU|SO4|SO4|254747|208|863|865|-OE2|-S--|-O2-|103331|1022|3781|3.700484|1.458608|4.709757|126.101654
1881|24|24|100|100|GLU|SO4|SO4|254747|208|863|867|-OE2|-S--|-O4-|103331|1022|3782|3.700484|1.460927|3.427418|67.826462
1881|25|24|100|100|GLU|SO4|SO4|254747|208|863|864|-OE2|-S--|-O1-|103331|1022|3783|3.700484|1.429299|4.593452|120.465340
1881|26|24|100|271|GLU|SO4|HOH|254743|208|863|1038|-OE2|-S--|-O--|103328|1022|3784|3.700484|3.987283|5.703619|95.716309
1881|27|75|100|24|ASN|SO4|GLU|234725|688|863|208|-OD1|-S--|-OE2|83310|5589|1022|3.911252|3.700484|2.631261|40.327709
1881|28|76|100|24|LYS|SO4|GLU|294725|690|863|208|-N--|-S--|-OE2|13310|5596|1022|3.939310|3.700484|6.183018|108.017899
1881|29|24|100|136|GLU|SO4|HOH|254743|208|863|903|-OE2|-S--|-O--|103328|1022|5848|3.700484|3.543802|4.451903|75.802574
1881|30|24|100|141|GLU|SO4|HOH|254743|208|863|908|-OE2|-S--|-O--|103328|1022|5849|3.700484|3.544315|3.150600|51.499813
1881|31|195|100|100|HOH|SO4|SO4|434747|962|863|866|-O--|-S--|-O3-|283331|3779|3780|3.815804|1.484660|2.568224|26.170734
1881|32|195|100|100|HOH|SO4|SO4|434747|962|863|865|-O--|-S--|-O2-|283331|3779|3781|3.815804|1.458608|4.518688|109.581223
1881|33|195|100|100|HOH|SO4|SO4|434747|962|863|867|-O--|-S--|-O4-|283331|3779|3782|3.815804|1.460927|4.810338|125.312729
1881|34|195|100|100|HOH|SO4|SO4|434747|962|863|864|-O--|-S--|-O1-|283331|3779|3783|3.815804|1.429299|3.928668|83.848732
1881|35|195|100|271|HOH|SO4|HOH|434743|962|863|1038|-O--|-S--|-O--|283328|3779|3784|3.815804|3.987283|3.646751|55.672081
1881|36|75|100|195|ASN|SO4|HOH|234743|688|863|962|-OD1|-S--|-O--|83328|5589|3779|3.911252|3.815804|4.851096|77.766113
1881|37|76|100|195|LYS|SO4|HOH|294743|690|863|962|-N--|-S--|-O--|13328|5596|3779|3.939310|3.815804|4.867445|77.734894
1881|38|136|100|195|HOH|SO4|HOH|434743|903|863|962|-O--|-S--|-O--|283328|5848|3779|3.543802|3.815804|5.061836|86.827553
1881|39|141|100|195|HOH|SO4|HOH|434743|908|863|962|-O--|-S--|-O--|283328|5849|3779|3.544315|3.815804|4.935868|84.144043
1881|40|100|100|100|SO4|SO4|SO4|474747|865|863|866|-O2-|-S--|-O3-|313331|3781|3780|1.458608|1.484660|2.408576|109.833557
1881|41|100|100|100|SO4|SO4|SO4|474747|866|863|867|-O3-|-S--|-O4-|313331|3780|3782|1.484660|1.460927|2.318002|103.798119
1881|42|100|100|100|SO4|SO4|SO4|474747|864|863|866|-O1-|-S--|-O3-|313331|3783|3780|1.429299|1.484660|2.356963|107.952904
1881|43|271|100|100|HOH|SO4|SO4|434747|1038|863|866|-O--|-S--|-O3-|283331|3784|3780|3.987283|1.484660|3.978788|78.936859
1881|44|75|100|100|ASN|SO4|SO4|234747|688|863|866|-OD1|-S--|-O3-|83331|5589|3780|3.911252|1.484660|3.622758|67.855507
1881|45|76|100|100|LYS|SO4|SO4|294747|690|863|866|-N--|-S--|-O3-|13331|5596|3780|3.939310|1.484660|4.434953|99.578758
1881|46|136|100|100|HOH|SO4|SO4|434747|903|863|866|-O--|-S--|-O3-|283331|5848|3780|3.543802|1.484660|3.351866|70.412201
1881|47|141|100|100|HOH|SO4|SO4|434747|908|863|866|-O--|-S--|-O3-|283331|5849|3780|3.544315|1.484660|3.535583|77.565865
1881|48|100|100|100|SO4|SO4|SO4|474747|865|863|867|-O2-|-S--|-O4-|313331|3781|3782|1.458608|1.460927|2.391493|109.996536
1881|49|100|100|100|SO4|SO4|SO4|474747|864|863|865|-O1-|-S--|-O2-|313331|3783|3781|1.429299|1.458608|2.343096|108.451309
1881|50|271|100|100|HOH|SO4|SO4|434747|1038|863|865|-O--|-S--|-O2-|283331|3784|3781|3.987283|1.458608|4.904869|121.235741
1881|51|75|100|100|ASN|SO4|SO4|234747|688|863|865|-OD1|-S--|-O2-|83331|5589|3781|3.911252|1.458608|5.299559|159.109283
1881|52|76|100|100|LYS|SO4|SO4|294747|690|863|865|-N--|-S--|-O2-|13331|5596|3781|3.939310|1.458608|4.852955|120.922974
1881|53|136|100|100|HOH|SO4|SO4|434747|903|863|865|-O--|-S--|-O2-|283331|5848|3781|3.543802|1.458608|2.844485|50.362110
1881|54|141|100|100|HOH|SO4|SO4|434747|908|863|865|-O--|-S--|-O2-|283331|5849|3781|3.544315|1.458608|4.955180|162.557419
1881|55|100|100|100|SO4|SO4|SO4|474747|864|863|867|-O1-|-S--|-O4-|313331|3783|3782|1.429299|1.460927|2.459163|116.605324
1881|56|271|100|100|HOH|SO4|SO4|434747|1038|863|867|-O--|-S--|-O4-|283331|3784|3782|3.987283|1.460927|4.961315|124.399368
1881|57|75|100|100|ASN|SO4|SO4|234747|688|863|867|-OD1|-S--|-O4-|83331|5589|3782|3.911252|1.460927|3.256406|53.310650
1881|58|76|100|100|LYS|SO4|SO4|294747|690|863|867|-N--|-S--|-O4-|13331|5596|3782|3.939310|1.460927|4.665109|110.924973
1881|59|136|100|100|HOH|SO4|SO4|434747|903|863|867|-O--|-S--|-O4-|283331|5848|3782|3.543802|1.460927|3.846023|90.548088
1881|60|141|100|100|HOH|SO4|SO4|434747|908|863|867|-O--|-S--|-O4-|283331|5849|3782|3.544315|1.460927|2.898513|52.564251
1881|61|271|100|100|HOH|SO4|SO4|434747|1038|863|864|-O--|-S--|-O1-|283331|3784|3783|3.987283|1.429299|2.824335|29.046555
1881|62|75|100|100|ASN|SO4|SO4|234747|688|863|864|-OD1|-S--|-O1-|83331|5589|3783|3.911252|1.429299|4.200281|91.545593
1881|63|76|100|100|LYS|SO4|SO4|294747|690|863|864|-N--|-S--|-O1-|13331|5596|3783|3.939310|1.429299|2.564504|12.723695
1881|64|136|100|100|HOH|SO4|SO4|434747|903|863|864|-O--|-S--|-O1-|283331|5848|3783|3.543802|1.429299|4.849301|151.637817
1881|65|141|100|100|HOH|SO4|SO4|434747|908|863|864|-O--|-S--|-O1-|283331|5849|3783|3.544315|1.429299|3.658363|83.075783
1881|66|75|100|271|ASN|SO4|HOH|234743|688|863|1038|-OD1|-S--|-O--|83328|5589|3784|3.911252|3.987283|5.040492|79.302391
1881|67|76|100|271|LYS|SO4|HOH|294743|690|863|1038|-N--|-S--|-O--|13328|5596|3784|3.939310|3.987283|1.534587|22.315243
1881|68|136|100|271|HOH|SO4|HOH|434743|903|863|1038|-O--|-S--|-O--|283328|5848|3784|3.543802|3.987283|7.041438|138.375244
1881|69|141|100|271|HOH|SO4|HOH|434743|908|863|1038|-O--|-S--|-O--|283328|5849|3784|3.544315|3.987283|4.606450|75.155533
1881|70|76|100|75|LYS|SO4|ASN|294723|690|863|688|-N--|-S--|-OD1|13308|5596|5589|3.939310|3.911252|5.014000|79.386101
1881|71|75|100|136|ASN|SO4|HOH|234743|688|863|903|-OD1|-S--|-O--|83328|5589|5848|3.911252|3.543802|6.203873|112.551682
1881|72|75|100|141|ASN|SO4|HOH|234743|688|863|908|-OD1|-S--|-O--|83328|5589|5849|3.911252|3.544315|0.812465|11.172636
1881|73|76|100|136|LYS|SO4|HOH|294743|690|863|903|-N--|-S--|-O--|13328|5596|5848|3.939310|3.543802|7.348269|158.182251
1881|74|76|100|141|LYS|SO4|HOH|294743|690|863|908|-N--|-S--|-O--|13328|5596|5849|3.939310|3.544315|4.385655|71.530609
1881|75|136|100|141|HOH|SO4|HOH|434743|903|863|908|-O--|-S--|-O--|283328|5848|5849|3.543802|3.544315|6.215872|122.551453
1881|76|195|100|100|HOH|SO4|SO4|434747|962|864|863|-O--|-O1-|-S--|283133|3785|3783|3.928668|1.429299|3.815804|74.945526
1881|77|100|100|100|SO4|SO4|SO4|474747|866|864|863|-O3-|-O1-|-S--|313133|3786|3783|2.356963|1.429299|1.484660|36.815044
1881|78|100|100|100|SO4|SO4|SO4|474747|865|864|863|-O2-|-O1-|-S--|313133|3787|3783|2.343096|1.429299|1.458608|36.193317
1881|79|100|100|100|SO4|SO4|SO4|474747|867|864|863|-O4-|-O1-|-S--|313133|3788|3783|2.459163|1.429299|1.460927|32.084526
1881|80|271|100|100|HOH|SO4|SO4|434747|1038|864|863|-O--|-O1-|-S--|283133|3789|3783|2.824335|1.429299|3.987283|136.729935
1881|81|206|100|100|HOH|SO4|SO4|434747|973|864|863|-O--|-O1-|-S--|283133|3790|3783|3.513834|1.429299|4.371471|118.026886
1881|82|59|100|100|GLU|SO4|SO4|254747|521|864|863|-OE1|-O1-|-S--|103133|5350|3783|3.812671|1.429299|4.532372|111.322594
1881|83|75|100|100|ASN|SO4|SO4|234747|688|864|863|-OD1|-O1-|-S--|83133|5590|3783|3.906940|1.429299|4.488053|104.707863
1881|84|141|100|100|HOH|SO4|SO4|434747|908|864|863|-O--|-O1-|-S--|283133|5853|3783|3.658362|1.429299|3.544316|74.103813
1881|85|195|100|100|HOH|SO4|SO4|434747|962|864|866|-O--|-O1-|-O3-|283131|3785|3786|3.928668|2.356963|2.568224|38.992043
1881|86|195|100|100|HOH|SO4|SO4|434747|962|864|865|-O--|-O1-|-O2-|283131|3785|3787|3.928668|2.343096|4.518688|88.425095
1881|87|195|100|100|HOH|SO4|SO4|434747|962|864|867|-O--|-O1-|-O4-|283131|3785|3788|3.928668|2.459163|4.810338|94.920715
1881|88|195|100|271|HOH|SO4|HOH|434743|962|864|1038|-O--|-O1-|-O--|283128|3785|3789|3.928668|2.824335|3.646751|62.890797
1881|89|195|100|206|HOH|SO4|HOH|434743|962|864|973|-O--|-O1-|-O--|283128|3785|3790|3.928668|3.513834|4.923581|82.633789
1881|90|59|100|195|GLU|SO4|HOH|254743|521|864|962|-OE1|-O1-|-O--|103128|5350|3785|3.812671|3.928668|7.643265|161.738052
1881|91|75|100|195|ASN|SO4|HOH|234743|688|864|962|-OD1|-O1-|-O--|83128|5590|3785|3.906940|3.928668|4.488167|69.889557
1881|92|141|100|195|HOH|SO4|HOH|434743|908|864|962|-O--|-O1-|-O--|283128|5853|3785|3.658362|3.928668|4.935868|81.083641
1881|93|100|100|100|SO4|SO4|SO4|474747|865|864|866|-O2-|-O1-|-O3-|313131|3787|3786|2.343096|2.356963|2.408576|61.654350
1881|94|100|100|100|SO4|SO4|SO4|474747|866|864|867|-O3-|-O1-|-O4-|313131|3786|3788|2.356963|2.459163|2.318002|57.493664
1881|95|271|100|100|HOH|SO4|SO4|434747|1038|864|866|-O--|-O1-|-O3-|283131|3789|3786|2.824335|2.356963|3.978788|99.941917
1881|96|206|100|100|HOH|SO4|SO4|434747|973|864|866|-O--|-O1-|-O3-|283131|3790|3786|3.513834|2.356963|4.483449|97.629028
1881|97|59|100|100|GLU|SO4|SO4|254747|521|864|866|-OE1|-O1-|-O3-|103131|5350|3786|3.812671|2.356963|5.938406|147.588821
1881|98|75|100|100|ASN|SO4|SO4|234747|688|864|866|-OD1|-O1-|-O3-|83131|5590|3786|3.906940|2.356963|4.270380|81.936684
1881|99|141|100|100|HOH|SO4|SO4|434747|908|864|866|-O--|-O1-|-O3-|283131|5853|3786|3.658362|2.356963|3.535583|68.077515
1881|100|100|100|100|SO4|SO4|SO4|474747|865|864|867|-O2-|-O1-|-O4-|313131|3787|3788|2.343096|2.459163|2.391493|59.676311
1881|101|271|100|100|HOH|SO4|SO4|434747|1038|864|865|-O--|-O1-|-O2-|283131|3789|3787|2.824335|2.343096|4.904869|143.147980
1881|102|206|100|100|HOH|SO4|SO4|434747|973|864|865|-O--|-O1-|-O2-|283131|3790|3787|3.513834|2.343096|5.715033|154.194962
1881|103|59|100|100|GLU|SO4|SO4|254747|521|864|865|-OE1|-O1-|-O2-|103131|5350|3787|3.812671|2.343096|4.404077|87.977158
1881|104|75|100|100|ASN|SO4|SO4|234747|688|864|865|-OD1|-O1-|-O2-|83131|5590|3787|3.906940|2.343096|5.905581|140.471451
1881|105|141|100|100|HOH|SO4|SO4|434747|908|864|865|-O--|-O1-|-O2-|283131|5853|3787|3.658362|2.343096|4.955180|109.348961
1881|106|271|100|100|HOH|SO4|SO4|434747|1038|864|867|-O--|-O1-|-O4-|283131|3789|3788|2.824335|2.459163|4.961315|139.674927
1881|107|206|100|100|HOH|SO4|SO4|434747|973|864|867|-O--|-O1-|-O4-|283131|3790|3788|3.513834|2.459163|4.524904|96.913406
1881|108|59|100|100|GLU|SO4|SO4|254747|521|864|867|-OE1|-O1-|-O4-|103131|5350|3788|3.812671|2.459163|4.838655|98.675873
1881|109|75|100|100|ASN|SO4|SO4|234747|688|864|867|-OD1|-O1-|-O4-|83131|5590|3788|3.906940|2.459163|4.572269|88.789276
1881|110|141|100|100|HOH|SO4|SO4|434747|908|864|867|-O--|-O1-|-O4-|283131|5853|3788|3.658362|2.459163|2.898513|52.193268
1881|111|206|100|271|HOH|SO4|HOH|434743|973|864|1038|-O--|-O1-|-O--|283128|3790|3789|3.513834|2.824335|2.739615|49.773361
1881|112|59|100|271|GLU|SO4|HOH|254743|521|864|1038|-OE1|-O1-|-O--|103128|5350|3789|3.812671|2.824335|5.523584|111.796219
1881|113|75|100|271|ASN|SO4|HOH|234743|688|864|1038|-OD1|-O1-|-O--|83128|5590|3789|3.906940|2.824335|3.152558|52.931839
1881|114|141|100|271|HOH|SO4|HOH|434743|908|864|1038|-O--|-O1-|-O--|283128|5853|3789|3.658362|2.824335|4.606450|89.608772
1881|115|59|100|206|GLU|SO4|HOH|254743|521|864|973|-OE1|-O1-|-O--|103128|5350|3790|3.812671|3.513834|5.915160|107.608688
1881|116|75|100|206|ASN|SO4|HOH|234743|688|864|973|-OD1|-O1-|-O--|83128|5590|3790|3.906940|3.513834|1.085560|15.696508
1881|117|141|100|206|HOH|SO4|HOH|434743|908|864|973|-O--|-O1-|-O--|283128|5853|3790|3.658362|3.513834|2.771485|45.408352
1881|118|75|100|59|ASN|SO4|GLU|234725|688|864|521|-OD1|-O1-|-OE1|83110|5590|5350|3.906940|3.812671|6.762347|122.321411
1881|119|59|100|141|GLU|SO4|HOH|254743|521|864|908|-OE1|-O1-|-O--|103128|5350|5853|3.812671|3.658362|6.369126|116.956322
1881|120|75|100|141|ASN|SO4|HOH|234743|688|864|908|-OD1|-O1-|-O--|83128|5590|5853|3.906940|3.658362|2.404929|36.885571
1881|121|100|100|100|SO4|SO4|SO4|474747|864|865|863|-O1-|-O2-|-S--|313133|3787|3781|2.343096|1.458608|1.429299|35.355377
1881|122|100|100|100|SO4|SO4|SO4|474747|866|865|863|-O3-|-O2-|-S--|313133|3791|3781|2.408576|1.458608|1.484660|35.439426
1881|123|100|100|100|SO4|SO4|SO4|474747|867|865|863|-O4-|-O2-|-S--|313133|3792|3781|2.391493|1.458608|1.460927|35.033607
1881|124|59|100|100|GLU|SO4|SO4|254747|522|865|863|-OE2|-O2-|-S--|103133|5364|3781|3.336897|1.458608|4.502079|136.033218
1881|125|75|100|100|ASN|SO4|SO4|234747|688|865|863|-OD1|-O2-|-S--|83133|5591|3781|2.839558|1.458608|1.810761|33.447449
1881|126|76|100|100|LYS|SO4|SO4|294747|690|865|863|-N--|-O2-|-S--|13133|5598|3781|3.682636|1.458608|3.678587|78.415474
1881|127|136|100|100|HOH|SO4|SO4|434747|903|865|863|-O--|-O2-|-S--|283133|5857|3781|2.844485|1.458608|3.543802|106.378708
1881|128|100|100|100|SO4|SO4|SO4|474747|864|865|866|-O1-|-O2-|-O3-|313131|3787|3791|2.343096|2.408576|2.356963|59.456104
1881|129|100|100|100|SO4|SO4|SO4|474747|864|865|867|-O1-|-O2-|-O4-|313131|3787|3792|2.343096|2.391493|2.459163|62.574692
1881|130|59|100|100|GLU|SO4|SO4|254747|522|865|864|-OE2|-O2-|-O1-|103131|5364|3787|3.336897|2.343096|4.575090|105.985657
1881|131|75|100|100|ASN|SO4|SO4|234747|688|865|864|-OD1|-O2-|-O1-|83131|5591|3787|2.839558|2.343096|2.751212|63.275612
1881|132|76|100|100|LYS|SO4|SO4|294747|690|865|864|-N--|-O2-|-O1-|13131|5598|3787|3.682636|2.343096|2.556631|43.512680
1881|133|136|100|100|HOH|SO4|SO4|434747|903|865|864|-O--|-O2-|-O1-|283131|5857|3787|2.844485|2.343096|4.849301|138.183777
1881|134|100|100|100|SO4|SO4|SO4|474747|866|865|867|-O3-|-O2-|-O4-|313131|3791|3792|2.408576|2.391493|2.318002|57.749977
1881|135|59|100|100|GLU|SO4|SO4|254747|522|865|866|-OE2|-O2-|-O3-|103131|5364|3791|3.336897|2.408576|5.684507|163.067642
1881|136|75|100|100|ASN|SO4|SO4|234747|688|865|866|-OD1|-O2-|-O3-|83131|5591|3791|2.839558|2.408576|2.400346|53.675236
1881|137|76|100|100|LYS|SO4|SO4|294747|690|865|866|-N--|-O2-|-O3-|13131|5598|3791|3.682636|2.408576|4.726412|99.657257
1881|138|136|100|100|HOH|SO4|SO4|434747|903|865|866|-O--|-O2-|-O3-|283131|5857|3791|2.844485|2.408576|3.351866|78.817642
1881|139|59|100|100|GLU|SO4|SO4|254747|522|865|867|-OE2|-O2-|-O4-|103131|5364|3792|3.336897|2.391493|5.118641|125.845390
1881|140|75|100|100|ASN|SO4|SO4|234747|688|865|867|-OD1|-O2-|-O4-|83131|5591|3792|2.839558|2.391493|0.495355|4.645364
1881|141|76|100|100|LYS|SO4|SO4|294747|690|865|867|-N--|-O2-|-O4-|13131|5598|3792|3.682636|2.391493|4.630045|97.031670
1881|142|136|100|100|HOH|SO4|SO4|434747|903|865|867|-O--|-O2-|-O4-|283131|5857|3792|2.844485|2.391493|3.846023|94.137276
1881|143|75|100|59|ASN|SO4|GLU|234725|688|865|522|-OD1|-O2-|-OE2|83110|5591|5364|2.839558|3.336897|5.611696|130.443237
1881|144|76|100|59|LYS|SO4|GLU|294725|690|865|522|-N--|-O2-|-OE2|13110|5598|5364|3.682636|3.336897|3.735302|64.077019
1881|145|59|100|136|GLU|SO4|HOH|254743|522|865|903|-OE2|-O2-|-O--|103128|5364|5857|3.336897|2.844485|5.238907|115.659149
1881|146|76|100|75|LYS|SO4|ASN|294723|690|865|688|-N--|-O2-|-OD1|13108|5598|5591|3.682636|2.839558|5.014000|99.676346
1881|147|75|100|136|ASN|SO4|HOH|234743|688|865|903|-OD1|-O2-|-O--|83128|5591|5857|2.839558|2.844485|4.050942|90.907852
1881|148|76|100|136|LYS|SO4|HOH|294743|690|865|903|-N--|-O2-|-O--|13128|5598|5857|3.682636|2.844485|6.477038|165.676178
1881|149|24|100|24|GLU|SO4|GLU|254725|205|866|206|-OE1|-O3-|-OE1|103110|1013|1014|3.193713|3.259374|0.303615|5.266001
1881|150|24|100|24|GLU|SO4|GLU|254725|205|866|207|-OE1|-O3-|-OE2|103110|1013|1016|3.193713|2.312215|2.204147|43.642132
1881|151|24|100|24|GLU|SO4|GLU|254725|205|866|208|-OE1|-O3-|-OE2|103110|1013|1020|3.193713|2.652383|2.415673|47.712101
1881|152|24|100|100|GLU|SO4|SO4|254747|205|866|863|-OE1|-O3-|-S--|103133|1013|3780|3.193713|1.484660|4.172009|121.831520
1881|153|24|100|100|GLU|SO4|SO4|254747|205|866|864|-OE1|-O3-|-O1-|103131|1013|3786|3.193713|2.356963|5.439862|156.795227
1881|154|24|100|100|GLU|SO4|SO4|254747|205|866|865|-OE1|-O3-|-O2-|103131|1013|3791|3.193713|2.408576|4.443809|104.094147
1881|155|24|100|195|GLU|SO4|HOH|254743|205|866|962|-OE1|-O3-|-O--|103128|1013|3793|3.193713|2.568224|4.347642|97.377487
1881|156|24|100|100|GLU|SO4|SO4|254747|205|866|867|-OE1|-O3-|-O4-|103131|1013|3794|3.193713|2.318002|4.107331|95.026405
1881|157|24|100|271|GLU|SO4|HOH|254743|205|866|1038|-OE1|-O3-|-O--|103128|1013|3795|3.193713|3.978788|7.040026|157.806824
1881|158|24|100|136|GLU|SO4|HOH|254743|205|866|903|-OE1|-O3-|-O--|103128|1013|5860|3.193713|3.351866|2.752215|49.656174
1881|159|24|100|141|GLU|SO4|HOH|254743|205|866|908|-OE1|-O3-|-O--|103128|1013|5862|3.193713|3.535583|5.225439|101.765991
1881|160|24|100|24|GLU|SO4|GLU|254725|206|866|207|-OE1|-O3-|-OE2|103110|1014|1016|3.259374|2.312215|2.058413|38.884678
1881|161|24|100|24|GLU|SO4|GLU|254725|206|866|208|-OE1|-O3-|-OE2|103110|1014|1020|3.259374|2.652383|2.222563|42.641155
1881|162|24|100|100|GLU|SO4|SO4|254747|206|866|863|-OE1|-O3-|-S--|103133|1014|3780|3.259374|1.484660|4.282361|124.709534
1881|163|24|100|100|GLU|SO4|SO4|254747|206|866|864|-OE1|-O3-|-O1-|103131|1014|3786|3.259374|2.356963|5.522256|158.716354
1881|164|24|100|100|GLU|SO4|SO4|254747|206|866|865|-OE1|-O3-|-O2-|103131|1014|3791|3.259374|2.408576|4.639063|108.939964
1881|165|24|100|195|GLU|SO4|HOH|254743|206|866|962|-OE1|-O3-|-O--|103128|1014|3793|3.259374|2.568224|4.334058|95.363029
1881|166|24|100|100|GLU|SO4|SO4|254747|206|866|867|-OE1|-O3-|-O4-|103131|1014|3794|3.259374|2.318002|4.178912|95.570023
1881|167|24|100|271|GLU|SO4|HOH|254743|206|866|1038|-OE1|-O3-|-O--|103128|1014|3795|3.259374|3.978788|7.047526|153.508423
1881|168|24|100|136|GLU|SO4|HOH|254743|206|866|903|-OE1|-O3-|-O--|103128|1014|5860|3.259374|3.351866|3.047956|54.885120
1881|169|24|100|141|GLU|SO4|HOH|254743|206|866|908|-OE1|-O3-|-O--|103128|1014|5862|3.259374|3.535583|5.123075|97.785240
1881|170|24|100|24|GLU|SO4|GLU|254725|207|866|208|-OE2|-O3-|-OE2|103110|1016|1020|2.312215|2.652383|0.476333|7.720216
1881|171|24|100|100|GLU|SO4|SO4|254747|207|866|863|-OE2|-O3-|-S--|103133|1016|3780|2.312215|1.484660|3.301206|119.179977
1881|172|24|100|100|GLU|SO4|SO4|254747|207|866|864|-OE2|-O3-|-O1-|103131|1016|3786|2.312215|2.356963|4.279373|132.841354
1881|173|24|100|100|GLU|SO4|SO4|254747|207|866|865|-OE2|-O3-|-O2-|103131|1016|3791|2.312215|2.408576|4.266711|129.316406
1881|174|24|100|195|GLU|SO4|HOH|254743|207|866|962|-OE2|-O3-|-O--|103128|1016|3793|2.312215|2.568224|3.649776|96.666496
1881|175|24|100|100|GLU|SO4|SO4|254747|207|866|867|-OE2|-O3-|-O4-|103131|1016|3794|2.312215|2.318002|3.020634|81.441582
1881|176|24|100|271|GLU|SO4|HOH|254743|207|866|1038|-OE2|-O3-|-O--|103128|1016|3795|2.312215|3.978788|5.596973|123.476028
1881|177|24|100|136|GLU|SO4|HOH|254743|207|866|903|-OE2|-O3-|-O--|103128|1016|5860|2.312215|3.351866|4.036588|88.937950
1881|178|24|100|141|GLU|SO4|HOH|254743|207|866|908|-OE2|-O3-|-O--|103128|1016|5862|2.312215|3.535583|3.114312|60.110344
1881|179|24|100|100|GLU|SO4|SO4|254747|208|866|863|-OE2|-O3-|-S--|103133|1020|3780|2.652383|1.484660|3.700484|124.441254
1881|180|24|100|100|GLU|SO4|SO4|254747|208|866|864|-OE2|-O3-|-O1-|103131|1020|3786|2.652383|2.356963|4.593452|132.889023
1881|181|24|100|100|GLU|SO4|SO4|254747|208|866|865|-OE2|-O3-|-O2-|103131|1020|3791|2.652383|2.408576|4.709757|137.006439
1881|182|24|100|195|GLU|SO4|HOH|254743|208|866|962|-OE2|-O3-|-O--|103128|1020|3793|2.652383|2.568224|3.680752|89.651031
1881|183|24|100|100|GLU|SO4|SO4|254747|208|866|867|-OE2|-O3-|-O4-|103131|1020|3794|2.652383|2.318002|3.427418|86.918221
1881|184|24|100|271|GLU|SO4|HOH|254743|208|866|1038|-OE2|-O3-|-O--|103128|1020|3795|2.652383|3.978788|5.703619|117.253815
1881|185|24|100|136|GLU|SO4|HOH|254743|208|866|903|-OE2|-O3-|-O--|103128|1020|5860|2.652383|3.351866|4.451903|94.998688
1881|186|24|100|141|GLU|SO4|HOH|254743|208|866|908|-OE2|-O3-|-O--|103128|1020|5862|2.652383|3.535583|3.150600|59.180035
1881|187|100|100|100|SO4|SO4|SO4|474747|864|866|863|-O1-|-O3-|-S--|313133|3786|3780|2.356963|1.484660|1.429299|35.232052
1881|188|100|100|100|SO4|SO4|SO4|474747|865|866|863|-O2-|-O3-|-S--|313133|3791|3780|2.408576|1.484660|1.458608|34.727016
1881|189|195|100|100|HOH|SO4|SO4|434747|962|866|863|-O--|-O3-|-S--|283133|3793|3780|2.568224|1.484660|3.815804|139.057785
1881|190|100|100|100|SO4|SO4|SO4|474747|867|866|863|-O4-|-O3-|-S--|313133|3794|3780|2.318002|1.484660|1.460927|37.738964
1881|191|271|100|100|HOH|SO4|SO4|434747|1038|866|863|-O--|-O3-|-S--|283133|3795|3780|3.978788|1.484660|3.987283|79.581108
1881|192|136|100|100|HOH|SO4|SO4|434747|903|866|863|-O--|-O3-|-S--|283133|5860|3780|3.351866|1.484660|3.543802|84.923424
1881|193|141|100|100|HOH|SO4|SO4|434747|908|866|863|-O--|-O3-|-S--|283133|5862|3780|3.535583|1.484660|3.544316|78.224922
1881|194|100|100|100|SO4|SO4|SO4|474747|864|866|865|-O1-|-O3-|-O2-|313131|3786|3791|2.356963|2.408576|2.343096|58.889542
1881|195|195|100|100|HOH|SO4|SO4|434747|962|866|864|-O--|-O3-|-O1-|283131|3793|3786|2.568224|2.356963|3.928668|105.736298
1881|196|100|100|100|SO4|SO4|SO4|474747|864|866|867|-O1-|-O3-|-O4-|313131|3786|3794|2.356963|2.318002|2.459163|63.468533
1881|197|271|100|100|HOH|SO4|SO4|434747|1038|866|864|-O--|-O3-|-O1-|283131|3795|3786|3.978788|2.356963|2.824335|44.361927
1881|198|136|100|100|HOH|SO4|SO4|434747|903|866|864|-O--|-O3-|-O1-|283131|5860|3786|3.351866|2.356963|4.849301|115.191696
1881|199|141|100|100|HOH|SO4|SO4|434747|908|866|864|-O--|-O3-|-O1-|283131|5862|3786|3.535583|2.356963|3.658363|73.720497
1881|200|195|100|100|HOH|SO4|SO4|434747|962|866|865|-O--|-O3-|-O2-|283131|3793|3791|2.568224|2.408576|4.518688|130.420074
1881|201|100|100|100|SO4|SO4|SO4|474747|865|866|867|-O2-|-O3-|-O4-|313131|3791|3794|2.408576|2.318002|2.391493|60.755249
1881|202|271|100|100|HOH|SO4|SO4|434747|1038|866|865|-O--|-O3-|-O2-|283131|3795|3791|3.978788|2.408576|4.904869|97.271004
1881|203|136|100|100|HOH|SO4|SO4|434747|903|866|865|-O--|-O3-|-O2-|283131|5860|3791|3.351866|2.408576|2.844485|56.358044
1881|204|141|100|100|HOH|SO4|SO4|434747|908|866|865|-O--|-O3-|-O2-|283131|5862|3791|3.535583|2.408576|4.955180|111.536819
1881|205|195|100|100|HOH|SO4|SO4|434747|962|866|867|-O--|-O3-|-O4-|283131|3793|3794|2.568224|2.318002|4.810338|159.750778
1881|206|195|100|271|HOH|SO4|HOH|434743|962|866|1038|-O--|-O3-|-O--|283128|3793|3795|2.568224|3.978788|3.646751|63.472229
1881|207|136|100|195|HOH|SO4|HOH|434743|903|866|962|-O--|-O3-|-O--|283128|5860|3793|3.351866|2.568224|5.061836|116.907372
1881|208|141|100|195|HOH|SO4|HOH|434743|908|866|962|-O--|-O3-|-O--|283128|5862|3793|3.535583|2.568224|4.935868|106.858551
1881|209|271|100|100|HOH|SO4|SO4|434747|1038|866|867|-O--|-O3-|-O4-|283131|3795|3794|3.978788|2.318002|4.961315|100.655785
1881|210|136|100|100|HOH|SO4|SO4|434747|903|866|867|-O--|-O3-|-O4-|283131|5860|3794|3.351866|2.318002|3.846023|83.287842
1881|211|141|100|100|HOH|SO4|SO4|434747|908|866|867|-O--|-O3-|-O4-|283131|5862|3794|3.535583|2.318002|2.898513|54.698082
1881|212|136|100|271|HOH|SO4|HOH|434743|903|866|1038|-O--|-O3-|-O--|283128|5860|3795|3.351866|3.978788|7.041438|147.582184
1881|213|141|100|271|HOH|SO4|HOH|434743|908|866|1038|-O--|-O3-|-O--|283128|5862|3795|3.535583|3.978788|4.606450|75.358261
1881|214|136|100|141|HOH|SO4|HOH|434743|903|866|908|-O--|-O3-|-O--|283128|5860|5862|3.351866|3.535583|6.215872|128.955887
1881|215|24|100|24|GLU|SO4|GLU|254725|207|867|208|-OE2|-O4-|-OE2|103110|1017|1021|3.020634|3.427418|0.476333|4.414195
1881|216|24|100|100|GLU|SO4|SO4|254747|207|867|863|-OE2|-O4-|-S--|103133|1017|3782|3.020634|1.460927|3.301206|87.658554
1881|217|24|100|100|GLU|SO4|SO4|254747|207|867|864|-OE2|-O4-|-O1-|103131|1017|3788|3.020634|2.459163|4.279373|102.207024
1881|218|24|100|100|GLU|SO4|SO4|254747|207|867|865|-OE2|-O4-|-O2-|103131|1017|3792|3.020634|2.391493|4.266711|103.453590
1881|219|24|100|100|GLU|SO4|SO4|254747|207|867|866|-OE2|-O4-|-O3-|103131|1017|3794|3.020634|2.318002|2.312215|49.196018
1881|220|76|100|24|LYS|SO4|GLU|294725|690|867|207|-N--|-O4-|-OE2|13110|5599|1017|3.005624|3.020634|4.084023|85.328674
1881|221|24|100|136|GLU|SO4|HOH|254743|207|867|903|-OE2|-O4-|-O--|103128|1017|5863|3.020634|3.846023|4.036588|70.849846
1881|222|24|100|141|GLU|SO4|HOH|254743|207|867|908|-OE2|-O4-|-O--|103128|1017|5864|3.020634|2.898513|3.114312|63.450871
1881|223|24|100|143|GLU|SO4|HOH|254743|207|867|910|-OE2|-O4-|-O--|103128|1017|5865|3.020634|3.103604|5.614116|132.893295
1881|224|24|100|100|GLU|SO4|SO4|254747|208|867|863|-OE2|-O4-|-S--|103133|1021|3782|3.427418|1.460927|3.700484|88.924774
1881|225|24|100|100|GLU|SO4|SO4|254747|208|867|864|-OE2|-O4-|-O1-|103131|1021|3788|3.427418|2.459163|4.593452|101.307030
1881|226|24|100|100|GLU|SO4|SO4|254747|208|867|865|-OE2|-O4-|-O2-|103131|1021|3792|3.427418|2.391493|4.709757|106.716759
1881|227|24|100|100|GLU|SO4|SO4|254747|208|867|866|-OE2|-O4-|-O3-|103131|1021|3794|3.427418|2.318002|2.652383|50.601742
1881|228|76|100|24|LYS|SO4|GLU|294725|690|867|208|-N--|-O4-|-OE2|13110|5599|1021|3.005624|3.427418|4.222656|81.767532
1881|229|24|100|136|GLU|SO4|HOH|254743|208|867|903|-OE2|-O4-|-O--|103128|1021|5863|3.427418|3.846023|4.451903|75.233475
1881|230|24|100|141|GLU|SO4|HOH|254743|208|867|908|-OE2|-O4-|-O--|103128|1021|5864|3.427418|2.898513|3.150600|59.036697
1881|231|24|100|143|GLU|SO4|HOH|254743|208|867|910|-OE2|-O4-|-O--|103128|1021|5865|3.427418|3.103604|5.902613|129.252335
1881|232|100|100|100|SO4|SO4|SO4|474747|864|867|863|-O1-|-O4-|-S--|313133|3788|3782|2.459163|1.460927|1.429299|31.310150
1881|233|100|100|100|SO4|SO4|SO4|474747|865|867|863|-O2-|-O4-|-S--|313133|3792|3782|2.391493|1.460927|1.458608|34.969860
1881|234|100|100|100|SO4|SO4|SO4|474747|866|867|863|-O3-|-O4-|-S--|313133|3794|3782|2.318002|1.460927|1.484660|38.462921
1881|235|76|100|100|LYS|SO4|SO4|294747|690|867|863|-N--|-O4-|-S--|13133|5599|3782|3.005624|1.460927|2.867280|70.394112
1881|236|136|100|100|HOH|SO4|SO4|434747|903|867|863|-O--|-O4-|-S--|283133|5863|3782|3.846023|1.460927|3.543802|67.128349
1881|237|141|100|100|HOH|SO4|SO4|434747|908|867|863|-O--|-O4-|-S--|283133|5864|3782|2.898513|1.460927|3.544316|103.844170
1881|238|143|100|100|HOH|SO4|SO4|434747|910|867|863|-O--|-O4-|-S--|283133|5865|3782|3.103604|1.460927|4.154513|127.284454
1881|239|100|100|100|SO4|SO4|SO4|474747|864|867|865|-O1-|-O4-|-O2-|313131|3788|3792|2.459163|2.391493|2.343096|57.748997
1881|240|100|100|100|SO4|SO4|SO4|474747|864|867|866|-O1-|-O4-|-O3-|313131|3788|3794|2.459163|2.318002|2.356963|59.037804
1881|241|76|100|100|LYS|SO4|SO4|294747|690|867|864|-N--|-O4-|-O1-|13131|5599|3788|3.005624|2.459163|2.176364|45.590096
1881|242|136|100|100|HOH|SO4|SO4|434747|903|867|864|-O--|-O4-|-O1-|283131|5863|3788|3.846023|2.459163|4.849301|98.133827
1881|243|141|100|100|HOH|SO4|SO4|434747|908|867|864|-O--|-O4-|-O1-|283131|5864|3788|2.898513|2.459163|3.658363|85.714668
1881|244|143|100|100|HOH|SO4|SO4|434747|910|867|864|-O--|-O4-|-O1-|283131|5865|3788|3.103604|2.459163|4.239110|98.628944
1881|245|100|100|100|SO4|SO4|SO4|474747|865|867|866|-O2-|-O4-|-O3-|313131|3792|3794|2.391493|2.318002|2.408576|61.494774
1881|246|76|100|100|LYS|SO4|SO4|294747|690|867|865|-N--|-O4-|-O2-|13131|5599|3792|3.005624|2.391493|4.232558|102.704338
1881|247|136|100|100|HOH|SO4|SO4|434747|903|867|865|-O--|-O4-|-O2-|283131|5863|3792|3.846023|2.391493|2.844485|47.532795
1881|248|141|100|100|HOH|SO4|SO4|434747|908|867|865|-O--|-O4-|-O2-|283131|5864|3792|2.898513|2.391493|4.955180|138.812881
1881|249|143|100|100|HOH|SO4|SO4|434747|910|867|865|-O--|-O4-|-O2-|283131|5865|3792|3.103604|2.391493|4.848908|123.347832
1881|250|76|100|100|LYS|SO4|SO4|294747|690|867|866|-N--|-O4-|-O3-|13131|5599|3794|3.005624|2.318002|3.192371|72.389519
1881|251|136|100|100|HOH|SO4|SO4|434747|903|867|866|-O--|-O4-|-O3-|283131|5863|3794|3.846023|2.318002|3.351866|59.944599
1881|252|141|100|100|HOH|SO4|SO4|434747|908|867|866|-O--|-O4-|-O3-|283131|5864|3794|2.898513|2.318002|3.535583|84.558945
1881|253|143|100|100|HOH|SO4|SO4|434747|910|867|866|-O--|-O4-|-O3-|283131|5865|3794|3.103604|2.318002|5.265102|152.099197
1881|254|76|100|136|LYS|SO4|HOH|294743|690|867|903|-N--|-O4-|-O--|13128|5599|5863|3.005624|3.846023|6.256977|131.515640
1881|255|76|100|141|LYS|SO4|HOH|294743|690|867|908|-N--|-O4-|-O--|13128|5599|5864|3.005624|2.898513|2.066555|40.926338
1881|256|76|100|143|LYS|SO4|HOH|294743|690|867|910|-N--|-O4-|-O--|13128|5599|5865|3.005624|3.103604|3.925239|79.940880
1881|257|136|100|141|HOH|SO4|HOH|434743|903|867|908|-O--|-O4-|-O--|283128|5863|5864|3.846023|2.898513|6.215872|133.843170
1881|258|136|100|143|HOH|SO4|HOH|434743|903|867|910|-O--|-O4-|-O--|283128|5863|5865|3.846023|3.103604|6.651653|146.122864
1881|259|141|100|143|HOH|SO4|HOH|434743|908|867|910|-O--|-O4-|-O--|283128|5864|5865|2.898513|3.103604|3.727675|76.702629
