491|0|-1|437|10|129|CYS|_CU|1546|80|1000|-N--|CU--|140|7|29|4|0011|3.215606|-0.081167|-0.885681|0.457145|0.953253|0.013043|0.054637
491|1|-1|461|10|129|CYS|_CU|1546|83|1000|-O--|CU--|440|8|29|2|0011|3.596489|0.474908|-0.876410|-0.079800|0.804477|0.005614|0.012228
491|2|-1|475|10|128|CYS|_CL|1547|85|999|-SG-|CL--|1138|16|17|3|0011|3.602091|0.317871|-0.411983|-0.853949|2.070627|-0.001000|0.044434
491|3|-1|476|10|131|CYS|_CU|1546|85|1002|-SG-|CU--|1140|16|29|3|0011|3.793546|0.489779|-0.784490|0.380383|0.196863|0.005376|0.026484
491|4|-1|477|10|126|CYS|_CU|1546|85|997|-SG-|CU--|1140|16|29|3|0011|2.194695|0.656583|-0.683922|-0.318040|0.240057|0.404711|1.993743
491|5|-1|478|10|129|CYS|_CU|1546|85|1000|-SG-|CU--|1140|16|29|3|0011|2.172015|0.717767|-0.014733|0.696128|0.133213|0.430295|2.119777
491|6|-1|566|13|132|CYS|_CU|1546|100|1003|-N--|CU--|140|7|29|4|0011|3.393122|0.701124|-0.711439|0.047744|0.529978|0.008073|0.033816
491|7|-1|567|13|129|CYS|_CU|1546|100|1000|-N--|CU--|140|7|29|4|0011|3.166989|0.611306|-0.295549|-0.734136|0.911974|0.014875|0.062309
491|8|-1|597|13|131|CYS|_CU|1546|105|1002|-SG-|CU--|1140|16|29|3|0011|3.939200|-0.247766|-0.857788|-0.450345|0.699586|0.003627|0.017866
491|9|-1|598|13|132|CYS|_CU|1546|105|1003|-SG-|CU--|1140|16|29|3|0011|2.227850|-0.373454|-0.858675|0.351011|0.273996|0.370023|1.822857
491|10|-1|599|13|127|CYS|_CL|1547|105|998|-SG-|CL--|1138|16|17|3|0011|3.717291|-0.150109|-0.519464|0.841204|0.329896|-0.001000|0.032546
491|11|-1|600|13|129|CYS|_CU|1546|105|1000|-SG-|CU--|1140|16|29|3|0011|2.172988|-0.586750|-0.200185|-0.784634|0.624927|0.429165|2.114210
491|12|-1|1063|25|130|ASP|_NA|2144|203|1001|-OD1|NA--|1036|8|11|2|0011|2.360700|-0.390562|0.097429|0.915406|0.446783|0.219719|0.345054
491|13|-1|1136|27|130|GLN|_NA|2744|217|1001|-OE1|NA--|836|8|11|2|0011|2.319946|0.879331|0.295696|0.373284|1.861225|0.245303|0.385232
491|14|-1|2296|59|127|HIS|_CL|3347|469|998|-NE2|CL--|1338|7|17|3|0011|3.179856|-0.672672|-0.668898|-0.316366|6.609338|-0.001000|0.060180
491|15|-1|2871|73|131|CYS|_CU|1546|584|1002|-N--|CU--|140|7|29|4|0011|3.215667|0.186275|0.884420|0.427905|0.339961|0.013041|0.054628
491|16|-1|2890|73|131|CYS|_CU|1546|587|1002|-O--|CU--|440|8|29|2|0011|3.570944|-0.482225|0.875119|0.040325|0.431683|0.006016|0.013102
491|17|-1|2904|73|128|CYS|_CL|1547|589|999|-SG-|CL--|1138|16|17|3|0011|3.596500|-0.515223|0.422911|-0.745447|1.823290|-0.001000|0.045110
491|18|-1|2905|73|131|CYS|_CU|1546|589|1002|-SG-|CU--|1140|16|29|3|0011|2.163027|-0.527039|0.013407|0.849735|0.040296|0.440876|2.171902
491|19|-1|2906|73|126|CYS|_CU|1546|589|997|-SG-|CU--|1140|16|29|3|0011|2.185881|-0.712299|0.688052|-0.138617|0.081183|0.414468|2.041809
491|20|-1|2908|73|129|CYS|_CU|1546|589|1000|-SG-|CU--|1140|16|29|3|0011|3.813935|-0.377301|0.779510|0.500009|0.020074|0.005088|0.025064
491|21|-1|2998|76|131|CYS|_CU|1546|604|1002|-N--|CU--|140|7|29|4|0011|3.140230|-0.772555|0.298386|-0.560468|0.883155|0.015991|0.066983
491|22|-1|2999|76|132|CYS|_CU|1546|604|1003|-N--|CU--|140|7|29|4|0011|3.408159|-0.669570|0.705073|0.233557|0.434115|0.007751|0.032469
491|23|-1|3031|76|131|CYS|_CU|1546|609|1002|-SG-|CU--|1140|16|29|3|0011|2.160004|0.386573|0.197222|-0.900924|0.478642|0.444493|2.189719
491|24|-1|3032|76|132|CYS|_CU|1546|609|1003|-SG-|CU--|1140|16|29|3|0011|2.215898|0.441807|0.853830|0.275283|0.081277|0.382171|1.882702
491|25|-1|3033|76|127|CYS|_CL|1547|609|998|-SG-|CL--|1138|16|17|3|0011|3.716707|0.337126|0.504210|0.795059|0.133373|-0.001000|0.032597
491|26|-1|3034|76|129|CYS|_CU|1546|609|1000|-SG-|CU--|1140|16|29|3|0011|3.894525|0.137629|0.865317|-0.481959|0.408822|0.004092|0.020159
491|27|-1|4612|122|127|HIS|_CL|3347|962|998|-NE2|CL--|1338|7|17|3|0011|3.163234|0.552283|0.657555|-0.512450|10.887781|-0.001000|0.062945
491|28|-1|4738|128|126|_CL|_CU|4746|999|997|CL--|CU--|3840|17|29|1|0011|2.396412|0.123518|-0.007094|0.992317|1.696904|0.342535|0.931105
491|29|-1|4738|126|128|_CU|_CL|4647|997|999|CU--|CL--|4038|29|17|1|0011|2.396412|-0.123518|0.007094|-0.992317|1.696904|-0.001000|-0.001000
491|30|-1|4739|131|126|_CU|_CU|4646|1002|997|CU--|CU--|4040|29|29|1|0011|2.633134|-0.158366|0.560169|-0.813100|0.040294|-0.001000|-0.001000
491|31|-1|4739|126|131|_CU|_CU|4646|997|1002|CU--|CU--|4040|29|29|1|0011|2.633134|0.158366|-0.560169|0.813100|0.040294|-0.001000|-0.001000
491|32|-1|4740|129|126|_CU|_CU|4646|1000|997|CU--|CU--|4040|29|29|1|0011|2.656310|-0.044423|-0.553023|-0.831981|0.101855|-0.001000|-0.001000
491|33|-1|4740|126|129|_CU|_CU|4646|997|1000|CU--|CU--|4040|29|29|1|0011|2.656310|0.044423|0.553023|0.831981|0.101855|-0.001000|-0.001000
491|34|-1|4741|132|127|_CU|_CL|4647|1003|998|CU--|CL--|4038|29|17|1|0011|2.361022|0.116051|-0.007624|0.993214|0.050491|-0.001000|-0.001000
491|35|-1|4741|127|132|_CL|_CU|4746|998|1003|CL--|CU--|3840|17|29|1|0011|2.361022|-0.116051|0.007624|-0.993214|0.050491|0.376915|1.024561
491|36|-1|4742|259|127|HOH|_CL|4347|1130|998|-O--|CL--|2838|8|17|3|0011|3.631406|-0.075728|0.057278|-0.995482|0.937646|0.004499|0.011127
491|37|-1|4743|148|128|HOH|_CL|4347|1019|999|-O--|CL--|2838|8|17|3|0011|3.212173|0.993097|0.007472|-0.117055|19.326921|0.013971|0.034551
491|38|-1|4744|131|129|_CU|_CU|4646|1002|1000|CU--|CU--|4040|29|29|1|0011|2.959949|-0.101015|0.994612|0.023311|0.060668|-0.001000|-0.001000
491|39|-1|4744|129|131|_CU|_CU|4646|1000|1002|CU--|CU--|4040|29|29|1|0011|2.959949|0.101015|-0.994612|-0.023311|0.060668|-0.001000|-0.001000
491|40|-1|4745|132|129|_CU|_CU|4646|1003|1000|CU--|CU--|4040|29|29|1|0011|2.926756|-0.151362|0.504996|-0.849746|0.317681|-0.001000|-0.001000
491|41|-1|4745|129|132|_CU|_CU|4646|1000|1003|CU--|CU--|4040|29|29|1|0011|2.926756|0.151362|-0.504996|0.849746|0.317681|-0.001000|-0.001000
491|42|-1|4746|199|130|HOH|_NA|4344|1070|1001|-O--|NA--|2836|8|11|3|0011|2.259149|0.051346|-0.989753|0.133236|19.044815|0.289111|0.454030
491|43|-1|4747|132|131|_CU|_CU|4646|1003|1002|CU--|CU--|4040|29|29|1|0011|2.950089|-0.048812|-0.496934|-0.866414|0.385461|-0.001000|-0.001000
491|44|-1|4747|131|132|_CU|_CU|4646|1002|1003|CU--|CU--|4040|29|29|1|0011|2.950089|0.048812|0.496934|0.866414|0.385461|-0.001000|-0.001000
491|45|-1|5203|9|128|ALA|_CL|347|78|999|-O--|CL--|438|8|17|2|1011|4.986964|-0.328857|-0.916991|-0.225789|1.650453|0.000115|0.000285
491|46|-1|5221|10|128|CYS|_CL|1547|85|999|-SG-|CL--|1138|16|17|3|1011|3.602091|0.317871|-0.411983|-0.853949|2.070627|-0.001000|0.044434
491|47|-1|5832|126|126|_CU|_CU|4646|997|997|CU--|CU--|4040|29|29|1|1011|4.792703|0.123521|-0.000000|0.992342|0.000000|-0.001000|-0.001000
491|48|-1|5832|126|126|_CU|_CU|4646|997|997|CU--|CU--|4040|29|29|1|1011|4.792703|-0.123521|0.000000|-0.992342|0.000000|-0.001000|-0.001000
491|49|-1|5833|128|126|_CL|_CU|4746|999|997|CL--|CU--|3840|17|29|1|1011|2.396412|0.123518|-0.007094|0.992317|1.696904|0.342535|0.931105
491|50|-1|5833|126|128|_CU|_CL|4647|997|999|CU--|CL--|4038|29|17|1|1011|2.396412|-0.123518|0.007094|-0.992317|1.696904|-0.001000|-0.001000
491|51|-1|5834|148|126|HOH|_CU|4346|1019|997|-O--|CU--|2840|8|29|3|1011|3.994972|-0.724411|0.001752|0.689367|27.937016|0.001912|0.004165
491|52|-1|5836|73|128|CYS|_CL|1547|589|999|-SG-|CL--|1138|16|17|3|1011|3.596500|0.515223|0.422911|0.745447|1.823290|-0.001000|0.045110
491|53|-1|5837|148|128|HOH|_CL|4347|1019|999|-O--|CL--|2838|8|17|3|1011|3.212173|-0.993097|0.007472|0.117055|19.326921|0.013971|0.034551
491|54|-1|5838|128|129|_CL|_CU|4746|999|1000|CL--|CU--|3840|17|29|1|1011|4.830056|0.085713|0.300618|0.949885|1.855473|0.000477|0.001296
491|55|-1|5838|129|128|_CU|_CL|4647|1000|999|CU--|CL--|4038|29|17|1|1011|4.830056|-0.085713|-0.300618|-0.949885|1.855473|-0.001000|-0.001000
491|56|-1|5843|25|130|ASP|_NA|2144|204|1001|-OD2|NA--|1036|8|11|2|1011|4.057195|0.610422|-0.269645|-0.744766|11.248228|0.002242|0.003520
491|57|-1|5845|26|130|ALA|_NA|344|205|1001|-N--|NA--|136|7|11|4|1011|4.323982|0.045236|0.763879|-0.643772|0.926565|0.001549|0.002732
491|58|-1|5846|203|130|HOH|_NA|4344|1074|1001|-O--|NA--|2836|8|11|3|1011|4.172214|-0.079670|0.996114|-0.037548|38.766693|0.001643|0.002580
491|59|-1|5847|25|130|ASP|_NA|2144|203|1001|-OD1|NA--|1036|8|11|2|1011|2.361538|0.390678|0.097394|-0.915361|0.446783|0.219222|0.344273
491|60|-1|5851|27|130|GLN|_NA|2744|217|1001|-OE1|NA--|836|8|11|2|1011|2.319665|-0.879179|0.295732|-0.373614|1.861225|0.245490|0.385526
491|61|-1|5852|27|130|GLN|_NA|2744|218|1001|-NE2|NA--|936|7|11|4|1011|4.500195|-0.912716|0.303987|-0.273023|6.959736|0.000962|0.001697
491|62|-1|5853|199|130|HOH|_NA|4344|1070|1001|-O--|NA--|2836|8|11|3|1011|2.259207|-0.051080|-0.989728|-0.133525|19.044815|0.289066|0.453959
491|63|-1|5854|27|130|GLN|_NA|2744|210|1001|-N--|NA--|136|7|11|4|1011|4.232829|-0.318794|0.300036|-0.899082|0.081426|0.001982|0.003495
491|64|-1|5856|200|130|HOH|_NA|4344|1071|1001|-O--|NA--|2836|8|11|3|1011|4.861126|0.144740|-0.586284|-0.797071|2.582363|0.000255|0.000401
491|65|-1|5857|160|130|HOH|_NA|4344|1031|1001|-O--|NA--|2836|8|11|3|1011|4.688744|0.113165|-0.913038|0.391862|4.100612|0.000407|0.000639
491|66|-1|5858|128|131|_CL|_CU|4746|999|1002|CL--|CU--|3840|17|29|1|1011|4.812047|0.148170|-0.310055|0.939101|1.759633|0.000500|0.001360
491|67|-1|5858|131|128|_CU|_CL|4647|1002|999|CU--|CL--|4038|29|17|1|1011|4.812047|-0.148170|0.310055|-0.939101|1.759633|-0.001000|-0.001000
