491|0|10|126|73|CYS|_CU|CYS|154615|85|997|589|-SG-|CU--|-SG-|114011|477|2906|2.194695|2.185881|4.263104|153.402252
491|1|10|126|128|CYS|_CU|_CL|154647|85|997|999|-SG-|CU--|CL--|114038|477|4738|2.194695|2.396412|3.602091|103.276146
491|2|10|126|131|CYS|_CU|_CU|154646|85|997|1002|-SG-|CU--|CU--|114040|477|4739|2.194695|2.633134|3.793546|103.208466
491|3|10|126|129|CYS|_CU|_CU|154646|85|997|1000|-SG-|CU--|CU--|114040|477|4740|2.194695|2.656310|2.172015|52.145367
491|4|10|126|128|CYS|_CU|_CL|154647|85|997|999|-SG-|CU--|CL--|114038|477|5833|2.194695|2.396412|3.602091|103.276146
491|5|10|126|148|CYS|_CU|HOH|154643|85|997|1019|-SG-|CU--|-O--|114028|477|5834|2.194695|3.994972|5.743047|134.113342
491|6|73|126|128|CYS|_CU|_CL|154647|589|997|999|-SG-|CU--|CL--|114038|2906|4738|2.185881|2.396412|3.596500|103.321487
491|7|73|126|131|CYS|_CU|_CU|154646|589|997|1002|-SG-|CU--|CU--|114040|2906|4739|2.185881|2.633134|2.163027|52.342564
491|8|73|126|129|CYS|_CU|_CU|154646|589|997|1000|-SG-|CU--|CU--|114040|2906|4740|2.185881|2.656310|3.813935|103.505562
491|9|73|126|128|CYS|_CU|_CL|154647|589|997|999|-SG-|CU--|CL--|114038|2906|5833|2.185881|2.396412|3.596500|103.321487
491|10|73|126|148|CYS|_CU|HOH|154643|589|997|1019|-SG-|CU--|-O--|114028|2906|5834|2.185881|3.994972|3.657024|65.061546
491|11|128|126|131|_CL|_CU|_CU|474646|999|997|1002|CL--|CU--|CU--|384040|4738|4739|2.396412|2.633134|4.812047|146.138565
491|12|128|126|129|_CL|_CU|_CU|474646|999|997|1000|CL--|CU--|CU--|384040|4738|4740|2.396412|2.656310|4.830056|145.807358
491|13|128|126|128|_CL|_CU|_CL|474647|999|997|999|CL--|CU--|CL--|384038|4738|5833|2.396412|2.396412|0.000000|0.000000
491|14|148|126|128|HOH|_CU|_CL|434647|1019|997|999|-O--|CU--|CL--|284038|5834|4738|3.994972|2.396412|3.212173|53.517307
491|15|129|126|131|_CU|_CU|_CU|464646|1000|997|1002|CU--|CU--|CU--|404040|4740|4739|2.656310|2.633134|2.959949|68.054024
491|16|128|126|131|_CL|_CU|_CU|474646|999|997|1002|CL--|CU--|CU--|384040|5833|4739|2.396412|2.633134|4.812047|146.138565
491|17|148|126|131|HOH|_CU|_CU|434646|1019|997|1002|-O--|CU--|CU--|284040|5834|4739|3.994972|2.633134|5.679047|116.411797
491|18|128|126|129|_CL|_CU|_CU|474646|999|997|1000|CL--|CU--|CU--|384040|5833|4740|2.396412|2.656310|4.830056|145.807358
491|19|148|126|129|HOH|_CU|_CU|434646|1019|997|1000|-O--|CU--|CU--|284040|5834|4740|3.994972|2.656310|5.875887|122.842308
491|20|148|126|128|HOH|_CU|_CL|434647|1019|997|999|-O--|CU--|CL--|284038|5834|5833|3.994972|2.396412|3.212173|53.517307
491|21|13|127|59|CYS|_CL|HIS|154733|105|998|469|-SG-|CL--|-NE2|113813|599|2296|3.717291|3.179856|4.429409|79.495399
491|22|13|127|76|CYS|_CL|CYS|154715|105|998|609|-SG-|CL--|-SG-|113811|599|3033|3.717291|3.716707|4.217503|69.127983
491|23|13|127|122|CYS|_CL|HIS|154733|105|998|962|-SG-|CL--|-NE2|113813|599|4612|3.717291|3.163234|6.629076|148.820999
491|24|13|127|132|CYS|_CL|_CU|154746|105|998|1003|-SG-|CL--|CU--|113840|599|4741|3.717291|2.361022|2.227850|34.710934
491|25|13|127|259|CYS|_CL|HOH|154743|105|998|1130|-SG-|CL--|-O--|113828|599|4742|3.717291|3.631406|7.078839|148.847092
491|26|76|127|59|CYS|_CL|HIS|154733|609|998|469|-SG-|CL--|-NE2|113813|3033|2296|3.716707|3.179856|6.572913|144.643799
491|27|59|127|122|HIS|_CL|HIS|334733|469|998|962|-NE2|CL--|-NE2|133813|2296|4612|3.179856|3.163234|5.760041|130.482849
491|28|59|127|132|HIS|_CL|_CU|334746|469|998|1003|-NE2|CL--|CU--|133840|2296|4741|3.179856|2.361022|4.636772|112.779434
491|29|59|127|259|HIS|_CL|HOH|334743|469|998|1130|-NE2|CL--|-O--|133828|2296|4742|3.179856|3.631406|3.966561|70.879013
491|30|76|127|122|CYS|_CL|HIS|154733|609|998|962|-SG-|CL--|-NE2|113813|3033|4612|3.716707|3.163234|4.607195|83.667007
491|31|76|127|132|CYS|_CL|_CU|154746|609|998|1003|-SG-|CL--|CU--|113840|3033|4741|3.716707|2.361022|2.215898|34.417252
491|32|76|127|259|CYS|_CL|HOH|154743|609|998|1130|-SG-|CL--|-O--|113828|3033|4742|3.716707|3.631406|6.948038|142.009827
491|33|122|127|132|HIS|_CL|_CU|334746|962|998|1003|-NE2|CL--|CU--|133840|4612|4741|3.163234|2.361022|4.722340|116.736794
491|34|122|127|259|HIS|_CL|HOH|334743|962|998|1130|-NE2|CL--|-O--|133828|4612|4742|3.163234|3.631406|3.401309|59.603893
491|35|259|127|132|HOH|_CL|_CU|434746|1130|998|1003|-O--|CL--|CU--|283840|4742|4741|3.631406|2.361022|5.989497|176.332169
491|36|10|128|73|CYS|_CL|CYS|154715|85|999|589|-SG-|CL--|-SG-|113811|475|2904|3.602091|3.596500|4.263104|72.628464
491|37|10|128|126|CYS|_CL|_CU|154746|85|999|997|-SG-|CL--|CU--|113840|475|4738|3.602091|2.396412|2.194695|36.370209
491|38|10|128|148|CYS|_CL|HOH|154743|85|999|1019|-SG-|CL--|-O--|113828|475|4743|3.602091|3.212173|3.707572|65.634415
491|39|10|128|10|CYS|_CL|CYS|154715|85|999|85|-SG-|CL--|-SG-|113811|475|5221|3.602091|3.602091|0.000000|0.000000
491|40|10|128|126|CYS|_CL|_CU|154746|85|999|997|-SG-|CL--|CU--|113840|475|5833|3.602091|2.396412|2.194695|36.370209
491|41|10|128|73|CYS|_CL|CYS|154715|85|999|589|-SG-|CL--|-SG-|113811|475|5836|3.602091|3.596500|6.532560|130.318130
491|42|10|128|148|CYS|_CL|HOH|154743|85|999|1019|-SG-|CL--|-O--|113828|475|5837|3.602091|3.212173|5.743047|114.753403
491|43|73|128|126|CYS|_CL|_CU|154746|589|999|997|-SG-|CL--|CU--|113840|2904|4738|3.596500|2.396412|2.185881|36.258278
491|44|73|128|148|CYS|_CL|HOH|154743|589|999|1019|-SG-|CL--|-O--|113828|2904|4743|3.596500|3.212173|5.743334|114.913452
491|45|10|128|73|CYS|_CL|CYS|154715|85|999|589|-SG-|CL--|-SG-|113811|5221|2904|3.602091|3.596500|4.263104|72.628464
491|46|73|128|126|CYS|_CL|_CU|154746|589|999|997|-SG-|CL--|CU--|113840|2904|5833|3.596500|2.396412|2.185881|36.258278
491|47|73|128|73|CYS|_CL|CYS|154715|589|999|589|-SG-|CL--|-SG-|113811|2904|5836|3.596500|3.596500|6.518089|129.962967
491|48|73|128|148|CYS|_CL|HOH|154743|589|999|1019|-SG-|CL--|-O--|113828|2904|5837|3.596500|3.212173|3.657024|64.686653
491|49|148|128|126|HOH|_CL|_CU|434746|1019|999|997|-O--|CL--|CU--|283840|4743|4738|3.212173|2.396412|4.019981|90.369965
491|50|10|128|126|CYS|_CL|_CU|154746|85|999|997|-SG-|CL--|CU--|113840|5221|4738|3.602091|2.396412|2.194695|36.370209
491|51|126|128|126|_CU|_CL|_CU|464746|997|999|997|CU--|CL--|CU--|403840|4738|5833|2.396412|2.396412|0.000000|0.000000
491|52|73|128|126|CYS|_CL|_CU|154746|589|999|997|-SG-|CL--|CU--|113840|5836|4738|3.596500|2.396412|5.698570|143.164383
491|53|148|128|126|HOH|_CL|_CU|434746|1019|999|997|-O--|CL--|CU--|283840|5837|4738|3.212173|2.396412|3.994972|89.623962
491|54|10|128|148|CYS|_CL|HOH|154743|85|999|1019|-SG-|CL--|-O--|113828|5221|4743|3.602091|3.212173|3.707572|65.634415
491|55|148|128|126|HOH|_CL|_CU|434746|1019|999|997|-O--|CL--|CU--|283840|4743|5833|3.212173|2.396412|4.019981|90.369965
491|56|73|128|148|CYS|_CL|HOH|154743|589|999|1019|-SG-|CL--|-O--|113828|5836|4743|3.596500|3.212173|3.657024|64.686653
491|57|148|128|148|HOH|_CL|HOH|434743|1019|999|1019|-O--|CL--|-O--|283828|4743|5837|3.212173|3.212173|6.424166|179.143845
491|58|10|128|126|CYS|_CL|_CU|154746|85|999|997|-SG-|CL--|CU--|113840|5221|5833|3.602091|2.396412|2.194695|36.370209
491|59|10|128|73|CYS|_CL|CYS|154715|85|999|589|-SG-|CL--|-SG-|113811|5221|5836|3.602091|3.596500|6.532560|130.318130
491|60|10|128|148|CYS|_CL|HOH|154743|85|999|1019|-SG-|CL--|-O--|113828|5221|5837|3.602091|3.212173|5.743047|114.753403
491|61|73|128|126|CYS|_CL|_CU|154746|589|999|997|-SG-|CL--|CU--|113840|5836|5833|3.596500|2.396412|5.698570|143.164383
491|62|148|128|126|HOH|_CL|_CU|434746|1019|999|997|-O--|CL--|CU--|283840|5837|5833|3.212173|2.396412|3.994972|89.623962
491|63|73|128|148|CYS|_CL|HOH|154743|589|999|1019|-SG-|CL--|-O--|113828|5836|5837|3.596500|3.212173|5.743334|114.913452
491|64|10|129|10|CYS|_CU|CYS|154615|80|1000|83|-N--|CU--|-O--|14004|437|461|3.215606|3.596489|2.656394|45.477242
491|65|10|129|10|CYS|_CU|CYS|154615|80|1000|85|-N--|CU--|-SG-|14011|437|478|3.215606|2.172015|3.353210|74.155853
491|66|10|129|13|CYS|_CU|CYS|154615|80|1000|100|-N--|CU--|-N--|14001|437|567|3.215606|3.166989|4.783783|97.091988
491|67|10|129|13|CYS|_CU|CYS|154615|80|1000|105|-N--|CU--|-SG-|14011|437|600|3.215606|2.172988|4.114777|97.687340
491|68|10|129|73|CYS|_CU|CYS|154615|80|1000|589|-N--|CU--|-SG-|14011|437|2908|3.215606|3.813935|5.955056|115.543480
491|69|10|129|76|CYS|_CU|CYS|154615|80|1000|609|-N--|CU--|-SG-|14011|437|3034|3.215606|3.894525|7.106416|176.278107
491|70|10|129|126|CYS|_CU|_CU|154646|80|1000|997|-N--|CU--|CU--|14040|437|4740|3.215606|2.656310|4.396331|96.492355
491|71|10|129|131|CYS|_CU|_CU|154646|80|1000|1002|-N--|CU--|CU--|14040|437|4744|3.215606|2.959949|5.959154|149.547852
491|72|10|129|132|CYS|_CU|_CU|154646|80|1000|1003|-N--|CU--|CU--|14040|437|4745|3.215606|2.926756|5.865599|145.430359
491|73|10|129|10|CYS|_CU|CYS|154615|83|1000|85|-O--|CU--|-SG-|44011|461|478|3.596489|2.172015|3.604581|72.648445
491|74|13|129|10|CYS|_CU|CYS|154615|100|1000|83|-N--|CU--|-O--|14004|567|461|3.166989|3.596489|3.019285|52.560738
491|75|10|129|13|CYS|_CU|CYS|154615|83|1000|105|-O--|CU--|-SG-|44011|461|600|3.596489|2.172988|4.276810|92.326485
491|76|10|129|73|CYS|_CU|CYS|154615|83|1000|589|-O--|CU--|-SG-|44011|461|2908|3.596489|3.813935|7.227231|154.455948
491|77|10|129|76|CYS|_CU|CYS|154615|83|1000|609|-O--|CU--|-SG-|44011|461|3034|3.596489|3.894525|6.814556|130.885651
491|78|10|129|126|CYS|_CU|_CU|154646|83|1000|997|-O--|CU--|CU--|44040|461|4740|3.596489|2.656310|5.487873|122.003456
491|79|10|129|131|CYS|_CU|_CU|154646|83|1000|1002|-O--|CU--|CU--|44040|461|4744|3.596489|2.959949|6.427752|157.149475
491|80|10|129|132|CYS|_CU|_CU|154646|83|1000|1003|-O--|CU--|CU--|44040|461|4745|3.596489|2.926756|5.559110|116.529396
491|81|13|129|10|CYS|_CU|CYS|154615|100|1000|85|-N--|CU--|-SG-|14011|567|478|3.166989|2.172015|3.960040|93.894691
491|82|10|129|13|CYS|_CU|CYS|154615|85|1000|105|-SG-|CU--|-SG-|114011|478|600|2.172015|2.172988|4.306165|164.667038
491|83|10|129|73|CYS|_CU|CYS|154615|85|1000|589|-SG-|CU--|-SG-|114011|478|2908|2.172015|3.813935|4.263104|86.228851
491|84|10|129|76|CYS|_CU|CYS|154615|85|1000|609|-SG-|CU--|-SG-|114011|478|3034|2.172015|3.894525|4.909730|104.446022
491|85|10|129|126|CYS|_CU|_CU|154646|85|1000|997|-SG-|CU--|CU--|114040|478|4740|2.172015|2.656310|2.194695|52.921940
491|86|10|129|131|CYS|_CU|_CU|154646|85|1000|1002|-SG-|CU--|CU--|114040|478|4744|2.172015|2.959949|3.793546|94.067482
491|87|10|129|132|CYS|_CU|_CU|154646|85|1000|1003|-SG-|CU--|CU--|114040|478|4745|2.172015|2.926756|4.720181|135.041168
491|88|13|129|13|CYS|_CU|CYS|154615|100|1000|105|-N--|CU--|-SG-|14011|567|600|3.166989|2.172988|3.308462|73.948044
491|89|13|129|73|CYS|_CU|CYS|154615|100|1000|589|-N--|CU--|-SG-|14011|567|2908|3.166989|3.813935|6.676880|145.904434
491|90|13|129|76|CYS|_CU|CYS|154615|100|1000|609|-N--|CU--|-SG-|14011|567|3034|3.166989|3.894525|4.549983|79.501305
491|91|13|129|126|CYS|_CU|_CU|154646|100|1000|997|-N--|CU--|CU--|14040|567|4740|3.166989|2.656310|5.445675|138.337784
491|92|13|129|131|CYS|_CU|_CU|154646|100|1000|1002|-N--|CU--|CU--|14040|567|4744|3.166989|2.959949|5.077486|111.889702
491|93|13|129|132|CYS|_CU|_CU|154646|100|1000|1003|-N--|CU--|CU--|14040|567|4745|3.166989|2.926756|3.393122|67.539299
491|94|13|129|73|CYS|_CU|CYS|154615|105|1000|589|-SG-|CU--|-SG-|114011|600|2908|2.172988|3.813935|4.968693|109.086128
491|95|13|129|76|CYS|_CU|CYS|154615|105|1000|609|-SG-|CU--|-SG-|114011|600|3034|2.172988|3.894525|4.217503|82.866379
491|96|13|129|126|CYS|_CU|_CU|154646|105|1000|997|-SG-|CU--|CU--|114040|600|4740|2.172988|2.656310|4.570874|142.145569
491|97|13|129|131|CYS|_CU|_CU|154646|105|1000|1002|-SG-|CU--|CU--|114040|600|4744|2.172988|2.959949|3.939200|99.098175
491|98|13|129|132|CYS|_CU|_CU|154646|105|1000|1003|-SG-|CU--|CU--|114040|600|4745|2.172988|2.926756|2.227850|49.121376
491|99|73|129|76|CYS|_CU|CYS|154615|589|1000|609|-SG-|CU--|-SG-|114011|2908|3034|3.813935|3.894525|4.286828|67.566406
491|100|73|129|126|CYS|_CU|_CU|154646|589|1000|997|-SG-|CU--|CU--|114040|2908|4740|3.813935|2.656310|2.185881|33.867996
491|101|73|129|131|CYS|_CU|_CU|154646|589|1000|1002|-SG-|CU--|CU--|114040|2908|4744|3.813935|2.959949|2.163027|34.403538
491|102|73|129|132|CYS|_CU|_CU|154646|589|1000|1003|-SG-|CU--|CU--|114040|2908|4745|3.813935|2.926756|4.747028|88.517128
491|103|76|129|126|CYS|_CU|_CU|154646|609|1000|997|-SG-|CU--|CU--|114040|3034|4740|3.894525|2.656310|4.526820|85.200256
491|104|76|129|131|CYS|_CU|_CU|154646|609|1000|1002|-SG-|CU--|CU--|114040|3034|4744|3.894525|2.959949|2.160004|33.330280
491|105|76|129|132|CYS|_CU|_CU|154646|609|1000|1003|-SG-|CU--|CU--|114040|3034|4745|3.894525|2.926756|2.215898|34.341240
491|106|126|129|131|_CU|_CU|_CU|464646|997|1000|1002|CU--|CU--|CU--|404040|4740|4744|2.656310|2.959949|2.633134|55.601181
491|107|126|129|132|_CU|_CU|_CU|464646|997|1000|1003|CU--|CU--|CU--|404040|4740|4745|2.656310|2.926756|4.730392|115.748543
491|108|131|129|132|_CU|_CU|_CU|464646|1002|1000|1003|CU--|CU--|CU--|404040|4744|4745|2.959949|2.926756|2.950089|60.148335
491|109|27|130|25|GLN|_NA|ASP|274421|217|1001|203|-OE1|NA--|-OD1|83610|1136|1063|2.319946|2.360700|3.264722|88.448090
491|110|25|130|199|ASP|_NA|HOH|214443|203|1001|1070|-OD1|NA--|-O--|103628|1063|4746|2.360700|2.259149|3.258557|89.685951
491|111|25|130|25|ASP|_NA|ASP|214421|203|1001|203|-OD1|NA--|-OD1|103610|1063|5847|2.360700|2.361538|4.699780|168.819794
491|112|27|130|25|GLN|_NA|ASP|274421|217|1001|203|-OE1|NA--|-OD1|83610|5851|1063|2.319665|2.360700|3.259330|88.270653
491|113|25|130|199|ASP|_NA|HOH|214443|203|1001|1070|-OD1|NA--|-O--|103628|1063|5853|2.360700|2.259207|3.577214|101.461395
491|114|27|130|199|GLN|_NA|HOH|274443|217|1001|1070|-OE1|NA--|-O--|83628|1136|4746|2.319946|2.259149|3.543880|101.407227
491|115|27|130|25|GLN|_NA|ASP|274421|217|1001|203|-OE1|NA--|-OD1|83610|1136|5847|2.319946|2.361538|3.259330|88.243927
491|116|27|130|27|GLN|_NA|GLN|274427|217|1001|217|-OE1|NA--|-OE1|83608|1136|5851|2.319946|2.319665|4.432111|145.599228
491|117|27|130|199|GLN|_NA|HOH|274443|217|1001|1070|-OE1|NA--|-O--|83628|1136|5853|2.319946|2.259207|3.814088|112.793915
491|118|25|130|199|ASP|_NA|HOH|214443|203|1001|1070|-OD1|NA--|-O--|103628|5847|4746|2.361538|2.259149|3.577213|101.437294
491|119|27|130|199|GLN|_NA|HOH|274443|217|1001|1070|-OE1|NA--|-O--|83628|5851|4746|2.319665|2.259149|3.814087|112.806725
491|120|199|130|199|HOH|_NA|HOH|434443|1070|1001|1070|-O--|NA--|-O--|283628|4746|5853|2.259149|2.259207|0.645558|16.428446
491|121|27|130|25|GLN|_NA|ASP|274421|217|1001|203|-OE1|NA--|-OD1|83610|5851|5847|2.319665|2.361538|3.264722|88.434570
491|122|25|130|199|ASP|_NA|HOH|214443|203|1001|1070|-OD1|NA--|-O--|103628|5847|5853|2.361538|2.259207|3.258558|89.663429
491|123|27|130|199|GLN|_NA|HOH|274443|217|1001|1070|-OE1|NA--|-O--|83628|5851|5853|2.319665|2.259207|3.543881|101.414177
491|124|10|131|13|CYS|_CU|CYS|154615|85|1002|105|-SG-|CU--|-SG-|114011|476|597|3.793546|3.939200|4.306165|67.649437
491|125|73|131|10|CYS|_CU|CYS|154615|584|1002|85|-N--|CU--|-SG-|14011|2871|476|3.215667|3.793546|5.954996|116.092224
491|126|73|131|10|CYS|_CU|CYS|154615|587|1002|85|-O--|CU--|-SG-|44011|2890|476|3.570944|3.793546|7.192079|155.143997
491|127|10|131|73|CYS|_CU|CYS|154615|85|1002|589|-SG-|CU--|-SG-|114011|476|2905|3.793546|2.163027|4.263104|86.871582
491|128|76|131|10|CYS|_CU|CYS|154615|604|1002|85|-N--|CU--|-SG-|14011|2998|476|3.140230|3.793546|6.627476|145.654938
491|129|10|131|76|CYS|_CU|CYS|154615|85|1002|609|-SG-|CU--|-SG-|114011|476|3031|3.793546|2.160004|4.909730|107.943512
491|130|10|131|126|CYS|_CU|_CU|154646|85|1002|997|-SG-|CU--|CU--|114040|476|4739|3.793546|2.633134|2.194695|34.279392
491|131|10|131|129|CYS|_CU|_CU|154646|85|1002|1000|-SG-|CU--|CU--|114040|476|4744|3.793546|2.959949|2.172015|34.827892
491|132|10|131|132|CYS|_CU|_CU|154646|85|1002|1003|-SG-|CU--|CU--|114040|476|4747|3.793546|2.950089|4.720181|87.916061
491|133|73|131|13|CYS|_CU|CYS|154615|584|1002|105|-N--|CU--|-SG-|14011|2871|597|3.215667|3.939200|7.150445|175.950150
491|134|73|131|13|CYS|_CU|CYS|154615|587|1002|105|-O--|CU--|-SG-|44011|2890|597|3.570944|3.939200|6.821822|130.492447
491|135|13|131|73|CYS|_CU|CYS|154615|105|1002|589|-SG-|CU--|-SG-|114011|597|2905|3.939200|2.163027|4.968693|105.283333
491|136|76|131|13|CYS|_CU|CYS|154615|604|1002|105|-N--|CU--|-SG-|14011|2998|597|3.140230|3.939200|4.553082|79.171761
491|137|13|131|76|CYS|_CU|CYS|154615|105|1002|609|-SG-|CU--|-SG-|114011|597|3031|3.939200|2.160004|4.217503|81.907433
491|138|13|131|126|CYS|_CU|_CU|154646|105|1002|997|-SG-|CU--|CU--|114040|597|4739|3.939200|2.633134|4.570874|85.693428
491|139|13|131|129|CYS|_CU|_CU|154646|105|1002|1000|-SG-|CU--|CU--|114040|597|4744|3.939200|2.959949|2.172988|33.003593
491|140|13|131|132|CYS|_CU|_CU|154646|105|1002|1003|-SG-|CU--|CU--|114040|597|4747|3.939200|2.950089|2.227850|34.050537
491|141|73|131|73|CYS|_CU|CYS|154615|584|1002|587|-N--|CU--|-O--|14004|2871|2890|3.215667|3.570944|2.642693|45.460476
491|142|73|131|73|CYS|_CU|CYS|154615|584|1002|589|-N--|CU--|-SG-|14011|2871|2905|3.215667|2.163027|3.340927|73.901527
491|143|73|131|76|CYS|_CU|CYS|154615|584|1002|604|-N--|CU--|-N--|14001|2871|2998|3.215667|3.140230|4.756235|96.882690
491|144|73|131|76|CYS|_CU|CYS|154615|584|1002|609|-N--|CU--|-SG-|14011|2871|3031|3.215667|2.160004|4.115593|97.994263
491|145|73|131|126|CYS|_CU|_CU|154646|584|1002|997|-N--|CU--|CU--|14040|2871|4739|3.215667|2.633134|4.390001|96.776428
491|146|73|131|129|CYS|_CU|_CU|154646|584|1002|1000|-N--|CU--|CU--|14040|2871|4744|3.215667|2.959949|5.973187|150.553207
491|147|73|131|132|CYS|_CU|_CU|154646|584|1002|1003|-N--|CU--|CU--|14040|2871|4747|3.215667|2.950089|5.881222|145.018188
491|148|73|131|73|CYS|_CU|CYS|154615|587|1002|589|-O--|CU--|-SG-|44011|2890|2905|3.570944|2.163027|3.576811|72.533356
491|149|76|131|73|CYS|_CU|CYS|154615|604|1002|587|-N--|CU--|-O--|14004|2998|2890|3.140230|3.570944|2.984656|52.333275
491|150|73|131|76|CYS|_CU|CYS|154615|587|1002|609|-O--|CU--|-SG-|44011|2890|3031|3.570944|2.160004|4.265085|92.874771
491|151|73|131|126|CYS|_CU|_CU|154646|587|1002|997|-O--|CU--|CU--|44040|2890|4739|3.570944|2.633134|5.451910|122.262161
491|152|73|131|129|CYS|_CU|_CU|154646|587|1002|1000|-O--|CU--|CU--|44040|2890|4744|3.570944|2.959949|6.400201|156.934204
491|153|73|131|132|CYS|_CU|_CU|154646|587|1002|1003|-O--|CU--|CU--|44040|2890|4747|3.570944|2.950089|5.554940|116.505035
491|154|76|131|73|CYS|_CU|CYS|154615|604|1002|589|-N--|CU--|-SG-|14011|2998|2905|3.140230|2.163027|3.927323|93.731598
491|155|73|131|76|CYS|_CU|CYS|154615|589|1002|609|-SG-|CU--|-SG-|114011|2905|3031|2.163027|2.160004|4.286828|165.159439
491|156|73|131|126|CYS|_CU|_CU|154646|589|1002|997|-SG-|CU--|CU--|114040|2905|4739|2.163027|2.633134|2.185881|53.134136
491|157|73|131|129|CYS|_CU|_CU|154646|589|1002|1000|-SG-|CU--|CU--|114040|2905|4744|2.163027|2.959949|3.813935|94.955513
491|158|73|131|132|CYS|_CU|_CU|154646|589|1002|1003|-SG-|CU--|CU--|114040|2905|4747|2.163027|2.950089|4.747028|135.820450
491|159|76|131|76|CYS|_CU|CYS|154615|604|1002|609|-N--|CU--|-SG-|14011|2998|3031|3.140230|2.160004|3.306031|74.624809
491|160|76|131|126|CYS|_CU|_CU|154646|604|1002|997|-N--|CU--|CU--|14040|2998|4739|3.140230|2.633134|5.396128|138.177139
491|161|76|131|129|CYS|_CU|_CU|154646|604|1002|1000|-N--|CU--|CU--|14040|2998|4744|3.140230|2.959949|5.034607|111.207870
491|162|76|131|132|CYS|_CU|_CU|154646|604|1002|1003|-N--|CU--|CU--|14040|2998|4747|3.140230|2.950089|3.408159|67.973846
491|163|76|131|126|CYS|_CU|_CU|154646|609|1002|997|-SG-|CU--|CU--|114040|3031|4739|2.160004|2.633134|4.526820|141.425552
491|164|76|131|129|CYS|_CU|_CU|154646|609|1002|1000|-SG-|CU--|CU--|114040|3031|4744|2.160004|2.959949|3.894525|97.822678
491|165|76|131|132|CYS|_CU|_CU|154646|609|1002|1003|-SG-|CU--|CU--|114040|3031|4747|2.160004|2.950089|2.215898|48.417477
491|166|126|131|129|_CU|_CU|_CU|464646|997|1002|1000|CU--|CU--|CU--|404040|4739|4744|2.633134|2.959949|2.656310|56.344795
491|167|126|131|132|_CU|_CU|_CU|464646|997|1002|1003|CU--|CU--|CU--|404040|4739|4747|2.633134|2.950089|4.730392|115.711769
491|168|129|131|132|_CU|_CU|_CU|464646|1000|1002|1003|CU--|CU--|CU--|404040|4744|4747|2.959949|2.950089|2.926756|59.367947
491|169|13|132|13|CYS|_CU|CYS|154615|100|1003|105|-N--|CU--|-SG-|14011|566|598|3.393122|2.227850|3.308462|68.542198
491|170|13|132|76|CYS|_CU|CYS|154615|100|1003|604|-N--|CU--|-N--|14001|566|2999|3.393122|3.408159|6.732783|163.722778
491|171|13|132|76|CYS|_CU|CYS|154615|100|1003|609|-N--|CU--|-SG-|14011|566|3032|3.393122|2.215898|4.549983|106.531555
491|172|13|132|127|CYS|_CU|_CL|154647|100|1003|998|-N--|CU--|CL--|14038|566|4741|3.393122|2.361022|4.386124|97.712936
491|173|13|132|129|CYS|_CU|_CU|154646|100|1003|1000|-N--|CU--|CU--|14040|566|4745|3.393122|2.926756|3.166989|59.604412
491|174|13|132|131|CYS|_CU|_CU|154646|100|1003|1002|-N--|CU--|CU--|14040|566|4747|3.393122|2.950089|5.077486|106.137856
491|175|76|132|13|CYS|_CU|CYS|154615|604|1003|105|-N--|CU--|-SG-|14011|2999|598|3.408159|2.227850|4.553082|105.866310
491|176|13|132|76|CYS|_CU|CYS|154615|105|1003|609|-SG-|CU--|-SG-|114011|598|3032|2.227850|2.215898|4.217503|143.276443
491|177|13|132|127|CYS|_CU|_CL|154647|105|1003|998|-SG-|CU--|CL--|114038|598|4741|2.227850|2.361022|3.717291|108.169876
491|178|13|132|129|CYS|_CU|_CU|154646|105|1003|1000|-SG-|CU--|CU--|114040|598|4745|2.227850|2.926756|2.172988|47.517044
491|179|13|132|131|CYS|_CU|_CU|154646|105|1003|1002|-SG-|CU--|CU--|114040|598|4747|2.227850|2.950089|3.939200|98.094917
491|180|76|132|76|CYS|_CU|CYS|154615|604|1003|609|-N--|CU--|-SG-|14011|2999|3032|3.408159|2.215898|3.306031|68.254425
491|181|76|132|127|CYS|_CU|_CL|154647|604|1003|998|-N--|CU--|CL--|14038|2999|4741|3.408159|2.361022|4.425627|98.562744
491|182|76|132|129|CYS|_CU|_CU|154646|604|1003|1000|-N--|CU--|CU--|14040|2999|4745|3.408159|2.926756|5.034607|105.007294
491|183|76|132|131|CYS|_CU|_CU|154646|604|1003|1002|-N--|CU--|CU--|14040|2999|4747|3.408159|2.950089|3.140230|58.664471
491|184|76|132|127|CYS|_CU|_CL|154647|609|1003|998|-SG-|CU--|CL--|114038|3032|4741|2.215898|2.361022|3.716707|108.552780
491|185|76|132|129|CYS|_CU|_CU|154646|609|1003|1000|-SG-|CU--|CU--|114040|3032|4745|2.215898|2.926756|3.894525|97.491943
491|186|76|132|131|CYS|_CU|_CU|154646|609|1003|1002|-SG-|CU--|CU--|114040|3032|4747|2.215898|2.950089|2.160004|46.813751
491|187|127|132|129|_CL|_CU|_CU|474646|998|1003|1000|CL--|CU--|CU--|384040|4741|4745|2.361022|2.926756|5.108849|149.927933
491|188|127|132|131|_CL|_CU|_CU|474646|998|1003|1002|CL--|CU--|CU--|384040|4741|4747|2.361022|2.950089|5.127497|149.588379
491|189|129|132|131|_CU|_CU|_CU|464646|1000|1003|1002|CU--|CU--|CU--|404040|4745|4747|2.926756|2.950089|2.959949|60.483715
