1120|0|0|446|0|HIC|_CU|HIC|344634|0|6571|6|-N--|CU--|-ND1|14013|3|52|2.249412|1.917163|3.043769|93.517433
1120|1|0|446|83|HIC|_CU|HIS|344633|0|6571|1236|-N--|CU--|-NE2|14013|3|3104|2.249412|1.987044|3.123595|94.803970
1120|2|0|446|165|HIC|_CU|GLN|344627|0|6571|2457|-N--|CU--|-OE1|14008|3|5736|2.249412|3.570638|5.024659|117.582520
1120|3|0|446|167|HIC|_CU|TYR|344637|0|6571|2498|-N--|CU--|-OH-|14018|3|5784|2.249412|2.763809|3.120014|76.208984
1120|4|0|446|988|HIC|_CU|HOH|344643|0|6571|7196|-N--|CU--|-O--|14028|3|14313|2.249412|3.783242|5.992556|166.329147
1120|5|0|446|454|HIC|_CU|HOH|344643|0|6571|6661|-N--|CU--|-O--|14028|3|14314|2.249412|1.839416|4.030011|160.440582
1120|6|0|446|616|HIC|_CU|HOH|344643|0|6571|6823|-N--|CU--|-O--|14028|3|14315|2.249412|3.997667|5.926558|141.540115
1120|7|0|446|447|HIC|_CU|OXY|344653|0|6571|6572|-N--|CU--|-O1-|14031|3|14316|2.249412|2.964493|3.877876|95.118507
1120|8|0|446|447|HIC|_CU|OXY|344653|0|6571|6573|-N--|CU--|-O2-|14031|3|14317|2.249412|3.997510|4.462999|86.424408
1120|9|0|446|83|HIC|_CU|HIS|344633|6|6571|1236|-ND1|CU--|-NE2|134013|52|3104|1.917163|1.987044|3.891583|170.780899
1120|10|165|446|0|GLN|_CU|HIC|274634|2457|6571|6|-OE1|CU--|-ND1|84013|5736|52|3.570638|1.917163|4.429543|103.499077
1120|11|0|446|167|HIC|_CU|TYR|344637|6|6571|2498|-ND1|CU--|-OH-|134018|52|5784|1.917163|2.763809|3.166611|83.025932
1120|12|0|446|988|HIC|_CU|HOH|344643|6|6571|7196|-ND1|CU--|-O--|134028|52|14313|1.917163|3.783242|4.477233|98.152824
1120|13|0|446|454|HIC|_CU|HOH|344643|6|6571|6661|-ND1|CU--|-O--|134028|52|14314|1.917163|1.839416|2.592351|87.247612
1120|14|0|446|616|HIC|_CU|HOH|344643|6|6571|6823|-ND1|CU--|-O--|134028|52|14315|1.917163|3.997667|4.523930|93.025673
1120|15|0|446|447|HIC|_CU|OXY|344653|6|6571|6572|-ND1|CU--|-O1-|134031|52|14316|1.917163|2.964493|3.338168|83.329491
1120|16|0|446|447|HIC|_CU|OXY|344653|6|6571|6573|-ND1|CU--|-O2-|134031|52|14317|1.917163|3.997510|4.309019|85.929733
1120|17|165|446|83|GLN|_CU|HIS|274633|2457|6571|1236|-OE1|CU--|-NE2|84013|5736|3104|3.570638|1.987044|3.643659|76.047157
1120|18|83|446|167|HIS|_CU|TYR|334637|1236|6571|2498|-NE2|CU--|-OH-|134018|3104|5784|1.987044|2.763809|3.744793|102.816498
1120|19|83|446|988|HIS|_CU|HOH|334643|1236|6571|7196|-NE2|CU--|-O--|134028|3104|14313|1.987044|3.783242|3.761544|74.127357
1120|20|83|446|454|HIS|_CU|HOH|334643|1236|6571|6661|-NE2|CU--|-O--|134028|3104|14314|1.987044|1.839416|2.617724|86.240440
1120|21|83|446|616|HIS|_CU|HOH|334643|1236|6571|6823|-NE2|CU--|-O--|134028|3104|14315|1.987044|3.997667|4.076705|77.974007
1120|22|83|446|447|HIS|_CU|OXY|334653|1236|6571|6572|-NE2|CU--|-O1-|134031|3104|14316|1.987044|2.964493|3.625247|91.974190
1120|23|83|446|447|HIS|_CU|OXY|334653|1236|6571|6573|-NE2|CU--|-O2-|134031|3104|14317|1.987044|3.997510|4.483719|90.632248
1120|24|165|446|167|GLN|_CU|TYR|274637|2457|6571|2498|-OE1|CU--|-OH-|84018|5736|5784|3.570638|2.763809|2.684133|48.090511
1120|25|165|446|988|GLN|_CU|HOH|274643|2457|6571|7196|-OE1|CU--|-O--|84028|5736|14313|3.570638|3.783242|3.265437|52.627449
1120|26|165|446|454|GLN|_CU|HOH|274643|2457|6571|6661|-OE1|CU--|-O--|84028|5736|14314|3.570638|1.839416|2.578035|43.763699
1120|27|165|446|616|GLN|_CU|HOH|274643|2457|6571|6823|-OE1|CU--|-O--|84028|5736|14315|3.570638|3.997667|5.697093|97.499504
1120|28|165|446|447|GLN|_CU|OXY|274653|2457|6571|6572|-OE1|CU--|-O1-|84031|5736|14316|3.570638|2.964493|6.246599|145.669357
1120|29|165|446|447|GLN|_CU|OXY|274653|2457|6571|6573|-OE1|CU--|-O2-|84031|5736|14317|3.570638|3.997510|7.359969|153.016586
1120|30|167|446|988|TYR|_CU|HOH|374643|2498|6571|7196|-OH-|CU--|-O--|184028|5784|14313|2.763809|3.783242|4.989697|98.097092
1120|31|167|446|454|TYR|_CU|HOH|374643|2498|6571|6661|-OH-|CU--|-O--|184028|5784|14314|2.763809|1.839416|3.169841|84.501816
1120|32|167|446|616|TYR|_CU|HOH|374643|2498|6571|6823|-OH-|CU--|-O--|184028|5784|14315|2.763809|3.997667|6.410085|142.236816
1120|33|167|446|447|TYR|_CU|OXY|374653|2498|6571|6572|-OH-|CU--|-O1-|184031|5784|14316|2.763809|2.964493|5.667798|163.319916
1120|34|167|446|447|TYR|_CU|OXY|374653|2498|6571|6573|-OH-|CU--|-O2-|184031|5784|14317|2.763809|3.997510|6.649102|158.732285
1120|35|454|446|988|HOH|_CU|HOH|434643|6661|6571|7196|-O--|CU--|-O--|284028|14314|14313|1.839416|3.783242|2.086303|16.515297
1120|36|616|446|988|HOH|_CU|HOH|434643|6823|6571|7196|-O--|CU--|-O--|284028|14315|14313|3.997667|3.783242|2.991068|45.109699
1120|37|988|446|447|HOH|_CU|OXY|434653|7196|6571|6572|-O--|CU--|-O1-|284031|14313|14316|3.783242|2.964493|4.938604|93.293526
1120|38|988|446|447|HOH|_CU|OXY|434653|7196|6571|6573|-O--|CU--|-O2-|284031|14313|14317|3.783242|3.997510|6.023825|101.428787
1120|39|454|446|616|HOH|_CU|HOH|434643|6661|6571|6823|-O--|CU--|-O--|284028|14314|14315|1.839416|3.997667|3.393977|57.759293
1120|40|454|446|447|HOH|_CU|OXY|434653|6661|6571|6572|-O--|CU--|-O1-|284031|14314|14316|1.839416|2.964493|3.857343|104.374222
1120|41|454|446|447|HOH|_CU|OXY|434653|6661|6571|6573|-O--|CU--|-O2-|284031|14314|14317|1.839416|3.997510|5.013623|113.113144
1120|42|616|446|447|HOH|_CU|OXY|434653|6823|6571|6572|-O--|CU--|-O1-|284031|14315|14316|3.997667|2.964493|2.996855|48.231789
1120|43|616|446|447|HOH|_CU|OXY|434653|6823|6571|6573|-O--|CU--|-O2-|284031|14315|14317|3.997667|3.997510|3.773949|56.332058
1120|44|447|446|447|OXY|_CU|OXY|534653|6572|6571|6573|-O1-|CU--|-O2-|314031|14316|14317|2.964493|3.997510|1.164078|8.940307
1120|45|0|447|0|HIC|OXY|HIC|345334|0|6572|6|-N--|-O1-|-ND1|13113|7|55|3.877876|3.338168|3.043769|49.200893
1120|46|0|447|83|HIC|OXY|HIS|345333|0|6572|1236|-N--|-O1-|-NE2|13113|7|3106|3.877876|3.625247|3.123595|49.060997
1120|47|0|447|446|HIC|OXY|_CU|345346|0|6572|6571|-N--|-O1-|CU--|13140|7|14316|3.877876|2.964493|2.249412|35.292431
1120|48|0|447|454|HIC|OXY|HOH|345343|0|6572|6661|-N--|-O1-|-O--|13128|7|14318|3.877876|3.857343|4.030011|62.797390
1120|49|0|447|616|HIC|OXY|HOH|345343|0|6572|6823|-N--|-O1-|-O--|13128|7|14319|3.877876|2.996855|5.926558|118.540642
1120|50|0|447|495|HIC|OXY|HOH|345343|0|6572|6702|-N--|-O1-|-O--|13128|7|14321|3.877876|3.133613|5.796446|111.080170
1120|51|0|447|447|HIC|OXY|OXY|345353|0|6572|6573|-N--|-O1-|-O2-|13131|7|14322|3.877876|1.164078|4.462999|112.984306
1120|52|0|447|462|HIC|OXY|HOH|345343|0|6572|6669|-N--|-O1-|-O--|13128|7|14323|3.877876|3.146899|3.267396|54.234131
1120|53|0|447|83|HIC|OXY|HIS|345333|6|6572|1236|-ND1|-O1-|-NE2|133113|55|3106|3.338168|3.625247|3.891583|67.809357
1120|54|0|447|446|HIC|OXY|_CU|345346|6|6572|6571|-ND1|-O1-|CU--|133140|55|14316|3.338168|2.964493|1.917163|34.780083
1120|55|0|447|454|HIC|OXY|HOH|345343|6|6572|6661|-ND1|-O1-|-O--|133128|55|14318|3.338168|3.857343|2.592351|41.451694
1120|56|0|447|616|HIC|OXY|HOH|345343|6|6572|6823|-ND1|-O1-|-O--|133128|55|14319|3.338168|2.996855|4.523930|90.977791
1120|57|0|447|495|HIC|OXY|HOH|345343|6|6572|6702|-ND1|-O1-|-O--|133128|55|14321|3.338168|3.133613|4.649397|91.791374
1120|58|0|447|447|HIC|OXY|OXY|345353|6|6572|6573|-ND1|-O1-|-O2-|133131|55|14322|3.338168|1.164078|4.309019|141.345657
1120|59|0|447|462|HIC|OXY|HOH|345343|6|6572|6669|-ND1|-O1-|-O--|133128|55|14323|3.338168|3.146899|5.009103|101.099815
1120|60|83|447|446|HIS|OXY|_CU|335346|1236|6572|6571|-NE2|-O1-|CU--|133140|3106|14316|3.625247|2.964493|1.987044|33.215355
1120|61|83|447|454|HIS|OXY|HOH|335343|1236|6572|6661|-NE2|-O1-|-O--|133128|3106|14318|3.625247|3.857343|2.617724|40.807331
1120|62|83|447|616|HIS|OXY|HOH|335343|1236|6572|6823|-NE2|-O1-|-O--|133128|3106|14319|3.625247|2.996855|4.076705|75.326714
1120|63|83|447|495|HIS|OXY|HOH|335343|1236|6572|6702|-NE2|-O1-|-O--|133128|3106|14321|3.625247|3.133613|6.633108|157.801224
1120|64|83|447|447|HIS|OXY|OXY|335353|1236|6572|6573|-NE2|-O1-|-O2-|133131|3106|14322|3.625247|1.164078|4.483719|131.623764
1120|65|83|447|462|HIS|OXY|HOH|335343|1236|6572|6669|-NE2|-O1-|-O--|133128|3106|14323|3.625247|3.146899|4.252934|77.449760
1120|66|454|447|446|HOH|OXY|_CU|435346|6661|6572|6571|-O--|-O1-|CU--|283140|14318|14316|3.857343|2.964493|1.839416|27.511892
1120|67|616|447|446|HOH|OXY|_CU|435346|6823|6572|6571|-O--|-O1-|CU--|283140|14319|14316|2.996855|2.964493|3.997667|84.224586
1120|68|495|447|446|HOH|OXY|_CU|435346|6702|6572|6571|-O--|-O1-|CU--|283140|14321|14316|3.133613|2.964493|5.419975|125.422073
1120|69|447|447|446|OXY|OXY|_CU|535346|6573|6572|6571|-O2-|-O1-|CU--|313140|14322|14316|1.164078|2.964493|3.997510|147.746155
1120|70|462|447|446|HOH|OXY|_CU|435346|6669|6572|6571|-O--|-O1-|CU--|283140|14323|14316|3.146899|2.964493|4.184319|86.365768
1120|71|454|447|616|HOH|OXY|HOH|435343|6661|6572|6823|-O--|-O1-|-O--|283128|14318|14319|3.857343|2.996855|3.393977|57.737995
1120|72|454|447|495|HOH|OXY|HOH|435343|6661|6572|6702|-O--|-O1-|-O--|283128|14318|14321|3.857343|3.133613|6.250273|126.463287
1120|73|454|447|447|HOH|OXY|OXY|435353|6661|6572|6573|-O--|-O1-|-O2-|283131|14318|14322|3.857343|1.164078|5.013623|172.431091
1120|74|454|447|462|HOH|OXY|HOH|435343|6661|6572|6669|-O--|-O1-|-O--|283128|14318|14323|3.857343|3.146899|5.820258|111.997162
1120|75|495|447|616|HOH|OXY|HOH|435343|6702|6572|6823|-O--|-O1-|-O--|283128|14321|14319|3.133613|2.996855|5.178038|115.248688
1120|76|616|447|447|HOH|OXY|OXY|435353|6823|6572|6573|-O--|-O1-|-O2-|283131|14319|14322|2.996855|1.164078|3.773949|124.048584
1120|77|462|447|616|HOH|OXY|HOH|435343|6669|6572|6823|-O--|-O1-|-O--|283128|14323|14319|3.146899|2.996855|5.830828|143.257660
1120|78|495|447|447|HOH|OXY|OXY|435353|6702|6572|6573|-O--|-O1-|-O2-|283131|14321|14322|3.133613|1.164078|2.752350|60.439697
1120|79|462|447|495|HOH|OXY|HOH|435343|6669|6572|6702|-O--|-O1-|-O--|283128|14323|14321|3.146899|3.133613|4.778324|99.072426
1120|80|462|447|447|HOH|OXY|OXY|435353|6669|6572|6573|-O--|-O1-|-O2-|283131|14323|14322|3.146899|1.164078|2.792215|61.804817
1120|81|447|447|446|OXY|OXY|_CU|535346|6572|6573|6571|-O1-|-O2-|CU--|313140|14322|14317|1.164078|3.997510|2.964493|23.313538
1120|82|616|447|446|HOH|OXY|_CU|435346|6823|6573|6571|-O--|-O2-|CU--|283140|14324|14317|3.773949|3.997510|3.997667|61.836067
1120|83|495|447|446|HOH|OXY|_CU|435346|6702|6573|6571|-O--|-O2-|CU--|283140|14325|14317|2.752350|3.997510|5.419975|105.337944
1120|84|462|447|446|HOH|OXY|_CU|435346|6669|6573|6571|-O--|-O2-|CU--|283140|14326|14317|2.792215|3.997510|4.184319|73.693375
1120|85|616|447|447|HOH|OXY|OXY|435353|6823|6573|6572|-O--|-O2-|-O1-|283131|14324|14322|3.773949|1.164078|2.996855|41.143993
1120|86|495|447|447|HOH|OXY|OXY|435353|6702|6573|6572|-O--|-O2-|-O1-|283131|14325|14322|2.752350|1.164078|3.133613|97.974846
1120|87|462|447|447|HOH|OXY|OXY|435353|6669|6573|6572|-O--|-O2-|-O1-|283131|14326|14322|2.792215|1.164078|3.146899|96.637794
1120|88|495|447|616|HOH|OXY|HOH|435343|6702|6573|6823|-O--|-O2-|-O--|283128|14325|14324|2.752350|3.773949|5.178038|103.909523
1120|89|462|447|616|HOH|OXY|HOH|435343|6669|6573|6823|-O--|-O2-|-O--|283128|14326|14324|2.792215|3.773949|5.830828|124.573219
1120|90|462|447|495|HOH|OXY|HOH|435343|6669|6573|6702|-O--|-O2-|-O--|283128|14326|14325|2.792215|2.752350|4.778324|119.037544
1120|91|59|448|134|ASN|NAG|SER|235011|885|6582|1989|-ND2|-N2-|-OG-|93017|2285|4735|2.857891|3.867577|2.874541|47.752750
1120|92|59|448|448|ASN|NAG|NAG|235050|885|6582|6585|-ND2|-N2-|-O5-|93031|2285|14385|2.857891|3.616203|2.339290|40.264545
1120|93|59|448|606|ASN|NAG|HOH|235043|885|6582|6813|-ND2|-N2-|-O--|93028|2285|14386|2.857891|2.929322|4.075011|89.511490
1120|94|59|448|448|ASN|NAG|NAG|235050|885|6582|6583|-ND2|-N2-|-O3-|93031|2285|14387|2.857891|2.842463|4.860818|117.017738
1120|95|59|448|448|ASN|NAG|NAG|235050|885|6582|6587|-ND2|-N2-|-O7-|93031|2285|14388|2.857891|2.212573|4.420136|120.794655
1120|96|134|448|448|SER|NAG|NAG|115050|1989|6582|6585|-OG-|-N2-|-O5-|173031|4735|14385|3.867577|3.616203|4.068987|65.772820
1120|97|134|448|606|SER|NAG|HOH|115043|1989|6582|6813|-OG-|-N2-|-O--|173028|4735|14386|3.867577|2.929322|6.043515|124.964386
1120|98|134|448|448|SER|NAG|NAG|115050|1989|6582|6583|-OG-|-N2-|-O3-|173031|4735|14387|3.867577|2.842463|5.573128|111.398628
1120|99|134|448|448|SER|NAG|NAG|115050|1989|6582|6587|-OG-|-N2-|-O7-|173031|4735|14388|3.867577|2.212573|4.339634|86.579216
1120|100|606|448|448|HOH|NAG|NAG|435050|6813|6582|6585|-O--|-N2-|-O5-|283031|14386|14385|2.929322|3.616203|5.249654|106.172653
1120|101|448|448|448|NAG|NAG|NAG|505050|6583|6582|6585|-O3-|-N2-|-O5-|313031|14387|14385|2.842463|3.616203|4.066899|77.021904
1120|102|448|448|448|NAG|NAG|NAG|505050|6585|6582|6587|-O5-|-N2-|-O7-|313031|14385|14388|3.616203|2.212573|5.668967|152.273087
1120|103|606|448|448|HOH|NAG|NAG|435050|6813|6582|6583|-O--|-N2-|-O3-|283031|14386|14387|2.929322|2.842463|4.988953|119.613922
1120|104|606|448|448|HOH|NAG|NAG|435050|6813|6582|6587|-O--|-N2-|-O7-|283031|14386|14388|2.929322|2.212573|3.701576|90.995705
1120|105|448|448|448|NAG|NAG|NAG|505050|6583|6582|6587|-O3-|-N2-|-O7-|313031|14387|14388|2.842463|2.212573|4.243270|113.572914
1120|106|448|448|448|NAG|NAG|NAG|505050|6582|6583|6584|-N2-|-O3-|-O4-|303131|14387|14389|2.842463|3.026945|4.784067|109.151306
1120|107|681|448|448|HOH|NAG|NAG|435050|6888|6583|6582|-O--|-O3-|-N2-|283130|14390|14387|3.894326|2.842463|6.697925|167.531723
1120|108|681|448|448|HOH|NAG|NAG|435050|6888|6583|6584|-O--|-O3-|-O4-|283131|14390|14389|3.894326|3.026945|4.645459|83.306679
1120|109|574|448|448|HOH|NAG|NAG|435050|6781|6584|6583|-O--|-O4-|-O3-|283131|14391|14389|3.202577|3.026945|5.851107|139.836838
1120|110|658|448|448|HOH|NAG|NAG|435050|6865|6584|6583|-O--|-O4-|-O3-|283131|14392|14389|2.638520|3.026945|4.001190|89.588707
1120|111|559|448|448|HOH|NAG|NAG|435050|6766|6584|6583|-O--|-O4-|-O3-|283131|14393|14389|2.874908|3.026945|5.759785|154.797562
1120|112|448|448|448|NAG|NAG|NAG|505050|6583|6584|6585|-O3-|-O4-|-O5-|313131|14389|14394|3.026945|3.555613|4.066899|75.841736
1120|113|574|448|658|HOH|NAG|HOH|435043|6781|6584|6865|-O--|-O4-|-O--|283128|14391|14392|3.202577|2.638520|4.682044|106.158546
1120|114|559|448|574|HOH|NAG|HOH|435043|6766|6584|6781|-O--|-O4-|-O--|283128|14393|14391|2.874908|3.202577|2.871965|56.088867
1120|115|574|448|448|HOH|NAG|NAG|435050|6781|6584|6585|-O--|-O4-|-O5-|283131|14391|14394|3.202577|3.555613|5.280121|102.632858
1120|116|559|448|658|HOH|NAG|HOH|435043|6766|6584|6865|-O--|-O4-|-O--|283128|14393|14392|2.874908|2.638520|2.980240|65.276764
1120|117|658|448|448|HOH|NAG|NAG|435050|6865|6584|6585|-O--|-O4-|-O5-|283131|14392|14394|2.638520|3.555613|5.970252|148.743652
1120|118|559|448|448|HOH|NAG|NAG|435050|6766|6584|6585|-O--|-O4-|-O5-|283131|14393|14394|2.874908|3.555613|5.708738|124.849388
1120|119|59|448|59|ASN|NAG|ASN|235023|884|6585|885|-OD1|-O5-|-ND2|83109|2278|2284|3.656998|2.339290|2.245883|36.227276
1120|120|134|448|59|SER|NAG|ASN|115023|1987|6585|884|-O--|-O5-|-OD1|43108|4724|2278|3.699381|3.656998|6.523536|124.943291
1120|121|135|448|59|ILE|NAG|ASN|95023|1995|6585|884|-N--|-O5-|-OD1|13108|4742|2278|3.830736|3.656998|5.375862|91.741989
1120|122|136|448|59|LYS|NAG|ASN|295023|2014|6585|884|-N--|-O5-|-OD1|13108|4764|2278|3.170829|3.656998|3.934851|69.966347
1120|123|59|448|448|ASN|NAG|NAG|235050|884|6585|6582|-OD1|-O5-|-N2-|83130|2278|14385|3.656998|3.616203|4.067142|67.997696
1120|124|59|448|448|ASN|NAG|NAG|235050|884|6585|6584|-OD1|-O5-|-O4-|83131|2278|14394|3.656998|3.555613|6.169847|117.606544
1120|125|59|448|448|ASN|NAG|NAG|235050|884|6585|6586|-OD1|-O5-|-O6-|83131|2278|14395|3.656998|2.933987|5.571196|114.962494
1120|126|59|448|657|ASN|NAG|HOH|235043|884|6585|6864|-OD1|-O5-|-O--|83128|2278|14396|3.656998|3.834642|7.233187|149.803833
1120|127|134|448|59|SER|NAG|ASN|115023|1987|6585|885|-O--|-O5-|-ND2|43109|4724|2284|3.699381|2.339290|4.581599|96.080513
1120|128|135|448|59|ILE|NAG|ASN|95023|1995|6585|885|-N--|-O5-|-ND2|13109|4742|2284|3.830736|2.339290|3.790670|71.193710
1120|129|136|448|59|LYS|NAG|ASN|295023|2014|6585|885|-N--|-O5-|-ND2|13109|4764|2284|3.170829|2.339290|3.762158|84.691124
1120|130|59|448|448|ASN|NAG|NAG|235050|885|6585|6582|-ND2|-O5-|-N2-|93130|2284|14385|2.339290|3.616203|2.857891|52.148224
1120|131|59|448|448|ASN|NAG|NAG|235050|885|6585|6584|-ND2|-O5-|-O4-|93131|2284|14394|2.339290|3.555613|5.417622|132.487701
1120|132|59|448|448|ASN|NAG|NAG|235050|885|6585|6586|-ND2|-O5-|-O6-|93131|2284|14395|2.339290|2.933987|4.968859|140.611649
1120|133|59|448|657|ASN|NAG|HOH|235043|885|6585|6864|-ND2|-O5-|-O--|93128|2284|14396|2.339290|3.834642|5.236860|113.828156
1120|134|135|448|134|ILE|NAG|SER|95011|1995|6585|1987|-N--|-O5-|-O--|13104|4742|4724|3.830736|3.699381|2.258007|34.843285
1120|135|136|448|134|LYS|NAG|SER|295011|2014|6585|1987|-N--|-O5-|-O--|13104|4764|4724|3.170829|3.699381|4.602345|83.740288
1120|136|134|448|448|SER|NAG|NAG|115050|1987|6585|6582|-O--|-O5-|-N2-|43130|4724|14385|3.699381|3.616203|5.945766|108.726334
1120|137|134|448|448|SER|NAG|NAG|115050|1987|6585|6584|-O--|-O5-|-O4-|43131|4724|14394|3.699381|3.555613|6.166582|116.404495
1120|138|134|448|448|SER|NAG|NAG|115050|1987|6585|6586|-O--|-O5-|-O6-|43131|4724|14395|3.699381|2.933987|4.489969|84.358719
1120|139|134|448|657|SER|NAG|HOH|115043|1987|6585|6864|-O--|-O5-|-O--|43128|4724|14396|3.699381|3.834642|2.676269|41.565769
1120|140|135|448|136|ILE|NAG|LYS|95029|1995|6585|2014|-N--|-O5-|-N--|13101|4742|4764|3.830736|3.170829|3.463130|58.383038
1120|141|135|448|448|ILE|NAG|NAG|95050|1995|6585|6582|-N--|-O5-|-N2-|13130|4742|14385|3.830736|3.616203|6.049640|108.621315
1120|142|135|448|448|ILE|NAG|NAG|95050|1995|6585|6584|-N--|-O5-|-O4-|13131|4742|14394|3.830736|3.555613|7.145596|150.641479
1120|143|135|448|448|ILE|NAG|NAG|95050|1995|6585|6586|-N--|-O5-|-O6-|13131|4742|14395|3.830736|2.933987|4.786860|89.059929
1120|144|135|448|657|ILE|NAG|HOH|95043|1995|6585|6864|-N--|-O5-|-O--|13128|4742|14396|3.830736|3.834642|4.691572|75.475304
1120|145|136|448|448|LYS|NAG|NAG|295050|2014|6585|6582|-N--|-O5-|-N2-|13130|4764|14385|3.170829|3.616203|6.281394|135.386246
1120|146|136|448|448|LYS|NAG|NAG|295050|2014|6585|6584|-N--|-O5-|-O4-|13131|4764|14394|3.170829|3.555613|6.097337|129.957199
1120|147|136|448|448|LYS|NAG|NAG|295050|2014|6585|6586|-N--|-O5-|-O6-|13131|4764|14395|3.170829|2.933987|2.879012|56.114365
1120|148|136|448|657|LYS|NAG|HOH|295043|2014|6585|6864|-N--|-O5-|-O--|13128|4764|14396|3.170829|3.834642|6.122845|121.567665
1120|149|448|448|448|NAG|NAG|NAG|505050|6582|6585|6584|-N2-|-O5-|-O4-|303131|14385|14394|3.616203|3.555613|4.784067|83.677299
1120|150|448|448|448|NAG|NAG|NAG|505050|6582|6585|6586|-N2-|-O5-|-O6-|303131|14385|14395|3.616203|2.933987|6.471985|162.177032
1120|151|657|448|448|HOH|NAG|NAG|435050|6864|6585|6582|-O--|-O5-|-N2-|283130|14396|14385|3.834642|3.616203|5.269420|89.969795
1120|152|448|448|448|NAG|NAG|NAG|505050|6584|6585|6586|-O4-|-O5-|-O6-|313131|14394|14395|3.555613|2.933987|4.179651|79.558708
1120|153|657|448|448|HOH|NAG|NAG|435050|6864|6585|6584|-O--|-O5-|-O4-|283131|14396|14394|3.834642|3.555613|4.658483|78.051849
1120|154|657|448|448|HOH|NAG|NAG|435050|6864|6585|6586|-O--|-O5-|-O6-|283131|14396|14395|3.834642|2.933987|4.926159|92.430634
1120|155|136|448|110|LYS|NAG|ILE|295009|2014|6586|1631|-N--|-O6-|-O--|13104|4762|4074|2.879012|3.182568|4.916552|108.303391
1120|156|110|448|448|ILE|NAG|NAG|95050|1631|6586|6585|-O--|-O6-|-O5-|43131|4074|14395|3.182568|2.933987|6.107000|173.588913
1120|157|110|448|469|ILE|NAG|HOH|95043|1631|6586|6676|-O--|-O6-|-O--|43128|4074|14397|3.182568|3.776724|2.800099|46.486111
1120|158|136|448|448|LYS|NAG|NAG|295050|2014|6586|6585|-N--|-O6-|-O5-|13131|4762|14395|2.879012|2.933987|3.170829|66.105988
1120|159|136|448|469|LYS|NAG|HOH|295043|2014|6586|6676|-N--|-O6-|-O--|13128|4762|14397|2.879012|3.776724|4.479451|83.433426
1120|160|469|448|448|HOH|NAG|NAG|435050|6676|6586|6585|-O--|-O6-|-O5-|283131|14397|14395|3.776724|2.933987|6.043444|128.023529
1120|161|606|448|448|HOH|NAG|NAG|435050|6813|6587|6582|-O--|-O7-|-N2-|283130|14398|14388|3.701576|2.212573|2.929322|52.302677
1120|162|280|448|448|GLY|NAG|NAG|15050|4121|6587|6582|-O--|-O7-|-N2-|43130|19342|14388|3.632221|2.212573|5.330440|129.969650
1120|163|986|448|448|HOH|NAG|NAG|435050|7194|6587|6582|-O--|-O7-|-N2-|283130|19347|14388|3.492000|2.212573|5.411191|142.088104
1120|164|280|448|606|GLY|NAG|HOH|15043|4121|6587|6813|-O--|-O7-|-O--|43128|19342|14398|3.632221|3.701576|4.681666|79.334366
1120|165|606|448|986|HOH|NAG|HOH|435043|6813|6587|7194|-O--|-O7-|-O--|283128|14398|19347|3.701576|3.492000|6.158651|117.740654
1120|166|280|448|986|GLY|NAG|HOH|15043|4121|6587|7194|-O--|-O7-|-O--|43128|19342|19347|3.632221|3.492000|2.918108|48.310421
1120|167|29|449|30|GLU|GOL|ASP|254921|445|6603|471|-N--|-O1-|-N--|13101|1193|1280|3.227859|3.426517|2.714164|48.028511
1120|168|29|449|776|GLU|GOL|HOH|254943|445|6603|6984|-N--|-O1-|-O--|13128|1193|14406|3.227859|3.757734|6.380326|131.798706
1120|169|29|449|474|GLU|GOL|HOH|254943|445|6603|6681|-N--|-O1-|-O--|13128|1193|14407|3.227859|2.908214|5.701518|136.552780
1120|170|29|449|449|GLU|GOL|GOL|254949|445|6603|6607|-N--|-O1-|-O3-|13131|1193|14408|3.227859|3.283000|4.381200|84.579063
1120|171|29|449|449|GLU|GOL|GOL|254949|445|6603|6605|-N--|-O1-|-O2-|13131|1193|14410|3.227859|3.060947|2.798841|52.771919
1120|172|30|449|776|ASP|GOL|HOH|214943|471|6603|6984|-N--|-O1-|-O--|13128|1280|14406|3.426517|3.757734|6.517004|130.165070
1120|173|30|449|474|ASP|GOL|HOH|214943|471|6603|6681|-N--|-O1-|-O--|13128|1280|14407|3.426517|2.908214|5.431168|117.812126
1120|174|30|449|449|ASP|GOL|GOL|214949|471|6603|6607|-N--|-O1-|-O3-|13131|1280|14408|3.426517|3.283000|6.118522|131.531418
1120|175|30|449|449|ASP|GOL|GOL|214949|471|6603|6605|-N--|-O1-|-O2-|13131|1280|14410|3.426517|3.060947|4.632127|90.945610
1120|176|474|449|776|HOH|GOL|HOH|434943|6681|6603|6984|-O--|-O1-|-O--|283128|14407|14406|2.908214|3.757734|4.753954|90.057167
1120|177|776|449|449|HOH|GOL|GOL|434949|6984|6603|6607|-O--|-O1-|-O3-|283131|14406|14408|3.757734|3.283000|4.085631|70.573494
1120|178|776|449|449|HOH|GOL|GOL|434949|6984|6603|6605|-O--|-O1-|-O2-|283131|14406|14410|3.757734|3.060947|4.507587|82.075394
1120|179|474|449|449|HOH|GOL|GOL|434949|6681|6603|6607|-O--|-O1-|-O3-|283131|14407|14408|2.908214|3.283000|4.852288|103.041229
1120|180|474|449|449|HOH|GOL|GOL|434949|6681|6603|6605|-O--|-O1-|-O2-|283131|14407|14410|2.908214|3.060947|5.722867|146.956314
1120|181|449|449|449|GOL|GOL|GOL|494949|6605|6603|6607|-O2-|-O1-|-O3-|313131|14410|14408|3.060947|3.283000|2.390953|44.109001
1120|182|29|449|27|GLU|GOL|PRO|254919|445|6605|415|-N--|-O2-|-O--|13104|1195|1114|2.798841|3.068385|4.035042|86.772758
1120|183|27|449|29|PRO|GOL|GLU|194925|415|6605|456|-O--|-O2-|-OE1|43110|1114|1260|3.068385|3.447498|5.704639|122.100433
1120|184|27|449|29|PRO|GOL|GLU|194925|415|6605|459|-O--|-O2-|-OE2|43110|1114|1276|3.068385|3.579199|4.803494|92.212326
1120|185|27|449|223|PRO|GOL|HIC|194934|415|6605|3292|-O--|-O2-|-NE2|43113|1114|7176|3.068385|3.677194|4.586885|85.177216
1120|186|27|449|449|PRO|GOL|GOL|194949|415|6605|6603|-O--|-O2-|-O1-|43131|1114|14410|3.068385|3.060947|4.832724|104.083298
1120|187|27|449|449|PRO|GOL|GOL|194949|415|6605|6607|-O--|-O2-|-O3-|43131|1114|14418|3.068385|2.390953|2.651147|56.478256
1120|188|29|449|29|GLU|GOL|GLU|254925|445|6605|456|-N--|-O2-|-OE1|13110|1195|1260|2.798841|3.447498|4.706105|97.229881
1120|189|29|449|29|GLU|GOL|GLU|254925|445|6605|459|-N--|-O2-|-OE2|13110|1195|1276|2.798841|3.579199|4.915755|100.120209
1120|190|29|449|223|GLU|GOL|HIC|254934|445|6605|3292|-N--|-O2-|-NE2|13113|1195|7176|2.798841|3.677194|6.417265|164.405334
1120|191|29|449|449|GLU|GOL|GOL|254949|445|6605|6603|-N--|-O2-|-O1-|13131|1195|14410|2.798841|3.060947|3.227859|66.676430
1120|192|29|449|449|GLU|GOL|GOL|254949|445|6605|6607|-N--|-O2-|-O3-|13131|1195|14418|2.798841|2.390953|4.381200|114.945755
1120|193|29|449|29|GLU|GOL|GLU|254925|456|6605|459|-OE1|-O2-|-OE2|103110|1260|1276|3.447498|3.579199|1.827198|30.069611
1120|194|29|449|223|GLU|GOL|HIC|254934|456|6605|3292|-OE1|-O2-|-NE2|103113|1260|7176|3.447498|3.677194|4.388784|75.972466
1120|195|29|449|449|GLU|GOL|GOL|254949|456|6605|6603|-OE1|-O2-|-O1-|103131|1260|14410|3.447498|3.060947|5.913517|130.529602
1120|196|29|449|449|GLU|GOL|GOL|254949|456|6605|6607|-OE1|-O2-|-O3-|103131|1260|14418|3.447498|2.390953|5.605980|146.994370
1120|197|29|449|223|GLU|GOL|HIC|254934|459|6605|3292|-OE2|-O2-|-NE2|103113|1276|7176|3.579199|3.677194|4.001809|66.922417
1120|198|29|449|449|GLU|GOL|GOL|254949|459|6605|6603|-OE2|-O2-|-O1-|103131|1276|14410|3.579199|3.060947|6.518212|157.937607
1120|199|29|449|449|GLU|GOL|GOL|254949|459|6605|6607|-OE2|-O2-|-O3-|103131|1276|14418|3.579199|2.390953|5.415133|129.108963
1120|200|223|449|449|HIC|GOL|GOL|344949|3292|6605|6603|-NE2|-O2-|-O1-|133131|7176|14410|3.677194|3.060947|6.071563|128.366959
1120|201|223|449|449|HIC|GOL|GOL|344949|3292|6605|6607|-NE2|-O2-|-O3-|133131|7176|14418|3.677194|2.390953|3.677480|71.035278
1120|202|449|449|449|GOL|GOL|GOL|494949|6603|6605|6607|-O1-|-O2-|-O3-|313131|14410|14418|3.060947|2.390953|3.283000|72.883430
1120|203|27|449|223|PRO|GOL|HIC|194934|415|6607|3292|-O--|-O3-|-NE2|43113|1112|7174|2.651147|3.677480|4.586885|91.431381
1120|204|27|449|449|PRO|GOL|GOL|194949|415|6607|6603|-O--|-O3-|-O1-|43131|1112|14408|2.651147|3.283000|4.832724|108.587112
1120|205|27|449|449|PRO|GOL|GOL|194949|415|6607|6605|-O--|-O3-|-O2-|43131|1112|14418|2.651147|2.390953|3.068385|74.770340
1120|206|27|449|926|PRO|GOL|HOH|194943|415|6607|7134|-O--|-O3-|-O--|43128|1112|14423|2.651147|2.549249|3.221333|76.522614
1120|207|223|449|449|HIC|GOL|GOL|344949|3292|6607|6603|-NE2|-O3-|-O1-|133131|7174|14408|3.677480|3.283000|6.071563|121.348457
1120|208|223|449|449|HIC|GOL|GOL|344949|3292|6607|6605|-NE2|-O3-|-O2-|133131|7174|14418|3.677480|2.390953|3.677194|71.022308
1120|209|223|449|926|HIC|GOL|HOH|344943|3292|6607|7134|-NE2|-O3-|-O--|133128|7174|14423|3.677480|2.549249|4.998498|105.347321
1120|210|449|449|449|GOL|GOL|GOL|494949|6603|6607|6605|-O1-|-O3-|-O2-|313131|14408|14418|3.283000|2.390953|3.060947|63.007572
1120|211|926|449|449|HOH|GOL|GOL|434949|7134|6607|6603|-O--|-O3-|-O1-|283131|14423|14408|2.549249|3.283000|5.345720|132.461395
1120|212|926|449|449|HOH|GOL|GOL|434949|7134|6607|6605|-O--|-O3-|-O2-|283131|14423|14418|2.549249|2.390953|4.782174|150.922684
1120|213|223|450|223|HIC|_CU|HIC|344634|3283|6616|3289|-N--|CU--|-ND1|14013|7108|7158|2.238783|1.917220|3.081494|95.399002
1120|214|223|450|306|HIC|_CU|HIS|344633|3283|6616|4497|-N--|CU--|-NE2|14013|7108|10141|2.238783|1.966027|3.119127|95.551086
1120|215|223|450|388|HIC|_CU|GLN|344627|3283|6616|5718|-N--|CU--|-OE1|14008|7108|12809|2.238783|3.523793|4.963796|117.191429
1120|216|223|450|390|HIC|_CU|TYR|344637|3283|6616|5759|-N--|CU--|-OH-|14018|7108|12856|2.238783|2.779978|3.128997|76.291687
1120|217|223|450|846|HIC|_CU|HOH|344643|3283|6616|7054|-N--|CU--|-O--|14028|7108|14424|2.238783|3.923168|5.816348|139.847900
1120|218|223|450|688|HIC|_CU|HOH|344643|3283|6616|6896|-N--|CU--|-O--|14028|7108|14425|2.238783|1.818892|4.019993|164.285873
1120|219|223|450|687|HIC|_CU|HOH|344643|3283|6616|6894|-N--|CU--|-O--|14028|7108|14426|2.238783|3.619575|5.828495|168.087906
1120|220|223|450|451|HIC|_CU|OXY|344653|3283|6616|6618|-N--|CU--|-O2-|14031|7108|14427|2.238783|3.890892|4.351236|85.991234
1120|221|223|450|451|HIC|_CU|OXY|344653|3283|6616|6617|-N--|CU--|-O1-|14031|7108|14428|2.238783|2.917909|3.867550|96.290749
1120|222|223|450|306|HIC|_CU|HIS|344633|3289|6616|4497|-ND1|CU--|-NE2|134013|7158|10141|1.917220|1.966027|3.861716|167.926376
1120|223|388|450|223|GLN|_CU|HIC|274634|5718|6616|3289|-OE1|CU--|-ND1|84013|12809|7158|3.523793|1.917220|4.397202|103.885262
1120|224|223|450|390|HIC|_CU|TYR|344637|3289|6616|5759|-ND1|CU--|-OH-|134018|7158|12856|1.917220|2.779978|3.163925|82.487946
1120|225|223|450|846|HIC|_CU|HOH|344643|3289|6616|7054|-ND1|CU--|-O--|134028|7158|14424|1.917220|3.923168|4.376068|90.316093
1120|226|223|450|688|HIC|_CU|HOH|344643|3289|6616|6896|-ND1|CU--|-O--|134028|7158|14425|1.917220|1.818892|2.565584|86.696678
1120|227|223|450|687|HIC|_CU|HOH|344643|3289|6616|6894|-ND1|CU--|-O--|134028|7158|14426|1.917220|3.619575|4.244853|95.132965
1120|228|223|450|451|HIC|_CU|OXY|344653|3289|6616|6618|-ND1|CU--|-O2-|134031|7158|14427|1.917220|3.890892|4.216424|86.016090
1120|229|223|450|451|HIC|_CU|OXY|344653|3289|6616|6617|-ND1|CU--|-O1-|134031|7158|14428|1.917220|2.917909|3.296697|83.215752
1120|230|388|450|306|GLN|_CU|HIS|274633|5718|6616|4497|-OE1|CU--|-NE2|84013|12809|10141|3.523793|1.966027|3.577372|75.433395
1120|231|306|450|390|HIS|_CU|TYR|334637|4497|6616|5759|-NE2|CU--|-OH-|134018|10141|12856|1.966027|2.779978|3.799545|105.075150
1120|232|306|450|846|HIS|_CU|HOH|334643|4497|6616|7054|-NE2|CU--|-O--|134028|10141|14424|1.966027|3.923168|4.006725|78.017502
1120|233|306|450|688|HIS|_CU|HOH|334643|4497|6616|6896|-NE2|CU--|-O--|134028|10141|14425|1.966027|1.818892|2.538280|84.135475
1120|234|306|450|687|HIS|_CU|HOH|334643|4497|6616|6894|-NE2|CU--|-O--|134028|10141|14426|1.966027|3.619575|3.628826|74.521851
1120|235|306|450|451|HIS|_CU|OXY|334653|4497|6616|6618|-NE2|CU--|-O2-|134031|10141|14427|1.966027|3.890892|4.349907|89.690628
1120|236|306|450|451|HIS|_CU|OXY|334653|4497|6616|6617|-NE2|CU--|-O1-|134031|10141|14428|1.966027|2.917909|3.533823|90.541573
1120|237|388|450|390|GLN|_CU|TYR|274637|5718|6616|5759|-OE1|CU--|-OH-|84018|12809|12856|3.523793|2.779978|2.698577|48.963257
1120|238|388|450|846|GLN|_CU|HOH|274643|5718|6616|7054|-OE1|CU--|-O--|84028|12809|14424|3.523793|3.923168|5.697111|99.679321
1120|239|388|450|688|GLN|_CU|HOH|274643|5718|6616|6896|-OE1|CU--|-O--|84028|12809|14425|3.523793|1.818892|2.657404|47.479160
1120|240|388|450|687|GLN|_CU|HOH|274643|5718|6616|6894|-OE1|CU--|-O--|84028|12809|14426|3.523793|3.619575|3.272725|54.515438
1120|241|388|450|451|GLN|_CU|OXY|274653|5718|6616|6618|-OE1|CU--|-O2-|84031|12809|14427|3.523793|3.890892|7.212171|153.122681
1120|242|388|450|451|GLN|_CU|OXY|274653|5718|6616|6617|-OE1|CU--|-O1-|84031|12809|14428|3.523793|2.917909|6.136795|144.439041
1120|243|390|450|846|TYR|_CU|HOH|374643|5759|6616|7054|-OH-|CU--|-O--|184028|12856|14424|2.779978|3.923168|6.381628|143.816528
1120|244|390|450|688|TYR|_CU|HOH|374643|5759|6616|6896|-OH-|CU--|-O--|184028|12856|14425|2.779978|1.818892|3.284409|88.587410
1120|245|390|450|687|TYR|_CU|HOH|374643|5759|6616|6894|-OH-|CU--|-O--|184028|12856|14426|2.779978|3.619575|4.918602|99.619858
1120|246|390|450|451|TYR|_CU|OXY|374653|5759|6616|6618|-OH-|CU--|-O2-|184031|12856|14427|2.779978|3.890892|6.549469|157.790878
1120|247|390|450|451|TYR|_CU|OXY|374653|5759|6616|6617|-OH-|CU--|-O1-|184031|12856|14428|2.779978|2.917909|5.636545|163.165161
1120|248|688|450|846|HOH|_CU|HOH|434643|6896|6616|7054|-O--|CU--|-O--|284028|14425|14424|1.818892|3.923168|3.258516|55.509052
1120|249|687|450|846|HOH|_CU|HOH|434643|6894|6616|7054|-O--|CU--|-O--|284028|14426|14424|3.619575|3.923168|2.934000|45.561882
1120|250|846|450|451|HOH|_CU|OXY|434653|7054|6616|6618|-O--|CU--|-O2-|284031|14424|14427|3.923168|3.890892|3.592485|54.739594
1120|251|846|450|451|HOH|_CU|OXY|434653|7054|6616|6617|-O--|CU--|-O1-|284031|14424|14428|3.923168|2.917909|2.774983|44.944157
1120|252|687|450|688|HOH|_CU|HOH|434643|6894|6616|6896|-O--|CU--|-O--|284028|14426|14425|3.619575|1.818892|1.893591|13.110847
1120|253|688|450|451|HOH|_CU|OXY|434653|6896|6616|6618|-O--|CU--|-O2-|284031|14425|14427|1.818892|3.890892|4.818717|109.705620
1120|254|688|450|451|HOH|_CU|OXY|434653|6896|6616|6617|-O--|CU--|-O1-|284031|14425|14428|1.818892|2.917909|3.682424|99.422028
1120|255|687|450|451|HOH|_CU|OXY|434653|6894|6616|6618|-O--|CU--|-O2-|284031|14426|14427|3.619575|3.890892|5.767965|100.285080
1120|256|687|450|451|HOH|_CU|OXY|434653|6894|6616|6617|-O--|CU--|-O1-|284031|14426|14428|3.619575|2.917909|4.667640|90.464790
1120|257|451|450|451|OXY|_CU|OXY|534653|6617|6616|6618|-O1-|CU--|-O2-|314031|14428|14427|2.917909|3.890892|1.150860|10.466157
1120|258|223|451|223|HIC|OXY|HIC|345334|3283|6617|3289|-N--|-O1-|-ND1|13113|7107|7157|3.867550|3.296697|3.081494|50.177860
1120|259|223|451|306|HIC|OXY|HIS|345333|3283|6617|4497|-N--|-O1-|-NE2|13113|7107|10140|3.867550|3.533823|3.119127|49.597595
1120|260|223|451|450|HIC|OXY|_CU|345346|3283|6617|6616|-N--|-O1-|CU--|13140|7107|14428|3.867550|2.917909|2.238783|35.126102
1120|261|223|451|846|HIC|OXY|HOH|345343|3283|6617|7054|-N--|-O1-|-O--|13128|7107|14429|3.867550|2.774983|5.816348|121.362709
1120|262|223|451|688|HIC|OXY|HOH|345343|3283|6617|6896|-N--|-O1-|-O--|13128|7107|14430|3.867550|3.682424|4.019993|64.287636
1120|263|223|451|696|HIC|OXY|HOH|345343|3283|6617|6904|-N--|-O1-|-O--|13128|7107|14431|3.867550|3.183286|3.238597|53.626110
1120|264|223|451|776|HIC|OXY|HOH|345343|3283|6617|6984|-N--|-O1-|-O--|13128|7107|14432|3.867550|3.136039|5.707282|108.707718
1120|265|223|451|451|HIC|OXY|OXY|345353|3283|6617|6618|-N--|-O1-|-O2-|13131|7107|14433|3.867550|1.150860|4.351236|107.324272
1120|266|223|451|306|HIC|OXY|HIS|345333|3289|6617|4497|-ND1|-O1-|-NE2|133113|7157|10140|3.296697|3.533823|3.861716|68.753952
1120|267|223|451|450|HIC|OXY|_CU|345346|3289|6617|6616|-ND1|-O1-|CU--|133140|7157|14428|3.296697|2.917909|1.917220|35.273895
1120|268|223|451|846|HIC|OXY|HOH|345343|3289|6617|7054|-ND1|-O1-|-O--|133128|7157|14429|3.296697|2.774983|4.376068|91.820412
1120|269|223|451|688|HIC|OXY|HOH|345343|3289|6617|6896|-ND1|-O1-|-O--|133128|7157|14430|3.296697|3.682424|2.565584|42.690426
1120|270|223|451|696|HIC|OXY|HOH|345343|3289|6617|6904|-ND1|-O1-|-O--|133128|7157|14431|3.296697|3.183286|5.007775|101.198814
1120|271|223|451|776|HIC|OXY|HOH|345343|3289|6617|6984|-ND1|-O1-|-O--|133128|7157|14432|3.296697|3.136039|4.548269|89.955101
1120|272|223|451|451|HIC|OXY|OXY|345353|3289|6617|6618|-ND1|-O1-|-O2-|133131|7157|14433|3.296697|1.150860|4.216424|137.399780
1120|273|306|451|450|HIS|OXY|_CU|335346|4497|6617|6616|-NE2|-O1-|CU--|133140|10140|14428|3.533823|2.917909|1.966027|33.801731
1120|274|306|451|846|HIS|OXY|HOH|335343|4497|6617|7054|-NE2|-O1-|-O--|133128|10140|14429|3.533823|2.774983|4.006725|77.830009
1120|275|306|451|688|HIS|OXY|HOH|335343|4497|6617|6896|-NE2|-O1-|-O--|133128|10140|14430|3.533823|3.682424|2.538280|41.123455
1120|276|306|451|696|HIS|OXY|HOH|335343|4497|6617|6904|-NE2|-O1-|-O--|133128|10140|14431|3.533823|3.183286|4.234416|77.965477
1120|277|306|451|776|HIS|OXY|HOH|335343|4497|6617|6984|-NE2|-O1-|-O--|133128|10140|14432|3.533823|3.136039|6.527438|156.233704
1120|278|306|451|451|HIS|OXY|OXY|335353|4497|6617|6618|-NE2|-O1-|-O2-|133131|10140|14433|3.533823|1.150860|4.349907|128.913956
1120|279|846|451|450|HOH|OXY|_CU|435346|7054|6617|6616|-O--|-O1-|CU--|283140|14429|14428|2.774983|2.917909|3.923168|87.085243
1120|280|688|451|450|HOH|OXY|_CU|435346|6896|6617|6616|-O--|-O1-|CU--|283140|14430|14428|3.682424|2.917909|1.818892|29.161646
1120|281|696|451|450|HOH|OXY|_CU|435346|6904|6617|6616|-O--|-O1-|CU--|283140|14431|14428|3.183286|2.917909|4.162415|85.919823
1120|282|776|451|450|HOH|OXY|_CU|435346|6984|6617|6616|-O--|-O1-|CU--|283140|14432|14428|3.136039|2.917909|5.333428|123.482452
1120|283|451|451|450|OXY|OXY|_CU|535346|6618|6617|6616|-O2-|-O1-|CU--|313140|14433|14428|1.150860|2.917909|3.890892|142.109924
1120|284|688|451|846|HOH|OXY|HOH|435343|6896|6617|7054|-O--|-O1-|-O--|283128|14430|14429|3.682424|2.774983|3.258516|58.617050
1120|285|696|451|846|HOH|OXY|HOH|435343|6904|6617|7054|-O--|-O1-|-O--|283128|14431|14429|3.183286|2.774983|5.699446|146.018127
1120|286|776|451|846|HOH|OXY|HOH|435343|6984|6617|7054|-O--|-O1-|-O--|283128|14432|14429|3.136039|2.774983|4.978281|114.609680
1120|287|846|451|451|HOH|OXY|OXY|435353|7054|6617|6618|-O--|-O1-|-O2-|283131|14429|14433|2.774983|1.150860|3.592485|127.416801
1120|288|688|451|696|HOH|OXY|HOH|435343|6896|6617|6904|-O--|-O1-|-O--|283128|14430|14431|3.682424|3.183286|5.730710|112.965523
1120|289|688|451|776|HOH|OXY|HOH|435343|6896|6617|6984|-O--|-O1-|-O--|283128|14430|14432|3.682424|3.136039|6.091546|126.418701
1120|290|688|451|451|HOH|OXY|OXY|435353|6896|6617|6618|-O--|-O1-|-O2-|283131|14430|14433|3.682424|1.150860|4.818717|169.549591
1120|291|696|451|776|HOH|OXY|HOH|435343|6904|6617|6984|-O--|-O1-|-O--|283128|14431|14432|3.183286|3.136039|4.726469|96.821457
1120|292|696|451|451|HOH|OXY|OXY|435353|6904|6617|6618|-O--|-O1-|-O2-|283131|14431|14433|3.183286|1.150860|2.731820|56.959366
1120|293|776|451|451|HOH|OXY|OXY|435353|6984|6617|6618|-O--|-O1-|-O2-|283131|14432|14433|3.136039|1.150860|2.768161|61.027100
1120|294|451|451|450|OXY|OXY|_CU|535346|6617|6618|6616|-O1-|-O2-|CU--|313140|14433|14427|1.150860|3.890892|2.917909|27.423925
1120|295|846|451|450|HOH|OXY|_CU|435346|7054|6618|6616|-O--|-O2-|CU--|283140|14434|14427|3.592485|3.890892|3.923168|63.087349
1120|296|696|451|450|HOH|OXY|_CU|435346|6904|6618|6616|-O--|-O2-|CU--|283140|14435|14427|2.731820|3.890892|4.162415|75.629425
1120|297|776|451|450|HOH|OXY|_CU|435346|6984|6618|6616|-O--|-O2-|CU--|283140|14436|14427|2.768161|3.890892|5.333428|105.188492
1120|298|846|451|451|HOH|OXY|OXY|435353|7054|6618|6617|-O--|-O2-|-O1-|283131|14434|14433|3.592485|1.150860|2.774983|37.843075
1120|299|696|451|451|HOH|OXY|OXY|435353|6904|6618|6617|-O--|-O2-|-O1-|283131|14435|14433|2.731820|1.150860|3.183286|102.360413
1120|300|776|451|451|HOH|OXY|OXY|435353|6984|6618|6617|-O--|-O2-|-O1-|283131|14436|14433|2.768161|1.150860|3.136039|97.644218
1120|301|696|451|846|HOH|OXY|HOH|435343|6904|6618|7054|-O--|-O2-|-O--|283128|14435|14434|2.731820|3.592485|5.699446|128.113647
1120|302|776|451|846|HOH|OXY|HOH|435343|6984|6618|7054|-O--|-O2-|-O--|283128|14436|14434|2.768161|3.592485|4.978281|102.234024
1120|303|696|451|776|HOH|OXY|HOH|435343|6904|6618|6984|-O--|-O2-|-O--|283128|14435|14436|2.731820|2.768161|4.726469|118.488312
1120|304|282|452|282|ASN|NAG|ASN|235023|4145|6627|4146|-OD1|-N2-|-ND2|83009|9328|9339|3.897805|2.844827|2.248278|34.707485
1120|305|282|452|452|ASN|NAG|NAG|235050|4145|6627|6628|-OD1|-N2-|-O3-|83031|9328|14497|3.897805|2.932052|6.171869|128.735046
1120|306|282|452|452|ASN|NAG|NAG|235050|4145|6627|6632|-OD1|-N2-|-O7-|83031|9328|14498|3.897805|2.264815|4.946165|103.568939
1120|307|282|452|967|ASN|NAG|HOH|235043|4145|6627|7175|-OD1|-N2-|-O--|83028|9328|14499|3.897805|2.892999|3.972524|69.816307
1120|308|282|452|452|ASN|NAG|NAG|235050|4145|6627|6630|-OD1|-N2-|-O5-|83031|9328|14500|3.897805|3.656317|3.649715|57.675369
1120|309|282|452|452|ASN|NAG|NAG|235050|4146|6627|6628|-ND2|-N2-|-O3-|93031|9339|14497|2.844827|2.932052|4.787604|111.932831
1120|310|282|452|452|ASN|NAG|NAG|235050|4146|6627|6632|-ND2|-N2-|-O7-|93031|9339|14498|2.844827|2.264815|3.332458|80.543533
1120|311|282|452|967|ASN|NAG|HOH|235043|4146|6627|7175|-ND2|-N2-|-O--|93028|9339|14499|2.844827|2.892999|4.514596|103.774178
1120|312|282|452|452|ASN|NAG|NAG|235050|4146|6627|6630|-ND2|-N2-|-O5-|93031|9339|14500|2.844827|3.656317|2.288911|38.756577
1120|313|452|452|452|NAG|NAG|NAG|505050|6628|6627|6632|-O3-|-N2-|-O7-|313031|14497|14498|2.932052|2.264815|4.124521|104.321976
1120|314|967|452|452|HOH|NAG|NAG|435050|7175|6627|6628|-O--|-N2-|-O3-|283031|14499|14497|2.892999|2.932052|4.682244|106.989395
1120|315|452|452|452|NAG|NAG|NAG|505050|6628|6627|6630|-O3-|-N2-|-O5-|313031|14497|14500|2.932052|3.656317|4.061075|75.210411
1120|316|967|452|452|HOH|NAG|NAG|435050|7175|6627|6632|-O--|-N2-|-O7-|283031|14499|14498|2.892999|2.264815|4.906128|143.775391
1120|317|452|452|452|NAG|NAG|NAG|505050|6630|6627|6632|-O5-|-N2-|-O7-|313031|14500|14498|3.656317|2.264815|4.660089|101.205399
1120|318|967|452|452|HOH|NAG|NAG|435050|7175|6627|6630|-O--|-N2-|-O5-|283031|14499|14500|2.892999|3.656317|5.181589|103.979897
1120|319|893|452|452|HOH|NAG|NAG|435050|7101|6628|6627|-O--|-O3-|-N2-|283130|14501|14497|2.463710|2.932052|5.290306|157.220184
1120|320|452|452|452|NAG|NAG|NAG|505050|6627|6628|6629|-N2-|-O3-|-O4-|303131|14497|14502|2.932052|2.867763|4.746655|109.847931
1120|321|893|452|452|HOH|NAG|NAG|435050|7101|6628|6629|-O--|-O3-|-O4-|283131|14501|14502|2.463710|2.867763|2.339690|51.379528
1120|322|893|452|452|HOH|NAG|NAG|435050|7101|6629|6628|-O--|-O4-|-O3-|283131|14503|14502|2.339690|2.867763|2.463710|55.357189
1120|323|899|452|452|HOH|NAG|NAG|435050|7107|6629|6628|-O--|-O4-|-O3-|283131|14504|14502|3.517633|2.867763|5.946373|137.025558
1120|324|890|452|452|HOH|NAG|NAG|435050|7098|6629|6628|-O--|-O4-|-O3-|283131|14505|14502|2.420501|2.867763|4.859835|133.379410
1120|325|452|452|452|NAG|NAG|NAG|505050|6628|6629|6630|-O3-|-O4-|-O5-|313131|14502|14506|2.867763|3.614352|4.061075|76.625305
1120|326|893|452|899|HOH|NAG|HOH|435043|7101|6629|7107|-O--|-O4-|-O--|283128|14503|14504|2.339690|3.517633|4.348866|93.708786
1120|327|890|452|893|HOH|NAG|HOH|435043|7098|6629|7101|-O--|-O4-|-O--|283128|14505|14503|2.420501|2.339690|3.085496|80.790756
1120|328|893|452|452|HOH|NAG|NAG|435050|7101|6629|6630|-O--|-O4-|-O5-|283131|14503|14506|2.339690|3.614352|5.383064|128.116394
1120|329|890|452|899|HOH|NAG|HOH|435043|7098|6629|7107|-O--|-O4-|-O--|283128|14505|14504|2.420501|3.517633|2.716575|50.407955
1120|330|899|452|452|HOH|NAG|NAG|435050|7107|6629|6630|-O--|-O4-|-O5-|283131|14504|14506|3.517633|3.614352|5.913958|112.029526
1120|331|890|452|452|HOH|NAG|NAG|435050|7098|6629|6630|-O--|-O4-|-O5-|283131|14505|14506|2.420501|3.614352|5.836492|149.930328
1120|332|282|452|282|ASN|NAG|ASN|235023|4145|6630|4146|-OD1|-O5-|-ND2|83109|9332|9346|3.649715|2.288911|2.248278|36.070366
1120|333|357|452|282|SER|NAG|ASN|115023|5248|6630|4145|-O--|-O5-|-OD1|43108|11842|9332|3.623323|3.649715|6.557200|128.731796
1120|334|282|452|357|ASN|NAG|SER|235011|4145|6630|5250|-OD1|-O5-|-OG-|83117|9332|11854|3.649715|3.677872|4.920522|84.365952
1120|335|358|452|282|ILE|NAG|ASN|95023|5256|6630|4145|-N--|-O5-|-OD1|13108|11855|9332|3.740497|3.649715|5.383178|93.500069
1120|336|359|452|282|LYS|NAG|ASN|295023|5275|6630|4145|-N--|-O5-|-OD1|13108|11877|9332|3.393089|3.649715|3.974794|68.606575
1120|337|282|452|452|ASN|NAG|NAG|235050|4145|6630|6627|-OD1|-O5-|-N2-|83130|9332|14500|3.649715|3.656317|3.897805|64.485092
1120|338|282|452|452|ASN|NAG|NAG|235050|4145|6630|6629|-OD1|-O5-|-O4-|83131|9332|14506|3.649715|3.614352|6.384173|123.012054
1120|339|282|452|452|ASN|NAG|NAG|235050|4145|6630|6631|-OD1|-O5-|-O6-|83131|9332|14507|3.649715|2.877281|5.490079|113.997955
1120|340|357|452|282|SER|NAG|ASN|115023|5248|6630|4146|-O--|-O5-|-ND2|43109|11842|9346|3.623323|2.288911|4.762060|105.059441
1120|341|282|452|357|ASN|NAG|SER|235011|4146|6630|5250|-ND2|-O5-|-OG-|93117|9346|11854|2.288911|3.677872|2.775625|48.928135
1120|342|358|452|282|ILE|NAG|ASN|95023|5256|6630|4146|-N--|-O5-|-ND2|13109|11855|9346|3.740497|2.288911|3.926586|77.135826
1120|343|359|452|282|LYS|NAG|ASN|295023|5275|6630|4146|-N--|-O5-|-ND2|13109|11877|9346|3.393089|2.288911|3.980419|86.647194
1120|344|282|452|452|ASN|NAG|NAG|235050|4146|6630|6627|-ND2|-O5-|-N2-|93130|9346|14500|2.288911|3.656317|2.844827|51.082844
1120|345|282|452|452|ASN|NAG|NAG|235050|4146|6630|6629|-ND2|-O5-|-O4-|93131|9346|14506|2.288911|3.614352|5.422719|132.148743
1120|346|282|452|452|ASN|NAG|NAG|235050|4146|6630|6631|-ND2|-O5-|-O6-|93131|9346|14507|2.288911|2.877281|4.875835|141.135620
1120|347|357|452|357|SER|NAG|SER|115011|5248|6630|5250|-O--|-O5-|-OG-|43117|11842|11854|3.623323|3.677872|3.800424|62.729141
1120|348|358|452|357|ILE|NAG|SER|95011|5256|6630|5248|-N--|-O5-|-O--|13104|11855|11842|3.740497|3.623323|2.247880|35.502323
1120|349|359|452|357|LYS|NAG|SER|295011|5275|6630|5248|-N--|-O5-|-O--|13104|11877|11842|3.393089|3.623323|4.556955|80.931129
1120|350|357|452|452|SER|NAG|NAG|115050|5248|6630|6627|-O--|-O5-|-N2-|43130|11842|14500|3.623323|3.656317|6.462505|125.183281
1120|351|357|452|452|SER|NAG|NAG|115050|5248|6630|6629|-O--|-O5-|-O4-|43131|11842|14506|3.623323|3.614352|5.860362|108.133652
1120|352|357|452|452|SER|NAG|NAG|115050|5248|6630|6631|-O--|-O5-|-O6-|43131|11842|14507|3.623323|2.877281|3.984619|74.619926
1120|353|358|452|357|ILE|NAG|SER|95011|5256|6630|5250|-N--|-O5-|-OG-|13117|11855|11854|3.740497|3.677872|3.339733|53.504654
1120|354|359|452|357|LYS|NAG|SER|295011|5275|6630|5250|-N--|-O5-|-OG-|13117|11877|11854|3.393089|3.677872|5.520852|102.589264
1120|355|357|452|452|SER|NAG|NAG|115050|5250|6630|6627|-OG-|-O5-|-N2-|173130|11854|14500|3.677872|3.656317|4.080178|67.603035
1120|356|357|452|452|SER|NAG|NAG|115050|5250|6630|6629|-OG-|-O5-|-O4-|173131|11854|14506|3.677872|3.614352|6.443493|124.159988
1120|357|357|452|452|SER|NAG|NAG|115050|5250|6630|6631|-OG-|-O5-|-O6-|173131|11854|14507|3.677872|2.877281|6.062190|134.919952
1120|358|358|452|359|ILE|NAG|LYS|95029|5256|6630|5275|-N--|-O5-|-N--|13101|11855|11877|3.740497|3.393089|3.450847|57.613972
1120|359|358|452|452|ILE|NAG|NAG|95050|5256|6630|6627|-N--|-O5-|-N2-|13130|11855|14500|3.740497|3.656317|6.374322|119.026535
1120|360|358|452|452|ILE|NAG|NAG|95050|5256|6630|6629|-N--|-O5-|-O4-|13131|11855|14506|3.740497|3.614352|6.984741|143.486877
1120|361|358|452|452|ILE|NAG|NAG|95050|5256|6630|6631|-N--|-O5-|-O6-|13131|11855|14507|3.740497|2.877281|4.449423|83.403526
1120|362|359|452|452|LYS|NAG|NAG|295050|5275|6630|6627|-N--|-O5-|-N2-|13130|11877|14500|3.393089|3.656317|6.458197|132.699417
1120|363|359|452|452|LYS|NAG|NAG|295050|5275|6630|6629|-N--|-O5-|-O4-|13131|11877|14506|3.393089|3.614352|6.392994|131.628876
1120|364|359|452|452|LYS|NAG|NAG|295050|5275|6630|6631|-N--|-O5-|-O6-|13131|11877|14507|3.393089|2.877281|2.912979|54.616341
1120|365|452|452|452|NAG|NAG|NAG|505050|6627|6630|6629|-N2-|-O5-|-O4-|303131|14500|14506|3.656317|3.614352|4.746655|81.511414
1120|366|452|452|452|NAG|NAG|NAG|505050|6627|6630|6631|-N2-|-O5-|-O6-|303131|14500|14507|3.656317|2.877281|6.407827|157.315491
1120|367|452|452|452|NAG|NAG|NAG|505050|6629|6630|6631|-O4-|-O5-|-O6-|313131|14506|14507|3.614352|2.877281|4.269413|81.388283
1120|368|359|452|357|LYS|NAG|SER|295011|5275|6631|5248|-N--|-O6-|-O--|13104|11876|11841|2.912979|3.984619|4.556955|81.086731
1120|369|357|452|452|SER|NAG|NAG|115050|5248|6631|6630|-O--|-O6-|-O5-|43131|11841|14507|3.984619|2.877281|3.623323|61.254215
1120|370|357|452|852|SER|NAG|HOH|115043|5248|6631|7060|-O--|-O6-|-O--|43128|11841|14508|3.984619|2.665875|6.340612|144.145844
1120|371|359|452|452|LYS|NAG|NAG|295050|5275|6631|6630|-N--|-O6-|-O5-|13131|11876|14507|2.912979|2.877281|3.393089|71.744255
1120|372|359|452|852|LYS|NAG|HOH|295043|5275|6631|7060|-N--|-O6-|-O--|13128|11876|14508|2.912979|2.665875|4.989347|126.789162
1120|373|852|452|452|HOH|NAG|NAG|435050|7060|6631|6630|-O--|-O6-|-O5-|283131|14508|14507|2.665875|2.877281|5.243902|142.146118
1120|374|282|452|357|ASN|NAG|SER|235011|4146|6632|5250|-ND2|-O7-|-OG-|93117|9338|11849|3.332458|2.949647|2.775625|52.006580
1120|375|282|452|452|ASN|NAG|NAG|235050|4146|6632|6627|-ND2|-O7-|-N2-|93130|9338|14498|3.332458|2.264815|2.844827|57.359497
1120|376|357|452|452|SER|NAG|NAG|115050|5250|6632|6627|-OG-|-O7-|-N2-|173130|11849|14498|2.949647|2.264815|4.080178|102.176186
1120|377|136|452|136|LYS|NAG|LYS|295029|2022|6640|2029|-NZ-|-H81|-HD2|143435|16268|16276|3.382629|3.879039|2.635293|41.862026
1120|378|136|452|136|LYS|NAG|LYS|295029|2022|6640|2033|-NZ-|-H81|-HZ1|143435|16268|16286|3.382629|2.852805|0.729852|9.268471
1120|379|136|452|136|LYS|NAG|LYS|295029|2022|6640|2035|-NZ-|-H81|-HZ3|143435|16268|16294|3.382629|3.295329|1.111151|19.097954
1120|380|136|452|136|LYS|NAG|LYS|295029|2029|6640|2033|-HD2|-H81|-HZ1|353435|16276|16286|3.879039|2.852805|2.586112|41.806313
1120|381|136|452|136|LYS|NAG|LYS|295029|2029|6640|2035|-HD2|-H81|-HZ3|353435|16276|16294|3.879039|3.295329|3.026945|49.085129
1120|382|136|452|136|LYS|NAG|LYS|295029|2033|6640|2035|-HZ1|-H81|-HZ3|353435|16286|16294|2.852805|3.295329|1.563715|28.313688
1120|383|136|452|136|LYS|NAG|LYS|295029|2029|6641|2030|-HD2|-H82|-HD3|353435|16278|16283|3.862352|3.938922|1.591355|23.513853
1120|384|136|452|136|LYS|NAG|LYS|295029|2030|6642|2033|-HD3|-H83|-HZ1|353435|16284|16290|3.923506|3.848092|2.929717|44.279903
1120|385|136|452|136|LYS|NAG|LYS|295029|2030|6642|2035|-HD3|-H83|-HZ3|353435|16284|16297|3.923506|3.546004|2.475125|38.283459
1120|386|136|452|136|LYS|NAG|LYS|295029|2033|6642|2035|-HZ1|-H83|-HZ3|353435|16290|16297|3.848092|3.546004|1.563715|23.971819
1120|387|250|453|0|PRO|GOL|HIC|194934|3698|6648|9|-O--|-O1-|-NE2|43113|8189|76|2.731582|3.647057|4.519137|89.022324
1120|388|0|453|453|HIC|GOL|GOL|344949|9|6648|6650|-NE2|-O1-|-O2-|133131|76|14517|3.647057|2.452231|3.594638|69.058441
1120|389|0|453|453|HIC|GOL|GOL|344949|9|6648|6652|-NE2|-O1-|-O3-|133131|76|14518|3.647057|3.287486|6.037467|120.978157
1120|390|0|453|472|HIC|GOL|HOH|344943|9|6648|6679|-NE2|-O1-|-O--|133128|76|14521|3.647057|2.623082|4.987851|104.211113
1120|391|250|453|453|PRO|GOL|GOL|194949|3698|6648|6650|-O--|-O1-|-O2-|43131|8189|14517|2.731582|2.452231|3.073746|72.506599
1120|392|250|453|453|PRO|GOL|GOL|194949|3698|6648|6652|-O--|-O1-|-O3-|43131|8189|14518|2.731582|3.287486|4.844818|106.840385
1120|393|250|453|472|PRO|GOL|HOH|194943|3698|6648|6679|-O--|-O1-|-O--|43128|8189|14521|2.731582|2.623082|3.346487|77.330086
1120|394|453|453|453|GOL|GOL|GOL|494949|6650|6648|6652|-O2-|-O1-|-O3-|313131|14517|14518|2.452231|3.287486|3.089720|63.180180
1120|395|472|453|453|HOH|GOL|GOL|434949|6679|6648|6650|-O--|-O1-|-O2-|283131|14521|14517|2.623082|2.452231|4.891905|149.081833
1120|396|472|453|453|HOH|GOL|GOL|434949|6679|6648|6652|-O--|-O1-|-O3-|283131|14521|14518|2.623082|3.287486|5.456164|134.468521
1120|397|250|453|0|PRO|GOL|HIC|194934|3698|6650|9|-O--|-O2-|-NE2|43113|8188|75|3.073746|3.594638|4.519137|84.945946
1120|398|252|453|0|GLU|GOL|HIC|254934|3728|6650|9|-N--|-O2-|-NE2|13113|8266|75|2.917894|3.594638|6.449839|163.999802
1120|399|252|453|0|GLU|GOL|HIC|254934|3739|6650|9|-OE1|-O2-|-NE2|103113|8331|75|3.386701|3.594638|4.482983|79.842117
1120|400|252|453|0|GLU|GOL|HIC|254934|3742|6650|9|-OE2|-O2-|-NE2|103113|8344|75|3.463371|3.594638|4.019238|69.396217
1120|401|0|453|453|HIC|GOL|GOL|344949|9|6650|6648|-NE2|-O2-|-O1-|133131|75|14517|3.594638|2.452231|3.647057|71.363449
1120|402|0|453|453|HIC|GOL|GOL|344949|9|6650|6652|-NE2|-O2-|-O3-|133131|75|14528|3.594638|3.089720|6.037467|129.013992
1120|403|252|453|250|GLU|GOL|PRO|254919|3728|6650|3698|-N--|-O2-|-O--|13104|8266|8188|2.917894|3.073746|4.015718|84.125153
1120|404|250|453|252|PRO|GOL|GLU|194925|3698|6650|3739|-O--|-O2-|-OE1|43110|8188|8331|3.073746|3.386701|5.580391|119.408318
1120|405|250|453|252|PRO|GOL|GLU|194925|3698|6650|3742|-O--|-O2-|-OE2|43110|8188|8344|3.073746|3.463371|4.661971|90.783447
1120|406|250|453|453|PRO|GOL|GOL|194949|3698|6650|6648|-O--|-O2-|-O1-|43131|8188|14517|3.073746|2.452231|2.731582|57.949623
1120|407|250|453|453|PRO|GOL|GOL|194949|3698|6650|6652|-O--|-O2-|-O3-|43131|8188|14528|3.073746|3.089720|4.844818|103.636261
1120|408|252|453|252|GLU|GOL|GLU|254925|3728|6650|3739|-N--|-O2-|-OE1|13110|8266|8331|2.917894|3.386701|4.675516|95.448456
1120|409|252|453|252|GLU|GOL|GLU|254925|3728|6650|3742|-N--|-O2-|-OE2|13110|8266|8344|2.917894|3.463371|4.868566|99.092171
1120|410|252|453|453|GLU|GOL|GOL|254949|3728|6650|6648|-N--|-O2-|-O1-|13131|8266|14517|2.917894|2.452231|4.459186|111.982346
1120|411|252|453|453|GLU|GOL|GOL|254949|3728|6650|6652|-N--|-O2-|-O3-|13131|8266|14528|2.917894|3.089720|3.242170|65.250099
1120|412|252|453|252|GLU|GOL|GLU|254925|3739|6650|3742|-OE1|-O2-|-OE2|103110|8331|8344|3.386701|3.463371|1.728862|29.209961
1120|413|252|453|453|GLU|GOL|GOL|254949|3739|6650|6648|-OE1|-O2-|-O1-|103131|8331|14517|3.386701|2.452231|5.660098|151.186600
1120|414|252|453|453|GLU|GOL|GOL|254949|3739|6650|6652|-OE1|-O2-|-O3-|103131|8331|14528|3.386701|3.089720|5.894103|130.979660
1120|415|252|453|453|GLU|GOL|GOL|254949|3742|6650|6648|-OE2|-O2-|-O1-|103131|8344|14517|3.463371|2.452231|5.405650|131.308578
1120|416|252|453|453|GLU|GOL|GOL|254949|3742|6650|6652|-OE2|-O2-|-O3-|103131|8344|14528|3.463371|3.089720|6.420927|156.908585
1120|417|453|453|453|GOL|GOL|GOL|494949|6648|6650|6652|-O1-|-O2-|-O3-|313131|14517|14528|2.452231|3.089720|3.287486|71.723167
1120|418|252|453|253|GLU|GOL|ASP|254921|3728|6652|3754|-N--|-O3-|-N--|13101|8267|8347|3.242170|3.435740|2.738424|48.311459
1120|419|252|453|453|GLU|GOL|GOL|254949|3728|6652|6648|-N--|-O3-|-O1-|13131|8267|14518|3.242170|3.287486|4.459186|86.140404
1120|420|252|453|453|GLU|GOL|GOL|254949|3728|6652|6650|-N--|-O3-|-O2-|13131|8267|14528|3.242170|3.089720|2.917894|54.816704
1120|421|252|453|933|GLU|GOL|HOH|254943|3728|6652|7141|-N--|-O3-|-O--|13128|8267|14534|3.242170|2.426703|5.579065|159.358414
1120|422|252|453|495|GLU|GOL|HOH|254943|3728|6652|6702|-N--|-O3-|-O--|13128|8267|14535|3.242170|3.764210|6.486928|135.466385
1120|423|252|453|723|GLU|GOL|HOH|254943|3728|6652|6931|-N--|-O3-|-O--|13128|8267|14536|3.242170|3.014386|5.805948|136.213104
1120|424|253|453|453|ASP|GOL|GOL|214949|3754|6652|6648|-N--|-O3-|-O1-|13131|8347|14518|3.435740|3.287486|6.177771|133.510910
1120|425|253|453|453|ASP|GOL|GOL|214949|3754|6652|6650|-N--|-O3-|-O2-|13131|8347|14528|3.435740|3.089720|4.725010|92.632278
1120|426|253|453|933|ASP|GOL|HOH|214943|3754|6652|7141|-N--|-O3-|-O--|13128|8347|14534|3.435740|2.426703|4.882446|111.624352
1120|427|253|453|495|ASP|GOL|HOH|214943|3754|6652|6702|-N--|-O3-|-O--|13128|8347|14535|3.435740|3.764210|6.603651|132.982605
1120|428|253|453|723|ASP|GOL|HOH|214943|3754|6652|6931|-N--|-O3-|-O--|13128|8347|14536|3.435740|3.014386|5.553454|118.709503
1120|429|453|453|453|GOL|GOL|GOL|494949|6648|6652|6650|-O1-|-O3-|-O2-|313131|14518|14528|3.287486|3.089720|2.452231|45.096653
1120|430|933|453|453|HOH|GOL|GOL|434949|7141|6652|6648|-O--|-O3-|-O1-|283131|14534|14518|2.426703|3.287486|4.771163|112.350945
1120|431|495|453|453|HOH|GOL|GOL|434949|6702|6652|6648|-O--|-O3-|-O1-|283131|14535|14518|3.764210|3.287486|4.072552|70.181427
1120|432|723|453|453|HOH|GOL|GOL|434949|6931|6652|6648|-O--|-O3-|-O1-|283131|14536|14518|3.014386|3.287486|4.824773|99.831924
1120|433|933|453|453|HOH|GOL|GOL|434949|7141|6652|6650|-O--|-O3-|-O2-|283131|14534|14528|2.426703|3.089720|5.063340|132.870255
1120|434|495|453|453|HOH|GOL|GOL|434949|6702|6652|6650|-O--|-O3-|-O2-|283131|14535|14528|3.764210|3.089720|4.566018|82.919685
1120|435|723|453|453|HOH|GOL|GOL|434949|6931|6652|6650|-O--|-O3-|-O2-|283131|14536|14528|3.014386|3.089720|5.819700|144.879517
1120|436|495|453|933|HOH|GOL|HOH|434943|6702|6652|7141|-O--|-O3-|-O--|283128|14535|14534|3.764210|2.426703|2.915647|50.757587
1120|437|723|453|933|HOH|GOL|HOH|434943|6931|6652|7141|-O--|-O3-|-O--|283128|14536|14534|3.014386|2.426703|2.457193|52.344776
1120|438|495|453|723|HOH|GOL|HOH|434943|6702|6652|6931|-O--|-O3-|-O--|283128|14535|14536|3.764210|3.014386|4.656802|86.032951
