1868|0|9|ILE|X|1|8|0|000|10.333788|-1.000000|-1.000000|0.000000|-1|-1|0|0|-1|1
1868|1|21|ASP|X|2|8|0|000|11.216717|-1.000000|-1.000000|0.000000|-1|-1|0|0|0|2
1868|2|5|VAL|X|3|7|0|000|7.365690|-1.000000|-1.000000|0.000000|-1|-1|0|0|1|3
1868|3|7|LEU|X|4|8|0|000|10.740650|-1.000000|-1.000000|0.000000|-1|-1|0|0|2|4
1868|4|7|LEU|X|5|8|0|000|8.595794|-1.000000|-1.000000|0.000000|-1|-1|0|0|3|5
1868|5|1|GLY|X|6|4|0|000|12.129603|-1.000000|-1.000000|0.000000|-1|-1|0|0|4|6
1868|6|3|ALA|X|7|5|0|000|15.034393|-1.000000|-1.000000|0.000000|-1|-1|0|0|5|7
1868|7|21|ASP|X|8|8|0|000|17.952742|-1.000000|-1.000000|0.000000|-1|-1|0|0|6|8
1868|8|21|ASP|X|9|8|0|000|19.421177|-1.000000|-1.000000|0.000000|-1|-1|0|0|7|9
1868|9|1|GLY|X|10|4|0|000|17.679453|-1.000000|-1.000000|0.000000|-1|-1|0|0|8|10
1868|10|11|SER|X|11|6|0|000|16.174809|-1.000000|-1.000000|0.000000|-1|-1|0|0|9|11
1868|11|7|LEU|X|12|8|0|000|14.062882|-1.000000|-1.000000|0.000000|-1|-1|0|0|10|12
1868|12|3|ALA|X|13|5|0|000|11.114565|-1.000000|-1.000000|0.000000|-1|-1|0|0|11|13
1868|13|35|PHE|X|14|11|0|000|6.699501|-1.000000|-1.000000|0.000000|-1|-1|0|0|12|14
1868|14|5|VAL|X|15|7|0|000|11.040558|-1.000000|-1.000000|0.000000|-1|-1|0|0|13|15
1868|15|19|PRO|X|16|7|0|000|9.920452|-1.000000|-1.000000|0.000000|-1|-1|0|0|14|16
1868|16|11|SER|X|17|6|0|000|9.315597|-1.000000|-1.000000|0.000000|-1|-1|0|0|15|17
1868|17|25|GLU|X|18|9|0|000|11.787277|-1.000000|-1.000000|0.000000|-1|-1|0|0|16|18
1868|18|35|PHE|X|19|11|0|000|8.887310|-1.000000|-1.000000|0.000000|-1|-1|0|0|17|19
1868|19|11|SER|X|20|8|0|000|12.804773|-1.000000|-1.000000|0.000000|-1|-1|0|0|18|20
1868|20|9|ILE|X|21|16|0|000|11.854405|-1.000000|-1.000000|0.000000|-1|-1|0|0|19|21
1868|21|11|SER|X|22|12|0|000|15.100431|-1.000000|-1.000000|0.000000|-1|-1|0|0|20|22
1868|22|19|PRO|X|23|14|0|000|15.792516|-1.000000|-1.000000|0.000000|-1|-1|0|0|21|23
1868|23|1|GLY|X|24|4|0|000|14.172603|-1.000000|-1.000000|0.000000|-1|-1|0|0|22|24
1868|24|25|GLU|X|25|18|0|000|12.591607|-1.000000|-1.000000|0.000000|-1|-1|0|0|23|25
1868|25|29|LYS|X|26|18|0|000|11.893148|-1.000000|-1.000000|0.000000|-1|-1|0|0|24|26
1868|26|9|ILE|X|27|8|0|000|6.811975|-1.000000|-1.000000|0.000000|-1|-1|0|0|25|27
1868|27|5|VAL|X|28|7|0|000|8.811272|-1.000000|-1.000000|0.000000|-1|-1|0|0|26|28
1868|28|35|PHE|X|29|11|0|000|4.423589|-1.000000|-1.000000|0.000000|-1|-1|0|0|27|29
1868|29|29|LYS|X|30|14|0|000|11.477156|-1.000000|-1.000000|0.000000|-1|-1|0|0|28|30
1868|30|23|ASN|X|31|8|0|000|11.809429|-1.000000|-1.000000|0.000000|-1|-1|0|0|29|31
1868|31|23|ASN|X|32|8|0|000|14.299044|-1.000000|-1.000000|0.000000|-1|-1|0|0|30|32
1868|32|3|ALA|X|33|5|0|000|14.953779|-1.000000|-1.000000|0.000000|-1|-1|0|0|31|33
1868|33|1|GLY|X|34|4|0|000|15.352420|-1.000000|-1.000000|0.000000|-1|-1|0|0|32|34
1868|34|35|PHE|X|35|11|0|000|15.619151|-1.000000|-1.000000|0.000000|-1|-1|0|0|33|35
1868|35|19|PRO|X|36|7|0|000|14.522344|-1.000000|-1.000000|0.000000|-1|-1|0|0|34|36
1868|36|33|HIS|X|37|10|0|000|10.458848|-1.000000|-1.000000|0.000000|-1|-1|0|0|35|37
1868|37|23|ASN|X|38|8|0|000|8.034847|-1.000000|-1.000000|0.000000|-1|-1|0|0|36|38
1868|38|9|ILE|X|39|12|0|000|3.396281|-1.000000|-1.000000|0.000000|-1|-1|0|0|37|39
1868|39|5|VAL|X|40|7|0|000|6.598406|-1.000000|-1.000000|0.000000|-1|-1|0|0|38|40
1868|40|35|PHE|X|41|11|0|000|5.574128|-1.000000|-1.000000|0.000000|-1|-1|0|0|39|41
1868|41|21|ASP|X|42|8|0|000|10.793895|-1.000000|-1.000000|0.000000|-1|-1|0|0|40|42
1868|42|25|GLU|X|43|9|0|000|13.915188|-1.000000|-1.000000|0.000000|-1|-1|0|0|41|43
1868|43|21|ASP|X|44|8|0|000|15.357711|-1.000000|-1.000000|0.000000|-1|-1|0|0|42|44
1868|44|11|SER|X|45|12|0|000|12.344817|-1.000000|-1.000000|0.000000|-1|-1|0|0|43|45
1868|45|9|ILE|X|46|8|0|000|11.860073|-1.000000|-1.000000|0.000000|-1|-1|0|0|44|46
1868|46|19|PRO|X|47|14|0|000|14.081291|-1.000000|-1.000000|0.000000|-1|-1|0|0|45|47
1868|47|11|SER|X|48|12|0|000|18.186777|-1.000000|-1.000000|0.000000|-1|-1|0|0|46|48
1868|48|1|GLY|X|49|8|0|000|17.613855|-1.000000|-1.000000|0.000000|-1|-1|0|0|47|49
1868|49|5|VAL|X|50|7|0|000|14.114786|-1.000000|-1.000000|0.000000|-1|-1|0|0|48|50
1868|50|21|ASP|X|51|8|0|000|14.329869|-1.000000|-1.000000|0.000000|-1|-1|0|0|49|51
1868|51|3|ALA|X|52|5|0|000|11.032667|-1.000000|-1.000000|0.000000|-1|-1|0|0|50|52
1868|52|11|SER|X|53|6|0|000|12.699347|-1.000000|-1.000000|0.000000|-1|-1|0|0|51|53
1868|53|29|LYS|X|54|10|0|000|13.944853|-1.000000|-1.000000|0.000000|-1|-1|0|0|52|54
1868|54|9|ILE|X|55|8|0|000|8.094846|-1.000000|-1.000000|0.000000|-1|-1|0|0|53|55
1868|55|11|SER|X|56|8|0|000|7.610054|-1.000000|-1.000000|0.000000|-1|-1|0|0|54|56
1868|56|17|MET|X|57|8|0|000|8.002015|-1.000000|-1.000000|0.000000|-1|-1|0|0|55|57
1868|57|11|SER|X|58|12|0|000|11.567022|-1.000000|-1.000000|0.000000|-1|-1|0|0|56|58
1868|58|25|GLU|X|59|15|0|000|12.994186|-1.000000|-1.000000|0.000000|-1|-1|0|0|57|59
1868|59|25|GLU|X|60|15|0|000|15.907104|-1.000000|-1.000000|0.000000|-1|-1|0|0|58|60
1868|60|21|ASP|X|61|8|0|000|12.405196|-1.000000|-1.000000|0.000000|-1|-1|0|0|59|61
1868|61|7|LEU|X|62|8|0|000|13.105037|-1.000000|-1.000000|0.000000|-1|-1|0|0|60|62
1868|62|7|LEU|X|63|8|0|000|11.059215|-1.000000|-1.000000|0.000000|-1|-1|0|0|61|63
1868|63|23|ASN|X|64|16|0|000|16.008783|-1.000000|-1.000000|0.000000|-1|-1|0|0|62|64
1868|64|3|ALA|X|65|10|0|000|16.038153|-1.000000|-1.000000|0.000000|-1|-1|0|0|63|65
1868|65|29|LYS|X|66|9|0|000|16.966339|-1.000000|-1.000000|0.000000|-1|-1|0|0|64|66
1868|66|1|GLY|X|67|4|0|000|14.568102|-1.000000|-1.000000|0.000000|-1|-1|0|0|65|67
1868|67|25|GLU|X|68|13|0|000|13.679387|-1.000000|-1.000000|0.000000|-1|-1|0|0|66|68
1868|68|13|THR|X|69|7|0|000|10.747092|-1.000000|-1.000000|0.000000|-1|-1|0|0|67|69
1868|69|35|PHE|X|70|11|0|000|6.809196|-1.000000|-1.000000|0.000000|-1|-1|0|0|68|70
1868|70|25|GLU|X|71|9|0|000|10.047304|-1.000000|-1.000000|0.000000|-1|-1|0|0|69|71
1868|71|5|VAL|X|72|8|0|000|7.325528|-1.000000|-1.000000|0.000000|-1|-1|0|0|70|72
1868|72|3|ALA|X|73|6|0|000|10.467035|-1.000000|-1.000000|0.000000|-1|-1|0|0|71|73
1868|73|7|LEU|X|74|11|0|000|10.156089|-1.000000|-1.000000|0.000000|-1|-1|0|0|72|74
1868|74|11|SER|X|75|9|0|000|14.357413|-1.000000|-1.000000|0.000000|-1|-1|0|0|73|75
1868|75|23|ASN|X|76|8|0|000|15.012531|-1.000000|-1.000000|0.000000|-1|-1|0|0|74|76
1868|76|29|LYS|X|77|9|0|000|17.069834|-1.000000|-1.000000|0.000000|-1|-1|0|0|75|77
1868|77|1|GLY|X|78|4|0|000|13.850120|-1.000000|-1.000000|0.000000|-1|-1|0|0|76|78
1868|78|25|GLU|X|79|9|0|000|13.332347|-1.000000|-1.000000|0.000000|-1|-1|0|0|77|79
1868|79|37|TYR|X|80|12|0|000|9.167776|-1.000000|-1.000000|0.000000|-1|-1|0|0|78|80
1868|80|11|SER|X|81|6|0|000|8.577017|-1.000000|-1.000000|0.000000|-1|-1|0|0|79|81
1868|81|35|PHE|X|82|11|0|000|4.428129|-1.000000|-1.000000|0.000000|-1|-1|0|0|80|82
1868|82|37|TYR|X|83|12|0|000|8.150464|-1.000000|-1.000000|0.000000|-1|-1|0|0|81|83
1868|83|15|CYS|X|84|6|0|000|8.549690|-1.000000|-1.000000|0.000000|-1|-1|0|0|82|84
1868|84|11|SER|X|85|8|0|000|11.357971|-1.000000|-1.000000|0.000000|-1|-1|0|0|83|85
1868|85|19|PRO|X|86|7|0|000|13.177562|-1.000000|-1.000000|0.000000|-1|-1|0|0|84|86
1868|86|33|HIS|X|87|10|0|000|12.941112|-1.000000|-1.000000|0.000000|-1|-1|0|0|85|87
1868|87|27|GLN|X|88|9|0|000|12.277364|-1.000000|-1.000000|0.000000|-1|-1|0|0|86|88
1868|88|1|GLY|X|89|4|0|000|15.809169|-1.000000|-1.000000|0.000000|-1|-1|0|0|87|89
1868|89|3|ALA|X|90|5|0|000|15.628864|-1.000000|-1.000000|0.000000|-1|-1|0|0|88|90
1868|90|1|GLY|X|91|4|0|000|13.027432|-1.000000|-1.000000|0.000000|-1|-1|0|0|89|91
1868|91|17|MET|X|92|8|0|000|9.532331|-1.000000|-1.000000|0.000000|-1|-1|0|0|90|92
1868|92|5|VAL|X|93|7|0|000|9.227627|-1.000000|-1.000000|0.000000|-1|-1|0|0|91|93
1868|93|1|GLY|X|94|4|0|000|7.412627|-1.000000|-1.000000|0.000000|-1|-1|0|0|92|94
1868|94|29|LYS|X|95|9|0|000|10.176123|-1.000000|-1.000000|0.000000|-1|-1|0|0|93|95
1868|95|5|VAL|X|96|7|0|000|8.008400|-1.000000|-1.000000|0.000000|-1|-1|0|0|94|96
1868|96|13|THR|X|97|7|0|000|12.265099|-1.000000|-1.000000|0.000000|-1|-1|0|0|95|97
1868|97|5|VAL|X|98|7|0|000|13.144380|-1.000000|-1.000000|0.000000|-1|-1|0|0|96|98
1868|98|23|ASN|X|99|18|0|000|16.917612|-1.000000|-1.000000|0.000000|-1|-1|0|0|97|-1
1868|99|46|_CU|X|100|1|1|000|10.528805|-1.000000|-1.000000|0.000000|-1|-1|0|2|-1|-1
1868|100|43|HOH|X|1001|1|0|000|17.464268|-1.000000|-1.000000|0.000000|-1|-1|0|1|-1|-1
1868|101|43|HOH|X|1002|1|0|000|20.586603|-1.000000|-1.000000|0.000000|-1|-1|0|1|-1|-1
1868|102|43|HOH|X|1003|1|0|000|18.663921|-1.000000|-1.000000|0.000000|-1|-1|0|1|-1|-1
1868|103|43|HOH|X|1004|1|0|000|16.621750|-1.000000|-1.000000|0.000000|-1|-1|0|1|-1|-1
1868|104|43|HOH|X|1005|1|0|000|22.202976|-1.000000|-1.000000|0.000000|-1|-1|0|1|-1|-1
1868|105|43|HOH|X|1006|1|0|000|12.180639|-1.000000|-1.000000|0.000000|-1|-1|0|1|-1|-1
1868|106|43|HOH|X|1007|1|0|000|11.847866|-1.000000|-1.000000|0.000000|-1|-1|0|1|-1|-1
1868|107|43|HOH|X|1008|1|0|000|16.721994|-1.000000|-1.000000|0.000000|-1|-1|0|1|-1|-1
1868|108|43|HOH|X|1009|1|0|000|15.560049|-1.000000|-1.000000|0.000000|-1|-1|0|1|-1|-1
1868|109|43|HOH|X|1010|1|0|000|15.415562|-1.000000|-1.000000|0.000000|-1|-1|0|1|-1|-1
1868|110|43|HOH|X|1011|1|0|000|15.123097|-1.000000|-1.000000|0.000000|-1|-1|0|1|-1|-1
1868|111|43|HOH|X|1012|1|0|000|16.300316|-1.000000|-1.000000|0.000000|-1|-1|0|1|-1|-1
1868|112|43|HOH|X|1013|1|0|000|15.721917|-1.000000|-1.000000|0.000000|-1|-1|0|1|-1|-1
1868|113|43|HOH|X|1014|1|0|000|10.314676|-1.000000|-1.000000|0.000000|-1|-1|0|1|-1|-1
1868|114|43|HOH|X|1015|1|0|000|11.684355|-1.000000|-1.000000|0.000000|-1|-1|0|1|-1|-1
1868|115|43|HOH|X|1016|1|0|000|17.956667|-1.000000|-1.000000|0.000000|-1|-1|0|1|-1|-1
1868|116|43|HOH|X|1017|1|0|000|11.991321|-1.000000|-1.000000|0.000000|-1|-1|0|1|-1|-1
1868|117|43|HOH|X|1018|1|0|000|10.747324|-1.000000|-1.000000|0.000000|-1|-1|0|1|-1|-1
1868|118|43|HOH|X|1019|1|0|000|15.048262|-1.000000|-1.000000|0.000000|-1|-1|0|1|-1|-1
1868|119|43|HOH|X|1020|1|0|000|18.522734|-1.000000|-1.000000|0.000000|-1|-1|0|1|-1|-1
1868|120|43|HOH|X|1021|1|0|000|12.158166|-1.000000|-1.000000|0.000000|-1|-1|0|1|-1|-1
1868|121|43|HOH|X|1022|1|0|000|11.250976|-1.000000|-1.000000|0.000000|-1|-1|0|1|-1|-1
1868|122|43|HOH|X|1023|1|0|000|15.053801|-1.000000|-1.000000|0.000000|-1|-1|0|1|-1|-1
1868|123|43|HOH|X|1024|1|0|000|14.798798|-1.000000|-1.000000|0.000000|-1|-1|0|1|-1|-1
1868|124|43|HOH|X|1025|1|0|000|10.551986|-1.000000|-1.000000|0.000000|-1|-1|0|1|-1|-1
1868|125|43|HOH|X|1026|1|0|000|14.042788|-1.000000|-1.000000|0.000000|-1|-1|0|1|-1|-1
1868|126|43|HOH|X|1027|1|0|000|11.369075|-1.000000|-1.000000|0.000000|-1|-1|0|1|-1|-1
1868|127|43|HOH|X|1028|1|0|000|17.963482|-1.000000|-1.000000|0.000000|-1|-1|0|1|-1|-1
1868|128|43|HOH|X|1029|1|0|000|18.110893|-1.000000|-1.000000|0.000000|-1|-1|0|1|-1|-1
1868|129|43|HOH|X|1030|1|0|000|9.997270|-1.000000|-1.000000|0.000000|-1|-1|0|1|-1|-1
1868|130|43|HOH|X|1031|1|0|000|15.984345|-1.000000|-1.000000|0.000000|-1|-1|0|1|-1|-1
1868|131|43|HOH|X|1032|1|0|000|15.190347|-1.000000|-1.000000|0.000000|-1|-1|0|1|-1|-1
1868|132|43|HOH|X|1033|1|0|000|12.253782|-1.000000|-1.000000|0.000000|-1|-1|0|1|-1|-1
1868|133|43|HOH|X|1034|1|0|000|12.644950|-1.000000|-1.000000|0.000000|-1|-1|0|1|-1|-1
1868|134|43|HOH|X|1035|1|0|000|14.819786|-1.000000|-1.000000|0.000000|-1|-1|0|1|-1|-1
1868|135|43|HOH|X|1036|1|0|000|17.576559|-1.000000|-1.000000|0.000000|-1|-1|0|1|-1|-1
1868|136|43|HOH|X|1037|1|0|000|17.617352|-1.000000|-1.000000|0.000000|-1|-1|0|1|-1|-1
1868|137|43|HOH|X|1038|1|0|000|10.443769|-1.000000|-1.000000|0.000000|-1|-1|0|1|-1|-1
1868|138|43|HOH|X|1039|1|0|000|16.465141|-1.000000|-1.000000|0.000000|-1|-1|0|1|-1|-1
1868|139|43|HOH|X|1040|1|0|000|17.977484|-1.000000|-1.000000|0.000000|-1|-1|0|1|-1|-1
1868|140|43|HOH|X|1041|1|0|000|21.055124|-1.000000|-1.000000|0.000000|-1|-1|0|1|-1|-1
1868|141|43|HOH|X|1042|1|0|000|10.901443|-1.000000|-1.000000|0.000000|-1|-1|0|1|-1|-1
1868|142|43|HOH|X|1043|1|0|000|17.946280|-1.000000|-1.000000|0.000000|-1|-1|0|1|-1|-1
1868|143|43|HOH|X|1044|1|0|000|10.689195|-1.000000|-1.000000|0.000000|-1|-1|0|1|-1|-1
1868|144|43|HOH|X|1045|1|0|000|13.916560|-1.000000|-1.000000|0.000000|-1|-1|0|1|-1|-1
1868|145|43|HOH|X|1046|1|0|000|19.039461|-1.000000|-1.000000|0.000000|-1|-1|0|1|-1|-1
1868|146|43|HOH|X|1047|1|0|000|12.420010|-1.000000|-1.000000|0.000000|-1|-1|0|1|-1|-1
1868|147|43|HOH|X|1048|1|0|000|15.626924|-1.000000|-1.000000|0.000000|-1|-1|0|1|-1|-1
1868|148|43|HOH|X|1049|1|0|000|17.564606|-1.000000|-1.000000|0.000000|-1|-1|0|1|-1|-1
1868|149|43|HOH|X|1050|1|0|000|16.690100|-1.000000|-1.000000|0.000000|-1|-1|0|1|-1|-1
1868|150|43|HOH|X|1051|1|0|000|17.310951|-1.000000|-1.000000|0.000000|-1|-1|0|1|-1|-1
1868|151|43|HOH|X|1052|1|0|000|13.562360|-1.000000|-1.000000|0.000000|-1|-1|0|1|-1|-1
1868|152|43|HOH|X|1053|1|0|000|14.853954|-1.000000|-1.000000|0.000000|-1|-1|0|1|-1|-1
1868|153|43|HOH|X|1054|1|0|000|18.585058|-1.000000|-1.000000|0.000000|-1|-1|0|1|-1|-1
1868|154|43|HOH|X|1055|1|0|000|16.967400|-1.000000|-1.000000|0.000000|-1|-1|0|1|-1|-1
1868|155|43|HOH|X|1056|1|0|000|13.797311|-1.000000|-1.000000|0.000000|-1|-1|0|1|-1|-1
1868|156|43|HOH|X|1057|1|0|000|16.748899|-1.000000|-1.000000|0.000000|-1|-1|0|1|-1|-1
1868|157|43|HOH|X|1058|1|0|000|10.516869|-1.000000|-1.000000|0.000000|-1|-1|0|1|-1|-1
1868|158|43|HOH|X|1059|1|0|000|15.897785|-1.000000|-1.000000|0.000000|-1|-1|0|1|-1|-1
1868|159|43|HOH|X|1060|1|0|000|16.559187|-1.000000|-1.000000|0.000000|-1|-1|0|1|-1|-1
1868|160|43|HOH|X|1061|1|0|000|12.944551|-1.000000|-1.000000|0.000000|-1|-1|0|1|-1|-1
1868|161|43|HOH|X|1062|1|0|000|18.231714|-1.000000|-1.000000|0.000000|-1|-1|0|1|-1|-1
1868|162|43|HOH|X|1063|1|0|000|14.556901|-1.000000|-1.000000|0.000000|-1|-1|0|1|-1|-1
1868|163|43|HOH|X|1064|1|0|000|17.906202|-1.000000|-1.000000|0.000000|-1|-1|0|1|-1|-1
1868|164|43|HOH|X|1065|1|0|000|12.534760|-1.000000|-1.000000|0.000000|-1|-1|0|1|-1|-1
1868|165|43|HOH|X|1066|1|0|000|13.203493|-1.000000|-1.000000|0.000000|-1|-1|0|1|-1|-1
1868|166|43|HOH|X|1067|1|0|000|18.780779|-1.000000|-1.000000|0.000000|-1|-1|0|1|-1|-1
1868|167|43|HOH|X|1068|1|0|000|13.444443|-1.000000|-1.000000|0.000000|-1|-1|0|1|-1|-1
1868|168|43|HOH|X|1069|1|0|000|14.832928|-1.000000|-1.000000|0.000000|-1|-1|0|1|-1|-1
1868|169|43|HOH|X|1070|1|0|000|10.827918|-1.000000|-1.000000|0.000000|-1|-1|0|1|-1|-1
1868|170|43|HOH|X|1071|1|0|000|16.890629|-1.000000|-1.000000|0.000000|-1|-1|0|1|-1|-1
1868|171|43|HOH|X|1072|1|0|000|15.161232|-1.000000|-1.000000|0.000000|-1|-1|0|1|-1|-1
1868|172|43|HOH|X|1073|1|0|000|16.920942|-1.000000|-1.000000|0.000000|-1|-1|0|1|-1|-1
1868|173|43|HOH|X|1074|1|0|000|13.134462|-1.000000|-1.000000|0.000000|-1|-1|0|1|-1|-1
1868|174|43|HOH|X|1075|1|0|000|14.393642|-1.000000|-1.000000|0.000000|-1|-1|0|1|-1|-1
1868|175|43|HOH|X|1076|1|0|000|18.934910|-1.000000|-1.000000|0.000000|-1|-1|0|1|-1|-1
1868|176|43|HOH|X|1077|1|0|000|14.614208|-1.000000|-1.000000|0.000000|-1|-1|0|1|-1|-1
1868|177|43|HOH|X|1078|1|0|000|21.368484|-1.000000|-1.000000|0.000000|-1|-1|0|1|-1|-1
1868|178|43|HOH|X|1079|1|0|000|12.419429|-1.000000|-1.000000|0.000000|-1|-1|0|1|-1|-1
1868|179|43|HOH|X|1080|1|0|000|16.948189|-1.000000|-1.000000|0.000000|-1|-1|0|1|-1|-1
1868|180|43|HOH|X|1081|1|0|000|20.807114|-1.000000|-1.000000|0.000000|-1|-1|0|1|-1|-1
1868|181|43|HOH|X|1082|1|0|000|12.245464|-1.000000|-1.000000|0.000000|-1|-1|0|1|-1|-1
1868|182|43|HOH|X|1083|1|0|000|17.031261|-1.000000|-1.000000|0.000000|-1|-1|0|1|-1|-1
1868|183|43|HOH|X|1084|1|0|000|16.839569|-1.000000|-1.000000|0.000000|-1|-1|0|1|-1|-1
1868|184|43|HOH|X|1085|1|0|000|11.694772|-1.000000|-1.000000|0.000000|-1|-1|0|1|-1|-1
1868|185|43|HOH|X|1086|1|0|000|17.542269|-1.000000|-1.000000|0.000000|-1|-1|0|1|-1|-1
1868|186|43|HOH|X|1087|1|0|000|14.957687|-1.000000|-1.000000|0.000000|-1|-1|0|1|-1|-1
1868|187|43|HOH|X|1088|1|0|000|12.183784|-1.000000|-1.000000|0.000000|-1|-1|0|1|-1|-1
1868|188|43|HOH|X|1089|1|0|000|13.093381|-1.000000|-1.000000|0.000000|-1|-1|0|1|-1|-1
1868|189|43|HOH|X|1090|1|0|000|17.200806|-1.000000|-1.000000|0.000000|-1|-1|0|1|-1|-1
1868|190|43|HOH|X|1091|1|0|000|11.600616|-1.000000|-1.000000|0.000000|-1|-1|0|1|-1|-1
1868|191|43|HOH|X|1092|1|0|000|14.101177|-1.000000|-1.000000|0.000000|-1|-1|0|1|-1|-1
1868|192|43|HOH|X|1093|1|0|000|11.709195|-1.000000|-1.000000|0.000000|-1|-1|0|1|-1|-1
1868|193|43|HOH|X|1094|1|0|000|11.424269|-1.000000|-1.000000|0.000000|-1|-1|0|1|-1|-1
1868|194|43|HOH|X|1095|1|0|000|12.254256|-1.000000|-1.000000|0.000000|-1|-1|0|1|-1|-1
1868|195|43|HOH|X|1096|1|0|000|16.907173|-1.000000|-1.000000|0.000000|-1|-1|0|1|-1|-1
1868|196|43|HOH|X|1097|1|0|000|18.323353|-1.000000|-1.000000|0.000000|-1|-1|0|1|-1|-1
1868|197|43|HOH|X|1098|1|0|000|15.711763|-1.000000|-1.000000|0.000000|-1|-1|0|1|-1|-1
1868|198|43|HOH|X|1099|1|0|000|13.892643|-1.000000|-1.000000|0.000000|-1|-1|0|1|-1|-1
1868|199|43|HOH|X|1100|1|0|000|13.675213|-1.000000|-1.000000|0.000000|-1|-1|0|1|-1|-1
1868|200|43|HOH|X|1101|1|0|000|13.533217|-1.000000|-1.000000|0.000000|-1|-1|0|1|-1|-1
1868|201|43|HOH|X|1102|1|0|000|18.531326|-1.000000|-1.000000|0.000000|-1|-1|0|1|-1|-1
1868|202|43|HOH|X|1103|1|0|000|18.436096|-1.000000|-1.000000|0.000000|-1|-1|0|1|-1|-1
1868|203|43|HOH|X|1104|1|0|000|16.477133|-1.000000|-1.000000|0.000000|-1|-1|0|1|-1|-1
1868|204|43|HOH|X|1105|1|0|000|17.022905|-1.000000|-1.000000|0.000000|-1|-1|0|1|-1|-1
1868|205|43|HOH|X|1106|1|0|000|12.589331|-1.000000|-1.000000|0.000000|-1|-1|0|1|-1|-1
1868|206|43|HOH|X|1107|1|0|000|16.697447|-1.000000|-1.000000|0.000000|-1|-1|0|1|-1|-1
1868|207|43|HOH|X|1108|1|0|000|17.409601|-1.000000|-1.000000|0.000000|-1|-1|0|1|-1|-1
1868|208|43|HOH|X|1109|1|0|000|11.050682|-1.000000|-1.000000|0.000000|-1|-1|0|1|-1|-1
1868|209|43|HOH|X|1110|1|0|000|19.121117|-1.000000|-1.000000|0.000000|-1|-1|0|1|-1|-1
1868|210|43|HOH|X|1111|1|0|000|15.275865|-1.000000|-1.000000|0.000000|-1|-1|0|1|-1|-1
1868|211|43|HOH|X|1112|1|0|000|14.640553|-1.000000|-1.000000|0.000000|-1|-1|0|1|-1|-1
1868|212|43|HOH|X|1113|1|0|000|14.032908|-1.000000|-1.000000|0.000000|-1|-1|0|1|-1|-1
1868|213|43|HOH|X|1114|1|0|000|15.814672|-1.000000|-1.000000|0.000000|-1|-1|0|1|-1|-1
1868|214|43|HOH|X|1115|1|0|000|13.412747|-1.000000|-1.000000|0.000000|-1|-1|0|1|-1|-1
1868|215|43|HOH|X|1116|1|0|000|15.248009|-1.000000|-1.000000|0.000000|-1|-1|0|1|-1|-1
1868|216|43|HOH|X|1117|1|0|000|11.623399|-1.000000|-1.000000|0.000000|-1|-1|0|1|-1|-1
1868|217|43|HOH|X|1118|1|0|000|14.586743|-1.000000|-1.000000|0.000000|-1|-1|0|1|-1|-1
1868|218|43|HOH|X|1119|1|0|000|15.763607|-1.000000|-1.000000|0.000000|-1|-1|0|1|-1|-1
1868|219|43|HOH|X|1120|1|0|000|20.525953|-1.000000|-1.000000|0.000000|-1|-1|0|1|-1|-1
1868|220|43|HOH|X|1121|1|0|000|14.436485|-1.000000|-1.000000|0.000000|-1|-1|0|1|-1|-1
1868|221|43|HOH|X|1122|1|0|000|16.468616|-1.000000|-1.000000|0.000000|-1|-1|0|1|-1|-1
1868|222|43|HOH|X|1123|1|0|000|14.241731|-1.000000|-1.000000|0.000000|-1|-1|0|1|-1|-1
1868|223|43|HOH|X|1124|1|0|000|13.472636|-1.000000|-1.000000|0.000000|-1|-1|0|1|-1|-1
1868|224|43|HOH|X|1125|1|0|000|19.209658|-1.000000|-1.000000|0.000000|-1|-1|0|1|-1|-1
1868|225|43|HOH|X|1126|1|0|000|15.895946|-1.000000|-1.000000|0.000000|-1|-1|0|1|-1|-1
1868|226|43|HOH|X|1127|1|0|000|14.981766|-1.000000|-1.000000|0.000000|-1|-1|0|1|-1|-1
1868|227|43|HOH|X|1128|1|0|000|14.654855|-1.000000|-1.000000|0.000000|-1|-1|0|1|-1|-1
1868|228|43|HOH|X|1129|1|0|000|15.516580|-1.000000|-1.000000|0.000000|-1|-1|0|1|-1|-1
1868|229|43|HOH|X|1130|1|0|000|19.034105|-1.000000|-1.000000|0.000000|-1|-1|0|1|-1|-1
1868|230|43|HOH|X|1131|1|0|000|16.301760|-1.000000|-1.000000|0.000000|-1|-1|0|1|-1|-1
1868|231|43|HOH|X|1132|1|0|000|13.365483|-1.000000|-1.000000|0.000000|-1|-1|0|1|-1|-1
1868|232|43|HOH|X|1133|1|0|000|19.211573|-1.000000|-1.000000|0.000000|-1|-1|0|1|-1|-1
1868|233|43|HOH|X|1134|1|0|000|14.545016|-1.000000|-1.000000|0.000000|-1|-1|0|1|-1|-1
1868|234|43|HOH|X|1135|1|0|000|15.436195|-1.000000|-1.000000|0.000000|-1|-1|0|1|-1|-1
1868|235|43|HOH|X|1136|1|0|000|14.474241|-1.000000|-1.000000|0.000000|-1|-1|0|1|-1|-1
1868|236|43|HOH|X|1137|1|0|000|21.355133|-1.000000|-1.000000|0.000000|-1|-1|0|1|-1|-1
1868|237|43|HOH|X|1138|1|0|000|19.098848|-1.000000|-1.000000|0.000000|-1|-1|0|1|-1|-1
1868|238|43|HOH|X|1139|1|0|000|14.338591|-1.000000|-1.000000|0.000000|-1|-1|0|1|-1|-1
1868|239|43|HOH|X|1140|1|0|000|16.866859|-1.000000|-1.000000|0.000000|-1|-1|0|1|-1|-1
1868|240|43|HOH|X|1141|1|0|000|14.860849|-1.000000|-1.000000|0.000000|-1|-1|0|1|-1|-1
1868|241|43|HOH|X|1142|1|0|000|18.342930|-1.000000|-1.000000|0.000000|-1|-1|0|1|-1|-1
1868|242|43|HOH|X|1143|1|0|000|19.026497|-1.000000|-1.000000|0.000000|-1|-1|0|1|-1|-1
1868|243|43|HOH|X|1144|1|0|000|18.187204|-1.000000|-1.000000|0.000000|-1|-1|0|1|-1|-1
1868|244|43|HOH|X|1145|1|0|000|10.110545|-1.000000|-1.000000|0.000000|-1|-1|0|1|-1|-1
1868|245|43|HOH|X|1146|1|0|000|18.940142|-1.000000|-1.000000|0.000000|-1|-1|0|1|-1|-1
1868|246|43|HOH|X|1147|1|0|000|15.211699|-1.000000|-1.000000|0.000000|-1|-1|0|1|-1|-1
1868|247|43|HOH|X|1148|1|0|000|8.781695|-1.000000|-1.000000|0.000000|-1|-1|0|1|-1|-1
1868|248|43|HOH|X|1149|1|0|000|18.111742|-1.000000|-1.000000|0.000000|-1|-1|0|1|-1|-1
1868|249|43|HOH|X|1150|1|0|000|12.692257|-1.000000|-1.000000|0.000000|-1|-1|0|1|-1|-1
1868|250|43|HOH|X|1151|1|0|000|12.641166|-1.000000|-1.000000|0.000000|-1|-1|0|1|-1|-1
1868|251|43|HOH|X|1152|1|0|000|18.246649|-1.000000|-1.000000|0.000000|-1|-1|0|1|-1|-1
1868|252|43|HOH|X|1153|1|0|000|12.787670|-1.000000|-1.000000|0.000000|-1|-1|0|1|-1|-1
1868|253|43|HOH|X|1154|1|0|000|17.449371|-1.000000|-1.000000|0.000000|-1|-1|0|1|-1|-1
1868|254|43|HOH|X|1155|1|0|000|14.197575|-1.000000|-1.000000|0.000000|-1|-1|0|1|-1|-1
1868|255|43|HOH|X|1156|1|0|000|20.648918|-1.000000|-1.000000|0.000000|-1|-1|0|1|-1|-1
1868|256|43|HOH|X|1157|1|0|000|13.731023|-1.000000|-1.000000|0.000000|-1|-1|0|1|-1|-1
1868|257|43|HOH|X|1158|1|0|000|20.750555|-1.000000|-1.000000|0.000000|-1|-1|0|1|-1|-1
1868|258|43|HOH|X|1159|1|0|000|12.014116|-1.000000|-1.000000|0.000000|-1|-1|0|1|-1|-1
1868|259|43|HOH|X|1160|1|0|000|15.898595|-1.000000|-1.000000|0.000000|-1|-1|0|1|-1|-1
1868|260|43|HOH|X|1161|1|0|000|19.158808|-1.000000|-1.000000|0.000000|-1|-1|0|1|-1|-1
1868|261|43|HOH|X|1162|1|0|000|19.125040|-1.000000|-1.000000|0.000000|-1|-1|0|1|-1|-1
1868|262|43|HOH|X|1163|1|0|000|19.304899|-1.000000|-1.000000|0.000000|-1|-1|0|1|-1|-1
1868|263|43|HOH|X|1164|1|0|000|17.591286|-1.000000|-1.000000|0.000000|-1|-1|0|1|-1|-1
1868|264|43|HOH|X|1165|1|0|000|16.315229|-1.000000|-1.000000|0.000000|-1|-1|0|1|-1|-1
1868|265|43|HOH|X|1166|1|0|000|13.728259|-1.000000|-1.000000|0.000000|-1|-1|0|1|-1|-1
1868|266|43|HOH|X|1167|1|0|000|14.815806|-1.000000|-1.000000|0.000000|-1|-1|0|1|-1|-1
1868|267|43|HOH|X|1168|1|0|000|19.873255|-1.000000|-1.000000|0.000000|-1|-1|0|1|-1|-1
1868|268|43|HOH|X|1169|1|0|000|14.402224|-1.000000|-1.000000|0.000000|-1|-1|0|1|-1|-1
1868|269|43|HOH|X|1170|1|0|000|13.025324|-1.000000|-1.000000|0.000000|-1|-1|0|1|-1|-1
1868|270|43|HOH|X|1171|1|0|000|14.225355|-1.000000|-1.000000|0.000000|-1|-1|0|1|-1|-1
1868|271|43|HOH|X|1172|1|0|000|19.820189|-1.000000|-1.000000|0.000000|-1|-1|0|1|-1|-1
1868|272|43|HOH|X|1173|1|0|000|18.230934|-1.000000|-1.000000|0.000000|-1|-1|0|1|-1|-1
1868|273|43|HOH|X|1174|1|0|000|15.883723|-1.000000|-1.000000|0.000000|-1|-1|0|1|-1|-1
1868|274|43|HOH|X|1175|1|0|000|14.888272|-1.000000|-1.000000|0.000000|-1|-1|0|1|-1|-1
1868|275|43|HOH|X|1176|1|0|000|15.832804|-1.000000|-1.000000|0.000000|-1|-1|0|1|-1|-1
1868|276|43|HOH|X|1177|1|0|000|12.471081|-1.000000|-1.000000|0.000000|-1|-1|0|1|-1|-1
1868|277|43|HOH|X|1178|1|0|000|13.581460|-1.000000|-1.000000|0.000000|-1|-1|0|1|-1|-1
1868|278|43|HOH|X|1179|1|0|000|18.000072|-1.000000|-1.000000|0.000000|-1|-1|0|1|-1|-1
1868|279|43|HOH|X|1180|1|0|000|21.910147|-1.000000|-1.000000|0.000000|-1|-1|0|1|-1|-1
1868|280|43|HOH|X|1181|1|0|000|12.883804|-1.000000|-1.000000|0.000000|-1|-1|0|1|-1|-1
1868|281|43|HOH|X|1182|1|0|000|13.838076|-1.000000|-1.000000|0.000000|-1|-1|0|1|-1|-1
1868|282|43|HOH|X|1183|1|0|000|13.899845|-1.000000|-1.000000|0.000000|-1|-1|0|1|-1|-1
1868|283|43|HOH|X|1184|1|0|000|18.398937|-1.000000|-1.000000|0.000000|-1|-1|0|1|-1|-1
1868|284|43|HOH|X|1185|1|0|000|10.532124|-1.000000|-1.000000|0.000000|-1|-1|0|1|-1|-1
1868|285|43|HOH|X|1186|1|0|000|8.555140|-1.000000|-1.000000|0.000000|-1|-1|0|1|-1|-1
1868|286|43|HOH|X|1187|1|0|000|12.791464|-1.000000|-1.000000|0.000000|-1|-1|0|1|-1|-1
1868|287|43|HOH|X|1188|1|0|000|14.885362|-1.000000|-1.000000|0.000000|-1|-1|0|1|-1|-1
1868|288|43|HOH|X|1189|1|0|000|18.915039|-1.000000|-1.000000|0.000000|-1|-1|0|1|-1|-1
1868|289|43|HOH|X|1190|1|0|000|14.090277|-1.000000|-1.000000|0.000000|-1|-1|0|1|-1|-1
1868|290|43|HOH|X|1191|1|0|000|10.830950|-1.000000|-1.000000|0.000000|-1|-1|0|1|-1|-1
1868|291|43|HOH|X|1192|1|0|000|17.806461|-1.000000|-1.000000|0.000000|-1|-1|0|1|-1|-1
1868|292|43|HOH|X|1193|1|0|000|15.373608|-1.000000|-1.000000|0.000000|-1|-1|0|1|-1|-1
1868|293|43|HOH|X|1194|1|0|000|17.899605|-1.000000|-1.000000|0.000000|-1|-1|0|1|-1|-1
1868|294|43|HOH|X|1195|1|0|000|16.754782|-1.000000|-1.000000|0.000000|-1|-1|0|1|-1|-1
1868|295|43|HOH|X|1196|1|0|000|18.481991|-1.000000|-1.000000|0.000000|-1|-1|0|1|-1|-1
1868|296|43|HOH|X|1197|1|0|000|13.281683|-1.000000|-1.000000|0.000000|-1|-1|0|1|-1|-1
1868|297|43|HOH|X|1198|1|0|000|18.634609|-1.000000|-1.000000|0.000000|-1|-1|0|1|-1|-1
1868|298|43|HOH|X|1199|1|0|000|18.527981|-1.000000|-1.000000|0.000000|-1|-1|0|1|-1|-1
1868|299|43|HOH|X|1200|1|0|000|15.532919|-1.000000|-1.000000|0.000000|-1|-1|0|1|-1|-1
1868|300|43|HOH|X|1201|1|0|000|11.943738|-1.000000|-1.000000|0.000000|-1|-1|0|1|-1|-1
1868|301|43|HOH|X|1202|1|0|000|18.889027|-1.000000|-1.000000|0.000000|-1|-1|0|1|-1|-1
1868|302|43|HOH|X|1203|1|0|000|18.405533|-1.000000|-1.000000|0.000000|-1|-1|0|1|-1|-1
1868|303|43|HOH|X|1204|1|0|000|13.406741|-1.000000|-1.000000|0.000000|-1|-1|0|1|-1|-1
1868|304|43|HOH|X|1205|1|0|000|13.986455|-1.000000|-1.000000|0.000000|-1|-1|0|1|-1|-1
1868|305|43|HOH|X|1206|1|0|000|15.929790|-1.000000|-1.000000|0.000000|-1|-1|0|1|-1|-1
1868|306|43|HOH|X|1207|1|0|000|19.779173|-1.000000|-1.000000|0.000000|-1|-1|0|1|-1|-1
1868|307|43|HOH|X|1208|1|0|000|19.391188|-1.000000|-1.000000|0.000000|-1|-1|0|1|-1|-1
1868|308|43|HOH|X|1209|1|0|000|14.317448|-1.000000|-1.000000|0.000000|-1|-1|0|1|-1|-1
1868|309|43|HOH|X|1210|1|0|000|18.016056|-1.000000|-1.000000|0.000000|-1|-1|0|1|-1|-1
1868|310|43|HOH|X|1211|1|0|000|19.372694|-1.000000|-1.000000|0.000000|-1|-1|0|1|-1|-1
1868|311|43|HOH|X|1212|1|0|000|18.748739|-1.000000|-1.000000|0.000000|-1|-1|0|1|-1|-1
1868|312|43|HOH|X|1213|1|0|000|17.545668|-1.000000|-1.000000|0.000000|-1|-1|0|1|-1|-1
