394|0|0|1|VAL|ASP|521|2|7|-C--|-N--|301|0001|555|0|1.335535|-0.958000|-0.927000|0.081000|0.568839
394|1|0|98|VAL|HOH|543|0|568|-N--|-O--|128|0011|555|0|2.806545|0.532000|0.142000|-2.752000|6.815972
394|2|0|67|VAL|SCN|553|5|535|-CG1|-N--|630|0011|555|0|3.847183|-1.609000|-0.438000|-3.467000|12.076148
394|3|0|79|VAL|HOH|543|2|549|-C--|-O--|328|0011|555|0|3.595203|-1.792000|-2.304001|-2.099000|7.270896
394|4|0|2|VAL|MET|517|3|15|-O--|-N--|401|0001|555|0|3.087448|-0.606000|-2.168999|2.112000|5.867984
394|5|0|5|VAL|VAL|505|5|43|-CG1|-CG2|606|0001|555|0|3.858863|-0.557000|-2.977999|2.389999|7.546455
394|6|0|18|VAL|HIS|533|6|150|-CG2|-NE2|613|0001|555|0|3.714832|2.654000|-2.476000|0.791000|10.735135
394|7|0|28|VAL|GLU|525|6|227|-CG2|-OE2|610|0001|555|0|3.387799|3.376000|-0.028999|-0.281000|8.640678
394|8|1|81|ASP|HOH|2143|11|551|-CB-|-O--|528|0011|555|0|3.613399|-0.508000|1.305000|-3.331000|8.081306
394|9|1|79|ASP|HOH|2143|7|549|-N--|-O--|128|0011|555|0|2.709997|-0.834000|-1.377001|-2.180000|6.495343
394|10|2|1|MET|ASP|1721|15|9|-N--|-C--|103|0001|555|0|1.328394|-0.935000|-0.570002|-0.752000|2.957569
394|11|1|4|ASP|ASN|2123|10|29|-O--|-N--|401|0001|555|0|2.956774|-1.068000|-1.522001|2.299000|3.536596
394|12|3|1|SER|ASP|1121|23|10|-N--|-O--|104|0001|555|0|3.148050|-0.280000|-0.828999|-3.024000|1.299920
394|13|1|20|ASP|PHE|2135|10|166|-O--|-CE1|412|0001|555|0|3.865537|0.317000|-2.417000|-3.000000|1.299920
394|14|5|1|VAL|ASP|521|37|10|-N--|-O--|104|0001|555|0|3.542484|-0.925000|3.114000|-1.413000|5.168137
394|15|1|129|ASP|HOH|2143|13|599|-OD1|-O--|1028|0011|555|0|2.715755|-1.830000|-0.080000|2.005000|19.888721
394|16|3|2|SER|MET|1117|23|17|-N--|-C--|103|0001|555|0|1.331290|1.147000|-0.537998|-0.409000|1.065047
394|17|5|2|VAL|MET|517|37|18|-N--|-O--|104|0001|555|0|3.152377|0.992000|2.430000|1.745999|3.091100
394|18|2|4|MET|ASN|1723|17|29|-C--|-N--|301|0001|555|0|3.100299|-2.495000|-1.813002|-0.316000|0.938205
394|19|2|18|MET|HIS|1733|21|149|-SD-|-CE1|1612|0001|555|0|3.865899|2.422000|-1.594000|-2.557000|9.855680
394|20|2|88|MET|HOH|1743|22|558|-CE-|-O--|628|0011|555|0|3.273167|2.781000|0.723999|-1.566999|1.383234
394|21|8|2|THR|MET|1317|65|22|-OG1|-CE-|1706|0001|555|0|3.761729|-1.706000|3.122001|1.221999|8.724137
394|22|2|122|MET|HOH|1743|22|592|-CE-|-O--|628|0011|555|0|3.298838|3.154000|-0.238001|0.937000|29.970928
394|23|3|4|SER|ASN|1123|25|29|-C--|-N--|301|0001|555|0|1.336916|-0.078000|-0.275002|-1.306000|2.677795
394|24|5|3|VAL|SER|511|37|25|-N--|-C--|103|0001|555|0|3.458002|-1.915000|1.867001|2.191999|4.237956
394|25|3|109|SER|HOH|1143|26|579|-O--|-O--|428|0011|555|0|3.041784|1.313000|-0.669001|2.660999|17.410786
394|26|3|21|SER|LYS|1129|26|176|-O--|-CE-|406|0001|555|0|3.600289|-0.964000|-3.423001|0.562000|5.959602
394|27|3|129|SER|HOH|1143|27|599|-CB-|-O--|528|0011|555|0|3.308404|-2.658000|0.601000|-1.875999|32.738857
394|28|3|76|SER|HOH|1143|28|546|-OG-|-O--|1728|0011|555|0|2.923099|0.715000|-0.859001|2.700999|6.882987
394|29|5|4|VAL|ASN|523|37|31|-N--|-C--|103|0001|555|0|1.325082|-1.193000|-0.552000|-0.167001|0.612816
394|30|4|20|ASN|PHE|2335|32|159|-O--|-CA-|402|0001|555|0|3.172053|0.994000|-1.979000|-2.271000|3.533329
394|31|6|4|VAL|ASN|523|44|32|-N--|-O--|104|0001|555|0|3.755034|-3.309000|1.171000|-1.334001|1.654106
394|32|4|21|ASN|LYS|2329|32|169|-O--|-N--|401|0001|555|0|2.832886|-0.593000|-2.707000|-0.587999|1.642867
394|33|4|80|ASN|HOH|2343|33|550|-CB-|-O--|528|0011|555|0|3.961352|-1.239000|-3.182000|-2.008000|1.323179
394|34|4|129|ASN|HOH|2343|36|599|-ND2|-O--|928|0011|555|0|3.521243|0.277000|3.125000|1.599000|21.381271
394|35|5|6|VAL|VAL|505|39|44|-C--|-N--|301|0001|555|0|1.332938|0.229000|-1.291000|-0.240000|1.834400
394|36|5|19|VAL|VAL|505|38|154|-CA-|-O--|204|0001|555|0|3.462904|1.048000|-2.799000|-1.749001|1.264816
394|37|5|7|VAL|LYS|529|42|54|-CG1|-O--|604|0001|555|0|3.417565|2.167000|-2.484000|-0.901999|2.654778
394|38|5|8|VAL|THR|513|42|65|-CG1|-OG1|617|0001|555|0|3.463309|3.325000|0.900000|-0.358999|2.595214
394|39|5|20|VAL|PHE|535|43|166|-CG2|-CE1|612|0001|555|0|3.482196|-2.520000|-0.347000|-2.378000|3.751519
394|40|6|19|VAL|VAL|505|44|154|-N--|-O--|104|0001|555|0|2.794648|0.334000|-0.679999|-2.690001|0.877937
394|41|6|7|VAL|LYS|529|46|51|-C--|-N--|301|0001|555|0|1.331575|0.627000|0.179000|-1.161000|1.018835
394|42|6|105|VAL|HOH|543|47|575|-O--|-O--|428|0011|555|0|2.688797|-1.201000|-0.290999|2.388000|22.118498
394|43|6|21|VAL|LYS|529|49|174|-CG1|-CG-|606|0001|555|0|3.346000|-3.165000|1.067000|-0.200001|4.422994
394|44|6|111|VAL|HOH|543|50|581|-CG2|-O--|628|0011|555|0|3.971772|-2.226000|-2.683000|-1.903000|15.041602
394|45|19|7|VAL|LYS|529|151|54|-N--|-O--|104|0001|555|0|2.898631|1.720000|0.355000|2.306000|1.749202
394|46|8|7|THR|LYS|1329|60|53|-N--|-C--|103|0001|555|0|1.331422|-1.110000|-0.699000|-0.228000|0.385891
394|47|7|73|LYS|HOH|2943|52|543|-CA-|-O--|228|0011|555|0|3.754427|2.601000|2.041000|1.778999|6.055929
394|48|7|18|LYS|HIS|2933|54|142|-O--|-CA-|402|0001|555|0|3.592680|-0.517000|1.543000|-3.203000|1.158971
394|49|17|7|VAL|LYS|529|137|54|-O--|-O--|404|0001|555|0|3.910408|-2.252999|-1.145000|2.984000|0.468199
394|50|7|9|LYS|TYR|2937|58|75|-CE-|-CE1|612|0001|555|0|3.592996|0.799001|-0.344999|-3.486000|11.051871
394|51|7|90|LYS|HOH|2943|58|560|-CE-|-O--|628|0011|555|0|3.519305|1.976001|2.899000|-0.277000|5.622341
394|52|8|73|THR|HOH|1343|60|543|-N--|-O--|128|0011|555|0|2.930576|1.013000|0.484000|2.707000|3.940982
394|53|8|9|THR|TYR|1337|62|67|-C--|-N--|301|0001|555|0|1.322791|0.455999|-0.184000|-1.228001|2.657786
394|54|17|8|VAL|THR|513|137|61|-O--|-CA-|402|0001|555|0|3.201883|0.194000|0.226000|3.188000|1.225556
394|55|8|90|THR|HOH|1343|63|560|-O--|-O--|428|0011|555|0|2.657401|1.684000|-1.632000|1.250000|17.529093
394|56|8|99|THR|HOH|1343|63|569|-O--|-O--|428|0011|555|0|3.287334|0.610000|2.308001|2.260000|18.992863
394|57|8|74|THR|HOH|1343|63|544|-O--|-O--|428|0011|555|0|3.850683|3.849000|-0.035999|-0.108000|3.797647
394|58|8|18|THR|HIS|1333|65|147|-OG1|-ND1|1713|0001|555|0|2.806086|-0.975000|1.040000|-2.417000|1.243804
394|59|8|122|THR|HOH|1343|65|592|-OG1|-O--|1728|0011|555|0|3.882710|1.448000|2.884000|2.158999|51.564922
394|60|8|88|THR|HOH|1343|66|558|-CG2|-O--|628|0011|555|0|3.814235|-1.155000|3.573999|0.664001|7.854548
394|61|8|10|THR|ASP|1321|66|85|-CG2|-OD1|610|0001|555|0|3.837377|3.363000|1.843000|-0.138000|9.359861
394|62|17|9|VAL|TYR|537|137|67|-O--|-N--|401|0001|555|0|2.818941|2.071000|-0.507000|1.844000|2.609627
394|63|10|9|ASP|TYR|2137|79|69|-N--|-C--|103|0001|555|0|1.329189|-1.051999|-0.482000|-0.654000|0.040064
394|64|9|74|TYR|HOH|3743|68|544|-CA-|-O--|228|0011|555|0|3.620686|2.674001|0.243000|2.429000|4.293503
394|65|11|9|LEU|TYR|737|87|70|-N--|-O--|104|0001|555|0|3.623597|-3.420001|-0.868000|0.825000|0.242200
394|66|16|9|LYS|TYR|2937|126|70|-CA-|-O--|204|0001|555|0|3.273795|1.031000|-2.393001|1.982000|1.061352
394|67|15|9|SER|TYR|1137|120|70|-O--|-O--|404|0001|555|0|3.939719|-1.685000|-2.825999|2.167000|0.080244
394|68|51|9|ILE|TYR|937|411|72|-CD1|-CG-|612|0001|555|0|3.923568|-1.535999|1.633000|3.220000|0.729830
394|69|58|9|ILE|TYR|937|470|78|-CG2|-OH-|618|0001|555|0|3.622429|-1.148001|1.458000|3.111000|0.737544
394|70|10|74|ASP|HOH|2143|79|544|-N--|-O--|128|0011|555|0|2.953713|0.984001|-1.460999|2.371000|3.254369
394|71|11|10|LEU|ASP|721|87|81|-N--|-C--|103|0001|555|0|1.320015|0.044998|-0.200000|1.304000|0.782510
394|72|15|10|SER|ASP|1121|120|80|-O--|-CA-|402|0001|555|0|3.844795|0.570000|-1.676000|3.413000|0.010004
394|73|10|75|ASP|HOH|2143|80|545|-CA-|-O--|228|0011|555|0|3.490809|1.045000|2.957999|-1.531000|3.614685
394|74|10|46|ASP|ARG|2131|82|365|-O--|-N--|401|0001|555|0|2.795204|2.612000|-0.660000|0.745000|2.584961
394|75|45|10|THR|ASP|1321|359|82|-CA-|-O--|204|0001|555|0|3.183122|-1.803999|2.566999|0.537000|3.105057
394|76|10|87|ASP|HOH|2143|82|557|-O--|-O--|428|0011|555|0|3.534590|0.706999|-0.919000|3.339000|11.598155
394|77|10|104|ASP|HOH|2143|86|574|-OD2|-O--|1028|0011|555|0|2.719708|-2.106000|1.016001|1.389000|6.230727
394|78|10|16|ASP|LYS|2129|85|133|-OD1|-NZ-|1014|0001|555|0|2.683970|-1.696000|2.049000|0.359000|7.852059
394|79|10|99|ASP|HOH|2143|86|569|-OD2|-O--|1028|0011|555|0|3.423335|-2.158000|-1.648999|2.084001|3.227135
394|80|11|15|LEU|SER|711|87|120|-N--|-O--|104|0001|555|0|2.940230|-1.735001|1.957999|-1.342000|0.160975
394|81|11|75|LEU|HOH|743|90|545|-O--|-O--|428|0011|555|0|3.018855|-2.216999|1.637999|1.231000|4.467832
394|82|11|12|LEU|GLN|727|89|95|-C--|-N--|301|0001|555|0|1.322535|1.145000|-0.572001|-0.333000|1.292828
394|83|11|44|LEU|GLU|725|88|352|-CA-|-O--|204|0001|555|0|3.416456|2.295000|-2.493000|-0.436000|2.382144
394|84|11|13|LEU|ASP|721|90|104|-O--|-N--|401|0001|555|0|3.151632|1.663000|0.078999|-2.676000|1.040634
394|85|14|11|GLY|LEU|107|112|90|-N--|-O--|104|0001|555|0|2.915474|-0.053001|-2.173000|1.943000|2.406750
394|86|11|46|LEU|ARG|731|90|370|-O--|-CG-|406|0001|555|0|3.918847|1.539001|0.084999|3.603000|14.750397
394|87|11|92|LEU|HOH|743|91|562|-CB-|-O--|528|0011|555|0|3.793619|2.959002|-0.357000|-2.347000|7.355256
394|88|11|27|LEU|MET|717|93|218|-CD1|-CE-|606|0001|555|0|3.508096|-2.269001|0.730000|-2.574000|3.021602
394|89|11|96|LEU|HOH|743|93|566|-CD1|-O--|628|0011|555|0|3.707560|2.678999|-0.160000|-2.558000|1.113026
394|90|11|43|LEU|MET|717|93|347|-CD1|-SD-|616|0001|555|0|3.560755|-0.472000|-2.805000|-2.142000|0.445386
394|91|44|12|GLU|GLN|2527|352|95|-O--|-N--|401|0001|555|0|2.855240|0.059999|2.854000|0.059000|1.937813
394|92|12|92|GLN|HOH|2743|95|562|-N--|-O--|128|0011|555|0|3.475693|0.022001|-0.904000|-3.356000|9.802175
394|93|13|12|ASP|GLN|2127|104|97|-N--|-C--|103|0001|555|0|1.333842|0.767000|0.107000|1.086000|0.090329
394|94|14|12|GLY|GLN|127|112|97|-N--|-C--|103|0001|555|0|3.118158|2.376999|-1.987001|0.353000|1.361086
394|95|12|119|GLN|HOH|2743|100|589|-CG-|-O--|628|0011|555|0|3.727477|1.166000|-1.851000|-3.018000|14.716927
394|96|45|12|THR|GLN|1327|361|103|-O--|-NE2|409|0001|555|0|3.295167|2.808001|1.316999|-1.113000|13.256987
394|97|12|46|GLN|ARG|2731|102|366|-OE1|-CA-|802|0001|555|0|3.831387|-2.500000|-1.033999|2.713000|14.725666
394|98|13|92|ASP|HOH|2143|104|562|-N--|-O--|128|0011|555|0|3.053188|-0.377998|-2.757999|-1.254000|11.015644
394|99|14|13|GLY|ASP|121|112|106|-N--|-C--|103|0001|555|0|1.322362|0.466999|0.073000|-1.235000|2.335625
394|100|13|69|ASP|HOH|2143|107|539|-O--|-O--|428|0011|555|0|2.891699|2.167000|1.320999|-1.386000|5.981162
394|101|13|71|ASP|HOH|2143|107|541|-O--|-O--|428|0011|555|0|2.892631|-2.448000|0.487000|-1.462000|2.945148
394|102|15|13|SER|ASP|1121|123|110|-OG-|-OD1|1710|0001|555|0|2.582489|2.525999|0.533001|-0.067000|0.040060
394|103|13|30|ASP|LYS|2129|107|247|-O--|-CE-|406|0001|555|0|3.479865|0.275000|3.421999|-0.569000|2.637947
394|104|13|100|ASP|HOH|2143|111|570|-OD2|-O--|1028|0011|555|0|2.571022|1.602999|-0.335001|-1.982000|4.934135
394|105|13|96|ASP|HOH|2143|111|566|-OD2|-O--|1028|0011|555|0|3.233240|-0.085001|-3.182000|0.567000|2.357510
394|106|13|120|ASP|HOH|2143|111|590|-OD2|-O--|1028|0011|555|0|2.421407|-2.219000|0.215000|-0.945000|3.801518
394|107|14|15|GLY|SER|111|114|116|-C--|-N--|301|0001|555|0|1.336631|-0.298000|-1.023001|-0.807000|2.514256
394|108|14|75|GLY|HOH|143|114|545|-C--|-O--|328|0011|555|0|3.250316|0.122000|-1.292002|2.980000|2.731567
394|109|14|30|GLY|LYS|129|115|242|-O--|-CB-|405|0001|555|0|3.213970|0.684999|2.736000|-1.541000|3.096229
394|110|14|71|GLY|HOH|143|114|541|-C--|-O--|328|0011|555|0|3.738978|0.091000|0.758999|-3.660000|4.904049
394|111|15|16|SER|LYS|1129|119|125|-C--|-N--|301|0001|555|0|1.328150|-1.318000|-0.163000|0.017000|0.857490
394|112|15|71|SER|HOH|1143|124|541|-OG-|-O--|1728|0011|555|0|2.754786|1.473000|2.310999|-0.280000|3.105942
394|113|15|75|SER|HOH|1143|120|545|-O--|-O--|428|0011|555|0|2.791715|1.615000|1.282000|1.882000|3.627292
394|114|15|28|SER|GLU|1125|121|222|-CB-|-O--|504|0001|555|0|3.196808|-2.853001|1.382999|0.409000|2.142722
394|115|15|29|SER|ASN|1123|124|229|-OG-|-CA-|1702|0001|555|0|3.402638|-2.230000|2.561998|-0.203000|4.273260
394|116|15|120|SER|HOH|1143|124|590|-OG-|-O--|1728|0011|555|0|2.728964|0.909000|-1.604000|-2.012000|4.743186
394|117|15|27|SER|MET|1117|123|218|-OG-|-CE-|1706|0001|555|0|3.520749|-2.162001|-2.249000|-1.632000|8.321407
394|118|15|35|SER|MET|1117|124|287|-OG-|-SD-|1716|0001|555|0|3.634514|-2.555000|-0.544001|-2.527000|14.334396
394|119|15|106|SER|HOH|1143|124|576|-OG-|-O--|1728|0011|555|0|3.841366|0.976000|0.703999|-3.648000|16.229506
394|120|17|16|VAL|LYS|529|134|127|-N--|-C--|103|0001|555|0|1.326321|0.085000|1.195999|-0.567000|1.955089
394|121|28|16|GLU|LYS|2529|222|125|-O--|-N--|401|0001|555|0|2.836299|1.165001|-1.487999|2.115000|3.186401
394|122|27|16|MET|LYS|1729|212|128|-CA-|-O--|204|0001|555|0|3.225251|2.110000|0.569000|2.372000|0.100379
394|123|16|18|LYS|HIS|2933|129|150|-CB-|-NE2|513|0001|555|0|3.708267|-3.569000|0.541000|0.849000|0.844479
394|124|16|88|LYS|HOH|2943|133|558|-NZ-|-O--|1428|0011|555|0|2.874205|-2.822000|-0.318001|0.443000|9.314513
394|125|16|104|LYS|HOH|2943|133|574|-NZ-|-O--|1428|0011|555|0|3.521013|0.138000|-1.976000|2.910999|4.367345
394|126|17|18|VAL|HIS|533|136|141|-C--|-N--|301|0001|555|0|1.331749|-1.304999|0.177000|-0.198000|0.645920
394|127|26|17|GLY|VAL|105|210|135|-O--|-CA-|402|0001|555|0|3.428083|2.921000|-0.282000|1.772000|0.426910
394|128|17|25|VAL|MET|517|139|204|-CG1|-CG-|606|0001|555|0|3.708341|-3.290000|-1.533000|-0.760000|9.100498
394|129|19|18|VAL|HIS|533|151|143|-N--|-C--|103|0001|555|0|1.330653|0.222000|0.755000|-1.073000|1.324458
394|130|26|18|GLY|HIS|133|210|141|-O--|-N--|401|0001|555|0|2.888722|0.720000|-0.141000|2.794000|1.061733
394|131|18|20|HIS|PHE|3335|144|167|-O--|-CE2|412|0001|555|0|3.827634|-3.137000|2.183000|0.211000|1.353419
394|132|25|18|MET|HIS|1733|200|144|-CA-|-O--|204|0001|555|0|3.281556|1.651000|1.781000|2.207000|0.040062
394|133|18|67|HIS|SCN|3353|148|533|-CD2|-S--|1233|0011|555|0|3.684979|-2.454000|-0.313999|-2.731000|4.460734
394|134|28|18|GLU|HIS|2533|227|150|-OE2|-NE2|1013|0001|555|0|2.767360|-0.722000|-2.447001|1.072000|1.370660
394|135|18|88|HIS|HOH|3343|149|558|-CE1|-O--|1228|0011|555|0|3.155331|1.400000|1.674000|2.279000|7.929990
394|136|19|20|VAL|PHE|535|153|158|-C--|-N--|301|0001|555|0|1.332052|-1.235000|-0.147000|-0.477000|1.368754
394|137|19|24|VAL|LYS|529|152|193|-CA-|-O--|204|0001|555|0|3.580310|-2.669000|-0.727000|-2.273000|0.932387
394|138|19|111|VAL|HOH|543|156|581|-CG1|-O--|628|0011|555|0|3.944542|-2.908000|-1.655000|2.089000|18.123346
394|139|19|91|VAL|HOH|543|156|561|-CG1|-O--|628|0011|555|0|3.805133|-0.538000|-1.913000|-3.245000|18.504267
394|140|19|25|VAL|MET|517|157|204|-CG2|-CG-|606|0001|555|0|3.825654|-0.433000|0.621000|-3.750000|5.416641
394|141|24|20|LYS|PHE|2935|193|158|-O--|-N--|401|0001|555|0|2.907954|0.309000|0.967000|2.725000|1.401965
394|142|21|20|LYS|PHE|2935|169|160|-N--|-C--|103|0001|555|0|1.327306|0.859000|-0.394000|-0.932000|1.934609
394|143|22|20|ASP|PHE|2135|178|160|-N--|-C--|103|0001|555|0|3.153734|2.958000|1.048000|0.313001|2.424754
394|144|23|20|GLY|PHE|135|186|161|-N--|-O--|104|0001|555|0|2.936683|1.836000|1.467000|1.761000|0.561574
394|145|20|111|PHE|HOH|3543|161|581|-O--|-O--|428|0011|555|0|2.773034|0.731000|-2.519000|0.900000|22.018267
394|146|20|80|PHE|HOH|3543|162|550|-CB-|-O--|528|0011|555|0|3.780482|-3.486000|0.073000|1.461000|7.133902
394|147|20|79|PHE|HOH|3543|168|549|-CZ-|-O--|1228|0011|555|0|3.545527|-1.398000|3.233999|-0.397000|0.060120
394|148|20|67|PHE|SCN|3553|168|534|-CZ-|-C--|1229|0011|555|0|3.744591|1.522000|2.232000|-2.593000|8.320342
394|149|21|80|LYS|HOH|2943|169|550|-N--|-O--|128|0011|555|0|3.413007|-2.822000|1.455999|-1.251000|6.999149
394|150|22|21|ASP|LYS|2129|178|171|-N--|-C--|103|0001|555|0|1.345821|0.467000|-0.460999|1.175000|0.624490
394|151|21|125|LYS|HOH|2943|172|595|-O--|-O--|428|0011|555|0|3.445112|-3.432000|-0.037000|-0.298000|17.922617
394|152|21|126|LYS|HOH|2943|173|596|-CB-|-O--|528|0011|555|0|3.710425|-3.288000|0.222000|-1.705000|47.721527
394|153|23|21|GLY|LYS|129|186|171|-N--|-C--|103|0001|555|0|3.224902|-0.857000|1.141000|2.892000|1.049724
394|154|21|111|LYS|HOH|2943|172|581|-O--|-O--|428|0011|555|0|3.807193|3.615000|-1.019000|-0.623000|19.213654
394|155|22|125|ASP|HOH|2143|179|595|-CA-|-O--|228|0011|555|0|3.284495|-2.338000|-0.831000|2.151999|21.596693
394|156|22|80|ASP|HOH|2143|178|550|-N--|-O--|128|0011|555|0|2.986832|-0.723000|2.898000|-0.006000|6.382502
394|157|22|126|ASP|HOH|2143|182|596|-CB-|-O--|528|0011|555|0|3.419366|-1.034000|1.505000|2.891000|58.843437
394|158|23|22|GLY|ASP|121|186|180|-N--|-C--|103|0001|555|0|1.328288|-1.317000|-0.031000|-0.170000|0.354590
394|159|22|24|ASP|LYS|2129|184|190|-OD1|-N--|1001|0001|555|0|3.104250|2.255000|-1.647000|-1.356000|2.490545
394|160|23|24|GLY|LYS|129|188|190|-C--|-N--|301|0001|555|0|1.325803|-0.525000|1.171000|-0.333000|1.908803
394|161|23|111|GLY|HOH|143|187|581|-CA-|-O--|228|0011|555|0|3.837476|1.655000|-0.224000|3.455000|20.846941
394|162|23|91|GLY|HOH|143|189|561|-O--|-O--|428|0011|555|0|2.708200|2.642000|-0.591000|0.070000|12.148417
394|163|23|56|GLY|ASN|123|189|448|-O--|-ND2|409|0001|555|0|3.103395|0.398000|-1.444000|-2.718000|3.467621
394|164|23|25|GLY|MET|117|189|199|-O--|-N--|401|0001|555|0|3.793717|1.231000|3.211000|-1.602000|7.970029
394|165|25|24|MET|LYS|1729|199|192|-N--|-C--|103|0001|555|0|1.317851|-0.720000|-0.267000|1.071000|2.548116
394|166|24|84|LYS|HOH|2943|191|554|-CA-|-O--|228|0011|555|0|3.492701|1.284000|-0.676001|-3.177000|12.422510
394|167|24|117|LYS|HOH|2943|195|587|-CG-|-O--|628|0011|555|0|3.836660|1.110000|-2.681000|-2.510000|17.897804
394|168|25|84|MET|HOH|1743|199|554|-N--|-O--|128|0011|555|0|2.907167|-0.834000|-1.428000|-2.391000|16.487452
394|169|26|25|GLY|MET|117|207|201|-N--|-C--|103|0001|555|0|1.320595|-0.779000|-0.999000|-0.373000|0.987572
394|170|25|37|MET|MET|1717|202|304|-O--|-CE-|406|0001|555|0|3.203304|1.946000|-1.457000|-2.086000|11.167062
394|171|25|56|MET|ASN|1723|206|444|-CE-|-O--|604|0001|555|0|3.406267|-1.962000|-2.782000|0.117000|4.503181
394|172|25|91|MET|HOH|1743|206|561|-CE-|-O--|628|0011|555|0|3.115065|-2.460000|-0.498000|1.845000|9.594222
394|173|25|66|MET|CU1|1746|205|532|-SD-|CU--|1640|0011|555|0|2.281250|0.601000|0.354000|-2.172000|6.495228
394|174|25|53|MET|MET|1717|205|426|-SD-|-SD-|1616|0001|555|0|3.518917|2.916000|0.594000|-1.878000|7.428892
394|175|58|25|ILE|MET|917|471|205|-CD1|-SD-|616|0001|555|0|3.421029|-2.474000|1.837000|-1.486000|2.854982
394|176|26|37|GLY|MET|117|208|303|-CA-|-SD-|216|0001|555|0|3.854382|1.661000|-3.072000|-1.631000|10.898100
394|177|26|27|GLY|MET|117|209|211|-C--|-N--|301|0001|555|0|1.325758|0.500000|0.832000|-0.903000|0.729500
394|178|26|67|GLY|SCN|153|209|533|-C--|-S--|333|0011|555|0|3.523266|-1.781000|2.689000|1.418000|1.682859
394|179|27|67|MET|SCN|1753|211|533|-N--|-S--|133|0011|555|0|3.746792|-2.281000|1.857000|2.321000|2.506072
394|180|27|28|MET|GLU|1725|213|219|-C--|-N--|301|0001|555|0|1.312906|0.862000|0.754000|0.642000|0.364993
394|181|27|35|MET|MET|1717|214|281|-O--|-N--|401|0001|555|0|2.995038|0.445000|0.750999|-2.865000|0.100390
394|182|34|27|SER|MET|1117|276|214|-CA-|-O--|204|0001|555|0|3.628742|0.714001|-2.773001|2.229000|1.514361
394|183|27|37|MET|MET|1717|215|302|-CB-|-CG-|506|0001|555|0|3.826741|-1.465000|-3.271000|-1.341000|6.754803
394|184|27|38|MET|PRO|1719|217|311|-SD-|-CD-|1606|0001|555|0|3.709673|0.776000|-2.678000|-2.447000|4.784664
394|185|27|43|MET|MET|1717|218|347|-CE-|-SD-|616|0001|555|0|3.988992|1.797001|-3.535000|0.432000|2.514309
394|186|27|110|MET|HOH|1743|218|580|-CE-|-O--|628|0011|555|0|3.845151|2.507000|0.054000|-2.915000|13.488770
394|187|29|28|ASN|GLU|2325|228|221|-N--|-C--|103|0001|555|0|1.317652|-0.464001|-0.790001|0.947000|2.364631
394|188|28|33|GLU|LYS|2529|220|269|-CA-|-O--|204|0001|555|0|3.200081|-0.167999|1.934000|-2.544000|1.114635
394|189|28|72|GLU|HOH|2543|226|542|-OE1|-O--|1028|0011|555|0|2.526776|-1.961000|0.424000|-1.536000|1.223828
394|190|28|103|GLU|HOH|2543|226|573|-OE1|-O--|1028|0011|555|0|2.681341|-0.640000|2.388000|1.038000|6.112881
394|191|32|28|GLY|GLU|125|263|226|-CA-|-OE1|210|0001|555|0|3.580362|-1.301000|-2.457001|2.256000|6.458441
394|192|29|33|ASN|LYS|2329|228|269|-N--|-O--|104|0001|555|0|2.797790|-2.123000|0.913000|-1.577000|1.017311
394|193|35|29|MET|ASN|1723|287|228|-SD-|-N--|1601|0001|555|0|3.680271|-1.077000|2.690001|2.269000|14.080942
394|194|29|30|ASN|LYS|2329|230|236|-C--|-N--|301|0001|555|0|1.333205|1.252999|0.448000|0.082000|2.476105
394|195|29|71|ASN|HOH|2343|232|541|-CB-|-O--|528|0011|555|0|3.456238|3.137000|-0.658001|1.293000|1.838024
394|196|32|29|GLY|ASN|123|262|231|-N--|-O--|104|0001|555|0|2.926238|1.355000|-2.549000|0.479000|0.416485
394|197|29|31|ASN|PHE|2335|234|251|-OD1|-N--|801|0001|555|0|2.965176|1.224000|1.597000|2.178000|0.677941
394|198|30|31|LYS|PHE|2935|239|251|-C--|-N--|301|0001|555|0|1.329110|-0.607000|0.320999|-1.138000|0.334366
394|199|30|71|LYS|HOH|2943|236|541|-N--|-O--|128|0011|555|0|3.052753|2.135000|-1.770000|-1.276000|1.941856
394|200|30|102|LYS|HOH|2943|240|572|-O--|-O--|428|0011|555|0|2.826297|0.474999|-0.819000|2.663000|21.052702
394|201|32|30|GLY|LYS|129|262|239|-N--|-C--|103|0001|555|0|3.384248|3.277000|-0.223999|0.815000|0.666719
394|202|30|70|LYS|HOH|2943|250|540|-NZ-|-O--|1428|0011|555|0|2.719421|0.765001|2.086000|1.568000|2.628915
394|203|30|69|LYS|HOH|2943|249|539|-NZ-|-O--|1428|0011|555|0|2.550871|0.487000|-2.463001|-0.451000|7.626252
394|204|32|31|GLY|PHE|135|262|253|-N--|-C--|103|0001|555|0|1.319220|0.433001|1.189001|-0.373000|0.489056
394|205|33|31|LYS|PHE|2935|266|253|-N--|-C--|103|0001|555|0|3.313750|1.896000|2.045000|1.790000|1.182527
394|206|32|33|GLY|LYS|129|264|266|-C--|-N--|301|0001|555|0|1.336496|0.711000|-0.269999|-1.099000|3.134810
394|207|32|72|GLY|HOH|143|265|542|-O--|-O--|428|0011|555|0|2.899167|-1.252000|-1.708000|1.980000|2.363680
394|208|32|85|GLY|HOH|143|265|555|-O--|-O--|428|0011|555|0|2.809606|-1.066000|2.550001|0.505000|12.848834
394|209|32|103|GLY|HOH|143|263|573|-CA-|-O--|228|0011|555|0|3.823961|-1.941000|-0.069000|3.294000|14.802450
394|210|32|34|GLY|SER|111|265|275|-O--|-N--|401|0001|555|0|3.705950|-0.228000|-2.476000|-2.748000|7.215228
394|211|34|33|SER|LYS|1129|275|268|-N--|-C--|103|0001|555|0|1.321981|1.212000|0.341000|0.403000|1.730407
394|212|35|33|MET|LYS|1729|281|269|-N--|-O--|104|0001|555|0|3.502785|1.274000|2.914001|1.468000|0.985020
394|213|33|83|LYS|HOH|2943|273|553|-CE-|-O--|628|0011|555|0|3.718907|0.335999|-3.679001|0.427000|2.198328
394|214|34|35|SER|MET|1117|277|281|-C--|-N--|301|0001|555|0|1.337028|0.305000|-1.253000|0.353000|0.395994
394|215|34|94|SER|HOH|1143|280|564|-OG-|-O--|1728|0011|555|0|2.659402|0.124000|-1.172001|-2.384000|12.713982
394|216|34|83|SER|HOH|1143|278|553|-O--|-O--|428|0011|555|0|2.801134|1.900000|-0.096001|-2.056000|7.765115
394|217|34|95|SER|HOH|1143|278|565|-O--|-O--|428|0011|555|0|3.659780|-1.502000|-1.688000|-2.879000|11.890297
394|218|35|94|MET|HOH|1743|283|564|-C--|-O--|328|0011|555|0|3.586572|-3.016000|1.622000|-1.066000|14.788483
394|219|35|36|MET|ASN|1723|283|289|-C--|-N--|301|0001|555|0|1.331175|0.137000|-0.633000|-1.163000|0.551103
394|220|35|89|MET|HOH|1743|282|559|-CA-|-O--|228|0011|555|0|3.476075|0.933001|-0.618000|-3.291000|19.204113
394|221|35|83|MET|HOH|1743|282|553|-CA-|-O--|228|0011|555|0|3.837816|1.128000|2.549000|-2.638000|8.713176
394|222|35|37|MET|MET|1717|284|297|-O--|-N--|401|0001|555|0|3.586828|0.801001|-3.398000|-0.823000|8.510050
394|223|35|120|MET|HOH|1743|288|590|-CE-|-O--|628|0011|555|0|3.274174|2.773001|0.081001|1.739000|11.407406
394|224|35|106|MET|HOH|1743|288|576|-CE-|-O--|628|0011|555|0|3.712618|2.840000|2.389000|0.103000|1.691159
394|225|35|114|MET|HOH|1743|288|584|-CE-|-O--|628|0011|555|0|3.636914|1.288000|-2.716999|-2.046000|2.081828
394|226|35|78|MET|HOH|1743|288|548|-CE-|-O--|628|0011|555|0|3.835728|-1.299000|-2.395999|-2.699000|2.696499
394|227|35|110|MET|HOH|1743|288|580|-CE-|-O--|628|0011|555|0|3.436559|2.466000|-2.372000|0.320000|6.195842
394|228|36|94|ASN|HOH|2343|289|564|-N--|-O--|128|0011|555|0|3.877608|-3.153000|2.255000|0.097000|13.748814
394|229|37|36|MET|ASN|1723|297|291|-N--|-C--|103|0001|555|0|1.306527|0.487000|1.033999|-0.633000|3.988888
394|230|36|89|ASN|HOH|2343|289|559|-N--|-O--|128|0011|555|0|2.806333|1.507000|1.338000|-1.953000|18.504482
394|231|36|95|ASN|HOH|2343|296|565|-ND2|-O--|928|0011|555|0|3.847252|0.606000|3.797001|0.130000|0.110336
394|232|36|86|ASN|HOH|2343|290|556|-CA-|-O--|228|0011|555|0|3.543940|-2.563000|-2.070001|1.306000|36.276291
394|233|38|36|PRO|ASN|1923|305|292|-N--|-O--|104|0001|555|0|3.460798|-1.296000|3.151999|-0.602000|8.048561
394|234|36|78|ASN|HOH|2343|292|548|-O--|-O--|428|0011|555|0|2.561562|1.905001|0.613001|-1.599000|2.954147
394|235|36|107|ASN|HOH|2343|295|577|-OD1|-O--|828|0011|555|0|2.473219|0.213000|1.776001|-1.708000|2.936165
394|236|37|86|MET|HOH|1743|297|556|-N--|-O--|128|0011|555|0|3.065745|-3.056000|-0.216001|-0.114000|23.144581
394|237|37|108|MET|HOH|1743|300|578|-O--|-O--|428|0011|555|0|2.809432|-2.757000|-0.516000|-0.160000|20.024879
394|238|37|38|MET|PRO|1719|299|305|-C--|-N--|301|0001|555|0|1.357837|1.356000|-0.019000|0.068000|5.323346
394|239|37|53|MET|MET|1717|301|427|-CB-|-CE-|506|0001|555|0|3.274550|2.574000|-1.348000|1.510000|4.426461
394|240|37|39|MET|GLU|1725|300|312|-O--|-N--|401|0001|555|0|3.057071|1.783000|-2.480999|-0.106000|4.318479
394|241|37|68|MET|SCN|1753|301|538|-CB-|-N--|530|0011|555|0|3.176124|-0.886000|-2.917000|0.891000|17.993607
394|242|37|66|MET|CU1|1746|303|532|-SD-|CU--|1640|0011|555|0|2.301760|1.033000|-1.972000|0.585000|4.376319
394|243|38|39|PRO|GLU|1925|307|312|-C--|-N--|301|0001|555|0|1.327415|-0.813000|-0.829999|-0.642000|3.121577
394|244|53|38|MET|PRO|1719|427|311|-CE-|-CD-|606|0001|555|0|3.412168|1.342000|1.855000|-2.530000|8.360552
394|245|38|130|PRO|HOH|1943|306|600|-CA-|-O--|228|0011|555|0|3.720711|-0.350000|-1.992000|-3.123000|15.041218
394|246|40|38|GLY|PRO|119|321|308|-N--|-O--|104|0001|555|0|3.631488|-0.028000|3.587000|0.566000|2.588635
394|247|38|77|PRO|HOH|1943|308|547|-O--|-O--|428|0011|555|0|2.467557|0.978000|-1.345000|1.823000|6.614183
394|248|38|41|PRO|LYS|1929|308|325|-O--|-N--|401|0001|555|0|3.744454|2.656000|-2.624000|-0.285000|2.896709
394|249|38|114|PRO|HOH|1943|310|584|-CG-|-O--|628|0011|555|0|3.693770|0.921000|3.042001|-1.882000|15.066792
394|250|40|39|GLY|GLU|125|321|314|-N--|-C--|103|0001|555|0|1.326359|-0.395000|0.871000|-0.919000|0.864594
394|251|39|130|GLU|HOH|2543|312|600|-N--|-O--|128|0011|555|0|3.121782|0.573999|0.242000|-3.059000|14.556292
394|252|53|39|MET|GLU|1725|423|317|-O--|-CG-|406|0001|555|0|3.448133|-1.682000|-0.020000|-3.010000|5.448225
394|253|39|77|GLU|HOH|2543|314|547|-C--|-O--|328|0011|555|0|3.825118|1.345000|1.371000|3.308000|4.506589
394|254|39|41|GLU|LYS|2529|314|325|-C--|-N--|301|0001|555|0|3.253767|3.023001|0.092000|1.200000|1.142175
394|255|39|68|GLU|SCN|2553|318|536|-CD-|-S--|633|0011|555|0|3.365741|-0.925000|1.533000|2.850000|22.517303
394|256|39|54|GLU|LYS|2529|320|429|-OE2|-CA-|1002|0001|555|0|3.651044|1.700001|-0.520000|3.189000|7.474478
394|257|55|39|GLY|GLU|125|437|320|-N--|-OE2|110|0001|555|0|2.894441|0.646000|0.963000|-2.652000|8.190133
394|258|40|53|GLY|MET|117|321|423|-N--|-O--|104|0001|555|0|2.771570|-1.592000|-0.240000|2.256000|2.122303
394|259|40|77|GLY|HOH|143|321|547|-N--|-O--|128|0011|555|0|3.411215|0.950000|2.242000|2.389000|3.449646
394|260|40|41|GLY|LYS|129|323|325|-C--|-N--|301|0001|555|0|1.327479|0.098001|1.220000|0.514000|4.689801
394|261|40|52|GLY|ILE|109|322|418|-CA-|-CG2|206|0001|555|0|3.751652|0.492001|-0.683000|3.656000|4.246059
394|262|41|77|LYS|HOH|2943|328|547|-O--|-O--|428|0011|555|0|2.639633|-2.626000|0.091000|-0.252000|5.367922
394|263|42|41|VAL|LYS|529|334|327|-N--|-C--|103|0001|555|0|1.330243|-1.247000|0.384000|-0.259000|0.962105
394|264|41|93|LYS|HOH|2943|326|563|-CA-|-O--|228|0011|555|0|3.498414|3.296001|-1.093000|-0.425000|8.078114
394|265|43|41|MET|LYS|1729|341|328|-N--|-O--|104|0001|555|0|3.467585|-2.364000|-1.319000|-2.167000|3.334367
394|266|52|41|ILE|LYS|929|413|328|-CA-|-O--|204|0001|555|0|3.827941|1.655001|2.090000|-2.747000|4.368970
394|267|51|41|ILE|LYS|929|407|328|-O--|-O--|404|0001|555|0|3.558925|-0.583000|0.534000|-3.470000|5.247113
394|268|41|121|LYS|HOH|2943|332|591|-CE-|-O--|628|0011|555|0|3.127784|2.410999|-0.271000|1.974000|15.452765
394|269|41|114|LYS|HOH|2943|333|584|-NZ-|-O--|1428|0011|555|0|3.536566|-2.719000|1.797000|-1.373000|2.868756
394|270|41|113|LYS|HOH|2943|333|583|-NZ-|-O--|1428|0011|555|0|3.779613|1.198999|3.454000|-0.958000|3.563791
394|271|41|110|LYS|HOH|2943|333|580|-NZ-|-O--|1428|0011|555|0|2.819378|-1.541000|2.141999|0.993000|0.773382
394|272|42|43|VAL|MET|517|336|341|-C--|-N--|301|0001|555|0|1.326324|-0.469000|0.458000|1.153000|0.593424
394|273|42|93|VAL|HOH|543|334|563|-N--|-O--|128|0011|555|0|2.757130|1.591002|-0.759000|-2.120000|12.224167
394|274|42|52|VAL|ILE|509|340|417|-CG2|-CG1|606|0001|555|0|3.703159|-3.360998|-0.674000|1.401000|0.426570
394|275|42|51|VAL|ILE|509|335|407|-CA-|-O--|204|0001|555|0|3.374897|-1.997999|0.102000|2.718000|4.677392
394|276|42|127|VAL|HOH|543|337|597|-O--|-O--|428|0011|555|0|2.573398|1.841002|-0.017000|-1.798000|59.697430
394|277|42|121|VAL|HOH|543|337|591|-O--|-O--|428|0011|555|0|2.754884|0.600000|2.590000|-0.722000|54.017693
394|278|42|50|VAL|LYS|529|339|401|-CG1|-CD-|606|0001|555|0|3.880679|2.496000|-0.053000|2.971000|8.234788
394|279|51|43|ILE|MET|917|404|344|-N--|-O--|104|0001|555|0|2.774059|1.156000|2.237000|-1.164000|2.064113
394|280|43|44|MET|GLU|1725|343|349|-C--|-N--|301|0001|555|0|1.324678|0.939999|0.897000|0.258000|1.732441
394|281|43|131|MET|HOH|1743|342|601|-CA-|-O--|228|0011|555|0|3.719401|2.699999|2.537000|-0.328000|11.014568
394|282|43|121|MET|HOH|1743|342|591|-CA-|-O--|228|0011|555|0|3.811791|1.594999|1.432000|-3.152000|64.959160
394|283|43|50|MET|LYS|1729|344|396|-O--|-CA-|402|0001|555|0|3.261653|1.024000|-2.158000|2.221000|1.642581
394|284|43|96|MET|HOH|1743|346|566|-CG-|-O--|628|0011|555|0|3.959382|1.624001|3.589001|-0.398000|6.416448
394|285|43|53|MET|MET|1717|348|427|-CE-|-CE-|606|0001|555|0|3.680439|-3.082000|-0.372000|-1.977000|2.158768
394|286|44|131|GLU|HOH|2543|349|601|-N--|-O--|128|0011|555|0|2.833868|1.167000|1.641000|-1.994000|12.030313
394|287|45|44|THR|GLU|1325|358|351|-N--|-C--|103|0001|555|0|1.327929|0.247999|0.257000|-1.279000|1.527189
394|288|49|44|THR|GLU|1325|391|350|-O--|-CA-|402|0001|555|0|3.442232|0.348999|1.689000|-2.979000|6.840490
394|289|44|92|GLU|HOH|2543|352|562|-O--|-O--|428|0011|555|0|3.831375|0.082001|1.950000|-3.297000|13.068524
394|290|44|101|GLU|HOH|2543|356|571|-OE1|-O--|1028|0011|555|0|2.669535|-0.294001|-0.675000|-2.566000|10.976593
394|291|44|119|GLU|HOH|2543|353|589|-CB-|-O--|528|0011|555|0|3.420628|1.882000|1.893001|-2.139000|25.817659
394|292|44|50|GLU|LYS|2529|356|403|-OE1|-NZ-|1014|0001|555|0|3.308854|0.139000|-3.299000|-0.214000|4.938050
394|293|45|49|THR|THR|1313|358|391|-N--|-O--|104|0001|555|0|2.740258|0.479000|-2.557000|0.861000|8.649924
394|294|45|46|THR|ARG|1331|360|365|-C--|-N--|301|0001|555|0|1.324304|-0.330999|1.114000|0.635000|0.942835
394|295|48|45|GLY|THR|113|384|361|-N--|-O--|104|0001|555|0|2.974189|-1.060001|1.580000|-2.286000|3.346463
394|296|45|47|THR|ASP|1321|363|382|-OG1|-OD1|1710|0001|555|0|2.765693|0.830000|-0.411000|2.606000|9.227526
394|297|45|87|THR|HOH|1343|362|557|-CB-|-O--|528|0011|555|0|3.569394|-0.217001|2.227000|2.780999|14.013124
394|298|46|87|ARG|HOH|3143|365|557|-N--|-O--|128|0011|555|0|3.228768|-1.905001|-0.259000|2.594000|16.037771
394|299|47|46|ASP|ARG|2131|376|367|-N--|-C--|103|0001|555|0|1.324435|0.623999|0.992000|-0.617001|0.477983
394|300|48|46|GLY|ARG|131|384|367|-N--|-C--|103|0001|555|0|3.284809|-0.793001|3.184999|0.130000|0.070174
394|301|46|75|ARG|HOH|3143|372|545|-NE-|-O--|728|0011|555|0|3.872548|-2.236000|-0.295000|-3.148000|23.626320
394|302|47|87|ASP|HOH|2143|376|557|-N--|-O--|128|0011|555|0|3.124279|-3.049002|0.641000|0.231999|13.066423
394|303|48|47|GLY|ASP|121|384|378|-N--|-C--|103|0001|555|0|1.329511|-0.086000|0.176000|1.315001|0.896966
394|304|49|47|THR|ASP|1321|393|382|-OG1|-OD1|1710|0001|555|0|2.621937|0.943998|2.414000|0.395000|3.995032
394|305|48|49|GLY|THR|113|386|388|-C--|-N--|301|0001|555|0|1.331044|-1.260000|-0.006000|0.429000|1.471402
394|306|48|50|GLY|LYS|129|387|395|-O--|-N--|401|0001|555|0|3.551355|-2.973000|-1.287000|-1.455000|14.360412
394|307|49|50|THR|LYS|1329|390|395|-C--|-N--|301|0001|555|0|1.326827|-0.181999|-1.144000|-0.647000|3.587920
394|308|49|60|THR|ARG|1331|394|488|-CG2|-CG-|606|0001|555|0|3.254886|-1.937000|-2.606000|-0.226000|10.615412
394|309|51|50|ILE|LYS|929|404|397|-N--|-C--|103|0001|555|0|1.329803|0.792999|-0.538000|0.922000|1.169039
394|310|61|50|LEU|LYS|729|494|398|-N--|-O--|104|0001|555|0|2.958622|-0.008001|2.616000|-1.382000|2.325028
394|311|50|60|LYS|ARG|2931|398|484|-O--|-CA-|402|0001|555|0|3.460465|-2.401999|-2.140000|1.275000|0.272761
394|312|50|101|LYS|HOH|2943|403|571|-NZ-|-O--|1428|0011|555|0|3.550319|-0.433001|2.624000|-2.352000|4.918020
394|313|51|52|ILE|ILE|909|406|412|-C--|-N--|301|0001|555|0|1.326643|-0.988001|-0.846000|-0.261000|2.036805
394|314|51|59|ILE|PHE|935|405|475|-CA-|-O--|204|0001|555|0|3.143281|-1.828001|-2.465000|0.680000|3.552826
394|315|51|58|ILE|ILE|909|408|470|-CB-|-CG2|506|0001|555|0|3.939166|-3.688000|-0.959000|0.998000|7.046917
394|316|52|53|ILE|MET|917|414|420|-C--|-N--|301|0001|555|0|1.324499|-0.665000|0.637000|-0.952000|1.975206
394|317|52|59|ILE|PHE|935|415|472|-O--|-N--|401|0001|555|0|2.823717|-0.646999|-1.220000|2.463000|0.191441
394|318|52|77|ILE|HOH|943|413|547|-CA-|-O--|228|0011|555|0|3.833223|-0.971000|2.181000|-2.999000|11.291573
394|319|52|54|ILE|LYS|929|415|428|-O--|-N--|401|0001|555|0|3.993020|-2.811999|-0.735000|-2.738000|3.074360
394|320|52|58|ILE|ILE|909|415|465|-O--|-CA-|402|0001|555|0|3.572488|-2.526999|0.268000|2.511000|1.235232
394|321|52|57|ILE|GLU|925|415|453|-O--|-O--|404|0001|555|0|3.723697|-3.707000|-0.346000|0.066000|1.848720
394|322|53|54|MET|LYS|1729|422|428|-C--|-N--|301|0001|555|0|1.340367|-0.874000|-0.970000|0.303000|0.602709
394|323|53|77|MET|HOH|1743|420|547|-N--|-O--|128|0011|555|0|2.913064|1.206000|1.559000|-2.145000|7.008579
394|324|53|57|MET|GLU|1725|421|453|-CA-|-O--|204|0001|555|0|3.349545|-2.166000|-1.576000|2.011000|0.395730
394|325|53|68|MET|SCN|1753|424|538|-CB-|-N--|530|0011|555|0|3.671505|-2.925000|1.549000|-1.589000|27.808838
394|326|53|66|MET|CU1|1746|426|532|-SD-|CU--|1640|0011|555|0|2.345904|-2.315001|-0.240000|-0.294000|0.664604
394|327|58|53|ILE|MET|917|471|425|-CD1|-CG-|606|0001|555|0|3.245169|1.083000|0.753000|-2.965000|0.862341
394|328|54|68|LYS|SCN|2953|430|536|-C--|-S--|333|0011|555|0|3.866395|-0.777000|3.576000|-1.248000|46.555897
394|329|55|54|GLY|LYS|129|437|430|-N--|-C--|103|0001|555|0|1.330250|0.947001|-0.020000|0.934000|0.571910
394|330|57|54|GLU|LYS|2529|453|428|-O--|-N--|401|0001|555|0|2.968966|0.895000|-0.389000|-2.804000|1.080147
394|331|56|54|ASN|LYS|2329|441|430|-N--|-C--|103|0001|555|0|3.241477|2.704000|-1.729000|-0.454000|2.418868
394|332|54|97|LYS|HOH|2943|431|567|-O--|-O--|428|0011|555|0|2.777675|-0.664000|-2.659000|0.452000|9.891869
394|333|54|59|LYS|PHE|2935|431|481|-O--|-CE2|412|0001|555|0|3.728471|2.421000|-1.745000|2.235000|3.424905
394|334|55|56|GLY|ASN|123|439|441|-C--|-N--|301|0001|555|0|1.330447|0.283000|1.300000|0.000000|0.040055
394|335|55|97|GLY|HOH|143|438|567|-CA-|-O--|228|0011|555|0|3.676426|1.418000|-2.555000|2.231000|11.305017
394|336|55|68|GLY|SCN|153|437|536|-N--|-S--|133|0011|555|0|3.573882|0.170000|3.556000|-0.314000|44.533195
394|337|55|57|GLY|GLU|125|439|449|-C--|-N--|301|0001|555|0|3.152472|1.323000|1.210000|2.593000|1.740061
394|338|56|57|ASN|GLU|2325|443|449|-C--|-N--|301|0001|555|0|1.325164|1.107000|-0.716000|0.134000|0.686700
394|339|56|68|ASN|SCN|2353|441|536|-N--|-S--|133|0011|555|0|3.165682|1.927000|1.847000|-1.702000|38.972191
394|340|56|91|ASN|HOH|2343|444|561|-O--|-O--|428|0011|555|0|2.907000|-0.498000|2.284000|1.728000|16.477823
394|341|56|84|ASN|HOH|2343|447|554|-OD1|-O--|828|0011|555|0|2.776250|-1.689000|2.194000|-0.203000|3.727882
394|342|56|117|ASN|HOH|2343|448|587|-ND2|-O--|928|0011|555|0|3.469228|-2.445000|1.971000|-1.474000|9.135650
394|343|58|57|ILE|GLU|925|464|452|-N--|-C--|103|0001|555|0|1.330866|-0.471000|-0.292000|-1.210000|1.421303
394|344|57|116|GLU|HOH|2543|461|586|-OE1|-O--|1028|0011|555|0|2.594562|1.764000|1.746000|0.756000|9.675319
394|345|57|59|GLU|PHE|2535|453|479|-O--|-CD2|412|0001|555|0|3.856220|2.259000|-3.093000|0.448000|4.155271
394|346|57|97|GLU|HOH|2543|460|567|-OE1|-O--|1028|0011|555|0|3.025930|1.437000|0.071000|-2.662000|7.665263
394|347|58|116|ILE|HOH|943|464|586|-N--|-O--|128|0011|555|0|2.866935|-2.135000|-0.453000|1.859000|20.918940
394|348|58|59|ILE|PHE|935|466|472|-C--|-N--|301|0001|555|0|1.326775|1.117001|-0.321000|-0.640000|1.181034
394|349|60|59|ARG|PHE|3135|483|474|-N--|-C--|103|0001|555|0|1.327251|-0.512000|0.401000|-1.157000|0.889833
394|350|59|97|PHE|HOH|3543|481|567|-CE2|-O--|1228|0011|555|0|3.678547|-3.085000|-0.914000|-1.783000|15.544147
394|351|61|60|LEU|ARG|731|494|485|-N--|-C--|103|0001|555|0|1.333232|-1.241001|-0.472000|0.121000|0.160896
394|352|62|60|ASP|ARG|2131|502|486|-N--|-O--|104|0001|555|0|3.177498|-2.702000|1.378000|-0.947000|4.763458
394|353|60|128|ARG|HOH|3143|493|598|-NH2|-O--|728|0011|555|0|3.180633|-1.516000|-2.633000|-0.941000|10.009716
394|354|61|62|LEU|ASP|721|496|502|-C--|-N--|301|0001|555|0|1.337375|0.249001|-1.313000|-0.051000|1.794755
394|355|61|63|LEU|GLU|725|497|510|-O--|-N--|401|0001|555|0|3.071724|1.078999|-1.785000|2.255000|4.746183
394|356|62|63|ASP|GLU|2125|504|510|-C--|-N--|301|0001|555|0|1.334312|-0.394001|0.618000|1.115001|1.039979
394|357|64|62|ALA|ASP|321|519|508|-N--|-OD1|110|0001|555|0|3.010838|-2.303001|-0.756000|-1.785999|4.521003
394|358|65|62|LEU|ASP|721|524|505|-N--|-O--|104|0001|555|0|3.027299|-1.600000|2.136000|-1.429000|1.008155
394|359|64|63|ALA|GLU|325|519|512|-N--|-C--|103|0001|555|0|1.330622|0.601000|1.177000|0.155001|1.028810
394|360|65|63|LEU|GLU|725|524|512|-N--|-C--|103|0001|555|0|3.095161|-1.542999|2.178000|1.567000|0.630954
394|361|64|65|ALA|LEU|307|521|524|-C--|-N--|301|0001|555|0|1.335514|0.191000|0.541000|-1.206000|0.333135
394|362|66|68|CU1|SCN|4653|532|538|CU--|-N--|4030|0011|555|0|2.206717|-0.325000|-1.076000|-1.899000|21.193449
394|363|82|67|HOH|SCN|4353|552|535|-O--|-N--|2830|0011|555|0|2.783534|0.615000|-2.534000|0.974000|4.037090
394|364|79|67|HOH|SCN|4353|549|535|-O--|-N--|2830|0011|555|0|2.850577|1.971000|-0.358000|-2.028000|5.672535
394|365|71|106|HOH|HOH|4343|541|576|-O--|-O--|2828|0001|555|0|3.764689|-0.497000|-1.607000|-3.368000|22.670546
394|366|72|98|HOH|HOH|4343|542|568|-O--|-O--|2828|0001|555|0|2.735577|-2.340000|0.510000|1.322000|2.467888
394|367|72|103|HOH|HOH|4343|542|573|-O--|-O--|2828|0001|555|0|3.496830|1.321000|1.964001|2.574000|7.759491
394|368|73|115|HOH|HOH|4343|543|585|-O--|-O--|2828|0001|555|0|2.727197|0.908000|-1.780001|1.856000|6.636509
394|369|73|99|HOH|HOH|4343|543|569|-O--|-O--|2828|0001|555|0|3.029173|2.368000|1.783000|-0.624000|12.433686
394|370|74|90|HOH|HOH|4343|544|560|-O--|-O--|2828|0001|555|0|3.013072|-2.165000|-1.596001|1.358000|11.106205
394|371|74|87|HOH|HOH|4343|544|557|-O--|-O--|2828|0001|555|0|2.662767|2.574999|0.603000|0.309999|11.735940
394|372|78|89|HOH|HOH|4343|548|559|-O--|-O--|2828|0001|555|0|3.604423|-2.156000|2.710999|-0.997000|3.733182
394|373|78|114|HOH|HOH|4343|548|584|-O--|-O--|2828|0001|555|0|2.687381|2.587000|-0.321000|0.653000|5.062813
394|374|79|82|HOH|HOH|4343|549|552|-O--|-O--|2828|0001|555|0|3.947875|1.356000|2.176001|-3.002000|1.282622
394|375|79|81|HOH|HOH|4343|549|551|-O--|-O--|2828|0001|555|0|2.858832|-1.959000|2.000000|-0.579000|0.622412
394|376|80|126|HOH|HOH|4343|550|596|-O--|-O--|2828|0001|555|0|2.881529|-2.180000|-1.393000|1.269000|39.912556
394|377|82|98|HOH|HOH|4343|552|568|-O--|-O--|2828|0001|555|0|2.835728|2.125000|1.712999|0.769000|0.748535
394|378|83|89|HOH|HOH|4343|553|559|-O--|-O--|2828|0001|555|0|3.239494|-0.195000|-3.167000|-0.653000|7.078167
394|379|83|95|HOH|HOH|4343|553|565|-O--|-O--|2828|0001|555|0|3.845178|-3.402000|-1.591999|-0.823000|2.848732
394|380|83|118|HOH|HOH|4343|553|588|-O--|-O--|2828|0001|555|0|2.642068|2.619000|0.336000|-0.092000|6.552561
394|381|84|117|HOH|HOH|4343|554|587|-O--|-O--|2828|0001|555|0|2.755045|-2.444000|-1.256000|-0.199000|6.557598
394|382|86|108|HOH|HOH|4343|556|578|-O--|-O--|2828|0001|555|0|3.282570|1.278000|-2.889000|-0.892000|4.357063
394|383|88|122|HOH|HOH|4343|558|592|-O--|-O--|2828|0001|555|0|2.708244|0.373000|-0.962000|2.504000|26.805595
394|384|89|95|HOH|HOH|4343|559|565|-O--|-O--|2828|0001|555|0|3.576923|-3.207000|1.575001|-0.170000|3.673340
394|385|92|96|HOH|HOH|4343|562|566|-O--|-O--|2828|0001|555|0|2.762446|-1.963001|-0.943999|-1.699000|2.644162
394|386|92|131|HOH|HOH|4343|562|601|-O--|-O--|2828|0001|555|0|2.914080|1.165998|-2.648000|-0.347000|0.788477
394|387|93|127|HOH|HOH|4343|563|597|-O--|-O--|2828|0001|555|0|3.668500|1.666000|3.077000|1.102000|28.741827
394|388|94|95|HOH|HOH|4343|564|565|-O--|-O--|2828|0001|555|0|2.733601|1.453000|0.658001|-2.220000|0.796889
394|389|96|110|HOH|HOH|4343|566|580|-O--|-O--|2828|0001|555|0|3.929424|-2.441000|0.943999|-2.931000|10.708871
394|390|96|131|HOH|HOH|4343|566|601|-O--|-O--|2828|0001|555|0|3.810795|3.129000|-1.704000|1.352000|3.555113
394|391|96|121|HOH|HOH|4343|566|591|-O--|-O--|2828|0001|555|0|3.762159|2.024000|-2.809000|-1.472000|26.750481
394|392|97|132|HOH|HOH|4343|567|602|-O--|-O--|2828|0001|555|0|2.725895|-0.475000|-1.636000|-2.128000|16.517221
394|393|99|123|HOH|HOH|4343|569|593|-O--|-O--|2828|0001|555|0|3.260565|0.009000|0.926999|3.125999|14.799093
394|394|99|104|HOH|HOH|4343|569|574|-O--|-O--|2828|0001|555|0|2.754624|0.052000|2.665000|-0.695001|10.387437
394|395|100|113|HOH|HOH|4343|570|583|-O--|-O--|2828|0001|555|0|2.778757|-1.389000|-0.591000|-2.333000|11.176534
394|396|100|120|HOH|HOH|4343|570|590|-O--|-O--|2828|0001|555|0|3.998193|-3.821999|0.550001|1.037000|9.802758
394|397|101|119|HOH|HOH|4343|571|589|-O--|-O--|2828|0001|555|0|3.341281|-0.636999|3.275001|0.181000|5.564164
394|398|104|122|HOH|HOH|4343|574|592|-O--|-O--|2828|0001|555|0|2.679231|-2.587000|0.695999|0.036000|6.905758
394|399|106|120|HOH|HOH|4343|576|590|-O--|-O--|2828|0001|555|0|2.829813|-0.066999|-2.307999|1.636000|8.915771
394|400|106|112|HOH|HOH|4343|576|582|-O--|-O--|2828|0001|555|0|2.828990|1.125000|-1.146000|-2.329000|9.265141
394|401|110|114|HOH|HOH|4343|580|584|-O--|-O--|2828|0001|555|0|2.665457|-1.177999|-0.344999|-2.366000|3.744035
394|402|110|113|HOH|HOH|4343|580|583|-O--|-O--|2828|0001|555|0|3.610450|2.740000|1.312000|-1.951000|2.698019
394|403|110|120|HOH|HOH|4343|580|590|-O--|-O--|2828|0001|555|0|2.850443|0.307001|2.453001|1.419000|21.047941
394|404|112|113|HOH|HOH|4343|582|583|-O--|-O--|2828|0001|555|0|2.682892|1.240999|-2.302999|0.595000|2.013612
394|405|119|131|HOH|HOH|4343|589|601|-O--|-O--|2828|0001|555|0|3.103691|-2.893002|-0.536000|-0.988000|10.950877
394|406|121|127|HOH|HOH|4343|591|597|-O--|-O--|2828|0001|555|0|3.081284|1.241001|-2.607000|-1.076000|1.893054
394|407|121|131|HOH|HOH|4343|591|601|-O--|-O--|2828|0001|555|0|3.227541|1.105000|1.105000|2.824000|34.788788
394|408|122|124|HOH|HOH|4343|592|594|-O--|-O--|2828|0001|555|0|2.733244|-0.693000|2.053001|1.666000|5.725059
394|409|125|126|HOH|HOH|4343|595|596|-O--|-O--|2828|0001|555|0|3.187063|0.253000|3.177000|-0.006000|20.576946
394|410|0|106|VAL|HOH|543|0|576|-N--|-O--|128|1011|455|2|4.193183|-3.421321|0.175003|-2.418000|1.771165
394|411|0|112|VAL|HOH|543|0|582|-N--|-O--|128|1011|455|2|2.650669|-2.296318|1.321003|-0.089001|11.849617
394|412|0|113|VAL|HOH|543|0|583|-N--|-O--|128|1011|455|2|3.836008|-1.055322|3.624002|-0.684000|14.912169
394|413|0|100|VAL|HOH|543|0|570|-N--|-O--|128|1011|455|2|4.291007|0.333678|3.033003|-3.017000|2.427727
394|414|0|46|VAL|ARG|531|3|374|-O--|-NH1|407|1011|456|2|3.594882|-0.143321|1.327002|3.337918|10.164227
394|415|1|118|ASP|HOH|2143|11|588|-CB-|-O--|528|1011|455|2|3.389837|-2.502320|1.798004|-1.413001|1.854150
394|416|1|106|ASP|HOH|2143|7|576|-N--|-O--|128|1011|455|2|4.982143|-1.306321|2.545002|-4.079000|1.466050
394|417|1|112|ASP|HOH|2143|7|582|-N--|-O--|128|1011|455|2|4.088872|-0.181318|3.691002|-1.750000|11.404395
394|418|1|46|ASP|ARG|2131|9|375|-C--|-NH2|307|1011|456|2|4.529663|-0.213318|3.102005|3.293920|16.955051
394|419|1|16|ASP|LYS|2129|13|133|-OD1|-NZ-|1014|1011|456|2|4.552239|-1.740321|2.084000|3.653917|5.840113
394|420|1|104|ASP|HOH|2143|13|574|-OD1|-O--|1028|1011|456|2|4.427526|-1.602321|4.060003|0.742920|11.364316
394|421|1|33|ASP|LYS|2129|14|273|-OD2|-CE-|1006|1011|455|2|3.889224|-3.398320|-0.633999|-1.782001|7.568717
394|422|1|83|ASP|HOH|2143|14|553|-OD2|-O--|1028|1011|455|2|4.850725|-3.062321|3.045002|-2.209001|10.633650
394|423|1|124|ASP|HOH|2143|14|594|-OD2|-O--|1028|1011|456|2|4.463250|-3.714321|2.408003|0.570918|5.908288
394|424|2|46|MET|ARG|1731|15|374|-N--|-NH1|107|1011|456|2|3.733492|0.462679|3.496000|1.225918|18.900934
394|425|2|95|MET|HOH|1743|22|565|-CE-|-O--|628|1011|556|4|4.587786|-0.289000|-0.414000|4.559919|3.035930
394|426|2|107|MET|HOH|1743|22|577|-CE-|-O--|628|1011|556|4|3.151144|1.006001|-2.712999|1.247920|6.610655
394|427|3|46|SER|ARG|1131|28|375|-OG-|-NH2|1707|1011|456|2|3.262921|1.344682|2.184004|-2.017080|13.834915
394|428|3|102|SER|HOH|1143|26|572|-O--|-O--|428|1011|456|2|3.819595|-0.635320|1.155001|3.584919|11.658905
394|429|3|16|SER|LYS|1129|28|132|-OG-|-CE-|1706|1011|456|2|3.178806|-2.961321|1.091003|0.380919|2.543262
394|430|3|10|SER|ASP|1121|28|85|-OG-|-OD1|1710|1011|456|2|4.020311|-1.336320|3.734001|-0.659081|1.781249
394|431|14|3|GLY|SER|111|115|28|-O--|-OG-|417|1011|456|2|4.704385|-0.119677|-1.051001|-4.583919|15.565788
394|432|3|75|SER|HOH|1143|28|545|-OG-|-O--|1728|1011|456|2|3.891401|1.105680|3.086002|2.096917|9.832507
394|433|4|33|ASN|LYS|2329|36|273|-ND2|-CE-|906|1011|455|2|4.695153|-2.459320|1.474001|-3.718001|0.859899
394|434|5|36|VAL|ASN|523|40|296|-O--|-ND2|409|1011|556|4|3.512995|2.529000|0.408000|2.403919|5.992244
394|435|5|107|VAL|HOH|543|42|577|-CG1|-O--|628|1011|556|4|3.613875|2.625000|1.309001|2.110920|13.790885
394|436|6|36|VAL|ASN|523|47|294|-O--|-CG-|406|1011|556|4|3.636118|1.081000|3.193000|1.362919|10.210625
394|437|6|65|VAL|LEU|507|50|531|-CG2|-CD2|606|1011|655|1|4.152197|2.861642|-2.743000|-1.236000|3.402335
394|438|36|7|ASN|LYS|2329|295|52|-OD1|-CA-|802|1011|556|4|3.865036|-0.073001|-2.934000|-2.514918|19.792746
394|439|7|107|LYS|HOH|2943|53|577|-C--|-O--|328|1011|556|4|4.327566|-0.191999|3.852001|1.962919|22.795008
394|440|65|7|LEU|LYS|729|531|55|-CD2|-CB-|605|1011|655|1|3.821240|1.607358|3.255000|1.193001|9.002179
394|441|7|130|LYS|HOH|2943|59|600|-NZ-|-O--|1428|1011|556|4|2.776474|-0.460000|0.425000|2.704918|5.553325
394|442|64|7|ALA|LYS|329|523|59|-CB-|-NZ-|514|1011|655|1|3.674570|2.934358|1.752001|-1.350000|0.757061
394|443|62|7|ASP|LYS|2129|509|59|-OD2|-NZ-|1014|1011|655|1|2.783420|0.737359|1.743000|2.040999|0.272239
394|444|8|36|THR|ASN|1323|60|295|-N--|-OD1|108|1011|556|4|4.005626|-1.514998|1.377000|3.442919|16.353922
394|445|8|107|THR|HOH|1343|65|577|-OG1|-O--|1728|1011|556|4|2.599574|-0.700000|0.409001|2.469919|18.553680
394|446|62|9|ASP|TYR|2137|509|78|-OD2|-OH-|1018|1011|655|1|2.551918|-1.085641|1.621000|-1.645000|2.474760
394|447|65|9|LEU|TYR|737|530|78|-CD1|-OH-|618|1011|655|1|3.511132|3.175358|1.365000|0.618000|6.704589
394|448|10|129|ASP|HOH|2143|85|599|-OD1|-O--|1028|1011|556|2|4.996977|-1.785679|4.213003|2.007918|22.874954
394|449|12|33|GLN|LYS|2729|102|274|-OE1|-NZ-|814|1011|555|2|2.720265|0.589321|2.275004|1.369999|0.619508
394|450|32|12|GLY|GLN|127|265|98|-O--|-O--|404|1011|555|2|4.208809|-1.717321|0.283998|3.832000|5.559968
394|451|12|85|GLN|HOH|2743|99|555|-CB-|-O--|528|1011|555|2|4.440426|0.067320|0.265002|-4.432000|15.947510
394|452|34|12|SER|GLN|1127|275|98|-N--|-O--|104|1011|555|2|2.863215|-1.489321|-2.192001|1.084000|1.172771
394|453|12|126|GLN|HOH|2743|103|596|-NE2|-O--|928|1011|655|4|4.978665|2.217642|-2.634000|3.596000|31.537354
394|454|22|12|ASP|GLN|2127|185|103|-OD2|-NE2|1009|1011|655|4|4.035270|-3.059641|2.448000|0.964000|5.237330
394|455|32|13|GLY|ASP|121|265|105|-O--|-CA-|402|1011|555|2|3.624232|-3.280321|0.264997|1.518000|5.182977
394|456|13|33|ASP|LYS|2129|105|267|-CA-|-CA-|202|1011|555|2|4.692811|4.603321|0.367002|0.835000|0.688330
394|457|13|85|ASP|HOH|2143|108|555|-CB-|-O--|528|1011|555|2|3.506188|2.581320|-2.288999|-0.625000|17.409157
394|458|34|13|SER|ASP|1121|279|107|-CB-|-O--|504|1011|555|2|3.618270|-2.519321|-1.690004|-1.972000|0.708686
394|459|13|98|ASP|HOH|2143|108|568|-CB-|-O--|528|1011|555|2|3.720462|0.055321|1.459003|-3.422000|2.482867
394|460|13|72|ASP|HOH|2143|108|542|-CB-|-O--|528|1011|555|2|3.744934|2.395319|1.969004|-2.100000|5.351475
394|461|13|82|ASP|HOH|2143|107|552|-O--|-O--|428|1011|555|2|3.940733|-1.116678|0.626001|-3.727000|3.689659
394|462|14|34|GLY|SER|111|112|279|-N--|-CB-|105|1011|555|2|3.808316|2.666321|2.719004|-0.032000|3.085400
394|463|14|76|GLY|HOH|143|115|546|-O--|-O--|428|1011|556|2|2.747345|0.595322|1.910004|1.882919|6.186692
394|464|15|76|SER|HOH|1143|116|546|-N--|-O--|128|1011|556|2|4.862597|0.029322|3.676004|3.182919|8.626332
394|465|15|82|SER|HOH|1143|124|552|-OG-|-O--|1728|1011|555|2|4.510404|2.804321|2.450001|-2.545000|3.524989
394|466|16|129|LYS|HOH|2943|133|599|-NZ-|-O--|1428|1011|556|2|2.722110|-0.089679|2.164003|1.648918|11.220531
394|467|16|76|LYS|HOH|2943|132|546|-CE-|-O--|628|1011|556|2|4.764518|3.676322|1.950005|-2.320081|10.337318
394|468|18|107|HIS|HOH|3343|147|577|-ND1|-O--|1328|1011|556|4|4.935156|0.275001|-0.630999|4.886919|16.069271
394|469|19|65|VAL|LEU|507|156|531|-CG1|-CD2|606|1011|655|1|3.909936|2.179642|-1.715000|2.756000|5.398898
394|470|20|31|PHE|PHE|3535|167|260|-CE2|-CE2|1212|1011|455|2|3.699178|-1.706320|0.858002|-3.168000|0.282878
394|471|21|102|LYS|HOH|2943|177|572|-NZ-|-O--|1428|1011|456|2|4.659407|1.257680|4.022001|1.987919|0.784423
394|472|22|44|ASP|GLU|2125|185|357|-OD2|-OE2|1010|1011|455|4|2.503698|-2.476642|-0.282000|0.235000|3.617986
394|473|22|50|ASP|LYS|2129|181|403|-O--|-NZ-|414|1011|455|4|4.586902|-3.914642|-1.035000|-2.155000|15.621842
394|474|48|22|GLY|ASP|121|385|182|-CA-|-CB-|205|1011|455|4|4.796759|4.300642|-0.079000|-2.123001|2.856742
394|475|24|31|LYS|PHE|2935|196|257|-CD-|-CD1|612|1011|455|2|3.682915|1.998678|2.477003|-1.853000|9.427543
394|476|24|101|LYS|HOH|2943|198|571|-NZ-|-O--|1428|1011|455|4|2.939108|-2.403641|-1.350000|-1.019000|6.460490
394|477|24|119|LYS|HOH|2943|198|589|-NZ-|-O--|1428|1011|455|4|3.695047|-3.040641|1.925000|-0.838000|0.712245
394|478|44|24|GLU|LYS|2529|356|198|-OE1|-NZ-|1014|1011|455|4|2.701743|2.109640|0.675000|-1.547000|3.466298
394|479|25|31|MET|PHE|1735|202|259|-O--|-CE1|412|1011|455|2|3.500898|-2.944318|1.894002|0.006000|0.867671
394|480|26|31|GLY|PHE|135|207|261|-N--|-CZ-|112|1011|455|2|3.980942|-3.544320|1.689004|-0.658000|1.740611
394|481|26|70|GLY|HOH|143|208|540|-CA-|-O--|228|1011|455|2|3.580639|0.276680|1.827003|-3.067000|3.508280
394|482|26|30|GLY|LYS|129|208|250|-CA-|-NZ-|214|1011|455|2|4.218654|-0.488320|3.913002|-1.499000|6.919137
394|483|27|30|MET|LYS|1729|214|250|-O--|-NZ-|414|1011|455|2|3.048480|-3.023320|0.191002|0.341000|7.610249
394|484|27|70|MET|HOH|1743|211|540|-N--|-O--|128|1011|455|2|2.953738|-1.635321|0.497003|-2.409000|5.288018
394|485|27|69|MET|HOH|1743|214|539|-O--|-O--|428|1011|455|2|4.024501|-2.534321|3.030005|0.770000|5.711289
394|486|28|30|GLU|LYS|2529|219|250|-N--|-NZ-|114|1011|455|2|4.807595|-4.663320|-0.135998|-1.161000|8.060230
394|487|28|69|GLU|HOH|2543|223|539|-CB-|-O--|528|1011|455|2|4.020547|-3.763320|0.354004|-1.370000|1.066023
394|488|29|81|ASN|HOH|2343|235|551|-ND2|-O--|928|1011|555|2|2.895999|1.324321|-2.010996|-1.609000|5.289912
394|489|29|82|ASN|HOH|2343|232|552|-CB-|-O--|528|1011|555|2|4.602178|4.468322|-0.518999|-0.972000|4.918535
394|490|29|79|ASN|HOH|2343|235|549|-ND2|-O--|928|1011|555|2|3.945587|3.283320|-0.010998|-2.187999|4.483205
394|491|30|76|LYS|HOH|2943|242|546|-CB-|-O--|528|1011|556|2|3.523285|-0.089678|-0.825996|3.423919|10.620422
394|492|30|109|LYS|HOH|2943|240|579|-O--|-O--|428|1011|556|2|4.443928|2.423320|1.005001|3.586919|28.420874
394|493|34|30|SER|LYS|1129|280|249|-OG-|-NZ-|1714|1011|555|2|3.017236|-0.392321|0.757999|-2.894000|3.344251
394|494|30|67|LYS|SCN|2953|250|533|-NZ-|-S--|1433|1011|555|2|3.246469|0.119322|0.726002|-3.162000|5.479138
394|495|30|82|LYS|HOH|2943|247|552|-CE-|-O--|628|1011|555|2|4.441546|-1.391678|-2.795998|-3.158000|0.886519
394|496|30|94|LYS|HOH|2943|246|564|-CD-|-O--|628|1011|555|2|4.917597|2.694321|0.423002|4.092000|29.093512
394|497|35|30|MET|LYS|1729|281|249|-N--|-NZ-|114|1011|555|2|4.710318|-3.466322|0.183998|-3.184000|1.469251
394|498|31|119|PHE|HOH|3543|254|589|-O--|-O--|428|1011|455|2|4.578902|-2.549320|2.990002|-2.351000|21.405083
394|499|31|67|PHE|SCN|3553|260|535|-CE2|-N--|1230|1011|555|2|3.967076|1.894321|-3.210997|-1.356000|2.205078
394|500|31|84|PHE|HOH|3543|259|554|-CE1|-O--|1228|1011|555|2|4.940533|1.076321|4.809002|0.352000|13.585939
394|501|31|79|PHE|HOH|3543|260|549|-CE2|-O--|1228|1011|555|2|4.918849|-0.076679|-3.568998|-3.384000|3.003500
394|502|32|69|GLY|HOH|143|265|539|-O--|-O--|428|1011|455|2|4.354436|-2.433321|-3.605995|0.192000|0.938005
394|503|33|69|LYS|HOH|2943|268|539|-C--|-O--|328|1011|455|2|4.503141|-3.417321|-1.470995|2.537000|6.110406
394|504|33|124|LYS|HOH|2943|273|594|-CE-|-O--|628|1011|554|4|3.858736|-0.316000|-3.042000|-2.352919|15.494055
394|505|33|46|LYS|ARG|2931|274|370|-NZ-|-CG-|1406|1011|455|2|4.249493|-4.017320|0.964005|-0.995000|4.043304
394|506|34|69|SER|HOH|1143|279|539|-CB-|-O--|528|1011|455|2|3.396536|-0.352321|0.369005|3.358000|5.019824
394|507|34|70|SER|HOH|1143|280|540|-OG-|-O--|1728|1011|455|2|3.510398|0.370679|-3.219998|1.348000|6.435469
394|508|35|70|MET|HOH|1743|284|540|-O--|-O--|428|1011|455|2|2.776371|-2.178320|0.069002|1.720000|4.982601
394|509|35|123|MET|HOH|1743|288|593|-CE-|-O--|628|1011|554|4|3.782865|-0.675000|-0.368000|-3.703919|13.471945
394|510|35|81|MET|HOH|1743|287|551|-SD-|-O--|1628|1011|555|2|4.492956|2.044321|3.170004|-2.441000|6.164463
394|511|36|70|ASN|HOH|2343|289|540|-N--|-O--|128|1011|455|2|4.811527|-2.906321|0.207003|3.829000|5.626184
394|512|36|123|ASN|HOH|2343|289|593|-N--|-O--|128|1011|554|4|4.759474|4.287000|0.655000|-1.960919|40.775707
394|513|36|105|ASN|HOH|2343|296|575|-ND2|-O--|928|1011|554|4|4.078604|-1.061000|-3.875999|0.697081|6.064326
394|514|36|73|ASN|HOH|2343|295|543|-OD1|-O--|828|1011|554|4|2.780254|2.528000|-0.893001|-0.735919|9.946033
394|515|36|115|ASN|HOH|2343|293|585|-CB-|-O--|528|1011|554|4|3.771516|3.115001|-1.845000|-1.056920|4.368732
394|516|37|105|MET|HOH|1743|297|575|-N--|-O--|128|1011|554|4|4.707452|-3.440000|-1.500000|-2.841919|10.410679
394|517|37|115|MET|HOH|1743|299|585|-C--|-O--|328|1011|554|4|4.149832|1.120001|1.283999|-3.783920|2.792531
394|518|37|70|MET|HOH|1743|302|540|-CG-|-O--|628|1011|455|2|4.756709|-2.425321|4.084002|-0.255000|17.797955
394|519|38|115|PRO|HOH|1943|306|585|-CA-|-O--|228|1011|554|4|3.876486|-0.940999|2.261000|-3.004920|8.773972
394|520|64|39|ALA|GLU|325|520|319|-CA-|-OE1|210|1011|654|1|3.655235|-1.115642|0.142000|3.477919|6.289618
394|521|39|60|GLU|ARG|2531|315|492|-O--|-NH1|407|1011|554|4|4.924438|2.849999|-0.498000|-3.984920|43.508904
394|522|39|63|GLU|GLU|2525|319|513|-OE1|-O--|1004|1011|654|1|4.171059|0.068641|-2.696000|-3.181919|3.245031
394|523|40|54|GLY|LYS|129|324|436|-O--|-NZ-|414|1011|655|1|3.144499|1.414644|-2.681000|-0.836000|8.393788
394|524|40|63|GLY|GLU|125|324|517|-O--|-OE1|410|1011|554|4|4.340934|3.211002|-1.021000|-2.736919|17.607197
394|525|42|59|VAL|PHE|535|339|482|-CG1|-CZ-|612|1011|655|1|3.863721|-0.650358|-3.358000|1.797000|6.545614
394|526|42|97|VAL|HOH|543|340|567|-CG2|-O--|628|1011|655|1|4.091279|3.187643|-2.137000|1.418000|9.531719
394|527|42|132|VAL|HOH|543|340|602|-CG2|-O--|628|1011|655|1|3.764314|3.662643|-0.501000|-0.710000|33.931393
394|528|42|54|VAL|LYS|529|340|433|-CG2|-CG-|606|1011|655|1|4.106111|0.136642|-3.570000|-2.024000|12.320526
394|529|44|126|GLU|HOH|2543|357|596|-OE2|-O--|1028|1011|655|4|4.624597|1.634642|0.096000|4.325000|56.479454
394|530|47|126|ASP|HOH|2143|378|596|-C--|-O--|328|1011|655|4|4.203961|4.051641|0.087000|-1.118000|48.606045
394|531|48|125|GLY|HOH|143|385|595|-CA-|-O--|228|1011|655|4|3.570312|3.013643|-1.751001|0.773999|14.814340
394|532|48|126|GLY|HOH|143|385|596|-CA-|-O--|228|1011|655|4|3.646127|3.266642|1.426000|0.768000|48.641743
394|533|50|59|LYS|PHE|2935|398|480|-O--|-CE1|412|1011|655|1|3.713928|0.915642|-2.291000|-2.776000|5.022541
394|534|57|50|GLU|LYS|2529|460|402|-OE1|-CE-|1006|1011|655|1|3.784921|0.170359|3.628000|1.065000|18.157553
394|535|50|97|LYS|HOH|2943|401|567|-CD-|-O--|628|1011|655|1|4.975284|-0.161358|-3.734000|-3.284000|0.641423
394|536|51|59|ILE|PHE|935|404|480|-N--|-CE1|112|1011|655|1|4.155966|1.347641|-3.764000|-1.135000|3.907895
394|537|52|59|ILE|PHE|935|419|479|-CD1|-CD2|612|1011|655|1|3.600431|1.957642|-1.643000|2.536000|8.201419
394|538|52|52|ILE|ILE|909|419|418|-CD1|-CG2|606|1011|655|1|4.357776|-1.279360|-4.059000|-0.937000|3.102884
394|539|52|54|ILE|LYS|929|419|432|-CD1|-CB-|605|1011|655|1|4.092224|2.903641|-2.201000|-1.863000|2.055123
394|540|63|54|GLU|LYS|2529|517|436|-OE1|-NZ-|1014|1011|654|1|3.097741|1.796358|1.660000|1.900919|6.797562
394|541|54|93|LYS|HOH|2943|435|563|-CE-|-O--|628|1011|655|1|4.092861|-1.096359|-3.888000|0.658000|8.109504
394|542|61|57|LEU|GLU|725|501|455|-CD2|-CB-|605|1011|655|1|3.588030|-1.288641|2.249000|-2.480999|6.939815
394|543|61|58|LEU|ILE|709|495|467|-CA-|-O--|204|1011|655|1|3.613863|-0.312639|3.350000|-1.319000|5.885208
394|544|65|58|LEU|ILE|709|530|469|-CD1|-CG1|606|1011|655|1|3.802851|2.038358|0.664001|-3.141000|4.794620
394|545|58|60|ILE|ARG|931|467|486|-O--|-O--|404|1011|655|1|4.229434|2.909641|-2.622000|1.595999|0.181235
394|546|58|62|ILE|ASP|921|467|502|-O--|-N--|401|1011|655|1|2.838573|0.207642|-1.244000|2.543000|5.005724
394|547|60|59|ARG|PHE|3135|486|473|-O--|-CA-|402|1011|655|1|3.374142|-0.410642|1.897000|-2.759999|0.676936
394|548|61|59|LEU|PHE|735|494|478|-N--|-CD1|112|1011|655|1|3.704526|0.142360|0.419000|-3.678000|9.045974
394|549|62|59|ASP|PHE|2135|502|473|-N--|-CA-|102|1011|655|1|4.388796|2.291358|0.519000|-3.707000|5.668353
394|550|59|59|PHE|PHE|3535|476|476|-CB-|-CB-|505|1011|655|1|3.683150|3.510641|-1.114000|0.000000|0.000000
394|551|60|60|ARG|ARG|3131|483|486|-N--|-O--|104|1011|655|1|2.828012|-1.348358|-2.207000|1.144000|1.691979
394|552|61|60|LEU|ARG|731|494|483|-N--|-N--|101|1011|655|1|4.829996|2.799359|3.867000|-0.734000|4.343330
394|553|62|60|ASP|ARG|2131|508|493|-OD1|-NH2|1007|1011|655|1|3.861542|3.373357|-0.981000|1.603001|34.793793
394|554|60|128|ARG|HOH|3143|493|598|-NH2|-O--|728|1011|655|1|3.688129|2.120643|-2.867000|-0.941000|10.009716
394|555|61|128|LEU|HOH|743|497|598|-O--|-O--|428|1011|655|1|3.527642|-2.066359|-1.012000|2.674000|17.076820
394|556|61|116|LEU|HOH|743|501|586|-CD2|-O--|628|1011|655|1|4.283203|1.398643|-4.028000|0.406000|5.691617
394|557|62|128|ASP|HOH|2143|503|598|-CA-|-O--|228|1011|655|1|3.938149|-2.438358|1.705000|2.580000|13.778239
394|558|63|128|GLU|HOH|2543|510|598|-N--|-O--|128|1011|655|1|3.265939|-3.145357|0.773000|0.419000|9.899385
394|559|63|93|GLU|HOH|2543|518|563|-OE2|-O--|1028|1011|556|4|3.562315|-1.361998|2.398000|2.254917|15.511609
394|560|64|130|ALA|HOH|343|523|600|-CB-|-O--|528|1011|656|1|3.563366|-2.474358|-2.177000|1.354918|6.549984
394|561|65|111|LEU|HOH|743|527|581|-O--|-O--|428|1011|655|1|4.475211|1.958643|-3.735000|-1.497001|0.160636
394|562|65|116|LEU|HOH|743|530|586|-CD1|-O--|628|1011|655|1|3.288762|0.798643|2.525000|-1.950000|3.579513
394|563|70|67|HOH|SCN|4353|540|533|-O--|-S--|2833|1011|455|2|4.963809|-0.645679|1.359998|4.730000|2.322908
394|564|69|67|HOH|SCN|4353|539|534|-O--|-C--|2829|1011|455|2|4.361905|-1.719679|-2.483004|3.147000|9.205194
394|565|71|67|HOH|SCN|4353|541|535|-O--|-N--|2830|1011|455|2|4.628631|1.946321|-2.673002|3.239000|2.615922
394|566|106|67|HOH|SCN|4353|576|535|-O--|-N--|2830|1011|455|2|4.929998|2.443321|-4.280003|-0.129000|17.072182
394|567|69|98|HOH|HOH|4343|539|568|-O--|-O--|2828|1011|555|2|4.100375|-1.158678|-2.407995|-3.110000|1.033921
394|568|69|82|HOH|HOH|4343|539|552|-O--|-O--|2828|1011|555|2|4.092169|-3.283678|-0.694998|-2.341000|1.834100
394|569|69|72|HOH|HOH|4343|539|542|-O--|-O--|2828|1011|555|2|2.862664|1.181320|-1.897995|-1.788000|1.344597
394|570|70|94|HOH|HOH|4343|540|564|-O--|-O--|2828|1011|555|2|4.264150|-0.246679|-2.047998|3.732000|24.362740
394|571|70|86|HOH|HOH|4343|540|556|-O--|-O--|2828|1011|555|2|4.542028|-0.076681|3.683001|2.657000|58.748295
394|572|71|98|HOH|HOH|4343|541|568|-O--|-O--|2828|1011|555|2|4.860944|3.456322|-1.573996|-3.034000|8.570367
394|573|71|82|HOH|HOH|4343|541|552|-O--|-O--|2828|1011|555|2|2.630963|1.331322|0.139002|-2.265000|7.439251
394|574|72|100|HOH|HOH|4343|542|570|-O--|-O--|2828|1011|455|2|4.373459|-2.538322|3.401003|1.057000|6.722664
394|575|75|76|HOH|HOH|4343|545|546|-O--|-O--|2828|1011|556|2|4.010064|-0.390678|3.945005|-0.604081|2.101600
394|576|76|102|HOH|HOH|4343|546|572|-O--|-O--|2828|1011|456|2|2.583454|-1.414320|-2.156998|0.145920|13.871256
394|577|79|118|HOH|HOH|4343|549|588|-O--|-O--|2828|1011|455|2|4.861762|-3.953321|2.493004|1.338999|11.733824
394|578|79|106|HOH|HOH|4343|549|576|-O--|-O--|2828|1011|455|2|4.383080|-0.472321|3.922003|-1.899000|8.488061
394|579|81|118|HOH|HOH|4343|551|588|-O--|-O--|2828|1011|455|2|2.810532|-1.994320|0.493004|1.917999|10.722131
394|580|81|106|HOH|HOH|4343|551|576|-O--|-O--|2828|1011|455|2|2.765269|1.486679|1.922003|-1.320000|7.583368
394|581|81|112|HOH|HOH|4343|551|582|-O--|-O--|2828|1011|455|2|4.153505|2.611682|3.068003|1.008999|20.330759
394|582|82|106|HOH|HOH|4343|552|576|-O--|-O--|2828|1011|455|2|2.758240|-1.828321|1.746002|1.103000|10.429025
394|583|82|120|HOH|HOH|4343|552|590|-O--|-O--|2828|1011|455|2|4.506802|-1.895319|4.054003|-0.533000|0.981392
394|584|82|112|HOH|HOH|4343|552|582|-O--|-O--|2828|1011|455|2|4.542791|-0.703318|2.892002|3.431999|24.483130
394|585|85|96|HOH|HOH|4343|555|566|-O--|-O--|2828|1011|455|2|4.840349|-4.412322|1.990002|-0.017000|4.367285
394|586|85|92|HOH|HOH|4343|555|562|-O--|-O--|2828|1011|455|2|3.168272|-2.449319|1.046003|-1.716000|7.632607
394|587|85|100|HOH|HOH|4343|555|570|-O--|-O--|2828|1011|455|2|3.816726|-2.724322|-0.856998|2.532000|1.864557
394|588|85|119|HOH|HOH|4343|555|589|-O--|-O--|2828|1011|455|2|4.256699|1.609680|3.158001|-2.357000|1.525056
394|589|85|131|HOH|HOH|4343|555|601|-O--|-O--|2828|1011|455|2|4.143272|-1.283319|3.694000|-1.369000|8.757557
394|590|88|129|HOH|HOH|4343|558|599|-O--|-O--|2828|1011|556|2|3.883318|2.732321|2.482004|1.205918|25.045601
394|591|93|132|HOH|HOH|4343|563|602|-O--|-O--|2828|1011|655|1|4.858828|3.637642|-1.885000|2.612000|14.193875
394|592|98|106|HOH|HOH|4343|568|576|-O--|-O--|2828|1011|455|2|3.967542|-3.953321|0.033003|0.334000|9.257533
394|593|98|120|HOH|HOH|4343|568|590|-O--|-O--|2828|1011|455|2|4.830990|-4.020319|2.341003|-1.302000|0.221643
394|594|98|112|HOH|HOH|4343|568|582|-O--|-O--|2828|1011|455|2|4.059680|-2.828318|1.179003|2.662999|22.773693
394|595|98|113|HOH|HOH|4343|568|583|-O--|-O--|2828|1011|455|2|4.349776|-1.587322|3.482002|2.068000|26.803257
394|596|98|100|HOH|HOH|4343|568|570|-O--|-O--|2828|1011|455|2|2.909889|-0.198322|2.891003|-0.265000|10.155542
394|597|100|103|HOH|HOH|4343|570|573|-O--|-O--|2828|1011|555|2|4.388694|3.859322|1.437004|-1.517000|0.765012
394|598|102|109|HOH|HOH|4343|572|579|-O--|-O--|2828|1011|556|2|2.824281|1.948320|1.824001|0.923919|3.745854
394|599|104|129|HOH|HOH|4343|574|599|-O--|-O--|2828|1011|556|2|4.334087|-0.227679|4.140003|-1.262081|5.810049
394|600|122|129|HOH|HOH|4343|592|599|-O--|-O--|2828|1011|556|2|4.371793|2.359321|3.444004|-1.298081|0.895063
394|601|124|129|HOH|HOH|4343|594|599|-O--|-O--|2828|1011|556|2|4.476307|3.052320|1.391003|-2.964082|4.668764
394|602|128|128|HOH|HOH|4343|598|598|-O--|-O--|2828|1011|655|1|3.644163|3.636642|-0.234000|0.000000|0.000000
