394|0|5|VAL|A|1|7|0|000|12.617270|-1.000000|-1.000000|0.000000|-1|-1|0|0|-1|1
394|1|21|ASP|A|2|8|0|000|15.170504|-1.000000|-1.000000|0.000000|-1|-1|0|0|0|2
394|2|17|MET|A|3|8|0|000|12.938206|-1.000000|-1.000000|0.000000|-1|-1|0|0|1|3
394|3|11|SER|A|4|6|0|000|16.636364|-1.000000|-1.000000|0.000000|-1|-1|0|0|2|4
394|4|23|ASN|A|5|8|0|000|15.338099|-1.000000|-1.000000|0.000000|-1|-1|0|0|3|5
394|5|5|VAL|A|6|7|0|000|11.002582|-1.000000|-1.000000|0.000000|-1|-1|0|0|4|6
394|6|5|VAL|A|7|7|0|000|11.265789|-1.000000|-1.000000|0.000000|-1|-1|0|0|5|7
394|7|29|LYS|A|8|9|0|000|7.764529|-1.000000|-1.000000|0.000000|-1|-1|0|0|6|8
394|8|13|THR|A|9|7|0|000|6.401674|-1.000000|-1.000000|0.000000|-1|-1|0|0|7|9
394|9|37|TYR|A|10|12|0|000|3.865103|-1.000000|-1.000000|0.000000|-1|-1|0|0|8|10
394|10|21|ASP|A|11|8|0|000|7.454149|-1.000000|-1.000000|0.000000|-1|-1|0|0|9|11
394|11|7|LEU|A|12|8|0|000|6.532897|-1.000000|-1.000000|0.000000|-1|-1|0|0|10|12
394|12|27|GLN|A|13|9|0|000|11.819713|-1.000000|-1.000000|0.000000|-1|-1|0|0|11|13
394|13|21|ASP|A|14|8|0|000|10.644472|-1.000000|-1.000000|0.000000|-1|-1|0|0|12|14
394|14|1|GLY|A|15|4|0|000|10.197466|-1.000000|-1.000000|0.000000|-1|-1|0|0|13|15
394|15|11|SER|A|16|9|0|000|7.578835|-1.000000|-1.000000|0.000000|-1|-1|0|0|14|16
394|16|29|LYS|A|17|9|0|000|6.675437|-1.000000|-1.000000|0.000000|-1|-1|0|0|15|17
394|17|5|VAL|A|18|7|0|000|1.840122|-1.000000|-1.000000|0.000000|-1|-1|0|0|16|18
394|18|33|HIS|A|19|10|0|000|6.123766|-1.000000|-1.000000|0.000000|-1|-1|0|0|17|19
394|19|5|VAL|A|20|7|0|000|7.370213|-1.000000|-1.000000|0.000000|-1|-1|0|0|18|20
394|20|35|PHE|A|21|11|0|000|10.621342|-1.000000|-1.000000|0.000000|-1|-1|0|0|19|21
394|21|29|LYS|A|22|9|0|000|15.339256|-1.000000|-1.000000|0.000000|-1|-1|0|0|20|22
394|22|21|ASP|A|23|8|0|000|14.997125|-1.000000|-1.000000|0.000000|-1|-1|0|0|21|23
394|23|1|GLY|A|24|4|0|000|12.133378|-1.000000|-1.000000|0.000000|-1|-1|0|0|22|24
394|24|29|LYS|A|25|9|0|000|12.632672|-1.000000|-1.000000|0.000000|-1|-1|0|0|23|25
394|25|17|MET|A|26|8|0|000|7.058065|-1.000000|-1.000000|0.000000|-1|-1|0|0|24|26
394|26|1|GLY|A|27|4|0|000|6.344154|-1.000000|-1.000000|0.000000|-1|-1|0|0|25|27
394|27|17|MET|A|28|8|0|000|6.173662|-1.000000|-1.000000|0.000000|-1|-1|0|0|26|28
394|28|25|GLU|A|29|9|0|000|8.844608|-1.000000|-1.000000|0.000000|-1|-1|0|0|27|29
394|29|23|ASN|A|30|8|0|000|11.655220|-1.000000|-1.000000|0.000000|-1|-1|0|0|28|30
394|30|29|LYS|A|31|15|0|000|13.950189|-1.000000|-1.000000|0.000000|-1|-1|0|0|29|31
394|31|35|PHE|A|32|11|0|000|16.224827|-1.000000|-1.000000|0.000000|-1|-1|0|0|30|32
394|32|1|GLY|A|33|4|0|000|13.583281|-1.000000|-1.000000|0.000000|-1|-1|0|0|31|33
394|33|29|LYS|A|34|9|0|000|14.666538|-1.000000|-1.000000|0.000000|-1|-1|0|0|32|34
394|34|11|SER|A|35|6|0|000|12.425385|-1.000000|-1.000000|0.000000|-1|-1|0|0|33|35
394|35|17|MET|A|36|8|0|000|9.830914|-1.000000|-1.000000|0.000000|-1|-1|0|0|34|36
394|36|23|ASN|A|37|8|0|000|11.835942|-1.000000|-1.000000|0.000000|-1|-1|0|0|35|37
394|37|17|MET|A|38|8|0|000|7.931707|-1.000000|-1.000000|0.000000|-1|-1|0|0|36|38
394|38|19|PRO|A|39|7|0|000|9.014520|-1.000000|-1.000000|0.000000|-1|-1|0|0|37|39
394|39|25|GLU|A|40|9|0|000|11.950078|-1.000000|-1.000000|0.000000|-1|-1|0|0|38|40
394|40|1|GLY|A|41|4|0|000|12.290790|-1.000000|-1.000000|0.000000|-1|-1|0|0|39|41
394|41|29|LYS|A|42|9|0|000|10.448052|-1.000000|-1.000000|0.000000|-1|-1|0|0|40|42
394|42|5|VAL|A|43|7|0|000|11.310020|-1.000000|-1.000000|0.000000|-1|-1|0|0|41|43
394|43|17|MET|A|44|8|0|000|7.158670|-1.000000|-1.000000|0.000000|-1|-1|0|0|42|44
394|44|25|GLU|A|45|9|0|000|11.133726|-1.000000|-1.000000|0.000000|-1|-1|0|0|43|45
394|45|13|THR|A|46|7|0|000|8.936913|-1.000000|-1.000000|0.000000|-1|-1|0|0|44|46
394|46|31|ARG|A|47|11|0|000|11.430649|-1.000000|-1.000000|0.000000|-1|-1|0|0|45|47
394|47|21|ASP|A|48|8|0|000|12.669267|-1.000000|-1.000000|0.000000|-1|-1|0|0|46|48
394|48|1|GLY|A|49|4|0|000|12.980231|-1.000000|-1.000000|0.000000|-1|-1|0|0|47|49
394|49|13|THR|A|50|7|0|000|10.639838|-1.000000|-1.000000|0.000000|-1|-1|0|0|48|50
394|50|29|LYS|A|51|9|0|000|11.801394|-1.000000|-1.000000|0.000000|-1|-1|0|0|49|51
394|51|9|ILE|A|52|8|0|000|6.827725|-1.000000|-1.000000|0.000000|-1|-1|0|0|50|52
394|52|9|ILE|A|53|8|0|000|9.659615|-1.000000|-1.000000|0.000000|-1|-1|0|0|51|53
394|53|17|MET|A|54|8|0|000|7.107580|-1.000000|-1.000000|0.000000|-1|-1|0|0|52|54
394|54|29|LYS|A|55|9|0|000|13.028769|-1.000000|-1.000000|0.000000|-1|-1|0|0|53|55
394|55|1|GLY|A|56|4|0|000|13.055772|-1.000000|-1.000000|0.000000|-1|-1|0|0|54|56
394|56|23|ASN|A|57|8|0|000|10.856171|-1.000000|-1.000000|0.000000|-1|-1|0|0|55|57
394|57|25|GLU|A|58|15|0|000|11.852998|-1.000000|-1.000000|0.000000|-1|-1|0|0|56|58
394|58|9|ILE|A|59|8|0|000|7.355859|-1.000000|-1.000000|0.000000|-1|-1|0|0|57|59
394|59|35|PHE|A|60|11|0|000|11.443313|-1.000000|-1.000000|0.000000|-1|-1|0|0|58|60
394|60|31|ARG|A|61|11|0|000|11.251155|-1.000000|-1.000000|0.000000|-1|-1|0|0|59|61
394|61|7|LEU|A|62|8|0|000|13.902516|-1.000000|-1.000000|0.000000|-1|-1|0|0|60|62
394|62|21|ASP|A|63|8|0|000|17.763409|-1.000000|-1.000000|0.000000|-1|-1|0|0|61|63
394|63|25|GLU|A|64|9|0|000|18.122051|-1.000000|-1.000000|0.000000|-1|-1|0|0|62|64
394|64|3|ALA|A|65|5|0|000|21.594067|-1.000000|-1.000000|0.000000|-1|-1|0|0|63|65
394|65|7|LEU|A|66|8|0|000|21.614767|-1.000000|-1.000000|0.000000|-1|-1|0|0|64|-1
394|66|46|CU1|A|101|1|1|000|6.052616|-1.000000|-1.000000|0.000000|-1|-1|0|2|-1|-1
394|67|53|SCN|A|201|3|0|000|10.145730|-1.000000|-1.000000|0.000000|-1|-1|0|3|-1|-1
394|68|53|SCN|A|301|3|0|000|9.109094|-1.000000|-1.000000|0.000000|-1|-1|0|4|-1|-1
394|69|43|HOH|A|302|1|0|000|14.672108|-1.000000|-1.000000|0.000000|-1|-1|0|1|-1|-1
394|70|43|HOH|A|303|1|0|000|18.074631|-1.000000|-1.000000|0.000000|-1|-1|0|1|-1|-1
394|71|43|HOH|A|304|1|0|000|11.414746|-1.000000|-1.000000|0.000000|-1|-1|0|1|-1|-1
394|72|43|HOH|A|305|1|0|000|12.268353|-1.000000|-1.000000|0.000000|-1|-1|0|1|-1|-1
394|73|43|HOH|A|306|1|0|000|9.496368|-1.000000|-1.000000|0.000000|-1|-1|0|1|-1|-1
394|74|43|HOH|A|307|1|0|000|7.816157|-1.000000|-1.000000|0.000000|-1|-1|0|1|-1|-1
394|75|43|HOH|A|308|1|0|000|8.906131|-1.000000|-1.000000|0.000000|-1|-1|0|1|-1|-1
394|76|43|HOH|A|309|1|0|000|19.311245|-1.000000|-1.000000|0.000000|-1|-1|0|1|-1|-1
394|77|43|HOH|A|310|1|0|000|8.372499|-1.000000|-1.000000|0.000000|-1|-1|0|1|-1|-1
394|78|43|HOH|A|311|1|0|000|11.221254|-1.000000|-1.000000|0.000000|-1|-1|0|1|-1|-1
394|79|43|HOH|A|312|1|0|000|13.274092|-1.000000|-1.000000|0.000000|-1|-1|0|1|-1|-1
394|80|43|HOH|A|313|1|0|000|15.205886|-1.000000|-1.000000|0.000000|-1|-1|0|1|-1|-1
394|81|43|HOH|A|314|1|0|000|15.990705|-1.000000|-1.000000|0.000000|-1|-1|0|1|-1|-1
394|82|43|HOH|A|315|1|0|000|13.713096|-1.000000|-1.000000|0.000000|-1|-1|0|1|-1|-1
394|83|43|HOH|A|316|1|0|000|14.118371|-1.000000|-1.000000|0.000000|-1|-1|0|1|-1|-1
394|84|43|HOH|A|317|1|0|000|10.868870|-1.000000|-1.000000|0.000000|-1|-1|0|1|-1|-1
394|85|43|HOH|A|318|1|0|000|16.405365|-1.000000|-1.000000|0.000000|-1|-1|0|1|-1|-1
394|86|43|HOH|A|319|1|0|000|10.642499|-1.000000|-1.000000|0.000000|-1|-1|0|1|-1|-1
394|87|43|HOH|A|320|1|0|000|9.839991|-1.000000|-1.000000|0.000000|-1|-1|0|1|-1|-1
394|88|43|HOH|A|321|1|0|000|9.799615|-1.000000|-1.000000|0.000000|-1|-1|0|1|-1|-1
394|89|43|HOH|A|322|1|0|000|13.102241|-1.000000|-1.000000|0.000000|-1|-1|0|1|-1|-1
394|90|43|HOH|A|323|1|0|000|7.968361|-1.000000|-1.000000|0.000000|-1|-1|0|1|-1|-1
394|91|43|HOH|A|324|1|0|000|9.075446|-1.000000|-1.000000|0.000000|-1|-1|0|1|-1|-1
394|92|43|HOH|A|325|1|0|000|9.746961|-1.000000|-1.000000|0.000000|-1|-1|0|1|-1|-1
394|93|43|HOH|A|326|1|0|000|13.883155|-1.000000|-1.000000|0.000000|-1|-1|0|1|-1|-1
394|94|43|HOH|A|327|1|0|000|13.164179|-1.000000|-1.000000|0.000000|-1|-1|0|1|-1|-1
394|95|43|HOH|A|328|1|0|000|14.653856|-1.000000|-1.000000|0.000000|-1|-1|0|1|-1|-1
394|96|43|HOH|A|329|1|0|000|8.616103|-1.000000|-1.000000|0.000000|-1|-1|0|1|-1|-1
394|97|43|HOH|A|330|1|0|000|14.404473|-1.000000|-1.000000|0.000000|-1|-1|0|1|-1|-1
394|98|43|HOH|A|331|1|0|000|13.654585|-1.000000|-1.000000|0.000000|-1|-1|0|1|-1|-1
394|99|43|HOH|A|332|1|0|000|9.446772|-1.000000|-1.000000|0.000000|-1|-1|0|1|-1|-1
394|100|43|HOH|A|333|1|0|000|12.222015|-1.000000|-1.000000|0.000000|-1|-1|0|1|-1|-1
394|101|43|HOH|A|334|1|0|000|14.085968|-1.000000|-1.000000|0.000000|-1|-1|0|1|-1|-1
394|102|43|HOH|A|335|1|0|000|13.505098|-1.000000|-1.000000|0.000000|-1|-1|0|1|-1|-1
394|103|43|HOH|A|336|1|0|000|13.433565|-1.000000|-1.000000|0.000000|-1|-1|0|1|-1|-1
394|104|43|HOH|A|337|1|0|000|10.218552|-1.000000|-1.000000|0.000000|-1|-1|0|1|-1|-1
394|105|43|HOH|A|338|1|0|000|13.751692|-1.000000|-1.000000|0.000000|-1|-1|0|1|-1|-1
394|106|43|HOH|A|339|1|0|000|11.933535|-1.000000|-1.000000|0.000000|-1|-1|0|1|-1|-1
394|107|43|HOH|A|340|1|0|000|16.402281|-1.000000|-1.000000|0.000000|-1|-1|0|1|-1|-1
394|108|43|HOH|A|341|1|0|000|11.036886|-1.000000|-1.000000|0.000000|-1|-1|0|1|-1|-1
394|109|43|HOH|A|342|1|0|000|17.116673|-1.000000|-1.000000|0.000000|-1|-1|0|1|-1|-1
394|110|43|HOH|A|343|1|0|000|9.399498|-1.000000|-1.000000|0.000000|-1|-1|0|1|-1|-1
394|111|43|HOH|A|344|1|0|000|12.283698|-1.000000|-1.000000|0.000000|-1|-1|0|1|-1|-1
394|112|43|HOH|A|345|1|0|000|13.496122|-1.000000|-1.000000|0.000000|-1|-1|0|1|-1|-1
394|113|43|HOH|A|346|1|0|000|12.771462|-1.000000|-1.000000|0.000000|-1|-1|0|1|-1|-1
394|114|43|HOH|A|347|1|0|000|10.982573|-1.000000|-1.000000|0.000000|-1|-1|0|1|-1|-1
394|115|43|HOH|A|348|1|0|000|11.103920|-1.000000|-1.000000|0.000000|-1|-1|0|1|-1|-1
394|116|43|HOH|A|349|1|0|000|10.127659|-1.000000|-1.000000|0.000000|-1|-1|0|1|-1|-1
394|117|43|HOH|A|350|1|0|000|13.483805|-1.000000|-1.000000|0.000000|-1|-1|0|1|-1|-1
394|118|43|HOH|A|351|1|0|000|14.393449|-1.000000|-1.000000|0.000000|-1|-1|0|1|-1|-1
394|119|43|HOH|A|352|1|0|000|13.149174|-1.000000|-1.000000|0.000000|-1|-1|0|1|-1|-1
394|120|43|HOH|A|353|1|0|000|9.455464|-1.000000|-1.000000|0.000000|-1|-1|0|1|-1|-1
394|121|43|HOH|A|354|1|0|000|11.027378|-1.000000|-1.000000|0.000000|-1|-1|0|1|-1|-1
394|122|43|HOH|A|355|1|0|000|10.683792|-1.000000|-1.000000|0.000000|-1|-1|0|1|-1|-1
394|123|43|HOH|A|356|1|0|000|12.671320|-1.000000|-1.000000|0.000000|-1|-1|0|1|-1|-1
394|124|43|HOH|A|357|1|0|000|13.367311|-1.000000|-1.000000|0.000000|-1|-1|0|1|-1|-1
394|125|43|HOH|A|358|1|0|000|18.304794|-1.000000|-1.000000|0.000000|-1|-1|0|1|-1|-1
394|126|43|HOH|A|359|1|0|000|17.668518|-1.000000|-1.000000|0.000000|-1|-1|0|1|-1|-1
394|127|43|HOH|A|360|1|0|000|13.158292|-1.000000|-1.000000|0.000000|-1|-1|0|1|-1|-1
394|128|43|HOH|A|361|1|0|000|14.394725|-1.000000|-1.000000|0.000000|-1|-1|0|1|-1|-1
394|129|43|HOH|A|362|1|0|000|19.043705|-1.000000|-1.000000|0.000000|-1|-1|0|1|-1|-1
394|130|43|HOH|A|363|1|0|000|13.351627|-1.000000|-1.000000|0.000000|-1|-1|0|1|-1|-1
394|131|43|HOH|A|364|1|0|000|10.616401|-1.000000|-1.000000|0.000000|-1|-1|0|1|-1|-1
394|132|43|HOH|A|365|1|0|000|16.691521|-1.000000|-1.000000|0.000000|-1|-1|0|1|-1|-1
