37|0|3|ALA|A|1|5|0|000|18.591673|-1.000000|-1.000000|0.000000|-1|-1|0|0|-1|1
37|1|13|THR|A|2|7|0|000|19.022028|-1.000000|-1.000000|0.000000|-1|-1|0|0|0|2
37|2|29|LYS|A|3|9|0|000|18.125046|-1.000000|-1.000000|0.000000|-1|-1|0|0|1|3
37|3|3|ALA|A|4|5|0|000|13.758867|-1.000000|-1.000000|0.000000|-1|-1|0|0|2|4
37|4|5|VAL|A|5|7|0|000|13.535058|-1.000000|-1.000000|0.000000|-1|-1|0|0|3|5
37|5|15|CYS|A|6|8|0|000|10.269718|-1.000000|-1.000000|0.000000|-1|-1|0|0|4|6
37|6|5|VAL|A|7|7|0|000|13.402899|-1.000000|-1.000000|0.000000|-1|-1|0|0|5|7
37|7|7|LEU|A|8|8|0|000|10.618962|-1.000000|-1.000000|0.000000|-1|-1|0|0|6|8
37|8|29|LYS|A|9|9|0|000|15.146952|-1.000000|-1.000000|0.000000|-1|-1|0|0|7|9
37|9|1|GLY|A|10|4|0|000|16.026119|-1.000000|-1.000000|0.000000|-1|-1|0|0|8|10
37|10|21|ASP|A|11|8|0|000|18.734657|-1.000000|-1.000000|0.000000|-1|-1|0|0|9|11
37|11|1|GLY|A|12|4|0|000|18.417288|-1.000000|-1.000000|0.000000|-1|-1|0|0|10|12
37|12|19|PRO|A|13|7|0|000|18.567461|-1.000000|-1.000000|0.000000|-1|-1|0|0|11|13
37|13|5|VAL|A|14|7|0|000|14.473461|-1.000000|-1.000000|0.000000|-1|-1|0|0|12|14
37|14|27|GLN|A|15|9|0|000|16.039639|-1.000000|-1.000000|0.000000|-1|-1|0|0|13|15
37|15|1|GLY|A|16|4|0|000|12.878248|-1.000000|-1.000000|0.000000|-1|-1|0|0|14|16
37|16|13|THR|A|17|7|0|000|13.399608|-1.000000|-1.000000|0.000000|-1|-1|0|0|15|17
37|17|9|ILE|A|18|8|0|000|9.726053|-1.000000|-1.000000|0.000000|-1|-1|0|0|16|18
37|18|33|HIS|A|19|10|0|000|13.669665|-1.000000|-1.000000|0.000000|-1|-1|0|0|17|19
37|19|35|PHE|A|20|11|0|000|10.451895|-1.000000|-1.000000|0.000000|-1|-1|0|0|18|20
37|20|25|GLU|A|21|9|0|000|16.644609|-1.000000|-1.000000|0.000000|-1|-1|0|0|19|21
37|21|3|ALA|A|22|5|0|000|17.070419|-1.000000|-1.000000|0.000000|-1|-1|0|0|20|22
37|22|29|LYS|A|23|9|0|000|19.039249|-1.000000|-1.000000|0.000000|-1|-1|0|0|21|23
37|23|1|GLY|A|24|4|0|000|19.855839|-1.000000|-1.000000|0.000000|-1|-1|0|0|22|24
37|24|21|ASP|A|25|8|0|000|18.479090|-1.000000|-1.000000|0.000000|-1|-1|0|0|23|25
37|25|13|THR|A|26|7|0|000|15.611079|-1.000000|-1.000000|0.000000|-1|-1|0|0|24|26
37|26|5|VAL|A|27|7|0|000|12.078695|-1.000000|-1.000000|0.000000|-1|-1|0|0|25|27
37|27|5|VAL|A|28|7|0|000|13.541621|-1.000000|-1.000000|0.000000|-1|-1|0|0|26|28
37|28|5|VAL|A|29|7|0|000|9.801196|-1.000000|-1.000000|0.000000|-1|-1|0|0|27|29
37|29|13|THR|A|30|7|0|000|12.683151|-1.000000|-1.000000|0.000000|-1|-1|0|0|28|30
37|30|1|GLY|A|31|4|0|000|12.963387|-1.000000|-1.000000|0.000000|-1|-1|0|0|29|31
37|31|11|SER|A|32|6|0|000|13.557327|-1.000000|-1.000000|0.000000|-1|-1|0|0|30|32
37|32|9|ILE|A|33|8|0|000|11.815456|-1.000000|-1.000000|0.000000|-1|-1|0|0|31|33
37|33|13|THR|A|34|7|0|000|16.086056|-1.000000|-1.000000|0.000000|-1|-1|0|0|32|34
37|34|1|GLY|A|35|4|0|000|17.060627|-1.000000|-1.000000|0.000000|-1|-1|0|0|33|35
37|35|7|LEU|A|36|8|0|000|14.810488|-1.000000|-1.000000|0.000000|-1|-1|0|0|34|36
37|36|13|THR|A|37|7|0|000|17.325916|-1.000000|-1.000000|0.000000|-1|-1|0|0|35|37
37|37|25|GLU|A|38|14|0|000|20.490507|-1.000000|-1.000000|0.000000|-1|-1|0|0|36|38
37|38|1|GLY|A|39|4|0|000|15.812848|-1.000000|-1.000000|0.000000|-1|-1|0|0|37|39
37|39|21|ASP|A|40|8|0|000|13.414106|-1.000000|-1.000000|0.000000|-1|-1|0|0|38|40
37|40|33|HIS|A|41|10|0|000|11.241074|-1.000000|-1.000000|0.000000|-1|-1|0|0|39|41
37|41|1|GLY|A|42|4|0|000|7.063940|-1.000000|-1.000000|0.000000|-1|-1|0|0|40|42
37|42|35|PHE|A|43|11|0|000|3.605064|-1.000000|-1.000000|0.000000|-1|-1|0|0|41|43
37|43|33|HIS|A|44|10|0|000|3.230946|-1.000000|-1.000000|0.000000|-1|-1|0|0|42|44
37|44|5|VAL|A|45|7|0|000|4.133103|-1.000000|-1.000000|0.000000|-1|-1|0|0|43|45
37|45|33|HIS|A|46|10|0|000|6.451687|-1.000000|-1.000000|0.000000|-1|-1|0|0|44|46
37|46|27|GLN|A|47|9|0|000|11.827094|-1.000000|-1.000000|0.000000|-1|-1|0|0|45|47
37|47|35|PHE|A|48|11|0|000|13.379196|-1.000000|-1.000000|0.000000|-1|-1|0|0|46|48
37|48|1|GLY|A|49|4|0|000|13.466210|-1.000000|-1.000000|0.000000|-1|-1|0|0|47|49
37|49|21|ASP|A|50|8|0|000|15.728066|-1.000000|-1.000000|0.000000|-1|-1|0|0|48|50
37|50|23|ASN|A|51|8|0|000|15.869333|-1.000000|-1.000000|0.000000|-1|-1|0|0|49|51
37|51|13|THR|A|52|7|0|000|19.338636|-1.000000|-1.000000|0.000000|-1|-1|0|0|50|52
37|52|27|GLN|A|53|9|0|000|18.748932|-1.000000|-1.000000|0.000000|-1|-1|0|0|51|53
37|53|1|GLY|A|54|4|0|000|15.356164|-1.000000|-1.000000|0.000000|-1|-1|0|0|52|54
37|54|15|CYS|A|55|6|0|000|12.187769|-1.000000|-1.000000|0.000000|-1|-1|0|0|53|55
37|55|13|THR|A|56|7|0|000|14.839089|-1.000000|-1.000000|0.000000|-1|-1|0|0|54|56
37|56|11|SER|A|57|6|0|000|14.889104|-1.000000|-1.000000|0.000000|-1|-1|0|0|55|57
37|57|3|ALA|A|58|5|0|000|11.227244|-1.000000|-1.000000|0.000000|-1|-1|0|0|56|58
37|58|1|GLY|A|59|4|0|000|11.500566|-1.000000|-1.000000|0.000000|-1|-1|0|0|57|59
37|59|19|PRO|A|60|7|0|000|11.059147|-1.000000|-1.000000|0.000000|-1|-1|0|0|58|60
37|60|33|HIS|A|61|10|0|000|7.746869|-1.000000|-1.000000|0.000000|-1|-1|0|0|59|61
37|61|35|PHE|A|62|11|0|000|9.509263|-1.000000|-1.000000|0.000000|-1|-1|0|0|60|62
37|62|23|ASN|A|63|8|0|000|12.651088|-1.000000|-1.000000|0.000000|-1|-1|0|0|61|63
37|63|19|PRO|A|64|7|0|000|14.359294|-1.000000|-1.000000|0.000000|-1|-1|0|0|62|64
37|64|7|LEU|A|65|8|0|000|16.387383|-1.000000|-1.000000|0.000000|-1|-1|0|0|63|65
37|65|11|SER|A|66|6|0|000|17.334898|-1.000000|-1.000000|0.000000|-1|-1|0|0|64|66
37|66|29|LYS|A|67|9|0|000|15.771645|-1.000000|-1.000000|0.000000|-1|-1|0|0|65|67
37|67|29|LYS|A|68|14|0|000|17.302141|-1.000000|-1.000000|0.000000|-1|-1|0|0|66|68
37|68|33|HIS|A|69|10|0|000|11.226659|-1.000000|-1.000000|0.000000|-1|-1|0|0|67|69
37|69|1|GLY|A|70|4|0|000|11.204815|-1.000000|-1.000000|0.000000|-1|-1|0|0|68|70
37|70|1|GLY|A|71|4|0|000|11.210317|-1.000000|-1.000000|0.000000|-1|-1|0|0|69|71
37|71|19|PRO|A|72|7|0|000|10.346828|-1.000000|-1.000000|0.000000|-1|-1|0|0|70|72
37|72|29|LYS|A|73|9|0|000|14.901488|-1.000000|-1.000000|0.000000|-1|-1|0|0|71|73
37|73|21|ASP|A|74|8|0|000|14.816682|-1.000000|-1.000000|0.000000|-1|-1|0|0|72|74
37|74|25|GLU|A|75|9|0|000|18.317480|-1.000000|-1.000000|0.000000|-1|-1|0|0|73|75
37|75|25|GLU|A|76|9|0|000|16.468132|-1.000000|-1.000000|0.000000|-1|-1|0|0|74|76
37|76|31|ARG|A|77|11|0|000|10.912673|-1.000000|-1.000000|0.000000|-1|-1|0|0|75|77
37|77|33|HIS|A|78|10|0|000|10.110090|-1.000000|-1.000000|0.000000|-1|-1|0|0|76|78
37|78|5|VAL|A|79|7|0|000|9.325577|-1.000000|-1.000000|0.000000|-1|-1|0|0|77|79
37|79|1|GLY|A|80|4|0|000|5.334417|-1.000000|-1.000000|0.000000|-1|-1|0|0|78|80
37|80|21|ASP|A|81|8|0|000|6.833090|-1.000000|-1.000000|0.000000|-1|-1|0|0|79|81
37|81|7|LEU|A|82|8|0|000|4.793405|-1.000000|-1.000000|0.000000|-1|-1|0|0|80|82
37|82|1|GLY|A|83|4|0|000|6.805890|-1.000000|-1.000000|0.000000|-1|-1|0|0|81|83
37|83|23|ASN|A|84|8|0|000|9.420976|-1.000000|-1.000000|0.000000|-1|-1|0|0|82|84
37|84|5|VAL|A|85|7|0|000|9.350656|-1.000000|-1.000000|0.000000|-1|-1|0|0|83|85
37|85|13|THR|A|86|7|0|000|13.861961|-1.000000|-1.000000|0.000000|-1|-1|0|0|84|86
37|86|3|ALA|A|87|5|0|000|15.911608|-1.000000|-1.000000|0.000000|-1|-1|0|0|85|87
37|87|21|ASP|A|88|8|0|000|19.483929|-1.000000|-1.000000|0.000000|-1|-1|0|0|86|88
37|88|29|LYS|A|89|9|0|000|23.230263|-1.000000|-1.000000|0.000000|-1|-1|0|0|87|89
37|89|23|ASN|A|90|8|0|000|22.124523|-1.000000|-1.000000|0.000000|-1|-1|0|0|88|90
37|90|1|GLY|A|91|4|0|000|18.052643|-1.000000|-1.000000|0.000000|-1|-1|0|0|89|91
37|91|5|VAL|A|92|7|0|000|17.282902|-1.000000|-1.000000|0.000000|-1|-1|0|0|90|92
37|92|3|ALA|A|93|5|0|000|13.574037|-1.000000|-1.000000|0.000000|-1|-1|0|0|91|93
37|93|9|ILE|A|94|9|0|000|15.059028|-1.000000|-1.000000|0.000000|-1|-1|0|0|92|94
37|94|5|VAL|A|95|7|0|000|10.847067|-1.000000|-1.000000|0.000000|-1|-1|0|0|93|95
37|95|21|ASP|A|96|8|0|000|13.514216|-1.000000|-1.000000|0.000000|-1|-1|0|0|94|96
37|96|9|ILE|A|97|8|0|000|9.828801|-1.000000|-1.000000|0.000000|-1|-1|0|0|95|97
37|97|5|VAL|A|98|7|0|000|13.195250|-1.000000|-1.000000|0.000000|-1|-1|0|0|96|98
37|98|21|ASP|A|99|8|0|000|10.621335|-1.000000|-1.000000|0.000000|-1|-1|0|0|97|99
37|99|19|PRO|A|100|7|0|000|13.726577|-1.000000|-1.000000|0.000000|-1|-1|0|0|98|100
37|100|7|LEU|A|101|12|0|000|12.122165|-1.000000|-1.000000|0.000000|-1|-1|0|0|99|101
37|101|9|ILE|A|102|8|0|000|9.504720|-1.000000|-1.000000|0.000000|-1|-1|0|0|100|102
37|102|11|SER|A|103|8|0|000|13.211539|-1.000000|-1.000000|0.000000|-1|-1|0|0|101|103
37|103|7|LEU|A|104|8|0|000|13.962202|-1.000000|-1.000000|0.000000|-1|-1|0|0|102|104
37|104|11|SER|A|105|6|0|000|17.103886|-1.000000|-1.000000|0.000000|-1|-1|0|0|103|105
37|105|1|GLY|A|106|4|0|000|17.602205|-1.000000|-1.000000|0.000000|-1|-1|0|0|104|106
37|106|25|GLU|A|107|14|0|000|18.820498|-1.000000|-1.000000|0.000000|-1|-1|0|0|105|107
37|107|37|TYR|A|108|12|0|000|14.654263|-1.000000|-1.000000|0.000000|-1|-1|0|0|106|108
37|108|11|SER|A|109|6|0|000|13.158526|-1.000000|-1.000000|0.000000|-1|-1|0|0|107|109
37|109|9|ILE|A|110|8|0|000|9.400025|-1.000000|-1.000000|0.000000|-1|-1|0|0|108|110
37|110|9|ILE|A|111|8|0|000|13.389941|-1.000000|-1.000000|0.000000|-1|-1|0|0|109|111
37|111|1|GLY|A|112|4|0|000|12.805056|-1.000000|-1.000000|0.000000|-1|-1|0|0|110|112
37|112|31|ARG|A|113|11|0|000|10.808452|-1.000000|-1.000000|0.000000|-1|-1|0|0|111|113
37|113|13|THR|A|114|7|0|000|7.778130|-1.000000|-1.000000|0.000000|-1|-1|0|0|112|114
37|114|17|MET|A|115|12|0|000|4.464648|-1.000000|-1.000000|0.000000|-1|-1|0|0|113|115
37|115|5|VAL|A|116|7|0|000|5.376715|-1.000000|-1.000000|0.000000|-1|-1|0|0|114|116
37|116|5|VAL|A|117|7|0|000|7.640827|-1.000000|-1.000000|0.000000|-1|-1|0|0|115|117
37|117|33|HIS|A|118|10|0|000|8.383530|-1.000000|-1.000000|0.000000|-1|-1|0|0|116|118
37|118|25|GLU|A|119|9|0|000|14.468401|-1.000000|-1.000000|0.000000|-1|-1|0|0|117|119
37|119|29|LYS|A|120|9|0|000|14.381119|-1.000000|-1.000000|0.000000|-1|-1|0|0|118|120
37|120|19|PRO|A|121|7|0|000|13.199830|-1.000000|-1.000000|0.000000|-1|-1|0|0|119|121
37|121|21|ASP|A|122|8|0|000|10.187037|-1.000000|-1.000000|0.000000|-1|-1|0|0|120|122
37|122|21|ASP|A|123|8|0|000|14.445090|-1.000000|-1.000000|0.000000|-1|-1|0|0|121|123
37|123|7|LEU|A|124|8|0|000|12.739041|-1.000000|-1.000000|0.000000|-1|-1|0|0|122|124
37|124|1|GLY|A|125|4|0|000|15.596542|-1.000000|-1.000000|0.000000|-1|-1|0|0|123|125
37|125|31|ARG|A|126|11|0|000|17.456888|-1.000000|-1.000000|0.000000|-1|-1|0|0|124|126
37|126|1|GLY|A|127|4|0|000|19.571913|-1.000000|-1.000000|0.000000|-1|-1|0|0|125|127
37|127|1|GLY|A|128|4|0|000|21.929785|-1.000000|-1.000000|0.000000|-1|-1|0|0|126|128
37|128|23|ASN|A|129|8|0|000|20.368795|-1.000000|-1.000000|0.000000|-1|-1|0|0|127|129
37|129|25|GLU|A|130|9|0|000|20.465225|-1.000000|-1.000000|0.000000|-1|-1|0|0|128|130
37|130|25|GLU|A|131|9|0|000|16.493628|-1.000000|-1.000000|0.000000|-1|-1|0|0|129|131
37|131|11|SER|A|132|6|0|000|15.721502|-1.000000|-1.000000|0.000000|-1|-1|0|0|130|132
37|132|13|THR|A|133|7|0|000|16.245682|-1.000000|-1.000000|0.000000|-1|-1|0|0|131|133
37|133|29|LYS|A|134|9|0|000|15.287043|-1.000000|-1.000000|0.000000|-1|-1|0|0|132|134
37|134|13|THR|A|135|7|0|000|11.513844|-1.000000|-1.000000|0.000000|-1|-1|0|0|133|135
37|135|1|GLY|A|136|4|0|000|12.302340|-1.000000|-1.000000|0.000000|-1|-1|0|0|134|136
37|136|23|ASN|A|137|8|0|000|14.912322|-1.000000|-1.000000|0.000000|-1|-1|0|0|135|137
37|137|3|ALA|A|138|5|0|000|11.293836|-1.000000|-1.000000|0.000000|-1|-1|0|0|136|138
37|138|1|GLY|A|139|4|0|000|12.603532|-1.000000|-1.000000|0.000000|-1|-1|0|0|137|139
37|139|11|SER|A|140|6|0|000|13.279449|-1.000000|-1.000000|0.000000|-1|-1|0|0|138|140
37|140|31|ARG|A|141|11|0|000|10.647042|-1.000000|-1.000000|0.000000|-1|-1|0|0|139|141
37|141|7|LEU|A|142|8|0|000|12.503030|-1.000000|-1.000000|0.000000|-1|-1|0|0|140|142
37|142|3|ALA|A|143|5|0|000|10.403264|-1.000000|-1.000000|0.000000|-1|-1|0|0|141|143
37|143|15|CYS|A|144|6|0|000|10.163758|-1.000000|-1.000000|0.000000|-1|-1|0|0|142|144
37|144|1|GLY|A|145|4|0|000|9.788377|-1.000000|-1.000000|0.000000|-1|-1|0|0|143|145
37|145|5|VAL|A|146|7|0|000|12.050314|-1.000000|-1.000000|0.000000|-1|-1|0|0|144|146
37|146|9|ILE|A|147|8|0|000|10.223477|-1.000000|-1.000000|0.000000|-1|-1|0|0|145|147
37|147|1|GLY|A|148|4|0|000|14.220977|-1.000000|-1.000000|0.000000|-1|-1|0|0|146|148
37|148|9|ILE|A|149|8|0|000|17.816723|-1.000000|-1.000000|0.000000|-1|-1|0|0|147|149
37|149|3|ALA|A|150|5|0|000|18.449894|-1.000000|-1.000000|0.000000|-1|-1|0|0|148|150
37|150|29|LYS|A|151|10|0|000|23.342476|-1.000000|-1.000000|0.000000|-1|-1|0|0|149|-1
37|151|53|ACE|B|0|3|0|000|21.285200|-1.000000|-1.000000|0.000000|-1|-1|0|6|-1|-1
37|152|3|ALA|B|1|5|0|000|18.850145|-1.000000|-1.000000|0.000000|-1|-1|0|4|-1|153
37|153|13|THR|B|2|7|0|000|19.155439|-1.000000|-1.000000|0.000000|-1|-1|0|4|152|154
37|154|29|LYS|B|3|9|0|000|18.306156|-1.000000|-1.000000|0.000000|-1|-1|0|4|153|155
37|155|3|ALA|B|4|5|0|000|13.906585|-1.000000|-1.000000|0.000000|-1|-1|0|4|154|156
37|156|5|VAL|B|5|7|0|000|13.704423|-1.000000|-1.000000|0.000000|-1|-1|0|4|155|157
37|157|15|CYS|B|6|9|0|000|10.558502|-1.000000|-1.000000|0.000000|-1|-1|0|4|156|158
37|158|5|VAL|B|7|7|0|000|13.533188|-1.000000|-1.000000|0.000000|-1|-1|0|4|157|159
37|159|7|LEU|B|8|8|0|000|10.675514|-1.000000|-1.000000|0.000000|-1|-1|0|4|158|160
37|160|29|LYS|B|9|9|0|000|15.270990|-1.000000|-1.000000|0.000000|-1|-1|0|4|159|161
37|161|1|GLY|B|10|4|0|000|16.101749|-1.000000|-1.000000|0.000000|-1|-1|0|4|160|162
37|162|21|ASP|B|11|8|0|000|18.785753|-1.000000|-1.000000|0.000000|-1|-1|0|4|161|163
37|163|1|GLY|B|12|4|0|000|18.411310|-1.000000|-1.000000|0.000000|-1|-1|0|4|162|164
37|164|19|PRO|B|13|7|0|000|18.433453|-1.000000|-1.000000|0.000000|-1|-1|0|4|163|165
37|165|5|VAL|B|14|7|0|000|14.407009|-1.000000|-1.000000|0.000000|-1|-1|0|4|164|166
37|166|27|GLN|B|15|9|0|000|16.175850|-1.000000|-1.000000|0.000000|-1|-1|0|4|165|167
37|167|1|GLY|B|16|4|0|000|12.922594|-1.000000|-1.000000|0.000000|-1|-1|0|4|166|168
37|168|13|THR|B|17|7|0|000|13.336592|-1.000000|-1.000000|0.000000|-1|-1|0|4|167|169
37|169|9|ILE|B|18|8|0|000|9.637881|-1.000000|-1.000000|0.000000|-1|-1|0|4|168|170
37|170|33|HIS|B|19|10|0|000|13.540320|-1.000000|-1.000000|0.000000|-1|-1|0|4|169|171
37|171|35|PHE|B|20|11|0|000|10.458848|-1.000000|-1.000000|0.000000|-1|-1|0|4|170|172
37|172|25|GLU|B|21|9|0|000|16.617788|-1.000000|-1.000000|0.000000|-1|-1|0|4|171|173
37|173|3|ALA|B|22|5|0|000|17.400667|-1.000000|-1.000000|0.000000|-1|-1|0|4|172|174
37|174|29|LYS|B|23|9|0|000|18.662394|-1.000000|-1.000000|0.000000|-1|-1|0|4|173|175
37|175|1|GLY|B|24|4|0|000|20.867067|-1.000000|-1.000000|0.000000|-1|-1|0|4|174|176
37|176|21|ASP|B|25|8|0|000|20.527143|-1.000000|-1.000000|0.000000|-1|-1|0|4|175|177
37|177|13|THR|B|26|7|0|000|16.037685|-1.000000|-1.000000|0.000000|-1|-1|0|4|176|178
37|178|5|VAL|B|27|7|0|000|12.656301|-1.000000|-1.000000|0.000000|-1|-1|0|4|177|179
37|179|5|VAL|B|28|10|0|000|13.850742|-1.000000|-1.000000|0.000000|-1|-1|0|4|178|180
37|180|5|VAL|B|29|7|0|000|9.616677|-1.000000|-1.000000|0.000000|-1|-1|0|4|179|181
37|181|13|THR|B|30|7|0|000|12.453780|-1.000000|-1.000000|0.000000|-1|-1|0|4|180|182
37|182|1|GLY|B|31|4|0|000|12.772751|-1.000000|-1.000000|0.000000|-1|-1|0|4|181|183
37|183|11|SER|B|32|6|0|000|13.461549|-1.000000|-1.000000|0.000000|-1|-1|0|4|182|184
37|184|9|ILE|B|33|8|0|000|11.692651|-1.000000|-1.000000|0.000000|-1|-1|0|4|183|185
37|185|13|THR|B|34|7|0|000|15.973829|-1.000000|-1.000000|0.000000|-1|-1|0|4|184|186
37|186|1|GLY|B|35|4|0|000|16.901239|-1.000000|-1.000000|0.000000|-1|-1|0|4|185|187
37|187|7|LEU|B|36|8|0|000|14.554740|-1.000000|-1.000000|0.000000|-1|-1|0|4|186|188
37|188|13|THR|B|37|7|0|000|17.000984|-1.000000|-1.000000|0.000000|-1|-1|0|4|187|189
37|189|25|GLU|B|38|9|0|000|19.504181|-1.000000|-1.000000|0.000000|-1|-1|0|4|188|190
37|190|1|GLY|B|39|4|0|000|15.384309|-1.000000|-1.000000|0.000000|-1|-1|0|4|189|191
37|191|21|ASP|B|40|8|0|000|13.007470|-1.000000|-1.000000|0.000000|-1|-1|0|4|190|192
37|192|33|HIS|B|41|10|0|000|10.855729|-1.000000|-1.000000|0.000000|-1|-1|0|4|191|193
37|193|1|GLY|B|42|4|0|000|6.740034|-1.000000|-1.000000|0.000000|-1|-1|0|4|192|194
37|194|35|PHE|B|43|11|0|000|3.274428|-1.000000|-1.000000|0.000000|-1|-1|0|4|193|195
37|195|33|HIS|B|44|10|0|000|3.174294|-1.000000|-1.000000|0.000000|-1|-1|0|4|194|196
37|196|5|VAL|B|45|7|0|000|4.520824|-1.000000|-1.000000|0.000000|-1|-1|0|4|195|197
37|197|33|HIS|B|46|10|0|000|6.781164|-1.000000|-1.000000|0.000000|-1|-1|0|4|196|198
37|198|27|GLN|B|47|9|0|000|12.184209|-1.000000|-1.000000|0.000000|-1|-1|0|4|197|199
37|199|35|PHE|B|48|11|0|000|13.735887|-1.000000|-1.000000|0.000000|-1|-1|0|4|198|200
37|200|1|GLY|B|49|4|0|000|13.813798|-1.000000|-1.000000|0.000000|-1|-1|0|4|199|201
37|201|21|ASP|B|50|8|0|000|15.997809|-1.000000|-1.000000|0.000000|-1|-1|0|4|200|202
37|202|23|ASN|B|51|8|0|000|16.145321|-1.000000|-1.000000|0.000000|-1|-1|0|4|201|203
37|203|13|THR|B|52|7|0|000|19.615061|-1.000000|-1.000000|0.000000|-1|-1|0|4|202|204
37|204|27|GLN|B|53|9|0|000|19.093018|-1.000000|-1.000000|0.000000|-1|-1|0|4|203|205
37|205|1|GLY|B|54|4|0|000|15.691839|-1.000000|-1.000000|0.000000|-1|-1|0|4|204|206
37|206|15|CYS|B|55|6|0|000|12.400210|-1.000000|-1.000000|0.000000|-1|-1|0|4|205|207
37|207|13|THR|B|56|7|0|000|14.994687|-1.000000|-1.000000|0.000000|-1|-1|0|4|206|208
37|208|11|SER|B|57|6|0|000|15.156375|-1.000000|-1.000000|0.000000|-1|-1|0|4|207|209
37|209|3|ALA|B|58|5|0|000|11.537745|-1.000000|-1.000000|0.000000|-1|-1|0|4|208|210
37|210|1|GLY|B|59|4|0|000|11.776814|-1.000000|-1.000000|0.000000|-1|-1|0|4|209|211
37|211|19|PRO|B|60|7|0|000|11.382042|-1.000000|-1.000000|0.000000|-1|-1|0|4|210|212
37|212|33|HIS|B|61|10|0|000|7.886875|-1.000000|-1.000000|0.000000|-1|-1|0|4|211|213
37|213|35|PHE|B|62|11|0|000|9.893902|-1.000000|-1.000000|0.000000|-1|-1|0|4|212|214
37|214|23|ASN|B|63|8|0|000|12.903368|-1.000000|-1.000000|0.000000|-1|-1|0|4|213|215
37|215|19|PRO|B|64|7|0|000|14.711161|-1.000000|-1.000000|0.000000|-1|-1|0|4|214|216
37|216|7|LEU|B|65|8|0|000|16.644251|-1.000000|-1.000000|0.000000|-1|-1|0|4|215|217
37|217|11|SER|B|66|6|0|000|17.526110|-1.000000|-1.000000|0.000000|-1|-1|0|4|216|218
37|218|29|LYS|B|67|9|0|000|15.851893|-1.000000|-1.000000|0.000000|-1|-1|0|4|217|219
37|219|29|LYS|B|68|9|0|000|16.965845|-1.000000|-1.000000|0.000000|-1|-1|0|4|218|220
37|220|33|HIS|B|69|10|0|000|11.154168|-1.000000|-1.000000|0.000000|-1|-1|0|4|219|221
37|221|1|GLY|B|70|4|0|000|11.108782|-1.000000|-1.000000|0.000000|-1|-1|0|4|220|222
37|222|1|GLY|B|71|4|0|000|11.109370|-1.000000|-1.000000|0.000000|-1|-1|0|4|221|223
37|223|19|PRO|B|72|7|0|000|10.214828|-1.000000|-1.000000|0.000000|-1|-1|0|4|222|224
37|224|29|LYS|B|73|9|0|000|14.674835|-1.000000|-1.000000|0.000000|-1|-1|0|4|223|225
37|225|21|ASP|B|74|8|0|000|14.731556|-1.000000|-1.000000|0.000000|-1|-1|0|4|224|226
37|226|25|GLU|B|75|9|0|000|17.649961|-1.000000|-1.000000|0.000000|-1|-1|0|4|225|227
37|227|25|GLU|B|76|9|0|000|16.516926|-1.000000|-1.000000|0.000000|-1|-1|0|4|226|228
37|228|31|ARG|B|77|11|0|000|10.927739|-1.000000|-1.000000|0.000000|-1|-1|0|4|227|229
37|229|33|HIS|B|78|10|0|000|10.192413|-1.000000|-1.000000|0.000000|-1|-1|0|4|228|230
37|230|5|VAL|B|79|7|0|000|9.506207|-1.000000|-1.000000|0.000000|-1|-1|0|4|229|231
37|231|1|GLY|B|80|4|0|000|5.487474|-1.000000|-1.000000|0.000000|-1|-1|0|4|230|232
37|232|21|ASP|B|81|8|0|000|6.806243|-1.000000|-1.000000|0.000000|-1|-1|0|4|231|233
37|233|7|LEU|B|82|8|0|000|4.553587|-1.000000|-1.000000|0.000000|-1|-1|0|4|232|234
37|234|1|GLY|B|83|4|0|000|6.455360|-1.000000|-1.000000|0.000000|-1|-1|0|4|233|235
37|235|23|ASN|B|84|8|0|000|9.063584|-1.000000|-1.000000|0.000000|-1|-1|0|4|234|236
37|236|5|VAL|B|85|7|0|000|8.954667|-1.000000|-1.000000|0.000000|-1|-1|0|4|235|237
37|237|13|THR|B|86|7|0|000|13.453387|-1.000000|-1.000000|0.000000|-1|-1|0|4|236|238
37|238|3|ALA|B|87|5|0|000|15.483573|-1.000000|-1.000000|0.000000|-1|-1|0|4|237|239
37|239|21|ASP|B|88|8|0|000|19.111870|-1.000000|-1.000000|0.000000|-1|-1|0|4|238|240
37|240|29|LYS|B|89|9|0|000|23.507622|-1.000000|-1.000000|0.000000|-1|-1|0|4|239|241
37|241|23|ASN|B|90|8|0|000|22.228231|-1.000000|-1.000000|0.000000|-1|-1|0|4|240|242
37|242|1|GLY|B|91|4|0|000|17.746910|-1.000000|-1.000000|0.000000|-1|-1|0|4|241|243
37|243|5|VAL|B|92|7|0|000|17.043104|-1.000000|-1.000000|0.000000|-1|-1|0|4|242|244
37|244|3|ALA|B|93|5|0|000|13.339933|-1.000000|-1.000000|0.000000|-1|-1|0|4|243|245
37|245|9|ILE|B|94|8|0|000|14.559802|-1.000000|-1.000000|0.000000|-1|-1|0|4|244|246
37|246|5|VAL|B|95|7|0|000|10.577094|-1.000000|-1.000000|0.000000|-1|-1|0|4|245|247
37|247|21|ASP|B|96|8|0|000|13.176646|-1.000000|-1.000000|0.000000|-1|-1|0|4|246|248
37|248|9|ILE|B|97|8|0|000|9.472845|-1.000000|-1.000000|0.000000|-1|-1|0|4|247|249
37|249|5|VAL|B|98|7|0|000|12.807343|-1.000000|-1.000000|0.000000|-1|-1|0|4|248|250
37|250|21|ASP|B|99|8|0|000|10.396020|-1.000000|-1.000000|0.000000|-1|-1|0|4|249|251
37|251|19|PRO|B|100|7|0|000|13.454396|-1.000000|-1.000000|0.000000|-1|-1|0|4|250|252
37|252|7|LEU|B|101|8|0|000|12.149619|-1.000000|-1.000000|0.000000|-1|-1|0|4|251|253
37|253|9|ILE|B|102|8|0|000|9.900150|-1.000000|-1.000000|0.000000|-1|-1|0|4|252|254
37|254|11|SER|B|103|6|0|000|13.198691|-1.000000|-1.000000|0.000000|-1|-1|0|4|253|255
37|255|7|LEU|B|104|8|0|000|14.432674|-1.000000|-1.000000|0.000000|-1|-1|0|4|254|256
37|256|11|SER|B|105|6|0|000|17.951246|-1.000000|-1.000000|0.000000|-1|-1|0|4|255|257
37|257|1|GLY|B|106|4|0|000|17.878229|-1.000000|-1.000000|0.000000|-1|-1|0|4|256|258
37|258|25|GLU|B|107|9|0|000|18.131018|-1.000000|-1.000000|0.000000|-1|-1|0|4|257|259
37|259|37|TYR|B|108|12|0|000|14.864649|-1.000000|-1.000000|0.000000|-1|-1|0|4|258|260
37|260|11|SER|B|109|6|0|000|13.511405|-1.000000|-1.000000|0.000000|-1|-1|0|4|259|261
37|261|9|ILE|B|110|8|0|000|9.698411|-1.000000|-1.000000|0.000000|-1|-1|0|4|260|262
37|262|9|ILE|B|111|8|0|000|13.757924|-1.000000|-1.000000|0.000000|-1|-1|0|4|261|263
37|263|1|GLY|B|112|4|0|000|13.158970|-1.000000|-1.000000|0.000000|-1|-1|0|4|262|264
37|264|31|ARG|B|113|11|0|000|11.098252|-1.000000|-1.000000|0.000000|-1|-1|0|4|263|265
37|265|13|THR|B|114|7|0|000|8.129803|-1.000000|-1.000000|0.000000|-1|-1|0|4|264|266
37|266|17|MET|B|115|12|0|000|4.685997|-1.000000|-1.000000|0.000000|-1|-1|0|4|265|267
37|267|5|VAL|B|116|7|0|000|5.413941|-1.000000|-1.000000|0.000000|-1|-1|0|4|266|268
37|268|5|VAL|B|117|7|0|000|7.478246|-1.000000|-1.000000|0.000000|-1|-1|0|4|267|269
37|269|33|HIS|B|118|10|0|000|8.215714|-1.000000|-1.000000|0.000000|-1|-1|0|4|268|270
37|270|25|GLU|B|119|9|0|000|14.404087|-1.000000|-1.000000|0.000000|-1|-1|0|4|269|271
37|271|29|LYS|B|120|9|0|000|14.356363|-1.000000|-1.000000|0.000000|-1|-1|0|4|270|272
37|272|19|PRO|B|121|7|0|000|12.886229|-1.000000|-1.000000|0.000000|-1|-1|0|4|271|273
37|273|21|ASP|B|122|8|0|000|9.928457|-1.000000|-1.000000|0.000000|-1|-1|0|4|272|274
37|274|21|ASP|B|123|8|0|000|14.210878|-1.000000|-1.000000|0.000000|-1|-1|0|4|273|275
37|275|7|LEU|B|124|8|0|000|12.540115|-1.000000|-1.000000|0.000000|-1|-1|0|4|274|276
37|276|1|GLY|B|125|4|0|000|15.193749|-1.000000|-1.000000|0.000000|-1|-1|0|4|275|277
37|277|31|ARG|B|126|11|0|000|17.315123|-1.000000|-1.000000|0.000000|-1|-1|0|4|276|278
37|278|1|GLY|B|127|4|0|000|19.349943|-1.000000|-1.000000|0.000000|-1|-1|0|4|277|279
37|279|1|GLY|B|128|4|0|000|21.517647|-1.000000|-1.000000|0.000000|-1|-1|0|4|278|280
37|280|23|ASN|B|129|8|0|000|20.033764|-1.000000|-1.000000|0.000000|-1|-1|0|4|279|281
37|281|25|GLU|B|130|9|0|000|20.170694|-1.000000|-1.000000|0.000000|-1|-1|0|4|280|282
37|282|25|GLU|B|131|9|0|000|16.232094|-1.000000|-1.000000|0.000000|-1|-1|0|4|281|283
37|283|11|SER|B|132|6|0|000|15.474638|-1.000000|-1.000000|0.000000|-1|-1|0|4|282|284
37|284|13|THR|B|133|7|0|000|16.214085|-1.000000|-1.000000|0.000000|-1|-1|0|4|283|285
37|285|29|LYS|B|134|9|0|000|14.915596|-1.000000|-1.000000|0.000000|-1|-1|0|4|284|286
37|286|13|THR|B|135|7|0|000|11.326923|-1.000000|-1.000000|0.000000|-1|-1|0|4|285|287
37|287|1|GLY|B|136|4|0|000|12.149329|-1.000000|-1.000000|0.000000|-1|-1|0|4|286|288
37|288|23|ASN|B|137|8|0|000|14.770103|-1.000000|-1.000000|0.000000|-1|-1|0|4|287|289
37|289|3|ALA|B|138|5|0|000|11.040610|-1.000000|-1.000000|0.000000|-1|-1|0|4|288|290
37|290|1|GLY|B|139|4|0|000|12.378117|-1.000000|-1.000000|0.000000|-1|-1|0|4|289|291
37|291|11|SER|B|140|8|0|000|13.625847|-1.000000|-1.000000|0.000000|-1|-1|0|4|290|292
37|292|31|ARG|B|141|11|0|000|10.666637|-1.000000|-1.000000|0.000000|-1|-1|0|4|291|293
37|293|7|LEU|B|142|8|0|000|12.511309|-1.000000|-1.000000|0.000000|-1|-1|0|4|292|294
37|294|3|ALA|B|143|5|0|000|10.407382|-1.000000|-1.000000|0.000000|-1|-1|0|4|293|295
37|295|15|CYS|B|144|6|0|000|10.307981|-1.000000|-1.000000|0.000000|-1|-1|0|4|294|296
37|296|1|GLY|B|145|4|0|000|10.056371|-1.000000|-1.000000|0.000000|-1|-1|0|4|295|297
37|297|5|VAL|B|146|7|0|000|12.357412|-1.000000|-1.000000|0.000000|-1|-1|0|4|296|298
37|298|9|ILE|B|147|8|0|000|10.545687|-1.000000|-1.000000|0.000000|-1|-1|0|4|297|299
37|299|1|GLY|B|148|4|0|000|14.512441|-1.000000|-1.000000|0.000000|-1|-1|0|4|298|300
37|300|9|ILE|B|149|8|0|000|18.075277|-1.000000|-1.000000|0.000000|-1|-1|0|4|299|301
37|301|3|ALA|B|150|5|0|000|18.680758|-1.000000|-1.000000|0.000000|-1|-1|0|4|300|302
37|302|29|LYS|B|151|10|0|000|23.455194|-1.000000|-1.000000|0.000000|-1|-1|0|4|301|-1
37|303|46|_CU|A|152|1|1|000|5.546861|-1.000000|-1.000000|0.000000|-1|-1|0|2|-1|-1
37|304|46|_ZN|A|153|1|1|000|8.483839|-1.000000|-1.000000|0.000000|-1|-1|0|3|-1|-1
37|305|46|_CU|B|152|2|1|000|6.002619|-1.000000|-1.000000|0.000000|-1|-1|0|7|-1|-1
37|306|46|_ZN|B|153|1|1|000|8.490982|-1.000000|-1.000000|0.000000|-1|-1|0|8|-1|-1
37|307|43|HOH|A|2482|1|0|000|14.043430|-1.000000|-1.000000|0.000000|-1|-1|0|1|-1|-1
37|308|43|HOH|A|3001|1|0|000|13.304681|-1.000000|-1.000000|0.000000|-1|-1|0|1|-1|-1
37|309|43|HOH|A|3010|1|0|000|13.267323|-1.000000|-1.000000|0.000000|-1|-1|0|1|-1|-1
37|310|43|HOH|A|3022|1|0|000|16.604061|-1.000000|-1.000000|0.000000|-1|-1|0|1|-1|-1
37|311|43|HOH|A|3028|1|0|000|12.703938|-1.000000|-1.000000|0.000000|-1|-1|0|1|-1|-1
37|312|43|HOH|A|3029|1|0|000|9.746449|-1.000000|-1.000000|0.000000|-1|-1|0|1|-1|-1
37|313|43|HOH|A|3035|1|0|000|14.141555|-1.000000|-1.000000|0.000000|-1|-1|0|1|-1|-1
37|314|43|HOH|A|3037|1|0|000|13.967472|-1.000000|-1.000000|0.000000|-1|-1|0|1|-1|-1
37|315|43|HOH|A|3041|1|0|000|17.656889|-1.000000|-1.000000|0.000000|-1|-1|0|1|-1|-1
37|316|43|HOH|A|3047|1|0|000|15.187156|-1.000000|-1.000000|0.000000|-1|-1|0|1|-1|-1
37|317|43|HOH|A|3049|1|0|000|7.527500|-1.000000|-1.000000|0.000000|-1|-1|0|1|-1|-1
37|318|43|HOH|A|3050|1|0|000|11.102109|-1.000000|-1.000000|0.000000|-1|-1|0|1|-1|-1
37|319|43|HOH|A|3054|1|0|000|16.555691|-1.000000|-1.000000|0.000000|-1|-1|0|1|-1|-1
37|320|43|HOH|A|3056|1|0|000|12.468615|-1.000000|-1.000000|0.000000|-1|-1|0|1|-1|-1
37|321|43|HOH|A|3060|1|0|000|14.893927|-1.000000|-1.000000|0.000000|-1|-1|0|1|-1|-1
37|322|43|HOH|A|3062|1|0|000|21.532639|-1.000000|-1.000000|0.000000|-1|-1|0|1|-1|-1
37|323|43|HOH|A|3063|1|0|000|15.748437|-1.000000|-1.000000|0.000000|-1|-1|0|1|-1|-1
37|324|43|HOH|A|3068|1|0|000|12.402584|-1.000000|-1.000000|0.000000|-1|-1|0|1|-1|-1
37|325|43|HOH|A|3070|1|0|000|23.316204|-1.000000|-1.000000|0.000000|-1|-1|0|1|-1|-1
37|326|43|HOH|A|3071|1|0|000|8.826069|-1.000000|-1.000000|0.000000|-1|-1|0|1|-1|-1
37|327|43|HOH|A|3075|1|0|000|16.404968|-1.000000|-1.000000|0.000000|-1|-1|0|1|-1|-1
37|328|43|HOH|A|3078|1|0|000|15.237989|-1.000000|-1.000000|0.000000|-1|-1|0|1|-1|-1
37|329|43|HOH|A|3085|1|0|000|12.954979|-1.000000|-1.000000|0.000000|-1|-1|0|1|-1|-1
37|330|43|HOH|A|3088|1|0|000|15.783474|-1.000000|-1.000000|0.000000|-1|-1|0|1|-1|-1
37|331|43|HOH|A|3092|1|0|000|18.053720|-1.000000|-1.000000|0.000000|-1|-1|0|1|-1|-1
37|332|43|HOH|A|3093|1|0|000|20.457073|-1.000000|-1.000000|0.000000|-1|-1|0|1|-1|-1
37|333|43|HOH|A|3097|1|0|000|18.060677|-1.000000|-1.000000|0.000000|-1|-1|0|1|-1|-1
37|334|43|HOH|A|3098|1|0|000|16.451780|-1.000000|-1.000000|0.000000|-1|-1|0|1|-1|-1
37|335|43|HOH|A|3099|1|0|000|10.686502|-1.000000|-1.000000|0.000000|-1|-1|0|1|-1|-1
37|336|43|HOH|A|3100|1|0|000|22.254904|-1.000000|-1.000000|0.000000|-1|-1|0|1|-1|-1
37|337|43|HOH|A|3102|1|0|000|14.264785|-1.000000|-1.000000|0.000000|-1|-1|0|1|-1|-1
37|338|43|HOH|A|3104|1|0|000|13.311639|-1.000000|-1.000000|0.000000|-1|-1|0|1|-1|-1
37|339|43|HOH|A|3105|1|0|000|12.153871|-1.000000|-1.000000|0.000000|-1|-1|0|1|-1|-1
37|340|43|HOH|A|3106|1|0|000|15.195237|-1.000000|-1.000000|0.000000|-1|-1|0|1|-1|-1
37|341|43|HOH|A|3108|1|0|000|20.021151|-1.000000|-1.000000|0.000000|-1|-1|0|1|-1|-1
37|342|43|HOH|A|3111|1|0|000|18.289782|-1.000000|-1.000000|0.000000|-1|-1|0|1|-1|-1
37|343|43|HOH|A|3116|1|0|000|19.481195|-1.000000|-1.000000|0.000000|-1|-1|0|1|-1|-1
37|344|43|HOH|A|3117|1|0|000|10.517434|-1.000000|-1.000000|0.000000|-1|-1|0|1|-1|-1
37|345|43|HOH|A|3119|1|0|000|19.218742|-1.000000|-1.000000|0.000000|-1|-1|0|1|-1|-1
37|346|43|HOH|A|3121|1|0|000|14.549289|-1.000000|-1.000000|0.000000|-1|-1|0|1|-1|-1
37|347|43|HOH|A|3122|1|0|000|25.833309|-1.000000|-1.000000|0.000000|-1|-1|0|1|-1|-1
37|348|43|HOH|A|3124|1|0|000|15.030639|-1.000000|-1.000000|0.000000|-1|-1|0|1|-1|-1
37|349|43|HOH|A|3129|1|0|000|19.417719|-1.000000|-1.000000|0.000000|-1|-1|0|1|-1|-1
37|350|43|HOH|A|3130|1|0|000|15.670274|-1.000000|-1.000000|0.000000|-1|-1|0|1|-1|-1
37|351|43|HOH|A|3131|1|0|000|15.377857|-1.000000|-1.000000|0.000000|-1|-1|0|1|-1|-1
37|352|43|HOH|A|3133|1|0|000|17.600573|-1.000000|-1.000000|0.000000|-1|-1|0|1|-1|-1
37|353|43|HOH|A|3134|1|0|000|10.845239|-1.000000|-1.000000|0.000000|-1|-1|0|1|-1|-1
37|354|43|HOH|A|3136|1|0|000|14.080586|-1.000000|-1.000000|0.000000|-1|-1|0|1|-1|-1
37|355|43|HOH|A|3137|1|0|000|15.715852|-1.000000|-1.000000|0.000000|-1|-1|0|1|-1|-1
37|356|43|HOH|A|3138|1|0|000|8.955447|-1.000000|-1.000000|0.000000|-1|-1|0|1|-1|-1
37|357|43|HOH|A|3140|1|0|000|27.665909|-1.000000|-1.000000|0.000000|-1|-1|0|1|-1|-1
37|358|43|HOH|A|3141|1|0|000|11.952236|-1.000000|-1.000000|0.000000|-1|-1|0|1|-1|-1
37|359|43|HOH|A|3142|1|0|000|17.199100|-1.000000|-1.000000|0.000000|-1|-1|0|1|-1|-1
37|360|43|HOH|A|3143|1|0|000|10.771834|-1.000000|-1.000000|0.000000|-1|-1|0|1|-1|-1
37|361|43|HOH|A|3146|1|0|000|10.429899|-1.000000|-1.000000|0.000000|-1|-1|0|1|-1|-1
37|362|43|HOH|A|3147|1|0|000|20.542933|-1.000000|-1.000000|0.000000|-1|-1|0|1|-1|-1
37|363|43|HOH|A|3150|1|0|000|20.600597|-1.000000|-1.000000|0.000000|-1|-1|0|1|-1|-1
37|364|43|HOH|A|3151|1|0|000|16.814631|-1.000000|-1.000000|0.000000|-1|-1|0|1|-1|-1
37|365|43|HOH|A|3152|1|0|000|10.485687|-1.000000|-1.000000|0.000000|-1|-1|0|1|-1|-1
37|366|43|HOH|A|3153|1|0|000|15.886275|-1.000000|-1.000000|0.000000|-1|-1|0|1|-1|-1
37|367|43|HOH|A|3154|1|0|000|14.640075|-1.000000|-1.000000|0.000000|-1|-1|0|1|-1|-1
37|368|43|HOH|A|3157|1|0|000|9.841474|-1.000000|-1.000000|0.000000|-1|-1|0|1|-1|-1
37|369|43|HOH|A|3158|1|0|000|14.161137|-1.000000|-1.000000|0.000000|-1|-1|0|1|-1|-1
37|370|43|HOH|A|3159|1|0|000|12.689530|-1.000000|-1.000000|0.000000|-1|-1|0|1|-1|-1
37|371|43|HOH|A|3160|1|0|000|16.189953|-1.000000|-1.000000|0.000000|-1|-1|0|1|-1|-1
37|372|43|HOH|A|3165|1|0|000|16.846025|-1.000000|-1.000000|0.000000|-1|-1|0|1|-1|-1
37|373|43|HOH|A|3167|1|0|000|14.465127|-1.000000|-1.000000|0.000000|-1|-1|0|1|-1|-1
37|374|43|HOH|A|3170|1|0|000|13.791591|-1.000000|-1.000000|0.000000|-1|-1|0|1|-1|-1
37|375|43|HOH|A|3172|1|0|000|18.903385|-1.000000|-1.000000|0.000000|-1|-1|0|1|-1|-1
37|376|43|HOH|A|3173|1|0|000|16.667475|-1.000000|-1.000000|0.000000|-1|-1|0|1|-1|-1
37|377|43|HOH|A|3175|1|0|000|11.749224|-1.000000|-1.000000|0.000000|-1|-1|0|1|-1|-1
37|378|43|HOH|A|3184|1|0|000|14.934998|-1.000000|-1.000000|0.000000|-1|-1|0|1|-1|-1
37|379|43|HOH|A|3191|1|0|000|13.564091|-1.000000|-1.000000|0.000000|-1|-1|0|1|-1|-1
37|380|43|HOH|A|3192|1|0|000|11.637748|-1.000000|-1.000000|0.000000|-1|-1|0|1|-1|-1
37|381|43|HOH|A|3196|1|0|000|14.974575|-1.000000|-1.000000|0.000000|-1|-1|0|1|-1|-1
37|382|43|HOH|A|3198|1|0|000|20.447596|-1.000000|-1.000000|0.000000|-1|-1|0|1|-1|-1
37|383|43|HOH|A|3200|1|0|000|15.477291|-1.000000|-1.000000|0.000000|-1|-1|0|1|-1|-1
37|384|43|HOH|A|3202|1|0|000|11.715717|-1.000000|-1.000000|0.000000|-1|-1|0|1|-1|-1
37|385|43|HOH|A|3203|1|0|000|16.801270|-1.000000|-1.000000|0.000000|-1|-1|0|1|-1|-1
37|386|43|HOH|A|3205|1|0|000|16.904615|-1.000000|-1.000000|0.000000|-1|-1|0|1|-1|-1
37|387|43|HOH|A|3206|1|0|000|16.721529|-1.000000|-1.000000|0.000000|-1|-1|0|1|-1|-1
37|388|43|HOH|A|3209|1|0|000|15.076503|-1.000000|-1.000000|0.000000|-1|-1|0|1|-1|-1
37|389|43|HOH|A|3210|1|0|000|21.780586|-1.000000|-1.000000|0.000000|-1|-1|0|1|-1|-1
37|390|43|HOH|A|3211|1|0|000|15.643992|-1.000000|-1.000000|0.000000|-1|-1|0|1|-1|-1
37|391|43|HOH|A|3212|1|0|000|16.214520|-1.000000|-1.000000|0.000000|-1|-1|0|1|-1|-1
37|392|43|HOH|A|3215|1|0|000|12.433002|-1.000000|-1.000000|0.000000|-1|-1|0|1|-1|-1
37|393|43|HOH|A|3217|1|0|000|13.980756|-1.000000|-1.000000|0.000000|-1|-1|0|1|-1|-1
37|394|43|HOH|A|3219|1|0|000|19.184765|-1.000000|-1.000000|0.000000|-1|-1|0|1|-1|-1
37|395|43|HOH|A|3220|1|0|000|13.402634|-1.000000|-1.000000|0.000000|-1|-1|0|1|-1|-1
37|396|43|HOH|A|3222|1|0|000|21.078842|-1.000000|-1.000000|0.000000|-1|-1|0|1|-1|-1
37|397|43|HOH|A|3223|1|0|000|18.642689|-1.000000|-1.000000|0.000000|-1|-1|0|1|-1|-1
37|398|43|HOH|A|3224|1|0|000|17.780502|-1.000000|-1.000000|0.000000|-1|-1|0|1|-1|-1
37|399|43|HOH|A|3225|1|0|000|19.968119|-1.000000|-1.000000|0.000000|-1|-1|0|1|-1|-1
37|400|43|HOH|A|3227|1|0|000|15.249547|-1.000000|-1.000000|0.000000|-1|-1|0|1|-1|-1
37|401|43|HOH|A|3229|1|0|000|16.014668|-1.000000|-1.000000|0.000000|-1|-1|0|1|-1|-1
37|402|43|HOH|A|3230|1|0|000|14.123300|-1.000000|-1.000000|0.000000|-1|-1|0|1|-1|-1
37|403|43|HOH|A|3234|1|0|000|16.182356|-1.000000|-1.000000|0.000000|-1|-1|0|1|-1|-1
37|404|43|HOH|A|3235|1|0|000|18.438387|-1.000000|-1.000000|0.000000|-1|-1|0|1|-1|-1
37|405|43|HOH|A|3238|1|0|000|16.555592|-1.000000|-1.000000|0.000000|-1|-1|0|1|-1|-1
37|406|43|HOH|A|3240|1|0|000|19.556257|-1.000000|-1.000000|0.000000|-1|-1|0|1|-1|-1
37|407|43|HOH|A|3248|1|0|000|18.797064|-1.000000|-1.000000|0.000000|-1|-1|0|1|-1|-1
37|408|43|HOH|A|3250|1|0|000|16.714279|-1.000000|-1.000000|0.000000|-1|-1|0|1|-1|-1
37|409|43|HOH|A|3251|1|0|000|15.694258|-1.000000|-1.000000|0.000000|-1|-1|0|1|-1|-1
37|410|43|HOH|A|3252|1|0|000|17.784374|-1.000000|-1.000000|0.000000|-1|-1|0|1|-1|-1
37|411|43|HOH|A|3254|1|0|000|19.574839|-1.000000|-1.000000|0.000000|-1|-1|0|1|-1|-1
37|412|43|HOH|A|3255|1|0|000|14.538214|-1.000000|-1.000000|0.000000|-1|-1|0|1|-1|-1
37|413|43|HOH|A|3256|1|0|000|20.254511|-1.000000|-1.000000|0.000000|-1|-1|0|1|-1|-1
37|414|43|HOH|A|3257|1|0|000|16.821209|-1.000000|-1.000000|0.000000|-1|-1|0|1|-1|-1
37|415|43|HOH|A|3260|1|0|000|17.512825|-1.000000|-1.000000|0.000000|-1|-1|0|1|-1|-1
37|416|43|HOH|A|3261|1|0|000|15.545506|-1.000000|-1.000000|0.000000|-1|-1|0|1|-1|-1
37|417|43|HOH|A|3262|1|0|000|15.569816|-1.000000|-1.000000|0.000000|-1|-1|0|1|-1|-1
37|418|43|HOH|A|3263|1|0|000|22.440428|-1.000000|-1.000000|0.000000|-1|-1|0|1|-1|-1
37|419|43|HOH|A|3264|1|0|000|17.946444|-1.000000|-1.000000|0.000000|-1|-1|0|1|-1|-1
37|420|43|HOH|A|3265|1|0|000|18.236238|-1.000000|-1.000000|0.000000|-1|-1|0|1|-1|-1
37|421|43|HOH|A|3266|1|0|000|19.022228|-1.000000|-1.000000|0.000000|-1|-1|0|1|-1|-1
37|422|43|HOH|A|3267|1|0|000|15.769129|-1.000000|-1.000000|0.000000|-1|-1|0|1|-1|-1
37|423|43|HOH|A|3268|1|0|000|15.154340|-1.000000|-1.000000|0.000000|-1|-1|0|1|-1|-1
37|424|43|HOH|A|3269|1|0|000|13.888314|-1.000000|-1.000000|0.000000|-1|-1|0|1|-1|-1
37|425|43|HOH|A|3272|1|0|000|14.093372|-1.000000|-1.000000|0.000000|-1|-1|0|1|-1|-1
37|426|43|HOH|A|3276|1|0|000|15.068955|-1.000000|-1.000000|0.000000|-1|-1|0|1|-1|-1
37|427|43|HOH|A|3278|1|0|000|17.438938|-1.000000|-1.000000|0.000000|-1|-1|0|1|-1|-1
37|428|43|HOH|A|3279|1|0|000|15.084932|-1.000000|-1.000000|0.000000|-1|-1|0|1|-1|-1
37|429|43|HOH|A|3281|1|0|000|13.157019|-1.000000|-1.000000|0.000000|-1|-1|0|1|-1|-1
37|430|43|HOH|A|3282|1|0|000|16.238708|-1.000000|-1.000000|0.000000|-1|-1|0|1|-1|-1
37|431|43|HOH|A|3283|1|0|000|18.919962|-1.000000|-1.000000|0.000000|-1|-1|0|1|-1|-1
37|432|43|HOH|A|3285|1|0|000|14.546582|-1.000000|-1.000000|0.000000|-1|-1|0|1|-1|-1
37|433|43|HOH|A|3286|1|0|000|22.826485|-1.000000|-1.000000|0.000000|-1|-1|0|1|-1|-1
37|434|43|HOH|A|3289|1|0|000|16.137724|-1.000000|-1.000000|0.000000|-1|-1|0|1|-1|-1
37|435|43|HOH|A|3294|1|0|000|15.942345|-1.000000|-1.000000|0.000000|-1|-1|0|1|-1|-1
37|436|43|HOH|A|3295|1|0|000|16.478617|-1.000000|-1.000000|0.000000|-1|-1|0|1|-1|-1
37|437|43|HOH|A|3296|1|0|000|18.569233|-1.000000|-1.000000|0.000000|-1|-1|0|1|-1|-1
37|438|43|HOH|A|3297|1|0|000|13.072674|-1.000000|-1.000000|0.000000|-1|-1|0|1|-1|-1
37|439|43|HOH|A|3299|1|0|000|18.701010|-1.000000|-1.000000|0.000000|-1|-1|0|1|-1|-1
37|440|43|HOH|A|3304|1|0|000|14.152032|-1.000000|-1.000000|0.000000|-1|-1|0|1|-1|-1
37|441|43|HOH|A|3307|1|0|000|18.007572|-1.000000|-1.000000|0.000000|-1|-1|0|1|-1|-1
37|442|43|HOH|A|3308|1|0|000|18.958345|-1.000000|-1.000000|0.000000|-1|-1|0|1|-1|-1
37|443|43|HOH|A|3309|1|0|000|21.077679|-1.000000|-1.000000|0.000000|-1|-1|0|1|-1|-1
37|444|43|HOH|A|3311|1|0|000|13.312746|-1.000000|-1.000000|0.000000|-1|-1|0|1|-1|-1
37|445|43|HOH|A|3312|1|0|000|15.382273|-1.000000|-1.000000|0.000000|-1|-1|0|1|-1|-1
37|446|43|HOH|A|3316|1|0|000|12.593097|-1.000000|-1.000000|0.000000|-1|-1|0|1|-1|-1
37|447|43|HOH|A|3317|1|0|000|18.094210|-1.000000|-1.000000|0.000000|-1|-1|0|1|-1|-1
37|448|43|HOH|A|3322|1|0|000|19.449696|-1.000000|-1.000000|0.000000|-1|-1|0|1|-1|-1
37|449|43|HOH|A|3323|1|0|000|21.138359|-1.000000|-1.000000|0.000000|-1|-1|0|1|-1|-1
37|450|43|HOH|A|3325|1|0|000|17.224415|-1.000000|-1.000000|0.000000|-1|-1|0|1|-1|-1
37|451|43|HOH|A|3329|1|0|000|17.869749|-1.000000|-1.000000|0.000000|-1|-1|0|1|-1|-1
37|452|43|HOH|A|3334|1|0|000|23.777853|-1.000000|-1.000000|0.000000|-1|-1|0|1|-1|-1
37|453|43|HOH|A|3336|1|0|000|18.447332|-1.000000|-1.000000|0.000000|-1|-1|0|1|-1|-1
37|454|43|HOH|A|3337|1|0|000|16.269970|-1.000000|-1.000000|0.000000|-1|-1|0|1|-1|-1
37|455|43|HOH|A|3338|1|0|000|18.316313|-1.000000|-1.000000|0.000000|-1|-1|0|1|-1|-1
37|456|43|HOH|A|3339|1|0|000|21.150272|-1.000000|-1.000000|0.000000|-1|-1|0|1|-1|-1
37|457|43|HOH|A|3340|1|0|000|24.077421|-1.000000|-1.000000|0.000000|-1|-1|0|1|-1|-1
37|458|43|HOH|A|3341|1|0|000|16.643305|-1.000000|-1.000000|0.000000|-1|-1|0|1|-1|-1
37|459|43|HOH|A|3346|1|0|000|17.966084|-1.000000|-1.000000|0.000000|-1|-1|0|1|-1|-1
37|460|43|HOH|A|3348|1|0|000|19.726032|-1.000000|-1.000000|0.000000|-1|-1|0|1|-1|-1
37|461|43|HOH|A|3350|1|0|000|18.522625|-1.000000|-1.000000|0.000000|-1|-1|0|1|-1|-1
37|462|43|HOH|A|3352|1|0|000|21.306374|-1.000000|-1.000000|0.000000|-1|-1|0|1|-1|-1
37|463|43|HOH|A|3353|1|0|000|22.762487|-1.000000|-1.000000|0.000000|-1|-1|0|1|-1|-1
37|464|43|HOH|A|3356|1|0|000|21.216526|-1.000000|-1.000000|0.000000|-1|-1|0|1|-1|-1
37|465|43|HOH|A|3359|1|0|000|17.901794|-1.000000|-1.000000|0.000000|-1|-1|0|1|-1|-1
37|466|43|HOH|A|3362|1|0|000|18.258947|-1.000000|-1.000000|0.000000|-1|-1|0|1|-1|-1
37|467|43|HOH|A|3363|1|0|000|16.033323|-1.000000|-1.000000|0.000000|-1|-1|0|1|-1|-1
37|468|43|HOH|A|3364|1|0|000|15.934270|-1.000000|-1.000000|0.000000|-1|-1|0|1|-1|-1
37|469|43|HOH|A|3367|1|0|000|20.873777|-1.000000|-1.000000|0.000000|-1|-1|0|1|-1|-1
37|470|43|HOH|A|3373|1|0|000|12.818168|-1.000000|-1.000000|0.000000|-1|-1|0|1|-1|-1
37|471|43|HOH|A|3374|1|0|000|17.690916|-1.000000|-1.000000|0.000000|-1|-1|0|1|-1|-1
37|472|43|HOH|A|3375|1|0|000|17.272995|-1.000000|-1.000000|0.000000|-1|-1|0|1|-1|-1
37|473|43|HOH|A|3378|1|0|000|21.944105|-1.000000|-1.000000|0.000000|-1|-1|0|1|-1|-1
37|474|43|HOH|A|3381|1|0|000|22.608158|-1.000000|-1.000000|0.000000|-1|-1|0|1|-1|-1
37|475|43|HOH|A|3382|1|0|000|14.846217|-1.000000|-1.000000|0.000000|-1|-1|0|1|-1|-1
37|476|43|HOH|A|3383|1|0|000|17.942619|-1.000000|-1.000000|0.000000|-1|-1|0|1|-1|-1
37|477|43|HOH|A|3384|1|0|000|18.326248|-1.000000|-1.000000|0.000000|-1|-1|0|1|-1|-1
37|478|43|HOH|A|3385|1|0|000|21.160868|-1.000000|-1.000000|0.000000|-1|-1|0|1|-1|-1
37|479|43|HOH|A|3387|1|0|000|17.457243|-1.000000|-1.000000|0.000000|-1|-1|0|1|-1|-1
37|480|43|HOH|A|3388|1|0|000|15.678493|-1.000000|-1.000000|0.000000|-1|-1|0|1|-1|-1
37|481|43|HOH|A|3389|1|0|000|23.253786|-1.000000|-1.000000|0.000000|-1|-1|0|1|-1|-1
37|482|43|HOH|A|3392|1|0|000|17.512184|-1.000000|-1.000000|0.000000|-1|-1|0|1|-1|-1
37|483|43|HOH|A|3393|1|0|000|21.980247|-1.000000|-1.000000|0.000000|-1|-1|0|1|-1|-1
37|484|43|HOH|A|3394|1|0|000|25.302410|-1.000000|-1.000000|0.000000|-1|-1|0|1|-1|-1
37|485|43|HOH|A|3395|1|0|000|17.684200|-1.000000|-1.000000|0.000000|-1|-1|0|1|-1|-1
37|486|43|HOH|A|3397|1|0|000|18.774422|-1.000000|-1.000000|0.000000|-1|-1|0|1|-1|-1
37|487|43|HOH|A|3400|1|0|000|15.468858|-1.000000|-1.000000|0.000000|-1|-1|0|1|-1|-1
37|488|43|HOH|A|3401|1|0|000|22.567535|-1.000000|-1.000000|0.000000|-1|-1|0|1|-1|-1
37|489|43|HOH|A|3402|1|0|000|16.118839|-1.000000|-1.000000|0.000000|-1|-1|0|1|-1|-1
37|490|43|HOH|A|3405|1|0|000|20.156593|-1.000000|-1.000000|0.000000|-1|-1|0|1|-1|-1
37|491|43|HOH|A|3409|1|0|000|20.227524|-1.000000|-1.000000|0.000000|-1|-1|0|1|-1|-1
37|492|43|HOH|A|3410|1|0|000|18.521183|-1.000000|-1.000000|0.000000|-1|-1|0|1|-1|-1
37|493|43|HOH|A|3413|1|0|000|20.049667|-1.000000|-1.000000|0.000000|-1|-1|0|1|-1|-1
37|494|43|HOH|A|3414|1|0|000|14.197239|-1.000000|-1.000000|0.000000|-1|-1|0|1|-1|-1
37|495|43|HOH|A|3417|1|0|000|15.936534|-1.000000|-1.000000|0.000000|-1|-1|0|1|-1|-1
37|496|43|HOH|A|3418|1|0|000|15.770449|-1.000000|-1.000000|0.000000|-1|-1|0|1|-1|-1
37|497|43|HOH|A|3419|1|0|000|18.359867|-1.000000|-1.000000|0.000000|-1|-1|0|1|-1|-1
37|498|43|HOH|A|3421|1|0|000|16.386223|-1.000000|-1.000000|0.000000|-1|-1|0|1|-1|-1
37|499|43|HOH|A|3423|1|0|000|20.108688|-1.000000|-1.000000|0.000000|-1|-1|0|1|-1|-1
37|500|43|HOH|A|3424|1|0|000|18.927807|-1.000000|-1.000000|0.000000|-1|-1|0|1|-1|-1
37|501|43|HOH|A|3425|1|0|000|16.701740|-1.000000|-1.000000|0.000000|-1|-1|0|1|-1|-1
37|502|43|HOH|A|3429|1|0|000|19.030237|-1.000000|-1.000000|0.000000|-1|-1|0|1|-1|-1
37|503|43|HOH|A|3430|1|0|000|17.509741|-1.000000|-1.000000|0.000000|-1|-1|0|1|-1|-1
37|504|43|HOH|A|3431|1|0|000|21.945356|-1.000000|-1.000000|0.000000|-1|-1|0|1|-1|-1
37|505|43|HOH|A|3433|1|0|000|21.021477|-1.000000|-1.000000|0.000000|-1|-1|0|1|-1|-1
37|506|43|HOH|A|3436|1|0|000|15.969883|-1.000000|-1.000000|0.000000|-1|-1|0|1|-1|-1
37|507|43|HOH|A|3438|1|0|000|18.125015|-1.000000|-1.000000|0.000000|-1|-1|0|1|-1|-1
37|508|43|HOH|A|3439|1|0|000|16.198221|-1.000000|-1.000000|0.000000|-1|-1|0|1|-1|-1
37|509|43|HOH|A|3442|1|0|000|21.773073|-1.000000|-1.000000|0.000000|-1|-1|0|1|-1|-1
37|510|43|HOH|A|3443|1|0|000|20.456331|-1.000000|-1.000000|0.000000|-1|-1|0|1|-1|-1
37|511|43|HOH|A|3444|1|0|000|16.904305|-1.000000|-1.000000|0.000000|-1|-1|0|1|-1|-1
37|512|43|HOH|A|3447|1|0|000|17.681862|-1.000000|-1.000000|0.000000|-1|-1|0|1|-1|-1
37|513|43|HOH|A|3451|1|0|000|16.789656|-1.000000|-1.000000|0.000000|-1|-1|0|1|-1|-1
37|514|43|HOH|A|3452|1|0|000|15.522747|-1.000000|-1.000000|0.000000|-1|-1|0|1|-1|-1
37|515|43|HOH|A|3453|1|0|000|16.351175|-1.000000|-1.000000|0.000000|-1|-1|0|1|-1|-1
37|516|43|HOH|A|3454|1|0|000|23.836267|-1.000000|-1.000000|0.000000|-1|-1|0|1|-1|-1
37|517|43|HOH|A|3455|1|0|000|19.162848|-1.000000|-1.000000|0.000000|-1|-1|0|1|-1|-1
37|518|43|HOH|A|3457|1|0|000|20.191595|-1.000000|-1.000000|0.000000|-1|-1|0|1|-1|-1
37|519|43|HOH|A|3461|1|0|000|19.788773|-1.000000|-1.000000|0.000000|-1|-1|0|1|-1|-1
37|520|43|HOH|A|3462|1|0|000|16.438564|-1.000000|-1.000000|0.000000|-1|-1|0|1|-1|-1
37|521|43|HOH|A|3464|1|0|000|16.976986|-1.000000|-1.000000|0.000000|-1|-1|0|1|-1|-1
37|522|43|HOH|A|3466|1|0|000|23.012991|-1.000000|-1.000000|0.000000|-1|-1|0|1|-1|-1
37|523|43|HOH|A|3468|1|0|000|17.349907|-1.000000|-1.000000|0.000000|-1|-1|0|1|-1|-1
37|524|43|HOH|A|3469|1|0|000|24.696829|-1.000000|-1.000000|0.000000|-1|-1|0|1|-1|-1
37|525|43|HOH|A|3471|1|0|000|21.561861|-1.000000|-1.000000|0.000000|-1|-1|0|1|-1|-1
37|526|43|HOH|A|3476|1|0|000|19.727043|-1.000000|-1.000000|0.000000|-1|-1|0|1|-1|-1
37|527|43|HOH|A|3478|1|0|000|22.294186|-1.000000|-1.000000|0.000000|-1|-1|0|1|-1|-1
37|528|43|HOH|A|3480|1|0|000|18.251602|-1.000000|-1.000000|0.000000|-1|-1|0|1|-1|-1
37|529|43|HOH|A|3481|1|0|000|20.627062|-1.000000|-1.000000|0.000000|-1|-1|0|1|-1|-1
37|530|43|HOH|A|3484|1|0|000|16.425602|-1.000000|-1.000000|0.000000|-1|-1|0|1|-1|-1
37|531|43|HOH|A|3485|1|0|000|18.056631|-1.000000|-1.000000|0.000000|-1|-1|0|1|-1|-1
37|532|43|HOH|A|3486|1|0|000|18.385237|-1.000000|-1.000000|0.000000|-1|-1|0|1|-1|-1
37|533|43|HOH|A|3487|1|0|000|20.645241|-1.000000|-1.000000|0.000000|-1|-1|0|1|-1|-1
37|534|43|HOH|A|3494|1|0|000|16.749645|-1.000000|-1.000000|0.000000|-1|-1|0|1|-1|-1
37|535|43|HOH|A|3498|1|0|000|16.030087|-1.000000|-1.000000|0.000000|-1|-1|0|1|-1|-1
37|536|43|HOH|A|3499|1|0|000|20.595745|-1.000000|-1.000000|0.000000|-1|-1|0|1|-1|-1
37|537|43|HOH|A|3500|1|0|000|20.505121|-1.000000|-1.000000|0.000000|-1|-1|0|1|-1|-1
37|538|43|HOH|A|3502|1|0|000|19.169371|-1.000000|-1.000000|0.000000|-1|-1|0|1|-1|-1
37|539|43|HOH|A|3503|1|0|000|21.732424|-1.000000|-1.000000|0.000000|-1|-1|0|1|-1|-1
37|540|43|HOH|A|3504|1|0|000|15.384055|-1.000000|-1.000000|0.000000|-1|-1|0|1|-1|-1
37|541|43|HOH|A|3509|1|0|000|15.938167|-1.000000|-1.000000|0.000000|-1|-1|0|1|-1|-1
37|542|43|HOH|A|3511|1|0|000|23.526520|-1.000000|-1.000000|0.000000|-1|-1|0|1|-1|-1
37|543|43|HOH|A|3512|1|0|000|26.894661|-1.000000|-1.000000|0.000000|-1|-1|0|1|-1|-1
37|544|43|HOH|A|3514|1|0|000|24.769747|-1.000000|-1.000000|0.000000|-1|-1|0|1|-1|-1
37|545|43|HOH|A|3516|1|0|000|23.575266|-1.000000|-1.000000|0.000000|-1|-1|0|1|-1|-1
37|546|43|HOH|A|3517|1|0|000|21.219984|-1.000000|-1.000000|0.000000|-1|-1|0|1|-1|-1
37|547|43|HOH|A|3518|1|0|000|18.566568|-1.000000|-1.000000|0.000000|-1|-1|0|1|-1|-1
37|548|43|HOH|A|3522|1|0|000|23.941345|-1.000000|-1.000000|0.000000|-1|-1|0|1|-1|-1
37|549|43|HOH|A|3523|1|0|000|22.221210|-1.000000|-1.000000|0.000000|-1|-1|0|1|-1|-1
37|550|43|HOH|A|3527|1|0|000|17.056149|-1.000000|-1.000000|0.000000|-1|-1|0|1|-1|-1
37|551|43|HOH|A|3530|1|0|000|20.416780|-1.000000|-1.000000|0.000000|-1|-1|0|1|-1|-1
37|552|43|HOH|A|3531|1|0|000|19.621901|-1.000000|-1.000000|0.000000|-1|-1|0|1|-1|-1
37|553|43|HOH|A|3533|1|0|000|15.551429|-1.000000|-1.000000|0.000000|-1|-1|0|1|-1|-1
37|554|43|HOH|A|3534|1|0|000|24.273357|-1.000000|-1.000000|0.000000|-1|-1|0|1|-1|-1
37|555|43|HOH|A|3535|1|0|000|16.512407|-1.000000|-1.000000|0.000000|-1|-1|0|1|-1|-1
37|556|43|HOH|A|3536|1|0|000|18.593260|-1.000000|-1.000000|0.000000|-1|-1|0|1|-1|-1
37|557|43|HOH|A|3537|1|0|000|18.700499|-1.000000|-1.000000|0.000000|-1|-1|0|1|-1|-1
37|558|43|HOH|A|3539|1|0|000|21.501455|-1.000000|-1.000000|0.000000|-1|-1|0|1|-1|-1
37|559|43|HOH|A|3542|1|0|000|16.778294|-1.000000|-1.000000|0.000000|-1|-1|0|1|-1|-1
37|560|43|HOH|A|3545|1|0|000|15.866450|-1.000000|-1.000000|0.000000|-1|-1|0|1|-1|-1
37|561|43|HOH|A|3546|1|0|000|16.956583|-1.000000|-1.000000|0.000000|-1|-1|0|1|-1|-1
37|562|43|HOH|A|3547|1|0|000|21.600517|-1.000000|-1.000000|0.000000|-1|-1|0|1|-1|-1
37|563|43|HOH|A|3548|1|0|000|19.060020|-1.000000|-1.000000|0.000000|-1|-1|0|1|-1|-1
37|564|43|HOH|A|3549|1|0|000|22.481102|-1.000000|-1.000000|0.000000|-1|-1|0|1|-1|-1
37|565|43|HOH|A|3550|1|0|000|23.508595|-1.000000|-1.000000|0.000000|-1|-1|0|1|-1|-1
37|566|43|HOH|A|3553|1|0|000|26.043728|-1.000000|-1.000000|0.000000|-1|-1|0|1|-1|-1
37|567|43|HOH|B|3002|1|0|000|16.933212|-1.000000|-1.000000|0.000000|-1|-1|0|5|-1|-1
37|568|43|HOH|B|3003|1|0|000|12.912500|-1.000000|-1.000000|0.000000|-1|-1|0|5|-1|-1
37|569|43|HOH|B|3004|1|0|000|14.600308|-1.000000|-1.000000|0.000000|-1|-1|0|5|-1|-1
37|570|43|HOH|B|3005|1|0|000|16.885859|-1.000000|-1.000000|0.000000|-1|-1|0|5|-1|-1
37|571|43|HOH|B|3006|1|0|000|13.993114|-1.000000|-1.000000|0.000000|-1|-1|0|5|-1|-1
37|572|43|HOH|B|3007|1|0|000|13.380703|-1.000000|-1.000000|0.000000|-1|-1|0|5|-1|-1
37|573|43|HOH|B|3008|1|0|000|16.603783|-1.000000|-1.000000|0.000000|-1|-1|0|5|-1|-1
37|574|43|HOH|B|3009|1|0|000|18.606800|-1.000000|-1.000000|0.000000|-1|-1|0|5|-1|-1
37|575|43|HOH|B|3011|1|0|000|13.539495|-1.000000|-1.000000|0.000000|-1|-1|0|5|-1|-1
37|576|43|HOH|B|3012|1|0|000|7.374754|-1.000000|-1.000000|0.000000|-1|-1|0|5|-1|-1
37|577|43|HOH|B|3013|1|0|000|15.086855|-1.000000|-1.000000|0.000000|-1|-1|0|5|-1|-1
37|578|43|HOH|B|3014|1|0|000|20.028320|-1.000000|-1.000000|0.000000|-1|-1|0|5|-1|-1
37|579|43|HOH|B|3015|1|0|000|18.125568|-1.000000|-1.000000|0.000000|-1|-1|0|5|-1|-1
37|580|43|HOH|B|3016|1|0|000|15.458750|-1.000000|-1.000000|0.000000|-1|-1|0|5|-1|-1
37|581|43|HOH|B|3017|1|0|000|12.813310|-1.000000|-1.000000|0.000000|-1|-1|0|5|-1|-1
37|582|43|HOH|B|3018|1|0|000|12.872843|-1.000000|-1.000000|0.000000|-1|-1|0|5|-1|-1
37|583|43|HOH|B|3019|1|0|000|19.115370|-1.000000|-1.000000|0.000000|-1|-1|0|5|-1|-1
37|584|43|HOH|B|3020|1|0|000|13.598231|-1.000000|-1.000000|0.000000|-1|-1|0|5|-1|-1
37|585|43|HOH|B|3021|1|0|000|8.606688|-1.000000|-1.000000|0.000000|-1|-1|0|5|-1|-1
37|586|43|HOH|B|3023|1|0|000|10.809578|-1.000000|-1.000000|0.000000|-1|-1|0|5|-1|-1
37|587|43|HOH|B|3024|1|0|000|15.614670|-1.000000|-1.000000|0.000000|-1|-1|0|5|-1|-1
37|588|43|HOH|B|3025|1|0|000|16.838856|-1.000000|-1.000000|0.000000|-1|-1|0|5|-1|-1
37|589|43|HOH|B|3026|1|0|000|14.783690|-1.000000|-1.000000|0.000000|-1|-1|0|5|-1|-1
37|590|43|HOH|B|3027|1|0|000|16.127686|-1.000000|-1.000000|0.000000|-1|-1|0|5|-1|-1
37|591|43|HOH|B|3030|1|0|000|10.261292|-1.000000|-1.000000|0.000000|-1|-1|0|5|-1|-1
37|592|43|HOH|B|3031|1|0|000|15.678871|-1.000000|-1.000000|0.000000|-1|-1|0|5|-1|-1
37|593|43|HOH|B|3032|1|0|000|11.020482|-1.000000|-1.000000|0.000000|-1|-1|0|5|-1|-1
37|594|43|HOH|B|3033|1|0|000|10.411969|-1.000000|-1.000000|0.000000|-1|-1|0|5|-1|-1
37|595|43|HOH|B|3034|1|0|000|15.624490|-1.000000|-1.000000|0.000000|-1|-1|0|5|-1|-1
37|596|43|HOH|B|3036|1|0|000|16.613848|-1.000000|-1.000000|0.000000|-1|-1|0|5|-1|-1
37|597|43|HOH|B|3038|1|0|000|14.242382|-1.000000|-1.000000|0.000000|-1|-1|0|5|-1|-1
37|598|43|HOH|B|3039|1|0|000|17.756464|-1.000000|-1.000000|0.000000|-1|-1|0|5|-1|-1
37|599|43|HOH|B|3040|1|0|000|14.435197|-1.000000|-1.000000|0.000000|-1|-1|0|5|-1|-1
37|600|43|HOH|B|3042|1|0|000|15.589959|-1.000000|-1.000000|0.000000|-1|-1|0|5|-1|-1
37|601|43|HOH|B|3043|1|0|000|16.401711|-1.000000|-1.000000|0.000000|-1|-1|0|5|-1|-1
37|602|43|HOH|B|3044|1|0|000|18.904997|-1.000000|-1.000000|0.000000|-1|-1|0|5|-1|-1
37|603|43|HOH|B|3045|1|0|000|12.459202|-1.000000|-1.000000|0.000000|-1|-1|0|5|-1|-1
37|604|43|HOH|B|3046|1|0|000|16.623215|-1.000000|-1.000000|0.000000|-1|-1|0|5|-1|-1
37|605|43|HOH|B|3048|1|0|000|15.093551|-1.000000|-1.000000|0.000000|-1|-1|0|5|-1|-1
37|606|43|HOH|B|3051|1|0|000|11.939604|-1.000000|-1.000000|0.000000|-1|-1|0|5|-1|-1
37|607|43|HOH|B|3052|1|0|000|10.113524|-1.000000|-1.000000|0.000000|-1|-1|0|5|-1|-1
37|608|43|HOH|B|3053|1|0|000|16.496548|-1.000000|-1.000000|0.000000|-1|-1|0|5|-1|-1
37|609|43|HOH|B|3055|1|0|000|14.888235|-1.000000|-1.000000|0.000000|-1|-1|0|5|-1|-1
37|610|43|HOH|B|3057|1|0|000|18.716148|-1.000000|-1.000000|0.000000|-1|-1|0|5|-1|-1
37|611|43|HOH|B|3058|1|0|000|9.515958|-1.000000|-1.000000|0.000000|-1|-1|0|5|-1|-1
37|612|43|HOH|B|3059|1|0|000|9.135669|-1.000000|-1.000000|0.000000|-1|-1|0|5|-1|-1
37|613|43|HOH|B|3061|1|0|000|19.966421|-1.000000|-1.000000|0.000000|-1|-1|0|5|-1|-1
37|614|43|HOH|B|3064|1|0|000|18.942905|-1.000000|-1.000000|0.000000|-1|-1|0|5|-1|-1
37|615|43|HOH|B|3065|1|0|000|9.955173|-1.000000|-1.000000|0.000000|-1|-1|0|5|-1|-1
37|616|43|HOH|B|3066|1|0|000|11.613033|-1.000000|-1.000000|0.000000|-1|-1|0|5|-1|-1
37|617|43|HOH|B|3067|1|0|000|13.952186|-1.000000|-1.000000|0.000000|-1|-1|0|5|-1|-1
37|618|43|HOH|B|3069|1|0|000|19.701452|-1.000000|-1.000000|0.000000|-1|-1|0|5|-1|-1
37|619|43|HOH|B|3072|1|0|000|14.352067|-1.000000|-1.000000|0.000000|-1|-1|0|5|-1|-1
37|620|43|HOH|B|3073|1|0|000|14.563052|-1.000000|-1.000000|0.000000|-1|-1|0|5|-1|-1
37|621|43|HOH|B|3074|1|0|000|18.826206|-1.000000|-1.000000|0.000000|-1|-1|0|5|-1|-1
37|622|43|HOH|B|3076|1|0|000|14.066156|-1.000000|-1.000000|0.000000|-1|-1|0|5|-1|-1
37|623|43|HOH|B|3077|1|0|000|12.200695|-1.000000|-1.000000|0.000000|-1|-1|0|5|-1|-1
37|624|43|HOH|B|3079|1|0|000|16.337929|-1.000000|-1.000000|0.000000|-1|-1|0|5|-1|-1
37|625|43|HOH|B|3080|1|0|000|18.079971|-1.000000|-1.000000|0.000000|-1|-1|0|5|-1|-1
37|626|43|HOH|B|3081|1|0|000|19.787037|-1.000000|-1.000000|0.000000|-1|-1|0|5|-1|-1
37|627|43|HOH|B|3082|1|0|000|16.280149|-1.000000|-1.000000|0.000000|-1|-1|0|5|-1|-1
37|628|43|HOH|B|3083|1|0|000|13.619094|-1.000000|-1.000000|0.000000|-1|-1|0|5|-1|-1
37|629|43|HOH|B|3084|1|0|000|19.233641|-1.000000|-1.000000|0.000000|-1|-1|0|5|-1|-1
37|630|43|HOH|B|3086|1|0|000|14.126809|-1.000000|-1.000000|0.000000|-1|-1|0|5|-1|-1
37|631|43|HOH|B|3087|1|0|000|17.010773|-1.000000|-1.000000|0.000000|-1|-1|0|5|-1|-1
37|632|43|HOH|B|3089|1|0|000|14.992453|-1.000000|-1.000000|0.000000|-1|-1|0|5|-1|-1
37|633|43|HOH|B|3090|1|0|000|18.825651|-1.000000|-1.000000|0.000000|-1|-1|0|5|-1|-1
37|634|43|HOH|B|3091|1|0|000|15.573118|-1.000000|-1.000000|0.000000|-1|-1|0|5|-1|-1
37|635|43|HOH|B|3094|1|0|000|16.089422|-1.000000|-1.000000|0.000000|-1|-1|0|5|-1|-1
37|636|43|HOH|B|3095|1|0|000|10.020275|-1.000000|-1.000000|0.000000|-1|-1|0|5|-1|-1
37|637|43|HOH|B|3096|1|0|000|14.849563|-1.000000|-1.000000|0.000000|-1|-1|0|5|-1|-1
37|638|43|HOH|B|3101|1|0|000|14.219936|-1.000000|-1.000000|0.000000|-1|-1|0|5|-1|-1
37|639|43|HOH|B|3103|1|0|000|20.315973|-1.000000|-1.000000|0.000000|-1|-1|0|5|-1|-1
37|640|43|HOH|B|3107|1|0|000|15.854875|-1.000000|-1.000000|0.000000|-1|-1|0|5|-1|-1
37|641|43|HOH|B|3109|1|0|000|21.427242|-1.000000|-1.000000|0.000000|-1|-1|0|5|-1|-1
37|642|43|HOH|B|3110|1|0|000|15.454761|-1.000000|-1.000000|0.000000|-1|-1|0|5|-1|-1
37|643|43|HOH|B|3112|1|0|000|18.006744|-1.000000|-1.000000|0.000000|-1|-1|0|5|-1|-1
37|644|43|HOH|B|3113|1|0|000|15.249070|-1.000000|-1.000000|0.000000|-1|-1|0|5|-1|-1
37|645|43|HOH|B|3114|1|0|000|17.956028|-1.000000|-1.000000|0.000000|-1|-1|0|5|-1|-1
37|646|43|HOH|B|3115|1|0|000|18.554756|-1.000000|-1.000000|0.000000|-1|-1|0|5|-1|-1
37|647|43|HOH|B|3118|1|0|000|19.375734|-1.000000|-1.000000|0.000000|-1|-1|0|5|-1|-1
37|648|43|HOH|B|3120|1|0|000|13.999974|-1.000000|-1.000000|0.000000|-1|-1|0|5|-1|-1
37|649|43|HOH|B|3123|1|0|000|12.007104|-1.000000|-1.000000|0.000000|-1|-1|0|5|-1|-1
37|650|43|HOH|B|3125|1|0|000|18.506117|-1.000000|-1.000000|0.000000|-1|-1|0|5|-1|-1
37|651|43|HOH|B|3126|1|0|000|13.781314|-1.000000|-1.000000|0.000000|-1|-1|0|5|-1|-1
37|652|43|HOH|B|3127|1|0|000|15.904490|-1.000000|-1.000000|0.000000|-1|-1|0|5|-1|-1
37|653|43|HOH|B|3128|1|0|000|17.963963|-1.000000|-1.000000|0.000000|-1|-1|0|5|-1|-1
37|654|43|HOH|B|3132|1|0|000|11.756200|-1.000000|-1.000000|0.000000|-1|-1|0|5|-1|-1
37|655|43|HOH|B|3135|1|0|000|16.085617|-1.000000|-1.000000|0.000000|-1|-1|0|5|-1|-1
37|656|43|HOH|B|3139|1|0|000|13.027142|-1.000000|-1.000000|0.000000|-1|-1|0|5|-1|-1
37|657|43|HOH|B|3144|1|0|000|20.820005|-1.000000|-1.000000|0.000000|-1|-1|0|5|-1|-1
37|658|43|HOH|B|3145|1|0|000|14.592566|-1.000000|-1.000000|0.000000|-1|-1|0|5|-1|-1
37|659|43|HOH|B|3148|1|0|000|17.487568|-1.000000|-1.000000|0.000000|-1|-1|0|5|-1|-1
37|660|43|HOH|B|3149|1|0|000|16.612591|-1.000000|-1.000000|0.000000|-1|-1|0|5|-1|-1
37|661|43|HOH|B|3155|1|0|000|14.425860|-1.000000|-1.000000|0.000000|-1|-1|0|5|-1|-1
37|662|43|HOH|B|3156|1|0|000|18.161739|-1.000000|-1.000000|0.000000|-1|-1|0|5|-1|-1
37|663|43|HOH|B|3161|1|0|000|20.723135|-1.000000|-1.000000|0.000000|-1|-1|0|5|-1|-1
37|664|43|HOH|B|3162|1|0|000|17.078899|-1.000000|-1.000000|0.000000|-1|-1|0|5|-1|-1
37|665|43|HOH|B|3163|1|0|000|13.508520|-1.000000|-1.000000|0.000000|-1|-1|0|5|-1|-1
37|666|43|HOH|B|3164|1|0|000|18.046213|-1.000000|-1.000000|0.000000|-1|-1|0|5|-1|-1
37|667|43|HOH|B|3166|1|0|000|18.181416|-1.000000|-1.000000|0.000000|-1|-1|0|5|-1|-1
37|668|43|HOH|B|3168|1|0|000|18.857317|-1.000000|-1.000000|0.000000|-1|-1|0|5|-1|-1
37|669|43|HOH|B|3169|1|0|000|16.354219|-1.000000|-1.000000|0.000000|-1|-1|0|5|-1|-1
37|670|43|HOH|B|3171|1|0|000|16.352745|-1.000000|-1.000000|0.000000|-1|-1|0|5|-1|-1
37|671|43|HOH|B|3174|1|0|000|17.369352|-1.000000|-1.000000|0.000000|-1|-1|0|5|-1|-1
37|672|43|HOH|B|3176|1|0|000|13.588486|-1.000000|-1.000000|0.000000|-1|-1|0|5|-1|-1
37|673|43|HOH|B|3177|1|0|000|16.983177|-1.000000|-1.000000|0.000000|-1|-1|0|5|-1|-1
37|674|43|HOH|B|3178|1|0|000|18.488817|-1.000000|-1.000000|0.000000|-1|-1|0|5|-1|-1
37|675|43|HOH|B|3179|1|0|000|13.941699|-1.000000|-1.000000|0.000000|-1|-1|0|5|-1|-1
37|676|43|HOH|B|3180|1|0|000|18.487591|-1.000000|-1.000000|0.000000|-1|-1|0|5|-1|-1
37|677|43|HOH|B|3181|1|0|000|20.288013|-1.000000|-1.000000|0.000000|-1|-1|0|5|-1|-1
37|678|43|HOH|B|3182|1|0|000|20.638166|-1.000000|-1.000000|0.000000|-1|-1|0|5|-1|-1
37|679|43|HOH|B|3183|1|0|000|18.138767|-1.000000|-1.000000|0.000000|-1|-1|0|5|-1|-1
37|680|43|HOH|B|3185|1|0|000|13.402580|-1.000000|-1.000000|0.000000|-1|-1|0|5|-1|-1
37|681|43|HOH|B|3186|1|0|000|17.324118|-1.000000|-1.000000|0.000000|-1|-1|0|5|-1|-1
37|682|43|HOH|B|3187|1|0|000|18.377012|-1.000000|-1.000000|0.000000|-1|-1|0|5|-1|-1
37|683|43|HOH|B|3188|1|0|000|20.055786|-1.000000|-1.000000|0.000000|-1|-1|0|5|-1|-1
37|684|43|HOH|B|3189|1|0|000|19.254509|-1.000000|-1.000000|0.000000|-1|-1|0|5|-1|-1
37|685|43|HOH|B|3190|1|0|000|22.216549|-1.000000|-1.000000|0.000000|-1|-1|0|5|-1|-1
37|686|43|HOH|B|3193|1|0|000|21.570797|-1.000000|-1.000000|0.000000|-1|-1|0|5|-1|-1
37|687|43|HOH|B|3194|1|0|000|16.447699|-1.000000|-1.000000|0.000000|-1|-1|0|5|-1|-1
37|688|43|HOH|B|3195|1|0|000|20.508879|-1.000000|-1.000000|0.000000|-1|-1|0|5|-1|-1
37|689|43|HOH|B|3197|1|0|000|15.708398|-1.000000|-1.000000|0.000000|-1|-1|0|5|-1|-1
37|690|43|HOH|B|3199|1|0|000|12.028789|-1.000000|-1.000000|0.000000|-1|-1|0|5|-1|-1
37|691|43|HOH|B|3201|1|0|000|17.990767|-1.000000|-1.000000|0.000000|-1|-1|0|5|-1|-1
37|692|43|HOH|B|3204|1|0|000|15.324719|-1.000000|-1.000000|0.000000|-1|-1|0|5|-1|-1
37|693|43|HOH|B|3207|1|0|000|8.523162|-1.000000|-1.000000|0.000000|-1|-1|0|5|-1|-1
37|694|43|HOH|B|3208|1|0|000|16.530266|-1.000000|-1.000000|0.000000|-1|-1|0|5|-1|-1
37|695|43|HOH|B|3213|1|0|000|17.283939|-1.000000|-1.000000|0.000000|-1|-1|0|5|-1|-1
37|696|43|HOH|B|3214|1|0|000|11.937893|-1.000000|-1.000000|0.000000|-1|-1|0|5|-1|-1
37|697|43|HOH|B|3216|1|0|000|14.370602|-1.000000|-1.000000|0.000000|-1|-1|0|5|-1|-1
37|698|43|HOH|B|3218|1|0|000|12.385792|-1.000000|-1.000000|0.000000|-1|-1|0|5|-1|-1
37|699|43|HOH|B|3221|1|0|000|17.752823|-1.000000|-1.000000|0.000000|-1|-1|0|5|-1|-1
37|700|43|HOH|B|3226|1|0|000|21.395674|-1.000000|-1.000000|0.000000|-1|-1|0|5|-1|-1
37|701|43|HOH|B|3228|1|0|000|16.269230|-1.000000|-1.000000|0.000000|-1|-1|0|5|-1|-1
37|702|43|HOH|B|3231|1|0|000|20.245480|-1.000000|-1.000000|0.000000|-1|-1|0|5|-1|-1
37|703|43|HOH|B|3232|1|0|000|20.438288|-1.000000|-1.000000|0.000000|-1|-1|0|5|-1|-1
37|704|43|HOH|B|3233|1|0|000|16.161425|-1.000000|-1.000000|0.000000|-1|-1|0|5|-1|-1
37|705|43|HOH|B|3236|1|0|000|21.102577|-1.000000|-1.000000|0.000000|-1|-1|0|5|-1|-1
37|706|43|HOH|B|3237|1|0|000|16.500288|-1.000000|-1.000000|0.000000|-1|-1|0|5|-1|-1
37|707|43|HOH|B|3239|1|0|000|18.776615|-1.000000|-1.000000|0.000000|-1|-1|0|5|-1|-1
37|708|43|HOH|B|3241|1|0|000|20.870699|-1.000000|-1.000000|0.000000|-1|-1|0|5|-1|-1
37|709|43|HOH|B|3242|1|0|000|19.682238|-1.000000|-1.000000|0.000000|-1|-1|0|5|-1|-1
37|710|43|HOH|B|3243|1|0|000|22.778202|-1.000000|-1.000000|0.000000|-1|-1|0|5|-1|-1
37|711|43|HOH|B|3244|1|0|000|14.263330|-1.000000|-1.000000|0.000000|-1|-1|0|5|-1|-1
37|712|43|HOH|B|3245|1|0|000|21.952600|-1.000000|-1.000000|0.000000|-1|-1|0|5|-1|-1
37|713|43|HOH|B|3246|1|0|000|14.779038|-1.000000|-1.000000|0.000000|-1|-1|0|5|-1|-1
37|714|43|HOH|B|3247|1|0|000|19.711407|-1.000000|-1.000000|0.000000|-1|-1|0|5|-1|-1
37|715|43|HOH|B|3249|1|0|000|15.451203|-1.000000|-1.000000|0.000000|-1|-1|0|5|-1|-1
37|716|43|HOH|B|3253|1|0|000|15.990013|-1.000000|-1.000000|0.000000|-1|-1|0|5|-1|-1
37|717|43|HOH|B|3258|1|0|000|25.323107|-1.000000|-1.000000|0.000000|-1|-1|0|5|-1|-1
37|718|43|HOH|B|3259|1|0|000|15.352955|-1.000000|-1.000000|0.000000|-1|-1|0|5|-1|-1
37|719|43|HOH|B|3270|1|0|000|16.513418|-1.000000|-1.000000|0.000000|-1|-1|0|5|-1|-1
37|720|43|HOH|B|3271|1|0|000|16.245090|-1.000000|-1.000000|0.000000|-1|-1|0|5|-1|-1
37|721|43|HOH|B|3273|1|0|000|12.541369|-1.000000|-1.000000|0.000000|-1|-1|0|5|-1|-1
37|722|43|HOH|B|3274|1|0|000|14.812651|-1.000000|-1.000000|0.000000|-1|-1|0|5|-1|-1
37|723|43|HOH|B|3275|1|0|000|17.506029|-1.000000|-1.000000|0.000000|-1|-1|0|5|-1|-1
37|724|43|HOH|B|3277|1|0|000|16.152479|-1.000000|-1.000000|0.000000|-1|-1|0|5|-1|-1
37|725|43|HOH|B|3280|1|0|000|20.561184|-1.000000|-1.000000|0.000000|-1|-1|0|5|-1|-1
37|726|43|HOH|B|3284|1|0|000|22.746132|-1.000000|-1.000000|0.000000|-1|-1|0|5|-1|-1
37|727|43|HOH|B|3287|1|0|000|13.876966|-1.000000|-1.000000|0.000000|-1|-1|0|5|-1|-1
37|728|43|HOH|B|3288|1|0|000|15.743035|-1.000000|-1.000000|0.000000|-1|-1|0|5|-1|-1
37|729|43|HOH|B|3290|1|0|000|16.274494|-1.000000|-1.000000|0.000000|-1|-1|0|5|-1|-1
37|730|43|HOH|B|3291|1|0|000|17.156824|-1.000000|-1.000000|0.000000|-1|-1|0|5|-1|-1
37|731|43|HOH|B|3292|1|0|000|23.080061|-1.000000|-1.000000|0.000000|-1|-1|0|5|-1|-1
37|732|43|HOH|B|3293|1|0|000|17.707510|-1.000000|-1.000000|0.000000|-1|-1|0|5|-1|-1
37|733|43|HOH|B|3298|1|0|000|17.586950|-1.000000|-1.000000|0.000000|-1|-1|0|5|-1|-1
37|734|43|HOH|B|3300|1|0|000|14.295618|-1.000000|-1.000000|0.000000|-1|-1|0|5|-1|-1
37|735|43|HOH|B|3301|1|0|000|21.172039|-1.000000|-1.000000|0.000000|-1|-1|0|5|-1|-1
37|736|43|HOH|B|3302|1|0|000|12.999594|-1.000000|-1.000000|0.000000|-1|-1|0|5|-1|-1
37|737|43|HOH|B|3303|1|0|000|21.185156|-1.000000|-1.000000|0.000000|-1|-1|0|5|-1|-1
37|738|43|HOH|B|3305|1|0|000|16.276236|-1.000000|-1.000000|0.000000|-1|-1|0|5|-1|-1
37|739|43|HOH|B|3306|1|0|000|21.040409|-1.000000|-1.000000|0.000000|-1|-1|0|5|-1|-1
37|740|43|HOH|B|3310|1|0|000|17.115597|-1.000000|-1.000000|0.000000|-1|-1|0|5|-1|-1
37|741|43|HOH|B|3313|1|0|000|17.488455|-1.000000|-1.000000|0.000000|-1|-1|0|5|-1|-1
37|742|43|HOH|B|3314|1|0|000|21.608164|-1.000000|-1.000000|0.000000|-1|-1|0|5|-1|-1
37|743|43|HOH|B|3315|1|0|000|18.353218|-1.000000|-1.000000|0.000000|-1|-1|0|5|-1|-1
37|744|43|HOH|B|3318|1|0|000|21.856083|-1.000000|-1.000000|0.000000|-1|-1|0|5|-1|-1
37|745|43|HOH|B|3319|1|0|000|20.599342|-1.000000|-1.000000|0.000000|-1|-1|0|5|-1|-1
37|746|43|HOH|B|3320|1|0|000|17.679668|-1.000000|-1.000000|0.000000|-1|-1|0|5|-1|-1
37|747|43|HOH|B|3321|1|0|000|21.978603|-1.000000|-1.000000|0.000000|-1|-1|0|5|-1|-1
37|748|43|HOH|B|3324|1|0|000|16.124805|-1.000000|-1.000000|0.000000|-1|-1|0|5|-1|-1
37|749|43|HOH|B|3326|1|0|000|20.526657|-1.000000|-1.000000|0.000000|-1|-1|0|5|-1|-1
37|750|43|HOH|B|3327|1|0|000|24.757648|-1.000000|-1.000000|0.000000|-1|-1|0|5|-1|-1
37|751|43|HOH|B|3328|1|0|000|17.353176|-1.000000|-1.000000|0.000000|-1|-1|0|5|-1|-1
37|752|43|HOH|B|3330|1|0|000|17.710835|-1.000000|-1.000000|0.000000|-1|-1|0|5|-1|-1
37|753|43|HOH|B|3331|1|0|000|17.841707|-1.000000|-1.000000|0.000000|-1|-1|0|5|-1|-1
37|754|43|HOH|B|3332|1|0|000|20.375488|-1.000000|-1.000000|0.000000|-1|-1|0|5|-1|-1
37|755|43|HOH|B|3333|1|0|000|16.937029|-1.000000|-1.000000|0.000000|-1|-1|0|5|-1|-1
37|756|43|HOH|B|3335|1|0|000|23.982746|-1.000000|-1.000000|0.000000|-1|-1|0|5|-1|-1
37|757|43|HOH|B|3342|1|0|000|16.747713|-1.000000|-1.000000|0.000000|-1|-1|0|5|-1|-1
37|758|43|HOH|B|3343|1|0|000|21.363350|-1.000000|-1.000000|0.000000|-1|-1|0|5|-1|-1
37|759|43|HOH|B|3344|1|0|000|22.813105|-1.000000|-1.000000|0.000000|-1|-1|0|5|-1|-1
37|760|43|HOH|B|3345|1|0|000|18.503109|-1.000000|-1.000000|0.000000|-1|-1|0|5|-1|-1
37|761|43|HOH|B|3347|1|0|000|21.509624|-1.000000|-1.000000|0.000000|-1|-1|0|5|-1|-1
37|762|43|HOH|B|3349|1|0|000|18.254753|-1.000000|-1.000000|0.000000|-1|-1|0|5|-1|-1
37|763|43|HOH|B|3351|1|0|000|19.784338|-1.000000|-1.000000|0.000000|-1|-1|0|5|-1|-1
37|764|43|HOH|B|3354|1|0|000|22.962347|-1.000000|-1.000000|0.000000|-1|-1|0|5|-1|-1
37|765|43|HOH|B|3355|1|0|000|20.289583|-1.000000|-1.000000|0.000000|-1|-1|0|5|-1|-1
37|766|43|HOH|B|3357|1|0|000|23.561291|-1.000000|-1.000000|0.000000|-1|-1|0|5|-1|-1
37|767|43|HOH|B|3358|1|0|000|26.559715|-1.000000|-1.000000|0.000000|-1|-1|0|5|-1|-1
37|768|43|HOH|B|3360|1|0|000|18.344799|-1.000000|-1.000000|0.000000|-1|-1|0|5|-1|-1
37|769|43|HOH|B|3361|1|0|000|23.327127|-1.000000|-1.000000|0.000000|-1|-1|0|5|-1|-1
37|770|43|HOH|B|3365|1|0|000|14.208929|-1.000000|-1.000000|0.000000|-1|-1|0|5|-1|-1
37|771|43|HOH|B|3366|1|0|000|12.433452|-1.000000|-1.000000|0.000000|-1|-1|0|5|-1|-1
37|772|43|HOH|B|3368|1|0|000|16.562778|-1.000000|-1.000000|0.000000|-1|-1|0|5|-1|-1
37|773|43|HOH|B|3369|1|0|000|18.163221|-1.000000|-1.000000|0.000000|-1|-1|0|5|-1|-1
37|774|43|HOH|B|3370|1|0|000|18.162132|-1.000000|-1.000000|0.000000|-1|-1|0|5|-1|-1
37|775|43|HOH|B|3371|1|0|000|21.272079|-1.000000|-1.000000|0.000000|-1|-1|0|5|-1|-1
37|776|43|HOH|B|3372|1|0|000|22.758963|-1.000000|-1.000000|0.000000|-1|-1|0|5|-1|-1
37|777|43|HOH|B|3376|1|0|000|17.016844|-1.000000|-1.000000|0.000000|-1|-1|0|5|-1|-1
37|778|43|HOH|B|3377|1|0|000|15.740860|-1.000000|-1.000000|0.000000|-1|-1|0|5|-1|-1
37|779|43|HOH|B|3379|1|0|000|16.056238|-1.000000|-1.000000|0.000000|-1|-1|0|5|-1|-1
37|780|43|HOH|B|3380|1|0|000|19.659746|-1.000000|-1.000000|0.000000|-1|-1|0|5|-1|-1
37|781|43|HOH|B|3386|1|0|000|19.783997|-1.000000|-1.000000|0.000000|-1|-1|0|5|-1|-1
37|782|43|HOH|B|3390|1|0|000|18.644087|-1.000000|-1.000000|0.000000|-1|-1|0|5|-1|-1
37|783|43|HOH|B|3391|1|0|000|21.052919|-1.000000|-1.000000|0.000000|-1|-1|0|5|-1|-1
37|784|43|HOH|B|3396|1|0|000|12.202420|-1.000000|-1.000000|0.000000|-1|-1|0|5|-1|-1
37|785|43|HOH|B|3398|1|0|000|18.911558|-1.000000|-1.000000|0.000000|-1|-1|0|5|-1|-1
37|786|43|HOH|B|3399|1|0|000|26.063148|-1.000000|-1.000000|0.000000|-1|-1|0|5|-1|-1
37|787|43|HOH|B|3403|1|0|000|22.940880|-1.000000|-1.000000|0.000000|-1|-1|0|5|-1|-1
37|788|43|HOH|B|3404|1|0|000|20.434301|-1.000000|-1.000000|0.000000|-1|-1|0|5|-1|-1
37|789|43|HOH|B|3406|1|0|000|13.340113|-1.000000|-1.000000|0.000000|-1|-1|0|5|-1|-1
37|790|43|HOH|B|3407|1|0|000|15.296406|-1.000000|-1.000000|0.000000|-1|-1|0|5|-1|-1
37|791|43|HOH|B|3408|1|0|000|11.976120|-1.000000|-1.000000|0.000000|-1|-1|0|5|-1|-1
37|792|43|HOH|B|3411|1|0|000|24.970728|-1.000000|-1.000000|0.000000|-1|-1|0|5|-1|-1
37|793|43|HOH|B|3412|1|0|000|20.046461|-1.000000|-1.000000|0.000000|-1|-1|0|5|-1|-1
37|794|43|HOH|B|3415|1|0|000|22.904020|-1.000000|-1.000000|0.000000|-1|-1|0|5|-1|-1
37|795|43|HOH|B|3416|1|0|000|16.324881|-1.000000|-1.000000|0.000000|-1|-1|0|5|-1|-1
37|796|43|HOH|B|3420|1|0|000|19.095610|-1.000000|-1.000000|0.000000|-1|-1|0|5|-1|-1
37|797|43|HOH|B|3422|1|0|000|22.438362|-1.000000|-1.000000|0.000000|-1|-1|0|5|-1|-1
37|798|43|HOH|B|3426|1|0|000|19.436491|-1.000000|-1.000000|0.000000|-1|-1|0|5|-1|-1
37|799|43|HOH|B|3427|1|0|000|15.780769|-1.000000|-1.000000|0.000000|-1|-1|0|5|-1|-1
37|800|43|HOH|B|3428|1|0|000|18.855097|-1.000000|-1.000000|0.000000|-1|-1|0|5|-1|-1
37|801|43|HOH|B|3432|1|0|000|16.115953|-1.000000|-1.000000|0.000000|-1|-1|0|5|-1|-1
37|802|43|HOH|B|3434|1|0|000|15.999452|-1.000000|-1.000000|0.000000|-1|-1|0|5|-1|-1
37|803|43|HOH|B|3435|1|0|000|13.902022|-1.000000|-1.000000|0.000000|-1|-1|0|5|-1|-1
37|804|43|HOH|B|3437|1|0|000|17.150623|-1.000000|-1.000000|0.000000|-1|-1|0|5|-1|-1
37|805|43|HOH|B|3440|1|0|000|20.245703|-1.000000|-1.000000|0.000000|-1|-1|0|5|-1|-1
37|806|43|HOH|B|3441|1|0|000|21.649324|-1.000000|-1.000000|0.000000|-1|-1|0|5|-1|-1
37|807|43|HOH|B|3445|1|0|000|19.236528|-1.000000|-1.000000|0.000000|-1|-1|0|5|-1|-1
37|808|43|HOH|B|3446|1|0|000|22.338648|-1.000000|-1.000000|0.000000|-1|-1|0|5|-1|-1
37|809|43|HOH|B|3448|1|0|000|19.684059|-1.000000|-1.000000|0.000000|-1|-1|0|5|-1|-1
37|810|43|HOH|B|3449|1|0|000|21.977636|-1.000000|-1.000000|0.000000|-1|-1|0|5|-1|-1
37|811|43|HOH|B|3450|1|0|000|16.671286|-1.000000|-1.000000|0.000000|-1|-1|0|5|-1|-1
37|812|43|HOH|B|3456|1|0|000|23.533615|-1.000000|-1.000000|0.000000|-1|-1|0|5|-1|-1
37|813|43|HOH|B|3458|1|0|000|17.130495|-1.000000|-1.000000|0.000000|-1|-1|0|5|-1|-1
37|814|43|HOH|B|3459|1|0|000|20.487122|-1.000000|-1.000000|0.000000|-1|-1|0|5|-1|-1
37|815|43|HOH|B|3460|1|0|000|19.760250|-1.000000|-1.000000|0.000000|-1|-1|0|5|-1|-1
37|816|43|HOH|B|3463|1|0|000|17.584999|-1.000000|-1.000000|0.000000|-1|-1|0|5|-1|-1
37|817|43|HOH|B|3465|1|0|000|18.840172|-1.000000|-1.000000|0.000000|-1|-1|0|5|-1|-1
37|818|43|HOH|B|3467|1|0|000|18.309238|-1.000000|-1.000000|0.000000|-1|-1|0|5|-1|-1
37|819|43|HOH|B|3470|1|0|000|20.167114|-1.000000|-1.000000|0.000000|-1|-1|0|5|-1|-1
37|820|43|HOH|B|3472|1|0|000|21.385946|-1.000000|-1.000000|0.000000|-1|-1|0|5|-1|-1
37|821|43|HOH|B|3473|1|0|000|15.895329|-1.000000|-1.000000|0.000000|-1|-1|0|5|-1|-1
37|822|43|HOH|B|3474|1|0|000|16.355993|-1.000000|-1.000000|0.000000|-1|-1|0|5|-1|-1
37|823|43|HOH|B|3475|1|0|000|20.648651|-1.000000|-1.000000|0.000000|-1|-1|0|5|-1|-1
37|824|43|HOH|B|3477|1|0|000|22.214914|-1.000000|-1.000000|0.000000|-1|-1|0|5|-1|-1
37|825|43|HOH|B|3479|1|0|000|22.704983|-1.000000|-1.000000|0.000000|-1|-1|0|5|-1|-1
37|826|43|HOH|B|3483|1|0|000|20.032152|-1.000000|-1.000000|0.000000|-1|-1|0|5|-1|-1
37|827|43|HOH|B|3488|1|0|000|23.195095|-1.000000|-1.000000|0.000000|-1|-1|0|5|-1|-1
37|828|43|HOH|B|3489|1|0|000|22.930000|-1.000000|-1.000000|0.000000|-1|-1|0|5|-1|-1
37|829|43|HOH|B|3490|1|0|000|21.547668|-1.000000|-1.000000|0.000000|-1|-1|0|5|-1|-1
37|830|43|HOH|B|3491|1|0|000|18.257868|-1.000000|-1.000000|0.000000|-1|-1|0|5|-1|-1
37|831|43|HOH|B|3492|1|0|000|17.725990|-1.000000|-1.000000|0.000000|-1|-1|0|5|-1|-1
37|832|43|HOH|B|3493|1|0|000|15.483510|-1.000000|-1.000000|0.000000|-1|-1|0|5|-1|-1
37|833|43|HOH|B|3495|1|0|000|20.978621|-1.000000|-1.000000|0.000000|-1|-1|0|5|-1|-1
37|834|43|HOH|B|3496|1|0|000|21.719025|-1.000000|-1.000000|0.000000|-1|-1|0|5|-1|-1
37|835|43|HOH|B|3497|1|0|000|15.432872|-1.000000|-1.000000|0.000000|-1|-1|0|5|-1|-1
37|836|43|HOH|B|3501|1|0|000|16.095589|-1.000000|-1.000000|0.000000|-1|-1|0|5|-1|-1
37|837|43|HOH|B|3505|1|0|000|21.583069|-1.000000|-1.000000|0.000000|-1|-1|0|5|-1|-1
37|838|43|HOH|B|3506|1|0|000|22.380060|-1.000000|-1.000000|0.000000|-1|-1|0|5|-1|-1
37|839|43|HOH|B|3507|1|0|000|21.385784|-1.000000|-1.000000|0.000000|-1|-1|0|5|-1|-1
37|840|43|HOH|B|3508|1|0|000|16.205793|-1.000000|-1.000000|0.000000|-1|-1|0|5|-1|-1
37|841|43|HOH|B|3510|1|0|000|18.530617|-1.000000|-1.000000|0.000000|-1|-1|0|5|-1|-1
37|842|43|HOH|B|3513|1|0|000|21.705498|-1.000000|-1.000000|0.000000|-1|-1|0|5|-1|-1
37|843|43|HOH|B|3519|1|0|000|23.199991|-1.000000|-1.000000|0.000000|-1|-1|0|5|-1|-1
37|844|43|HOH|B|3520|1|0|000|22.854828|-1.000000|-1.000000|0.000000|-1|-1|0|5|-1|-1
37|845|43|HOH|B|3521|1|0|000|16.459999|-1.000000|-1.000000|0.000000|-1|-1|0|5|-1|-1
37|846|43|HOH|B|3524|1|0|000|18.835592|-1.000000|-1.000000|0.000000|-1|-1|0|5|-1|-1
37|847|43|HOH|B|3525|1|0|000|18.718121|-1.000000|-1.000000|0.000000|-1|-1|0|5|-1|-1
37|848|43|HOH|B|3526|1|0|000|19.118971|-1.000000|-1.000000|0.000000|-1|-1|0|5|-1|-1
37|849|43|HOH|B|3528|1|0|000|16.572491|-1.000000|-1.000000|0.000000|-1|-1|0|5|-1|-1
37|850|43|HOH|B|3529|1|0|000|20.537458|-1.000000|-1.000000|0.000000|-1|-1|0|5|-1|-1
37|851|43|HOH|B|3532|1|0|000|19.647606|-1.000000|-1.000000|0.000000|-1|-1|0|5|-1|-1
37|852|43|HOH|B|3538|1|0|000|17.858997|-1.000000|-1.000000|0.000000|-1|-1|0|5|-1|-1
37|853|43|HOH|B|3540|1|0|000|15.804264|-1.000000|-1.000000|0.000000|-1|-1|0|5|-1|-1
37|854|43|HOH|B|3541|1|0|000|19.849092|-1.000000|-1.000000|0.000000|-1|-1|0|5|-1|-1
37|855|43|HOH|B|3543|1|0|000|14.786673|-1.000000|-1.000000|0.000000|-1|-1|0|5|-1|-1
37|856|43|HOH|B|3544|1|0|000|22.922720|-1.000000|-1.000000|0.000000|-1|-1|0|5|-1|-1
37|857|43|HOH|B|3551|1|0|000|16.701632|-1.000000|-1.000000|0.000000|-1|-1|0|5|-1|-1
37|858|43|HOH|B|3552|1|0|000|22.264057|-1.000000|-1.000000|0.000000|-1|-1|0|5|-1|-1
37|859|43|HOH|B|3554|1|0|000|24.312841|-1.000000|-1.000000|0.000000|-1|-1|0|5|-1|-1
37|860|43|HOH|B|3555|1|0|000|20.523445|-1.000000|-1.000000|0.000000|-1|-1|0|5|-1|-1
37|861|43|HOH|B|3556|1|0|000|17.624233|-1.000000|-1.000000|0.000000|-1|-1|0|5|-1|-1
37|862|43|HOH|B|3557|1|0|000|23.504797|-1.000000|-1.000000|0.000000|-1|-1|0|5|-1|-1
