1691|0|-1|1475|45|309|HIS|_CU|3346|345|2335|-ND1|CU--|1340|7|29|3|0011|2.064239|-0.075088|0.404992|-0.911232|1.815321|0.292974|1.227230
1691|1|-1|1568|47|309|HIS|_CU|3346|362|2335|-ND1|CU--|1340|7|29|3|0011|3.970907|-0.519025|-0.264171|0.812912|0.297694|0.001694|0.007095
1691|2|-1|1592|47|309|HIS|_CU|3346|365|2335|-NE2|CU--|1340|7|29|3|0011|1.889450|-0.439281|-0.478975|0.760010|0.478859|0.469884|1.968286
1691|3|-1|2141|62|310|HIS|_ZN|3346|471|2336|-ND1|ZN--|1340|7|30|3|0011|2.000935|0.644699|-0.360332|0.674184|0.224579|0.535718|1.456232
1691|4|-1|2161|62|309|HIS|_CU|3346|474|2335|-NE2|CU--|1340|7|29|3|0011|3.354464|-0.631398|0.775385|0.010732|2.221746|0.008962|0.037541
1691|5|-1|2474|70|310|HIS|_ZN|3346|541|2336|-ND1|ZN--|1340|7|30|3|0011|2.035378|0.498187|0.762021|-0.413683|0.393661|0.488098|1.326789
1691|6|-1|2804|79|310|HIS|_ZN|3346|612|2336|-ND1|ZN--|1340|7|30|3|0011|2.031682|-0.906638|0.124527|0.403113|0.723747|0.492999|1.340110
1691|7|-1|2867|82|310|ASP|_ZN|2146|633|2336|-OD1|ZN--|1040|8|30|2|0011|1.956967|0.038836|-0.660717|-0.749630|0.030085|0.504749|1.027487
1691|8|-1|2868|82|310|ASP|_ZN|2146|634|2336|-OD2|ZN--|1040|8|30|2|0011|2.819494|-0.440859|0.048590|-0.896260|0.162422|0.049053|0.099855
1691|9|-1|3932|119|309|HIS|_CU|3346|923|2335|-NE2|CU--|1340|7|29|3|0011|1.908047|0.935512|0.243180|0.256283|1.304099|0.446850|1.871801
1691|10|-1|4420|135|310|LYS|_ZN|2946|1034|2336|-O--|ZN--|440|8|30|2|0011|3.967352|0.165854|0.658878|0.733739|8.982594|0.002205|0.004488
1691|11|-1|6220|198|313|HIS|_CU|3346|1518|2347|-ND1|CU--|1340|7|29|3|0011|2.115254|-0.510104|-0.403261|0.759720|2.058800|0.255240|1.069170
1691|12|-1|6331|200|313|HIS|_CU|3346|1535|2347|-ND1|CU--|1340|7|29|3|0011|3.982508|-0.050220|0.259384|-0.964468|1.297340|0.001641|0.006876
1691|13|-1|6351|200|313|HIS|_CU|3346|1538|2347|-NE2|CU--|1340|7|29|3|0011|1.879148|-0.001064|0.465636|-0.884975|0.381485|0.483150|2.023856
1691|14|-1|6951|215|314|HIS|_ZN|3346|1660|2348|-ND1|ZN--|1340|7|30|3|0011|2.016715|0.882623|0.377843|-0.279663|0.426102|0.513350|1.395429
1691|15|-1|6969|215|313|HIS|_CU|3346|1663|2347|-NE2|CU--|1340|7|29|3|0011|3.364272|-0.534142|-0.783527|-0.317453|0.718792|0.008728|0.036558
1691|16|-1|7279|223|314|HIS|_ZN|3346|1730|2348|-ND1|ZN--|1340|7|30|3|0011|2.052227|0.222198|-0.758201|0.612993|1.068516|0.466370|1.267727
1691|17|-1|7600|232|314|HIS|_ZN|3346|1801|2348|-ND1|ZN--|1340|7|30|3|0011|2.000023|-0.584493|-0.138499|-0.799491|0.361290|0.537040|1.459825
1691|18|-1|7668|235|314|ASP|_ZN|2146|1822|2348|-OD1|ZN--|1040|8|30|2|0011|1.955187|-0.346258|0.662341|0.664387|0.182985|0.507183|1.032442
1691|19|-1|7669|235|314|ASP|_ZN|2146|1823|2348|-OD2|ZN--|1040|8|30|2|0011|2.845656|-0.827577|-0.050252|0.559098|2.019041|0.045705|0.093038
1691|20|-1|8599|272|313|HIS|_CU|3346|2087|2347|-NE2|CU--|1340|7|29|3|0011|1.888269|0.940544|-0.251553|0.228251|0.729941|0.471385|1.974575
1691|21|-1|9065|288|314|LYS|_ZN|2946|2198|2348|-O--|ZN--|440|8|30|2|0011|3.906380|0.527086|-0.645099|-0.553198|5.968331|0.002600|0.005292
1691|22|-1|9463|368|309|HOH|_CU|4346|2402|2335|-O--|CU--|2840|8|29|3|0011|3.765295|0.132261|0.989298|0.061615|4.462460|0.003558|0.007748
1691|23|-1|9491|482|313|HOH|_CU|4346|2516|2347|-O--|CU--|2840|8|29|3|0011|3.751271|0.143418|-0.988998|0.036254|2.995972|0.003695|0.008048
