37|0|-1|1324|43|303|HIS|_CU|3346|315|2227|-ND1|CU--|1340|7|29|3|0011|2.024529|-0.657437|0.223262|-0.719674|0.529253|0.326166|1.366270
37|1|-1|1430|45|303|HIS|_CU|3346|335|2227|-NE2|CU--|1340|7|29|3|0011|1.961377|0.308967|0.382384|0.870817|1.264635|0.386869|1.620549
37|2|-1|1955|60|304|HIS|_ZN|3346|437|2228|-ND1|ZN--|1340|7|30|3|0011|2.053478|0.559052|-0.664239|0.496234|1.172498|0.464797|1.263448
37|3|-1|1972|60|303|HIS|_CU|3346|440|2227|-NE2|CU--|1340|7|29|3|0011|3.393584|0.269921|0.833337|-0.482381|3.000170|0.008063|0.033774
37|4|-1|2315|68|304|HIS|_ZN|3346|510|2228|-ND1|ZN--|1340|7|30|3|0011|2.054456|0.064251|-0.264303|-0.962297|1.114132|0.463568|1.260110
37|5|-1|2658|77|304|HIS|_ZN|3346|581|2228|-ND1|ZN--|1340|7|30|3|0011|2.063542|0.229702|0.923655|0.306756|1.010072|0.452324|1.229545
37|6|-1|2724|80|304|ASP|_ZN|2146|602|2228|-OD1|ZN--|1040|8|30|2|0011|2.878905|-0.846503|0.394247|-0.357775|0.541444|0.041777|0.085042
37|7|-1|2725|80|304|ASP|_ZN|2146|603|2228|-OD2|ZN--|1040|8|30|2|0011|1.986194|-0.945024|-0.267345|0.188300|0.296669|0.466412|0.949447
37|8|-1|3687|117|303|HIS|_CU|3346|889|2227|-NE2|CU--|1340|7|29|3|0011|2.083760|0.469344|-0.776001|-0.421353|0.603994|0.277917|1.164162
37|9|-1|5975|195|305|HIS|_CU|3346|1437|2230|-ND1|CU--|1340|7|29|3|0011|2.051513|0.262733|0.494269|0.828655|1.230204|0.303225|1.270174
37|10|-1|5976|195|305|HIS|_CU|3346|1437|2229|-ND1|CU--|1340|7|29|3|0011|2.055191|0.708937|0.612108|0.350331|0.141746|0.300226|1.257610
37|11|-1|5995|195|305|HIS|_CU|3346|1440|2229|-NE2|CU--|1340|7|29|3|0011|3.777433|0.490280|0.451100|0.745744|0.732433|0.002857|0.011968
37|12|-1|6088|197|305|HIS|_CU|3346|1457|2230|-NE2|CU--|1340|7|29|3|0011|2.006122|-0.576236|0.138077|-0.805535|0.277113|0.342803|1.435959
37|13|-1|6089|197|305|HIS|_CU|3346|1457|2229|-NE2|CU--|1340|7|29|3|0011|2.658440|-0.089526|0.195980|-0.976513|0.746578|0.058800|0.246304
37|14|-1|6575|212|306|HIS|_ZN|3346|1559|2231|-ND1|ZN--|1340|7|30|3|0011|2.050121|0.190233|-0.665327|-0.721908|0.570312|0.469032|1.274963
37|15|-1|6592|212|305|HIS|_CU|3346|1562|2230|-NE2|CU--|1340|7|29|3|0011|3.315737|-0.818220|0.179447|0.546182|2.432039|0.009951|0.041683
37|16|-1|6593|212|305|HIS|_CU|3346|1562|2229|-NE2|CU--|1340|7|29|3|0011|2.148605|-0.835426|0.390486|0.386761|1.160142|0.233240|0.977012
37|17|-1|6931|220|306|HIS|_ZN|3346|1627|2231|-ND1|ZN--|1340|7|30|3|0011|2.096727|0.253729|-0.432579|0.865157|1.337204|0.413521|1.124067
37|18|-1|7306|229|306|HIS|_ZN|3346|1698|2231|-ND1|ZN--|1340|7|30|3|0011|2.059927|-0.905372|0.402927|-0.133986|0.319990|0.456765|1.241615
37|19|-1|7370|232|306|ASP|_ZN|2146|1719|2231|-OD1|ZN--|1040|8|30|2|0011|2.877858|0.213701|0.798163|0.563266|1.526653|0.041895|0.085283
37|20|-1|7371|232|306|ASP|_ZN|2146|1720|2231|-OD2|ZN--|1040|8|30|2|0011|1.996768|0.760730|0.644041|-0.080630|0.831633|0.453272|0.922698
37|21|-1|8367|269|305|HIS|_CU|3346|1994|2230|-NE2|CU--|1340|7|29|3|0011|2.036295|0.408094|-0.892307|0.192996|1.928839|0.315957|1.323505
37|22|-1|8368|269|305|HIS|_CU|3346|1994|2229|-NE2|CU--|1340|7|29|3|0011|2.424439|0.721404|-0.648810|-0.242119|0.732433|0.110672|0.463591
37|23|-1|8875|285|306|LYS|_ZN|2946|2109|2231|-O--|ZN--|440|8|30|2|0011|3.870623|-0.590344|-0.804522|0.065106|4.000665|0.002863|0.005829
37|24|-1|9242|693|305|HOH|_CU|4346|2618|2229|-O--|CU--|2840|8|29|3|0011|2.558766|-0.171957|-0.613577|0.770684|24.740133|0.092759|0.202024
37|25|-1|9243|612|305|HOH|_CU|4346|2537|2229|-O--|CU--|2840|8|29|3|0011|2.728463|-0.717253|-0.695996|-0.033720|17.141665|0.058637|0.127708
37|26|-1|9244|693|305|HOH|_CU|4346|2618|2230|-O--|CU--|2840|8|29|3|0011|3.721433|-0.364913|-0.487447|0.793243|29.275963|0.004005|0.008724
37|27|-1|9245|612|305|HOH|_CU|4346|2537|2230|-O--|CU--|2840|8|29|3|0011|3.694132|-0.778261|-0.580109|0.240380|20.710478|0.004312|0.009392
