567|0|0|1|SER|PHE|1135|2|13|-C--|-N--|301|0001|555|0|1.345047|0.925999|-0.094000|0.971000|0.000000
567|1|2|1|THR|PHE|1335|33|15|-N--|-C--|103|0001|555|0|1.341825|-1.195999|0.156000|-0.588000|0.000000
567|2|3|2|GLY|THR|113|47|35|-N--|-C--|103|0001|555|0|1.334675|-0.384001|-0.526000|-1.165000|0.000000
567|3|2|4|THR|LYS|1329|35|54|-C--|-N--|301|0001|555|0|3.241841|2.429001|2.145000|0.092000|0.000000
567|4|3|4|GLY|LYS|129|49|54|-C--|-N--|301|0001|555|0|1.338528|0.829000|-0.604000|-0.860000|0.000000
567|5|5|4|PRO|LYS|1929|76|56|-N--|-C--|103|0001|555|0|1.349911|-0.395000|-0.755000|1.047000|0.000000
567|6|6|4|LEU|LYS|729|97|57|-CD2|-O--|604|0001|555|0|3.414939|-2.882000|1.738000|-0.579000|0.000000
567|7|143|4|GLU|LYS|2529|2261|62|-OE2|-NZ-|1014|0001|555|0|2.667483|-2.149000|1.329000|0.855000|0.000000
567|8|6|5|LEU|PRO|719|90|78|-N--|-C--|103|0001|555|0|1.333674|-0.482000|1.209000|0.290999|0.000000
567|9|6|7|LEU|LEU|707|92|109|-C--|-N--|301|0001|555|0|1.334020|1.303000|0.274000|-0.082000|0.000000
567|10|6|143|LEU|GLU|725|96|2261|-CD1|-OE2|610|0001|555|0|3.355341|1.863000|2.611000|-0.985000|0.000000
567|11|7|143|LEU|GLU|725|109|2261|-N--|-OE2|110|0001|555|0|3.933822|0.724000|1.637000|3.503000|0.000000
567|12|8|7|GLY|LEU|107|128|111|-N--|-C--|103|0001|555|0|1.337860|-0.561000|0.243000|1.190000|0.000000
567|13|111|7|ALA|LEU|307|1756|113|-O--|-CB-|405|0001|555|0|3.303251|0.401000|1.005000|3.121000|0.000000
567|14|9|7|GLY|LEU|107|135|112|-N--|-O--|104|0001|555|0|2.984428|0.160000|2.447000|1.701000|0.000000
567|15|7|144|LEU|PHE|735|113|2278|-CB-|-CZ-|512|0001|555|0|3.765081|3.314000|1.511000|0.954000|0.000000
567|16|7|112|LEU|TYR|737|116|1766|-CD2|-O--|604|0001|555|0|3.901096|1.445001|0.302000|-3.611000|0.000000
567|17|8|111|GLY|ALA|103|128|1756|-N--|-O--|104|0001|555|0|2.926788|-1.154000|1.785000|-2.012000|0.000000
567|18|8|9|GLY|GLY|101|130|135|-C--|-N--|301|0001|555|0|1.336431|-0.721000|-0.492000|1.012000|0.000000
567|19|8|112|GLY|TYR|137|129|1771|-CA-|-CE1|212|0001|555|0|3.434547|2.801000|1.983000|-0.135000|0.000000
567|20|8|10|GLY|PRO|119|131|142|-O--|-N--|401|0001|555|0|3.989749|-1.683001|-3.439000|1.122000|0.000000
567|21|8|11|GLY|PHE|135|131|163|-O--|-CD2|412|0001|555|0|3.857042|2.745999|-2.616000|-0.702000|0.000000
567|22|9|10|GLY|PRO|119|137|142|-C--|-N--|301|0001|555|0|1.347325|-0.740000|-1.018000|-0.481000|0.000000
567|23|9|11|GLY|PHE|135|138|163|-O--|-CD2|412|0001|555|0|3.497045|2.474000|-0.088000|-2.470000|0.000000
567|24|9|23|GLY|ASP|121|138|351|-O--|-CB-|405|0001|555|0|3.304665|2.596001|-0.622000|1.948000|0.000000
567|25|10|11|PRO|PHE|1935|144|156|-C--|-N--|301|0001|555|0|1.333173|1.190000|-0.565001|-0.205000|0.000000
567|26|10|107|PRO|GLN|1927|145|1694|-O--|-NE2|409|0001|555|0|2.829394|-2.044000|1.500000|-1.256000|0.000000
567|27|12|11|SER|PHE|1135|176|158|-N--|-C--|103|0001|555|0|1.337990|-0.574000|0.434000|1.128000|0.000000
567|28|22|11|THR|PHE|1335|335|166|-C--|-CZ-|312|0001|555|0|3.312319|-0.543000|2.442000|-2.171000|0.000000
567|29|21|11|LYS|PHE|2935|314|164|-O--|-CE1|412|0001|555|0|3.550936|-1.022000|3.376000|0.409000|0.000000
567|30|108|11|VAL|PHE|535|1709|161|-CG2|-CG-|612|0001|555|0|3.807520|-0.134999|-2.717000|2.664000|0.000000
567|31|13|11|LEU|PHE|735|193|162|-CD1|-CD1|612|0001|555|0|3.657300|-0.276000|-0.329000|3.632000|0.000000
567|32|23|11|ASP|PHE|2135|347|166|-N--|-CZ-|112|0001|555|0|3.176007|0.579000|1.825000|-2.534000|0.000000
567|33|11|26|PHE|TYR|3537|166|402|-CZ-|-CE2|1212|0001|555|0|3.569544|3.501000|0.668000|0.196000|0.000000
567|34|12|104|SER|GLU|1125|181|1651|-OG-|-OE2|1710|0001|555|0|2.536856|0.454000|1.629000|-1.891000|0.000000
567|35|13|12|LEU|SER|711|187|178|-N--|-C--|103|0001|555|0|1.339223|-0.655000|-1.167001|-0.051000|0.000000
567|36|12|21|SER|LYS|1129|177|314|-CA-|-O--|204|0001|555|0|3.166890|2.357000|0.845000|1.939000|0.000000
567|37|12|20|SER|ARG|1131|179|294|-O--|-NE-|407|0001|555|0|2.684197|-0.123000|-2.499000|-0.972000|0.000000
567|38|12|14|SER|THR|1113|179|206|-O--|-N--|401|0001|555|0|3.582028|3.087000|1.226001|-1.341000|0.000000
567|39|13|104|LEU|GLU|725|193|1647|-CD1|-CB-|605|0001|555|0|3.789999|-2.349000|-1.241000|-2.703000|0.000000
567|40|13|21|LEU|LYS|729|190|311|-O--|-N--|401|0001|555|0|2.828526|0.170000|-1.330999|2.490000|0.000000
567|41|13|14|LEU|THR|713|189|206|-C--|-N--|301|0001|555|0|1.335965|0.519000|-0.278999|-1.199000|0.000000
567|42|13|99|LEU|THR|713|191|1572|-CB-|-O--|504|0001|555|0|3.535950|1.293000|-0.661000|-3.224000|0.000000
567|43|13|98|LEU|LEU|707|190|1556|-O--|-CD1|406|0001|555|0|3.799154|2.341000|2.992001|0.035000|0.000000
567|44|13|20|LEU|ARG|731|190|288|-O--|-CA-|402|0001|555|0|3.485883|0.821000|-3.221000|1.050000|0.000000
567|45|13|15|LEU|THR|713|190|220|-O--|-N--|401|0001|555|0|3.964110|3.434000|-0.604000|-1.886000|0.000000
567|46|108|13|VAL|LEU|507|1709|193|-CG2|-CD1|606|0001|555|0|3.436453|1.432001|-2.936000|-1.067000|0.000000
567|47|14|15|THR|THR|1313|208|220|-C--|-N--|301|0001|555|0|1.337593|1.015000|-0.480000|0.727000|0.000000
567|48|14|99|THR|THR|1313|206|1572|-N--|-O--|104|0001|555|0|2.831907|-0.178000|1.995999|-2.001000|0.000000
567|49|14|19|THR|GLU|1325|212|275|-CG2|-O--|604|0001|555|0|3.387653|1.120000|-0.486000|3.160000|0.000000
567|50|98|14|LEU|THR|713|1551|209|-CA-|-O--|204|0001|555|0|3.867792|-0.475000|-3.770000|-0.722000|0.000000
567|51|14|20|THR|ARG|1331|211|294|-OG1|-NE-|1707|0001|555|0|3.467791|-2.643000|-1.355000|1.790000|0.000000
567|52|14|81|THR|LYS|1329|212|1284|-CG2|-CE-|606|0001|555|0|3.744926|3.007000|-0.733999|-2.108000|0.000000
567|53|15|19|THR|GLU|1325|220|275|-N--|-O--|104|0001|555|0|2.873388|-0.577000|-2.632000|0.998000|0.000000
567|54|15|16|THR|HIS|1333|222|234|-C--|-N--|301|0001|555|0|1.332499|0.995000|0.846999|-0.261000|0.000000
567|55|97|15|GLY|THR|113|1546|221|-O--|-CA-|402|0001|555|0|3.771261|-0.855000|-3.492000|1.139000|0.000000
567|56|18|15|GLY|THR|113|265|223|-N--|-O--|104|0001|555|0|3.003580|-1.684000|2.271000|-1.014000|0.000000
567|57|15|17|THR|THR|1313|222|251|-C--|-N--|301|0001|555|0|3.146942|2.926000|-0.954000|0.657000|0.000000
567|58|15|81|THR|LYS|1329|223|1284|-O--|-CE-|406|0001|555|0|3.389623|-0.757000|-2.063999|-2.580000|0.000000
567|59|98|15|LEU|THR|713|1556|226|-CD1|-CG2|606|0001|555|0|3.732553|2.289000|-2.857000|0.728000|0.000000
567|60|97|16|GLY|HIS|133|1546|234|-O--|-N--|401|0001|555|0|3.229710|1.032000|-3.047000|-0.286000|0.000000
567|61|17|16|THR|HIS|1333|251|236|-N--|-C--|103|0001|555|0|1.341701|0.055000|0.311000|-1.304000|0.000000
567|62|81|16|LYS|HIS|2933|1280|238|-O--|-CB-|405|0001|555|0|3.619484|-1.048000|0.316000|3.450000|0.000000
567|63|18|16|GLY|HIS|133|265|236|-N--|-C--|103|0001|555|0|3.225310|1.440000|2.689000|-1.048000|0.000000
567|64|84|16|ILE|HIS|933|1330|238|-CG2|-CB-|605|0001|555|0|3.645284|0.747000|-3.200000|1.578000|0.000000
567|65|85|16|ALA|HIS|333|1344|241|-CA-|-CD2|212|0001|555|0|3.994157|-1.610000|-1.033999|3.506000|0.000000
567|66|96|16|VAL|HIS|533|1528|242|-CA-|-CE1|212|0001|555|0|3.833262|1.532000|-2.843000|-2.065000|0.000000
567|67|88|16|VAL|HIS|533|1393|243|-CG1|-NE2|613|0001|555|0|3.809156|-1.962000|-3.233000|0.456000|0.000000
567|68|18|17|GLY|THR|113|265|253|-N--|-C--|103|0001|555|0|1.340818|1.216000|-0.100000|0.556000|0.000000
567|69|17|19|THR|GLU|1325|253|272|-C--|-N--|301|0001|555|0|3.444107|-3.129000|-0.677000|1.270000|0.000000
567|70|18|19|GLY|GLU|125|267|272|-C--|-N--|301|0001|555|0|1.332672|-0.061000|0.769999|1.086000|0.000000
567|71|18|81|GLY|LYS|129|266|1284|-CA-|-CE-|206|0001|555|0|3.859723|-1.589000|1.355000|-3.246000|0.000000
567|72|19|20|GLU|ARG|2531|274|287|-C--|-N--|301|0001|555|0|1.337969|-0.924000|-0.035999|0.967000|0.000000
567|73|19|21|GLU|LYS|2529|280|319|-OE2|-NZ-|1014|0001|555|0|2.676875|-0.263000|2.267000|1.399000|0.000000
567|74|21|20|LYS|ARG|2931|311|289|-N--|-C--|103|0001|555|0|1.336963|0.283000|-1.305000|-0.066000|0.000000
567|75|104|20|GLU|ARG|2531|1650|297|-OE1|-NH2|1007|0001|555|0|2.905397|-0.105000|-2.847000|0.570000|0.000000
567|76|22|21|THR|LYS|1329|333|313|-N--|-C--|103|0001|555|0|1.338505|0.351000|-0.333000|-1.248000|0.000000
567|77|25|21|ASP|LYS|2129|388|319|-OD2|-NZ-|1014|0001|555|0|2.734193|2.233000|-0.693999|-1.417000|0.000000
567|78|21|26|LYS|TYR|2937|315|404|-CB-|-OH-|518|0001|555|0|3.409710|0.576000|3.338000|-0.390000|0.000000
567|79|22|23|THR|ASP|1321|335|347|-C--|-N--|301|0001|555|0|1.330918|-1.122000|0.617001|0.363000|0.000000
567|80|22|25|THR|ASP|1321|338|387|-OG1|-OD1|1710|0001|555|0|2.722939|2.712000|-0.065000|-0.235000|0.000000
567|81|22|24|THR|LYS|1329|335|359|-C--|-N--|301|0001|555|0|3.186010|-0.642000|0.064000|3.120000|0.000000
567|82|22|26|THR|TYR|1337|336|393|-O--|-N--|401|0001|555|0|3.676309|1.961000|1.525000|2.710000|0.000000
567|83|23|24|ASP|LYS|2129|349|359|-C--|-N--|301|0001|555|0|1.337323|-0.016000|-1.276000|0.400000|0.000000
567|84|23|25|ASP|ASP|2121|349|381|-C--|-N--|301|0001|555|0|3.404499|2.686000|-2.026999|0.517000|0.000000
567|85|23|26|ASP|TYR|2137|350|393|-O--|-N--|401|0001|555|0|3.218859|3.187000|-0.343000|-0.294000|0.000000
567|86|27|23|LEU|ASP|721|414|350|-N--|-O--|104|0001|555|0|2.839828|-1.669000|-2.071000|-0.995000|0.000000
567|87|25|24|ASP|LYS|2129|381|361|-N--|-C--|103|0001|555|0|1.333079|-0.638000|0.033999|1.170000|0.000000
567|88|24|26|LYS|TYR|2937|361|393|-C--|-N--|301|0001|555|0|3.264313|1.637000|2.521000|-1.273000|0.000000
567|89|27|24|LEU|LYS|729|417|367|-O--|-NZ-|414|0001|555|0|2.929167|-2.625000|-0.755001|-1.058001|0.000000
567|90|25|26|ASP|TYR|2137|383|393|-C--|-N--|301|0001|555|0|1.337630|-0.907000|0.958000|-0.221000|0.000000
567|91|25|29|ASP|GLN|2127|384|448|-O--|-NE2|409|0001|555|0|2.868047|2.636000|0.499001|1.014000|0.000000
567|92|27|26|LEU|TYR|737|414|395|-N--|-C--|103|0001|555|0|1.337916|1.315000|-0.205000|-0.137000|0.000000
567|93|28|26|GLY|TYR|137|433|396|-N--|-O--|104|0001|555|0|3.104506|1.735000|0.112000|-2.572001|0.000000
567|94|31|26|LEU|TYR|737|488|396|-CD2|-O--|604|0001|555|0|3.553990|-0.526000|-2.742000|2.199000|0.000000
567|95|29|26|GLN|TYR|2737|440|396|-N--|-O--|104|0001|555|0|2.868539|-1.016000|0.056000|-2.682000|0.000000
567|96|70|26|LEU|TYR|737|1105|402|-CD2|-CE2|612|0001|555|0|3.357413|-1.631000|-2.629000|1.304000|0.000000
567|97|98|26|LEU|TYR|737|1555|404|-CG-|-OH-|618|0001|555|0|3.443678|-0.848000|-0.556000|3.291000|0.000000
567|98|28|27|GLY|LEU|107|433|416|-N--|-C--|103|0001|555|0|1.333871|-0.865000|-0.436000|-0.917001|0.000000
567|99|27|29|LEU|GLN|727|416|440|-C--|-N--|301|0001|555|0|3.791075|3.616000|0.492000|1.027000|0.000000
567|100|142|27|GLY|LEU|107|2249|420|-O--|-CD1|406|0001|555|0|3.286371|-0.974000|-3.082000|-0.594000|0.000000
567|101|27|140|LEU|PRO|719|421|2223|-CD2|-O--|604|0001|555|0|3.988193|2.528000|1.180000|2.849999|0.000000
567|102|28|140|GLY|PRO|119|436|2224|-O--|-CB-|405|0001|555|0|3.433181|-0.549000|3.307000|0.740999|0.000000
567|103|28|29|GLY|GLN|127|435|440|-C--|-N--|301|0001|555|0|1.337139|0.610000|0.556000|-1.052000|0.000000
567|104|140|29|PRO|GLN|1927|2220|443|-N--|-O--|104|0001|555|0|3.111984|1.395000|-1.667000|-2.227000|0.000000
567|105|29|30|GLN|TRP|2739|442|457|-C--|-N--|301|0001|555|0|1.338821|1.146000|0.647000|-0.245999|0.000000
567|106|139|29|GLY|GLN|127|2215|443|-C--|-O--|304|0001|555|0|3.362079|2.093000|-2.306000|-1.267000|0.000000
567|107|31|29|LEU|GLN|727|488|443|-CD2|-O--|604|0001|555|0|3.985425|0.647000|-0.274000|3.923000|0.000000
567|108|31|30|LEU|TRP|739|481|459|-N--|-C--|103|0001|555|0|1.342501|0.783000|-0.712000|0.826000|0.000000
567|109|138|30|ILE|TRP|939|2197|458|-O--|-CA-|402|0001|555|0|3.874779|2.854000|-2.441000|0.954000|0.000000
567|110|68|30|THR|TRP|1339|1070|460|-N--|-O--|104|0001|555|0|3.240514|-2.557000|-0.081000|1.989000|0.000000
567|111|66|30|ASP|TRP|2139|1042|461|-O--|-CB-|405|0001|555|0|3.537725|-3.419000|0.818000|0.396000|0.000000
567|112|140|30|PRO|TRP|1939|2226|466|-CD-|-CE2|612|0001|555|0|3.319992|2.763000|1.794000|0.412000|0.000000
567|113|65|30|PRO|TRP|1939|1029|463|-CB-|-CD1|512|0001|555|0|3.464724|-2.870000|-1.905000|-0.372000|0.000000
567|114|139|30|GLY|TRP|139|2214|467|-CA-|-CE3|212|0001|555|0|3.886742|3.654000|1.288000|0.310000|0.000000
567|115|168|30|TYR|TRP|3739|2657|468|-CB-|-CZ2|512|0001|555|0|3.767062|0.562000|-0.494000|-3.692001|0.000000
567|116|164|30|HIS|TRP|3339|2584|470|-O--|-CH2|412|0001|555|0|3.824494|-1.321000|-2.470000|-2.603999|0.000000
567|117|31|138|LEU|ILE|709|484|2194|-O--|-N--|401|0001|555|0|2.883675|-2.340000|1.297000|1.076000|0.000000
567|118|31|32|LEU|LEU|707|483|500|-C--|-N--|301|0001|555|0|1.335140|0.634000|0.304000|-1.135000|0.000000
567|119|31|68|LEU|THR|713|482|1073|-CA-|-O--|204|0001|555|0|3.311205|2.366000|-0.322000|-2.294000|0.000000
567|120|31|136|LEU|TYR|737|484|2157|-O--|-O--|404|0001|555|0|3.908461|-1.665000|2.331000|-2.659000|0.000000
567|121|31|137|LEU|LEU|707|484|2176|-O--|-CA-|402|0001|555|0|3.588145|-1.457000|3.279000|-0.010000|0.000000
567|122|31|33|LEU|ILE|709|487|524|-CD1|-CG1|606|0001|555|0|3.726401|-1.421000|2.592000|-2.269000|0.000000
567|123|31|70|LEU|LEU|707|487|1105|-CD1|-CD2|606|0001|555|0|3.896785|-0.029000|-0.918000|-3.787000|0.000000
567|124|32|33|LEU|ILE|709|502|519|-C--|-N--|301|0001|555|0|1.334429|-1.190000|0.340000|-0.499000|0.000000
567|125|32|68|LEU|THR|713|500|1073|-N--|-O--|104|0001|555|0|2.966165|2.242000|-1.888000|-0.455000|0.000000
567|126|32|136|LEU|TYR|737|501|2157|-CA-|-O--|204|0001|555|0|3.304268|-2.889000|1.596000|-0.157000|0.000000
567|127|32|135|LEU|MET|717|503|2144|-O--|-CE-|406|0001|555|0|3.294163|1.399000|2.232000|-1.978000|0.000000
567|128|32|70|LEU|LEU|707|503|1098|-O--|-N--|401|0001|555|0|2.840919|1.754000|-1.896000|-1.183000|0.000000
567|129|32|69|LEU|PRO|719|503|1086|-O--|-C--|403|0001|555|0|3.824191|3.032000|-2.151000|-0.897000|0.000000
567|130|32|137|LEU|LEU|707|506|2180|-CD1|-CG-|606|0001|555|0|3.819933|-2.660000|1.448000|2.328000|0.000000
567|131|32|67|LEU|LEU|707|506|1058|-CD1|-CD2|606|0001|555|0|3.644835|3.571000|-0.490000|0.541000|0.000000
567|132|32|148|LEU|PHE|735|507|2347|-CD2|-CD2|612|0001|555|0|3.745287|-1.809000|3.278000|0.097000|0.000000
567|133|33|34|ILE|TYR|937|521|538|-C--|-N--|301|0001|555|0|1.336191|0.681000|-0.246000|-1.123000|0.000000
567|134|33|136|ILE|TYR|937|519|2157|-N--|-O--|104|0001|555|0|2.826793|-1.274000|1.890000|1.672000|0.000000
567|135|33|135|ILE|MET|917|522|2138|-O--|-CA-|402|0001|555|0|3.310465|0.999000|3.156000|-0.029000|0.000000
567|136|70|33|LEU|ILE|709|1101|520|-O--|-CA-|402|0001|555|0|3.536695|-2.374000|1.517000|2.138000|0.000000
567|137|33|138|ILE|ILE|909|526|2201|-CD1|-CD1|606|0001|555|0|3.643984|-0.584000|2.651000|2.431000|0.000000
567|138|33|72|ILE|ILE|909|525|1144|-CG2|-CD1|606|0001|555|0|3.850178|1.139000|-2.743000|-2.450000|0.000000
567|139|33|112|ILE|TYR|937|526|1774|-CD1|-OH-|618|0001|555|0|3.292344|-2.856000|-1.585000|0.413000|0.000000
567|140|35|34|PHE|TYR|3537|559|540|-N--|-C--|103|0001|555|0|1.337617|0.720000|-0.712000|0.874000|0.000000
567|141|70|34|LEU|TYR|737|1101|538|-O--|-N--|401|0001|555|0|2.936098|-1.830000|2.293000|-0.118000|0.000000
567|142|135|34|MET|TYR|1737|2144|542|-CE-|-CB-|605|0001|555|0|3.494793|-1.961000|0.370000|-2.869000|0.000000
567|143|36|34|GLY|TYR|137|580|547|-CA-|-CE2|212|0001|555|0|3.725997|1.532000|2.373000|2.430000|0.000000
567|144|72|34|ILE|TYR|937|1137|541|-N--|-O--|104|0001|555|0|2.899110|-0.529000|2.750000|0.750000|0.000000
567|145|71|34|PHE|TYR|3537|1118|541|-CA-|-O--|204|0001|555|0|3.631724|-2.731000|2.378000|-0.276000|0.000000
567|146|134|34|ILE|TYR|937|2121|544|-O--|-CD1|412|0001|555|0|3.411019|2.758000|-1.137000|-1.654000|0.000000
567|147|36|35|GLY|PHE|135|579|561|-N--|-C--|103|0001|555|0|1.336285|-0.749000|0.940000|0.584000|0.000000
567|148|72|35|ILE|PHE|935|1143|565|-CG2|-CD1|612|0001|555|0|3.702117|-1.424000|3.414000|0.150000|0.000000
567|149|131|35|HIS|PHE|3335|2072|562|-CB-|-O--|504|0001|555|0|3.659188|1.608000|-0.887000|3.165000|0.000000
567|150|114|35|VAL|PHE|535|1813|568|-CG1|-CE2|612|0001|555|0|3.747469|1.885000|-3.211000|0.424000|0.000000
567|151|109|35|ALA|PHE|335|1720|567|-CA-|-CE1|212|0001|555|0|3.603531|3.571000|0.368000|0.313000|0.000000
567|152|108|35|VAL|PHE|535|1706|569|-O--|-CZ-|412|0001|555|0|3.718889|2.991000|1.943000|-1.053000|0.000000
567|153|36|72|GLY|ILE|109|579|1140|-N--|-O--|104|0001|555|0|2.964430|-0.662000|-2.865000|0.376000|0.000000
567|154|36|37|GLY|PHE|135|581|586|-C--|-N--|301|0001|555|0|1.329921|0.839000|0.077000|-1.028999|0.000000
567|155|36|71|GLY|PHE|135|581|1125|-C--|-CE1|312|0001|555|0|3.678409|1.954000|-2.542000|1.803000|0.000000
567|156|36|44|GLY|CYS|115|580|695|-CA-|-SG-|211|0001|555|0|3.603389|2.531000|1.607000|-1.999000|0.000000
567|157|36|74|GLY|ILE|109|582|1167|-O--|-N--|401|0001|555|0|2.926117|-2.172000|-1.958000|-0.104000|0.000000
567|158|36|73|GLY|SER|111|582|1157|-O--|-CA-|402|0001|555|0|3.643272|-0.454000|-3.533000|0.764999|0.000000
567|159|38|37|THR|PHE|1335|606|588|-N--|-C--|103|0001|555|0|1.340465|-0.065000|1.261000|0.450000|0.000000
567|160|37|87|PHE|TYR|3537|589|1376|-O--|-CE2|412|0001|555|0|3.372628|2.718000|-1.021000|1.716001|0.000000
567|161|44|37|CYS|PHE|1535|695|586|-SG-|-N--|1101|0001|555|0|3.136796|-2.023000|-2.384000|-0.252000|0.000000
567|162|39|37|HIS|PHE|3335|620|589|-N--|-O--|104|0001|555|0|2.854542|-0.521000|0.947000|2.641999|0.000000
567|163|40|37|CYS|PHE|1535|643|589|-SG-|-O--|1104|0001|555|0|3.834240|0.507000|-3.277000|1.924999|0.000000
567|164|131|37|HIS|PHE|3335|2076|590|-CE1|-CB-|1205|0001|555|0|3.793685|0.571000|-3.746000|0.183001|0.000000
567|165|75|37|ASP|PHE|2135|1189|594|-O--|-CE1|412|0001|555|0|3.552696|1.410000|3.107000|-0.990000|0.000000
567|166|37|127|PHE|TYR|3537|596|2007|-CZ-|-CD2|1212|0001|555|0|3.750992|-2.231000|0.211000|-3.007999|0.000000
567|167|38|39|THR|HIS|1333|608|620|-C--|-N--|301|0001|555|0|1.341255|-0.171000|1.290000|-0.325000|0.000000
567|168|38|87|THR|TYR|1337|607|1376|-CA-|-CE2|212|0001|555|0|3.920152|2.408000|1.662000|2.609000|0.000000
567|169|38|79|THR|ASP|1321|611|1257|-OG1|-OD1|1710|0001|555|0|2.688386|-0.370000|-2.619000|-0.481000|0.000000
567|170|73|38|SER|THR|1113|1161|611|-OG-|-OG1|1717|0001|555|0|3.325684|2.936000|0.576000|-1.452000|0.000000
567|171|84|38|ILE|THR|913|1331|611|-CD1|-OG1|617|0001|555|0|3.424519|-1.055000|2.044000|-2.537000|0.000000
567|172|40|39|CYS|HIS|1533|638|622|-N--|-C--|103|0001|555|0|1.333697|-0.443000|-0.801000|-0.969999|0.000000
567|173|77|39|GLU|HIS|2533|1219|629|-OE1|-NE2|1013|0001|555|0|2.678972|1.666000|1.977000|0.702000|0.000000
567|174|40|41|CYS|PRO|1519|640|648|-C--|-N--|301|0001|555|0|1.349356|0.384000|1.175000|-0.540999|0.000000
567|175|40|42|CYS|ASP|1521|640|662|-C--|-N--|301|0001|555|0|3.500268|1.177000|2.955000|1.460999|0.000000
567|176|40|173|CYS|CU1|1546|643|2754|-SG-|CU--|1140|0011|555|0|2.430178|-0.254000|0.939000|2.226999|0.000000
567|177|40|131|CYS|HIS|1533|643|2077|-SG-|-NE2|1113|0001|555|0|3.542288|-2.266000|1.139000|2.473000|0.000000
567|178|41|42|PRO|ASP|1921|650|662|-C--|-N--|301|0001|555|0|1.342626|-0.975000|0.506000|0.771999|0.000000
567|179|43|42|VAL|ASP|521|674|664|-N--|-C--|103|0001|555|0|1.338496|1.325000|-0.189000|-0.014999|0.000000
567|180|44|42|CYS|ASP|1521|690|665|-N--|-O--|104|0001|555|0|3.385651|2.833000|1.438000|-1.170000|0.000000
567|181|45|42|LEU|ASP|721|700|665|-N--|-O--|104|0001|555|0|3.048939|0.219000|2.364000|-1.913000|0.000000
567|182|42|46|ASP|GLU|2125|665|719|-O--|-N--|401|0001|555|0|2.832735|1.099000|0.067000|2.610000|0.000000
567|183|43|44|VAL|CYS|515|676|690|-C--|-N--|301|0001|555|0|1.342680|-0.202000|-1.311000|-0.208000|0.000000
567|184|43|45|VAL|LEU|507|676|700|-C--|-N--|301|0001|555|0|3.332887|2.412000|-2.237000|0.535000|0.000000
567|185|43|46|VAL|GLU|525|677|719|-O--|-N--|401|0001|555|0|3.426751|3.415000|-0.254000|0.125999|0.000000
567|186|43|47|VAL|GLU|525|677|734|-O--|-N--|401|0001|555|0|3.155302|1.917000|0.504000|2.455000|0.000000
567|187|43|131|VAL|HIS|533|679|2077|-CG1|-NE2|613|0001|555|0|3.456251|-2.219000|-2.644000|0.176000|0.000000
567|188|43|173|VAL|CU1|546|679|2754|-CG1|CU--|640|0011|555|0|2.852382|-0.207000|-2.844000|-0.070001|0.000000
567|189|43|133|VAL|ILE|509|680|2105|-CG2|-CG2|606|0001|555|0|3.766367|-2.553000|0.433000|2.735000|0.000000
567|190|44|173|CYS|CU1|1546|695|2754|-SG-|CU--|1140|0011|555|0|2.420223|-0.657000|1.418000|-1.848001|0.000000
567|191|45|44|LEU|CYS|715|700|692|-N--|-C--|103|0001|555|0|1.338168|-1.007000|-0.022000|0.881000|0.000000
567|192|48|44|LEU|CYS|715|749|693|-N--|-O--|104|0001|555|0|2.821208|-1.056000|-0.774000|-2.499000|0.000000
567|193|44|46|CYS|GLU|1525|692|719|-C--|-N--|301|0001|555|0|3.384773|2.325000|2.453000|-0.184000|0.000000
567|194|44|47|CYS|GLU|1525|693|734|-O--|-N--|401|0001|555|0|3.357783|0.645000|3.161000|0.931000|0.000000
567|195|44|87|CYS|TYR|1537|694|1378|-CB-|-OH-|518|0001|555|0|3.170561|-0.387000|-3.092000|0.585000|0.000000
567|196|44|131|CYS|HIS|1533|695|2077|-SG-|-NE2|1113|0001|555|0|3.508260|-2.669000|1.618000|-1.602000|0.000000
567|197|45|46|LEU|GLU|725|702|719|-C--|-N--|301|0001|555|0|1.333737|-0.476000|1.166000|-0.439001|0.000000
567|198|45|91|LEU|PHE|735|703|1449|-O--|-CE1|412|0001|555|0|3.700208|1.487000|-3.334000|0.604000|0.000000
567|199|45|48|LEU|LEU|707|703|749|-O--|-N--|401|0001|555|0|3.330139|-2.241000|-0.352000|2.438000|0.000000
567|200|45|47|LEU|GLU|725|702|734|-C--|-N--|301|0001|555|0|3.342237|-1.974000|1.924000|1.890000|0.000000
567|201|45|49|LEU|GLU|725|703|768|-O--|-N--|401|0001|555|0|2.945907|0.579000|-0.317000|2.871000|0.000000
567|202|46|47|GLU|GLU|2525|721|734|-C--|-N--|301|0001|555|0|1.335897|-1.177999|-0.577000|0.253000|0.000000
567|203|48|46|LEU|GLU|725|749|721|-N--|-C--|103|0001|555|0|3.562250|0.767000|2.964000|-1.821000|0.000000
567|204|46|50|GLU|LYS|2529|727|791|-OE2|-NZ-|1014|0001|555|0|2.746367|-1.008000|-1.232000|2.238000|0.000000
567|205|46|49|GLU|GLU|2525|722|772|-O--|-CB-|405|0001|555|0|3.862470|3.244000|-1.960000|0.744000|0.000000
567|206|46|150|GLU|GLN|2527|726|2375|-OE1|-NE2|1009|0001|555|0|2.788566|-2.358000|1.344000|-0.640000|0.000000
567|207|48|47|LEU|GLU|725|749|736|-N--|-C--|103|0001|555|0|1.337696|-0.286000|1.153000|0.615000|0.000000
567|208|47|50|GLU|LYS|2529|741|791|-OE1|-NZ-|1014|0001|555|0|2.759443|2.538000|0.858000|-0.661000|0.000000
567|209|47|49|GLU|GLU|2525|736|768|-C--|-N--|301|0001|555|0|3.306098|3.106000|-1.118000|-0.182000|0.000000
567|210|51|47|MET|GLU|1725|805|737|-N--|-O--|104|0001|555|0|3.054157|-1.586000|-0.368000|-2.584000|0.000000
567|211|47|150|GLU|GLN|2527|742|2367|-OE2|-N--|1001|0001|555|0|2.800556|-0.014000|2.452001|1.353000|0.000000
567|212|149|47|GLY|GLU|125|2361|742|-CA-|-OE2|210|0001|555|0|3.235899|1.283000|-0.925000|-2.823000|0.000000
567|213|48|49|LEU|GLU|725|751|768|-C--|-N--|301|0001|555|0|1.335878|0.762000|0.834000|-0.713000|0.000000
567|214|48|91|LEU|PHE|735|753|1449|-CB-|-CE1|512|0001|555|0|3.525546|3.084000|-0.604000|-1.598000|0.000000
567|215|48|52|LEU|ILE|709|752|822|-O--|-N--|401|0001|555|0|2.883745|0.093000|0.276000|2.869000|0.000000
567|216|48|50|LEU|LYS|729|751|783|-C--|-N--|301|0001|555|0|3.566316|1.176000|3.180000|1.106000|0.000000
567|217|48|51|LEU|MET|717|756|812|-CD2|-CE-|606|0001|555|0|3.683800|-0.131000|0.850000|3.582000|0.000000
567|218|48|87|LEU|TYR|737|755|1375|-CD1|-CE1|612|0001|555|0|3.668424|-1.163000|-2.837000|-2.014000|0.000000
567|219|49|91|GLU|PHE|2535|768|1449|-N--|-CE1|112|0001|555|0|3.881500|0.908000|-3.017000|-2.267000|0.000000
567|220|49|50|GLU|LYS|2529|770|783|-C--|-N--|301|0001|555|0|1.337748|-0.708000|1.135000|-0.009000|0.000000
567|221|52|49|ILE|GLU|925|822|771|-N--|-O--|104|0001|555|0|3.103821|1.857000|1.741000|-1.776000|0.000000
567|222|51|49|MET|GLU|1725|805|771|-N--|-O--|104|0001|555|0|3.152682|2.796000|-0.973000|-1.084000|0.000000
567|223|49|53|GLU|GLN|2527|776|849|-OE2|-NE2|1009|0001|555|0|2.701266|0.831000|1.557000|2.045000|0.000000
567|224|51|50|MET|LYS|1729|805|785|-N--|-C--|103|0001|555|0|1.337702|0.975000|0.886000|0.232000|0.000000
567|225|52|50|ILE|LYS|929|822|785|-N--|-C--|103|0001|555|0|3.629448|0.036000|3.600000|-0.460000|0.000000
567|226|54|50|VAL|LYS|529|864|786|-CG2|-O--|604|0001|555|0|3.659082|0.525001|0.630001|-3.566000|0.000000
567|227|52|51|ILE|MET|917|822|807|-N--|-C--|103|0001|555|0|1.339174|-0.624000|0.813000|0.862000|0.000000
567|228|51|53|MET|GLN|1727|808|841|-O--|-N--|401|0001|555|0|3.216834|3.028000|-0.344000|-1.030000|0.000000
567|229|54|51|VAL|MET|517|858|808|-N--|-O--|104|0001|555|0|2.890191|-2.351000|-0.449000|-1.620000|0.000000
567|230|55|51|VAL|MET|517|874|808|-N--|-O--|104|0001|555|0|3.824482|-1.571000|1.915000|-2.914000|0.000000
567|231|51|135|MET|MET|1717|812|2144|-CE-|-CE-|606|0001|555|0|3.514186|-3.371000|-0.456000|0.882000|0.000000
567|232|51|69|MET|PRO|1719|812|1088|-CE-|-CB-|605|0001|555|0|3.894192|0.204000|-3.195000|2.217000|0.000000
567|233|52|53|ILE|GLN|927|824|841|-C--|-N--|301|0001|555|0|1.341070|0.644000|1.143000|-0.278000|0.000000
567|234|55|52|VAL|ILE|509|874|825|-N--|-O--|104|0001|555|0|2.846652|1.031000|-0.223000|-2.644000|0.000000
567|235|54|52|VAL|ILE|509|858|825|-N--|-O--|104|0001|555|0|2.928834|0.251000|-2.587000|-1.350000|0.000000
567|236|52|56|ILE|ASP|921|825|890|-O--|-N--|401|0001|555|0|3.399466|1.181000|-1.520000|2.802000|0.000000
567|237|52|91|ILE|PHE|935|827|1445|-CG1|-CB-|605|0001|555|0|3.940119|2.156000|-1.531000|-2.921000|0.000000
567|238|52|92|ILE|SER|911|828|1465|-CG2|-CB-|605|0001|555|0|3.313919|1.141000|-3.092000|0.346000|0.000000
567|239|52|69|ILE|PRO|919|829|1089|-CD1|-CG-|606|0001|555|0|3.686904|-1.910000|-2.069000|2.380000|0.000000
567|240|54|53|VAL|GLN|527|858|843|-N--|-C--|103|0001|555|0|1.340963|1.292001|-0.226000|-0.279000|0.000000
567|241|55|53|VAL|GLN|527|874|843|-N--|-C--|103|0001|555|0|3.367278|2.072001|2.138000|-1.573000|0.000000
567|242|53|154|GLN|LYS|2729|848|2451|-OE1|-CE-|806|0001|555|0|3.206752|-0.957000|-0.497000|3.020000|0.000000
567|243|57|53|GLU|GLN|2527|902|844|-N--|-O--|104|0001|555|0|3.151135|-0.835000|1.920000|-2.355000|0.000000
567|244|56|53|ASP|GLN|2127|890|844|-N--|-O--|104|0001|555|0|3.888111|0.695000|3.731000|-0.845000|0.000000
567|245|54|55|VAL|VAL|505|860|874|-C--|-N--|301|0001|555|0|1.337173|-0.184000|-1.084000|-0.761000|0.000000
567|246|54|154|VAL|LYS|529|864|2447|-CG2|-O--|604|0001|555|0|3.613032|0.185000|3.357000|1.323000|0.000000
567|247|54|57|VAL|GLU|525|861|902|-O--|-N--|401|0001|555|0|3.579743|3.440000|-0.941000|-0.309000|0.000000
567|248|54|56|VAL|ASP|521|860|890|-C--|-N--|301|0001|555|0|3.531051|2.028000|-2.827000|-0.603000|0.000000
567|249|54|58|VAL|ILE|509|861|917|-O--|-N--|401|0001|555|0|2.875717|1.802000|-0.788000|2.098000|0.000000
567|250|54|157|VAL|ILE|509|863|2494|-CG1|-CG2|606|0001|555|0|3.809618|-3.404000|1.513000|-0.798000|0.000000
567|251|158|54|ALA|VAL|305|2507|863|-N--|-CG1|106|0001|555|0|3.892764|1.173000|-3.139000|-1.981000|0.000000
567|252|55|56|VAL|ASP|521|876|890|-C--|-N--|301|0001|555|0|1.334346|1.019000|0.146000|-0.849000|0.000000
567|253|55|57|VAL|GLU|525|876|902|-C--|-N--|301|0001|555|0|3.280879|2.549000|1.957000|0.661000|0.000000
567|254|55|58|VAL|ILE|509|877|917|-O--|-N--|401|0001|555|0|3.317031|0.785000|2.575000|1.938000|0.000000
567|255|55|59|VAL|ASP|521|877|936|-O--|-N--|401|0001|555|0|3.176150|1.092000|-0.056000|2.982000|0.000000
567|256|55|69|VAL|PRO|519|879|1090|-CG1|-CD-|606|0001|555|0|3.869972|-3.177999|-1.630000|-1.490000|0.000000
567|257|55|67|VAL|LEU|507|879|1054|-CG1|-O--|604|0001|555|0|3.621138|-2.578000|-1.956000|1.625000|0.000000
567|258|56|57|ASP|GLU|2125|892|902|-C--|-N--|301|0001|555|0|1.338009|-0.427000|1.266000|0.072000|0.000000
567|259|58|56|ILE|ASP|921|917|892|-N--|-C--|103|0001|555|0|3.524659|2.065000|-1.419000|-2.479000|0.000000
567|260|60|56|SER|ASP|1121|948|893|-N--|-O--|104|0001|555|0|3.159809|-0.266999|0.812000|-3.042000|0.000000
567|261|56|59|ASP|ASP|2121|893|936|-O--|-N--|401|0001|555|0|3.762102|-2.528000|-0.733000|2.688000|0.000000
567|262|92|56|SER|ASP|1121|1466|896|-OG-|-OD1|1710|0001|555|0|2.666844|0.636001|2.156000|1.435000|0.000000
567|263|58|57|ILE|GLU|925|917|904|-N--|-C--|103|0001|555|0|1.337416|1.295000|0.334000|0.010000|0.000000
567|264|60|57|SER|GLU|1125|948|905|-N--|-O--|104|0001|555|0|3.246522|-1.143999|3.017000|-0.359000|0.000000
567|265|59|57|ASP|GLU|2125|936|904|-N--|-C--|103|0001|555|0|3.291888|0.988000|2.965000|-1.034000|0.000000
567|266|61|57|ILE|GLU|925|959|905|-N--|-O--|104|0001|555|0|2.762418|-1.452999|0.811000|-2.205000|0.000000
567|267|57|154|GLU|LYS|2529|910|2452|-OE2|-NZ-|1014|0001|555|0|2.640763|-1.231999|0.974000|-2.123000|0.000000
567|268|58|59|ILE|ASP|921|919|936|-C--|-N--|301|0001|555|0|1.330316|0.424000|-0.963000|-0.814000|0.000000
567|269|58|60|ILE|SER|911|919|948|-C--|-N--|301|0001|555|0|3.414574|3.218999|-1.042000|-0.460000|0.000000
567|270|58|61|ILE|ILE|909|920|959|-O--|-N--|401|0001|555|0|3.622823|3.414000|1.202000|0.157000|0.000000
567|271|58|62|ILE|THR|913|920|978|-O--|-N--|401|0001|555|0|2.912710|2.014000|-0.174000|2.096999|0.000000
567|272|64|58|LEU|ILE|709|1013|922|-CD2|-CG1|606|0001|555|0|3.798641|0.783000|-2.072000|-3.086000|0.000000
567|273|58|65|ILE|PRO|919|923|1028|-CG2|-O--|604|0001|555|0|3.003072|-2.186000|-1.153000|1.706000|0.000000
567|274|67|58|LEU|ILE|709|1058|924|-CD2|-CD1|606|0001|555|0|3.989960|2.716000|1.810000|2.295000|0.000000
567|275|58|161|ILE|ILE|909|924|2545|-CD1|-CD1|606|0001|555|0|3.654485|-3.346000|1.357000|-0.563999|0.000000
567|276|60|59|SER|ASP|1121|948|938|-N--|-C--|103|0001|555|0|1.335273|-0.754999|-0.897000|0.639000|0.000000
567|277|61|59|ILE|ASP|921|959|938|-N--|-C--|103|0001|555|0|3.495361|-1.063999|-3.103000|-1.207000|0.000000
567|278|62|59|THR|ASP|1321|978|939|-N--|-O--|104|0001|555|0|3.173822|0.710000|-2.263000|-2.108999|0.000000
567|279|59|94|ASP|LYS|2129|943|1494|-OD2|-NZ-|1014|0001|555|0|2.824856|-2.679000|-0.754000|-0.483999|0.000000
567|280|59|66|ASP|ASP|2121|942|1045|-OD1|-OD1|1010|0001|555|0|3.550118|-3.406000|0.232000|-0.974000|0.000000
567|281|61|60|ILE|SER|911|959|950|-N--|-C--|103|0001|555|0|1.338010|0.923000|-0.966000|-0.072000|0.000000
567|282|60|62|SER|THR|1113|951|983|-O--|-OG1|417|0001|555|0|2.931739|-0.989000|-1.963000|1.940001|0.000000
567|283|61|62|ILE|THR|913|961|978|-C--|-N--|301|0001|555|0|1.345071|-0.528000|-1.176000|-0.384001|0.000000
567|284|61|63|ILE|THR|913|962|992|-O--|-N--|401|0001|555|0|2.778672|-2.383000|-1.290000|0.615000|0.000000
567|285|62|63|THR|THR|1313|980|992|-C--|-N--|301|0001|555|0|1.336887|-0.199000|1.215000|0.521000|0.000000
567|286|62|170|THR|LYS|1329|981|2706|-O--|-NZ-|414|0001|555|0|2.768362|-1.961000|-1.524000|-1.223000|0.000000
567|287|64|62|LEU|THR|713|1009|981|-O--|-O--|404|0001|555|0|3.366956|3.071000|-0.966000|0.986000|0.000000
567|288|172|62|SER|THR|1113|2747|981|-OG-|-O--|1704|0001|555|0|3.536700|-0.224000|0.416000|-3.504999|0.000000
567|289|64|63|LEU|THR|713|1006|994|-N--|-C--|103|0001|555|0|1.334078|0.230000|-0.240000|1.292000|0.000000
567|290|172|63|SER|THR|1113|2747|993|-OG-|-CA-|1702|0001|555|0|3.586116|-0.510000|2.923000|-2.014000|0.000000
567|291|63|170|THR|LYS|1329|995|2702|-O--|-CB-|405|0001|555|0|3.574284|-1.465000|-3.260000|0.041000|0.000000
567|292|63|165|THR|MET|1317|995|2605|-O--|-CE-|406|0001|555|0|3.225936|-1.108000|1.994000|2.281000|0.000000
567|293|64|65|LEU|PRO|719|1008|1025|-C--|-N--|301|0001|555|0|1.352040|-1.331000|-0.169000|-0.167000|0.000000
567|294|64|66|LEU|ASP|721|1009|1039|-O--|-N--|401|0001|555|0|3.581081|-1.839000|-2.247000|-2.096000|0.000000
567|295|64|170|LEU|LYS|729|1009|2706|-O--|-NZ-|414|0001|555|0|2.736488|1.110000|-2.490000|-0.237000|0.000000
567|296|64|161|LEU|ILE|709|1013|2544|-CD2|-CG2|606|0001|555|0|3.942560|-3.535000|-1.281000|-1.186001|0.000000
567|297|158|64|ALA|LEU|307|2510|1013|-O--|-CD2|406|0001|555|0|3.766135|1.413000|-3.330000|1.048000|0.000000
567|298|162|64|ALA|LEU|307|2557|1013|-N--|-CD2|106|0001|555|0|3.753750|2.951000|-2.120999|-0.940000|0.000000
567|299|65|66|PRO|ASP|1921|1027|1039|-C--|-N--|301|0001|555|0|1.340129|0.197000|-1.311000|-0.196000|0.000000
567|300|65|170|PRO|LYS|1929|1025|2702|-N--|-CB-|105|0001|555|0|3.825006|1.134000|-1.905000|3.117000|0.000000
567|301|67|65|LEU|PRO|719|1051|1028|-N--|-O--|104|0001|555|0|3.742434|0.505000|2.256000|2.943000|0.000000
567|302|161|65|ILE|PRO|919|2544|1030|-CG2|-CG-|606|0001|555|0|3.823336|-0.419000|-3.023000|2.303000|0.000000
567|303|165|65|MET|PRO|1719|2602|1031|-CB-|-CD-|506|0001|555|0|3.807447|0.451000|-2.887000|-2.441000|0.000000
567|304|67|66|LEU|ASP|721|1051|1041|-N--|-C--|103|0001|555|0|1.332685|-0.321000|-0.279000|1.263000|0.000000
567|305|66|170|ASP|LYS|2129|1039|2705|-N--|-CE-|106|0001|555|0|3.299319|1.830999|-0.888000|2.596999|0.000000
567|306|66|94|ASP|LYS|2129|1045|1494|-OD1|-NZ-|1014|0001|555|0|2.684956|1.855000|-1.412000|-1.332000|0.000000
567|307|67|68|LEU|THR|713|1053|1070|-C--|-N--|301|0001|555|0|1.336691|-1.191000|-0.481000|-0.370000|0.000000
567|308|67|69|LEU|PRO|719|1054|1090|-O--|-CD-|406|0001|555|0|3.188965|-0.600000|0.326000|-3.115000|0.000000
567|309|67|94|LEU|LYS|729|1054|1492|-O--|-CD-|406|0001|555|0|3.955168|3.463000|-1.819000|-0.585000|0.000000
567|310|67|161|LEU|ILE|709|1058|2545|-CD2|-CD1|606|0001|555|0|3.663762|-0.630000|3.167000|1.731000|0.000000
567|311|68|69|THR|PRO|1319|1072|1084|-C--|-N--|301|0001|555|0|1.344957|0.814000|0.306000|-1.026000|0.000000
567|312|70|68|LEU|THR|713|1098|1073|-N--|-O--|104|0001|555|0|3.619652|0.534000|0.359000|3.562000|0.000000
567|313|70|69|LEU|PRO|719|1098|1086|-N--|-C--|103|0001|555|0|1.334206|1.278000|-0.255000|0.286000|0.000000
567|314|96|69|VAL|PRO|519|1527|1087|-N--|-O--|104|0001|555|0|3.360230|-1.310000|2.657000|1.586000|0.000000
567|315|95|69|LEU|PRO|719|1509|1087|-CA-|-O--|204|0001|555|0|3.573843|-2.995000|0.890000|1.735000|0.000000
567|316|69|94|PRO|LYS|1929|1087|1489|-O--|-O--|404|0001|555|0|3.361380|2.731000|-1.733000|0.915000|0.000000
567|317|70|71|LEU|PHE|735|1100|1117|-C--|-N--|301|0001|555|0|1.333500|0.402000|-0.577000|-1.133000|0.000000
567|318|70|135|LEU|MET|717|1101|2144|-O--|-CE-|406|0001|555|0|3.830418|1.574000|3.251000|1.275000|0.000000
567|319|70|72|LEU|ILE|709|1105|1144|-CD2|-CD1|606|0001|555|0|3.641992|-0.979000|1.008000|-3.360000|0.000000
567|320|70|98|LEU|LEU|707|1104|1557|-CD1|-CD2|606|0001|555|0|3.538342|-0.084000|-1.952000|-2.950000|0.000000
567|321|72|71|ILE|PHE|935|1137|1119|-N--|-C--|103|0001|555|0|1.338473|1.132000|-0.561000|0.442000|0.000000
567|322|96|71|VAL|PHE|535|1530|1117|-O--|-N--|401|0001|555|0|3.343320|-1.633000|2.917000|-0.047000|0.000000
567|323|98|71|LEU|PHE|735|1550|1120|-N--|-O--|104|0001|555|0|2.914254|-0.516000|2.811000|0.570000|0.000000
567|324|97|71|GLY|PHE|135|1545|1120|-C--|-O--|304|0001|555|0|3.870843|-1.706000|3.410000|0.667000|0.000000
567|325|95|71|LEU|PHE|735|1514|1121|-CD1|-CB-|605|0001|555|0|3.767034|-3.161000|-0.256000|-2.033000|0.000000
567|326|71|87|PHE|TYR|3537|1126|1375|-CE2|-CE1|1212|0001|555|0|3.154126|1.972000|2.320000|-0.823000|0.000000
567|327|73|71|SER|PHE|1135|1156|1125|-N--|-CE1|112|0001|555|0|3.906893|3.403000|1.876000|-0.405000|0.000000
567|328|84|71|ILE|PHE|935|1331|1126|-CD1|-CE2|612|0001|555|0|3.492314|0.362000|2.743000|2.131000|0.000000
567|329|72|73|ILE|SER|911|1139|1156|-C--|-N--|301|0001|555|0|1.331792|-0.112000|-1.009000|-0.862000|0.000000
567|330|98|72|LEU|ILE|709|1553|1138|-O--|-CA-|402|0001|555|0|3.506236|-0.522000|3.267000|1.161000|0.000000
567|331|72|74|ILE|ILE|909|1140|1167|-O--|-N--|401|0001|555|0|3.432136|-1.896000|-0.458000|-2.824000|0.000000
567|332|98|73|LEU|SER|711|1553|1156|-O--|-N--|401|0001|555|0|2.929752|-0.614000|2.604000|-1.194000|0.000000
567|333|74|73|ILE|SER|911|1167|1158|-N--|-C--|103|0001|555|0|1.343081|0.304000|-1.263000|0.341000|0.000000
567|334|73|75|SER|ASP|1121|1159|1186|-O--|-N--|401|0001|555|0|2.995135|-0.999000|1.303000|-2.505000|0.000000
567|335|105|73|VAL|SER|511|1663|1159|-CG1|-O--|604|0001|555|0|3.329862|3.264000|-0.002000|-0.658999|0.000000
567|336|73|79|SER|ASP|1121|1161|1258|-OG-|-OD2|1710|0001|555|0|2.650150|0.923000|-2.434000|-0.497000|0.000000
567|337|74|75|ILE|ASP|921|1169|1186|-C--|-N--|301|0001|555|0|1.328258|0.658000|-0.717000|-0.904000|0.000000
567|338|105|74|VAL|ILE|509|1663|1170|-CG1|-O--|604|0001|555|0|3.165937|0.382000|2.145000|-2.297000|0.000000
567|339|74|102|ILE|ARG|931|1170|1613|-O--|-NH1|407|0001|555|0|2.856088|-2.078000|-1.712000|-0.953000|0.000000
567|340|74|116|ILE|TYR|937|1174|1852|-CD1|-CD2|612|0001|555|0|3.565295|-3.015000|1.332000|-1.359000|0.000000
567|341|74|131|ILE|HIS|933|1174|2072|-CD1|-CB-|605|0001|555|0|3.661565|2.899000|2.134000|-0.670000|0.000000
567|342|76|75|PRO|ASP|1921|1198|1188|-N--|-C--|103|0001|555|0|1.348309|0.204000|1.311000|-0.240000|0.000000
567|343|75|102|ASP|ARG|2131|1192|1613|-OD1|-NH1|1007|0001|555|0|2.777867|-1.044000|0.567000|2.511000|0.000000
567|344|75|77|ASP|GLU|2125|1189|1212|-O--|-N--|401|0001|555|0|2.885125|-0.417000|-2.070000|-1.966000|0.000000
567|345|75|127|ASP|TYR|2137|1193|2011|-OD2|-OH-|1018|0001|555|0|2.751419|-0.933000|2.070000|-1.554001|0.000000
567|346|76|77|PRO|GLU|1925|1200|1212|-C--|-N--|301|0001|555|0|1.342242|0.219000|0.986000|-0.884000|0.000000
567|347|76|79|PRO|ASP|1921|1199|1255|-CA-|-CB-|205|0001|555|0|3.617209|3.544000|-0.645000|0.329000|0.000000
567|348|76|78|PRO|ARG|1931|1201|1227|-O--|-N--|401|0001|555|0|3.066113|2.326000|0.406000|-1.956000|0.000000
567|349|99|76|THR|PRO|1319|1574|1202|-OG1|-CB-|1705|0001|555|0|3.943392|-2.499000|0.638000|-2.983001|0.000000
567|350|76|102|PRO|ARG|1931|1203|1604|-CG-|-N--|601|0001|555|0|3.975300|-3.414000|-1.531000|1.343000|0.000000
567|351|77|78|GLU|ARG|2531|1214|1227|-C--|-N--|301|0001|555|0|1.334793|1.111000|-0.357000|0.647999|0.000000
567|352|79|77|ASP|GLU|2125|1251|1214|-N--|-C--|103|0001|555|0|3.974133|-2.821000|1.074000|-2.584999|0.000000
567|353|79|78|ASP|ARG|2131|1251|1229|-N--|-C--|103|0001|555|0|1.335793|0.373000|-0.396000|-1.219999|0.000000
567|354|80|78|THR|ARG|1331|1268|1230|-OG1|-O--|1704|0001|555|0|3.057898|-1.863000|2.052000|-1.292000|0.000000
567|355|80|79|THR|ASP|1321|1263|1253|-N--|-C--|103|0001|555|0|1.337176|-1.265000|0.018001|-0.433001|0.000000
567|356|99|79|THR|ASP|1321|1574|1258|-OG1|-OD2|1710|0001|555|0|2.657920|1.672000|1.592000|-1.317000|0.000000
567|357|84|79|ILE|ASP|921|1331|1257|-CD1|-OD1|610|0001|555|0|3.386676|-1.425000|-0.575000|-3.018000|0.000000
567|358|80|81|THR|LYS|1329|1265|1277|-C--|-N--|301|0001|555|0|1.337153|0.090000|-1.078000|0.785999|0.000000
567|359|80|82|THR|GLU|1325|1269|1306|-CG2|-OE1|610|0001|555|0|3.114635|1.251000|-2.077000|1.955000|0.000000
567|360|83|80|ALA|THR|313|1314|1266|-N--|-O--|104|0001|555|0|3.084725|-2.909000|-0.122000|1.019000|0.000000
567|361|84|80|ILE|THR|913|1324|1266|-N--|-O--|104|0001|555|0|2.865886|-1.862000|-2.020000|-0.816000|0.000000
567|362|82|81|GLU|LYS|2529|1299|1279|-N--|-C--|103|0001|555|0|1.323484|-0.578000|0.375000|1.130000|0.000000
567|363|83|81|ALA|LYS|329|1314|1279|-N--|-C--|103|0001|555|0|3.479847|-1.233000|-1.872999|2.661000|0.000000
567|364|85|81|ALA|LYS|329|1343|1280|-N--|-O--|104|0001|555|0|2.771609|-1.401000|-2.346001|-0.464000|0.000000
567|365|84|81|ILE|LYS|929|1324|1280|-N--|-O--|104|0001|555|0|3.565856|0.392000|-3.117001|1.687000|0.000000
567|366|83|82|ALA|GLU|325|1314|1301|-N--|-C--|103|0001|555|0|1.339357|0.986000|-0.615999|0.665001|0.000000
567|367|85|82|ALA|GLU|325|1343|1302|-N--|-O--|104|0001|555|0|3.511798|1.294000|-1.167001|-3.049000|0.000000
567|368|84|82|ILE|GLU|925|1324|1301|-N--|-C--|103|0001|555|0|3.438340|2.033000|-2.514000|-1.169999|0.000000
567|369|86|82|ASN|GLU|2325|1360|1302|-ND2|-O--|904|0001|555|0|2.821637|-2.581000|-0.826000|0.786000|0.000000
567|370|83|84|ALA|ILE|309|1316|1324|-C--|-N--|301|0001|555|0|1.338142|-0.916000|-0.388000|0.895000|0.000000
567|371|83|85|ALA|ALA|303|1316|1343|-C--|-N--|301|0001|555|0|3.374985|0.877000|-1.158999|3.046000|0.000000
567|372|83|86|ALA|ASN|323|1317|1353|-O--|-N--|401|0001|555|0|3.303449|2.559999|-1.063000|1.797000|0.000000
567|373|83|87|ALA|TYR|337|1317|1367|-O--|-N--|401|0001|555|0|2.956292|1.743999|1.725000|1.650001|0.000000
567|374|85|84|ALA|ILE|309|1343|1326|-N--|-C--|103|0001|555|0|1.336064|-0.645000|1.170000|0.012000|0.000000
567|375|84|86|ILE|ASN|923|1326|1353|-C--|-N--|301|0001|555|0|3.263526|3.085000|-0.127000|-1.057000|0.000000
567|376|84|87|ILE|TYR|937|1327|1367|-O--|-N--|401|0001|555|0|3.083472|1.823999|1.699000|-1.815000|0.000000
567|377|88|84|VAL|ILE|509|1388|1327|-N--|-O--|104|0001|555|0|2.716779|-1.528000|-2.009000|-1.005000|0.000000
567|378|97|84|GLY|ILE|109|1544|1330|-CA-|-CG2|206|0001|555|0|3.669022|1.128000|-0.973000|-3.353000|0.000000
567|379|85|86|ALA|ASN|323|1345|1353|-C--|-N--|301|0001|555|0|1.335699|0.054999|0.342000|-1.290001|0.000000
567|380|85|87|ALA|TYR|337|1345|1367|-C--|-N--|301|0001|555|0|3.527179|-0.761001|3.130000|-1.437000|0.000000
567|381|85|89|ALA|LYS|329|1346|1404|-O--|-N--|401|0001|555|0|2.884210|0.903000|2.384000|1.349000|0.000000
567|382|85|88|ALA|VAL|305|1346|1388|-O--|-N--|401|0001|555|0|3.545414|-1.839000|2.979000|0.560000|0.000000
567|383|86|87|ASN|TYR|2337|1355|1367|-C--|-N--|301|0001|555|0|1.334324|-1.286000|0.340000|-0.105000|0.000000
567|384|86|89|ASN|LYS|2329|1359|1412|-OD1|-NZ-|814|0001|555|0|2.832596|1.281000|2.099000|1.406000|0.000000
567|385|88|86|VAL|ASN|523|1388|1355|-N--|-C--|103|0001|555|0|3.208808|1.582000|-0.650000|-2.715000|0.000000
567|386|86|90|ASN|GLU|2325|1356|1434|-O--|-OE2|410|0001|555|0|3.139996|2.124000|1.298000|-1.914000|0.000000
567|387|88|87|VAL|TYR|537|1388|1369|-N--|-C--|103|0001|555|0|1.334937|-0.014000|1.096000|-0.762000|0.000000
567|388|89|87|LYS|TYR|2937|1404|1369|-N--|-C--|103|0001|555|0|3.586170|-2.756000|1.691000|-1.551000|0.000000
567|389|91|87|PHE|TYR|3537|1450|1370|-CE2|-O--|1204|0001|555|0|3.180733|-0.254000|-3.118000|-0.575000|0.000000
567|390|88|89|VAL|LYS|529|1390|1404|-C--|-N--|301|0001|555|0|1.342715|0.815000|-0.678000|-0.824000|0.000000
567|391|88|90|VAL|GLU|525|1391|1426|-O--|-N--|401|0001|555|0|3.103052|1.851000|0.898000|-2.323000|0.000000
567|392|88|92|VAL|SER|511|1391|1461|-O--|-N--|401|0001|555|0|3.724019|1.414000|2.091000|2.738000|0.000000
567|393|88|91|VAL|PHE|535|1391|1441|-O--|-N--|401|0001|555|0|3.306820|1.629000|2.861000|-0.310000|0.000000
567|394|88|95|VAL|LEU|507|1393|1511|-CG1|-O--|604|0001|555|0|3.184253|-2.291000|0.602000|2.128000|0.000000
567|395|90|89|GLU|LYS|2529|1426|1406|-N--|-C--|103|0001|555|0|1.330673|0.657001|-0.956000|0.652000|0.000000
567|396|89|91|LYS|PHE|2935|1406|1441|-C--|-N--|301|0001|555|0|3.338491|-0.879001|2.919000|1.361000|0.000000
567|397|90|91|GLU|PHE|2535|1428|1441|-C--|-N--|301|0001|555|0|1.345611|-0.758000|-0.302000|1.070000|0.000000
567|398|92|91|SER|PHE|1135|1461|1443|-N--|-C--|103|0001|555|0|1.337258|0.667001|1.012000|-0.565000|0.000000
567|399|95|91|LEU|PHE|735|1515|1448|-CD2|-CD2|612|0001|555|0|3.786653|2.477000|1.762000|-2.258000|0.000000
567|400|92|93|SER|PRO|1119|1463|1472|-C--|-N--|301|0001|555|0|1.350595|0.569000|-1.045000|0.639000|0.000000
567|401|92|94|SER|LYS|1129|1464|1486|-O--|-N--|401|0001|555|0|3.201293|-0.394000|-1.326000|2.887000|0.000000
567|402|95|92|LEU|SER|711|1508|1464|-N--|-O--|104|0001|555|0|3.105072|2.670000|0.453000|-1.519000|0.000000
567|403|93|94|PRO|LYS|1929|1474|1486|-C--|-N--|301|0001|555|0|1.342095|-0.271000|1.036000|0.809000|0.000000
567|404|95|93|LEU|PRO|719|1508|1474|-N--|-C--|103|0001|555|0|3.231714|2.547000|-1.909000|0.559000|0.000000
567|405|95|94|LEU|LYS|729|1508|1488|-N--|-C--|103|0001|555|0|1.341805|-0.202000|-0.444000|1.250000|0.000000
567|406|96|94|VAL|LYS|529|1527|1489|-N--|-O--|104|0001|555|0|3.021261|1.421000|0.924000|2.501000|0.000000
567|407|96|95|VAL|LEU|507|1527|1510|-N--|-C--|103|0001|555|0|1.334587|1.090000|0.440000|-0.632000|0.000000
567|408|97|95|GLY|LEU|107|1543|1511|-N--|-O--|104|0001|555|0|3.611219|3.181000|1.233000|1.184000|0.000000
567|409|97|96|GLY|VAL|105|1543|1529|-N--|-C--|103|0001|555|0|1.337395|-0.078000|0.685000|1.146000|0.000000
567|410|96|98|VAL|LEU|507|1530|1557|-O--|-CD2|406|0001|555|0|3.435025|-2.724000|-2.034000|0.492000|0.000000
567|411|97|98|GLY|LEU|107|1545|1550|-C--|-N--|301|0001|555|0|1.335781|-1.190000|0.599000|0.097000|0.000000
567|412|97|99|GLY|THR|113|1546|1569|-O--|-N--|401|0001|555|0|3.992800|-3.642000|0.157001|-1.629000|0.000000
567|413|98|99|LEU|THR|713|1552|1569|-C--|-N--|301|0001|555|0|1.333373|-0.279000|-1.141000|-0.631000|0.000000
567|414|100|99|GLY|THR|113|1583|1571|-N--|-C--|103|0001|555|0|1.330085|0.707000|0.554000|0.981000|0.000000
567|415|100|101|GLY|THR|113|1585|1590|-C--|-N--|301|0001|555|0|1.336809|-1.297000|-0.075000|0.315001|0.000000
567|416|100|104|GLY|GLU|125|1584|1650|-CA-|-OE1|210|0001|555|0|3.756789|-2.903000|-1.064000|2.134000|0.000000
567|417|101|102|THR|ARG|1331|1592|1604|-C--|-N--|301|0001|555|0|1.339628|-0.526000|0.382999|-1.171000|0.000000
567|418|101|104|THR|GLU|1325|1593|1643|-O--|-N--|401|0001|555|0|3.082253|-2.540000|0.013000|1.746000|0.000000
567|419|101|103|THR|GLU|1325|1595|1635|-OG1|-OE1|1710|0001|555|0|2.542181|-1.632000|0.306000|-1.925000|0.000000
567|420|105|101|VAL|THR|513|1658|1593|-N--|-O--|104|0001|555|0|2.938654|0.618000|-2.119000|-1.940000|0.000000
567|421|103|102|GLU|ARG|2531|1628|1606|-N--|-C--|103|0001|555|0|1.329789|0.811000|0.989000|-0.364000|0.000000
567|422|105|102|VAL|ARG|531|1658|1607|-N--|-O--|104|0001|555|0|3.288107|-1.665000|0.295000|-2.820000|0.000000
567|423|104|102|GLU|ARG|2531|1643|1606|-N--|-C--|103|0001|555|0|3.398859|0.314000|1.292000|-3.128000|0.000000
567|424|106|102|ASP|ARG|2131|1674|1607|-N--|-O--|104|0001|555|0|2.750909|0.106999|-1.763000|-2.109000|0.000000
567|425|102|116|ARG|TYR|3137|1614|1856|-NH2|-OH-|718|0001|555|0|3.357273|0.184000|3.352000|-0.039000|0.000000
567|426|103|104|GLU|GLU|2525|1630|1643|-C--|-N--|301|0001|555|0|1.342929|1.146000|-0.587999|0.380000|0.000000
567|427|106|103|ASP|GLU|2125|1678|1631|-CB-|-O--|504|0001|555|0|3.362722|0.423000|-2.909000|1.633000|0.000000
567|428|103|107|GLU|GLN|2527|1631|1686|-O--|-N--|401|0001|555|0|2.833939|0.177999|2.481000|1.358000|0.000000
567|429|105|103|VAL|GLU|525|1658|1630|-N--|-C--|103|0001|555|0|3.470796|-3.068000|-1.518000|-0.574000|0.000000
567|430|105|104|VAL|GLU|525|1658|1645|-N--|-C--|103|0001|555|0|1.333702|-0.603000|-0.433000|1.108000|0.000000
567|431|104|107|GLU|GLN|2527|1646|1686|-O--|-N--|401|0001|555|0|3.257871|-2.872001|1.424000|-0.581000|0.000000
567|432|106|104|ASP|GLU|2125|1674|1645|-N--|-C--|103|0001|555|0|3.298545|1.169000|-2.491000|1.819000|0.000000
567|433|108|104|VAL|GLU|525|1703|1646|-N--|-O--|104|0001|555|0|2.839599|0.981001|-2.174000|-1.541000|0.000000
567|434|105|106|VAL|ASP|521|1660|1674|-C--|-N--|301|0001|555|0|1.337234|-1.151000|-0.343000|-0.588000|0.000000
567|435|105|107|VAL|GLN|527|1660|1686|-C--|-N--|301|0001|555|0|3.430272|-2.914001|-0.714000|1.663000|0.000000
567|436|105|108|VAL|VAL|505|1661|1703|-O--|-N--|401|0001|555|0|3.541605|-1.153001|-1.031000|3.186000|0.000000
567|437|109|105|ALA|VAL|305|1719|1661|-N--|-O--|104|0001|555|0|2.922521|0.375000|-1.644000|-2.387000|0.000000
567|438|106|107|ASP|GLN|2127|1676|1686|-C--|-N--|301|0001|555|0|1.338581|-0.038000|-1.150000|0.684000|0.000000
567|439|108|106|VAL|ASP|521|1703|1676|-N--|-C--|103|0001|555|0|3.386332|-1.853000|0.400000|-2.806000|0.000000
567|440|106|110|ASP|ARG|2131|1680|1738|-OD1|-NH1|1007|0001|555|0|2.766098|-2.494999|-0.398000|1.126000|0.000000
567|441|109|106|ALA|ASP|321|1719|1677|-N--|-O--|104|0001|555|0|3.480686|-2.904000|-1.184000|-1.510000|0.000000
567|442|108|107|VAL|GLN|527|1703|1688|-N--|-C--|103|0001|555|0|1.332915|-1.325000|0.106000|0.099000|0.000000
567|443|107|110|GLN|ARG|2731|1689|1729|-O--|-N--|401|0001|555|0|3.193056|0.086000|2.897000|-1.340000|0.000000
567|444|111|107|ALA|GLN|327|1753|1689|-N--|-O--|104|0001|555|0|2.731557|0.747000|-2.263000|-1.335000|0.000000
567|445|109|107|ALA|GLN|327|1719|1688|-N--|-C--|103|0001|555|0|3.439299|-2.103001|-2.569000|0.898000|0.000000
567|446|109|108|ALA|VAL|305|1719|1705|-N--|-C--|103|0001|555|0|1.336839|0.113000|-0.379000|1.277000|0.000000
567|447|108|110|VAL|ARG|531|1705|1729|-C--|-N--|301|0001|555|0|3.265043|-2.653000|1.586000|-1.052000|0.000000
567|448|111|108|ALA|VAL|305|1753|1706|-N--|-O--|104|0001|555|0|3.565896|3.493000|-0.127000|-0.706000|0.000000
567|449|108|112|VAL|TYR|537|1706|1763|-O--|-N--|401|0001|555|0|3.127440|-1.521000|1.341000|2.381000|0.000000
567|450|109|110|ALA|ARG|331|1721|1729|-C--|-N--|301|0001|555|0|1.341892|-1.073000|-0.801000|0.088000|0.000000
567|451|109|114|ALA|VAL|305|1722|1808|-O--|-N--|401|0001|555|0|2.863836|0.263000|2.767000|0.690000|0.000000
567|452|109|111|ALA|ALA|303|1721|1753|-C--|-N--|301|0001|555|0|3.650511|-1.906000|-1.435000|2.763000|0.000000
567|453|109|113|ALA|ARG|331|1722|1784|-O--|-N--|401|0001|555|0|2.988084|-0.672000|0.878000|2.776000|0.000000
567|454|109|112|ALA|TYR|337|1722|1765|-O--|-C--|403|0001|555|0|3.960460|0.160000|1.094000|3.803000|0.000000
567|455|109|116|ALA|TYR|337|1723|1853|-CB-|-CE1|512|0001|555|0|3.808435|-0.566000|2.360000|-2.935000|0.000000
567|456|111|110|ALA|ARG|331|1753|1731|-N--|-C--|103|0001|555|0|1.333574|-0.687000|0.915000|-0.685000|0.000000
567|457|110|113|ARG|ARG|3131|1732|1784|-O--|-N--|401|0001|555|0|3.230758|2.650000|1.778000|0.504000|0.000000
567|458|110|112|ARG|TYR|3137|1731|1763|-C--|-N--|301|0001|555|0|3.567812|2.659000|0.299000|2.360000|0.000000
567|459|111|113|ALA|ARG|331|1755|1784|-C--|-N--|301|0001|555|0|3.302450|0.384000|2.701000|-1.861000|0.000000
567|460|111|112|ALA|TYR|337|1755|1763|-C--|-N--|301|0001|555|0|1.339227|1.140000|0.422000|-0.562000|0.000000
567|461|113|112|ARG|TYR|3137|1784|1765|-N--|-C--|103|0001|555|0|1.339257|0.832000|0.216000|1.027000|0.000000
567|462|114|112|VAL|TYR|537|1808|1765|-N--|-C--|103|0001|555|0|3.535577|-0.103001|-1.673000|3.113000|0.000000
567|463|114|113|VAL|ARG|531|1808|1786|-N--|-C--|103|0001|555|0|1.329411|-1.042000|0.279000|0.777000|0.000000
567|464|113|115|ARG|TYR|3137|1787|1824|-O--|-N--|401|0001|555|0|3.506032|0.822001|1.176000|-3.199000|0.000000
567|465|114|115|VAL|TYR|537|1810|1824|-C--|-N--|301|0001|555|0|1.334976|-0.332000|1.277000|-0.203000|0.000000
567|466|114|116|VAL|TYR|537|1811|1845|-O--|-N--|401|0001|555|0|3.210546|0.797999|1.980000|-2.398000|0.000000
567|467|115|116|TYR|TYR|3737|1826|1845|-C--|-N--|301|0001|555|0|1.334949|0.656000|-1.027000|-0.545000|0.000000
567|468|117|116|SER|TYR|1137|1866|1847|-N--|-C--|103|0001|555|0|1.336183|-0.702000|-0.559000|0.990000|0.000000
567|469|132|116|THR|TYR|1337|2090|1849|-OG1|-CB-|1705|0001|555|0|3.268354|-1.638999|-2.430000|-1.446000|0.000000
567|470|130|116|ASP|TYR|2137|2059|1852|-O--|-CD2|412|0001|555|0|3.305980|-2.509000|-1.997000|0.804000|0.000000
567|471|118|116|PRO|TYR|1937|1883|1848|-CD-|-O--|604|0001|555|0|3.167260|-0.363000|1.559000|2.733000|0.000000
567|472|117|118|SER|PRO|1119|1868|1877|-C--|-N--|301|0001|555|0|1.350587|-0.525000|-1.219000|-0.250000|0.000000
567|473|117|130|SER|ASP|1121|1869|2056|-O--|-N--|401|0001|555|0|2.925071|2.889000|-0.230000|0.396000|0.000000
567|474|119|117|GLY|SER|111|1891|1869|-N--|-O--|104|0001|555|0|3.053127|0.287999|1.394000|2.701001|0.000000
567|475|129|117|VAL|SER|511|2041|1869|-CA-|-O--|204|0001|555|0|3.749308|-2.884000|2.089000|1.173000|0.000000
567|476|128|117|ILE|SER|911|2024|1869|-O--|-O--|404|0001|555|0|3.689675|-2.438000|-0.203000|2.762000|0.000000
567|477|119|118|GLY|PRO|119|1891|1879|-N--|-C--|103|0001|555|0|1.340608|-0.987000|-0.639000|0.644001|0.000000
567|478|129|118|VAL|PRO|519|2041|1878|-CA-|-CA-|202|0001|555|0|3.915587|-3.853000|-0.446000|0.536000|0.000000
567|479|118|120|PRO|PRO|1919|1880|1904|-O--|-CD-|406|0001|555|0|3.585471|-0.002000|0.517000|-3.548000|0.000000
567|480|119|120|GLY|PRO|119|1893|1898|-C--|-N--|301|0001|555|0|1.351130|-0.957000|-0.310000|-0.902000|0.000000
567|481|119|129|GLY|VAL|105|1891|2041|-N--|-CA-|102|0001|555|0|3.588787|3.171999|-0.695000|1.528001|0.000000
567|482|119|128|GLY|ILE|109|1891|2024|-N--|-O--|104|0001|555|0|3.159937|2.725999|1.597000|-0.060999|0.000000
567|483|119|127|GLY|TYR|137|1894|2006|-O--|-CD1|412|0001|555|0|3.259726|1.501000|-2.861000|-0.433001|0.000000
567|484|120|121|PRO|LYS|1929|1900|1912|-C--|-N--|301|0001|555|0|1.338169|0.106000|-1.090000|-0.768999|0.000000
567|485|120|122|PRO|ASP|1921|1903|1941|-CG-|-OD2|610|0001|555|0|3.198532|-1.393000|0.388000|-2.853001|0.000000
567|486|122|121|ASP|LYS|2129|1934|1914|-N--|-C--|103|0001|555|0|1.330770|0.615000|-1.180000|0.018000|0.000000
567|487|126|121|ASP|LYS|2129|1991|1919|-O--|-CE-|406|0001|555|0|3.059744|0.305000|-3.003000|-0.500999|0.000000
567|488|123|121|GLU|LYS|2529|1946|1914|-N--|-C--|103|0001|555|0|3.356845|-0.332001|-2.369000|2.355000|0.000000
567|489|121|127|LYS|TYR|2937|1917|2006|-CG-|-CD1|612|0001|555|0|3.540335|0.361000|0.896000|3.406000|0.000000
567|490|125|121|GLU|LYS|2529|1981|1920|-OE2|-NZ-|1014|0001|555|0|2.713018|-1.979000|0.923000|1.609999|0.000000
567|491|122|123|ASP|GLU|2125|1936|1946|-C--|-N--|301|0001|555|0|1.339953|1.335000|0.065000|-0.094999|0.000000
567|492|124|123|ASP|GLU|2125|1961|1948|-N--|-C--|103|0001|555|0|1.338451|-1.113000|-0.719000|0.188999|0.000000
567|493|123|125|GLU|GLU|2525|1949|1973|-O--|-N--|401|0001|555|0|2.833654|2.600000|-0.347000|1.072001|0.000000
567|494|124|125|ASP|GLU|2125|1963|1973|-C--|-N--|301|0001|555|0|1.338979|-0.560000|-1.076000|0.566999|0.000000
567|495|124|126|ASP|ASP|2121|1964|1988|-O--|-N--|401|0001|555|0|2.967871|-0.715000|-0.797000|2.768000|0.000000
567|496|126|125|ASP|GLU|2125|1988|1975|-N--|-C--|103|0001|555|0|1.336592|0.214000|-1.269000|-0.361000|0.000000
567|497|125|127|GLU|TYR|2537|1976|2000|-O--|-N--|401|0001|555|0|3.972822|-1.343000|1.947000|3.191999|0.000000
567|498|126|127|ASP|TYR|2137|1990|2000|-C--|-N--|301|0001|555|0|1.337421|0.275000|0.047000|1.307999|0.000000
567|499|128|126|ILE|ASP|921|2021|1995|-N--|-OD2|110|0001|555|0|2.964018|0.739000|1.428000|-2.490000|0.000000
567|500|128|127|ILE|TYR|937|2021|2002|-N--|-C--|103|0001|555|0|1.342183|0.325000|-1.298000|0.105001|0.000000
567|501|129|127|VAL|TYR|537|2040|2003|-N--|-O--|104|0001|555|0|2.686862|1.574000|-1.352000|-1.706999|0.000000
567|502|129|128|VAL|ILE|509|2040|2023|-N--|-C--|103|0001|555|0|1.328506|-0.138000|1.162000|-0.629000|0.000000
567|503|128|130|ILE|ASP|921|2024|2056|-O--|-N--|401|0001|555|0|3.219294|0.451000|-0.433000|3.158000|0.000000
567|504|129|130|VAL|ASP|521|2042|2056|-C--|-N--|301|0001|555|0|1.333065|-0.716000|0.983000|0.546000|0.000000
567|505|129|131|VAL|HIS|533|2043|2074|-O--|-ND1|413|0001|555|0|2.960051|2.019000|-0.746000|2.032000|0.000000
567|506|130|131|ASP|HIS|2133|2058|2068|-C--|-N--|301|0001|555|0|1.323239|1.164000|-0.124000|0.617001|0.000000
567|507|132|130|THR|ASP|1321|2090|2063|-OG1|-OD2|1710|0001|555|0|2.785172|-0.225000|0.560000|-2.719000|0.000000
567|508|132|131|THR|HIS|1333|2085|2070|-N--|-C--|103|0001|555|0|1.335977|1.043000|-0.444000|-0.707000|0.000000
567|509|133|131|ILE|HIS|933|2099|2071|-N--|-O--|104|0001|555|0|3.313482|0.223000|-2.203000|-2.465000|0.000000
567|510|131|173|HIS|CU1|3346|2077|2754|-NE2|CU--|1340|0011|555|0|2.036826|2.012000|-0.200000|-0.246000|0.000000
567|511|133|132|ILE|THR|913|2099|2087|-N--|-C--|103|0001|555|0|1.335124|-0.847000|-1.032001|0.011000|0.000000
567|512|134|132|ILE|THR|913|2118|2088|-N--|-O--|104|0001|555|0|2.785146|-1.301000|-1.190001|-2.156000|0.000000
567|513|133|134|ILE|ILE|909|2101|2118|-C--|-N--|301|0001|555|0|1.335869|-0.539000|-1.021000|0.672000|0.000000
567|514|149|133|GLY|ILE|109|2361|2102|-CA-|-O--|204|0001|555|0|3.894382|-2.955000|-0.590000|-2.467000|0.000000
567|515|133|150|ILE|GLN|927|2106|2374|-CD1|-OE1|608|0001|555|0|3.270516|2.817000|1.560000|-0.572000|0.000000
567|516|134|135|ILE|MET|917|2120|2137|-C--|-N--|301|0001|555|0|1.334698|0.699000|0.007000|1.137000|0.000000
567|517|134|148|ILE|PHE|935|2119|2343|-CA-|-O--|204|0001|555|0|3.375252|1.964000|1.290000|2.423000|0.000000
567|518|134|136|ILE|TYR|937|2124|2163|-CG2|-CE2|612|0001|555|0|3.677369|-2.417000|-2.623000|0.895000|0.000000
567|519|135|136|MET|TYR|1737|2139|2154|-C--|-N--|301|0001|555|0|1.330722|-0.941000|-0.875000|0.346000|0.000000
567|520|135|148|MET|PHE|1735|2140|2340|-O--|-N--|401|0001|555|0|2.799204|0.554000|2.708000|0.442000|0.000000
567|521|135|147|MET|TYR|1737|2140|2320|-O--|-CA-|402|0001|555|0|3.376556|-1.303000|2.388999|1.999000|0.000000
567|522|137|135|LEU|MET|717|2175|2140|-N--|-O--|104|0001|555|0|3.832845|1.113000|1.897000|-3.139000|0.000000
567|523|137|136|LEU|TYR|737|2175|2156|-N--|-C--|103|0001|555|0|1.339711|-0.091000|-0.537000|-1.224000|0.000000
567|524|146|136|ASP|TYR|2137|2310|2156|-O--|-C--|403|0001|555|0|3.932655|1.080000|-3.108000|-2.154000|0.000000
567|525|138|136|ILE|TYR|937|2201|2157|-CD1|-O--|604|0001|555|0|3.612825|2.464000|2.147000|-1.540000|0.000000
567|526|136|147|TYR|TYR|3737|2160|2323|-CD1|-CB-|1205|0001|555|0|3.809471|2.342000|2.948000|0.580000|0.000000
567|527|137|146|LEU|ASP|721|2175|2310|-N--|-O--|104|0001|555|0|2.974253|-1.171000|2.571000|0.930000|0.000000
567|528|137|138|LEU|ILE|709|2177|2194|-C--|-N--|301|0001|555|0|1.332493|0.181000|-1.301000|0.224000|0.000000
567|529|137|144|LEU|PHE|735|2178|2269|-O--|-CA-|402|0001|555|0|3.334370|-2.844000|0.908000|1.485000|0.000000
567|530|137|143|LEU|GLU|725|2178|2256|-O--|-O--|404|0001|555|0|3.856900|-2.311000|-1.575000|2.655999|0.000000
567|531|137|145|LEU|LEU|707|2178|2288|-O--|-N--|401|0001|555|0|3.501121|-1.038000|2.061000|2.632999|0.000000
567|532|137|148|LEU|PHE|735|2181|2349|-CD1|-CE2|612|0001|555|0|3.896456|0.897000|2.277000|-3.032001|0.000000
567|533|137|164|LEU|HIS|733|2181|2588|-CD1|-CD2|612|0001|555|0|3.731289|0.041000|2.274000|2.957999|0.000000
567|534|137|161|LEU|ILE|709|2181|2543|-CD1|-CG1|606|0001|555|0|3.984514|3.758000|1.081000|0.764999|0.000000
567|535|139|138|GLY|ILE|109|2213|2196|-N--|-C--|103|0001|555|0|1.333250|0.626000|-0.052000|-1.176000|0.000000
567|536|138|143|ILE|GLU|925|2195|2256|-CA-|-O--|204|0001|555|0|3.517860|-2.603000|1.206000|2.035999|0.000000
567|537|138|144|ILE|PHE|935|2201|2276|-CD1|-CE1|612|0001|555|0|3.632939|-3.243000|1.629000|0.166000|0.000000
567|538|142|138|GLY|ILE|109|2249|2200|-O--|-CG2|406|0001|555|0|3.525014|3.064000|-0.249000|-1.725000|0.000000
567|539|139|143|GLY|GLU|125|2213|2256|-N--|-O--|104|0001|555|0|3.191495|-2.810000|1.462000|-0.390000|0.000000
567|540|139|145|GLY|LEU|107|2213|2295|-N--|-CD2|106|0001|555|0|3.653256|-0.385000|3.136000|1.834000|0.000000
567|541|139|140|GLY|PRO|119|2215|2220|-C--|-N--|301|0001|555|0|1.348008|0.698000|-0.639000|0.960000|0.000000
567|542|139|142|GLY|GLY|101|2216|2246|-O--|-N--|401|0001|555|0|3.319496|-2.786000|0.304000|1.779000|0.000000
567|543|139|141|GLY|ASP|121|2215|2234|-C--|-N--|301|0001|555|0|3.094002|-1.410000|-0.595000|2.689000|0.000000
567|544|140|141|PRO|ASP|1921|2222|2234|-C--|-N--|301|0001|555|0|1.338091|-0.316000|1.206000|0.486000|0.000000
567|545|142|140|GLY|PRO|119|2246|2222|-N--|-C--|103|0001|555|0|3.244239|2.657000|-1.579000|0.986000|0.000000
567|546|142|141|GLY|ASP|121|2246|2236|-N--|-C--|103|0001|555|0|1.345157|-0.125000|0.140000|1.332000|0.000000
567|547|141|168|ASP|TYR|2137|2241|2664|-OD2|-OH-|1018|0001|555|0|2.692082|1.260000|0.941000|2.184999|0.000000
567|548|142|143|GLY|GLU|125|2248|2253|-C--|-N--|301|0001|555|0|1.331713|-0.363000|1.269000|0.177000|0.000000
567|549|143|144|GLU|PHE|2535|2255|2268|-C--|-N--|301|0001|555|0|1.339590|-0.287000|1.263000|-0.342000|0.000000
567|550|145|143|LEU|GLU|725|2295|2256|-CD2|-O--|604|0001|555|0|3.691758|-2.425000|-1.674000|-2.224000|0.000000
567|551|145|144|LEU|PHE|735|2288|2270|-N--|-C--|103|0001|555|0|1.336856|-1.308000|-0.012000|-0.276000|0.000000
567|552|146|144|ASP|PHE|2135|2307|2270|-N--|-C--|103|0001|555|0|3.505707|-2.746000|-1.829000|1.184999|0.000000
567|553|145|146|LEU|ASP|721|2290|2307|-C--|-N--|301|0001|555|0|1.341894|0.158000|-0.310000|-1.296000|0.000000
567|554|145|164|LEU|HIS|733|2291|2589|-O--|-CE1|412|0001|555|0|3.249166|2.671000|-0.150001|1.844001|0.000000
567|555|146|147|ASP|TYR|2137|2309|2319|-C--|-N--|301|0001|555|0|1.330346|0.381000|0.877999|-0.924000|0.000000
567|556|146|164|ASP|HIS|2133|2314|2590|-OD2|-NE2|1013|0001|555|0|3.094074|-0.038000|-1.717999|2.573000|0.000000
567|557|146|148|ASP|PHE|2135|2312|2350|-CG-|-CZ-|612|0001|555|0|3.446472|2.872000|-1.244000|-1.442999|0.000000
567|558|146|152|ASP|LYS|2129|2313|2406|-OD1|-NZ-|1014|0001|555|0|2.694474|1.372000|2.318999|0.007000|0.000000
567|559|160|146|SER|ASP|1121|2532|2314|-OG-|-OD2|1710|0001|555|0|2.539658|-2.104000|-1.398000|-0.262000|0.000000
567|560|148|147|PHE|TYR|3537|2340|2321|-N--|-C--|103|0001|555|0|1.332544|-0.764000|0.567000|0.933000|0.000000
567|561|149|148|GLY|PHE|135|2360|2342|-N--|-C--|103|0001|555|0|1.335394|-0.994000|-0.621000|0.640000|0.000000
567|562|152|148|LYS|PHE|2935|2404|2346|-CD-|-CD1|612|0001|555|0|3.454154|0.511000|-3.393001|-0.397000|0.000000
567|563|157|148|ILE|PHE|935|2494|2348|-CG2|-CE1|612|0001|555|0|3.627077|-3.305000|1.436000|0.413000|0.000000
567|564|160|148|SER|PHE|1135|2531|2350|-CB-|-CZ-|512|0001|555|0|3.810215|-0.965000|-2.136001|-3.004000|0.000000
567|565|149|150|GLY|GLN|127|2362|2367|-C--|-N--|301|0001|555|0|1.340985|0.248000|0.399000|-1.256000|0.000000
567|566|149|151|GLY|ASN|123|2363|2384|-O--|-N--|401|0001|555|0|2.822375|-0.019000|2.591000|-1.119000|0.000000
567|567|149|152|GLY|LYS|129|2363|2398|-O--|-N--|401|0001|555|0|3.163950|0.732000|2.526000|1.759000|0.000000
567|568|151|150|ASN|GLN|2327|2384|2369|-N--|-C--|103|0001|555|0|1.339266|1.029000|-0.514000|-0.686000|0.000000
567|569|150|152|GLN|LYS|2729|2369|2398|-C--|-N--|301|0001|555|0|3.602913|-0.278000|0.449000|3.564000|0.000000
567|570|151|152|ASN|LYS|2329|2386|2398|-C--|-N--|301|0001|555|0|1.343197|-0.163000|-1.103000|0.749000|0.000000
567|571|151|153|ASN|ARG|2331|2387|2420|-O--|-N--|401|0001|555|0|3.412786|2.245000|-1.920001|1.709000|0.000000
567|572|152|153|LYS|ARG|2931|2400|2420|-C--|-N--|301|0001|555|0|1.333411|1.010000|0.794000|0.357000|0.000000
567|573|156|152|GLU|LYS|2529|2480|2399|-OE1|-CA-|1002|0001|555|0|3.437526|-1.768000|-2.099999|-2.069000|0.000000
567|574|157|152|ILE|LYS|929|2495|2401|-CD1|-O--|604|0001|555|0|3.682235|-0.359000|3.360001|-1.463000|0.000000
567|575|160|152|SER|LYS|1129|2532|2406|-OG-|-NZ-|1714|0001|555|0|2.998367|-1.660000|1.139000|-2.222000|0.000000
567|576|156|153|GLU|ARG|2531|2481|2429|-OE2|-NH1|1007|0001|555|0|2.773066|-0.817000|1.759001|-1.982000|0.000000
567|577|154|153|LYS|ARG|2931|2444|2422|-N--|-C--|103|0001|555|0|1.339804|-1.056999|0.699000|0.435000|0.000000
567|578|155|153|GLY|ARG|131|2466|2423|-N--|-O--|104|0001|555|0|3.074626|-2.738000|0.555000|-1.284000|0.000000
567|579|157|153|ILE|ARG|931|2488|2423|-N--|-O--|104|0001|555|0|3.342487|1.381000|1.631001|-2.570000|0.000000
567|580|155|154|GLY|LYS|129|2466|2446|-N--|-C--|103|0001|555|0|1.340209|-0.594000|-1.035000|-0.610000|0.000000
567|581|156|154|GLU|LYS|2529|2473|2446|-N--|-C--|103|0001|555|0|3.332315|1.627999|-2.012000|-2.099000|0.000000
567|582|157|154|ILE|LYS|929|2488|2447|-N--|-O--|104|0001|555|0|3.256070|2.891000|-0.804000|-1.264000|0.000000
567|583|158|154|ALA|LYS|329|2507|2447|-N--|-O--|104|0001|555|0|3.565039|1.677000|1.117000|-2.941000|0.000000
567|584|155|156|GLY|GLU|125|2468|2473|-C--|-N--|301|0001|555|0|1.336552|-0.985000|0.589000|-0.685000|0.000000
567|585|155|158|GLY|ALA|103|2469|2507|-O--|-N--|401|0001|555|0|3.390797|-1.515000|-3.011000|-0.368999|0.000000
567|586|155|157|GLY|ILE|109|2468|2488|-C--|-N--|301|0001|555|0|3.352278|-2.882000|-1.464001|-0.888000|0.000000
567|587|155|159|GLY|ALA|103|2469|2517|-O--|-N--|401|0001|555|0|2.980177|-1.669001|-1.401000|2.033000|0.000000
567|588|157|156|ILE|GLU|925|2488|2475|-N--|-C--|103|0001|555|0|1.339476|-0.242000|0.984000|0.876000|0.000000
567|589|158|156|ALA|GLU|325|2507|2475|-N--|-C--|103|0001|555|0|3.346724|-1.456000|2.905000|-0.801001|0.000000
567|590|160|156|SER|GLU|1125|2527|2476|-N--|-O--|104|0001|555|0|2.837179|0.756000|1.069000|-2.517000|0.000000
567|591|159|156|ALA|GLU|325|2517|2476|-N--|-O--|104|0001|555|0|3.299552|-2.095000|1.144000|-2.278000|0.000000
567|592|158|157|ALA|ILE|309|2507|2490|-N--|-C--|103|0001|555|0|1.337868|-1.300000|-0.116000|-0.294001|0.000000
567|593|157|160|ILE|SER|911|2491|2531|-O--|-CB-|405|0001|555|0|3.267660|-2.796000|1.449000|0.872001|0.000000
567|594|159|157|ALA|ILE|309|2517|2490|-N--|-C--|103|0001|555|0|3.400119|-1.145999|-1.726000|-2.696000|0.000000
567|595|157|161|ILE|ILE|909|2491|2538|-O--|-N--|401|0001|555|0|2.961240|-1.252000|-0.547999|2.627001|0.000000
567|596|158|159|ALA|ALA|303|2509|2517|-C--|-N--|301|0001|555|0|1.338703|-0.168000|1.326000|-0.075000|0.000000
567|597|158|161|ALA|ILE|309|2510|2538|-O--|-N--|401|0001|555|0|3.167359|-3.019000|-0.879000|-0.381000|0.000000
567|598|158|162|ALA|ALA|303|2510|2557|-O--|-N--|401|0001|555|0|2.789134|-1.538000|-1.209001|1.988000|0.000000
567|599|158|160|ALA|SER|311|2509|2527|-C--|-N--|301|0001|555|0|3.332275|-3.019000|1.401000|0.164001|0.000000
567|600|159|160|ALA|SER|311|2519|2527|-C--|-N--|301|0001|555|0|1.333361|-0.740000|-0.333000|-1.058000|0.000000
567|601|159|161|ALA|ILE|309|2519|2538|-C--|-N--|301|0001|555|0|3.474115|-1.078000|-3.245999|-0.608999|0.000000
567|602|159|163|ALA|THR|313|2520|2572|-O--|-OG1|417|0001|555|0|2.948030|-2.046000|0.507000|2.060999|0.000000
567|603|159|162|ALA|ALA|303|2520|2557|-O--|-N--|401|0001|555|0|3.664164|0.847000|-3.512000|0.612000|0.000000
567|604|161|160|ILE|SER|911|2538|2529|-N--|-C--|103|0001|555|0|1.337691|-0.862000|0.929999|0.426000|0.000000
567|605|160|164|SER|HIS|1133|2530|2581|-O--|-N--|401|0001|555|0|3.087910|-0.906000|-1.383000|2.608000|0.000000
567|606|160|163|SER|THR|1113|2530|2567|-O--|-N--|401|0001|555|0|2.938266|1.274000|0.382000|2.620001|0.000000
567|607|162|160|ALA|SER|311|2557|2529|-N--|-C--|103|0001|555|0|3.294313|-2.343000|1.260000|-1.943000|0.000000
567|608|162|161|ALA|ILE|309|2557|2540|-N--|-C--|103|0001|555|0|1.335810|-0.823000|-0.993999|-0.345000|0.000000
567|609|161|164|ILE|HIS|933|2541|2581|-O--|-N--|401|0001|555|0|3.330033|-2.718000|1.511000|1.190999|0.000000
567|610|161|165|ILE|MET|917|2541|2598|-O--|-N--|401|0001|555|0|2.833020|-1.414000|-0.700000|2.353000|0.000000
567|611|161|163|ILE|THR|913|2540|2567|-C--|-N--|301|0001|555|0|3.313200|-0.913000|2.450000|2.035001|0.000000
567|612|162|163|ALA|THR|313|2559|2567|-C--|-N--|301|0001|555|0|1.341034|-1.007000|0.671000|-0.577999|0.000000
567|613|162|165|ALA|MET|317|2560|2602|-O--|-CB-|405|0001|555|0|3.543245|0.421000|-3.518000|-0.032000|0.000000
567|614|162|164|ALA|HIS|333|2559|2581|-C--|-N--|301|0001|555|0|3.420805|-3.187000|-1.094001|-0.590000|0.000000
567|615|162|166|ALA|ARG|331|2560|2615|-O--|-N--|401|0001|555|0|3.076148|-1.535000|-1.841000|1.927999|0.000000
567|616|163|164|THR|HIS|1333|2569|2581|-C--|-N--|301|0001|555|0|1.329956|-0.099000|-0.898001|-0.976000|0.000000
567|617|163|165|THR|MET|1317|2569|2598|-C--|-N--|301|0001|555|0|3.339536|1.205000|-3.109000|0.186001|0.000000
567|618|163|166|THR|ARG|1331|2570|2619|-O--|-CB-|405|0001|555|0|3.099314|1.549000|0.470000|2.643000|0.000000
567|619|163|167|THR|PRO|1319|2570|2645|-O--|-CD-|406|0001|555|0|3.236260|-1.028000|-1.799000|2.486000|0.000000
567|620|165|164|MET|HIS|1733|2598|2583|-N--|-C--|103|0001|555|0|1.340376|-1.336000|-0.063000|-0.087999|0.000000
567|621|167|164|PRO|HIS|1933|2645|2584|-CD-|-O--|604|0001|555|0|3.485029|0.710000|-1.954000|-2.797001|0.000000
567|622|166|164|ARG|HIS|3133|2615|2583|-N--|-C--|103|0001|555|0|3.397723|-1.695000|-1.280000|-2.651999|0.000000
567|623|164|168|HIS|TYR|3337|2584|2653|-O--|-N--|401|0001|555|0|3.551312|-0.317000|-1.389000|3.253000|0.000000
567|624|165|166|MET|ARG|1731|2600|2615|-C--|-N--|301|0001|555|0|1.341160|-0.227000|1.315000|0.133999|0.000000
567|625|165|168|MET|TYR|1737|2601|2653|-O--|-N--|401|0001|555|0|3.226367|-2.890000|-1.352000|0.479000|0.000000
567|626|165|167|MET|PRO|1719|2601|2639|-O--|-N--|401|0001|555|0|3.113775|-2.440000|1.565000|1.137001|0.000000
567|627|165|169|MET|ARG|1731|2601|2674|-O--|-N--|401|0001|555|0|3.030711|-0.421000|-2.949000|0.558001|0.000000
567|628|167|166|PRO|ARG|1931|2639|2617|-N--|-C--|103|0001|555|0|1.354978|1.206000|0.511000|0.347000|0.000000
567|629|166|168|ARG|TYR|3137|2617|2653|-C--|-N--|301|0001|555|0|3.937454|-1.656000|-3.428000|-1.005001|0.000000
567|630|166|169|ARG|ARG|3131|2618|2684|-O--|-NH2|407|0001|555|0|2.839282|1.142000|-1.059000|2.374001|0.000000
567|631|167|168|PRO|TYR|1937|2641|2653|-C--|-N--|301|0001|555|0|1.337092|-0.215000|-0.508000|-1.218000|0.000000
567|632|167|169|PRO|ARG|1931|2642|2674|-O--|-N--|401|0001|555|0|3.024280|1.698000|-1.465000|-2.028999|0.000000
567|633|169|168|ARG|TYR|3137|2674|2655|-N--|-C--|103|0001|555|0|1.332356|-0.969000|-0.259000|-0.877001|0.000000
567|634|170|168|LYS|TYR|2937|2698|2656|-N--|-O--|104|0001|555|0|3.758160|-3.611000|0.897000|-0.528999|0.000000
567|635|170|169|LYS|ARG|2931|2698|2676|-N--|-C--|103|0001|555|0|1.334804|-0.957000|0.118000|0.923000|0.000000
567|636|171|169|LYS|ARG|2931|2720|2677|-N--|-O--|104|0001|555|0|3.725656|-3.258000|1.805000|0.088999|0.000000
567|637|170|171|LYS|LYS|2929|2700|2720|-C--|-N--|301|0001|555|0|1.333534|0.238000|-1.272000|0.322001|0.000000
567|638|172|170|SER|LYS|1129|2747|2703|-OG-|-CG-|1706|0001|555|0|3.468581|-2.967000|-0.545000|-1.712000|0.000000
567|639|172|171|SER|LYS|1129|2742|2722|-N--|-C--|103|0001|555|0|1.339937|-1.294000|-0.336000|-0.090000|0.000000
