382|0|-1|517|11|138|SER|CU1|1146|104|1093|-N--|CU--|140|7|29|4|0011|3.988412|-0.066443|-0.193561|-0.978836|1.184516|0.001615|0.006767
382|1|-1|539|11|138|SER|CU1|1146|109|1093|-OG-|CU--|1740|8|29|3|0011|2.923747|-0.286619|-0.802053|-0.523985|13.444017|0.034590|0.075336
382|2|-1|541|11|143|SER|CU1|1146|109|1109|-OG-|CU--|1740|8|29|3|0011|3.863776|-0.247427|-0.170817|-0.953730|12.760143|0.002726|0.005938
382|3|-1|553|12|138|CYS|CU1|1546|110|1093|-N--|CU--|140|7|29|4|0011|3.279007|0.613905|-0.330893|-0.716680|0.224337|0.010989|0.046033
382|4|-1|589|12|138|CYS|CU1|1546|113|1093|-O--|CU--|440|8|29|2|0011|3.925776|0.809776|0.333183|-0.482962|0.880251|0.002306|0.005022
382|5|-1|606|12|138|CYS|CU1|1546|115|1093|-SG-|CU--|1140|16|29|3|0011|2.241001|0.884872|-0.215082|0.413208|0.643343|0.357102|1.759205
382|6|-1|610|12|143|CYS|CU1|1546|115|1109|-SG-|CU--|1140|16|29|3|0011|2.535935|0.735429|0.474382|-0.483845|0.382010|0.160920|0.792743
382|7|-1|611|12|137|CYS|CU1|1546|115|1092|-SG-|CU--|1140|16|29|3|0011|2.277952|-0.176474|0.211155|-0.961390|5.611795|0.323162|1.592005
382|8|-1|733|14|137|HIS|CU1|3346|140|1092|-ND1|CU--|1340|7|29|3|0011|2.026840|0.257050|0.762270|0.594028|6.977014|0.324135|1.357762
382|9|-1|745|15|138|CYS|CU1|1546|144|1093|-N--|CU--|140|7|29|4|0011|3.462578|0.436380|0.898175|-0.053429|2.146154|0.006691|0.028028
382|10|-1|746|15|142|CYS|CU1|1546|144|1108|-N--|CU--|140|7|29|4|0011|3.921029|0.878851|0.409331|-0.245089|1.278847|0.001938|0.008119
382|11|-1|777|15|138|CYS|CU1|1546|149|1093|-SG-|CU--|1140|16|29|3|0011|2.192912|-0.452823|0.605588|-0.654381|0.172630|0.406667|2.003374
382|12|-1|781|15|142|CYS|CU1|1546|149|1108|-SG-|CU--|1140|16|29|3|0011|2.409817|0.390902|-0.073450|-0.917497|0.512866|0.226278|1.114719
382|13|-1|2347|64|142|TYR|CU1|3746|534|1108|-OH-|CU--|1840|8|29|3|0011|3.459687|-0.246265|0.713070|-0.656418|1.804752|0.008126|0.017698
382|14|-1|2820|80|143|SER|CU1|1146|652|1109|-OG-|CU--|1740|8|29|3|0011|3.037899|0.114553|-0.758748|-0.641233|19.578081|0.025408|0.055336
382|15|-1|2823|81|143|CYS|CU1|1546|653|1109|-N--|CU--|140|7|29|4|0011|3.319526|-0.736250|-0.676603|-0.012050|2.778080|0.009849|0.041258
382|16|-1|2846|81|143|CYS|CU1|1546|656|1109|-O--|CU--|440|8|29|2|0011|3.952379|-0.770675|-0.259085|0.582181|1.146711|0.002146|0.004673
382|17|-1|2864|81|138|CYS|CU1|1546|658|1093|-SG-|CU--|1140|16|29|3|0011|2.537618|-0.689623|-0.254963|0.677801|1.575628|0.160189|0.789144
382|18|-1|2866|81|143|CYS|CU1|1546|658|1109|-SG-|CU--|1140|16|29|3|0011|2.180449|-0.856704|0.476049|-0.198583|1.278036|0.420598|2.072004
382|19|-1|2870|81|142|CYS|CU1|1546|658|1108|-SG-|CU--|1140|16|29|3|0011|2.357216|0.078483|-0.912942|0.400472|2.464153|0.260846|1.285012
382|20|-1|2950|83|142|HIS|CU1|3346|674|1108|-ND1|CU--|1340|7|29|3|0011|2.031055|0.015756|0.766104|0.642523|2.590238|0.320464|1.342383
382|21|-1|2962|84|143|CYS|CU1|1546|678|1109|-N--|CU--|140|7|29|4|0011|3.474035|-0.232870|0.234310|0.943859|0.308107|0.006487|0.027174
382|22|-1|2963|84|137|CYS|CU1|1546|678|1092|-N--|CU--|140|7|29|4|0011|3.851506|-0.798649|0.023887|0.601323|4.359223|0.002339|0.009797
382|23|-1|3001|84|143|CYS|CU1|1546|683|1109|-SG-|CU--|1140|16|29|3|0011|2.231925|0.480751|-0.578872|0.658624|0.382010|0.365970|1.802890
382|24|-1|3002|84|137|CYS|CU1|1546|683|1092|-SG-|CU--|1140|16|29|3|0011|2.395596|-0.498415|-0.840709|0.211638|5.611795|0.235144|1.158397
382|25|-1|4046|117|144|ASP|_CA|2145|936|1110|-O--|CA--|437|8|20|2|0011|2.337667|-0.879509|0.263083|-0.396549|5.451510|0.367216|0.367216
382|26|-1|4569|133|137|TYR|CU1|3746|1071|1092|-OH-|CU--|1840|8|29|3|0011|3.394522|0.309616|-0.507288|0.804237|8.871118|0.009691|0.021107
382|27|-1|4612|233|137|HOH|CU1|4346|1201|1092|-O--|CU--|2840|8|29|3|0011|2.609517|0.888670|-0.447592|-0.099635|2.577291|0.080870|0.176130
382|28|-1|4613|143|137|CU1|CU1|4646|1109|1092|CU--|CU--|4040|29|29|1|0011|2.566699|-0.883236|-0.281295|-0.375190|4.906148|-0.001000|-0.001000
382|29|-1|4613|137|143|CU1|CU1|4646|1092|1109|CU--|CU--|4040|29|29|1|0011|2.566699|0.883236|0.281295|0.375190|4.906148|-0.001000|-0.001000
382|30|-1|4614|143|138|CU1|CU1|4646|1109|1093|CU--|CU--|4040|29|29|1|0011|2.736522|0.043120|-0.615745|0.786765|0.245161|-0.001000|-0.001000
382|31|-1|4614|138|143|CU1|CU1|4646|1093|1109|CU--|CU--|4040|29|29|1|0011|2.736522|-0.043120|0.615745|-0.786765|0.245161|-0.001000|-0.001000
382|32|-1|4615|142|138|CU1|CU1|4646|1108|1093|CU--|CU--|4040|29|29|1|0011|2.571271|-0.752547|0.585314|0.301796|0.701486|-0.001000|-0.001000
382|33|-1|4615|138|142|CU1|CU1|4646|1093|1108|CU--|CU--|4040|29|29|1|0011|2.571271|0.752547|-0.585314|-0.301796|0.701486|-0.001000|-0.001000
382|34|-1|4655|145|142|HOH|CU1|4346|1111|1108|-O--|CU--|2840|8|29|3|0011|2.542935|-0.950477|-0.009045|-0.310665|4.378543|0.096815|0.210856
382|35|-1|4656|240|144|HOH|_CA|4345|1208|1110|-O--|CA--|2837|8|20|3|0011|2.394207|-0.371313|0.708795|0.599781|13.441730|0.315180|0.315180
382|36|-1|4657|244|144|HOH|_CA|4345|1212|1110|-O--|CA--|2837|8|20|3|0011|2.360008|-0.478812|-0.690675|0.541947|6.769356|0.345700|0.345700
382|37|-1|5742|160|144|HOH|_CA|4345|1126|1110|-O--|CA--|2837|8|20|3|1011|2.314009|0.457187|0.728659|-0.509938|0.443861|0.391464|0.391464
382|38|-1|5743|226|144|HOH|_CA|4345|1193|1110|-O--|CA--|2837|8|20|3|1011|4.735247|0.795087|0.536429|-0.282984|70.292847|0.000563|0.000563
382|39|-1|5745|48|144|ASP|_CA|2145|404|1110|-OD1|CA--|1037|8|20|2|1011|4.453536|0.834603|-0.045105|0.549002|5.834684|0.001206|0.001206
382|40|-1|5746|48|144|ASP|_CA|2145|405|1110|-OD2|CA--|1037|8|20|2|1011|2.276232|0.791631|0.060241|0.608022|2.642879|0.433544|0.433544
382|41|-1|5747|218|144|HOH|_CA|4345|1185|1110|-O--|CA--|2837|8|20|3|1011|4.985520|0.445277|0.000627|0.895393|104.853912|0.000286|0.000286
382|42|-1|5751|46|144|ASP|_CA|2145|391|1110|-OD1|CA--|1037|8|20|2|1011|2.523772|0.426320|-0.879191|-0.212777|4.911857|0.222064|0.222064
382|43|-1|5752|46|144|ASP|_CA|2145|392|1110|-OD2|CA--|1037|8|20|2|1011|2.513419|-0.019919|-0.511606|-0.858989|3.559868|0.228366|0.228366
382|44|-1|5753|48|144|ASP|_CA|2145|398|1110|-N--|CA--|137|7|20|4|1011|4.687871|0.800989|-0.592780|0.083833|10.675601|0.001022|0.001022
382|45|-1|5756|154|144|HOH|_CA|4345|1120|1110|-O--|CA--|2837|8|20|3|1011|4.715093|-0.270634|-0.208877|-0.939749|0.050188|0.000595|0.000595
