382|0|12|137|14|CYS|CU1|HIS|154633|115|1092|140|-SG-|CU--|-ND1|114013|611|733|2.277952|2.026840|3.674678|117.096992
382|1|84|137|12|CYS|CU1|CYS|154615|678|1092|115|-N--|CU--|-SG-|14011|2963|611|3.851506|2.277952|5.254106|115.602242
382|2|12|137|84|CYS|CU1|CYS|154615|115|1092|683|-SG-|CU--|-SG-|114011|611|3002|2.277952|2.395596|3.758471|107.039413
382|3|12|137|133|CYS|CU1|TYR|154637|115|1092|1071|-SG-|CU--|-OH-|114018|611|4569|2.277952|3.394522|5.583084|159.218613
382|4|12|137|233|CYS|CU1|HOH|154643|115|1092|1201|-SG-|CU--|-O--|114028|611|4612|2.277952|2.609517|3.721282|98.948730
382|5|12|137|143|CYS|CU1|CU1|154646|115|1092|1109|-SG-|CU--|CU--|114040|611|4613|2.277952|2.566699|2.535935|62.794998
382|6|84|137|14|CYS|CU1|HIS|154633|678|1092|140|-N--|CU--|-ND1|14013|2963|733|3.851506|2.026840|4.035611|80.205284
382|7|84|137|14|CYS|CU1|HIS|154633|683|1092|140|-SG-|CU--|-ND1|114013|3002|733|2.395596|2.026840|4.011672|130.034286
382|8|14|137|133|HIS|CU1|TYR|334637|140|1092|1071|-ND1|CU--|-OH-|134018|733|4569|2.026840|3.394522|3.644567|80.175224
382|9|14|137|233|HIS|CU1|HOH|334643|140|1092|1201|-ND1|CU--|-O--|134028|733|4612|2.026840|2.609517|3.568819|99.900627
382|10|14|137|143|HIS|CU1|CU1|334646|140|1092|1109|-ND1|CU--|CU--|134040|733|4613|2.026840|2.566699|4.196203|131.631104
382|11|84|137|84|CYS|CU1|CYS|154615|678|1092|683|-N--|CU--|-SG-|14011|2963|3002|3.851506|2.395596|3.354049|59.652767
382|12|84|137|133|CYS|CU1|TYR|154637|678|1092|1071|-N--|CU--|-OH-|14018|2963|4569|3.851506|3.394522|4.527043|77.043327
382|13|84|137|233|CYS|CU1|HOH|154643|678|1092|1201|-N--|CU--|-O--|14028|2963|4612|3.851506|2.609517|6.109778|141.291672
382|14|84|137|143|CYS|CU1|CU1|154646|678|1092|1109|-N--|CU--|CU--|14040|2963|4613|3.851506|2.566699|3.474035|61.766541
382|15|84|137|133|CYS|CU1|TYR|154637|683|1092|1071|-SG-|CU--|-OH-|114018|3002|4569|2.395596|3.394522|3.172856|63.744690
382|16|84|137|233|CYS|CU1|HOH|154643|683|1092|1201|-SG-|CU--|-O--|114028|3002|4612|2.395596|2.609517|3.693937|95.032333
382|17|84|137|143|CYS|CU1|CU1|154646|683|1092|1109|-SG-|CU--|CU--|114040|3002|4613|2.395596|2.566699|2.231925|53.323189
382|18|133|137|233|TYR|CU1|HOH|374643|1071|1092|1201|-OH-|CU--|-O--|184028|4569|4612|3.394522|2.609517|3.294669|65.034393
382|19|133|137|143|TYR|CU1|CU1|374646|1071|1092|1109|-OH-|CU--|CU--|184040|4569|4613|3.394522|2.566699|5.064322|115.626823
382|20|233|137|143|HOH|CU1|CU1|434646|1201|1092|1109|-O--|CU--|CU--|284040|4612|4613|2.609517|2.566699|4.660956|128.434341
382|21|11|138|11|SER|CU1|SER|114611|104|1093|109|-N--|CU--|-OG-|14017|517|539|3.988412|2.923747|2.903281|46.592285
382|22|11|138|12|SER|CU1|CYS|114615|104|1093|110|-N--|CU--|-N--|14001|517|553|3.988412|3.279007|2.775278|43.550220
382|23|11|138|12|SER|CU1|CYS|114615|104|1093|113|-N--|CU--|-O--|14004|517|589|3.988412|3.925776|4.496621|69.240532
382|24|11|138|12|SER|CU1|CYS|114615|104|1093|115|-N--|CU--|-SG-|14011|517|606|3.988412|2.241001|5.335402|114.937218
382|25|11|138|15|SER|CU1|CYS|114615|104|1093|144|-N--|CU--|-N--|14001|517|745|3.988412|3.462578|5.661719|98.658676
382|26|11|138|15|SER|CU1|CYS|114615|104|1093|149|-N--|CU--|-SG-|14011|517|777|3.988412|2.192912|3.322039|56.399368
382|27|11|138|81|SER|CU1|CYS|114615|104|1093|658|-N--|CU--|-SG-|14011|517|2864|3.988412|2.537618|5.818094|124.630669
382|28|11|138|143|SER|CU1|CU1|114646|104|1093|1109|-N--|CU--|CU--|14040|517|4614|3.988412|2.736522|6.137386|130.828323
382|29|11|138|142|SER|CU1|CU1|114646|104|1093|1108|-N--|CU--|CU--|14040|517|4615|3.988412|2.571271|5.465898|111.020477
382|30|12|138|11|CYS|CU1|SER|154611|110|1093|109|-N--|CU--|-OG-|14017|553|539|3.279007|2.923747|3.222565|62.291935
382|31|12|138|11|CYS|CU1|SER|154611|113|1093|109|-O--|CU--|-OG-|44017|589|539|3.925776|2.923747|5.441801|104.256447
382|32|12|138|11|CYS|CU1|SER|154611|115|1093|109|-SG-|CU--|-OG-|114017|606|539|2.241001|2.923747|4.179783|107.315262
382|33|15|138|11|CYS|CU1|SER|154611|144|1093|109|-N--|CU--|-OG-|14017|745|539|3.462578|2.923747|6.090094|144.831604
382|34|15|138|11|CYS|CU1|SER|154611|149|1093|109|-SG-|CU--|-OG-|114017|777|539|2.192912|2.923747|3.677549|90.747147
382|35|81|138|11|CYS|CU1|SER|154611|658|1093|109|-SG-|CU--|-OG-|114017|2864|539|2.537618|2.923747|3.780271|87.306374
382|36|11|138|143|SER|CU1|CU1|114646|109|1093|1109|-OG-|CU--|CU--|174040|539|4614|2.923747|2.736522|3.863776|86.029236
382|37|11|138|142|SER|CU1|CU1|114646|109|1093|1108|-OG-|CU--|CU--|174040|539|4615|2.923747|2.571271|4.620907|114.323967
382|38|12|138|12|CYS|CU1|CYS|154615|110|1093|113|-N--|CU--|-O--|14004|553|589|3.279007|3.925776|2.700393|42.860916
382|39|12|138|12|CYS|CU1|CYS|154615|110|1093|115|-N--|CU--|-SG-|14011|553|606|3.279007|2.241001|3.331169|71.442375
382|40|12|138|15|CYS|CU1|CYS|154615|110|1093|144|-N--|CU--|-N--|14001|553|745|3.279007|3.462578|4.747341|89.485039
382|41|12|138|15|CYS|CU1|CYS|154615|110|1093|149|-N--|CU--|-SG-|14011|553|777|3.279007|2.192912|3.961795|90.538147
382|42|12|138|81|CYS|CU1|CYS|154615|110|1093|658|-N--|CU--|-SG-|14011|553|2864|3.279007|2.537618|5.560297|145.564575
382|43|12|138|143|CYS|CU1|CU1|154646|110|1093|1109|-N--|CU--|CU--|14040|553|4614|3.279007|2.736522|4.922198|109.489967
382|44|12|138|142|CYS|CU1|CU1|154646|110|1093|1108|-N--|CU--|CU--|14040|553|4615|3.279007|2.571271|5.662745|150.687164
382|45|12|138|12|CYS|CU1|CYS|154615|113|1093|115|-O--|CU--|-SG-|44011|589|606|3.925776|2.241001|3.549393|63.555988
382|46|15|138|12|CYS|CU1|CYS|154615|144|1093|113|-N--|CU--|-O--|14004|745|589|3.462578|3.925776|2.992815|47.278904
382|47|12|138|15|CYS|CU1|CYS|154615|113|1093|149|-O--|CU--|-SG-|44011|589|777|3.925776|2.192912|4.197439|81.307709
382|48|12|138|81|CYS|CU1|CYS|154615|113|1093|658|-O--|CU--|-SG-|44011|589|2864|3.925776|2.537618|6.418139|166.105942
382|49|12|138|143|CYS|CU1|CU1|154646|113|1093|1109|-O--|CU--|CU--|44040|589|4614|3.925776|2.736522|5.892551|123.381767
382|50|12|138|142|CYS|CU1|CU1|154646|113|1093|1108|-O--|CU--|CU--|44040|589|4615|3.925776|2.571271|5.773335|124.065048
382|51|15|138|12|CYS|CU1|CYS|154615|144|1093|115|-N--|CU--|-SG-|14011|745|606|3.462578|2.241001|3.789401|80.160873
382|52|12|138|15|CYS|CU1|CYS|154615|115|1093|149|-SG-|CU--|-SG-|114011|606|777|2.241001|2.192912|4.207968|143.257919
382|53|12|138|81|CYS|CU1|CYS|154615|115|1093|658|-SG-|CU--|-SG-|114011|606|2864|2.241001|2.537618|3.820072|105.980949
382|54|12|138|143|CYS|CU1|CU1|154646|115|1093|1109|-SG-|CU--|CU--|114040|606|4614|2.241001|2.736522|2.535935|60.284798
382|55|12|138|142|CYS|CU1|CU1|154646|115|1093|1108|-SG-|CU--|CU--|114040|606|4615|2.241001|2.571271|4.395611|131.843124
382|56|15|138|15|CYS|CU1|CYS|154615|144|1093|149|-N--|CU--|-SG-|14011|745|777|3.462578|2.192912|3.317836|67.586777
382|57|15|138|81|CYS|CU1|CYS|154615|144|1093|658|-N--|CU--|-SG-|14011|745|2864|3.462578|2.537618|5.327119|124.482414
382|58|15|138|143|CYS|CU1|CU1|154646|144|1093|1109|-N--|CU--|CU--|14040|745|4614|3.462578|2.736522|5.513504|125.188301
382|59|15|138|142|CYS|CU1|CU1|154646|144|1093|1108|-N--|CU--|CU--|14040|745|4615|3.462578|2.571271|3.921029|79.560715
382|60|15|138|81|CYS|CU1|CYS|154615|149|1093|658|-SG-|CU--|-SG-|114011|777|2864|2.192912|2.537618|3.798382|106.598663
382|61|15|138|143|CYS|CU1|CU1|154646|149|1093|1109|-SG-|CU--|CU--|114040|777|4614|2.192912|2.736522|4.815209|155.129135
382|62|15|138|142|CYS|CU1|CU1|154646|149|1093|1108|-SG-|CU--|CU--|114040|777|4615|2.192912|2.571271|2.409817|60.149445
382|63|81|138|143|CYS|CU1|CU1|154646|658|1093|1109|-SG-|CU--|CU--|114040|2864|4614|2.537618|2.736522|2.180449|48.660057
382|64|81|138|142|CYS|CU1|CU1|154646|658|1093|1108|-SG-|CU--|CU--|114040|2864|4615|2.537618|2.571271|2.357216|54.949539
382|65|142|138|143|CU1|CU1|CU1|464646|1108|1093|1109|CU--|CU--|CU--|404040|4615|4614|2.571271|2.736522|4.035721|98.940666
382|66|53|139|139|LYS|ACT|ACT|294747|450|1095|1096|-NZ-|-O--|-OXT|143131|5427|4620|3.074361|2.299815|5.236948|153.769836
382|67|57|139|139|ASP|ACT|ACT|214747|478|1095|1096|-OD1|-O--|-OXT|103131|5499|4620|2.482927|2.299815|3.262931|85.946167
382|68|57|139|139|ASP|ACT|ACT|214747|479|1095|1096|-OD2|-O--|-OXT|103131|5507|4620|3.136533|2.299815|4.767045|121.778450
382|69|139|139|140|ACT|ACT|ACT|474747|1096|1095|1100|-OXT|-O--|-OXT|313131|4620|5674|2.299815|3.252954|3.573693|78.044136
382|70|57|139|53|ASP|ACT|LYS|214729|478|1095|450|-OD1|-O--|-NZ-|103114|5499|5427|2.482927|3.074361|4.220308|98.264030
382|71|57|139|53|ASP|ACT|LYS|214729|479|1095|450|-OD2|-O--|-NZ-|103114|5507|5427|3.136533|3.074361|2.819884|53.992805
382|72|53|139|140|LYS|ACT|ACT|294747|450|1095|1100|-NZ-|-O--|-OXT|143131|5427|5674|3.074361|3.252954|5.635467|125.888481
382|73|57|139|57|ASP|ACT|ASP|214721|478|1095|479|-OD1|-O--|-OD2|103110|5499|5507|2.482927|3.136533|2.228083|44.870716
382|74|57|139|140|ASP|ACT|ACT|214747|478|1095|1100|-OD1|-O--|-OXT|103131|5499|5674|2.482927|3.252954|4.438831|100.546211
382|75|57|139|140|ASP|ACT|ACT|214747|479|1095|1100|-OD2|-O--|-OXT|103131|5507|5674|3.136533|3.252954|5.794252|130.136078
382|76|33|139|33|HIS|ACT|HIS|334733|271|1096|277|-N--|-OXT|-ND1|13113|1359|1393|3.555985|2.543940|3.481558|67.253845
382|77|33|139|42|HIS|ACT|ASP|334721|271|1096|345|-N--|-OXT|-O--|13104|1359|1610|3.555985|3.781240|3.068869|49.332104
382|78|33|139|139|HIS|ACT|ACT|334747|271|1096|1095|-N--|-OXT|-O--|13131|1359|4620|3.555985|2.299815|5.755862|158.287354
382|79|33|139|57|HIS|ACT|ASP|334721|271|1096|478|-N--|-OXT|-OD1|13110|1359|5500|3.555985|3.262931|6.277868|133.999054
382|80|33|139|183|HIS|ACT|HOH|334743|271|1096|1149|-N--|-OXT|-O--|13128|1359|5677|3.555985|3.437920|5.101739|93.666138
382|81|42|139|33|ASP|ACT|HIS|214733|345|1096|277|-O--|-OXT|-ND1|43113|1610|1393|3.781240|2.543940|5.419656|116.563568
382|82|33|139|139|HIS|ACT|ACT|334747|277|1096|1095|-ND1|-OXT|-O--|133131|1393|4620|2.543940|2.299815|4.154139|118.015076
382|83|57|139|33|ASP|ACT|HIS|214733|478|1096|277|-OD1|-OXT|-ND1|103113|5500|1393|3.262931|2.543940|3.351967|69.246544
382|84|33|139|183|HIS|ACT|HOH|334743|277|1096|1149|-ND1|-OXT|-O--|133128|1393|5677|2.543940|3.437920|4.257622|89.464180
382|85|42|139|139|ASP|ACT|ACT|214747|345|1096|1095|-O--|-OXT|-O--|43131|1610|4620|3.781240|2.299815|5.328341|120.412224
382|86|42|139|57|ASP|ACT|ASP|214721|345|1096|478|-O--|-OXT|-OD1|43110|1610|5500|3.781240|3.262931|6.971694|163.502747
382|87|42|139|183|ASP|ACT|HOH|214743|345|1096|1149|-O--|-OXT|-O--|43128|1610|5677|3.781240|3.437920|5.343266|95.370514
382|88|57|139|139|ASP|ACT|ACT|214747|478|1096|1095|-OD1|-OXT|-O--|103131|5500|4620|3.262931|2.299815|2.482927|49.380180
382|89|183|139|139|HOH|ACT|ACT|434747|1149|1096|1095|-O--|-OXT|-O--|283131|5677|4620|3.437920|2.299815|4.664632|107.102417
382|90|57|139|183|ASP|ACT|HOH|214743|478|1096|1149|-OD1|-OXT|-O--|103128|5500|5677|3.262931|3.437920|5.142493|100.216232
382|91|57|140|60|ASP|ACT|GLU|214725|478|1099|500|-OD1|-O--|-OE1|103110|2133|2222|3.342765|3.845424|4.485529|76.866859
382|92|57|140|140|ASP|ACT|ACT|214747|478|1099|1100|-OD1|-O--|-OXT|103131|2133|4628|3.342765|2.307779|4.438831|101.982864
382|93|57|140|183|ASP|ACT|HOH|214743|478|1099|1149|-OD1|-O--|-O--|103128|2133|4629|3.342765|3.747726|5.142492|92.803963
382|94|57|140|208|ASP|ACT|HOH|214743|478|1099|1175|-OD1|-O--|-O--|103128|2133|4630|3.342765|3.964615|6.862666|139.663193
382|95|60|140|140|GLU|ACT|ACT|254747|500|1099|1100|-OE1|-O--|-OXT|103131|2222|4628|3.845424|2.307779|4.355566|86.310341
382|96|60|140|183|GLU|ACT|HOH|254743|500|1099|1149|-OE1|-O--|-O--|103128|2222|4629|3.845424|3.747726|2.608588|40.160057
382|97|60|140|208|GLU|ACT|HOH|254743|500|1099|1175|-OE1|-O--|-O--|103128|2222|4630|3.845424|3.964615|4.107674|63.442577
382|98|183|140|140|HOH|ACT|ACT|434747|1149|1099|1100|-O--|-O--|-OXT|283131|4629|4628|3.747726|2.307779|2.735695|46.590260
382|99|208|140|140|HOH|ACT|ACT|434747|1175|1099|1100|-O--|-O--|-OXT|283131|4630|4628|3.964615|2.307779|3.842612|69.934174
382|100|183|140|208|HOH|ACT|HOH|434743|1149|1099|1175|-O--|-O--|-O--|283128|4629|4630|3.747726|3.964615|3.394287|52.129356
382|101|183|140|140|HOH|ACT|ACT|434747|1149|1100|1099|-O--|-OXT|-O--|283131|4632|4628|2.735695|2.307779|3.747726|95.615631
382|102|208|140|140|HOH|ACT|ACT|434747|1175|1100|1099|-O--|-OXT|-O--|283131|4633|4628|3.842612|2.307779|3.964615|75.724617
382|103|42|140|140|ASP|ACT|ACT|214747|353|1100|1099|-OD2|-OXT|-O--|103131|5225|4628|2.631900|2.307779|4.910519|167.515579
382|104|139|140|140|ACT|ACT|ACT|474747|1095|1100|1099|-O--|-OXT|-O--|313131|5674|4628|3.252954|2.307779|3.528318|76.682312
382|105|202|140|140|HOH|ACT|ACT|434747|1169|1100|1099|-O--|-OXT|-O--|283131|5680|4628|3.660657|2.307779|5.187261|118.961609
382|106|183|140|208|HOH|ACT|HOH|434743|1149|1100|1175|-O--|-OXT|-O--|283128|4632|4633|2.735695|3.842612|3.394287|59.316998
382|107|42|140|183|ASP|ACT|HOH|214743|353|1100|1149|-OD2|-OXT|-O--|103128|5225|4632|2.631900|2.735695|3.152769|71.911804
382|108|183|140|139|HOH|ACT|ACT|434747|1149|1100|1095|-O--|-OXT|-O--|283131|4632|5674|2.735695|3.252954|4.664631|101.975655
382|109|183|140|202|HOH|ACT|HOH|434743|1149|1100|1169|-O--|-OXT|-O--|283128|4632|5680|2.735695|3.660657|6.098539|144.509476
382|110|42|140|208|ASP|ACT|HOH|214743|353|1100|1175|-OD2|-OXT|-O--|103128|5225|4633|2.631900|3.842612|4.905664|96.737389
382|111|208|140|139|HOH|ACT|ACT|434747|1175|1100|1095|-O--|-OXT|-O--|283131|4633|5674|3.842612|3.252954|6.759218|144.448822
382|112|202|140|208|HOH|ACT|HOH|434743|1169|1100|1175|-O--|-OXT|-O--|283128|5680|4633|3.660657|3.842612|6.890251|133.343048
382|113|42|140|139|ASP|ACT|ACT|214747|353|1100|1095|-OD2|-OXT|-O--|103131|5225|5674|2.631900|3.252954|4.711480|105.894638
382|114|42|140|202|ASP|ACT|HOH|214743|353|1100|1169|-OD2|-OXT|-O--|103128|5225|5680|2.631900|3.660657|3.852650|73.463669
382|115|202|140|139|HOH|ACT|ACT|434747|1169|1100|1095|-O--|-OXT|-O--|283131|5680|5674|3.660657|3.252954|4.464158|80.200676
382|116|158|141|141|HOH|GOL|GOL|434949|1124|1103|1105|-O--|-O1-|-O2-|283131|4645|4643|2.806172|2.781465|4.040960|92.636986
382|117|53|141|141|LYS|GOL|GOL|294949|450|1103|1105|-NZ-|-O1-|-O2-|143131|5422|4643|3.878996|2.781465|6.139772|133.719757
382|118|54|141|141|ASP|GOL|GOL|214949|457|1103|1105|-OD1|-O1-|-O2-|103131|5471|4643|3.338506|2.781465|2.867219|54.966713
382|119|57|141|141|ASP|GOL|GOL|214949|479|1103|1105|-OD2|-O1-|-O2-|103131|5504|4643|2.520793|2.781465|5.274395|168.232819
382|120|53|141|158|LYS|GOL|HOH|294943|450|1103|1124|-NZ-|-O1-|-O--|143128|5422|4645|3.878996|2.806172|2.912747|48.458866
382|121|54|141|158|ASP|GOL|HOH|214943|457|1103|1124|-OD1|-O1-|-O--|103128|5471|4645|3.338506|2.806172|3.418796|66.963486
382|122|57|141|158|ASP|GOL|HOH|214943|479|1103|1124|-OD2|-O1-|-O--|103128|5504|4645|2.520793|2.806172|3.846510|92.295433
382|123|54|141|53|ASP|GOL|LYS|214929|457|1103|450|-OD1|-O1-|-NZ-|103114|5471|5422|3.338506|3.878996|6.001177|112.285507
382|124|57|141|53|ASP|GOL|LYS|214929|479|1103|450|-OD2|-O1-|-NZ-|103114|5504|5422|2.520793|3.878996|2.819884|46.550072
382|125|54|141|57|ASP|GOL|ASP|214921|457|1103|479|-OD1|-O1-|-OD2|103110|5471|5504|3.338506|2.520793|5.454736|136.723358
382|126|141|141|141|GOL|GOL|GOL|494949|1103|1105|1107|-O1-|-O2-|-O3-|313131|4643|4650|2.781465|2.958700|4.288881|96.643059
382|127|54|141|141|ASP|GOL|GOL|214949|457|1105|1103|-OD1|-O2-|-O1-|103131|5470|4643|2.867219|2.781465|3.338506|72.441345
382|128|71|141|141|GLN|GOL|GOL|274949|577|1105|1103|-N--|-O2-|-O1-|13131|5699|4643|3.016862|2.781465|5.739577|163.660156
382|129|71|141|141|GLN|GOL|GOL|274949|580|1105|1103|-O--|-O2-|-O1-|43131|5707|4643|3.108735|2.781465|5.428336|134.243927
382|130|254|141|141|HOH|GOL|GOL|434949|1222|1105|1103|-O--|-O2-|-O1-|283131|5709|4643|3.042798|2.781465|4.316628|95.553535
382|131|54|141|141|ASP|GOL|GOL|214949|457|1105|1107|-OD1|-O2-|-O3-|103131|5470|4650|2.867219|2.958700|5.779280|165.488708
382|132|71|141|141|GLN|GOL|GOL|274949|577|1105|1107|-N--|-O2-|-O3-|13131|5699|4650|3.016862|2.958700|4.462550|96.623055
382|133|71|141|141|GLN|GOL|GOL|274949|580|1105|1107|-O--|-O2-|-O3-|43131|5707|4650|3.108735|2.958700|2.572165|50.090919
382|134|254|141|141|HOH|GOL|GOL|434949|1222|1105|1107|-O--|-O2-|-O3-|283131|5709|4650|3.042798|2.958700|3.872733|80.362175
382|135|71|141|54|GLN|GOL|ASP|274921|577|1105|457|-N--|-O2-|-OD1|13110|5699|5470|3.016862|2.867219|4.261909|92.787956
382|136|71|141|54|GLN|GOL|ASP|274921|580|1105|457|-O--|-O2-|-OD1|43110|5707|5470|3.108735|2.867219|5.460727|132.025360
382|137|54|141|254|ASP|GOL|HOH|214943|457|1105|1222|-OD1|-O2-|-O--|103128|5470|5709|2.867219|3.042798|4.217278|91.004425
382|138|71|141|71|GLN|GOL|GLN|274927|577|1105|580|-N--|-O2-|-O--|13104|5699|5707|3.016862|3.108735|2.693739|52.149689
382|139|71|141|254|GLN|GOL|HOH|274943|577|1105|1222|-N--|-O2-|-O--|13128|5699|5709|3.016862|3.042798|3.786312|77.339424
382|140|71|141|254|GLN|GOL|HOH|274943|580|1105|1222|-O--|-O2-|-O--|43128|5707|5709|3.108735|3.042798|2.787143|53.870113
382|141|30|141|141|SER|GOL|GOL|114949|256|1107|1105|-O--|-O3-|-O2-|43131|1271|4650|3.871538|2.958700|5.303927|101.044838
382|142|30|141|187|SER|GOL|HOH|114943|256|1107|1153|-O--|-O3-|-O--|43128|1271|4654|3.871538|2.839185|2.825078|46.729851
382|143|30|141|71|SER|GOL|GLN|114927|256|1107|580|-O--|-O3-|-O--|43104|1271|5735|3.871538|2.572165|6.390564|164.962631
382|144|30|141|254|SER|GOL|HOH|114943|256|1107|1222|-O--|-O3-|-O--|43128|1271|5739|3.871538|3.872733|7.153829|134.963455
382|145|187|141|141|HOH|GOL|GOL|434949|1153|1107|1105|-O--|-O3-|-O2-|283131|4654|4650|2.839185|2.958700|5.128138|124.363350
382|146|71|141|141|GLN|GOL|GOL|274949|580|1107|1105|-O--|-O3-|-O2-|43131|5735|4650|2.572165|2.958700|3.108735|67.983780
382|147|254|141|141|HOH|GOL|GOL|434949|1222|1107|1105|-O--|-O3-|-O2-|283131|5739|4650|3.872733|2.958700|3.042798|50.769539
382|148|71|141|187|GLN|GOL|HOH|274943|580|1107|1153|-O--|-O3-|-O--|43128|5735|4654|2.572165|2.839185|5.201434|147.937622
382|149|187|141|254|HOH|GOL|HOH|434943|1153|1107|1222|-O--|-O3-|-O--|283128|4654|5739|2.839185|3.872733|5.686148|114.941154
382|150|71|141|254|GLN|GOL|HOH|274943|580|1107|1222|-O--|-O3-|-O--|43128|5735|5739|2.572165|3.872733|2.787143|45.973953
382|151|15|142|15|CYS|CU1|CYS|154615|144|1108|149|-N--|CU--|-SG-|14011|746|781|3.921029|2.409817|3.317836|57.428787
382|152|15|142|64|CYS|CU1|TYR|154637|144|1108|534|-N--|CU--|-OH-|14018|746|2347|3.921029|3.459687|4.575145|76.329819
382|153|15|142|81|CYS|CU1|CYS|154615|144|1108|658|-N--|CU--|-SG-|14011|746|2870|3.921029|2.357216|5.327119|113.757843
382|154|15|142|83|CYS|CU1|HIS|154633|144|1108|674|-N--|CU--|-ND1|14013|746|2950|3.921029|2.031055|4.097872|80.214371
382|155|15|142|138|CYS|CU1|CU1|154646|144|1108|1093|-N--|CU--|CU--|14040|746|4615|3.921029|2.571271|3.462578|60.280376
382|156|15|142|145|CYS|CU1|HOH|154643|144|1108|1111|-N--|CU--|-O--|14028|746|4655|3.921029|2.542935|6.087233|139.719559
382|157|15|142|64|CYS|CU1|TYR|154637|149|1108|534|-SG-|CU--|-OH-|114018|781|2347|2.409817|3.459687|3.195743|63.023727
382|158|15|142|81|CYS|CU1|CYS|154615|149|1108|658|-SG-|CU--|-SG-|114011|781|2870|2.409817|2.357216|3.798382|105.646294
382|159|15|142|83|CYS|CU1|HIS|154633|149|1108|674|-SG-|CU--|-ND1|114013|781|2950|2.409817|2.031055|4.024133|129.763779
382|160|15|142|138|CYS|CU1|CU1|154646|149|1108|1093|-SG-|CU--|CU--|114040|781|4615|2.409817|2.571271|2.192912|52.116352
382|161|15|142|145|CYS|CU1|HOH|154643|149|1108|1111|-SG-|CU--|-O--|114028|781|4655|2.409817|2.542935|3.650459|94.924591
382|162|81|142|64|CYS|CU1|TYR|154637|658|1108|534|-SG-|CU--|-OH-|114018|2870|2347|2.357216|3.459687|5.722478|158.938675
382|163|83|142|64|HIS|CU1|TYR|334637|674|1108|534|-ND1|CU--|-OH-|134018|2950|2347|2.031055|3.459687|3.794621|83.070816
382|164|64|142|138|TYR|CU1|CU1|374646|534|1108|1093|-OH-|CU--|CU--|184040|2347|4615|3.459687|2.571271|5.077321|113.865524
382|165|64|142|145|TYR|CU1|HOH|374643|534|1108|1111|-OH-|CU--|-O--|184028|2347|4655|3.459687|2.542935|3.292824|64.434334
382|166|81|142|83|CYS|CU1|HIS|154633|658|1108|674|-SG-|CU--|-ND1|114013|2870|2950|2.357216|2.031055|3.728672|116.158699
382|167|81|142|138|CYS|CU1|CU1|154646|658|1108|1093|-SG-|CU--|CU--|114040|2870|4615|2.357216|2.571271|2.537618|61.799492
382|168|81|142|145|CYS|CU1|HOH|154643|658|1108|1111|-SG-|CU--|-O--|114028|2870|4655|2.357216|2.542935|3.782831|100.996651
382|169|83|142|138|HIS|CU1|CU1|334646|674|1108|1093|-ND1|CU--|CU--|134040|2950|4615|2.031055|2.571271|4.161934|129.084457
382|170|83|142|145|HIS|CU1|HOH|334643|674|1108|1111|-ND1|CU--|-O--|134028|2950|4655|2.031055|2.542935|3.588854|102.797989
382|171|145|142|138|HOH|CU1|CU1|434646|1111|1108|1093|-O--|CU--|CU--|284040|4655|4615|2.542935|2.571271|4.597438|128.041107
382|172|12|143|11|CYS|CU1|SER|154611|115|1109|109|-SG-|CU--|-OG-|114017|610|541|2.535935|3.863776|4.179783|78.553047
382|173|11|143|80|SER|CU1|SER|114611|109|1109|652|-OG-|CU--|-OG-|174017|541|2820|3.863776|3.037899|2.724631|44.534626
382|174|81|143|11|CYS|CU1|SER|154611|653|1109|109|-N--|CU--|-OG-|14017|2823|541|3.319526|3.863776|4.244475|71.986832
382|175|81|143|11|CYS|CU1|SER|154611|656|1109|109|-O--|CU--|-OG-|44017|2846|541|3.952379|3.863776|6.350811|108.681183
382|176|81|143|11|CYS|CU1|SER|154611|658|1109|109|-SG-|CU--|-OG-|114017|2866|541|2.180449|3.863776|3.780271|71.334122
382|177|84|143|11|CYS|CU1|SER|154611|678|1109|109|-N--|CU--|-OG-|14017|2962|541|3.474035|3.863776|7.119802|151.956757
382|178|84|143|11|CYS|CU1|SER|154611|683|1109|109|-SG-|CU--|-OG-|114017|3001|541|2.231925|3.863776|5.575867|130.407440
382|179|11|143|137|SER|CU1|CU1|114646|109|1109|1092|-OG-|CU--|CU--|174040|541|4613|3.863776|2.566699|5.822505|128.639359
382|180|11|143|138|SER|CU1|CU1|114646|109|1109|1093|-OG-|CU--|CU--|174040|541|4614|3.863776|2.736522|2.923747|49.015808
382|181|12|143|80|CYS|CU1|SER|154611|115|1109|652|-SG-|CU--|-OG-|114017|610|2820|2.535935|3.037899|3.889371|88.019096
382|182|81|143|12|CYS|CU1|CYS|154615|653|1109|115|-N--|CU--|-SG-|14011|2823|610|3.319526|2.535935|5.645535|148.936615
382|183|81|143|12|CYS|CU1|CYS|154615|656|1109|115|-O--|CU--|-SG-|44011|2846|610|3.952379|2.535935|6.443931|166.256119
382|184|12|143|81|CYS|CU1|CYS|154615|115|1109|658|-SG-|CU--|-SG-|114011|610|2866|2.535935|2.180449|3.820072|107.946747
382|185|84|143|12|CYS|CU1|CYS|154615|678|1109|115|-N--|CU--|-SG-|14011|2962|610|3.474035|2.535935|5.254106|121.117119
382|186|12|143|84|CYS|CU1|CYS|154615|115|1109|683|-SG-|CU--|-SG-|114011|610|3001|2.535935|2.231925|3.758471|103.870056
382|187|12|143|137|CYS|CU1|CU1|154646|115|1109|1092|-SG-|CU--|CU--|114040|610|4613|2.535935|2.566699|2.277952|53.025143
382|188|12|143|138|CYS|CU1|CU1|154646|115|1109|1093|-SG-|CU--|CU--|114040|610|4614|2.535935|2.736522|2.241001|50.129200
382|189|81|143|80|CYS|CU1|SER|154611|653|1109|652|-N--|CU--|-OG-|14017|2823|2820|3.319526|3.037899|3.382190|64.102768
382|190|81|143|80|CYS|CU1|SER|154611|656|1109|652|-O--|CU--|-OG-|44017|2846|2820|3.952379|3.037899|5.586967|105.367928
382|191|81|143|80|CYS|CU1|SER|154611|658|1109|652|-SG-|CU--|-OG-|114017|2866|2820|2.180449|3.037899|4.287369|109.390274
382|192|84|143|80|CYS|CU1|SER|154611|678|1109|652|-N--|CU--|-OG-|14017|2962|2820|3.474035|3.037899|6.195833|144.065796
382|193|84|143|80|CYS|CU1|SER|154611|683|1109|652|-SG-|CU--|-OG-|114017|3001|2820|2.231925|3.037899|3.637928|85.873528
382|194|80|143|137|SER|CU1|CU1|114646|652|1109|1092|-OG-|CU--|CU--|174040|2820|4613|3.037899|2.566699|4.617273|110.661072
382|195|80|143|138|SER|CU1|CU1|114646|652|1109|1093|-OG-|CU--|CU--|174040|2820|4614|3.037899|2.736522|4.022347|88.145332
382|196|81|143|81|CYS|CU1|CYS|154615|653|1109|656|-N--|CU--|-O--|14004|2823|2846|3.319526|3.952379|2.708499|42.634312
382|197|81|143|81|CYS|CU1|CYS|154615|653|1109|658|-N--|CU--|-SG-|14011|2823|2866|3.319526|2.180449|3.357214|71.877762
382|198|81|143|84|CYS|CU1|CYS|154615|653|1109|678|-N--|CU--|-N--|14001|2823|2962|3.319526|3.474035|4.801311|89.911613
382|199|81|143|84|CYS|CU1|CYS|154615|653|1109|683|-N--|CU--|-SG-|14011|2823|3001|3.319526|2.231925|3.944554|88.293625
382|200|81|143|137|CYS|CU1|CU1|154646|653|1109|1092|-N--|CU--|CU--|14040|2823|4613|3.319526|2.566699|5.657611|147.685684
382|201|81|143|138|CYS|CU1|CU1|154646|653|1109|1093|-N--|CU--|CU--|14040|2823|4614|3.319526|2.736522|5.032674|112.048225
382|202|81|143|81|CYS|CU1|CYS|154615|656|1109|658|-O--|CU--|-SG-|44011|2846|2866|3.952379|2.180449|3.621365|65.083763
382|203|84|143|81|CYS|CU1|CYS|154615|678|1109|656|-N--|CU--|-O--|14004|2962|2846|3.474035|3.952379|3.055963|48.067226
382|204|81|143|84|CYS|CU1|CYS|154615|656|1109|683|-O--|CU--|-SG-|44011|2846|3001|3.952379|2.231925|4.210529|80.624023
382|205|81|143|137|CYS|CU1|CU1|154646|656|1109|1092|-O--|CU--|CU--|44040|2846|4613|3.952379|2.566699|5.750369|122.353325
382|206|81|143|138|CYS|CU1|CU1|154646|656|1109|1093|-O--|CU--|CU--|44040|2846|4614|3.952379|2.736522|5.979129|125.756210
382|207|84|143|81|CYS|CU1|CYS|154615|678|1109|658|-N--|CU--|-SG-|14011|2962|2866|3.474035|2.180449|3.866601|82.899529
382|208|81|143|84|CYS|CU1|CYS|154615|658|1109|683|-SG-|CU--|-SG-|114011|2866|3001|2.180449|2.231925|4.207112|144.907440
382|209|81|143|137|CYS|CU1|CU1|154646|658|1109|1092|-SG-|CU--|CU--|114040|2866|4613|2.180449|2.566699|4.375717|134.208237
382|210|81|143|138|CYS|CU1|CU1|154646|658|1109|1093|-SG-|CU--|CU--|114040|2866|4614|2.180449|2.736522|2.537618|60.902046
382|211|84|143|84|CYS|CU1|CYS|154615|678|1109|683|-N--|CU--|-SG-|14011|2962|3001|3.474035|2.231925|3.354049|68.033768
382|212|84|143|137|CYS|CU1|CU1|154646|678|1109|1092|-N--|CU--|CU--|14040|2962|4613|3.474035|2.566699|3.851506|77.622169
382|213|84|143|138|CYS|CU1|CU1|154646|678|1109|1093|-N--|CU--|CU--|14040|2962|4614|3.474035|2.736522|5.544613|126.034950
382|214|84|143|137|CYS|CU1|CU1|154646|683|1109|1092|-SG-|CU--|CU--|114040|3001|4613|2.231925|2.566699|2.395596|59.409985
382|215|84|143|138|CYS|CU1|CU1|154646|683|1109|1093|-SG-|CU--|CU--|114040|3001|4614|2.231925|2.736522|4.838092|153.553452
382|216|137|143|138|CU1|CU1|CU1|464646|1092|1109|1093|CU--|CU--|CU--|404040|4613|4614|2.566699|2.736522|4.040427|99.210716
382|217|117|144|240|ASP|_CA|HOH|214543|936|1110|1208|-O--|CA--|-O--|43728|4046|4656|2.337667|2.394207|2.848926|74.025932
382|218|117|144|244|ASP|_CA|HOH|214543|936|1110|1212|-O--|CA--|-O--|43728|4046|4657|2.337667|2.360008|3.280843|88.595764
382|219|117|144|160|ASP|_CA|HOH|214543|936|1110|1126|-O--|CA--|-O--|43728|4046|5742|2.337667|2.314009|3.302711|90.469086
382|220|117|144|48|ASP|_CA|ASP|214521|936|1110|405|-O--|CA--|-OD2|43710|4046|5746|2.337667|2.276232|4.522472|157.147705
382|221|117|144|46|ASP|_CA|ASP|214521|936|1110|391|-O--|CA--|-OD1|43710|4046|5751|2.337667|2.523772|4.241694|121.458153
382|222|117|144|46|ASP|_CA|ASP|214521|936|1110|392|-O--|CA--|-OD2|43710|4046|5752|2.337667|2.513419|3.025714|77.082031
382|223|240|144|244|HOH|_CA|HOH|434543|1208|1110|1212|-O--|CA--|-O--|283728|4656|4657|2.394207|2.360008|3.339410|89.238419
382|224|160|144|240|HOH|_CA|HOH|434543|1126|1110|1208|-O--|CA--|-O--|283728|5742|4656|2.314009|2.394207|3.261000|87.658287
382|225|48|144|240|ASP|_CA|HOH|214543|405|1110|1208|-OD2|CA--|-O--|103728|5746|4656|2.276232|2.394207|3.110797|83.486595
382|226|46|144|240|ASP|_CA|HOH|214543|391|1110|1208|-OD1|CA--|-O--|103728|5751|4656|2.523772|2.394207|4.804976|155.379044
382|227|46|144|240|ASP|_CA|HOH|214543|392|1110|1208|-OD2|CA--|-O--|103728|5752|4656|2.513419|2.394207|4.746094|150.508942
382|228|160|144|244|HOH|_CA|HOH|434543|1126|1110|1212|-O--|CA--|-O--|283728|5742|4657|2.314009|2.360008|4.672302|176.895813
382|229|48|144|244|ASP|_CA|HOH|214543|405|1110|1212|-OD2|CA--|-O--|103728|5746|4657|2.276232|2.360008|3.424908|95.228844
382|230|46|144|244|ASP|_CA|HOH|214543|391|1110|1212|-OD1|CA--|-O--|103728|5751|4657|2.523772|2.360008|2.917324|73.274033
382|231|46|144|244|ASP|_CA|HOH|214543|392|1110|1212|-OD2|CA--|-O--|103728|5752|4657|2.513419|2.360008|3.620017|95.890991
382|232|48|144|160|ASP|_CA|HOH|214543|405|1110|1126|-OD2|CA--|-O--|103728|5746|5742|2.276232|2.314009|3.086589|84.504623
382|233|46|144|160|ASP|_CA|HOH|214543|391|1110|1126|-OD1|CA--|-O--|103728|5751|5742|2.523772|2.314009|3.957626|109.707565
382|234|46|144|160|ASP|_CA|HOH|214543|392|1110|1126|-OD2|CA--|-O--|103728|5752|5742|2.513419|2.314009|3.319473|86.781799
382|235|46|144|48|ASP|_CA|ASP|214521|391|1110|405|-OD1|CA--|-OD2|103710|5751|5746|2.523772|2.276232|3.125389|81.074417
382|236|46|144|48|ASP|_CA|ASP|214521|392|1110|405|-OD2|CA--|-OD2|103710|5752|5746|2.513419|2.276232|4.243546|124.671631
382|237|46|144|46|ASP|_CA|ASP|214521|391|1110|392|-OD1|CA--|-OD2|103710|5751|5752|2.523772|2.513419|2.183860|51.385262
