116|0|1020|_CD|8154|CD--|48|32.939999|27.675886|1.000000|1.000000|5|5|6|0|1|1|20.388475|3|2|0|0|0|0|0|0|1|0|0|0|0|2|0|0|0|2|0|0|0|0|0|0|0|0|0|1|0|0|0|2.498060|2.413312|2.633004|1.108939|0.264963|1.405771|0.413530|6|0|1.119800|0.257637|1.417741|0.406017
116|1|1021|_CD|8155|CD--|48|127.400002|27.796400|1.000000|1.000000|2|2|4|0|2|0|3.711379|1|0|1|0|0|0|1|0|0|0|0|0|0|0|0|0|0|0|0|0|0|0|1|0|0|0|0|0|0|0|0|2.549754|2.472545|2.626963|0.752282|0.588115|1.023804|0.838771|4|0|0.789704|0.597408|1.069364|0.851809
116|2|1022|_CD|8156|CD--|48|36.840000|29.917727|1.000000|1.000000|4|3|5|1|2|1|9.484592|4|0|0|0|0|0|1|0|2|0|0|0|0|1|0|0|0|0|0|0|0|0|0|0|0|0|0|1|1|0|0|2.456428|2.226681|2.710504|1.062634|0.557396|1.171223|0.614355|5|0|1.102091|0.556876|1.214711|0.613782
116|3|1023|_CD|8157|CD--|48|78.279999|21.288208|1.000000|1.000000|2|2|3|0|2|1|41.869003|2|0|0|0|0|0|0|0|0|0|0|0|0|2|0|0|0|0|0|0|0|0|0|0|0|0|0|1|0|0|0|2.776325|2.734472|2.818177|0.190500|0.174162|0.209967|0.191959|5|0|0.263794|0.138785|0.293041|0.150746
116|4|1024|_CD|8158|CD--|48|43.549999|38.292614|1.000000|1.000000|5|4|4|1|0|1|29.924654|5|0|0|0|0|0|0|0|2|0|0|0|0|3|0|0|0|0|0|0|0|0|0|0|0|0|0|2|1|0|0|2.420253|2.157530|2.608909|1.364259|0.669066|1.503670|0.737437|6|0|1.438301|0.652251|1.585279|0.718903
116|5|1025|_CA|8159|CA--|20|31.370001|39.713871|1.000000|1.000000|3|3|6|0|3|1|22.675854|3|0|0|0|0|0|0|0|2|0|0|0|1|0|0|0|0|0|0|0|0|0|0|0|0|0|0|1|1|0|0|2.304085|2.097535|2.558601|1.266704|0.846770|1.266704|0.846770|4|0|1.273189|0.852495|1.273189|0.852495
116|6|1026|_NA|8160|NA--|11|42.700001|38.389999|1.000000|1.000000|1|1|15|0|1|1|180.000000|1|0|0|0|0|0|0|0|0|0|0|0|1|0|0|0|0|0|0|0|0|0|0|0|0|0|0|0|0|0|0|2.487049|2.487049|2.487049|0.147941|0.147941|0.227977|0.227977|1|0|0.147941|0.147941|0.227977|0.227977
116|7|1027|_CA|8161|CA--|20|63.000000|35.560768|1.000000|1.000000|1|1|15|0|1|1|180.000000|1|0|0|0|0|0|0|0|1|0|0|0|0|0|0|0|0|0|0|0|0|0|0|0|0|0|0|0|0|0|0|2.535684|2.535684|2.535684|0.199896|0.199896|0.199896|0.199896|3|0|0.251642|0.222177|0.251642|0.222177
116|8|1028|_CA|8162|CA--|20|45.430000|41.643272|1.000000|1.000000|1|1|15|0|1|1|180.000000|1|0|0|0|0|0|0|0|1|0|0|0|0|0|0|0|0|0|0|0|0|0|0|0|0|0|0|0|0|0|0|2.209123|2.209123|2.209123|0.483183|0.483183|0.483183|0.483183|2|0|0.549020|0.529438|0.549020|0.529438
116|9|1029|_MG|8163|MG--|12|22.290001|24.419439|1.000000|1.000000|1|1|15|0|1|1|180.000000|0|1|0|0|0|0|0|0|0|0|0|0|0|0|0|0|0|1|0|0|0|0|0|0|0|0|0|0|0|0|0|2.658429|2.658429|2.658429|0.098266|0.098266|0.215177|0.215177|4|0|0.204763|0.134389|0.438509|0.289751
116|10|1030|_NA|8164|NA--|11|19.730000|31.505558|1.000000|1.000000|3|3|6|0|3|1|9.860680|3|0|0|0|0|0|0|0|1|0|0|0|2|0|0|0|0|0|0|0|0|0|0|0|0|0|0|0|0|0|0|2.375428|2.161970|2.629534|0.680089|0.460460|1.048018|0.709570|4|0|0.737332|0.463194|1.136231|0.713782
116|11|1031|_NA|8165|NA--|11|35.099998|38.890594|1.000000|1.000000|4|3|3|1|1|1|14.614409|4|0|0|0|0|0|0|0|2|0|0|0|2|0|0|0|0|0|0|0|0|0|0|0|0|0|0|1|1|0|0|2.395413|2.241838|2.632268|0.811356|0.337175|1.250301|0.519587|4|0|0.811356|0.337175|1.250301|0.519587
116|12|1032|_CD|8166|CD--|48|56.369999|23.122713|1.000000|1.000000|1|1|15|0|1|1|180.000000|1|0|0|0|0|0|0|0|0|0|0|0|0|1|0|0|0|0|0|0|0|0|0|0|0|0|0|0|0|0|0|1.949484|1.949484|1.949484|0.884326|0.884326|0.974693|0.974693|4|0|0.954533|0.880478|1.052075|0.970453
116|13|1033|_NA|8167|NA--|11|6.220000|40.193035|1.000000|1.000000|2|2|3|0|2|0|4.790955|2|0|0|0|0|0|0|0|1|0|0|0|1|0|0|0|0|0|0|0|0|0|0|0|0|0|0|0|0|0|0|2.535909|2.435312|2.636506|0.268921|0.189469|0.414408|0.291972|4|0|0.386107|0.175932|0.594991|0.271111
116|14|1034|_NA|8168|NA--|11|20.600000|30.414011|1.000000|1.000000|3|3|6|0|3|1|10.029696|3|0|0|0|0|0|0|0|1|0|0|0|2|0|0|0|0|0|0|0|0|0|0|0|0|0|0|0|0|0|0|2.198621|2.010934|2.354824|1.043475|0.602105|1.607997|0.927845|5|0|1.105388|0.621836|1.703404|0.958250
116|15|1035|_NA|8169|NA--|11|35.580002|44.439777|1.000000|1.000000|3|3|3|0|1|1|18.656366|3|0|0|0|0|0|0|0|1|0|0|0|2|0|0|0|0|0|0|0|0|0|0|0|0|0|0|0|0|0|0|2.439356|2.415193|2.462620|0.505575|0.192271|0.779091|0.296289|5|0|0.592049|0.258599|0.912349|0.398502
116|16|1046|_CD|8238|CD--|48|38.240002|27.101421|1.000000|1.000000|5|5|6|0|1|1|20.014187|3|2|0|0|0|0|0|0|1|0|0|0|0|2|0|0|0|2|0|0|0|0|0|0|0|0|0|1|0|0|0|2.409792|2.256763|2.594932|1.420205|0.341603|1.737598|0.440706|8|0|1.433769|0.335958|1.752547|0.432694
116|17|1047|_CD|8239|CD--|48|113.779999|31.717730|1.000000|1.000000|2|2|1|0|0|1|35.626022|1|0|1|0|0|0|0|0|0|0|0|0|1|0|0|0|0|0|0|0|0|0|1|0|0|0|0|0|0|0|0|2.590922|2.480913|2.700931|0.712949|0.507122|0.976100|0.747972|6|0|0.811193|0.498276|1.087596|0.740436
116|18|1048|_CD|8240|CD--|48|40.520000|33.740562|1.000000|1.000000|4|3|5|1|2|0|2.993082|4|0|0|0|0|0|1|0|2|0|0|0|0|1|0|0|0|0|0|0|0|0|0|0|0|0|0|1|1|0|0|2.227616|1.847066|2.428747|2.063512|1.207121|2.274379|1.330475|5|0|2.119750|1.161354|2.336363|1.280031
116|19|1049|_CD|8241|CD--|48|47.169998|25.808184|1.000000|1.000000|1|1|15|0|1|1|180.000000|1|0|0|0|0|0|0|0|1|0|0|0|0|0|0|0|0|0|0|0|0|0|0|0|0|0|0|0|0|0|0|2.426047|2.426047|2.426047|0.243915|0.243915|0.268840|0.268840|5|0|0.336135|0.291618|0.372777|0.322229
116|20|1050|_CD|8242|CD--|48|35.450001|45.786846|1.000000|1.000000|6|6|6|0|0|1|26.109426|6|0|0|0|0|0|0|0|2|0|0|0|0|4|0|0|0|0|0|0|0|0|0|0|0|0|0|3|1|0|0|2.451898|2.205329|2.763831|1.600584|0.622654|1.764145|0.686281|6|0|1.600584|0.622654|1.764145|0.686281
116|21|1051|_CA|8243|CA--|20|38.270000|36.521332|1.000000|1.000000|2|2|3|0|2|1|36.687542|2|0|0|0|0|0|0|0|2|0|0|0|0|0|0|0|0|0|0|0|0|0|0|0|0|0|0|1|1|0|0|2.433855|2.313567|2.554143|0.554518|0.501704|0.554518|0.501704|2|0|0.554518|0.501704|0.554518|0.501704
116|22|1053|_CA|8245|CA--|20|73.760002|37.491508|1.000000|1.000000|2|2|3|0|2|0|6.959946|1|1|0|0|0|0|0|0|1|0|0|0|0|0|0|0|0|0|1|0|0|0|0|0|0|0|0|0|0|0|0|2.733235|2.543933|2.922538|0.300877|0.210546|0.300877|0.210546|4|0|0.359718|0.263880|0.359718|0.263880
116|23|1054|_CA|8246|CA--|20|26.150000|40.769333|1.000000|1.000000|2|2|3|0|2|1|40.293797|2|0|0|0|0|0|0|0|2|0|0|0|0|0|0|0|0|0|0|0|0|0|0|0|0|0|0|1|1|0|0|2.585057|2.403843|2.766270|0.392656|0.364085|0.392656|0.364085|2|0|0.392656|0.364085|0.392656|0.364085
116|24|1055|_MG|8247|MG--|12|70.370003|27.009838|1.000000|1.000000|2|2|4|0|2|1|9.060660|1|1|0|0|0|0|1|0|0|0|0|0|0|0|0|0|0|1|0|0|0|0|0|0|0|0|0|0|0|0|0|2.190666|1.945066|2.436267|0.649503|0.472113|1.378652|0.993496|5|0|0.683510|0.466754|1.450216|0.982494
116|25|1056|_NA|8248|NA--|11|30.170000|32.865978|1.000000|1.000000|2|2|4|0|2|0|6.838942|2|0|0|0|0|0|0|0|1|0|0|0|1|0|0|0|0|0|0|0|0|0|0|0|0|0|0|0|0|0|0|2.228785|2.162913|2.294656|0.604098|0.386611|0.930916|0.595769|4|0|0.683557|0.405526|1.053362|0.624916
116|26|1057|_NA|8249|NA--|11|20.200001|33.300785|1.000000|1.000000|4|4|4|0|0|1|36.378357|4|0|0|0|0|0|0|0|1|0|0|0|3|0|0|0|0|0|0|0|0|0|0|0|0|0|0|0|0|0|0|2.322333|2.167038|2.502171|0.975570|0.624084|1.503355|0.961715|7|0|1.037353|0.633567|1.600920|0.975637
116|27|1058|_NA|8250|NA--|11|56.480000|41.078011|1.000000|1.000000|3|3|4|0|1|1|42.660816|3|0|0|0|0|0|0|0|0|0|0|0|3|0|0|0|0|0|0|0|0|0|0|0|0|0|0|0|0|0|0|2.475060|2.303596|2.672015|0.496347|0.325255|0.764871|0.501219|7|0|0.539294|0.297277|0.831053|0.458104
116|28|1059|_NA|8251|NA--|11|34.599998|29.786507|1.000000|1.000000|2|2|3|0|2|1|16.010811|2|0|0|0|0|0|0|0|1|0|0|0|1|0|0|0|0|0|0|0|0|0|0|0|0|0|0|0|0|0|0|2.620210|2.571052|2.669368|0.208276|0.167170|0.320954|0.257609|6|0|0.293568|0.153018|0.461453|0.232671
116|29|1060|_NA|8252|NA--|11|29.309999|39.555431|1.000000|1.000000|2|2|3|0|2|0|5.334106|2|0|0|0|0|0|0|0|1|0|0|0|1|0|0|0|0|0|0|0|0|0|0|0|0|0|0|0|0|0|0|2.318227|2.061105|2.575349|0.584318|0.471454|0.900435|0.726511|3|0|0.600008|0.485539|0.924614|0.748216
