116|0|-1|578|16|1022|LEU|_CD|746|118|8156|-O--|CD--|440|8|48|2|0011|2.226681|-0.342663|0.091168|0.935024|7.425676|0.418068|0.460790
116|1|-1|732|20|1022|GLU|_CD|2546|156|8156|-OE1|CD--|1040|8|48|2|0011|2.640849|0.245377|-0.873204|0.421076|4.613437|0.136493|0.150441
116|2|-1|734|20|1022|GLU|_CD|2546|157|8156|-OE2|CD--|1040|8|48|2|0011|2.710504|0.799482|-0.289244|0.526466|2.624543|0.113071|0.124626
116|3|-1|1251|37|1021|PRO|_CD|1946|286|8155|-O--|CD--|440|8|48|2|0011|2.626963|0.363538|-0.841656|0.399319|479.584320|0.141713|0.156194
116|4|-1|1403|41|1021|CYS|_CD|1546|318|8155|-N--|CD--|140|7|48|4|0011|3.552038|-0.627810|-0.742110|0.234795|565.629883|0.013531|0.019227
116|5|-1|1441|41|1021|CYS|_CD|1546|323|8155|-SG-|CD--|1140|16|48|3|0011|2.472545|-0.755499|0.277850|0.593314|454.973846|0.610569|0.867610
116|6|-1|1561|44|1029|GLU|_MG|2545|347|8163|-OE1|MG--|1037|8|12|2|0011|3.038136|-0.356800|0.061550|0.932151|4.745005|0.024515|0.051409
116|7|-1|1569|44|1029|GLU|_MG|2545|348|8163|-OE2|MG--|1037|8|12|2|0011|3.257993|0.275628|-0.223449|0.934933|8.633961|0.013532|0.028378
116|8|-1|2407|69|1032|ASP|_CD|2146|536|8166|-OD2|CD--|1040|8|48|2|0011|2.940004|0.944897|-0.174147|-0.277206|15.020181|0.060809|0.067023
116|9|-1|4134|128|1033|GLU|_NA|2544|1002|8167|-OE1|NA--|1036|8|11|2|0011|2.949263|0.115284|0.794095|-0.596760|369.326141|0.042419|0.065367
116|10|-1|4136|128|1033|GLU|_NA|2544|1003|8167|-OE2|NA--|1036|8|11|2|0011|2.435312|-0.644271|0.542022|-0.539562|354.194458|0.170143|0.262191
116|11|-1|4769|149|1025|ASP|_CA|2145|1169|8159|-OD1|CA--|1037|8|20|2|0011|2.097535|-0.426217|-0.894859|0.132536|7.790304|0.653266|0.653266
116|12|-1|4772|149|1025|ASP|_CA|2145|1170|8159|-OD2|CA--|1037|8|20|2|0011|2.558601|-0.971625|-0.196201|-0.132102|7.327859|0.187891|0.187891
116|13|-1|5006|162|1029|PRO|_MG|1945|1266|8163|-O--|MG--|437|8|12|2|0011|2.658210|0.751631|-0.640658|-0.156870|7.568963|0.068450|0.143545
116|14|-1|5061|164|1029|HIS|_MG|3345|1285|8163|-ND1|MG--|1337|7|12|3|0011|2.658429|0.822289|0.539413|0.181314|1.770248|0.098266|0.215177
116|15|-1|5130|166|1020|ASP|_CD|2146|1308|8154|-OD2|CD--|1040|8|48|2|0011|2.464088|-0.812065|0.075078|-0.578717|2.976703|0.220083|0.242573
116|16|-1|5296|172|1023|LYS|_CD|2946|1359|8157|-NZ-|CD--|1440|7|48|5|0011|3.786175|0.553329|-0.812959|0.181453|131.718567|0.007186|0.010211
116|17|-1|5612|180|1023|GLU|_CD|2546|1422|8157|-OE1|CD--|1040|8|48|2|0011|2.985726|-0.305119|-0.752916|0.583112|200.254471|0.053741|0.059232
116|18|-1|5618|180|1023|GLU|_CD|2546|1423|8157|-OE2|CD--|1040|8|48|2|0011|3.529315|-0.729036|-0.246224|0.638655|170.613495|0.012367|0.013631
116|19|-1|5825|187|1024|ASP|_CD|2146|1490|8158|-OD1|CD--|1040|8|48|2|0011|2.157530|0.264658|-0.892692|-0.364770|14.521111|0.503981|0.555482
116|20|-1|5835|187|1024|ASP|_CD|2146|1491|8158|-OD2|CD--|1040|8|48|2|0011|2.560357|0.932292|-0.361279|-0.017575|10.269590|0.169663|0.187001
116|21|-1|7369|233|1020|HIS|_CD|3346|1855|8154|-NE2|CD--|1340|7|48|3|0011|2.413312|-0.192680|0.395716|0.897933|4.079569|0.293708|0.417355
116|22|-1|7409|234|1020|HIS|_CD|3346|1865|8154|-NE2|CD--|1340|7|48|3|0011|2.428462|0.311307|0.913745|-0.261072|19.426968|0.281926|0.400612
116|23|-1|9119|295|1027|LYS|_CA|2945|2354|8161|-NZ-|CA--|1437|7|20|5|0011|3.383280|0.953807|0.040789|-0.297637|30.212770|0.030338|0.030338
116|24|-1|9252|301|1027|ASP|_CA|2145|2395|8161|-OD1|CA--|1037|8|20|2|0011|2.535684|0.163270|-0.967784|0.191667|53.256592|0.199896|0.199896
116|25|-1|9253|301|1027|ASP|_CA|2145|2396|8161|-OD2|CA--|1037|8|20|2|0011|3.362284|0.635580|-0.724804|-0.265890|39.083328|0.021408|0.021408
116|26|-1|9451|307|1030|ASP|_NA|2144|2449|8164|-OD1|NA--|1036|8|11|2|0011|2.838362|0.245564|-0.175454|-0.953370|24.493198|0.057244|0.088213
116|27|-1|9454|307|1030|ASP|_NA|2144|2450|8164|-OD2|NA--|1036|8|11|2|0011|2.334780|-0.404321|0.330654|-0.852756|24.225138|0.223263|0.344049
116|28|-1|9835|320|1031|ASP|_NA|2144|2558|8165|-OD1|NA--|1036|8|11|2|0011|2.241838|0.726189|0.199393|0.657945|3.897027|0.287018|0.442295
116|29|-1|9838|320|1031|ASP|_NA|2144|2559|8165|-OD2|NA--|1036|8|11|2|0011|2.632268|0.965327|-0.249971|-0.075220|5.841029|0.099916|0.153970
116|30|-1|9886|322|1034|GLU|_NA|2544|2575|8168|-OE1|NA--|1036|8|11|2|0011|2.010934|0.525129|-0.826483|-0.202893|30.738165|0.535719|0.825543
116|31|-1|9893|322|1034|GLU|_NA|2544|2576|8168|-OE2|NA--|1036|8|11|2|0011|2.830518|0.863802|-0.310543|0.396748|32.016453|0.058470|0.090103
116|32|-1|14412|487|1028|ASP|_CA|2145|3891|8162|-OD1|CA--|1037|8|20|2|0011|2.946615|-0.891192|-0.387899|-0.235183|5.081133|0.065837|0.065837
116|33|-1|14415|487|1028|ASP|_CA|2145|3892|8162|-OD2|CA--|1037|8|20|2|0011|2.209123|-0.324110|-0.485256|-0.812083|4.004369|0.483183|0.483183
116|34|-1|14866|503|1035|ASP|_NA|2144|4022|8169|-OD1|NA--|1036|8|11|2|0011|2.462620|0.215626|-0.510427|-0.832448|4.205845|0.158038|0.243537
116|35|-1|14870|503|1035|ASP|_NA|2144|4023|8169|-OD2|NA--|1036|8|11|2|0011|3.056949|-0.147858|0.157023|-0.976464|3.582371|0.031707|0.048861
116|36|-1|15009|511|1059|ALA|_NA|344|4084|8251|-N--|NA--|136|7|11|4|0011|2.987329|0.585808|0.155659|0.795362|16.321308|0.051522|0.088459
116|37|-1|15523|526|1048|LEU|_CD|746|4195|8240|-O--|CD--|440|8|48|2|0011|2.301894|-0.359705|-0.444852|-0.820194|11.935925|0.341165|0.376028
116|38|-1|15684|530|1048|GLU|_CD|2546|4233|8240|-OE1|CD--|1040|8|48|2|0011|1.847066|0.250666|0.826176|-0.504579|6.471142|1.166345|1.285532
116|39|-1|15686|530|1048|GLU|_CD|2546|4234|8240|-OE2|CD--|1040|8|48|2|0011|2.428747|0.866292|0.050644|-0.496964|5.227296|0.242141|0.266885
116|40|-1|16222|547|1047|PRO|_CD|1946|4363|8239|-O--|CD--|440|8|48|2|0011|2.880376|0.329817|0.813436|-0.479106|341.420013|0.071443|0.078744
116|41|-1|16370|551|1047|CYS|_CD|1546|4395|8239|-N--|CD--|140|7|48|4|0011|3.661121|-0.627676|0.710713|-0.317665|407.181305|0.010076|0.014317
116|42|-1|16407|551|1047|CYS|_CD|1546|4400|8239|-SG-|CD--|1140|16|48|3|0011|2.480913|-0.690068|-0.279736|-0.667499|360.254761|0.596915|0.848208
116|43|-1|16523|554|1055|GLU|_MG|2545|4424|8247|-OE1|MG--|1037|8|12|2|0011|3.406913|-0.509259|-0.230413|-0.829196|134.255493|0.009048|0.018975
116|44|-1|16533|554|1055|GLU|_MG|2545|4425|8247|-OE2|MG--|1037|8|12|2|0011|3.073251|0.063451|0.067681|-0.995687|119.504883|0.022295|0.046755
116|45|-1|19729|659|1051|ASP|_CA|2145|5246|8243|-OD1|CA--|1037|8|20|2|0011|2.313567|-0.373020|0.926274|0.053594|2.686180|0.364350|0.364350
116|46|-1|19731|659|1051|ASP|_CA|2145|5247|8243|-OD2|CA--|1037|8|20|2|0011|2.554143|-0.925949|0.256054|0.277588|0.292215|0.190168|0.190168
116|47|-1|19943|672|1055|PRO|_MG|1945|5340|8247|-N--|MG--|137|7|12|4|0011|3.993293|0.148748|0.948341|-0.280221|110.159973|0.002664|0.005834
116|48|-1|19959|672|1055|PRO|_MG|1945|5343|8247|-O--|MG--|437|8|12|2|0011|1.945066|0.602549|0.766554|0.222104|106.674591|0.470372|0.986403
116|49|-1|20018|674|1055|HIS|_MG|3345|5362|8247|-ND1|MG--|1337|7|12|3|0011|2.436267|0.675212|-0.719953|-0.160488|129.789154|0.179131|0.392250
116|50|-1|20085|676|1046|ASP|_CD|2146|5384|8238|-OD1|CD--|1040|8|48|2|0011|3.841336|-0.703400|0.387885|0.595629|4.405017|0.005321|0.005865
116|51|-1|20091|676|1046|ASP|_CD|2146|5385|8238|-OD2|CD--|1040|8|48|2|0011|2.256763|-0.802033|-0.114321|0.586237|9.237199|0.385424|0.424809
116|52|-1|20272|682|1049|LYS|_CD|2946|5436|8241|-NZ-|CD--|1440|7|48|5|0011|3.785844|0.705524|0.679109|-0.202600|27.245010|0.007193|0.010220
116|53|-1|20581|690|1049|GLU|_CD|2546|5499|8241|-OE1|CD--|1040|8|48|2|0011|2.426047|-0.121184|0.656622|-0.744421|38.837292|0.243915|0.268840
116|54|-1|20582|690|1049|GLU|_CD|2546|5500|8241|-OE2|CD--|1040|8|48|2|0011|2.874184|-0.633919|0.021918|-0.773089|39.439915|0.072649|0.080073
116|55|-1|20796|697|1050|ASP|_CD|2146|5567|8242|-OD1|CD--|1040|8|48|2|0011|2.205329|0.247584|0.844318|0.475214|3.099159|0.442904|0.488163
116|56|-1|20804|697|1050|ASP|_CD|2146|5568|8242|-OD2|CD--|1040|8|48|2|0011|2.579747|0.921023|0.377946|0.094194|3.553801|0.161001|0.177454
116|57|-1|20845|698|1057|ARG|_NA|3144|5578|8249|-NH1|NA--|736|7|11|4|0011|3.988837|-0.265994|-0.131868|0.954913|18.823347|0.003439|0.005905
116|58|-1|22325|743|1046|HIS|_CD|3346|5932|8238|-NE2|CD--|1340|7|48|3|0011|2.492473|-0.119960|-0.389573|-0.913150|10.212541|0.237137|0.336969
116|59|-1|22368|744|1046|HIS|_CD|3346|5942|8238|-NE2|CD--|1340|7|48|3|0011|2.401520|0.438473|-0.866951|0.236933|21.813292|0.303219|0.430871
116|60|-1|23713|793|1057|HIS|_NA|3344|6343|8249|-NE2|NA--|1336|7|11|3|0011|3.595291|0.544601|0.258114|0.797989|5.852257|0.009963|0.017106
116|61|-1|24091|805|1053|LYS|_CA|2945|6431|8245|-NZ-|CA--|1437|7|20|5|0011|2.922538|0.958415|0.036955|0.282977|55.591824|0.105389|0.105389
116|62|-1|24245|811|1053|ASP|_CA|2145|6472|8245|-OD1|CA--|1037|8|20|2|0011|2.543933|-0.081763|0.957574|-0.276345|80.537727|0.195489|0.195489
116|63|-1|24247|811|1053|ASP|_CA|2145|6473|8245|-OD2|CA--|1037|8|20|2|0011|3.032963|0.487970|0.839772|0.238051|75.377556|0.052133|0.052133
116|64|-1|24447|817|1056|ASP|_NA|2144|6526|8248|-OD1|NA--|1036|8|11|2|0011|3.013456|0.158952|0.429407|0.889013|2.326079|0.035662|0.054956
116|65|-1|24449|817|1056|ASP|_NA|2144|6527|8248|-OD2|NA--|1036|8|11|2|0011|2.294656|-0.458022|-0.061011|0.886845|1.323461|0.248836|0.383456
116|66|-1|24742|827|1058|HIS|_NA|3344|6605|8250|-O--|NA--|436|8|11|2|0011|3.919705|0.420695|-0.352833|-0.835777|37.068108|0.003080|0.004746
116|67|-1|24821|830|1058|ASP|_NA|2144|6635|8250|-OD1|NA--|1036|8|11|2|0011|3.320714|0.023187|-0.602581|0.797721|25.503819|0.015544|0.023953
116|68|-1|24823|830|1059|ASP|_NA|2144|6635|8251|-OD1|NA--|1036|8|11|2|0011|3.760502|0.281079|-0.341974|-0.896687|4.846883|0.004735|0.007297
116|69|-1|24829|830|1059|ASP|_NA|2144|6636|8251|-OD2|NA--|1036|8|11|2|0011|2.571052|0.755333|-0.077788|-0.650708|3.154743|0.117893|0.181673
116|70|-1|24875|832|1057|GLU|_NA|2544|6652|8249|-OE1|NA--|1036|8|11|2|0011|2.167038|0.174892|0.975066|-0.136594|31.039103|0.351323|0.541389
116|71|-1|24879|832|1057|GLU|_NA|2544|6653|8249|-OE2|NA--|1036|8|11|2|0011|2.900603|0.640210|0.464386|-0.611945|27.545816|0.048381|0.074555
116|72|-1|29308|997|1054|ASP|_CA|2145|7968|8246|-OD1|CA--|1037|8|20|2|0011|2.766270|-0.879162|0.221595|0.421865|24.273521|0.107189|0.107189
116|73|-1|29310|997|1054|ASP|_CA|2145|7969|8246|-OD2|CA--|1037|8|20|2|0011|2.403843|-0.210079|0.339454|0.916863|22.245642|0.285467|0.285467
116|74|-1|29787|1013|1060|ASP|_NA|2144|8099|8252|-OD1|NA--|1036|8|11|2|0011|2.061105|0.346415|0.122264|0.930080|10.509698|0.467786|0.720860
116|75|-1|29789|1013|1060|ASP|_NA|2144|8100|8252|-OD2|NA--|1036|8|11|2|0011|3.317250|-0.012058|-0.468157|0.883563|10.744494|0.015690|0.024178
116|76|-1|29885|1044|1020|ACY|_CD|5346|8231|8154|-O--|CD--|3140|8|48|2|0011|2.633004|0.951004|-0.238513|0.196730|1.084571|0.139418|0.153664
116|77|-1|29887|1249|1020|HOH|_CD|4346|8496|8154|-O--|CD--|2840|8|48|3|0011|3.577357|0.235929|-0.815967|0.527764|7.629594|0.010861|0.011971
116|78|-1|29888|1044|1020|ACY|_CD|5346|8232|8154|-OXT|CD--|3140|8|48|2|0011|2.551435|0.598487|-0.618871|-0.508735|4.630761|0.173805|0.191565
116|79|-1|29889|1280|1021|HOH|_CD|4346|8527|8155|-O--|CD--|2840|8|48|3|0011|3.285665|-0.697880|0.320788|-0.640359|340.885071|0.023892|0.026333
116|80|-1|29890|1038|1022|ACY|_CD|5346|8208|8156|-OXT|CD--|3140|8|48|2|0011|3.100047|-0.294190|0.865470|-0.405479|15.399632|0.039456|0.043488
116|81|-1|29891|1038|1022|ACY|_CD|5346|8207|8156|-O--|CD--|3140|8|48|2|0011|2.247680|0.421323|0.904042|-0.072075|12.928449|0.395002|0.435366
116|82|-1|29893|1042|1023|ACY|_CD|5346|8224|8157|-OXT|CD--|3140|8|48|2|0011|2.818177|-0.023775|0.856940|-0.514868|232.773712|0.084522|0.093159
116|83|-1|29894|1042|1023|ACY|_CD|5346|8223|8157|-O--|CD--|3140|8|48|2|0011|2.734472|-0.744569|0.635591|-0.204061|209.813934|0.105979|0.116808
116|84|-1|29896|1043|1024|ACY|_CD|5346|8227|8158|-O--|CD--|3140|8|48|2|0011|2.383065|-0.000839|-0.330671|0.943746|3.138478|0.273960|0.301956
116|85|-1|29897|1039|1024|ACY|_CD|5346|8211|8158|-O--|CD--|3140|8|48|2|0011|2.867155|0.175089|0.392375|-0.902987|5.738007|0.074042|0.081608
116|86|-1|29898|1043|1024|ACY|_CD|5346|8228|8158|-OXT|CD--|3140|8|48|2|0011|2.608909|-0.780787|-0.377939|0.497528|6.585113|0.148799|0.164004
116|87|-1|29900|1039|1024|ACY|_CD|5346|8212|8158|-OXT|CD--|3140|8|48|2|0011|2.391404|-0.557831|-0.023002|-0.829636|8.784502|0.267856|0.295227
116|88|-1|29902|1258|1025|HOH|_CA|4345|8505|8159|-O--|CA--|2837|8|20|3|0011|3.804202|-0.576995|-0.206612|0.790182|23.717789|0.006484|0.006484
116|89|-1|29903|1218|1025|HOH|_CA|4345|8465|8159|-O--|CA--|2837|8|20|3|0011|2.256120|-0.458311|0.536322|0.708738|16.767199|0.425547|0.425547
116|90|-1|29904|1180|1026|HOH|_NA|4344|8427|8160|-O--|NA--|2836|8|11|3|0011|2.487049|0.003620|0.756323|0.654189|4.793880|0.147941|0.227977
116|91|-1|29905|1251|1030|HOH|_NA|4344|8498|8164|-O--|NA--|2836|8|11|3|0011|2.629534|-0.797480|0.487155|0.355958|19.676786|0.100657|0.155112
116|92|-1|29906|1116|1030|HOH|_NA|4344|8363|8164|-O--|NA--|2836|8|11|3|0011|2.161970|0.350145|0.917679|0.187787|14.667717|0.356169|0.548857
116|93|-1|29907|1327|1031|HOH|_NA|4344|8574|8165|-O--|NA--|2836|8|11|3|0011|2.366221|-0.310622|0.133125|0.941165|35.182796|0.205074|0.316020
116|94|-1|29908|1124|1031|HOH|_NA|4344|8371|8165|-O--|NA--|2836|8|11|3|0011|2.341326|0.220387|-0.322893|-0.920418|21.284891|0.219348|0.338016
116|95|-1|29909|1135|1032|HOH|_CD|4346|8382|8166|-O--|CD--|2840|8|48|3|0011|3.943758|-0.047669|0.877082|-0.477969|46.630867|0.004035|0.004447
116|96|-1|29911|1045|1032|ACY|_CD|5346|8235|8166|-O--|CD--|3140|8|48|2|0011|1.949484|-0.487820|-0.400622|-0.775586|90.808174|0.884326|0.974693
116|97|-1|29913|1045|1032|ACY|_CD|5346|8236|8166|-OXT|CD--|3140|8|48|2|0011|3.838383|-0.821179|-0.253752|-0.511150|59.010418|0.005364|0.005912
116|98|-1|29914|1106|1033|HOH|_NA|4344|8353|8167|-O--|NA--|2836|8|11|3|0011|2.636506|-0.521903|0.071684|0.849988|77.822556|0.098778|0.152217
116|99|-1|29915|1186|1033|HOH|_NA|4344|8433|8167|-O--|NA--|2836|8|11|3|0011|2.739551|-0.083224|-0.996518|-0.005110|123.143150|0.074767|0.115216
116|100|-1|29916|1313|1034|HOH|_NA|4344|8560|8168|-O--|NA--|2836|8|11|3|0011|2.230103|0.350659|0.704903|-0.616563|7.281734|0.296267|0.456547
116|101|-1|29917|1268|1034|HOH|_NA|4344|8515|8168|-O--|NA--|2836|8|11|3|0011|3.878484|0.218902|-0.760090|-0.611837|39.388062|0.003442|0.005305
116|102|-1|29918|1142|1034|HOH|_NA|4344|8389|8168|-O--|NA--|2836|8|11|3|0011|2.354824|-0.581358|-0.335057|-0.741458|16.708660|0.211490|0.325906
116|103|-1|29919|1291|1035|HOH|_NA|4344|8538|8169|-O--|NA--|2836|8|11|3|0011|2.415193|-0.524181|0.758949|-0.386304|18.639847|0.179651|0.276843
116|104|-1|29920|1299|1035|HOH|_NA|4344|8546|8169|-O--|NA--|2836|8|11|3|0011|2.854722|-0.687632|-0.640338|-0.342242|15.414950|0.054768|0.084397
116|105|-1|29921|1289|1035|HOH|_NA|4344|8536|8169|-O--|NA--|2836|8|11|3|0011|2.440255|0.166378|-0.952768|0.254070|10.976502|0.167885|0.258712
116|106|-1|30180|1540|1046|HOH|_CD|4346|8787|8238|-O--|CD--|2840|8|48|3|0011|3.896031|0.436599|0.618064|-0.653741|3.362928|0.004590|0.005059
116|107|-1|30181|1069|1046|ACY|_CD|5346|8314|8238|-O--|CD--|3140|8|48|2|0011|2.594932|0.941451|0.211182|-0.262817|25.952171|0.154527|0.170318
116|108|-1|30183|1373|1046|HOH|_CD|4346|8620|8238|-O--|CD--|2840|8|48|3|0011|3.980614|-0.399939|0.907649|0.127368|42.327366|0.003652|0.004025
116|109|-1|30184|1069|1046|ACY|_CD|5346|8315|8238|-OXT|CD--|3140|8|48|2|0011|2.303271|0.649946|0.512749|0.560945|20.322184|0.339898|0.374631
116|110|-1|30185|1662|1047|HOH|_CD|4346|8909|8239|-O--|CD--|2840|8|48|3|0011|2.700931|0.209558|0.059980|0.975955|114.381577|0.116035|0.127892
116|111|-1|30186|1516|1047|HOH|_CD|4346|8763|8239|-O--|CD--|2840|8|48|3|0011|3.528046|0.141155|-0.857415|0.494888|213.632446|0.012409|0.013677
116|112|-1|30187|1383|1047|HOH|_CD|4346|8630|8239|-O--|CD--|2840|8|48|3|0011|3.918810|-0.841581|0.184750|0.507552|675.603455|0.004316|0.004757
116|113|-1|30188|1063|1048|ACY|_CD|5346|8291|8240|-OXT|CD--|3140|8|48|2|0011|2.968922|-0.320317|-0.876075|0.360403|12.358275|0.056238|0.061984
116|114|-1|30189|1063|1048|ACY|_CD|5346|8290|8240|-O--|CD--|3140|8|48|2|0011|2.332758|0.481405|-0.857354|0.182189|12.856801|0.313861|0.345934
116|115|-1|30191|1067|1049|ACY|_CD|5346|8307|8241|-OXT|CD--|3140|8|48|2|0011|3.886465|0.180885|-0.878435|0.442303|49.991955|0.004710|0.005192
116|116|-1|30192|1067|1049|ACY|_CD|5346|8306|8241|-O--|CD--|3140|8|48|2|0011|3.706141|-0.336197|-0.929810|0.149749|49.949543|0.007668|0.008452
116|117|-1|30193|1068|1050|ACY|_CD|5346|8310|8242|-O--|CD--|3140|8|48|2|0011|2.639172|0.068964|0.495609|-0.865803|81.266571|0.137113|0.151124
116|118|-1|30196|1068|1050|ACY|_CD|5346|8311|8242|-OXT|CD--|3140|8|48|2|0011|2.243159|-0.767218|0.254109|-0.588901|79.363327|0.399858|0.440718
116|119|-1|30197|1064|1050|ACY|_CD|5346|8295|8242|-OXT|CD--|3140|8|48|2|0011|2.280151|-0.537241|-0.127623|0.833717|6.777907|0.361814|0.398788
116|120|-1|30198|1064|1050|ACY|_CD|5346|8294|8242|-O--|CD--|3140|8|48|2|0011|2.763831|0.322381|-0.307905|0.895134|2.266163|0.097894|0.107898
116|121|-1|30199|1613|1053|HOH|_CA|4345|8860|8245|-O--|CA--|2837|8|20|3|0011|3.791661|0.638769|0.325715|-0.697053|67.150070|0.006708|0.006708
116|122|-1|30200|1496|1056|HOH|_NA|4344|8743|8248|-O--|NA--|2836|8|11|3|0011|2.162913|0.187709|0.978771|-0.082294|3.190682|0.355262|0.547459
116|123|-1|30201|1638|1056|HOH|_NA|4344|8885|8248|-O--|NA--|2836|8|11|3|0011|2.937432|-0.856190|-0.503840|0.114385|12.475087|0.043797|0.067491
116|124|-1|30202|1661|1057|HOH|_NA|4344|8908|8249|-O--|NA--|2836|8|11|3|0011|2.257340|-0.729178|0.578557|0.365473|29.452969|0.275241|0.424147
116|125|-1|30203|1457|1057|HOH|_NA|4344|8704|8249|-O--|NA--|2836|8|11|3|0011|2.502171|-0.427629|-0.603474|-0.673018|30.109528|0.142016|0.218848
116|126|-1|30204|1432|1057|HOH|_NA|4344|8679|8249|-O--|NA--|2836|8|11|3|0011|2.362782|-0.543006|0.428732|-0.722034|0.120718|0.206990|0.318972
116|127|-1|30205|1605|1058|HOH|_NA|4344|8852|8250|-O--|NA--|2836|8|11|3|0011|2.303596|0.550443|0.503559|-0.665914|19.040602|0.242895|0.374302
116|128|-1|30206|1653|1058|HOH|_NA|4344|8900|8250|-O--|NA--|2836|8|11|3|0011|2.449568|-0.133494|0.549077|0.825042|11.696754|0.163712|0.252281
116|129|-1|30207|1572|1058|HOH|_NA|4344|8819|8250|-O--|NA--|2836|8|11|3|0011|2.672015|0.077096|0.997001|0.006738|42.557270|0.089739|0.138288
116|130|-1|30208|1548|1058|HOH|_NA|4344|8795|8250|-O--|NA--|2836|8|11|3|0011|3.910372|-0.275933|-0.955663|0.102802|25.757439|0.003158|0.004867
116|131|-1|30209|1405|1058|HOH|_NA|4344|8652|8250|-O--|NA--|2836|8|11|3|0011|3.206481|0.181508|-0.891632|-0.414786|75.829842|0.021166|0.032617
116|132|-1|30210|1377|1059|HOH|_NA|4344|8624|8251|-O--|NA--|2836|8|11|3|0011|3.841598|0.812943|0.539098|-0.220219|10.321574|0.003803|0.005861
116|133|-1|30211|1663|1059|HOH|_NA|4344|8910|8251|-O--|NA--|2836|8|11|3|0011|3.141473|-0.266753|0.810129|-0.522048|10.202361|0.025232|0.038882
116|134|-1|30212|1385|1059|HOH|_NA|4344|8632|8251|-O--|NA--|2836|8|11|3|0011|2.669368|-0.374246|-0.464154|-0.802808|27.429014|0.090383|0.139281
116|135|-1|30213|1504|1060|HOH|_NA|4344|8751|8252|-O--|NA--|2836|8|11|3|0011|2.575349|-0.305979|-0.942006|0.137844|30.562490|0.116532|0.179576
