1120|0|-1|3|0|446|HIC|_CU|3446|0|6571|-N--|CU--|140|7|29|4|0011|2.249412|-0.500575|0.183604|-0.845999|0.040157|0.177614|0.744005
1120|1|-1|52|0|446|HIC|_CU|3446|6|6571|-ND1|CU--|1340|7|29|3|0011|1.917163|-0.717206|0.385465|0.580545|0.748181|0.435975|1.826246
1120|2|-1|3104|83|446|HIS|_CU|3346|1236|6571|-NE2|CU--|1340|7|29|3|0011|1.987044|0.756903|-0.472561|-0.451424|0.897738|0.360942|1.511942
1120|3|-1|5736|165|446|GLN|_CU|2746|2457|6571|-OE1|CU--|840|8|29|2|0011|3.570638|0.795376|0.571887|0.200804|3.664287|0.006021|0.013113
1120|4|-1|5784|167|446|TYR|_CU|3746|2498|6571|-OH-|CU--|1840|8|29|3|0011|2.763809|0.195383|0.962440|-0.188508|0.111189|0.053295|0.116073
1120|5|-1|7108|223|450|HIC|_CU|3446|3283|6616|-N--|CU--|140|7|29|4|0011|2.238783|-0.666434|0.143381|0.731647|0.395509|0.182791|0.765687
1120|6|-1|7158|223|450|HIC|_CU|3446|3289|6616|-ND1|CU--|1340|7|29|3|0011|1.917220|-0.671285|0.005737|-0.741177|0.784995|0.435908|1.825965
1120|7|-1|10141|306|450|HIS|_CU|3346|4497|6616|-NE2|CU--|1340|7|29|3|0011|1.966027|0.805177|0.054425|0.590531|0.341239|0.382039|1.600312
1120|8|-1|12809|388|450|GLN|_CU|2746|5718|6616|-OE1|CU--|840|8|29|2|0011|3.523793|0.420569|-0.904991|-0.064135|3.961219|0.006833|0.014883
1120|9|-1|12856|390|450|TYR|_CU|3746|5759|6616|-OH-|CU--|1840|8|29|3|0011|2.779978|-0.377701|-0.912237|0.158634|0.320245|0.051016|0.111110
1120|10|-1|14313|988|446|HOH|_CU|4346|7196|6571|-O--|CU--|2840|8|29|3|0011|3.783242|0.690942|-0.148021|0.707594|27.244522|0.003389|0.007382
1120|11|-1|14314|454|446|HOH|_CU|4346|6661|6571|-O--|CU--|2840|8|29|3|0011|1.839416|0.624111|0.123952|0.771441|10.699982|0.648200|1.411739
1120|12|-1|14315|616|446|HOH|_CU|4346|6823|6571|-O--|CU--|2840|8|29|3|0011|3.997667|0.201618|-0.735679|0.646627|42.424873|0.001899|0.004135
1120|13|-1|14316|447|446|OXY|_CU|5346|6572|6571|-O1-|CU--|3140|8|29|2|0011|2.964493|-0.467534|-0.862205|0.194974|10.883186|0.030983|0.067480
1120|14|-1|14317|447|446|OXY|_CU|5346|6573|6571|-O2-|CU--|3140|8|29|2|0011|3.997510|-0.518823|-0.853531|0.048030|26.428711|0.001899|0.004137
1120|15|-1|14424|846|450|HOH|_CU|4346|7054|6616|-O--|CU--|2840|8|29|3|0011|3.923168|0.637750|0.522282|-0.566124|45.303513|0.002322|0.005057
1120|16|-1|14425|688|450|HOH|_CU|4346|6896|6616|-O--|CU--|2840|8|29|3|0011|1.818892|0.636101|-0.404642|-0.656993|10.580661|0.685171|1.492259
1120|17|-1|14426|687|450|HOH|_CU|4346|6894|6616|-O--|CU--|2840|8|29|3|0011|3.619575|0.775782|-0.239531|-0.583770|30.625078|0.005275|0.011488
1120|18|-1|14427|451|450|OXY|_CU|5346|6618|6616|-O2-|CU--|3140|8|29|2|0011|3.890892|0.007453|0.995659|-0.092781|22.068113|0.002534|0.005518
1120|19|-1|14428|451|450|OXY|_CU|5346|6617|6616|-O1-|CU--|3140|8|29|2|0011|2.917909|0.102813|0.964046|-0.245039|17.188049|0.035140|0.076534
