1120|0|34|HIC|A|1|21|0|000|15.037665|-1.000000|-1.000000|0.000000|-1|-1|0|0|-1|1
1120|1|13|THR|A|2|14|0|000|10.172759|-1.000000|-1.000000|0.000000|-1|-1|0|0|0|2
1120|2|9|ILE|A|3|19|0|000|11.019608|-1.000000|-1.000000|0.000000|-1|-1|0|0|1|3
1120|3|35|PHE|A|4|20|0|000|6.538254|-1.000000|-1.000000|0.000000|-1|-1|0|0|2|4
1120|4|11|SER|A|5|11|0|000|11.610678|-1.000000|-1.000000|0.000000|-1|-1|0|0|3|5
1120|5|11|SER|A|6|11|0|000|12.297179|-1.000000|-1.000000|0.000000|-1|-1|0|0|4|6
1120|6|7|LEU|A|7|19|0|000|11.006573|-1.000000|-1.000000|0.000000|-1|-1|0|0|5|7
1120|7|25|GLU|A|8|15|0|000|14.693238|-1.000000|-1.000000|0.000000|-1|-1|0|0|6|8
1120|8|5|VAL|A|9|16|0|000|15.948229|-1.000000|-1.000000|0.000000|-1|-1|0|0|7|9
1120|9|23|ASN|A|10|14|0|000|20.271986|-1.000000|-1.000000|0.000000|-1|-1|0|0|8|10
1120|10|1|GLY|A|11|7|0|000|19.378351|-1.000000|-1.000000|0.000000|-1|-1|0|0|9|11
1120|11|5|VAL|A|12|16|0|000|20.065659|-1.000000|-1.000000|0.000000|-1|-1|0|0|10|12
1120|12|23|ASN|A|13|14|0|000|16.776560|-1.000000|-1.000000|0.000000|-1|-1|0|0|11|13
1120|13|27|GLN|A|14|17|0|000|16.812626|-1.000000|-1.000000|0.000000|-1|-1|0|0|12|14
1120|14|1|GLY|A|15|7|0|000|16.995329|-1.000000|-1.000000|0.000000|-1|-1|0|0|13|15
1120|15|7|LEU|A|16|19|0|000|16.806131|-1.000000|-1.000000|0.000000|-1|-1|0|0|14|16
1120|16|1|GLY|A|17|7|0|000|14.908412|-1.000000|-1.000000|0.000000|-1|-1|0|0|15|17
1120|17|25|GLU|A|18|15|0|000|17.356115|-1.000000|-1.000000|0.000000|-1|-1|0|0|16|18
1120|18|1|GLY|A|19|7|0|000|14.272252|-1.000000|-1.000000|0.000000|-1|-1|0|0|17|19
1120|19|5|VAL|A|20|16|0|000|10.822460|-1.000000|-1.000000|0.000000|-1|-1|0|0|18|20
1120|20|31|ARG|A|21|24|0|000|12.502883|-1.000000|-1.000000|0.000000|-1|-1|0|0|19|21
1120|21|5|VAL|A|22|16|0|000|12.857883|-1.000000|-1.000000|0.000000|-1|-1|0|0|20|22
1120|22|19|PRO|A|23|14|0|000|12.666054|-1.000000|-1.000000|0.000000|-1|-1|0|0|21|23
1120|23|13|THR|A|24|14|0|000|17.756027|-1.000000|-1.000000|0.000000|-1|-1|0|0|22|24
1120|24|37|TYR|A|25|38|0|000|17.850300|-1.000000|-1.000000|0.000000|-1|-1|0|0|23|25
1120|25|23|ASN|A|26|14|0|000|14.380072|-1.000000|-1.000000|0.000000|-1|-1|0|0|24|26
1120|26|1|GLY|A|27|7|0|000|13.921680|-1.000000|-1.000000|0.000000|-1|-1|0|0|25|27
1120|27|19|PRO|A|28|14|0|000|13.107132|-1.000000|-1.000000|0.000000|-1|-1|0|0|26|28
1120|28|9|ILE|A|29|19|0|000|11.975389|-1.000000|-1.000000|0.000000|-1|-1|0|0|27|29
1120|29|25|GLU|A|30|26|0|000|15.405207|-1.000000|-1.000000|0.000000|-1|-1|0|0|28|30
1120|30|21|ASP|A|31|12|0|000|16.378876|-1.000000|-1.000000|0.000000|-1|-1|0|0|29|31
1120|31|5|VAL|A|32|16|0|000|14.412627|-1.000000|-1.000000|0.000000|-1|-1|0|0|30|32
1120|32|13|THR|A|33|14|0|000|17.961304|-1.000000|-1.000000|0.000000|-1|-1|0|0|31|33
1120|33|11|SER|A|34|11|0|000|15.822543|-1.000000|-1.000000|0.000000|-1|-1|0|0|32|34
1120|34|3|ALA|A|35|10|0|000|15.772277|-1.000000|-1.000000|0.000000|-1|-1|0|0|33|35
1120|35|11|SER|A|36|11|0|000|13.474196|-1.000000|-1.000000|0.000000|-1|-1|0|0|34|36
1120|36|9|ILE|A|37|19|0|000|10.727101|-1.000000|-1.000000|0.000000|-1|-1|0|0|35|37
1120|37|3|ALA|A|38|10|0|000|10.138027|-1.000000|-1.000000|0.000000|-1|-1|0|0|36|38
1120|38|15|CYS|A|39|11|0|000|9.510747|-1.000000|-1.000000|0.000000|-1|-1|0|0|37|39
1120|39|23|ASN|A|40|14|0|000|10.048457|-1.000000|-1.000000|0.000000|-1|-1|0|0|38|40
1120|40|1|GLY|A|41|7|0|000|13.941254|-1.000000|-1.000000|0.000000|-1|-1|0|0|39|41
1120|41|11|SER|A|42|11|0|000|17.761156|-1.000000|-1.000000|0.000000|-1|-1|0|0|40|42
1120|42|19|PRO|A|43|14|0|000|18.138857|-1.000000|-1.000000|0.000000|-1|-1|0|0|41|43
1120|43|23|ASN|A|44|24|0|000|15.237221|-1.000000|-1.000000|0.000000|-1|-1|0|0|42|44
1120|44|13|THR|A|45|14|0|000|18.155645|-1.000000|-1.000000|0.000000|-1|-1|0|0|43|45
1120|45|5|VAL|A|46|16|0|000|14.142101|-1.000000|-1.000000|0.000000|-1|-1|0|0|44|46
1120|46|3|ALA|A|47|10|0|000|16.504936|-1.000000|-1.000000|0.000000|-1|-1|0|0|45|47
1120|47|11|SER|A|48|11|0|000|18.145264|-1.000000|-1.000000|0.000000|-1|-1|0|0|46|48
1120|48|13|THR|A|49|14|0|000|16.654457|-1.000000|-1.000000|0.000000|-1|-1|0|0|47|49
1120|49|11|SER|A|50|11|0|000|20.816441|-1.000000|-1.000000|0.000000|-1|-1|0|0|48|50
1120|50|29|LYS|A|51|22|0|000|18.366032|-1.000000|-1.000000|0.000000|-1|-1|0|0|49|51
1120|51|5|VAL|A|52|16|0|000|17.835636|-1.000000|-1.000000|0.000000|-1|-1|0|0|50|52
1120|52|9|ILE|A|53|19|0|000|15.243093|-1.000000|-1.000000|0.000000|-1|-1|0|0|51|53
1120|53|13|THR|A|54|14|0|000|19.528627|-1.000000|-1.000000|0.000000|-1|-1|0|0|52|54
1120|54|5|VAL|A|55|28|0|000|15.792493|-1.000000|-1.000000|0.000000|-1|-1|0|0|53|55
1120|55|27|GLN|A|56|17|0|000|20.768341|-1.000000|-1.000000|0.000000|-1|-1|0|0|54|56
1120|56|3|ALA|A|57|10|0|000|18.934927|-1.000000|-1.000000|0.000000|-1|-1|0|0|55|57
1120|57|1|GLY|A|58|7|0|000|18.266283|-1.000000|-1.000000|0.000000|-1|-1|0|0|56|58
1120|58|13|THR|A|59|14|0|000|17.752085|-1.000000|-1.000000|0.000000|-1|-1|0|0|57|59
1120|59|23|ASN|A|60|13|0|000|14.248313|-1.000000|-1.000000|0.000000|-1|-1|0|0|58|60
1120|60|5|VAL|A|61|16|0|000|11.520565|-1.000000|-1.000000|0.000000|-1|-1|0|0|59|61
1120|61|13|THR|A|62|14|0|000|11.459502|-1.000000|-1.000000|0.000000|-1|-1|0|0|60|62
1120|62|3|ALA|A|63|10|0|000|7.562024|-1.000000|-1.000000|0.000000|-1|-1|0|0|61|63
1120|63|9|ILE|A|64|19|0|000|11.576762|-1.000000|-1.000000|0.000000|-1|-1|0|0|62|64
1120|64|39|TRP|A|65|24|0|000|7.097878|-1.000000|-1.000000|0.000000|-1|-1|0|0|63|65
1120|65|31|ARG|A|66|24|0|000|13.868856|-1.000000|-1.000000|0.000000|-1|-1|0|0|64|66
1120|66|37|TYR|A|67|21|0|000|16.509462|-1.000000|-1.000000|0.000000|-1|-1|0|0|65|67
1120|67|17|MET|A|68|17|0|000|17.400061|-1.000000|-1.000000|0.000000|-1|-1|0|0|66|68
1120|68|7|LEU|A|69|19|0|000|16.058069|-1.000000|-1.000000|0.000000|-1|-1|0|0|67|69
1120|69|11|SER|A|70|11|0|000|20.298159|-1.000000|-1.000000|0.000000|-1|-1|0|0|68|70
1120|70|13|THR|A|71|14|0|000|18.011728|-1.000000|-1.000000|0.000000|-1|-1|0|0|69|71
1120|71|13|THR|A|72|14|0|000|21.745287|-1.000000|-1.000000|0.000000|-1|-1|0|0|70|72
1120|72|1|GLY|A|73|7|0|000|20.003471|-1.000000|-1.000000|0.000000|-1|-1|0|0|71|73
1120|73|21|ASP|A|74|12|0|000|18.379541|-1.000000|-1.000000|0.000000|-1|-1|0|0|72|74
1120|74|11|SER|A|75|11|0|000|20.150093|-1.000000|-1.000000|0.000000|-1|-1|0|0|73|75
1120|75|19|PRO|A|76|14|0|000|18.874834|-1.000000|-1.000000|0.000000|-1|-1|0|0|74|76
1120|76|3|ALA|A|77|10|0|000|19.610468|-1.000000|-1.000000|0.000000|-1|-1|0|0|75|77
1120|77|21|ASP|A|78|12|0|000|18.124926|-1.000000|-1.000000|0.000000|-1|-1|0|0|76|78
1120|78|5|VAL|A|79|16|0|000|13.626691|-1.000000|-1.000000|0.000000|-1|-1|0|0|77|79
1120|79|17|MET|A|80|17|0|000|12.685116|-1.000000|-1.000000|0.000000|-1|-1|0|0|78|80
1120|80|21|ASP|A|81|12|0|000|17.263830|-1.000000|-1.000000|0.000000|-1|-1|0|0|79|81
1120|81|11|SER|A|82|11|0|000|18.337929|-1.000000|-1.000000|0.000000|-1|-1|0|0|80|82
1120|82|11|SER|A|83|11|0|000|18.373526|-1.000000|-1.000000|0.000000|-1|-1|0|0|81|83
1120|83|33|HIS|A|84|17|0|000|14.497130|-1.000000|-1.000000|0.000000|-1|-1|0|0|82|84
1120|84|29|LYS|A|85|22|0|000|17.325741|-1.000000|-1.000000|0.000000|-1|-1|0|0|83|85
1120|85|1|GLY|A|86|7|0|000|11.983240|-1.000000|-1.000000|0.000000|-1|-1|0|0|84|86
1120|86|19|PRO|A|87|14|0|000|9.643303|-1.000000|-1.000000|0.000000|-1|-1|0|0|85|87
1120|87|13|THR|A|88|14|0|000|7.089073|-1.000000|-1.000000|0.000000|-1|-1|0|0|86|88
1120|88|9|ILE|A|89|19|0|000|5.734454|-1.000000|-1.000000|0.000000|-1|-1|0|0|87|89
1120|89|3|ALA|A|90|10|0|000|5.052973|-1.000000|-1.000000|0.000000|-1|-1|0|0|88|90
1120|90|37|TYR|A|91|21|0|000|6.845561|-1.000000|-1.000000|0.000000|-1|-1|0|0|89|91
1120|91|7|LEU|A|92|19|0|000|10.588872|-1.000000|-1.000000|0.000000|-1|-1|0|0|90|92
1120|92|29|LYS|A|93|22|0|000|13.237350|-1.000000|-1.000000|0.000000|-1|-1|0|0|91|93
1120|93|29|LYS|A|94|22|0|000|17.766848|-1.000000|-1.000000|0.000000|-1|-1|0|0|92|94
1120|94|5|VAL|A|95|16|0|000|16.434816|-1.000000|-1.000000|0.000000|-1|-1|0|0|93|95
1120|95|21|ASP|A|96|12|0|000|21.003355|-1.000000|-1.000000|0.000000|-1|-1|0|0|94|96
1120|96|23|ASN|A|97|14|0|000|20.560343|-1.000000|-1.000000|0.000000|-1|-1|0|0|95|97
1120|97|3|ALA|A|98|10|0|000|16.162029|-1.000000|-1.000000|0.000000|-1|-1|0|0|96|98
1120|98|3|ALA|A|99|10|0|000|18.325602|-1.000000|-1.000000|0.000000|-1|-1|0|0|97|99
1120|99|13|THR|A|100|14|0|000|19.984034|-1.000000|-1.000000|0.000000|-1|-1|0|0|98|100
1120|100|3|ALA|A|101|10|0|000|16.660131|-1.000000|-1.000000|0.000000|-1|-1|0|0|99|101
1120|101|11|SER|A|102|11|0|000|15.872511|-1.000000|-1.000000|0.000000|-1|-1|0|0|100|102
1120|102|1|GLY|A|103|7|0|000|13.182936|-1.000000|-1.000000|0.000000|-1|-1|0|0|101|103
1120|103|5|VAL|A|104|16|0|000|15.385861|-1.000000|-1.000000|0.000000|-1|-1|0|0|102|104
1120|104|1|GLY|A|105|7|0|000|15.748838|-1.000000|-1.000000|0.000000|-1|-1|0|0|103|105
1120|105|23|ASN|A|106|14|0|000|17.711447|-1.000000|-1.000000|0.000000|-1|-1|0|0|104|106
1120|106|1|GLY|A|107|7|0|000|15.235672|-1.000000|-1.000000|0.000000|-1|-1|0|0|105|107
1120|107|39|TRP|A|108|24|0|000|10.499325|-1.000000|-1.000000|0.000000|-1|-1|0|0|106|108
1120|108|35|PHE|A|109|20|0|000|12.866482|-1.000000|-1.000000|0.000000|-1|-1|0|0|107|109
1120|109|29|LYS|A|110|22|0|000|10.064575|-1.000000|-1.000000|0.000000|-1|-1|0|0|108|110
1120|110|9|ILE|A|111|19|0|000|9.967267|-1.000000|-1.000000|0.000000|-1|-1|0|0|109|111
1120|111|27|GLN|A|112|17|0|000|8.230110|-1.000000|-1.000000|0.000000|-1|-1|0|0|110|112
1120|112|27|GLN|A|113|17|0|000|10.746041|-1.000000|-1.000000|0.000000|-1|-1|0|0|111|113
1120|113|21|ASP|A|114|12|0|000|10.919556|-1.000000|-1.000000|0.000000|-1|-1|0|0|112|114
1120|114|1|GLY|A|115|7|0|000|12.889143|-1.000000|-1.000000|0.000000|-1|-1|0|0|113|115
1120|115|17|MET|A|116|17|0|000|17.500990|-1.000000|-1.000000|0.000000|-1|-1|0|0|114|116
1120|116|21|ASP|A|117|12|0|000|18.643784|-1.000000|-1.000000|0.000000|-1|-1|0|0|115|117
1120|117|11|SER|A|118|11|0|000|22.737616|-1.000000|-1.000000|0.000000|-1|-1|0|0|116|118
1120|118|11|SER|A|119|11|0|000|22.852427|-1.000000|-1.000000|0.000000|-1|-1|0|0|117|119
1120|119|1|GLY|A|120|7|0|000|20.831203|-1.000000|-1.000000|0.000000|-1|-1|0|0|118|120
1120|120|5|VAL|A|121|16|0|000|18.362398|-1.000000|-1.000000|0.000000|-1|-1|0|0|119|121
1120|121|39|TRP|A|122|24|0|000|15.328588|-1.000000|-1.000000|0.000000|-1|-1|0|0|120|122
1120|122|1|GLY|A|123|7|0|000|11.576851|-1.000000|-1.000000|0.000000|-1|-1|0|0|121|123
1120|123|13|THR|A|124|14|0|000|10.713831|-1.000000|-1.000000|0.000000|-1|-1|0|0|122|124
1120|124|25|GLU|A|125|15|0|000|15.425072|-1.000000|-1.000000|0.000000|-1|-1|0|0|123|125
1120|125|31|ARG|A|126|24|0|000|14.547565|-1.000000|-1.000000|0.000000|-1|-1|0|0|124|126
1120|126|5|VAL|A|127|16|0|000|10.490879|-1.000000|-1.000000|0.000000|-1|-1|0|0|125|127
1120|127|9|ILE|A|128|19|0|000|14.273841|-1.000000|-1.000000|0.000000|-1|-1|0|0|126|128
1120|128|23|ASN|A|129|14|0|000|17.425028|-1.000000|-1.000000|0.000000|-1|-1|0|0|127|129
1120|129|1|GLY|A|130|7|0|000|15.560430|-1.000000|-1.000000|0.000000|-1|-1|0|0|128|130
1120|130|29|LYS|A|131|22|0|000|18.260283|-1.000000|-1.000000|0.000000|-1|-1|0|0|129|131
1120|131|1|GLY|A|132|7|0|000|12.169621|-1.000000|-1.000000|0.000000|-1|-1|0|0|130|132
1120|132|31|ARG|A|133|24|0|000|13.916054|-1.000000|-1.000000|0.000000|-1|-1|0|0|131|133
1120|133|33|HIS|A|134|17|0|000|6.819532|-1.000000|-1.000000|0.000000|-1|-1|0|0|132|134
1120|134|11|SER|A|135|11|0|000|11.149771|-1.000000|-1.000000|0.000000|-1|-1|0|0|133|135
1120|135|9|ILE|A|136|19|0|000|8.138213|-1.000000|-1.000000|0.000000|-1|-1|0|0|134|136
1120|136|29|LYS|A|137|22|0|000|14.802912|-1.000000|-1.000000|0.000000|-1|-1|0|0|135|137
1120|137|9|ILE|A|138|19|0|000|13.337656|-1.000000|-1.000000|0.000000|-1|-1|0|0|136|138
1120|138|19|PRO|A|139|14|0|000|15.267032|-1.000000|-1.000000|0.000000|-1|-1|0|0|137|139
1120|139|25|GLU|A|140|15|0|000|20.700945|-1.000000|-1.000000|0.000000|-1|-1|0|0|138|140
1120|140|15|CYS|A|141|11|0|000|20.736303|-1.000000|-1.000000|0.000000|-1|-1|0|0|139|141
1120|141|9|ILE|A|142|19|0|000|17.470037|-1.000000|-1.000000|0.000000|-1|-1|0|0|140|142
1120|142|3|ALA|A|143|10|0|000|20.683218|-1.000000|-1.000000|0.000000|-1|-1|0|0|141|143
1120|143|19|PRO|A|144|14|0|000|21.971815|-1.000000|-1.000000|0.000000|-1|-1|0|0|142|144
1120|144|1|GLY|A|145|7|0|000|19.540630|-1.000000|-1.000000|0.000000|-1|-1|0|0|143|145
1120|145|27|GLN|A|146|17|0|000|18.688759|-1.000000|-1.000000|0.000000|-1|-1|0|0|144|146
1120|146|37|TYR|A|147|21|0|000|14.720901|-1.000000|-1.000000|0.000000|-1|-1|0|0|145|147
1120|147|7|LEU|A|148|19|0|000|11.485915|-1.000000|-1.000000|0.000000|-1|-1|0|0|146|148
1120|148|7|LEU|A|149|19|0|000|7.354286|-1.000000|-1.000000|0.000000|-1|-1|0|0|147|149
1120|149|31|ARG|A|150|24|0|000|4.843245|-1.000000|-1.000000|0.000000|-1|-1|0|0|148|150
1120|150|3|ALA|A|151|10|0|000|2.015494|-1.000000|-1.000000|0.000000|-1|-1|0|0|149|151
1120|151|25|GLU|A|152|15|0|000|3.123842|-1.000000|-1.000000|0.000000|-1|-1|0|0|150|152
1120|152|17|MET|A|153|17|0|000|6.270547|-1.000000|-1.000000|0.000000|-1|-1|0|0|151|153
1120|153|9|ILE|A|154|19|0|000|8.709757|-1.000000|-1.000000|0.000000|-1|-1|0|0|152|154
1120|154|3|ALA|A|155|10|0|000|12.009380|-1.000000|-1.000000|0.000000|-1|-1|0|0|153|155
1120|155|7|LEU|A|156|19|0|000|14.274399|-1.000000|-1.000000|0.000000|-1|-1|0|0|154|156
1120|156|33|HIS|A|157|18|0|000|17.238840|-1.000000|-1.000000|0.000000|-1|-1|0|0|155|157
1120|157|3|ALA|A|158|10|0|000|18.769648|-1.000000|-1.000000|0.000000|-1|-1|0|0|156|158
1120|158|3|ALA|A|159|10|0|000|17.772572|-1.000000|-1.000000|0.000000|-1|-1|0|0|157|159
1120|159|11|SER|A|160|11|0|000|22.211182|-1.000000|-1.000000|0.000000|-1|-1|0|0|158|160
1120|160|23|ASN|A|161|14|0|000|23.174223|-1.000000|-1.000000|0.000000|-1|-1|0|0|159|161
1120|161|37|TYR|A|162|21|0|000|19.013796|-1.000000|-1.000000|0.000000|-1|-1|0|0|160|162
1120|162|19|PRO|A|163|14|0|000|20.132273|-1.000000|-1.000000|0.000000|-1|-1|0|0|161|163
1120|163|1|GLY|A|164|7|0|000|17.516928|-1.000000|-1.000000|0.000000|-1|-1|0|0|162|164
1120|164|3|ALA|A|165|10|0|000|14.316393|-1.000000|-1.000000|0.000000|-1|-1|0|0|163|165
1120|165|27|GLN|A|166|17|0|000|13.557490|-1.000000|-1.000000|0.000000|-1|-1|0|0|164|166
1120|166|35|PHE|A|167|20|0|000|9.868940|-1.000000|-1.000000|0.000000|-1|-1|0|0|165|167
1120|167|37|TYR|A|168|21|0|000|8.991691|-1.000000|-1.000000|0.000000|-1|-1|0|0|166|168
1120|168|17|MET|A|169|17|0|000|5.831732|-1.000000|-1.000000|0.000000|-1|-1|0|0|167|169
1120|169|25|GLU|A|170|15|0|000|6.619160|-1.000000|-1.000000|0.000000|-1|-1|0|0|168|170
1120|170|15|CYS|A|171|11|0|000|7.922546|-1.000000|-1.000000|0.000000|-1|-1|0|0|169|171
1120|171|3|ALA|A|172|10|0|000|9.299143|-1.000000|-1.000000|0.000000|-1|-1|0|0|170|172
1120|172|27|GLN|A|173|17|0|000|13.887816|-1.000000|-1.000000|0.000000|-1|-1|0|0|171|173
1120|173|7|LEU|A|174|19|0|000|12.847880|-1.000000|-1.000000|0.000000|-1|-1|0|0|172|174
1120|174|23|ASN|A|175|14|0|000|18.931206|-1.000000|-1.000000|0.000000|-1|-1|0|0|173|175
1120|175|5|VAL|A|176|16|0|000|17.105316|-1.000000|-1.000000|0.000000|-1|-1|0|0|174|176
1120|176|5|VAL|A|177|16|0|000|21.372128|-1.000000|-1.000000|0.000000|-1|-1|0|0|175|177
1120|177|1|GLY|A|178|7|0|000|23.037859|-1.000000|-1.000000|0.000000|-1|-1|0|0|176|178
1120|178|1|GLY|A|179|7|0|000|21.746344|-1.000000|-1.000000|0.000000|-1|-1|0|0|177|179
1120|179|13|THR|A|180|14|0|000|24.441372|-1.000000|-1.000000|0.000000|-1|-1|0|0|178|180
1120|180|1|GLY|A|181|7|0|000|23.429195|-1.000000|-1.000000|0.000000|-1|-1|0|0|179|181
1120|181|3|ALA|A|182|10|0|000|24.875763|-1.000000|-1.000000|0.000000|-1|-1|0|0|180|182
1120|182|29|LYS|A|183|22|0|000|21.694382|-1.000000|-1.000000|0.000000|-1|-1|0|0|181|183
1120|183|13|THR|A|184|14|0|000|21.716547|-1.000000|-1.000000|0.000000|-1|-1|0|0|182|184
1120|184|19|PRO|A|185|14|0|000|17.610703|-1.000000|-1.000000|0.000000|-1|-1|0|0|183|185
1120|185|11|SER|A|186|11|0|000|18.667364|-1.000000|-1.000000|0.000000|-1|-1|0|0|184|186
1120|186|13|THR|A|187|14|0|000|16.646988|-1.000000|-1.000000|0.000000|-1|-1|0|0|185|187
1120|187|5|VAL|A|188|16|0|000|14.223578|-1.000000|-1.000000|0.000000|-1|-1|0|0|186|188
1120|188|11|SER|A|189|11|0|000|15.383464|-1.000000|-1.000000|0.000000|-1|-1|0|0|187|189
1120|189|35|PHE|A|190|20|0|000|10.548236|-1.000000|-1.000000|0.000000|-1|-1|0|0|188|190
1120|190|19|PRO|A|191|14|0|000|15.215232|-1.000000|-1.000000|0.000000|-1|-1|0|0|189|191
1120|191|1|GLY|A|192|7|0|000|15.764695|-1.000000|-1.000000|0.000000|-1|-1|0|0|190|192
1120|192|3|ALA|A|193|10|0|000|13.408846|-1.000000|-1.000000|0.000000|-1|-1|0|0|191|193
1120|193|37|TYR|A|194|21|0|000|11.250012|-1.000000|-1.000000|0.000000|-1|-1|0|0|192|194
1120|194|11|SER|A|195|11|0|000|17.462841|-1.000000|-1.000000|0.000000|-1|-1|0|0|193|195
1120|195|1|GLY|A|196|7|0|000|18.416372|-1.000000|-1.000000|0.000000|-1|-1|0|0|194|196
1120|196|11|SER|A|197|11|0|000|20.938261|-1.000000|-1.000000|0.000000|-1|-1|0|0|195|197
1120|197|21|ASP|A|198|12|0|000|17.219776|-1.000000|-1.000000|0.000000|-1|-1|0|0|196|198
1120|198|19|PRO|A|199|14|0|000|18.987982|-1.000000|-1.000000|0.000000|-1|-1|0|0|197|199
1120|199|1|GLY|A|200|7|0|000|15.389959|-1.000000|-1.000000|0.000000|-1|-1|0|0|198|200
1120|200|5|VAL|A|201|16|0|000|14.962791|-1.000000|-1.000000|0.000000|-1|-1|0|0|199|201
1120|201|29|LYS|A|202|22|0|000|21.409452|-1.000000|-1.000000|0.000000|-1|-1|0|0|200|202
1120|202|9|ILE|A|203|19|0|000|18.620922|-1.000000|-1.000000|0.000000|-1|-1|0|0|201|203
1120|203|11|SER|A|204|11|0|000|22.713444|-1.000000|-1.000000|0.000000|-1|-1|0|0|202|204
1120|204|9|ILE|A|205|19|0|000|19.323671|-1.000000|-1.000000|0.000000|-1|-1|0|0|203|205
1120|205|37|TYR|A|206|21|0|000|22.879019|-1.000000|-1.000000|0.000000|-1|-1|0|0|204|206
1120|206|39|TRP|A|207|24|0|000|27.865850|-1.000000|-1.000000|0.000000|-1|-1|0|0|205|207
1120|207|19|PRO|A|208|14|0|000|27.195679|-1.000000|-1.000000|0.000000|-1|-1|0|0|206|208
1120|208|19|PRO|A|209|14|0|000|26.376667|-1.000000|-1.000000|0.000000|-1|-1|0|0|207|209
1120|209|5|VAL|A|210|16|0|000|21.401423|-1.000000|-1.000000|0.000000|-1|-1|0|0|208|210
1120|210|13|THR|A|211|14|0|000|24.117723|-1.000000|-1.000000|0.000000|-1|-1|0|0|209|211
1120|211|3|ALA|A|212|10|0|000|21.180061|-1.000000|-1.000000|0.000000|-1|-1|0|0|210|212
1120|212|37|TYR|A|213|21|0|000|15.455560|-1.000000|-1.000000|0.000000|-1|-1|0|0|211|213
1120|213|13|THR|A|214|14|0|000|16.953705|-1.000000|-1.000000|0.000000|-1|-1|0|0|212|214
1120|214|5|VAL|A|215|16|0|000|12.011165|-1.000000|-1.000000|0.000000|-1|-1|0|0|213|215
1120|215|19|PRO|A|216|14|0|000|11.700484|-1.000000|-1.000000|0.000000|-1|-1|0|0|214|216
1120|216|1|GLY|A|217|7|0|000|12.687929|-1.000000|-1.000000|0.000000|-1|-1|0|0|215|217
1120|217|19|PRO|A|218|14|0|000|13.329979|-1.000000|-1.000000|0.000000|-1|-1|0|0|216|218
1120|218|11|SER|A|219|11|0|000|15.881936|-1.000000|-1.000000|0.000000|-1|-1|0|0|217|219
1120|219|5|VAL|A|220|16|0|000|13.294038|-1.000000|-1.000000|0.000000|-1|-1|0|0|218|220
1120|220|35|PHE|A|221|20|0|000|16.060875|-1.000000|-1.000000|0.000000|-1|-1|0|0|219|221
1120|221|13|THR|A|222|14|0|000|18.085369|-1.000000|-1.000000|0.000000|-1|-1|0|0|220|222
1120|222|15|CYS|A|223|12|0|000|20.426491|-1.000000|-1.000000|0.000000|-1|-1|0|0|221|-1
1120|223|34|HIC|B|1|21|0|000|14.962683|-1.000000|-1.000000|0.000000|-1|-1|0|6|-1|224
1120|224|13|THR|B|2|14|0|000|10.162788|-1.000000|-1.000000|0.000000|-1|-1|0|6|223|225
1120|225|9|ILE|B|3|19|0|000|11.119254|-1.000000|-1.000000|0.000000|-1|-1|0|6|224|226
1120|226|35|PHE|B|4|20|0|000|6.876263|-1.000000|-1.000000|0.000000|-1|-1|0|6|225|227
1120|227|11|SER|B|5|11|0|000|11.909492|-1.000000|-1.000000|0.000000|-1|-1|0|6|226|228
1120|228|11|SER|B|6|11|0|000|12.656839|-1.000000|-1.000000|0.000000|-1|-1|0|6|227|229
1120|229|7|LEU|B|7|19|0|000|11.329788|-1.000000|-1.000000|0.000000|-1|-1|0|6|228|230
1120|230|25|GLU|B|8|15|0|000|15.003581|-1.000000|-1.000000|0.000000|-1|-1|0|6|229|231
1120|231|5|VAL|B|9|16|0|000|16.093456|-1.000000|-1.000000|0.000000|-1|-1|0|6|230|232
1120|232|23|ASN|B|10|14|0|000|20.608480|-1.000000|-1.000000|0.000000|-1|-1|0|6|231|233
1120|233|1|GLY|B|11|7|0|000|19.501989|-1.000000|-1.000000|0.000000|-1|-1|0|6|232|234
1120|234|5|VAL|B|12|16|0|000|20.404037|-1.000000|-1.000000|0.000000|-1|-1|0|6|233|235
1120|235|23|ASN|B|13|14|0|000|17.082348|-1.000000|-1.000000|0.000000|-1|-1|0|6|234|236
1120|236|27|GLN|B|14|17|0|000|17.228109|-1.000000|-1.000000|0.000000|-1|-1|0|6|235|237
1120|237|1|GLY|B|15|7|0|000|17.360199|-1.000000|-1.000000|0.000000|-1|-1|0|6|236|238
1120|238|7|LEU|B|16|19|0|000|17.072447|-1.000000|-1.000000|0.000000|-1|-1|0|6|237|239
1120|239|1|GLY|B|17|7|0|000|15.227463|-1.000000|-1.000000|0.000000|-1|-1|0|6|238|240
1120|240|25|GLU|B|18|15|0|000|17.620062|-1.000000|-1.000000|0.000000|-1|-1|0|6|239|241
1120|241|1|GLY|B|19|7|0|000|14.618384|-1.000000|-1.000000|0.000000|-1|-1|0|6|240|242
1120|242|5|VAL|B|20|16|0|000|11.164463|-1.000000|-1.000000|0.000000|-1|-1|0|6|241|243
1120|243|31|ARG|B|21|24|0|000|12.747290|-1.000000|-1.000000|0.000000|-1|-1|0|6|242|244
1120|244|5|VAL|B|22|16|0|000|13.125481|-1.000000|-1.000000|0.000000|-1|-1|0|6|243|245
1120|245|19|PRO|B|23|14|0|000|12.598783|-1.000000|-1.000000|0.000000|-1|-1|0|6|244|246
1120|246|13|THR|B|24|14|0|000|17.919804|-1.000000|-1.000000|0.000000|-1|-1|0|6|245|247
1120|247|37|TYR|B|25|38|0|000|17.863943|-1.000000|-1.000000|0.000000|-1|-1|0|6|246|248
1120|248|23|ASN|B|26|14|0|000|14.429449|-1.000000|-1.000000|0.000000|-1|-1|0|6|247|249
1120|249|1|GLY|B|27|7|0|000|13.829548|-1.000000|-1.000000|0.000000|-1|-1|0|6|248|250
1120|250|19|PRO|B|28|14|0|000|12.996801|-1.000000|-1.000000|0.000000|-1|-1|0|6|249|251
1120|251|9|ILE|B|29|19|0|000|11.909079|-1.000000|-1.000000|0.000000|-1|-1|0|6|250|252
1120|252|25|GLU|B|30|26|0|000|15.224726|-1.000000|-1.000000|0.000000|-1|-1|0|6|251|253
1120|253|21|ASP|B|31|12|0|000|16.280056|-1.000000|-1.000000|0.000000|-1|-1|0|6|252|254
1120|254|5|VAL|B|32|16|0|000|14.210152|-1.000000|-1.000000|0.000000|-1|-1|0|6|253|255
1120|255|13|THR|B|33|14|0|000|17.822233|-1.000000|-1.000000|0.000000|-1|-1|0|6|254|256
1120|256|11|SER|B|34|11|0|000|15.668756|-1.000000|-1.000000|0.000000|-1|-1|0|6|255|257
1120|257|3|ALA|B|35|10|0|000|15.697021|-1.000000|-1.000000|0.000000|-1|-1|0|6|256|258
1120|258|11|SER|B|36|11|0|000|13.430861|-1.000000|-1.000000|0.000000|-1|-1|0|6|257|259
1120|259|9|ILE|B|37|19|0|000|10.542493|-1.000000|-1.000000|0.000000|-1|-1|0|6|258|260
1120|260|3|ALA|B|38|10|0|000|10.121197|-1.000000|-1.000000|0.000000|-1|-1|0|6|259|261
1120|261|15|CYS|B|39|11|0|000|9.617964|-1.000000|-1.000000|0.000000|-1|-1|0|6|260|262
1120|262|23|ASN|B|40|14|0|000|10.099512|-1.000000|-1.000000|0.000000|-1|-1|0|6|261|263
1120|263|1|GLY|B|41|7|0|000|13.985926|-1.000000|-1.000000|0.000000|-1|-1|0|6|262|264
1120|264|11|SER|B|42|11|0|000|17.799049|-1.000000|-1.000000|0.000000|-1|-1|0|6|263|265
1120|265|19|PRO|B|43|14|0|000|18.280724|-1.000000|-1.000000|0.000000|-1|-1|0|6|264|266
1120|266|23|ASN|B|44|14|0|000|15.456431|-1.000000|-1.000000|0.000000|-1|-1|0|6|265|267
1120|267|13|THR|B|45|14|0|000|18.320755|-1.000000|-1.000000|0.000000|-1|-1|0|6|266|268
1120|268|5|VAL|B|46|16|0|000|14.314505|-1.000000|-1.000000|0.000000|-1|-1|0|6|267|269
1120|269|3|ALA|B|47|10|0|000|16.685463|-1.000000|-1.000000|0.000000|-1|-1|0|6|268|270
1120|270|11|SER|B|48|11|0|000|18.405851|-1.000000|-1.000000|0.000000|-1|-1|0|6|269|271
1120|271|13|THR|B|49|14|0|000|16.929565|-1.000000|-1.000000|0.000000|-1|-1|0|6|270|272
1120|272|11|SER|B|50|11|0|000|21.115334|-1.000000|-1.000000|0.000000|-1|-1|0|6|271|273
1120|273|29|LYS|B|51|22|0|000|18.760260|-1.000000|-1.000000|0.000000|-1|-1|0|6|272|274
1120|274|5|VAL|B|52|16|0|000|18.300474|-1.000000|-1.000000|0.000000|-1|-1|0|6|273|275
1120|275|9|ILE|B|53|19|0|000|15.850869|-1.000000|-1.000000|0.000000|-1|-1|0|6|274|276
1120|276|13|THR|B|54|14|0|000|20.049076|-1.000000|-1.000000|0.000000|-1|-1|0|6|275|277
1120|277|5|VAL|B|55|16|0|000|16.318350|-1.000000|-1.000000|0.000000|-1|-1|0|6|276|278
1120|278|27|GLN|B|56|17|0|000|20.869314|-1.000000|-1.000000|0.000000|-1|-1|0|6|277|279
1120|279|3|ALA|B|57|10|0|000|19.186352|-1.000000|-1.000000|0.000000|-1|-1|0|6|278|280
1120|280|1|GLY|B|58|7|0|000|18.329622|-1.000000|-1.000000|0.000000|-1|-1|0|6|279|281
1120|281|13|THR|B|59|14|0|000|17.973433|-1.000000|-1.000000|0.000000|-1|-1|0|6|280|282
1120|282|23|ASN|B|60|13|0|000|14.601553|-1.000000|-1.000000|0.000000|-1|-1|0|6|281|283
1120|283|5|VAL|B|61|16|0|000|11.897965|-1.000000|-1.000000|0.000000|-1|-1|0|6|282|284
1120|284|13|THR|B|62|14|0|000|11.758973|-1.000000|-1.000000|0.000000|-1|-1|0|6|283|285
1120|285|3|ALA|B|63|10|0|000|7.905920|-1.000000|-1.000000|0.000000|-1|-1|0|6|284|286
1120|286|9|ILE|B|64|19|0|000|11.875118|-1.000000|-1.000000|0.000000|-1|-1|0|6|285|287
1120|287|39|TRP|B|65|24|0|000|7.252772|-1.000000|-1.000000|0.000000|-1|-1|0|6|286|288
1120|288|31|ARG|B|66|24|0|000|14.065966|-1.000000|-1.000000|0.000000|-1|-1|0|6|287|289
1120|289|37|TYR|B|67|21|0|000|16.519970|-1.000000|-1.000000|0.000000|-1|-1|0|6|288|290
1120|290|17|MET|B|68|17|0|000|17.604271|-1.000000|-1.000000|0.000000|-1|-1|0|6|289|291
1120|291|7|LEU|B|69|19|0|000|16.182154|-1.000000|-1.000000|0.000000|-1|-1|0|6|290|292
1120|292|11|SER|B|70|11|0|000|20.357908|-1.000000|-1.000000|0.000000|-1|-1|0|6|291|293
1120|293|13|THR|B|71|14|0|000|18.179815|-1.000000|-1.000000|0.000000|-1|-1|0|6|292|294
1120|294|13|THR|B|72|14|0|000|21.994167|-1.000000|-1.000000|0.000000|-1|-1|0|6|293|295
1120|295|1|GLY|B|73|7|0|000|20.091106|-1.000000|-1.000000|0.000000|-1|-1|0|6|294|296
1120|296|21|ASP|B|74|12|0|000|18.606043|-1.000000|-1.000000|0.000000|-1|-1|0|6|295|297
1120|297|11|SER|B|75|11|0|000|20.284161|-1.000000|-1.000000|0.000000|-1|-1|0|6|296|298
1120|298|19|PRO|B|76|14|0|000|18.942877|-1.000000|-1.000000|0.000000|-1|-1|0|6|297|299
1120|299|3|ALA|B|77|10|0|000|19.488935|-1.000000|-1.000000|0.000000|-1|-1|0|6|298|300
1120|300|21|ASP|B|78|12|0|000|18.189716|-1.000000|-1.000000|0.000000|-1|-1|0|6|299|301
1120|301|5|VAL|B|79|16|0|000|13.666228|-1.000000|-1.000000|0.000000|-1|-1|0|6|300|302
1120|302|17|MET|B|80|17|0|000|12.622952|-1.000000|-1.000000|0.000000|-1|-1|0|6|301|303
1120|303|21|ASP|B|81|12|0|000|17.175922|-1.000000|-1.000000|0.000000|-1|-1|0|6|302|304
1120|304|11|SER|B|82|11|0|000|18.340342|-1.000000|-1.000000|0.000000|-1|-1|0|6|303|305
1120|305|11|SER|B|83|11|0|000|18.245199|-1.000000|-1.000000|0.000000|-1|-1|0|6|304|306
1120|306|33|HIS|B|84|17|0|000|14.371160|-1.000000|-1.000000|0.000000|-1|-1|0|6|305|307
1120|307|29|LYS|B|85|22|0|000|17.084290|-1.000000|-1.000000|0.000000|-1|-1|0|6|306|308
1120|308|1|GLY|B|86|7|0|000|11.702259|-1.000000|-1.000000|0.000000|-1|-1|0|6|307|309
1120|309|19|PRO|B|87|14|0|000|9.282145|-1.000000|-1.000000|0.000000|-1|-1|0|6|308|310
1120|310|13|THR|B|88|14|0|000|6.889802|-1.000000|-1.000000|0.000000|-1|-1|0|6|309|311
1120|311|9|ILE|B|89|19|0|000|5.360023|-1.000000|-1.000000|0.000000|-1|-1|0|6|310|312
1120|312|3|ALA|B|90|10|0|000|5.034714|-1.000000|-1.000000|0.000000|-1|-1|0|6|311|313
1120|313|37|TYR|B|91|21|0|000|6.675308|-1.000000|-1.000000|0.000000|-1|-1|0|6|312|314
1120|314|7|LEU|B|92|19|0|000|10.709469|-1.000000|-1.000000|0.000000|-1|-1|0|6|313|315
1120|315|29|LYS|B|93|22|0|000|13.431163|-1.000000|-1.000000|0.000000|-1|-1|0|6|314|316
1120|316|29|LYS|B|94|22|0|000|17.919779|-1.000000|-1.000000|0.000000|-1|-1|0|6|315|317
1120|317|5|VAL|B|95|16|0|000|16.694443|-1.000000|-1.000000|0.000000|-1|-1|0|6|316|318
1120|318|21|ASP|B|96|12|0|000|21.711645|-1.000000|-1.000000|0.000000|-1|-1|0|6|317|319
1120|319|23|ASN|B|97|14|0|000|20.785246|-1.000000|-1.000000|0.000000|-1|-1|0|6|318|320
1120|320|3|ALA|B|98|10|0|000|16.463745|-1.000000|-1.000000|0.000000|-1|-1|0|6|319|321
1120|321|3|ALA|B|99|10|0|000|18.619446|-1.000000|-1.000000|0.000000|-1|-1|0|6|320|322
1120|322|13|THR|B|100|14|0|000|20.122561|-1.000000|-1.000000|0.000000|-1|-1|0|6|321|323
1120|323|3|ALA|B|101|10|0|000|16.914425|-1.000000|-1.000000|0.000000|-1|-1|0|6|322|324
1120|324|11|SER|B|102|11|0|000|15.980998|-1.000000|-1.000000|0.000000|-1|-1|0|6|323|325
1120|325|1|GLY|B|103|7|0|000|13.263438|-1.000000|-1.000000|0.000000|-1|-1|0|6|324|326
1120|326|5|VAL|B|104|16|0|000|15.288728|-1.000000|-1.000000|0.000000|-1|-1|0|6|325|327
1120|327|1|GLY|B|105|7|0|000|15.643002|-1.000000|-1.000000|0.000000|-1|-1|0|6|326|328
1120|328|23|ASN|B|106|14|0|000|17.554701|-1.000000|-1.000000|0.000000|-1|-1|0|6|327|329
1120|329|1|GLY|B|107|7|0|000|15.193933|-1.000000|-1.000000|0.000000|-1|-1|0|6|328|330
1120|330|39|TRP|B|108|24|0|000|10.456436|-1.000000|-1.000000|0.000000|-1|-1|0|6|329|331
1120|331|35|PHE|B|109|20|0|000|12.807206|-1.000000|-1.000000|0.000000|-1|-1|0|6|330|332
1120|332|29|LYS|B|110|22|0|000|9.831934|-1.000000|-1.000000|0.000000|-1|-1|0|6|331|333
1120|333|9|ILE|B|111|19|0|000|10.011999|-1.000000|-1.000000|0.000000|-1|-1|0|6|332|334
1120|334|27|GLN|B|112|17|0|000|8.175956|-1.000000|-1.000000|0.000000|-1|-1|0|6|333|335
1120|335|27|GLN|B|113|17|0|000|10.500850|-1.000000|-1.000000|0.000000|-1|-1|0|6|334|336
1120|336|21|ASP|B|114|12|0|000|10.724594|-1.000000|-1.000000|0.000000|-1|-1|0|6|335|337
1120|337|1|GLY|B|115|7|0|000|12.549784|-1.000000|-1.000000|0.000000|-1|-1|0|6|336|338
1120|338|17|MET|B|116|17|0|000|17.351900|-1.000000|-1.000000|0.000000|-1|-1|0|6|337|339
1120|339|21|ASP|B|117|12|0|000|18.332348|-1.000000|-1.000000|0.000000|-1|-1|0|6|338|340
1120|340|11|SER|B|118|11|0|000|22.362951|-1.000000|-1.000000|0.000000|-1|-1|0|6|339|341
1120|341|11|SER|B|119|11|0|000|22.612112|-1.000000|-1.000000|0.000000|-1|-1|0|6|340|342
1120|342|1|GLY|B|120|7|0|000|20.545712|-1.000000|-1.000000|0.000000|-1|-1|0|6|341|343
1120|343|5|VAL|B|121|16|0|000|18.458809|-1.000000|-1.000000|0.000000|-1|-1|0|6|342|344
1120|344|39|TRP|B|122|24|0|000|15.072619|-1.000000|-1.000000|0.000000|-1|-1|0|6|343|345
1120|345|1|GLY|B|123|7|0|000|11.407512|-1.000000|-1.000000|0.000000|-1|-1|0|6|344|346
1120|346|13|THR|B|124|14|0|000|10.589759|-1.000000|-1.000000|0.000000|-1|-1|0|6|345|347
1120|347|25|GLU|B|125|15|0|000|15.307993|-1.000000|-1.000000|0.000000|-1|-1|0|6|346|348
1120|348|31|ARG|B|126|24|0|000|14.467328|-1.000000|-1.000000|0.000000|-1|-1|0|6|347|349
1120|349|5|VAL|B|127|16|0|000|10.512757|-1.000000|-1.000000|0.000000|-1|-1|0|6|348|350
1120|350|9|ILE|B|128|19|0|000|14.233702|-1.000000|-1.000000|0.000000|-1|-1|0|6|349|351
1120|351|23|ASN|B|129|14|0|000|17.372997|-1.000000|-1.000000|0.000000|-1|-1|0|6|350|352
1120|352|1|GLY|B|130|7|0|000|15.618606|-1.000000|-1.000000|0.000000|-1|-1|0|6|351|353
1120|353|29|LYS|B|131|22|0|000|18.567276|-1.000000|-1.000000|0.000000|-1|-1|0|6|352|354
1120|354|1|GLY|B|132|7|0|000|12.354499|-1.000000|-1.000000|0.000000|-1|-1|0|6|353|355
1120|355|31|ARG|B|133|24|0|000|14.152246|-1.000000|-1.000000|0.000000|-1|-1|0|6|354|356
1120|356|33|HIS|B|134|17|0|000|6.976041|-1.000000|-1.000000|0.000000|-1|-1|0|6|355|357
1120|357|11|SER|B|135|11|0|000|11.365961|-1.000000|-1.000000|0.000000|-1|-1|0|6|356|358
1120|358|9|ILE|B|136|19|0|000|8.376843|-1.000000|-1.000000|0.000000|-1|-1|0|6|357|359
1120|359|29|LYS|B|137|22|0|000|15.350446|-1.000000|-1.000000|0.000000|-1|-1|0|6|358|360
1120|360|9|ILE|B|138|19|0|000|13.465528|-1.000000|-1.000000|0.000000|-1|-1|0|6|359|361
1120|361|19|PRO|B|139|14|0|000|15.321830|-1.000000|-1.000000|0.000000|-1|-1|0|6|360|362
1120|362|25|GLU|B|140|15|0|000|20.270655|-1.000000|-1.000000|0.000000|-1|-1|0|6|361|363
1120|363|15|CYS|B|141|11|0|000|20.730671|-1.000000|-1.000000|0.000000|-1|-1|0|6|362|364
1120|364|9|ILE|B|142|19|0|000|17.605410|-1.000000|-1.000000|0.000000|-1|-1|0|6|363|365
1120|365|3|ALA|B|143|10|0|000|20.882509|-1.000000|-1.000000|0.000000|-1|-1|0|6|364|366
1120|366|19|PRO|B|144|14|0|000|22.376896|-1.000000|-1.000000|0.000000|-1|-1|0|6|365|367
1120|367|1|GLY|B|145|7|0|000|19.912704|-1.000000|-1.000000|0.000000|-1|-1|0|6|366|368
1120|368|27|GLN|B|146|17|0|000|19.078876|-1.000000|-1.000000|0.000000|-1|-1|0|6|367|369
1120|369|37|TYR|B|147|21|0|000|14.923865|-1.000000|-1.000000|0.000000|-1|-1|0|6|368|370
1120|370|7|LEU|B|148|19|0|000|11.752180|-1.000000|-1.000000|0.000000|-1|-1|0|6|369|371
1120|371|7|LEU|B|149|19|0|000|7.654495|-1.000000|-1.000000|0.000000|-1|-1|0|6|370|372
1120|372|31|ARG|B|150|24|0|000|4.799578|-1.000000|-1.000000|0.000000|-1|-1|0|6|371|373
1120|373|3|ALA|B|151|10|0|000|2.415108|-1.000000|-1.000000|0.000000|-1|-1|0|6|372|374
1120|374|25|GLU|B|152|15|0|000|2.750980|-1.000000|-1.000000|0.000000|-1|-1|0|6|373|375
1120|375|17|MET|B|153|17|0|000|6.174902|-1.000000|-1.000000|0.000000|-1|-1|0|6|374|376
1120|376|9|ILE|B|154|19|0|000|8.371433|-1.000000|-1.000000|0.000000|-1|-1|0|6|375|377
1120|377|3|ALA|B|155|10|0|000|11.749722|-1.000000|-1.000000|0.000000|-1|-1|0|6|376|378
1120|378|7|LEU|B|156|19|0|000|13.932541|-1.000000|-1.000000|0.000000|-1|-1|0|6|377|379
1120|379|33|HIS|B|157|18|0|000|17.047121|-1.000000|-1.000000|0.000000|-1|-1|0|6|378|380
1120|380|3|ALA|B|158|10|0|000|18.490654|-1.000000|-1.000000|0.000000|-1|-1|0|6|379|381
1120|381|3|ALA|B|159|10|0|000|17.464310|-1.000000|-1.000000|0.000000|-1|-1|0|6|380|382
1120|382|11|SER|B|160|11|0|000|21.895813|-1.000000|-1.000000|0.000000|-1|-1|0|6|381|383
1120|383|23|ASN|B|161|14|0|000|22.891144|-1.000000|-1.000000|0.000000|-1|-1|0|6|382|384
1120|384|37|TYR|B|162|21|0|000|18.865608|-1.000000|-1.000000|0.000000|-1|-1|0|6|383|385
1120|385|19|PRO|B|163|14|0|000|19.883856|-1.000000|-1.000000|0.000000|-1|-1|0|6|384|386
1120|386|1|GLY|B|164|7|0|000|17.261858|-1.000000|-1.000000|0.000000|-1|-1|0|6|385|387
1120|387|3|ALA|B|165|10|0|000|14.056939|-1.000000|-1.000000|0.000000|-1|-1|0|6|386|388
1120|388|27|GLN|B|166|17|0|000|13.331157|-1.000000|-1.000000|0.000000|-1|-1|0|6|387|389
1120|389|35|PHE|B|167|20|0|000|9.600957|-1.000000|-1.000000|0.000000|-1|-1|0|6|388|390
1120|390|37|TYR|B|168|21|0|000|8.860241|-1.000000|-1.000000|0.000000|-1|-1|0|6|389|391
1120|391|17|MET|B|169|17|0|000|5.780258|-1.000000|-1.000000|0.000000|-1|-1|0|6|390|392
1120|392|25|GLU|B|170|15|0|000|6.799613|-1.000000|-1.000000|0.000000|-1|-1|0|6|391|393
1120|393|15|CYS|B|171|11|0|000|8.182987|-1.000000|-1.000000|0.000000|-1|-1|0|6|392|394
1120|394|3|ALA|B|172|10|0|000|9.672904|-1.000000|-1.000000|0.000000|-1|-1|0|6|393|395
1120|395|27|GLN|B|173|17|0|000|14.222464|-1.000000|-1.000000|0.000000|-1|-1|0|6|394|396
1120|396|7|LEU|B|174|19|0|000|13.218201|-1.000000|-1.000000|0.000000|-1|-1|0|6|395|397
1120|397|23|ASN|B|175|14|0|000|19.299124|-1.000000|-1.000000|0.000000|-1|-1|0|6|396|398
1120|398|5|VAL|B|176|16|0|000|17.354971|-1.000000|-1.000000|0.000000|-1|-1|0|6|397|399
1120|399|5|VAL|B|177|16|0|000|21.734318|-1.000000|-1.000000|0.000000|-1|-1|0|6|398|400
1120|400|1|GLY|B|178|7|0|000|23.274105|-1.000000|-1.000000|0.000000|-1|-1|0|6|399|401
1120|401|1|GLY|B|179|7|0|000|21.966391|-1.000000|-1.000000|0.000000|-1|-1|0|6|400|402
1120|402|13|THR|B|180|14|0|000|24.572588|-1.000000|-1.000000|0.000000|-1|-1|0|6|401|403
1120|403|1|GLY|B|181|7|0|000|23.637516|-1.000000|-1.000000|0.000000|-1|-1|0|6|402|404
1120|404|3|ALA|B|182|10|0|000|24.934708|-1.000000|-1.000000|0.000000|-1|-1|0|6|403|405
1120|405|29|LYS|B|183|22|0|000|21.480236|-1.000000|-1.000000|0.000000|-1|-1|0|6|404|406
1120|406|13|THR|B|184|14|0|000|21.743996|-1.000000|-1.000000|0.000000|-1|-1|0|6|405|407
1120|407|19|PRO|B|185|14|0|000|17.504206|-1.000000|-1.000000|0.000000|-1|-1|0|6|406|408
1120|408|11|SER|B|186|11|0|000|18.705210|-1.000000|-1.000000|0.000000|-1|-1|0|6|407|409
1120|409|13|THR|B|187|14|0|000|16.545948|-1.000000|-1.000000|0.000000|-1|-1|0|6|408|410
1120|410|5|VAL|B|188|16|0|000|14.025170|-1.000000|-1.000000|0.000000|-1|-1|0|6|409|411
1120|411|11|SER|B|189|11|0|000|15.213584|-1.000000|-1.000000|0.000000|-1|-1|0|6|410|412
1120|412|35|PHE|B|190|20|0|000|10.377846|-1.000000|-1.000000|0.000000|-1|-1|0|6|411|413
1120|413|19|PRO|B|191|14|0|000|15.019112|-1.000000|-1.000000|0.000000|-1|-1|0|6|412|414
1120|414|1|GLY|B|192|7|0|000|15.535530|-1.000000|-1.000000|0.000000|-1|-1|0|6|413|415
1120|415|3|ALA|B|193|10|0|000|13.186673|-1.000000|-1.000000|0.000000|-1|-1|0|6|414|416
1120|416|37|TYR|B|194|21|0|000|10.892655|-1.000000|-1.000000|0.000000|-1|-1|0|6|415|417
1120|417|11|SER|B|195|18|0|000|17.375196|-1.000000|-1.000000|0.000000|-1|-1|0|6|416|418
1120|418|1|GLY|B|196|7|0|000|18.023899|-1.000000|-1.000000|0.000000|-1|-1|0|6|417|419
1120|419|11|SER|B|197|11|0|000|20.458939|-1.000000|-1.000000|0.000000|-1|-1|0|6|418|420
1120|420|21|ASP|B|198|12|0|000|16.799467|-1.000000|-1.000000|0.000000|-1|-1|0|6|419|421
1120|421|19|PRO|B|199|14|0|000|18.624346|-1.000000|-1.000000|0.000000|-1|-1|0|6|420|422
1120|422|1|GLY|B|200|7|0|000|14.982133|-1.000000|-1.000000|0.000000|-1|-1|0|6|421|423
1120|423|5|VAL|B|201|16|0|000|14.607184|-1.000000|-1.000000|0.000000|-1|-1|0|6|422|424
1120|424|29|LYS|B|202|22|0|000|21.092907|-1.000000|-1.000000|0.000000|-1|-1|0|6|423|425
1120|425|9|ILE|B|203|19|0|000|18.237875|-1.000000|-1.000000|0.000000|-1|-1|0|6|424|426
1120|426|11|SER|B|204|11|0|000|22.407108|-1.000000|-1.000000|0.000000|-1|-1|0|6|425|427
1120|427|9|ILE|B|205|19|0|000|19.048916|-1.000000|-1.000000|0.000000|-1|-1|0|6|426|428
1120|428|37|TYR|B|206|21|0|000|22.417299|-1.000000|-1.000000|0.000000|-1|-1|0|6|427|429
1120|429|39|TRP|B|207|44|0|000|29.146284|-1.000000|-1.000000|0.000000|-1|-1|0|6|428|430
1120|430|19|PRO|B|208|14|0|000|26.767719|-1.000000|-1.000000|0.000000|-1|-1|0|6|429|431
1120|431|19|PRO|B|209|14|0|000|25.801935|-1.000000|-1.000000|0.000000|-1|-1|0|6|430|432
1120|432|5|VAL|B|210|16|0|000|20.904430|-1.000000|-1.000000|0.000000|-1|-1|0|6|431|433
1120|433|13|THR|B|211|14|0|000|23.969143|-1.000000|-1.000000|0.000000|-1|-1|0|6|432|434
1120|434|3|ALA|B|212|10|0|000|20.942997|-1.000000|-1.000000|0.000000|-1|-1|0|6|433|435
1120|435|37|TYR|B|213|21|0|000|15.064451|-1.000000|-1.000000|0.000000|-1|-1|0|6|434|436
1120|436|13|THR|B|214|14|0|000|16.567122|-1.000000|-1.000000|0.000000|-1|-1|0|6|435|437
1120|437|5|VAL|B|215|16|0|000|11.595080|-1.000000|-1.000000|0.000000|-1|-1|0|6|436|438
1120|438|19|PRO|B|216|14|0|000|11.339762|-1.000000|-1.000000|0.000000|-1|-1|0|6|437|439
1120|439|1|GLY|B|217|7|0|000|12.352654|-1.000000|-1.000000|0.000000|-1|-1|0|6|438|440
1120|440|19|PRO|B|218|14|0|000|13.033570|-1.000000|-1.000000|0.000000|-1|-1|0|6|439|441
1120|441|11|SER|B|219|11|0|000|15.641349|-1.000000|-1.000000|0.000000|-1|-1|0|6|440|442
1120|442|5|VAL|B|220|16|0|000|13.095639|-1.000000|-1.000000|0.000000|-1|-1|0|6|441|443
1120|443|35|PHE|B|221|20|0|000|15.874945|-1.000000|-1.000000|0.000000|-1|-1|0|6|442|444
1120|444|13|THR|B|222|14|0|000|17.834114|-1.000000|-1.000000|0.000000|-1|-1|0|6|443|445
1120|445|15|CYS|B|223|12|0|000|20.307175|-1.000000|-1.000000|0.000000|-1|-1|0|6|444|-1
1120|446|46|_CU|A|301|1|1|000|14.920003|-1.000000|-1.000000|0.000000|-1|-1|0|2|-1|-1
1120|447|53|OXY|A|302|2|0|000|17.354939|-1.000000|-1.000000|0.000000|-1|-1|0|3|-1|-1
1120|448|50|NAG|A|303|28|0|000|14.066610|-1.000000|-1.000000|0.000000|-1|-1|0|4|-1|-1
1120|449|49|GOL|A|304|14|0|000|16.457159|-1.000000|-1.000000|0.000000|-1|-1|0|5|-1|-1
1120|450|46|_CU|B|301|1|1|000|14.792330|-1.000000|-1.000000|0.000000|-1|-1|0|8|-1|-1
1120|451|53|OXY|B|302|2|0|000|17.218006|-1.000000|-1.000000|0.000000|-1|-1|0|9|-1|-1
1120|452|50|NAG|B|303|28|0|000|14.760735|-1.000000|-1.000000|0.000000|-1|-1|0|10|-1|-1
1120|453|49|GOL|B|304|14|0|000|16.390722|-1.000000|-1.000000|0.000000|-1|-1|0|11|-1|-1
1120|454|43|HOH|A|401|1|0|000|15.914092|-1.000000|-1.000000|0.000000|-1|-1|0|1|-1|-1
1120|455|43|HOH|A|402|1|0|000|9.295096|-1.000000|-1.000000|0.000000|-1|-1|0|1|-1|-1
1120|456|43|HOH|A|403|1|0|000|11.420543|-1.000000|-1.000000|0.000000|-1|-1|0|1|-1|-1
1120|457|43|HOH|A|404|1|0|000|15.727059|-1.000000|-1.000000|0.000000|-1|-1|0|1|-1|-1
1120|458|43|HOH|A|405|1|0|000|9.043556|-1.000000|-1.000000|0.000000|-1|-1|0|1|-1|-1
1120|459|43|HOH|A|406|1|0|000|17.702682|-1.000000|-1.000000|0.000000|-1|-1|0|1|-1|-1
1120|460|43|HOH|A|407|1|0|000|13.836761|-1.000000|-1.000000|0.000000|-1|-1|0|1|-1|-1
1120|461|43|HOH|A|408|1|0|000|12.238625|-1.000000|-1.000000|0.000000|-1|-1|0|1|-1|-1
1120|462|43|HOH|A|409|1|0|000|15.282835|-1.000000|-1.000000|0.000000|-1|-1|0|1|-1|-1
1120|463|43|HOH|A|410|1|0|000|15.081064|-1.000000|-1.000000|0.000000|-1|-1|0|1|-1|-1
1120|464|43|HOH|A|411|1|0|000|15.853446|-1.000000|-1.000000|0.000000|-1|-1|0|1|-1|-1
1120|465|43|HOH|A|412|1|0|000|21.242750|-1.000000|-1.000000|0.000000|-1|-1|0|1|-1|-1
1120|466|43|HOH|A|413|1|0|000|15.762666|-1.000000|-1.000000|0.000000|-1|-1|0|1|-1|-1
1120|467|43|HOH|A|414|1|0|000|13.546520|-1.000000|-1.000000|0.000000|-1|-1|0|1|-1|-1
1120|468|43|HOH|A|415|1|0|000|13.850398|-1.000000|-1.000000|0.000000|-1|-1|0|1|-1|-1
1120|469|43|HOH|A|416|1|0|000|13.044915|-1.000000|-1.000000|0.000000|-1|-1|0|1|-1|-1
1120|470|43|HOH|A|417|1|0|000|12.702052|-1.000000|-1.000000|0.000000|-1|-1|0|1|-1|-1
1120|471|43|HOH|A|418|1|0|000|19.977907|-1.000000|-1.000000|0.000000|-1|-1|0|1|-1|-1
1120|472|43|HOH|A|419|1|0|000|20.453421|-1.000000|-1.000000|0.000000|-1|-1|0|1|-1|-1
1120|473|43|HOH|A|420|1|0|000|17.575293|-1.000000|-1.000000|0.000000|-1|-1|0|1|-1|-1
1120|474|43|HOH|A|421|1|0|000|16.098444|-1.000000|-1.000000|0.000000|-1|-1|0|1|-1|-1
1120|475|43|HOH|A|422|1|0|000|17.454317|-1.000000|-1.000000|0.000000|-1|-1|0|1|-1|-1
1120|476|43|HOH|A|423|1|0|000|17.714651|-1.000000|-1.000000|0.000000|-1|-1|0|1|-1|-1
1120|477|43|HOH|A|424|1|0|000|15.954792|-1.000000|-1.000000|0.000000|-1|-1|0|1|-1|-1
1120|478|43|HOH|A|425|1|0|000|20.990339|-1.000000|-1.000000|0.000000|-1|-1|0|1|-1|-1
1120|479|43|HOH|A|426|1|0|000|16.509699|-1.000000|-1.000000|0.000000|-1|-1|0|1|-1|-1
1120|480|43|HOH|A|427|1|0|000|17.471174|-1.000000|-1.000000|0.000000|-1|-1|0|1|-1|-1
1120|481|43|HOH|A|428|1|0|000|17.028492|-1.000000|-1.000000|0.000000|-1|-1|0|1|-1|-1
1120|482|43|HOH|A|429|1|0|000|19.756437|-1.000000|-1.000000|0.000000|-1|-1|0|1|-1|-1
1120|483|43|HOH|A|430|1|0|000|15.447339|-1.000000|-1.000000|0.000000|-1|-1|0|1|-1|-1
1120|484|43|HOH|A|431|1|0|000|17.312069|-1.000000|-1.000000|0.000000|-1|-1|0|1|-1|-1
1120|485|43|HOH|A|432|1|0|000|16.557096|-1.000000|-1.000000|0.000000|-1|-1|0|1|-1|-1
1120|486|43|HOH|A|433|1|0|000|22.136267|-1.000000|-1.000000|0.000000|-1|-1|0|1|-1|-1
1120|487|43|HOH|A|434|1|0|000|21.116474|-1.000000|-1.000000|0.000000|-1|-1|0|1|-1|-1
1120|488|43|HOH|A|435|1|0|000|10.005706|-1.000000|-1.000000|0.000000|-1|-1|0|1|-1|-1
1120|489|43|HOH|A|436|1|0|000|19.158138|-1.000000|-1.000000|0.000000|-1|-1|0|1|-1|-1
1120|490|43|HOH|A|437|1|0|000|18.783815|-1.000000|-1.000000|0.000000|-1|-1|0|1|-1|-1
1120|491|43|HOH|A|438|1|0|000|15.750011|-1.000000|-1.000000|0.000000|-1|-1|0|1|-1|-1
1120|492|43|HOH|A|439|1|0|000|22.246714|-1.000000|-1.000000|0.000000|-1|-1|0|1|-1|-1
1120|493|43|HOH|A|440|1|0|000|22.681742|-1.000000|-1.000000|0.000000|-1|-1|0|1|-1|-1
1120|494|43|HOH|A|441|1|0|000|17.181955|-1.000000|-1.000000|0.000000|-1|-1|0|1|-1|-1
1120|495|43|HOH|A|442|1|0|000|18.738523|-1.000000|-1.000000|0.000000|-1|-1|0|1|-1|-1
1120|496|43|HOH|A|443|1|0|000|20.857811|-1.000000|-1.000000|0.000000|-1|-1|0|1|-1|-1
1120|497|43|HOH|A|444|1|0|000|18.209387|-1.000000|-1.000000|0.000000|-1|-1|0|1|-1|-1
1120|498|43|HOH|A|445|1|0|000|11.278050|-1.000000|-1.000000|0.000000|-1|-1|0|1|-1|-1
1120|499|43|HOH|A|446|1|0|000|22.939020|-1.000000|-1.000000|0.000000|-1|-1|0|1|-1|-1
1120|500|43|HOH|A|447|1|0|000|20.140013|-1.000000|-1.000000|0.000000|-1|-1|0|1|-1|-1
1120|501|43|HOH|A|448|1|0|000|21.234533|-1.000000|-1.000000|0.000000|-1|-1|0|1|-1|-1
1120|502|43|HOH|A|449|1|0|000|24.712196|-1.000000|-1.000000|0.000000|-1|-1|0|1|-1|-1
1120|503|43|HOH|A|450|1|0|000|16.453175|-1.000000|-1.000000|0.000000|-1|-1|0|1|-1|-1
1120|504|43|HOH|A|451|1|0|000|20.377344|-1.000000|-1.000000|0.000000|-1|-1|0|1|-1|-1
1120|505|43|HOH|A|452|1|0|000|19.748899|-1.000000|-1.000000|0.000000|-1|-1|0|1|-1|-1
1120|506|43|HOH|A|453|1|0|000|24.314207|-1.000000|-1.000000|0.000000|-1|-1|0|1|-1|-1
1120|507|43|HOH|A|454|1|0|000|14.766707|-1.000000|-1.000000|0.000000|-1|-1|0|1|-1|-1
1120|508|43|HOH|A|455|1|0|000|15.629395|-1.000000|-1.000000|0.000000|-1|-1|0|1|-1|-1
1120|509|43|HOH|A|456|1|0|000|28.687134|-1.000000|-1.000000|0.000000|-1|-1|0|1|-1|-1
1120|510|43|HOH|A|457|1|0|000|16.815159|-1.000000|-1.000000|0.000000|-1|-1|0|1|-1|-1
1120|511|43|HOH|A|458|1|0|000|20.205460|-1.000000|-1.000000|0.000000|-1|-1|0|1|-1|-1
1120|512|43|HOH|A|459|1|0|000|17.148750|-1.000000|-1.000000|0.000000|-1|-1|0|1|-1|-1
1120|513|43|HOH|A|460|1|0|000|24.279993|-1.000000|-1.000000|0.000000|-1|-1|0|1|-1|-1
1120|514|43|HOH|A|461|1|0|000|24.746538|-1.000000|-1.000000|0.000000|-1|-1|0|1|-1|-1
1120|515|43|HOH|A|462|1|0|000|16.042915|-1.000000|-1.000000|0.000000|-1|-1|0|1|-1|-1
1120|516|43|HOH|A|463|1|0|000|11.212697|-1.000000|-1.000000|0.000000|-1|-1|0|1|-1|-1
1120|517|43|HOH|A|464|1|0|000|17.385857|-1.000000|-1.000000|0.000000|-1|-1|0|1|-1|-1
1120|518|43|HOH|A|465|1|0|000|24.160591|-1.000000|-1.000000|0.000000|-1|-1|0|1|-1|-1
1120|519|43|HOH|A|466|1|0|000|16.915678|-1.000000|-1.000000|0.000000|-1|-1|0|1|-1|-1
1120|520|43|HOH|A|467|1|0|000|21.919252|-1.000000|-1.000000|0.000000|-1|-1|0|1|-1|-1
1120|521|43|HOH|A|468|1|0|000|16.321817|-1.000000|-1.000000|0.000000|-1|-1|0|1|-1|-1
1120|522|43|HOH|A|469|1|0|000|16.966795|-1.000000|-1.000000|0.000000|-1|-1|0|1|-1|-1
1120|523|43|HOH|A|470|1|0|000|16.488123|-1.000000|-1.000000|0.000000|-1|-1|0|1|-1|-1
1120|524|43|HOH|A|471|1|0|000|19.715590|-1.000000|-1.000000|0.000000|-1|-1|0|1|-1|-1
1120|525|43|HOH|A|472|1|0|000|20.557384|-1.000000|-1.000000|0.000000|-1|-1|0|1|-1|-1
1120|526|43|HOH|A|473|1|0|000|21.954533|-1.000000|-1.000000|0.000000|-1|-1|0|1|-1|-1
1120|527|43|HOH|A|474|1|0|000|18.477964|-1.000000|-1.000000|0.000000|-1|-1|0|1|-1|-1
1120|528|43|HOH|A|475|1|0|000|19.540049|-1.000000|-1.000000|0.000000|-1|-1|0|1|-1|-1
1120|529|43|HOH|A|476|1|0|000|18.549858|-1.000000|-1.000000|0.000000|-1|-1|0|1|-1|-1
1120|530|43|HOH|A|477|1|0|000|19.922823|-1.000000|-1.000000|0.000000|-1|-1|0|1|-1|-1
1120|531|43|HOH|A|478|1|0|000|18.015072|-1.000000|-1.000000|0.000000|-1|-1|0|1|-1|-1
1120|532|43|HOH|A|479|1|0|000|21.381012|-1.000000|-1.000000|0.000000|-1|-1|0|1|-1|-1
1120|533|43|HOH|A|480|1|0|000|23.428047|-1.000000|-1.000000|0.000000|-1|-1|0|1|-1|-1
1120|534|43|HOH|A|481|1|0|000|13.380290|-1.000000|-1.000000|0.000000|-1|-1|0|1|-1|-1
1120|535|43|HOH|A|482|1|0|000|15.761990|-1.000000|-1.000000|0.000000|-1|-1|0|1|-1|-1
1120|536|43|HOH|A|483|1|0|000|16.545752|-1.000000|-1.000000|0.000000|-1|-1|0|1|-1|-1
1120|537|43|HOH|A|484|1|0|000|15.886455|-1.000000|-1.000000|0.000000|-1|-1|0|1|-1|-1
1120|538|43|HOH|A|485|1|0|000|14.197073|-1.000000|-1.000000|0.000000|-1|-1|0|1|-1|-1
1120|539|43|HOH|A|486|1|0|000|18.315594|-1.000000|-1.000000|0.000000|-1|-1|0|1|-1|-1
1120|540|43|HOH|A|487|1|0|000|21.872377|-1.000000|-1.000000|0.000000|-1|-1|0|1|-1|-1
1120|541|43|HOH|A|488|1|0|000|15.511862|-1.000000|-1.000000|0.000000|-1|-1|0|1|-1|-1
1120|542|43|HOH|A|489|1|0|000|15.283853|-1.000000|-1.000000|0.000000|-1|-1|0|1|-1|-1
1120|543|43|HOH|A|490|1|0|000|21.590658|-1.000000|-1.000000|0.000000|-1|-1|0|1|-1|-1
1120|544|43|HOH|A|491|1|0|000|18.691978|-1.000000|-1.000000|0.000000|-1|-1|0|1|-1|-1
1120|545|43|HOH|A|492|1|0|000|23.236891|-1.000000|-1.000000|0.000000|-1|-1|0|1|-1|-1
1120|546|43|HOH|A|493|1|0|000|13.439355|-1.000000|-1.000000|0.000000|-1|-1|0|1|-1|-1
1120|547|43|HOH|A|494|1|0|000|15.240287|-1.000000|-1.000000|0.000000|-1|-1|0|1|-1|-1
1120|548|43|HOH|A|495|1|0|000|14.847260|-1.000000|-1.000000|0.000000|-1|-1|0|1|-1|-1
1120|549|43|HOH|A|496|1|0|000|22.152332|-1.000000|-1.000000|0.000000|-1|-1|0|1|-1|-1
1120|550|43|HOH|A|497|1|0|000|19.070959|-1.000000|-1.000000|0.000000|-1|-1|0|1|-1|-1
1120|551|43|HOH|A|498|1|0|000|28.000700|-1.000000|-1.000000|0.000000|-1|-1|0|1|-1|-1
1120|552|43|HOH|A|499|1|0|000|19.647903|-1.000000|-1.000000|0.000000|-1|-1|0|1|-1|-1
1120|553|43|HOH|A|500|1|0|000|18.451170|-1.000000|-1.000000|0.000000|-1|-1|0|1|-1|-1
1120|554|43|HOH|A|501|1|0|000|20.755745|-1.000000|-1.000000|0.000000|-1|-1|0|1|-1|-1
1120|555|43|HOH|A|502|1|0|000|20.903967|-1.000000|-1.000000|0.000000|-1|-1|0|1|-1|-1
1120|556|43|HOH|A|503|1|0|000|19.657747|-1.000000|-1.000000|0.000000|-1|-1|0|1|-1|-1
1120|557|43|HOH|A|504|1|0|000|22.483683|-1.000000|-1.000000|0.000000|-1|-1|0|1|-1|-1
1120|558|43|HOH|A|505|1|0|000|22.575945|-1.000000|-1.000000|0.000000|-1|-1|0|1|-1|-1
1120|559|43|HOH|A|506|1|0|000|14.823993|-1.000000|-1.000000|0.000000|-1|-1|0|1|-1|-1
1120|560|43|HOH|A|507|1|0|000|15.245951|-1.000000|-1.000000|0.000000|-1|-1|0|1|-1|-1
1120|561|43|HOH|A|508|1|0|000|19.212231|-1.000000|-1.000000|0.000000|-1|-1|0|1|-1|-1
1120|562|43|HOH|A|509|1|0|000|17.194649|-1.000000|-1.000000|0.000000|-1|-1|0|1|-1|-1
1120|563|43|HOH|A|510|1|0|000|19.594919|-1.000000|-1.000000|0.000000|-1|-1|0|1|-1|-1
1120|564|43|HOH|A|511|1|0|000|19.138208|-1.000000|-1.000000|0.000000|-1|-1|0|1|-1|-1
1120|565|43|HOH|A|512|1|0|000|20.664421|-1.000000|-1.000000|0.000000|-1|-1|0|1|-1|-1
1120|566|43|HOH|A|513|1|0|000|20.529852|-1.000000|-1.000000|0.000000|-1|-1|0|1|-1|-1
1120|567|43|HOH|A|514|1|0|000|17.360012|-1.000000|-1.000000|0.000000|-1|-1|0|1|-1|-1
1120|568|43|HOH|A|515|1|0|000|24.813700|-1.000000|-1.000000|0.000000|-1|-1|0|1|-1|-1
1120|569|43|HOH|A|516|1|0|000|15.247833|-1.000000|-1.000000|0.000000|-1|-1|0|1|-1|-1
1120|570|43|HOH|A|517|1|0|000|21.753878|-1.000000|-1.000000|0.000000|-1|-1|0|1|-1|-1
1120|571|43|HOH|A|518|1|0|000|23.991369|-1.000000|-1.000000|0.000000|-1|-1|0|1|-1|-1
1120|572|43|HOH|A|519|1|0|000|19.489531|-1.000000|-1.000000|0.000000|-1|-1|0|1|-1|-1
1120|573|43|HOH|A|520|1|0|000|18.224577|-1.000000|-1.000000|0.000000|-1|-1|0|1|-1|-1
1120|574|43|HOH|A|521|1|0|000|16.058504|-1.000000|-1.000000|0.000000|-1|-1|0|1|-1|-1
1120|575|43|HOH|A|522|1|0|000|18.126352|-1.000000|-1.000000|0.000000|-1|-1|0|1|-1|-1
1120|576|43|HOH|A|523|1|0|000|22.311699|-1.000000|-1.000000|0.000000|-1|-1|0|1|-1|-1
1120|577|43|HOH|A|524|1|0|000|23.950865|-1.000000|-1.000000|0.000000|-1|-1|0|1|-1|-1
1120|578|43|HOH|A|525|1|0|000|18.567333|-1.000000|-1.000000|0.000000|-1|-1|0|1|-1|-1
1120|579|43|HOH|A|526|1|0|000|19.980379|-1.000000|-1.000000|0.000000|-1|-1|0|1|-1|-1
1120|580|43|HOH|A|527|1|0|000|20.467319|-1.000000|-1.000000|0.000000|-1|-1|0|1|-1|-1
1120|581|43|HOH|A|528|1|0|000|21.518867|-1.000000|-1.000000|0.000000|-1|-1|0|1|-1|-1
1120|582|43|HOH|A|529|1|0|000|19.993158|-1.000000|-1.000000|0.000000|-1|-1|0|1|-1|-1
1120|583|43|HOH|A|530|1|0|000|18.608179|-1.000000|-1.000000|0.000000|-1|-1|0|1|-1|-1
1120|584|43|HOH|A|531|1|0|000|14.443045|-1.000000|-1.000000|0.000000|-1|-1|0|1|-1|-1
1120|585|43|HOH|A|532|1|0|000|16.740061|-1.000000|-1.000000|0.000000|-1|-1|0|1|-1|-1
1120|586|43|HOH|A|533|1|0|000|21.359215|-1.000000|-1.000000|0.000000|-1|-1|0|1|-1|-1
1120|587|43|HOH|A|534|1|0|000|18.518566|-1.000000|-1.000000|0.000000|-1|-1|0|1|-1|-1
1120|588|43|HOH|A|535|1|0|000|22.048771|-1.000000|-1.000000|0.000000|-1|-1|0|1|-1|-1
1120|589|43|HOH|A|536|1|0|000|15.334223|-1.000000|-1.000000|0.000000|-1|-1|0|1|-1|-1
1120|590|43|HOH|A|537|1|0|000|18.345583|-1.000000|-1.000000|0.000000|-1|-1|0|1|-1|-1
1120|591|43|HOH|A|538|1|0|000|14.446266|-1.000000|-1.000000|0.000000|-1|-1|0|1|-1|-1
1120|592|43|HOH|A|539|1|0|000|21.586178|-1.000000|-1.000000|0.000000|-1|-1|0|1|-1|-1
1120|593|43|HOH|A|540|1|0|000|18.518778|-1.000000|-1.000000|0.000000|-1|-1|0|1|-1|-1
1120|594|43|HOH|A|541|1|0|000|17.506666|-1.000000|-1.000000|0.000000|-1|-1|0|1|-1|-1
1120|595|43|HOH|A|542|1|0|000|23.396448|-1.000000|-1.000000|0.000000|-1|-1|0|1|-1|-1
1120|596|43|HOH|A|543|1|0|000|19.128592|-1.000000|-1.000000|0.000000|-1|-1|0|1|-1|-1
1120|597|43|HOH|A|544|1|0|000|19.843853|-1.000000|-1.000000|0.000000|-1|-1|0|1|-1|-1
1120|598|43|HOH|A|545|1|0|000|20.416643|-1.000000|-1.000000|0.000000|-1|-1|0|1|-1|-1
1120|599|43|HOH|A|546|1|0|000|17.767233|-1.000000|-1.000000|0.000000|-1|-1|0|1|-1|-1
1120|600|43|HOH|A|547|1|0|000|18.732683|-1.000000|-1.000000|0.000000|-1|-1|0|1|-1|-1
1120|601|43|HOH|A|548|1|0|000|17.745033|-1.000000|-1.000000|0.000000|-1|-1|0|1|-1|-1
1120|602|43|HOH|A|549|1|0|000|18.156700|-1.000000|-1.000000|0.000000|-1|-1|0|1|-1|-1
1120|603|43|HOH|A|550|1|0|000|16.445436|-1.000000|-1.000000|0.000000|-1|-1|0|1|-1|-1
1120|604|43|HOH|A|551|1|0|000|19.426327|-1.000000|-1.000000|0.000000|-1|-1|0|1|-1|-1
1120|605|43|HOH|A|552|1|0|000|18.697430|-1.000000|-1.000000|0.000000|-1|-1|0|1|-1|-1
1120|606|43|HOH|A|553|1|0|000|17.721748|-1.000000|-1.000000|0.000000|-1|-1|0|1|-1|-1
1120|607|43|HOH|A|554|1|0|000|23.016314|-1.000000|-1.000000|0.000000|-1|-1|0|1|-1|-1
1120|608|43|HOH|A|555|1|0|000|20.380949|-1.000000|-1.000000|0.000000|-1|-1|0|1|-1|-1
1120|609|43|HOH|A|556|1|0|000|17.334272|-1.000000|-1.000000|0.000000|-1|-1|0|1|-1|-1
1120|610|43|HOH|A|557|1|0|000|21.452744|-1.000000|-1.000000|0.000000|-1|-1|0|1|-1|-1
1120|611|43|HOH|A|558|1|0|000|20.173347|-1.000000|-1.000000|0.000000|-1|-1|0|1|-1|-1
1120|612|43|HOH|A|559|1|0|000|16.957453|-1.000000|-1.000000|0.000000|-1|-1|0|1|-1|-1
1120|613|43|HOH|A|560|1|0|000|20.912540|-1.000000|-1.000000|0.000000|-1|-1|0|1|-1|-1
1120|614|43|HOH|A|561|1|0|000|24.316275|-1.000000|-1.000000|0.000000|-1|-1|0|1|-1|-1
1120|615|43|HOH|A|562|1|0|000|22.465391|-1.000000|-1.000000|0.000000|-1|-1|0|1|-1|-1
1120|616|43|HOH|A|563|1|0|000|18.756584|-1.000000|-1.000000|0.000000|-1|-1|0|1|-1|-1
1120|617|43|HOH|A|564|1|0|000|18.563099|-1.000000|-1.000000|0.000000|-1|-1|0|1|-1|-1
1120|618|43|HOH|A|565|1|0|000|17.219898|-1.000000|-1.000000|0.000000|-1|-1|0|1|-1|-1
1120|619|43|HOH|A|566|1|0|000|19.931410|-1.000000|-1.000000|0.000000|-1|-1|0|1|-1|-1
1120|620|43|HOH|A|567|1|0|000|19.074413|-1.000000|-1.000000|0.000000|-1|-1|0|1|-1|-1
1120|621|43|HOH|A|568|1|0|000|21.958996|-1.000000|-1.000000|0.000000|-1|-1|0|1|-1|-1
1120|622|43|HOH|A|569|1|0|000|12.149978|-1.000000|-1.000000|0.000000|-1|-1|0|1|-1|-1
1120|623|43|HOH|A|570|1|0|000|14.772703|-1.000000|-1.000000|0.000000|-1|-1|0|1|-1|-1
1120|624|43|HOH|A|571|1|0|000|15.858113|-1.000000|-1.000000|0.000000|-1|-1|0|1|-1|-1
1120|625|43|HOH|A|572|1|0|000|21.422733|-1.000000|-1.000000|0.000000|-1|-1|0|1|-1|-1
1120|626|43|HOH|A|573|1|0|000|19.253384|-1.000000|-1.000000|0.000000|-1|-1|0|1|-1|-1
1120|627|43|HOH|A|574|1|0|000|14.033377|-1.000000|-1.000000|0.000000|-1|-1|0|1|-1|-1
1120|628|43|HOH|A|575|1|0|000|19.215733|-1.000000|-1.000000|0.000000|-1|-1|0|1|-1|-1
1120|629|43|HOH|A|576|1|0|000|17.447758|-1.000000|-1.000000|0.000000|-1|-1|0|1|-1|-1
1120|630|43|HOH|A|577|1|0|000|15.497410|-1.000000|-1.000000|0.000000|-1|-1|0|1|-1|-1
1120|631|43|HOH|A|578|1|0|000|20.078886|-1.000000|-1.000000|0.000000|-1|-1|0|1|-1|-1
1120|632|43|HOH|A|579|1|0|000|21.398985|-1.000000|-1.000000|0.000000|-1|-1|0|1|-1|-1
1120|633|43|HOH|A|580|1|0|000|23.024643|-1.000000|-1.000000|0.000000|-1|-1|0|1|-1|-1
1120|634|43|HOH|A|581|1|0|000|24.400137|-1.000000|-1.000000|0.000000|-1|-1|0|1|-1|-1
1120|635|43|HOH|A|582|1|0|000|15.862871|-1.000000|-1.000000|0.000000|-1|-1|0|1|-1|-1
1120|636|43|HOH|A|583|1|0|000|13.033161|-1.000000|-1.000000|0.000000|-1|-1|0|1|-1|-1
1120|637|43|HOH|A|584|1|0|000|20.708208|-1.000000|-1.000000|0.000000|-1|-1|0|1|-1|-1
1120|638|43|HOH|A|585|1|0|000|25.692348|-1.000000|-1.000000|0.000000|-1|-1|0|1|-1|-1
1120|639|43|HOH|A|586|1|0|000|22.068550|-1.000000|-1.000000|0.000000|-1|-1|0|1|-1|-1
1120|640|43|HOH|A|587|1|0|000|22.031807|-1.000000|-1.000000|0.000000|-1|-1|0|1|-1|-1
1120|641|43|HOH|A|588|1|0|000|23.942511|-1.000000|-1.000000|0.000000|-1|-1|0|1|-1|-1
1120|642|43|HOH|A|589|1|0|000|17.560328|-1.000000|-1.000000|0.000000|-1|-1|0|1|-1|-1
1120|643|43|HOH|A|590|1|0|000|20.979723|-1.000000|-1.000000|0.000000|-1|-1|0|1|-1|-1
1120|644|43|HOH|A|591|1|0|000|24.289024|-1.000000|-1.000000|0.000000|-1|-1|0|1|-1|-1
1120|645|43|HOH|A|592|1|0|000|19.082096|-1.000000|-1.000000|0.000000|-1|-1|0|1|-1|-1
1120|646|43|HOH|A|593|1|0|000|20.471201|-1.000000|-1.000000|0.000000|-1|-1|0|1|-1|-1
1120|647|43|HOH|A|594|1|0|000|20.443186|-1.000000|-1.000000|0.000000|-1|-1|0|1|-1|-1
1120|648|43|HOH|A|595|1|0|000|18.967628|-1.000000|-1.000000|0.000000|-1|-1|0|1|-1|-1
1120|649|43|HOH|A|596|1|0|000|16.727392|-1.000000|-1.000000|0.000000|-1|-1|0|1|-1|-1
1120|650|43|HOH|A|597|1|0|000|20.300697|-1.000000|-1.000000|0.000000|-1|-1|0|1|-1|-1
1120|651|43|HOH|A|598|1|0|000|23.850807|-1.000000|-1.000000|0.000000|-1|-1|0|1|-1|-1
1120|652|43|HOH|A|599|1|0|000|19.907986|-1.000000|-1.000000|0.000000|-1|-1|0|1|-1|-1
1120|653|43|HOH|A|600|1|0|000|20.941921|-1.000000|-1.000000|0.000000|-1|-1|0|1|-1|-1
1120|654|43|HOH|A|601|1|0|000|18.574018|-1.000000|-1.000000|0.000000|-1|-1|0|1|-1|-1
1120|655|43|HOH|A|602|1|0|000|13.786746|-1.000000|-1.000000|0.000000|-1|-1|0|1|-1|-1
1120|656|43|HOH|A|603|1|0|000|27.441296|-1.000000|-1.000000|0.000000|-1|-1|0|1|-1|-1
1120|657|43|HOH|A|604|1|0|000|11.524693|-1.000000|-1.000000|0.000000|-1|-1|0|1|-1|-1
1120|658|43|HOH|A|605|1|0|000|15.756725|-1.000000|-1.000000|0.000000|-1|-1|0|1|-1|-1
1120|659|43|HOH|A|606|1|0|000|22.538815|-1.000000|-1.000000|0.000000|-1|-1|0|1|-1|-1
1120|660|43|HOH|A|607|1|0|000|16.716917|-1.000000|-1.000000|0.000000|-1|-1|0|1|-1|-1
1120|661|43|HOH|A|608|1|0|000|18.547895|-1.000000|-1.000000|0.000000|-1|-1|0|1|-1|-1
1120|662|43|HOH|A|609|1|0|000|20.221270|-1.000000|-1.000000|0.000000|-1|-1|0|1|-1|-1
1120|663|43|HOH|A|610|1|0|000|20.167818|-1.000000|-1.000000|0.000000|-1|-1|0|1|-1|-1
1120|664|43|HOH|A|611|1|0|000|17.444471|-1.000000|-1.000000|0.000000|-1|-1|0|1|-1|-1
1120|665|43|HOH|A|612|1|0|000|22.410797|-1.000000|-1.000000|0.000000|-1|-1|0|1|-1|-1
1120|666|43|HOH|A|613|1|0|000|26.652740|-1.000000|-1.000000|0.000000|-1|-1|0|1|-1|-1
1120|667|43|HOH|A|614|1|0|000|26.319859|-1.000000|-1.000000|0.000000|-1|-1|0|1|-1|-1
1120|668|43|HOH|A|615|1|0|000|16.447163|-1.000000|-1.000000|0.000000|-1|-1|0|1|-1|-1
1120|669|43|HOH|A|616|1|0|000|19.370611|-1.000000|-1.000000|0.000000|-1|-1|0|1|-1|-1
1120|670|43|HOH|A|617|1|0|000|23.204128|-1.000000|-1.000000|0.000000|-1|-1|0|1|-1|-1
1120|671|43|HOH|A|618|1|0|000|23.361877|-1.000000|-1.000000|0.000000|-1|-1|0|1|-1|-1
1120|672|43|HOH|A|619|1|0|000|14.036925|-1.000000|-1.000000|0.000000|-1|-1|0|1|-1|-1
1120|673|43|HOH|A|620|1|0|000|18.852589|-1.000000|-1.000000|0.000000|-1|-1|0|1|-1|-1
1120|674|43|HOH|A|621|1|0|000|16.085638|-1.000000|-1.000000|0.000000|-1|-1|0|1|-1|-1
1120|675|43|HOH|A|622|1|0|000|17.001091|-1.000000|-1.000000|0.000000|-1|-1|0|1|-1|-1
1120|676|43|HOH|A|623|1|0|000|24.703058|-1.000000|-1.000000|0.000000|-1|-1|0|1|-1|-1
1120|677|43|HOH|A|624|1|0|000|18.734444|-1.000000|-1.000000|0.000000|-1|-1|0|1|-1|-1
1120|678|43|HOH|A|625|1|0|000|20.160824|-1.000000|-1.000000|0.000000|-1|-1|0|1|-1|-1
1120|679|43|HOH|A|626|1|0|000|19.117334|-1.000000|-1.000000|0.000000|-1|-1|0|1|-1|-1
1120|680|43|HOH|A|627|1|0|000|21.282619|-1.000000|-1.000000|0.000000|-1|-1|0|1|-1|-1
1120|681|43|HOH|A|628|1|0|000|16.737261|-1.000000|-1.000000|0.000000|-1|-1|0|1|-1|-1
1120|682|43|HOH|A|629|1|0|000|20.015270|-1.000000|-1.000000|0.000000|-1|-1|0|1|-1|-1
1120|683|43|HOH|A|630|1|0|000|21.194464|-1.000000|-1.000000|0.000000|-1|-1|0|1|-1|-1
1120|684|43|HOH|A|631|1|0|000|14.795470|-1.000000|-1.000000|0.000000|-1|-1|0|1|-1|-1
1120|685|43|HOH|A|632|1|0|000|21.534050|-1.000000|-1.000000|0.000000|-1|-1|0|1|-1|-1
1120|686|43|HOH|A|633|1|0|000|21.245653|-1.000000|-1.000000|0.000000|-1|-1|0|1|-1|-1
1120|687|43|HOH|A|634|2|0|000|19.480318|-1.000000|-1.000000|0.000000|-1|-1|0|1|-1|-1
1120|688|43|HOH|B|401|1|0|000|15.832753|-1.000000|-1.000000|0.000000|-1|-1|0|7|-1|-1
1120|689|43|HOH|B|402|1|0|000|11.324466|-1.000000|-1.000000|0.000000|-1|-1|0|7|-1|-1
1120|690|43|HOH|B|403|1|0|000|9.477459|-1.000000|-1.000000|0.000000|-1|-1|0|7|-1|-1
1120|691|43|HOH|B|404|1|0|000|8.946396|-1.000000|-1.000000|0.000000|-1|-1|0|7|-1|-1
1120|692|43|HOH|B|405|1|0|000|14.170284|-1.000000|-1.000000|0.000000|-1|-1|0|7|-1|-1
1120|693|43|HOH|B|406|1|0|000|12.291191|-1.000000|-1.000000|0.000000|-1|-1|0|7|-1|-1
1120|694|43|HOH|B|407|1|0|000|15.464527|-1.000000|-1.000000|0.000000|-1|-1|0|7|-1|-1
1120|695|43|HOH|B|408|1|0|000|17.442461|-1.000000|-1.000000|0.000000|-1|-1|0|7|-1|-1
1120|696|43|HOH|B|409|1|0|000|15.211895|-1.000000|-1.000000|0.000000|-1|-1|0|7|-1|-1
1120|697|43|HOH|B|410|1|0|000|13.570531|-1.000000|-1.000000|0.000000|-1|-1|0|7|-1|-1
1120|698|43|HOH|B|411|1|0|000|17.032270|-1.000000|-1.000000|0.000000|-1|-1|0|7|-1|-1
1120|699|43|HOH|B|412|1|0|000|15.332175|-1.000000|-1.000000|0.000000|-1|-1|0|7|-1|-1
1120|700|43|HOH|B|413|1|0|000|13.348519|-1.000000|-1.000000|0.000000|-1|-1|0|7|-1|-1
1120|701|43|HOH|B|414|1|0|000|15.886393|-1.000000|-1.000000|0.000000|-1|-1|0|7|-1|-1
1120|702|43|HOH|B|415|1|0|000|20.017496|-1.000000|-1.000000|0.000000|-1|-1|0|7|-1|-1
1120|703|43|HOH|B|416|1|0|000|15.494951|-1.000000|-1.000000|0.000000|-1|-1|0|7|-1|-1
1120|704|43|HOH|B|417|1|0|000|16.806572|-1.000000|-1.000000|0.000000|-1|-1|0|7|-1|-1
1120|705|43|HOH|B|418|1|0|000|17.585228|-1.000000|-1.000000|0.000000|-1|-1|0|7|-1|-1
1120|706|43|HOH|B|419|1|0|000|19.478600|-1.000000|-1.000000|0.000000|-1|-1|0|7|-1|-1
1120|707|43|HOH|B|420|1|0|000|21.381580|-1.000000|-1.000000|0.000000|-1|-1|0|7|-1|-1
1120|708|43|HOH|B|421|1|0|000|20.954365|-1.000000|-1.000000|0.000000|-1|-1|0|7|-1|-1
1120|709|43|HOH|B|422|1|0|000|12.712591|-1.000000|-1.000000|0.000000|-1|-1|0|7|-1|-1
1120|710|43|HOH|B|423|1|0|000|16.188318|-1.000000|-1.000000|0.000000|-1|-1|0|7|-1|-1
1120|711|43|HOH|B|424|1|0|000|15.039463|-1.000000|-1.000000|0.000000|-1|-1|0|7|-1|-1
1120|712|43|HOH|B|425|1|0|000|9.960969|-1.000000|-1.000000|0.000000|-1|-1|0|7|-1|-1
1120|713|43|HOH|B|426|1|0|000|17.141537|-1.000000|-1.000000|0.000000|-1|-1|0|7|-1|-1
1120|714|43|HOH|B|427|1|0|000|17.484909|-1.000000|-1.000000|0.000000|-1|-1|0|7|-1|-1
1120|715|43|HOH|B|428|1|0|000|15.228523|-1.000000|-1.000000|0.000000|-1|-1|0|7|-1|-1
1120|716|43|HOH|B|429|1|0|000|15.018112|-1.000000|-1.000000|0.000000|-1|-1|0|7|-1|-1
1120|717|43|HOH|B|430|1|0|000|16.235348|-1.000000|-1.000000|0.000000|-1|-1|0|7|-1|-1
1120|718|43|HOH|B|431|1|0|000|20.685102|-1.000000|-1.000000|0.000000|-1|-1|0|7|-1|-1
1120|719|43|HOH|B|432|1|0|000|18.777908|-1.000000|-1.000000|0.000000|-1|-1|0|7|-1|-1
1120|720|43|HOH|B|433|1|0|000|17.626976|-1.000000|-1.000000|0.000000|-1|-1|0|7|-1|-1
1120|721|43|HOH|B|434|1|0|000|14.559836|-1.000000|-1.000000|0.000000|-1|-1|0|7|-1|-1
1120|722|43|HOH|B|435|1|0|000|11.866682|-1.000000|-1.000000|0.000000|-1|-1|0|7|-1|-1
1120|723|43|HOH|B|436|1|0|000|16.004827|-1.000000|-1.000000|0.000000|-1|-1|0|7|-1|-1
1120|724|43|HOH|B|437|1|0|000|19.912365|-1.000000|-1.000000|0.000000|-1|-1|0|7|-1|-1
1120|725|43|HOH|B|438|1|0|000|12.968036|-1.000000|-1.000000|0.000000|-1|-1|0|7|-1|-1
1120|726|43|HOH|B|439|1|0|000|21.246611|-1.000000|-1.000000|0.000000|-1|-1|0|7|-1|-1
1120|727|43|HOH|B|440|1|0|000|21.215055|-1.000000|-1.000000|0.000000|-1|-1|0|7|-1|-1
1120|728|43|HOH|B|441|1|0|000|17.845409|-1.000000|-1.000000|0.000000|-1|-1|0|7|-1|-1
1120|729|43|HOH|B|442|1|0|000|16.964500|-1.000000|-1.000000|0.000000|-1|-1|0|7|-1|-1
1120|730|43|HOH|B|443|1|0|000|14.964666|-1.000000|-1.000000|0.000000|-1|-1|0|7|-1|-1
1120|731|43|HOH|B|444|1|0|000|15.299418|-1.000000|-1.000000|0.000000|-1|-1|0|7|-1|-1
1120|732|43|HOH|B|445|1|0|000|14.865918|-1.000000|-1.000000|0.000000|-1|-1|0|7|-1|-1
1120|733|43|HOH|B|446|1|0|000|18.174221|-1.000000|-1.000000|0.000000|-1|-1|0|7|-1|-1
1120|734|43|HOH|B|447|1|0|000|20.009720|-1.000000|-1.000000|0.000000|-1|-1|0|7|-1|-1
1120|735|43|HOH|B|448|1|0|000|22.329252|-1.000000|-1.000000|0.000000|-1|-1|0|7|-1|-1
1120|736|43|HOH|B|449|1|0|000|11.232928|-1.000000|-1.000000|0.000000|-1|-1|0|7|-1|-1
1120|737|43|HOH|B|450|1|0|000|20.238144|-1.000000|-1.000000|0.000000|-1|-1|0|7|-1|-1
1120|738|43|HOH|B|451|1|0|000|16.489372|-1.000000|-1.000000|0.000000|-1|-1|0|7|-1|-1
1120|739|43|HOH|B|452|1|0|000|22.385368|-1.000000|-1.000000|0.000000|-1|-1|0|7|-1|-1
1120|740|43|HOH|B|453|1|0|000|16.223951|-1.000000|-1.000000|0.000000|-1|-1|0|7|-1|-1
1120|741|43|HOH|B|454|1|0|000|21.636948|-1.000000|-1.000000|0.000000|-1|-1|0|7|-1|-1
1120|742|43|HOH|B|455|1|0|000|18.900997|-1.000000|-1.000000|0.000000|-1|-1|0|7|-1|-1
1120|743|43|HOH|B|456|1|0|000|20.397787|-1.000000|-1.000000|0.000000|-1|-1|0|7|-1|-1
1120|744|43|HOH|B|457|1|0|000|12.984980|-1.000000|-1.000000|0.000000|-1|-1|0|7|-1|-1
1120|745|43|HOH|B|458|1|0|000|18.783968|-1.000000|-1.000000|0.000000|-1|-1|0|7|-1|-1
1120|746|43|HOH|B|459|1|0|000|24.581364|-1.000000|-1.000000|0.000000|-1|-1|0|7|-1|-1
1120|747|43|HOH|B|460|1|0|000|19.620649|-1.000000|-1.000000|0.000000|-1|-1|0|7|-1|-1
1120|748|43|HOH|B|461|1|0|000|18.154762|-1.000000|-1.000000|0.000000|-1|-1|0|7|-1|-1
1120|749|43|HOH|B|462|1|0|000|22.668053|-1.000000|-1.000000|0.000000|-1|-1|0|7|-1|-1
1120|750|43|HOH|B|463|1|0|000|18.600439|-1.000000|-1.000000|0.000000|-1|-1|0|7|-1|-1
1120|751|43|HOH|B|464|1|0|000|14.445227|-1.000000|-1.000000|0.000000|-1|-1|0|7|-1|-1
1120|752|43|HOH|B|465|1|0|000|19.805355|-1.000000|-1.000000|0.000000|-1|-1|0|7|-1|-1
1120|753|43|HOH|B|466|1|0|000|22.041931|-1.000000|-1.000000|0.000000|-1|-1|0|7|-1|-1
1120|754|43|HOH|B|467|1|0|000|16.924881|-1.000000|-1.000000|0.000000|-1|-1|0|7|-1|-1
1120|755|43|HOH|B|468|1|0|000|15.556851|-1.000000|-1.000000|0.000000|-1|-1|0|7|-1|-1
1120|756|43|HOH|B|469|1|0|000|18.037846|-1.000000|-1.000000|0.000000|-1|-1|0|7|-1|-1
1120|757|43|HOH|B|470|1|0|000|19.535398|-1.000000|-1.000000|0.000000|-1|-1|0|7|-1|-1
1120|758|43|HOH|B|471|1|0|000|16.229797|-1.000000|-1.000000|0.000000|-1|-1|0|7|-1|-1
1120|759|43|HOH|B|472|1|0|000|13.891664|-1.000000|-1.000000|0.000000|-1|-1|0|7|-1|-1
1120|760|43|HOH|B|473|1|0|000|16.723183|-1.000000|-1.000000|0.000000|-1|-1|0|7|-1|-1
1120|761|43|HOH|B|474|1|0|000|19.163603|-1.000000|-1.000000|0.000000|-1|-1|0|7|-1|-1
1120|762|43|HOH|B|475|1|0|000|19.670513|-1.000000|-1.000000|0.000000|-1|-1|0|7|-1|-1
1120|763|43|HOH|B|476|1|0|000|19.824305|-1.000000|-1.000000|0.000000|-1|-1|0|7|-1|-1
1120|764|43|HOH|B|477|1|0|000|16.927887|-1.000000|-1.000000|0.000000|-1|-1|0|7|-1|-1
1120|765|43|HOH|B|478|1|0|000|23.626959|-1.000000|-1.000000|0.000000|-1|-1|0|7|-1|-1
1120|766|43|HOH|B|479|1|0|000|22.564690|-1.000000|-1.000000|0.000000|-1|-1|0|7|-1|-1
1120|767|43|HOH|B|480|1|0|000|24.685762|-1.000000|-1.000000|0.000000|-1|-1|0|7|-1|-1
1120|768|43|HOH|B|481|1|0|000|13.847035|-1.000000|-1.000000|0.000000|-1|-1|0|7|-1|-1
1120|769|43|HOH|B|482|1|0|000|19.148712|-1.000000|-1.000000|0.000000|-1|-1|0|7|-1|-1
1120|770|43|HOH|B|483|1|0|000|16.692627|-1.000000|-1.000000|0.000000|-1|-1|0|7|-1|-1
1120|771|43|HOH|B|484|1|0|000|18.650459|-1.000000|-1.000000|0.000000|-1|-1|0|7|-1|-1
1120|772|43|HOH|B|485|1|0|000|16.642847|-1.000000|-1.000000|0.000000|-1|-1|0|7|-1|-1
1120|773|43|HOH|B|486|1|0|000|18.951101|-1.000000|-1.000000|0.000000|-1|-1|0|7|-1|-1
1120|774|43|HOH|B|487|1|0|000|23.395391|-1.000000|-1.000000|0.000000|-1|-1|0|7|-1|-1
1120|775|43|HOH|B|488|1|0|000|17.118103|-1.000000|-1.000000|0.000000|-1|-1|0|7|-1|-1
1120|776|43|HOH|B|489|1|0|000|18.603645|-1.000000|-1.000000|0.000000|-1|-1|0|7|-1|-1
1120|777|43|HOH|B|490|1|0|000|21.397631|-1.000000|-1.000000|0.000000|-1|-1|0|7|-1|-1
1120|778|43|HOH|B|491|1|0|000|16.950935|-1.000000|-1.000000|0.000000|-1|-1|0|7|-1|-1
1120|779|43|HOH|B|492|1|0|000|19.241451|-1.000000|-1.000000|0.000000|-1|-1|0|7|-1|-1
1120|780|43|HOH|B|493|1|0|000|23.562916|-1.000000|-1.000000|0.000000|-1|-1|0|7|-1|-1
1120|781|43|HOH|B|494|1|0|000|19.891428|-1.000000|-1.000000|0.000000|-1|-1|0|7|-1|-1
1120|782|43|HOH|B|495|1|0|000|19.572552|-1.000000|-1.000000|0.000000|-1|-1|0|7|-1|-1
1120|783|43|HOH|B|496|1|0|000|17.666185|-1.000000|-1.000000|0.000000|-1|-1|0|7|-1|-1
1120|784|43|HOH|B|497|1|0|000|22.628263|-1.000000|-1.000000|0.000000|-1|-1|0|7|-1|-1
1120|785|43|HOH|B|498|1|0|000|24.553720|-1.000000|-1.000000|0.000000|-1|-1|0|7|-1|-1
1120|786|43|HOH|B|499|1|0|000|21.194761|-1.000000|-1.000000|0.000000|-1|-1|0|7|-1|-1
1120|787|43|HOH|B|500|1|0|000|20.238020|-1.000000|-1.000000|0.000000|-1|-1|0|7|-1|-1
1120|788|43|HOH|B|501|1|0|000|15.857037|-1.000000|-1.000000|0.000000|-1|-1|0|7|-1|-1
1120|789|43|HOH|B|502|1|0|000|17.091663|-1.000000|-1.000000|0.000000|-1|-1|0|7|-1|-1
1120|790|43|HOH|B|503|1|0|000|14.468719|-1.000000|-1.000000|0.000000|-1|-1|0|7|-1|-1
1120|791|43|HOH|B|504|1|0|000|23.252268|-1.000000|-1.000000|0.000000|-1|-1|0|7|-1|-1
1120|792|43|HOH|B|505|1|0|000|13.558170|-1.000000|-1.000000|0.000000|-1|-1|0|7|-1|-1
1120|793|43|HOH|B|506|1|0|000|22.757734|-1.000000|-1.000000|0.000000|-1|-1|0|7|-1|-1
1120|794|43|HOH|B|507|1|0|000|17.659992|-1.000000|-1.000000|0.000000|-1|-1|0|7|-1|-1
1120|795|43|HOH|B|508|1|0|000|13.278203|-1.000000|-1.000000|0.000000|-1|-1|0|7|-1|-1
1120|796|43|HOH|B|509|1|0|000|19.711319|-1.000000|-1.000000|0.000000|-1|-1|0|7|-1|-1
1120|797|43|HOH|B|510|1|0|000|20.467083|-1.000000|-1.000000|0.000000|-1|-1|0|7|-1|-1
1120|798|43|HOH|B|511|1|0|000|21.914921|-1.000000|-1.000000|0.000000|-1|-1|0|7|-1|-1
1120|799|43|HOH|B|512|1|0|000|18.143379|-1.000000|-1.000000|0.000000|-1|-1|0|7|-1|-1
1120|800|43|HOH|B|513|1|0|000|15.989841|-1.000000|-1.000000|0.000000|-1|-1|0|7|-1|-1
1120|801|43|HOH|B|514|1|0|000|15.440308|-1.000000|-1.000000|0.000000|-1|-1|0|7|-1|-1
1120|802|43|HOH|B|515|1|0|000|20.183470|-1.000000|-1.000000|0.000000|-1|-1|0|7|-1|-1
1120|803|43|HOH|B|516|1|0|000|18.754335|-1.000000|-1.000000|0.000000|-1|-1|0|7|-1|-1
1120|804|43|HOH|B|517|1|0|000|23.354940|-1.000000|-1.000000|0.000000|-1|-1|0|7|-1|-1
1120|805|43|HOH|B|518|1|0|000|19.481321|-1.000000|-1.000000|0.000000|-1|-1|0|7|-1|-1
1120|806|43|HOH|B|519|1|0|000|24.301208|-1.000000|-1.000000|0.000000|-1|-1|0|7|-1|-1
1120|807|43|HOH|B|520|1|0|000|16.425274|-1.000000|-1.000000|0.000000|-1|-1|0|7|-1|-1
1120|808|43|HOH|B|521|1|0|000|26.137163|-1.000000|-1.000000|0.000000|-1|-1|0|7|-1|-1
1120|809|43|HOH|B|522|1|0|000|18.112234|-1.000000|-1.000000|0.000000|-1|-1|0|7|-1|-1
1120|810|43|HOH|B|523|1|0|000|20.162748|-1.000000|-1.000000|0.000000|-1|-1|0|7|-1|-1
1120|811|43|HOH|B|524|1|0|000|24.436911|-1.000000|-1.000000|0.000000|-1|-1|0|7|-1|-1
1120|812|43|HOH|B|525|1|0|000|20.807854|-1.000000|-1.000000|0.000000|-1|-1|0|7|-1|-1
1120|813|43|HOH|B|526|1|0|000|19.406868|-1.000000|-1.000000|0.000000|-1|-1|0|7|-1|-1
1120|814|43|HOH|B|527|1|0|000|22.075848|-1.000000|-1.000000|0.000000|-1|-1|0|7|-1|-1
1120|815|43|HOH|B|528|1|0|000|18.240011|-1.000000|-1.000000|0.000000|-1|-1|0|7|-1|-1
1120|816|43|HOH|B|529|1|0|000|19.782932|-1.000000|-1.000000|0.000000|-1|-1|0|7|-1|-1
1120|817|43|HOH|B|530|1|0|000|19.244814|-1.000000|-1.000000|0.000000|-1|-1|0|7|-1|-1
1120|818|43|HOH|B|531|1|0|000|22.557693|-1.000000|-1.000000|0.000000|-1|-1|0|7|-1|-1
1120|819|43|HOH|B|532|1|0|000|16.927572|-1.000000|-1.000000|0.000000|-1|-1|0|7|-1|-1
1120|820|43|HOH|B|533|1|0|000|22.595200|-1.000000|-1.000000|0.000000|-1|-1|0|7|-1|-1
1120|821|43|HOH|B|534|1|0|000|19.980347|-1.000000|-1.000000|0.000000|-1|-1|0|7|-1|-1
1120|822|43|HOH|B|535|1|0|000|18.300482|-1.000000|-1.000000|0.000000|-1|-1|0|7|-1|-1
1120|823|43|HOH|B|536|1|0|000|20.044594|-1.000000|-1.000000|0.000000|-1|-1|0|7|-1|-1
1120|824|43|HOH|B|537|1|0|000|24.705275|-1.000000|-1.000000|0.000000|-1|-1|0|7|-1|-1
1120|825|43|HOH|B|538|1|0|000|18.745756|-1.000000|-1.000000|0.000000|-1|-1|0|7|-1|-1
1120|826|43|HOH|B|539|1|0|000|17.861271|-1.000000|-1.000000|0.000000|-1|-1|0|7|-1|-1
1120|827|43|HOH|B|540|1|0|000|10.075168|-1.000000|-1.000000|0.000000|-1|-1|0|7|-1|-1
1120|828|43|HOH|B|541|1|0|000|20.434967|-1.000000|-1.000000|0.000000|-1|-1|0|7|-1|-1
1120|829|43|HOH|B|542|1|0|000|17.476059|-1.000000|-1.000000|0.000000|-1|-1|0|7|-1|-1
1120|830|43|HOH|B|543|1|0|000|16.836700|-1.000000|-1.000000|0.000000|-1|-1|0|7|-1|-1
1120|831|43|HOH|B|544|1|0|000|19.881626|-1.000000|-1.000000|0.000000|-1|-1|0|7|-1|-1
1120|832|43|HOH|B|545|1|0|000|18.284716|-1.000000|-1.000000|0.000000|-1|-1|0|7|-1|-1
1120|833|43|HOH|B|546|1|0|000|23.746956|-1.000000|-1.000000|0.000000|-1|-1|0|7|-1|-1
1120|834|43|HOH|B|547|1|0|000|18.494482|-1.000000|-1.000000|0.000000|-1|-1|0|7|-1|-1
1120|835|43|HOH|B|548|1|0|000|18.111376|-1.000000|-1.000000|0.000000|-1|-1|0|7|-1|-1
1120|836|43|HOH|B|549|1|0|000|18.969217|-1.000000|-1.000000|0.000000|-1|-1|0|7|-1|-1
1120|837|43|HOH|B|550|1|0|000|23.892056|-1.000000|-1.000000|0.000000|-1|-1|0|7|-1|-1
1120|838|43|HOH|B|551|1|0|000|19.990156|-1.000000|-1.000000|0.000000|-1|-1|0|7|-1|-1
1120|839|43|HOH|B|552|1|0|000|17.397011|-1.000000|-1.000000|0.000000|-1|-1|0|7|-1|-1
1120|840|43|HOH|B|553|1|0|000|20.169796|-1.000000|-1.000000|0.000000|-1|-1|0|7|-1|-1
1120|841|43|HOH|B|554|1|0|000|21.219278|-1.000000|-1.000000|0.000000|-1|-1|0|7|-1|-1
1120|842|43|HOH|B|555|1|0|000|22.200890|-1.000000|-1.000000|0.000000|-1|-1|0|7|-1|-1
1120|843|43|HOH|B|556|1|0|000|16.670822|-1.000000|-1.000000|0.000000|-1|-1|0|7|-1|-1
1120|844|43|HOH|B|557|1|0|000|23.313612|-1.000000|-1.000000|0.000000|-1|-1|0|7|-1|-1
1120|845|43|HOH|B|558|1|0|000|17.624027|-1.000000|-1.000000|0.000000|-1|-1|0|7|-1|-1
1120|846|43|HOH|B|559|1|0|000|18.567968|-1.000000|-1.000000|0.000000|-1|-1|0|7|-1|-1
1120|847|43|HOH|B|560|1|0|000|22.863916|-1.000000|-1.000000|0.000000|-1|-1|0|7|-1|-1
1120|848|43|HOH|B|561|1|0|000|20.138453|-1.000000|-1.000000|0.000000|-1|-1|0|7|-1|-1
1120|849|43|HOH|B|562|1|0|000|24.560141|-1.000000|-1.000000|0.000000|-1|-1|0|7|-1|-1
1120|850|43|HOH|B|563|1|0|000|14.351604|-1.000000|-1.000000|0.000000|-1|-1|0|7|-1|-1
1120|851|43|HOH|B|564|1|0|000|16.589731|-1.000000|-1.000000|0.000000|-1|-1|0|7|-1|-1
1120|852|43|HOH|B|565|1|0|000|12.285519|-1.000000|-1.000000|0.000000|-1|-1|0|7|-1|-1
1120|853|43|HOH|B|566|1|0|000|25.330902|-1.000000|-1.000000|0.000000|-1|-1|0|7|-1|-1
1120|854|43|HOH|B|567|1|0|000|15.787772|-1.000000|-1.000000|0.000000|-1|-1|0|7|-1|-1
1120|855|43|HOH|B|568|1|0|000|17.381643|-1.000000|-1.000000|0.000000|-1|-1|0|7|-1|-1
1120|856|43|HOH|B|569|1|0|000|23.849253|-1.000000|-1.000000|0.000000|-1|-1|0|7|-1|-1
1120|857|43|HOH|B|570|1|0|000|25.306747|-1.000000|-1.000000|0.000000|-1|-1|0|7|-1|-1
1120|858|43|HOH|B|571|1|0|000|22.455719|-1.000000|-1.000000|0.000000|-1|-1|0|7|-1|-1
1120|859|43|HOH|B|572|1|0|000|13.372553|-1.000000|-1.000000|0.000000|-1|-1|0|7|-1|-1
1120|860|43|HOH|B|573|1|0|000|17.934978|-1.000000|-1.000000|0.000000|-1|-1|0|7|-1|-1
1120|861|43|HOH|B|574|1|0|000|23.279387|-1.000000|-1.000000|0.000000|-1|-1|0|7|-1|-1
1120|862|43|HOH|B|575|1|0|000|20.056917|-1.000000|-1.000000|0.000000|-1|-1|0|7|-1|-1
1120|863|43|HOH|B|576|1|0|000|18.784197|-1.000000|-1.000000|0.000000|-1|-1|0|7|-1|-1
1120|864|43|HOH|B|577|1|0|000|26.258505|-1.000000|-1.000000|0.000000|-1|-1|0|7|-1|-1
1120|865|43|HOH|B|578|1|0|000|18.154732|-1.000000|-1.000000|0.000000|-1|-1|0|7|-1|-1
1120|866|43|HOH|B|579|1|0|000|22.503059|-1.000000|-1.000000|0.000000|-1|-1|0|7|-1|-1
1120|867|43|HOH|B|580|1|0|000|20.683729|-1.000000|-1.000000|0.000000|-1|-1|0|7|-1|-1
1120|868|43|HOH|B|581|1|0|000|19.874195|-1.000000|-1.000000|0.000000|-1|-1|0|7|-1|-1
1120|869|43|HOH|B|582|1|0|000|21.166393|-1.000000|-1.000000|0.000000|-1|-1|0|7|-1|-1
1120|870|43|HOH|B|583|1|0|000|16.333509|-1.000000|-1.000000|0.000000|-1|-1|0|7|-1|-1
1120|871|43|HOH|B|584|1|0|000|17.928432|-1.000000|-1.000000|0.000000|-1|-1|0|7|-1|-1
1120|872|43|HOH|B|585|1|0|000|22.934929|-1.000000|-1.000000|0.000000|-1|-1|0|7|-1|-1
1120|873|43|HOH|B|586|1|0|000|11.713606|-1.000000|-1.000000|0.000000|-1|-1|0|7|-1|-1
1120|874|43|HOH|B|587|1|0|000|17.318556|-1.000000|-1.000000|0.000000|-1|-1|0|7|-1|-1
1120|875|43|HOH|B|588|1|0|000|20.208632|-1.000000|-1.000000|0.000000|-1|-1|0|7|-1|-1
1120|876|43|HOH|B|589|1|0|000|22.004845|-1.000000|-1.000000|0.000000|-1|-1|0|7|-1|-1
1120|877|43|HOH|B|590|1|0|000|21.461123|-1.000000|-1.000000|0.000000|-1|-1|0|7|-1|-1
1120|878|43|HOH|B|591|1|0|000|26.250217|-1.000000|-1.000000|0.000000|-1|-1|0|7|-1|-1
1120|879|43|HOH|B|592|1|0|000|19.642094|-1.000000|-1.000000|0.000000|-1|-1|0|7|-1|-1
1120|880|43|HOH|B|593|1|0|000|17.700054|-1.000000|-1.000000|0.000000|-1|-1|0|7|-1|-1
1120|881|43|HOH|B|594|1|0|000|17.770370|-1.000000|-1.000000|0.000000|-1|-1|0|7|-1|-1
1120|882|43|HOH|B|595|1|0|000|17.646568|-1.000000|-1.000000|0.000000|-1|-1|0|7|-1|-1
1120|883|43|HOH|B|596|1|0|000|20.363052|-1.000000|-1.000000|0.000000|-1|-1|0|7|-1|-1
1120|884|43|HOH|B|597|1|0|000|18.836908|-1.000000|-1.000000|0.000000|-1|-1|0|7|-1|-1
1120|885|43|HOH|B|598|1|0|000|22.547522|-1.000000|-1.000000|0.000000|-1|-1|0|7|-1|-1
1120|886|43|HOH|B|599|1|0|000|21.427900|-1.000000|-1.000000|0.000000|-1|-1|0|7|-1|-1
1120|887|43|HOH|B|600|1|0|000|20.626791|-1.000000|-1.000000|0.000000|-1|-1|0|7|-1|-1
1120|888|43|HOH|B|601|1|0|000|20.735462|-1.000000|-1.000000|0.000000|-1|-1|0|7|-1|-1
1120|889|43|HOH|B|602|1|0|000|21.152962|-1.000000|-1.000000|0.000000|-1|-1|0|7|-1|-1
1120|890|43|HOH|B|603|1|0|000|15.631344|-1.000000|-1.000000|0.000000|-1|-1|0|7|-1|-1
1120|891|43|HOH|B|604|1|0|000|18.651718|-1.000000|-1.000000|0.000000|-1|-1|0|7|-1|-1
1120|892|43|HOH|B|605|1|0|000|21.287045|-1.000000|-1.000000|0.000000|-1|-1|0|7|-1|-1
1120|893|43|HOH|B|606|1|0|000|16.047710|-1.000000|-1.000000|0.000000|-1|-1|0|7|-1|-1
1120|894|43|HOH|B|607|1|0|000|17.057198|-1.000000|-1.000000|0.000000|-1|-1|0|7|-1|-1
1120|895|43|HOH|B|608|1|0|000|20.466331|-1.000000|-1.000000|0.000000|-1|-1|0|7|-1|-1
1120|896|43|HOH|B|609|1|0|000|22.623697|-1.000000|-1.000000|0.000000|-1|-1|0|7|-1|-1
1120|897|43|HOH|B|610|1|0|000|13.556744|-1.000000|-1.000000|0.000000|-1|-1|0|7|-1|-1
1120|898|43|HOH|B|611|1|0|000|21.244411|-1.000000|-1.000000|0.000000|-1|-1|0|7|-1|-1
1120|899|43|HOH|B|612|1|0|000|13.248584|-1.000000|-1.000000|0.000000|-1|-1|0|7|-1|-1
1120|900|43|HOH|B|613|1|0|000|18.595011|-1.000000|-1.000000|0.000000|-1|-1|0|7|-1|-1
1120|901|43|HOH|B|614|1|0|000|17.727718|-1.000000|-1.000000|0.000000|-1|-1|0|7|-1|-1
1120|902|43|HOH|B|615|1|0|000|16.867529|-1.000000|-1.000000|0.000000|-1|-1|0|7|-1|-1
1120|903|43|HOH|B|616|1|0|000|20.885660|-1.000000|-1.000000|0.000000|-1|-1|0|7|-1|-1
1120|904|43|HOH|B|617|1|0|000|18.194990|-1.000000|-1.000000|0.000000|-1|-1|0|7|-1|-1
1120|905|43|HOH|B|618|1|0|000|20.767029|-1.000000|-1.000000|0.000000|-1|-1|0|7|-1|-1
1120|906|43|HOH|B|619|1|0|000|23.130102|-1.000000|-1.000000|0.000000|-1|-1|0|7|-1|-1
1120|907|43|HOH|B|620|1|0|000|18.046303|-1.000000|-1.000000|0.000000|-1|-1|0|7|-1|-1
1120|908|43|HOH|B|621|1|0|000|20.118750|-1.000000|-1.000000|0.000000|-1|-1|0|7|-1|-1
1120|909|43|HOH|B|622|1|0|000|18.690268|-1.000000|-1.000000|0.000000|-1|-1|0|7|-1|-1
1120|910|43|HOH|B|623|1|0|000|19.083967|-1.000000|-1.000000|0.000000|-1|-1|0|7|-1|-1
1120|911|43|HOH|B|624|1|0|000|22.041838|-1.000000|-1.000000|0.000000|-1|-1|0|7|-1|-1
1120|912|43|HOH|B|625|1|0|000|22.742908|-1.000000|-1.000000|0.000000|-1|-1|0|7|-1|-1
1120|913|43|HOH|B|626|1|0|000|22.363590|-1.000000|-1.000000|0.000000|-1|-1|0|7|-1|-1
1120|914|43|HOH|B|627|1|0|000|16.592417|-1.000000|-1.000000|0.000000|-1|-1|0|7|-1|-1
1120|915|43|HOH|B|628|1|0|000|22.268148|-1.000000|-1.000000|0.000000|-1|-1|0|7|-1|-1
1120|916|43|HOH|B|629|1|0|000|19.474455|-1.000000|-1.000000|0.000000|-1|-1|0|7|-1|-1
1120|917|43|HOH|B|630|1|0|000|20.186703|-1.000000|-1.000000|0.000000|-1|-1|0|7|-1|-1
1120|918|43|HOH|B|631|1|0|000|25.598047|-1.000000|-1.000000|0.000000|-1|-1|0|7|-1|-1
1120|919|43|HOH|B|632|1|0|000|15.323314|-1.000000|-1.000000|0.000000|-1|-1|0|7|-1|-1
1120|920|43|HOH|B|633|1|0|000|16.833521|-1.000000|-1.000000|0.000000|-1|-1|0|7|-1|-1
1120|921|43|HOH|B|634|1|0|000|20.375551|-1.000000|-1.000000|0.000000|-1|-1|0|7|-1|-1
1120|922|43|HOH|B|635|1|0|000|17.490969|-1.000000|-1.000000|0.000000|-1|-1|0|7|-1|-1
1120|923|43|HOH|B|636|1|0|000|21.158297|-1.000000|-1.000000|0.000000|-1|-1|0|7|-1|-1
1120|924|43|HOH|B|637|1|0|000|21.730371|-1.000000|-1.000000|0.000000|-1|-1|0|7|-1|-1
1120|925|43|HOH|B|638|1|0|000|15.901525|-1.000000|-1.000000|0.000000|-1|-1|0|7|-1|-1
1120|926|43|HOH|B|639|1|0|000|20.349268|-1.000000|-1.000000|0.000000|-1|-1|0|7|-1|-1
1120|927|43|HOH|B|640|1|0|000|21.731707|-1.000000|-1.000000|0.000000|-1|-1|0|7|-1|-1
1120|928|43|HOH|B|641|1|0|000|22.009621|-1.000000|-1.000000|0.000000|-1|-1|0|7|-1|-1
1120|929|43|HOH|B|642|1|0|000|21.105587|-1.000000|-1.000000|0.000000|-1|-1|0|7|-1|-1
1120|930|43|HOH|B|643|1|0|000|16.419750|-1.000000|-1.000000|0.000000|-1|-1|0|7|-1|-1
1120|931|43|HOH|B|644|1|0|000|14.942959|-1.000000|-1.000000|0.000000|-1|-1|0|7|-1|-1
1120|932|43|HOH|B|645|1|0|000|17.491690|-1.000000|-1.000000|0.000000|-1|-1|0|7|-1|-1
1120|933|43|HOH|B|646|1|0|000|17.669823|-1.000000|-1.000000|0.000000|-1|-1|0|7|-1|-1
1120|934|43|HOH|B|647|1|0|000|15.125437|-1.000000|-1.000000|0.000000|-1|-1|0|7|-1|-1
1120|935|43|HOH|B|648|1|0|000|24.129114|-1.000000|-1.000000|0.000000|-1|-1|0|7|-1|-1
1120|936|43|HOH|B|649|1|0|000|18.645689|-1.000000|-1.000000|0.000000|-1|-1|0|7|-1|-1
1120|937|43|HOH|B|650|1|0|000|24.017813|-1.000000|-1.000000|0.000000|-1|-1|0|7|-1|-1
1120|938|43|HOH|B|651|1|0|000|18.836876|-1.000000|-1.000000|0.000000|-1|-1|0|7|-1|-1
1120|939|43|HOH|B|652|1|0|000|12.040821|-1.000000|-1.000000|0.000000|-1|-1|0|7|-1|-1
1120|940|43|HOH|B|653|1|0|000|22.405191|-1.000000|-1.000000|0.000000|-1|-1|0|7|-1|-1
1120|941|43|HOH|B|654|1|0|000|25.559416|-1.000000|-1.000000|0.000000|-1|-1|0|7|-1|-1
1120|942|43|HOH|B|655|1|0|000|26.720039|-1.000000|-1.000000|0.000000|-1|-1|0|7|-1|-1
1120|943|43|HOH|B|656|1|0|000|14.882041|-1.000000|-1.000000|0.000000|-1|-1|0|7|-1|-1
1120|944|43|HOH|B|657|1|0|000|20.258520|-1.000000|-1.000000|0.000000|-1|-1|0|7|-1|-1
1120|945|43|HOH|B|658|1|0|000|21.538015|-1.000000|-1.000000|0.000000|-1|-1|0|7|-1|-1
1120|946|43|HOH|B|659|1|0|000|22.310371|-1.000000|-1.000000|0.000000|-1|-1|0|7|-1|-1
1120|947|43|HOH|B|660|1|0|000|16.187511|-1.000000|-1.000000|0.000000|-1|-1|0|7|-1|-1
1120|948|43|HOH|B|661|1|0|000|21.987230|-1.000000|-1.000000|0.000000|-1|-1|0|7|-1|-1
1120|949|43|HOH|B|662|1|0|000|21.501375|-1.000000|-1.000000|0.000000|-1|-1|0|7|-1|-1
1120|950|43|HOH|B|663|1|0|000|26.169329|-1.000000|-1.000000|0.000000|-1|-1|0|7|-1|-1
1120|951|43|HOH|B|664|1|0|000|23.354116|-1.000000|-1.000000|0.000000|-1|-1|0|7|-1|-1
1120|952|43|HOH|B|665|1|0|000|20.311115|-1.000000|-1.000000|0.000000|-1|-1|0|7|-1|-1
1120|953|43|HOH|B|666|1|0|000|17.262169|-1.000000|-1.000000|0.000000|-1|-1|0|7|-1|-1
1120|954|43|HOH|B|667|1|0|000|18.782837|-1.000000|-1.000000|0.000000|-1|-1|0|7|-1|-1
1120|955|43|HOH|B|668|1|0|000|20.574148|-1.000000|-1.000000|0.000000|-1|-1|0|7|-1|-1
1120|956|43|HOH|B|669|1|0|000|18.657686|-1.000000|-1.000000|0.000000|-1|-1|0|7|-1|-1
1120|957|43|HOH|B|670|1|0|000|23.831417|-1.000000|-1.000000|0.000000|-1|-1|0|7|-1|-1
1120|958|43|HOH|B|671|1|0|000|19.937544|-1.000000|-1.000000|0.000000|-1|-1|0|7|-1|-1
1120|959|43|HOH|B|672|1|0|000|18.732887|-1.000000|-1.000000|0.000000|-1|-1|0|7|-1|-1
1120|960|43|HOH|B|673|1|0|000|23.075096|-1.000000|-1.000000|0.000000|-1|-1|0|7|-1|-1
1120|961|43|HOH|B|674|1|0|000|24.642282|-1.000000|-1.000000|0.000000|-1|-1|0|7|-1|-1
1120|962|43|HOH|B|675|1|0|000|19.186323|-1.000000|-1.000000|0.000000|-1|-1|0|7|-1|-1
1120|963|43|HOH|B|676|1|0|000|22.150026|-1.000000|-1.000000|0.000000|-1|-1|0|7|-1|-1
1120|964|43|HOH|B|677|1|0|000|13.616533|-1.000000|-1.000000|0.000000|-1|-1|0|7|-1|-1
1120|965|43|HOH|B|678|1|0|000|21.468397|-1.000000|-1.000000|0.000000|-1|-1|0|7|-1|-1
1120|966|43|HOH|B|679|1|0|000|17.127886|-1.000000|-1.000000|0.000000|-1|-1|0|7|-1|-1
1120|967|43|HOH|B|680|1|0|000|18.157080|-1.000000|-1.000000|0.000000|-1|-1|0|7|-1|-1
1120|968|43|HOH|B|681|1|0|000|15.340394|-1.000000|-1.000000|0.000000|-1|-1|0|7|-1|-1
1120|969|43|HOH|B|682|1|0|000|20.524361|-1.000000|-1.000000|0.000000|-1|-1|0|7|-1|-1
1120|970|43|HOH|B|683|1|0|000|15.030140|-1.000000|-1.000000|0.000000|-1|-1|0|7|-1|-1
1120|971|43|HOH|B|684|1|0|000|22.159353|-1.000000|-1.000000|0.000000|-1|-1|0|7|-1|-1
1120|972|43|HOH|B|685|1|0|000|20.638218|-1.000000|-1.000000|0.000000|-1|-1|0|7|-1|-1
1120|973|43|HOH|B|686|1|0|000|23.317522|-1.000000|-1.000000|0.000000|-1|-1|0|7|-1|-1
1120|974|43|HOH|B|687|1|0|000|19.762516|-1.000000|-1.000000|0.000000|-1|-1|0|7|-1|-1
1120|975|43|HOH|B|688|1|0|000|21.094593|-1.000000|-1.000000|0.000000|-1|-1|0|7|-1|-1
1120|976|43|HOH|B|689|1|0|000|21.036465|-1.000000|-1.000000|0.000000|-1|-1|0|7|-1|-1
1120|977|43|HOH|B|690|1|0|000|21.607101|-1.000000|-1.000000|0.000000|-1|-1|0|7|-1|-1
1120|978|43|HOH|B|691|1|0|000|21.004478|-1.000000|-1.000000|0.000000|-1|-1|0|7|-1|-1
1120|979|43|HOH|B|692|1|0|000|25.046532|-1.000000|-1.000000|0.000000|-1|-1|0|7|-1|-1
1120|980|43|HOH|B|693|1|0|000|18.958477|-1.000000|-1.000000|0.000000|-1|-1|0|7|-1|-1
1120|981|43|HOH|B|694|1|0|000|23.625135|-1.000000|-1.000000|0.000000|-1|-1|0|7|-1|-1
1120|982|43|HOH|B|695|1|0|000|20.064045|-1.000000|-1.000000|0.000000|-1|-1|0|7|-1|-1
1120|983|43|HOH|B|696|1|0|000|17.511171|-1.000000|-1.000000|0.000000|-1|-1|0|7|-1|-1
1120|984|43|HOH|B|697|1|0|000|21.112461|-1.000000|-1.000000|0.000000|-1|-1|0|7|-1|-1
1120|985|43|HOH|B|698|1|0|000|16.809418|-1.000000|-1.000000|0.000000|-1|-1|0|7|-1|-1
1120|986|43|HOH|B|699|1|0|000|19.991680|-1.000000|-1.000000|0.000000|-1|-1|0|7|-1|-1
1120|987|43|HOH|B|700|1|0|000|18.607090|-1.000000|-1.000000|0.000000|-1|-1|0|7|-1|-1
1120|988|43|HOH|B|701|2|0|000|19.245975|-1.000000|-1.000000|0.000000|-1|-1|0|7|-1|-1
1120|989|43|HOH|B|702|2|0|000|17.101252|-1.000000|-1.000000|0.000000|-1|-1|0|7|-1|-1
