393|0|0|28|VAL|GLU|525|0|443|-N--|-OE2|110|0001|555|0|2.645653|-0.424000|0.696000|-2.517000|0.010049
393|1|0|1|VAL|ASP|521|2|18|-C--|-N--|301|0001|555|0|1.319100|0.159000|0.712000|1.099000|0.141575
393|2|32|0|GLY|VAL|105|509|0|-O--|-N--|401|0001|555|0|3.407996|-1.111000|2.204000|2.350000|1.151729
393|3|0|2|VAL|MET|517|3|36|-O--|-SD-|416|0001|555|0|3.824649|-3.638000|-0.842000|0.827000|0.248982
393|4|0|61|VAL|LEU|507|6|975|-CG2|-CD1|606|0001|555|0|3.653930|-1.428000|1.662000|-2.924000|0.591608
393|5|0|18|VAL|HIS|533|5|284|-CG1|-CD2|612|0001|555|0|3.315002|-2.507000|-1.592000|-1.473000|4.197813
393|6|0|20|VAL|PHE|535|5|321|-CG1|-CZ-|612|0001|555|0|3.724741|-2.226000|2.939000|0.530000|2.071731
393|7|0|65|VAL|LEU|507|6|1032|-CG2|-CD2|606|0001|555|0|3.764193|3.086000|1.295000|-1.723000|6.811914
393|8|2|1|MET|ASP|1721|30|20|-N--|-C--|103|0001|555|0|1.318469|0.474000|0.818000|-0.919000|0.276000
393|9|3|1|SER|ASP|1121|47|24|-N--|-OD1|110|0001|555|0|2.776904|1.806000|1.769000|-1.148999|5.658783
393|10|1|20|ASP|PHE|2135|21|319|-O--|-CE1|412|0001|555|0|3.941480|-2.078000|2.933000|-1.617000|6.140800
393|11|1|4|ASP|ASN|2123|24|58|-OD1|-N--|1001|0001|555|0|2.869494|-2.480000|0.855000|1.163000|7.870978
393|12|3|2|SER|MET|1117|47|32|-N--|-C--|103|0001|555|0|1.319986|-0.831000|-0.924000|-0.445000|0.085981
393|13|5|2|VAL|MET|517|77|33|-CG1|-O--|604|0001|555|0|3.185017|1.878000|-1.005000|2.368000|0.097714
393|14|2|4|MET|ASN|1723|32|58|-C--|-N--|301|0001|555|0|3.581010|0.157000|3.548000|0.459001|0.174457
393|15|2|18|MET|HIS|1733|37|283|-CE-|-ND1|613|0001|555|0|3.502673|-0.314000|0.214000|-3.482000|10.472501
393|16|8|2|THR|MET|1317|131|37|-OG1|-CE-|1706|0001|555|0|3.441126|3.275000|-0.434000|0.963000|11.618182
393|17|3|4|SER|ASN|1123|49|58|-C--|-N--|301|0001|555|0|1.327507|0.276000|0.690000|-1.099999|0.174457
393|18|5|3|VAL|SER|511|72|49|-N--|-C--|103|0001|555|0|3.268793|1.942000|-0.551000|2.571000|0.903966
393|19|3|21|SER|LYS|1129|50|338|-O--|-CE-|406|0001|555|0|3.443556|-2.713000|1.978000|0.765000|0.010085
393|20|5|4|VAL|ASN|523|72|60|-N--|-C--|103|0001|555|0|1.324513|0.263000|1.229000|0.418000|0.054310
393|21|4|20|ASN|PHE|2335|61|315|-O--|-CB-|405|0001|555|0|3.087710|-0.395000|1.123000|-2.849000|0.198913
393|22|6|4|VAL|ASN|523|88|61|-N--|-O--|104|0001|555|0|3.963747|3.107000|2.412000|0.490000|0.297561
393|23|4|21|ASN|LYS|2329|61|331|-O--|-N--|401|0001|555|0|2.957940|-2.382000|1.628000|-0.651999|0.054464
393|24|5|6|VAL|VAL|505|74|88|-C--|-N--|301|0001|555|0|1.327077|-1.205000|0.297000|-0.470000|0.056098
393|25|5|20|VAL|PHE|535|73|317|-CA-|-CD1|212|0001|555|0|3.373167|1.829000|1.638000|-2.313000|0.010222
393|26|5|19|VAL|VAL|505|78|298|-CG2|-O--|604|0001|555|0|3.112450|-1.882000|2.447000|-0.397000|2.464000
393|27|5|7|VAL|LYS|529|78|107|-CG2|-O--|604|0001|555|0|3.544883|-3.069000|-0.019000|-1.774000|2.096411
393|28|5|21|VAL|LYS|529|75|338|-O--|-CE-|406|0001|555|0|3.973981|0.605000|2.738000|2.816000|1.231579
393|29|5|8|VAL|THR|513|78|131|-CG2|-OG1|617|0001|555|0|3.226007|-0.928000|-2.724000|-1.458000|2.681212
393|30|5|18|VAL|HIS|533|78|279|-CG2|-C--|603|0001|555|0|3.695311|-0.009000|1.203000|-3.494000|4.333913
393|31|6|7|VAL|LYS|529|90|104|-C--|-N--|301|0001|555|0|1.328497|0.042000|0.047000|-1.327001|0.113143
393|32|6|19|VAL|VAL|505|88|298|-N--|-O--|104|0001|555|0|2.846633|-0.462000|0.860000|-2.674000|0.070286
393|33|6|20|VAL|PHE|535|93|314|-CG1|-O--|604|0001|555|0|3.514046|1.756000|2.397000|-1.876000|1.773334
393|34|6|21|VAL|LYS|529|93|332|-CG1|-CA-|602|0001|555|0|3.715952|2.201000|2.869000|0.856000|1.233623
393|35|8|7|THR|LYS|1329|126|106|-N--|-C--|103|0001|555|0|1.312627|0.054000|1.283000|0.272000|0.010313
393|36|19|7|VAL|LYS|529|295|107|-N--|-O--|104|0001|555|0|2.646700|-1.835000|-1.414000|1.280000|0.370500
393|37|7|18|LYS|HIS|2933|107|279|-O--|-C--|403|0001|555|0|3.716892|3.060000|1.222000|-1.720000|0.271304
393|38|17|7|VAL|LYS|529|264|107|-O--|-O--|404|0001|555|0|3.816539|-1.337000|1.412000|3.284000|0.218400
393|39|7|9|LYS|TYR|2937|109|148|-CG-|-CE1|612|0001|555|0|3.487161|-1.379000|-0.225000|-3.195000|0.840000
393|40|8|9|THR|TYR|1337|128|140|-C--|-N--|301|0001|555|0|1.322624|-0.186000|0.367000|-1.257000|0.073846
393|41|17|8|VAL|THR|513|264|127|-O--|-CA-|402|0001|555|0|3.120874|-1.375000|-1.216000|2.524000|0.046400
393|42|8|18|THR|HIS|1333|132|283|-CG2|-ND1|613|0001|555|0|3.513368|3.274000|1.146000|-0.558000|0.000000
393|43|8|16|THR|LYS|1329|132|244|-CG2|-CG-|606|0001|555|0|3.447380|0.954000|-2.026000|-2.621000|0.550000
393|44|10|9|ASP|TYR|2137|161|142|-N--|-C--|103|0001|555|0|1.321654|0.581000|1.165000|0.228000|0.033462
393|45|17|9|VAL|TYR|537|264|140|-O--|-N--|401|0001|555|0|3.095416|-2.560000|-1.676000|0.468000|0.010400
393|46|11|9|LEU|TYR|737|180|143|-CD2|-O--|604|0001|555|0|3.384575|-0.388000|-0.971000|3.219000|0.778065
393|47|16|9|LYS|TYR|2937|244|143|-CG-|-O--|604|0001|555|0|3.574518|-3.076000|1.641000|-0.789000|0.745161
393|48|45|9|THR|TYR|1337|706|144|-CG2|-CB-|605|0001|555|0|3.514946|2.449000|-0.109000|2.519000|0.010313
393|49|51|9|ILE|TYR|937|800|149|-CD1|-CE2|612|0001|555|0|3.697386|1.568000|-0.479000|3.314000|0.113143
393|50|19|9|VAL|TYR|537|301|149|-CG2|-CE2|612|0001|555|0|3.283733|-2.873000|-1.302000|-0.913000|0.792572
393|51|11|10|LEU|ASP|721|173|163|-N--|-C--|103|0001|555|0|1.319109|-0.886000|-0.198000|0.957000|0.021481
393|52|10|46|ASP|ARG|2131|164|714|-O--|-N--|401|0001|555|0|2.885578|-2.823000|-0.412001|-0.433000|0.181212
393|53|45|10|THR|ASP|1321|701|164|-CA-|-O--|204|0001|555|0|3.231614|2.357000|-1.851000|1.209000|0.088846
393|54|10|12|ASP|GLN|2127|164|192|-O--|-N--|401|0001|555|0|3.991961|0.554000|-0.665000|-3.897000|0.070909
393|55|10|16|ASP|LYS|2129|167|247|-OD1|-NZ-|1014|0001|555|0|2.670902|1.518000|0.673000|2.092000|0.298077
393|56|11|12|LEU|GLN|727|175|192|-C--|-N--|301|0001|555|0|1.333998|-0.969000|0.058001|-0.915000|0.100645
393|57|11|15|LEU|SER|711|173|231|-N--|-O--|104|0001|555|0|3.017515|3.004000|-0.086000|-0.272000|0.010385
393|58|11|44|LEU|GLU|725|179|688|-CD1|-O--|604|0001|555|0|3.442518|-2.545000|-1.770000|-1.497000|1.176000
393|59|11|13|LEU|ASP|721|175|209|-C--|-N--|301|0001|555|0|2.998638|0.794000|-0.180000|-2.886000|0.400645
393|60|14|11|GLY|LEU|107|221|176|-N--|-O--|104|0001|555|0|2.948602|-2.210000|0.335000|1.923000|0.233143
393|61|11|45|LEU|THR|713|179|700|-CD1|-N--|601|0001|555|0|3.921968|-3.863000|-0.677000|-0.027000|2.367273
393|62|11|43|LEU|MET|717|179|672|-CD1|-CB-|605|0001|555|0|3.510880|-0.005000|2.995000|-1.832000|0.969231
393|63|17|11|VAL|LEU|507|261|180|-N--|-CD2|106|0001|555|0|3.361369|-2.074000|-0.835000|-2.510000|1.574500
393|64|11|16|LEU|LYS|729|180|240|-CD2|-CA-|602|0001|555|0|3.629938|2.869000|-1.333000|1.780000|1.370455
393|65|44|12|GLU|GLN|2527|693|200|-OE2|-NE2|1009|0001|555|0|2.875503|1.679000|-2.107000|1.005000|0.598356
393|66|13|12|ASP|GLN|2127|209|194|-N--|-C--|103|0001|555|0|1.324199|-0.798000|-1.051000|0.110000|0.031765
393|67|12|46|GLN|ARG|2731|193|723|-CA-|-NH1|207|0001|555|0|3.564776|-1.065000|-3.101000|1.399000|10.147501
393|68|14|12|GLY|GLN|127|221|194|-N--|-C--|103|0001|555|0|3.108061|-2.941000|0.081000|-1.002000|0.000000
393|69|45|12|THR|GLN|1327|703|197|-O--|-CG-|406|0001|555|0|3.507950|1.670000|-1.596000|-2.640000|1.712903
393|70|14|13|GLY|ASP|121|221|211|-N--|-C--|103|0001|555|0|1.321789|0.152000|0.265000|-1.286000|0.226667
393|71|15|13|SER|ASP|1121|233|216|-OG-|-OD2|1710|0001|555|0|2.661948|-1.381000|-0.473000|-2.226000|1.163297
393|72|14|15|GLY|SER|111|223|228|-C--|-N--|301|0001|555|0|1.323370|-0.197000|1.299999|-0.150000|0.175676
393|73|14|30|GLY|LYS|129|224|472|-O--|-NZ-|414|0001|555|0|2.782806|1.931000|-1.987000|-0.259000|8.160000
393|74|15|16|SER|LYS|1129|230|239|-C--|-N--|301|0001|555|0|1.320770|0.553000|0.880000|0.815000|0.021905
393|75|15|28|SER|GLU|1125|232|438|-CB-|-O--|504|0001|555|0|3.592095|1.970000|1.662000|2.502000|0.760976
393|76|15|35|SER|MET|1117|233|553|-OG-|-CE-|1706|0001|555|0|3.362260|1.453000|2.934000|0.765000|0.930222
393|77|17|16|VAL|LYS|529|261|241|-N--|-C--|103|0001|555|0|1.314244|1.043000|-0.715000|-0.358000|0.112000
393|78|16|30|LYS|LYS|2929|243|465|-CB-|-CA-|502|0001|555|0|3.503718|2.756000|-2.163000|0.044000|0.933214
393|79|29|16|ASN|LYS|2329|452|243|-C--|-CB-|305|0001|555|0|3.929672|-3.670000|0.385000|1.351000|0.590357
393|80|28|16|GLU|LYS|2529|438|242|-O--|-O--|404|0001|555|0|2.609246|-1.521000|0.400000|2.082000|0.430769
393|81|16|18|LYS|HIS|2933|242|285|-O--|-CE1|412|0001|555|0|3.717985|1.615000|-0.775000|3.258000|0.173333
393|82|17|18|VAL|HIS|533|263|277|-C--|-N--|301|0001|555|0|1.318218|1.057000|0.589000|0.523000|0.010476
393|83|17|27|VAL|MET|517|265|425|-CB-|-CE-|506|0001|555|0|3.237073|1.554000|0.461000|-2.802000|0.169655
393|84|26|17|GLY|VAL|105|414|262|-O--|-CA-|402|0001|555|0|3.717968|-2.919000|-2.280000|-0.323000|0.346956
393|85|17|19|VAL|VAL|505|264|295|-O--|-N--|401|0001|555|0|3.500042|0.498000|2.826000|2.004000|0.062500
393|86|17|25|VAL|MET|517|267|398|-CG2|-CB-|605|0001|555|0|3.514059|-0.172000|3.239000|1.352000|0.275294
393|87|19|18|VAL|HIS|533|295|279|-N--|-C--|103|0001|555|0|1.315709|1.225000|-0.192000|-0.440000|0.034500
393|88|26|18|GLY|HIS|133|411|280|-N--|-O--|104|0001|555|0|2.720692|-0.714000|-1.554000|2.116000|0.100645
393|89|18|20|HIS|PHE|3335|280|320|-O--|-CE2|412|0001|555|0|3.311086|2.606000|1.942000|0.633000|0.284516
393|90|25|18|MET|HIS|1733|395|280|-CA-|-O--|204|0001|555|0|3.591112|1.359000|-2.742000|1.879000|0.166452
393|91|28|18|GLU|HIS|2533|442|286|-OE1|-NE2|1013|0001|555|0|2.888164|-2.754000|-0.679000|0.544000|10.416924
393|92|29|18|ASN|HIS|2333|453|286|-O--|-NE2|413|0001|555|0|3.788565|-0.812000|2.646000|2.587000|0.609231
393|93|19|20|VAL|PHE|535|297|311|-C--|-N--|301|0001|555|0|1.311824|0.807000|1.023000|0.152000|0.058621
393|94|19|25|VAL|MET|517|300|399|-CG1|-CG-|606|0001|555|0|3.333363|0.725000|0.946000|-3.113000|0.031667
393|95|19|24|VAL|LYS|529|297|375|-C--|-O--|304|0001|555|0|3.527496|0.836000|2.953000|-1.739000|0.337931
393|96|23|19|GLY|VAL|105|368|300|-O--|-CG1|406|0001|555|0|3.822484|0.172000|-3.786000|0.498000|1.559649
393|97|24|20|LYS|PHE|2935|375|311|-O--|-N--|401|0001|555|0|2.702151|-0.029000|-1.930000|1.891000|0.216176
393|98|21|20|LYS|PHE|2935|331|313|-N--|-C--|103|0001|555|0|1.322021|-0.337000|-0.263000|-1.251000|0.067200
393|99|23|20|GLY|PHE|135|365|314|-N--|-O--|104|0001|555|0|2.852902|0.743000|-2.701000|0.540000|0.884210
393|100|22|20|ASP|PHE|2135|353|314|-N--|-O--|104|0001|555|0|3.120759|-0.930000|-2.547000|-1.545001|0.397895
393|101|26|20|GLY|PHE|135|411|320|-N--|-CE2|112|0001|555|0|3.359644|1.892000|0.388000|2.749000|0.125641
393|102|61|20|LEU|PHE|735|975|321|-CD1|-CZ-|612|0001|555|0|3.646020|-2.454000|-0.424000|2.663000|2.502500
393|103|22|21|ASP|LYS|2129|353|333|-N--|-C--|103|0001|555|0|1.327102|-0.873000|-0.663000|0.747999|0.020488
393|104|23|21|GLY|LYS|129|365|333|-N--|-C--|103|0001|555|0|3.055058|0.800000|-0.817000|2.833000|0.294512
393|105|23|22|GLY|ASP|121|365|355|-N--|-C--|103|0001|555|0|1.325215|0.254000|1.172000|0.564000|0.109524
393|106|22|24|ASP|LYS|2129|360|377|-OD2|-CG-|1006|0001|555|0|3.251283|0.447000|-1.370999|-2.914000|0.596739
393|107|23|24|GLY|LYS|129|367|372|-C--|-N--|301|0001|555|0|1.324706|1.314000|0.155000|-0.065000|0.307765
393|108|23|25|GLY|MET|117|368|399|-O--|-CG-|406|0001|555|0|3.963387|0.897000|-2.840000|-2.615000|1.716852
393|109|23|57|GLY|GLU|125|368|899|-O--|-OE2|410|0001|555|0|3.552933|1.766000|0.653000|-3.013000|5.833701
393|110|25|24|MET|LYS|1729|394|374|-N--|-C--|103|0001|555|0|1.317541|-0.061000|0.463000|1.232000|0.020755
393|111|57|24|GLU|LYS|2529|899|380|-OE2|-NZ-|1014|0001|555|0|2.646056|-0.818000|2.022000|1.498000|0.212384
393|112|24|60|LYS|ARG|2931|378|950|-CD-|-CG-|606|0001|555|0|3.451476|2.931000|-0.481000|-1.758000|1.553538
393|113|56|24|ASN|LYS|2329|880|378|-O--|-CD-|406|0001|555|0|3.193176|0.560000|-0.103000|3.142000|0.083423
393|114|25|57|MET|GLU|1725|394|899|-N--|-OE2|110|0001|555|0|3.060451|-1.390000|2.394000|-1.305000|18.767927
393|115|26|25|GLY|MET|117|411|396|-N--|-C--|103|0001|555|0|1.317670|-0.795000|0.912000|-0.522000|0.141026
393|116|25|27|MET|MET|1717|397|418|-O--|-N--|401|0001|555|0|3.534503|1.708000|-2.815000|-1.285000|0.900000
393|117|25|60|MET|ARG|1731|397|948|-O--|-O--|404|0001|555|0|3.441061|3.002000|1.456000|0.842000|1.800000
393|118|51|25|ILE|MET|917|799|401|-CG2|-CE-|606|0001|555|0|3.614516|3.251000|0.601000|1.461000|1.976756
393|119|25|43|MET|MET|1717|401|675|-CE-|-CE-|606|0001|555|0|3.740798|0.340000|-2.727000|-2.538000|0.568406
393|120|26|27|GLY|MET|117|413|418|-C--|-N--|301|0001|555|0|1.313873|0.163000|0.237000|-1.282000|0.097297
393|121|26|60|GLY|ARG|131|412|948|-CA-|-O--|204|0001|555|0|3.553643|1.239000|3.330000|-0.066000|5.400000
393|122|26|61|GLY|LEU|107|412|975|-CA-|-CD1|206|0001|555|0|3.877022|3.685000|0.007000|1.205000|3.114222
393|123|26|28|GLY|GLU|125|414|435|-O--|-N--|401|0001|555|0|3.391130|1.314000|-1.881000|-2.497000|0.010244
393|124|27|28|MET|GLU|1725|420|435|-C--|-N--|301|0001|555|0|1.319230|-0.220000|-1.272000|0.272000|0.056098
393|125|27|35|MET|MET|1717|421|549|-O--|-O--|404|0001|555|0|2.901516|0.652000|0.042000|-2.827000|0.610175
393|126|61|27|LEU|MET|717|976|421|-CD2|-O--|604|0001|555|0|3.484759|-1.921000|-1.759000|-2.315000|1.810176
393|127|27|53|MET|MET|1717|422|838|-CB-|-CE-|506|0001|555|0|3.079320|-1.198000|2.647000|-1.020000|0.369032
393|128|27|74|MET|CU1|1746|424|1156|-SD-|CU--|1640|0011|555|0|2.313624|-1.290000|1.660000|-0.966000|0.615238
393|129|27|37|MET|MET|1717|424|583|-SD-|-SD-|1616|0001|555|0|3.739272|-1.023000|1.551000|-3.245000|0.031233
393|130|27|43|MET|MET|1717|425|675|-CE-|-CE-|606|0001|555|0|3.562299|-3.239000|1.411000|-0.456000|0.471220
393|131|35|28|MET|GLU|1725|553|438|-CE-|-O--|604|0001|555|0|3.140617|-0.129000|-1.007000|2.972000|0.622222
393|132|29|28|ASN|GLU|2325|450|437|-N--|-C--|103|0001|555|0|1.308803|-0.849000|0.992000|0.090000|0.010204
393|133|28|33|GLU|LYS|2529|440|516|-CG-|-O--|604|0001|555|0|3.014530|1.455000|-1.326000|-2.283000|0.188444
393|134|32|28|GLY|GLU|125|507|442|-CA-|-OE1|210|0001|555|0|3.070851|-1.101000|2.849000|0.318000|2.141416
393|135|34|28|SER|GLU|1125|535|440|-N--|-CG-|106|0001|555|0|3.817828|-3.352000|0.196000|1.817000|0.468444
393|136|29|30|ASN|LYS|2329|452|464|-C--|-N--|301|0001|555|0|1.323802|-0.658000|-1.145000|0.092000|0.031579
393|137|29|33|ASN|LYS|2329|456|513|-OD1|-N--|801|0001|555|0|2.890116|1.949000|1.788000|1.165000|0.672660
393|138|29|31|ASN|PHE|2335|456|486|-OD1|-N--|801|0001|555|0|2.862393|-1.192000|-1.677000|1.990000|1.205454
393|139|32|29|GLY|ASN|123|506|456|-N--|-OD1|108|0001|555|0|2.840437|-0.297000|-0.374000|-2.800000|0.825882
393|140|30|31|LYS|PHE|2935|466|486|-C--|-N--|301|0001|555|0|1.321184|1.099000|-0.058000|-0.731000|0.076049
393|141|32|30|GLY|LYS|129|506|466|-N--|-C--|103|0001|555|0|3.267420|-2.588000|-1.993000|-0.079000|0.264444
393|142|32|31|GLY|PHE|135|506|488|-N--|-C--|103|0001|555|0|1.326868|0.464000|-1.180000|0.391000|0.281863
393|143|33|31|LYS|PHE|2935|513|488|-N--|-C--|103|0001|555|0|3.499265|-1.188000|-2.594000|2.026000|0.183486
393|144|32|33|GLY|LYS|129|508|513|-C--|-N--|301|0001|555|0|1.324874|-0.048000|-0.319000|-1.285000|0.097431
393|145|32|34|GLY|SER|111|509|535|-O--|-N--|401|0001|555|0|3.931110|0.210999|1.795000|-3.491000|0.096532
393|146|34|33|SER|LYS|1129|535|515|-N--|-C--|103|0001|555|0|1.320698|-0.776999|-1.067000|0.045000|0.170642
393|147|35|33|MET|LYS|1729|546|516|-N--|-O--|104|0001|555|0|3.034017|0.384000|-2.530000|1.630000|0.246512
393|148|34|35|SER|MET|1117|537|546|-C--|-N--|301|0001|555|0|1.321069|-1.282000|0.283000|-0.147000|0.203605
393|149|35|36|MET|ASN|1723|548|563|-C--|-N--|301|0001|555|0|1.316444|0.468000|0.604000|-1.072000|0.090492
393|150|35|37|MET|MET|1717|549|577|-O--|-N--|401|0001|555|0|3.868437|-1.136000|2.435000|-2.783000|0.827200
393|151|37|36|MET|ASN|1723|577|565|-N--|-C--|103|0001|555|0|1.323925|0.907000|-0.932000|-0.248000|0.010200
393|152|37|38|MET|PRO|1719|579|594|-C--|-N--|301|0001|555|0|1.341108|-0.264000|0.333000|-1.272000|0.103966
393|153|37|53|MET|MET|1717|582|836|-CG-|-CG-|606|0001|555|0|3.576917|-1.383000|2.383000|2.281000|0.000000
393|154|58|37|ILE|MET|917|910|580|-CB-|-O--|504|0001|555|0|3.463447|0.687000|-2.956000|-1.669000|7.351429
393|155|37|74|MET|CU1|1746|583|1156|-SD-|CU--|1640|0011|555|0|2.297175|-0.267000|0.109000|2.279000|0.538810
393|156|37|41|MET|LYS|1729|583|634|-SD-|-CB-|1605|0001|555|0|3.232855|-1.705000|0.715000|-2.651999|0.188793
393|157|37|43|MET|MET|1717|583|674|-SD-|-SD-|1616|0001|555|0|3.667284|-2.481000|-0.317000|2.682000|0.173220
393|158|38|39|PRO|GLU|1925|596|608|-C--|-N--|301|0001|555|0|1.323536|-0.472000|1.206000|-0.273000|0.053571
393|159|58|38|ILE|PRO|919|912|596|-CG2|-C--|603|0001|555|0|3.826901|-0.127000|-2.031000|-3.241000|9.933001
393|160|53|38|MET|PRO|1719|835|597|-CB-|-O--|504|0001|555|0|3.454650|1.963000|0.594000|-2.780000|0.127794
393|161|40|38|GLY|PRO|119|623|597|-N--|-O--|104|0001|555|0|3.800271|3.304000|-1.521000|1.101000|0.127794
393|162|38|41|PRO|LYS|1929|597|635|-O--|-CG-|406|0001|555|0|3.375638|-1.169000|-2.680000|-1.687000|0.010128
393|163|40|39|GLY|GLU|125|623|610|-N--|-C--|103|0001|555|0|1.327823|1.191000|0.392000|-0.437000|0.000000
393|164|58|39|ILE|GLU|925|912|608|-CG2|-N--|601|0001|555|0|3.658910|-0.599000|-0.825000|-3.514000|9.070133
393|165|53|39|MET|GLU|1725|834|609|-O--|-CA-|402|0001|555|0|2.990783|1.980000|0.728000|-2.120000|0.064444
393|166|39|41|GLU|LYS|2529|610|630|-C--|-N--|301|0001|555|0|3.390857|-1.533000|-3.015000|0.240000|0.244800
393|167|39|54|GLU|LYS|2529|616|849|-OE2|-CA-|1002|0001|555|0|3.463407|-0.125000|-2.542000|2.349000|5.036283
393|168|55|39|GLY|GLU|125|870|616|-N--|-OE2|110|0001|555|0|2.657963|-1.256000|0.550000|-2.277000|1.568151
393|169|40|41|GLY|LYS|129|625|630|-C--|-N--|301|0001|555|0|1.322502|0.855000|-0.688000|0.738000|0.092800
393|170|40|53|GLY|MET|117|623|834|-N--|-O--|104|0001|555|0|2.758329|0.166000|0.214000|2.745000|0.243088
393|171|40|52|GLY|ILE|109|624|818|-CA-|-CG2|206|0001|555|0|3.972542|-2.267000|-0.034000|3.262000|0.054098
393|172|40|42|GLY|VAL|105|626|652|-O--|-N--|401|0001|555|0|3.594396|-0.212000|-2.997000|1.973000|0.615238
393|173|42|41|VAL|LYS|529|652|632|-N--|-C--|103|0001|555|0|1.322271|0.844000|0.908000|0.460000|0.021000
393|174|43|41|MET|LYS|1729|668|633|-N--|-O--|104|0001|555|0|3.499226|1.340000|2.948000|-1.326000|0.166452
393|175|52|41|ILE|LYS|929|813|633|-CA-|-O--|204|0001|555|0|3.269274|1.950000|-1.694000|-2.004000|0.032250
393|176|51|41|ILE|LYS|929|796|633|-O--|-O--|404|0001|555|0|3.651959|1.659000|0.798000|-3.154000|0.113824
393|177|53|41|MET|LYS|1729|831|633|-N--|-O--|104|0001|555|0|2.987334|-0.432000|-1.993000|-2.183001|0.020930
393|178|42|43|VAL|MET|517|654|668|-C--|-N--|301|0001|555|0|1.323952|0.060000|0.159000|1.313000|0.100645
393|179|42|44|VAL|GLU|525|655|685|-O--|-N--|401|0001|555|0|3.696455|-1.621000|-1.633000|2.893000|0.371250
393|180|42|51|VAL|ILE|509|654|796|-C--|-O--|304|0001|555|0|3.906974|-0.259000|2.309000|3.141000|0.057353
393|181|42|50|VAL|LYS|529|657|776|-CG1|-CG-|606|0001|555|0|3.532157|-2.989000|-0.700000|1.747000|0.092800
393|182|42|52|VAL|ILE|509|658|817|-CG2|-CG1|606|0001|555|0|3.944831|-0.007999|3.035000|2.520000|0.119608
393|183|43|44|MET|GLU|1725|670|685|-C--|-N--|301|0001|555|0|1.319285|-0.411000|-1.163000|-0.468000|0.033103
393|184|51|43|ILE|MET|917|793|671|-N--|-O--|104|0001|555|0|2.726591|1.420000|-2.299000|-0.364000|0.171429
393|185|49|43|THR|MET|1317|760|671|-O--|-O--|404|0001|555|0|2.994772|2.549000|0.875000|-1.306000|0.192593
393|186|45|43|THR|MET|1317|700|671|-N--|-O--|104|0001|555|0|3.735345|1.079000|3.250000|-1.492000|0.327273
393|187|43|50|MET|LYS|1729|671|772|-O--|-CA-|402|0001|555|0|3.542400|-3.335000|1.103000|-0.458000|0.100000
393|188|43|74|MET|CU1|1746|674|1156|-SD-|CU--|1640|0011|555|0|2.290345|2.214000|0.426000|-0.403000|0.238809
393|189|43|53|MET|MET|1717|674|837|-SD-|-SD-|1616|0001|555|0|3.678695|2.611000|2.564000|0.376000|0.158644
393|190|49|44|THR|GLU|1325|760|686|-O--|-CA-|402|0001|555|0|3.038659|1.575000|-1.551000|-2.085000|0.021481
393|191|45|44|THR|GLU|1325|700|687|-N--|-C--|103|0001|555|0|1.327365|0.517000|-0.188000|-1.208000|0.061364
393|192|48|44|GLY|GLU|125|752|690|-C--|-CG-|306|0001|555|0|3.476886|2.460000|-0.343000|-2.433000|0.070909
393|193|44|50|GLU|LYS|2529|692|779|-OE1|-NZ-|1014|0001|555|0|2.652072|-1.532001|1.813000|-1.183001|0.928800
393|194|45|49|THR|THR|1313|700|760|-N--|-O--|104|0001|555|0|2.799307|-1.469999|2.375000|-0.186000|0.061364
393|195|45|46|THR|ARG|1331|702|714|-C--|-N--|301|0001|555|0|1.329804|0.254000|-0.924001|0.922000|0.222581
393|196|48|45|GLY|THR|113|750|703|-N--|-O--|104|0001|555|0|2.893041|2.818000|-0.399000|-0.519000|0.010333
393|197|45|47|THR|ASP|1321|705|744|-OG1|-OD1|1710|0001|555|0|2.840022|-0.699000|-1.215000|2.470000|9.008108
393|198|51|45|ILE|THR|913|800|706|-CD1|-CG2|606|0001|555|0|3.964796|-0.351000|-3.931000|-0.379000|0.146667
393|199|47|46|ASP|ARG|2131|738|716|-N--|-C--|103|0001|555|0|1.329133|0.388000|-1.205000|-0.405000|0.032000
393|200|48|46|GLY|ARG|131|750|716|-N--|-C--|103|0001|555|0|3.264246|1.697000|-2.276000|1.611000|0.288000
393|201|48|47|GLY|ASP|121|750|740|-N--|-C--|103|0001|555|0|1.325513|-0.790000|-0.359000|1.002000|0.150333
393|202|49|47|THR|ASP|1321|762|742|-OG1|-CB-|1705|0001|555|0|3.266586|-0.004000|-3.157000|0.839000|0.338049
393|203|48|49|GLY|THR|113|752|757|-C--|-N--|301|0001|555|0|1.324657|0.837999|0.505000|0.893000|0.073333
393|204|48|50|GLY|LYS|129|753|771|-O--|-N--|401|0001|555|0|3.624661|2.227000|2.856000|0.148000|0.245333
393|205|49|50|THR|LYS|1329|759|771|-C--|-N--|301|0001|555|0|1.321620|-0.462000|0.940000|-0.806000|0.033333
393|206|51|49|ILE|THR|913|793|760|-N--|-O--|104|0001|555|0|3.498040|-1.129000|-3.174000|0.942000|0.010370
393|207|51|50|ILE|LYS|929|793|773|-N--|-C--|103|0001|555|0|1.317742|-1.306000|0.035000|-0.172000|0.045714
393|208|51|52|ILE|ILE|909|795|812|-C--|-N--|301|0001|555|0|1.321950|-0.214999|1.208000|-0.492000|0.135714
393|209|51|53|ILE|MET|917|796|831|-O--|-N--|401|0001|555|0|3.620055|2.091000|2.791000|-0.971000|0.145588
393|210|52|53|ILE|MET|917|814|831|-C--|-N--|301|0001|555|0|1.322995|1.182000|-0.406000|-0.434000|0.020930
393|211|52|54|ILE|LYS|929|815|848|-O--|-N--|401|0001|555|0|3.018274|2.309000|1.833000|-0.647000|0.190179
393|212|53|54|MET|LYS|1729|833|848|-C--|-N--|301|0001|555|0|1.322228|-0.179000|0.983000|0.866000|0.174386
393|213|53|74|MET|CU1|1746|837|1156|-SD-|CU--|1640|0011|555|0|2.309869|-0.397000|-2.138000|-0.779000|0.514286
393|214|58|53|ILE|MET|917|909|838|-O--|-CE-|406|0001|555|0|3.432435|-2.685000|-2.135000|-0.119000|5.081818
393|215|53|57|MET|GLU|1725|838|894|-CE-|-O--|604|0001|555|0|3.134503|-0.224000|2.540000|1.823000|3.220455
393|216|55|54|GLY|LYS|129|870|850|-N--|-C--|103|0001|555|0|1.329823|-0.122000|-1.238000|0.470000|0.030629
393|217|58|54|ILE|LYS|929|912|851|-CG2|-O--|604|0001|555|0|3.008700|-2.211000|1.206000|1.646000|0.981233
393|218|57|54|GLU|LYS|2529|891|851|-N--|-O--|104|0001|555|0|2.700504|-0.524000|-0.232000|-2.639000|2.024083
393|219|56|54|ASN|LYS|2329|877|851|-N--|-O--|104|0001|555|0|2.804331|0.290000|-2.424000|-1.380000|0.280941
393|220|55|56|GLY|ASN|123|872|877|-C--|-N--|301|0001|555|0|1.319952|-0.951000|-0.432000|0.807000|0.184307
393|221|55|58|GLY|ILE|109|873|913|-O--|-CD1|406|0001|555|0|3.237834|1.878000|-2.322001|-1.251000|1.139000
393|222|55|57|GLY|GLU|125|872|891|-C--|-N--|301|0001|555|0|3.342529|-0.137000|-2.624000|2.066000|1.806750
393|223|56|57|ASN|GLU|2325|879|891|-C--|-N--|301|0001|555|0|1.327390|0.229000|-1.020000|-0.818000|0.672000
393|224|58|56|ILE|ASN|923|906|879|-N--|-C--|103|0001|555|0|3.924611|-2.126000|2.514000|2.136000|0.491077
393|225|56|60|ASN|ARG|2331|880|950|-O--|-CG-|406|0001|555|0|3.800472|3.491000|-0.584000|1.384000|1.747059
393|226|58|57|ILE|GLU|925|906|893|-N--|-C--|103|0001|555|0|1.331195|-0.494000|-0.562000|1.101000|0.062769
393|227|57|59|GLU|PHE|2535|893|925|-C--|-N--|301|0001|555|0|3.558371|3.389000|0.717000|-0.814000|1.542353
393|228|58|59|ILE|PHE|935|908|925|-C--|-N--|301|0001|555|0|1.323181|0.582000|1.078000|0.500000|0.207273
393|229|58|60|ILE|ARG|931|908|945|-C--|-N--|301|0001|555|0|3.447015|1.004000|1.004000|3.141000|1.169776
393|230|60|59|ARG|PHE|3135|945|927|-N--|-C--|103|0001|555|0|1.322589|1.117000|-0.017000|-0.708000|0.567985
393|231|61|59|LEU|PHE|735|969|928|-N--|-O--|104|0001|555|0|2.729943|0.390000|1.321000|-2.357000|1.774188
393|232|62|59|ASP|PHE|2135|995|935|-OD2|-CZ-|1012|0001|555|0|3.325310|-2.332999|0.931000|-2.179000|0.318481
393|233|66|59|ARG|PHE|3135|1054|934|-NH2|-CE2|712|0001|555|0|3.256966|-2.577001|-0.938000|-1.757000|4.103882
393|234|61|60|LEU|ARG|731|969|947|-N--|-C--|103|0001|555|0|1.330740|-1.318000|0.097000|-0.156000|0.108547
393|235|63|60|GLU|ARG|2531|1007|954|-OE1|-NH1|1007|0001|555|0|2.600204|-1.916000|1.699000|0.451000|3.064991
393|236|61|62|LEU|ASP|721|971|988|-C--|-N--|301|0001|555|0|1.326838|0.579000|0.447000|-1.107000|0.569823
393|237|61|65|LEU|LEU|707|972|1030|-O--|-CG-|406|0001|555|0|3.185615|2.346000|-2.155000|-0.020000|2.428909
393|238|64|61|ALA|LEU|307|1015|972|-N--|-O--|104|0001|555|0|3.108450|-1.293000|-2.227000|-1.741000|2.499136
393|239|61|63|LEU|GLU|725|971|1000|-C--|-N--|301|0001|555|0|3.197550|1.871000|2.591000|0.102000|3.290532
393|240|62|63|ASP|GLU|2125|990|1000|-C--|-N--|301|0001|555|0|1.324015|-0.746000|1.049000|0.310000|0.791144
393|241|65|62|LEU|ASP|721|1025|991|-N--|-O--|104|0001|555|0|2.881170|0.164000|1.421000|-2.501000|0.650874
393|242|64|62|ALA|ASP|321|1015|990|-N--|-C--|103|0001|555|0|3.118317|0.713000|-0.477000|-2.998000|1.334391
393|243|62|66|ASP|ARG|2131|995|1051|-OD2|-NE-|1007|0001|555|0|2.757654|0.960000|1.887000|1.767000|0.512727
393|244|64|63|ALA|GLU|325|1015|1002|-N--|-C--|103|0001|555|0|1.327552|0.752000|1.021000|-0.393000|0.443361
393|245|63|66|GLU|ARG|2531|1003|1044|-O--|-N--|401|0001|555|0|3.600302|2.421000|-2.627000|-0.447000|2.166646
393|246|65|63|LEU|GLU|725|1025|1002|-N--|-C--|103|0001|555|0|3.291631|-0.890000|3.142000|-0.413000|1.187003
393|247|64|65|ALA|LEU|307|1017|1025|-C--|-N--|301|0001|555|0|1.324729|0.267000|-0.496000|-1.199000|1.171230
393|248|64|66|ALA|ARG|331|1017|1044|-C--|-N--|301|0001|555|0|3.084326|2.717000|0.476000|-1.380000|1.138307
393|249|64|67|ALA|LYS|329|1018|1071|-O--|-O--|404|0001|555|0|3.208712|2.611000|-0.983000|1.585000|2.739229
393|250|65|66|LEU|ARG|731|1027|1044|-C--|-N--|301|0001|555|0|1.327278|0.026999|1.327000|0.003000|0.113793
393|251|65|67|LEU|LYS|729|1027|1068|-C--|-N--|301|0001|555|0|3.129254|1.184999|1.690000|2.352000|1.830031
393|252|67|66|LYS|ARG|2931|1068|1046|-N--|-C--|103|0001|555|0|1.324847|0.723001|0.478000|-1.002000|0.548277
393|253|68|67|GLY|LYS|129|1090|1070|-N--|-C--|103|0001|555|0|1.327589|0.266000|-0.247000|-1.276999|0.081034
393|254|71|67|GLU|LYS|2529|1133|1073|-OE1|-CG-|1006|0001|555|0|3.304818|1.034000|-1.144000|-2.923000|12.693254
393|255|68|69|GLY|HIS|133|1092|1097|-C--|-N--|301|0001|555|0|1.328235|0.035999|0.988000|0.887000|0.376446
393|256|68|71|GLY|GLU|125|1090|1134|-N--|-OE2|110|0001|555|0|2.925210|-0.456000|2.094000|1.991000|15.533938
393|257|71|69|GLU|HIS|2533|1134|1097|-OE2|-N--|1001|0001|555|0|2.606559|0.309999|-2.376000|1.026000|8.594964
393|258|70|69|SER|HIS|1133|1115|1099|-N--|-C--|103|0001|555|0|1.327108|-0.710999|-1.120000|-0.036000|0.309231
393|259|70|71|SER|GLU|1125|1117|1126|-C--|-N--|301|0001|555|0|1.332973|0.492000|0.875000|-0.877000|0.371290
393|260|72|70|GLY|SER|111|1141|1117|-N--|-C--|103|0001|555|0|3.834600|0.567000|-3.784000|0.252999|2.635444
393|261|72|71|GLY|GLU|125|1141|1128|-N--|-C--|103|0001|555|0|1.326160|-0.613000|-1.081000|-0.463000|0.380278
393|262|73|71|GLY|GLU|125|1148|1128|-N--|-C--|103|0001|555|0|3.373924|0.099999|-3.281000|0.780000|1.595676
393|263|72|73|GLY|GLY|101|1143|1148|-C--|-N--|301|0001|555|0|1.326626|0.304000|-0.029000|-1.290999|0.060243
