194|0|87|336|108|HIS|C2O|HIS|335233|655|2666|822|-NE2|CU2-|-NE2|134013|2508|3145|2.171541|2.333046|3.244139|92.068591
194|1|87|336|117|HIS|C2O|HIS|335233|655|2666|908|-NE2|CU2-|-NE2|134013|2508|3576|2.171541|2.291205|3.520944|104.145434
194|2|87|336|273|HIS|C2O|HIS|335233|655|2666|2144|-NE2|CU2-|-NE2|134013|2508|8056|2.171541|3.871824|5.237566|117.349862
194|3|87|336|336|HIS|C2O|C2O|335252|655|2666|2668|-NE2|CU2-|-O1-|134031|2508|9451|2.171541|1.851628|3.784680|140.214806
194|4|87|336|336|HIS|C2O|C2O|335252|655|2666|2667|-NE2|CU2-|CU3-|134040|2508|9452|2.171541|2.872898|4.433554|122.408907
194|5|108|336|117|HIS|C2O|HIS|335233|822|2666|908|-NE2|CU2-|-NE2|134013|3145|3576|2.333046|2.291205|3.401953|94.724536
194|6|108|336|273|HIS|C2O|HIS|335233|822|2666|2144|-NE2|CU2-|-NE2|134013|3145|8056|2.333046|3.871824|6.012311|150.433493
194|7|108|336|336|HIS|C2O|C2O|335252|822|2666|2668|-NE2|CU2-|-O1-|134031|3145|9451|2.333046|1.851628|3.078604|94.023164
194|8|108|336|336|HIS|C2O|C2O|335252|822|2666|2667|-NE2|CU2-|CU3-|134040|3145|9452|2.333046|2.872898|4.741358|130.939002
194|9|117|336|273|HIS|C2O|HIS|335233|908|2666|2144|-NE2|CU2-|-NE2|134013|3576|8056|2.291205|3.871824|3.999817|76.166827
194|10|117|336|336|HIS|C2O|C2O|335252|908|2666|2668|-NE2|CU2-|-O1-|134031|3576|9451|2.291205|1.851628|3.491228|114.439860
194|11|117|336|336|HIS|C2O|C2O|335252|908|2666|2667|-NE2|CU2-|CU3-|134040|3576|9452|2.291205|2.872898|4.172727|107.270888
194|12|273|336|336|HIS|C2O|C2O|335252|2144|2666|2668|-NE2|CU2-|-O1-|134031|8056|9451|3.871824|1.851628|3.541567|65.803376
194|13|273|336|336|HIS|C2O|C2O|335252|2144|2666|2667|-NE2|CU2-|CU3-|134040|8056|9452|3.871824|2.872898|2.232323|34.829639
194|14|336|336|336|C2O|C2O|C2O|525252|2668|2666|2667|-O1-|CU2-|CU3-|314040|9451|9452|1.851628|2.872898|1.784831|37.002674
194|15|239|336|243|HIS|C2O|HIS|335233|1862|2667|1895|-NE2|CU3-|-NE2|134013|7092|7241|2.081198|2.225025|3.148523|93.907177
194|16|239|336|273|HIS|C2O|HIS|335233|1862|2667|2144|-NE2|CU3-|-NE2|134013|7092|8055|2.081198|2.232323|3.175803|94.760151
194|17|239|336|336|HIS|C2O|C2O|335252|1862|2667|2666|-NE2|CU3-|CU2-|134040|7092|9452|2.081198|2.872898|4.395734|124.293224
194|18|239|336|336|HIS|C2O|C2O|335252|1862|2667|2668|-NE2|CU3-|-O1-|134031|7092|9453|2.081198|1.784831|2.760866|90.812727
194|19|243|336|273|HIS|C2O|HIS|335233|1895|2667|2144|-NE2|CU3-|-NE2|134013|7241|8055|2.225025|2.232323|3.719607|113.125161
194|20|243|336|336|HIS|C2O|C2O|335252|1895|2667|2666|-NE2|CU3-|CU2-|134040|7241|9452|2.225025|2.872898|4.602602|128.620923
194|21|243|336|336|HIS|C2O|C2O|335252|1895|2667|2668|-NE2|CU3-|-O1-|134031|7241|9453|2.225025|1.784831|3.525511|122.716816
194|22|273|336|336|HIS|C2O|C2O|335252|2144|2667|2666|-NE2|CU3-|CU2-|134040|8055|9452|2.232323|2.872898|3.871824|97.860706
194|23|273|336|336|HIS|C2O|C2O|335252|2144|2667|2668|-NE2|CU3-|-O1-|134031|8055|9453|2.232323|1.784831|3.541567|123.290042
194|24|336|336|336|C2O|C2O|C2O|525252|2668|2667|2666|-O1-|CU3-|CU2-|314040|9453|9452|1.784831|2.872898|1.851628|38.636425
194|25|87|336|108|HIS|C2O|HIS|335233|655|2668|822|-NE2|-O1-|-NE2|133113|2507|3144|3.784680|3.078604|3.244139|55.266466
194|26|87|336|117|HIS|C2O|HIS|335233|655|2668|908|-NE2|-O1-|-NE2|133113|2507|3575|3.784680|3.491228|3.520944|57.714255
194|27|87|336|239|HIS|C2O|HIS|335233|655|2668|1862|-NE2|-O1-|-NE2|133113|2507|7091|3.784680|2.760866|6.291477|147.557744
194|28|87|336|243|HIS|C2O|HIS|335233|655|2668|1895|-NE2|-O1-|-NE2|133113|2507|7240|3.784680|3.525511|5.536434|98.401554
194|29|87|336|273|HIS|C2O|HIS|335233|655|2668|2144|-NE2|-O1-|-NE2|133113|2507|8054|3.784680|3.541567|5.237566|91.208956
194|30|87|336|336|HIS|C2O|C2O|335252|655|2668|2666|-NE2|-O1-|CU2-|133140|2507|9451|3.784680|1.851628|2.171541|21.540736
194|31|87|336|336|HIS|C2O|C2O|335252|655|2668|2667|-NE2|-O1-|CU3-|133140|2507|9453|3.784680|1.784831|4.433554|99.144044
194|32|87|336|341|HIS|C2O|HOH|335243|655|2668|2673|-NE2|-O1-|-O--|133128|2507|9454|3.784680|3.848086|7.118225|137.682193
194|33|108|336|117|HIS|C2O|HIS|335233|822|2668|908|-NE2|-O1-|-NE2|133113|3144|3575|3.078604|3.491228|3.401953|61.995998
194|34|108|336|239|HIS|C2O|HIS|335233|822|2668|1862|-NE2|-O1-|-NE2|133113|3144|7091|3.078604|2.760866|5.694355|154.361389
194|35|108|336|243|HIS|C2O|HIS|335233|822|2668|1895|-NE2|-O1-|-NE2|133113|3144|7240|3.078604|3.525511|6.310581|145.625290
194|36|108|336|273|HIS|C2O|HIS|335233|822|2668|2144|-NE2|-O1-|-NE2|133113|3144|8054|3.078604|3.541567|6.012311|130.380618
194|37|108|336|336|HIS|C2O|C2O|335252|822|2668|2666|-NE2|-O1-|CU2-|133140|3144|9451|3.078604|1.851628|2.333046|49.109201
194|38|108|336|336|HIS|C2O|C2O|335252|822|2668|2667|-NE2|-O1-|CU3-|133140|3144|9453|3.078604|1.784831|4.741358|153.291636
194|39|108|336|341|HIS|C2O|HOH|335243|822|2668|2673|-NE2|-O1-|-O--|133128|3144|9454|3.078604|3.848086|4.772916|86.358538
194|40|117|336|239|HIS|C2O|HIS|335233|908|2668|1862|-NE2|-O1-|-NE2|133113|3575|7091|3.491228|2.760866|5.286432|114.961388
194|41|117|336|243|HIS|C2O|HIS|335233|908|2668|1895|-NE2|-O1-|-NE2|133113|3575|7240|3.491228|3.525511|6.258886|126.248971
194|42|117|336|273|HIS|C2O|HIS|335233|908|2668|2144|-NE2|-O1-|-NE2|133113|3575|8054|3.491228|3.541567|3.999817|69.320279
194|43|117|336|336|HIS|C2O|C2O|335252|908|2668|2666|-NE2|-O1-|CU2-|133140|3575|9451|3.491228|1.851628|2.291205|36.688904
194|44|117|336|336|HIS|C2O|C2O|335252|908|2668|2667|-NE2|-O1-|CU3-|133140|3575|9453|3.491228|1.784831|4.172727|99.408866
194|45|117|336|341|HIS|C2O|HOH|335243|908|2668|2673|-NE2|-O1-|-O--|133128|3575|9454|3.491228|3.848086|6.448253|122.871851
194|46|239|336|243|HIS|C2O|HIS|335233|1862|2668|1895|-NE2|-O1-|-NE2|133113|7091|7240|2.760866|3.525511|3.148523|58.613941
194|47|239|336|273|HIS|C2O|HIS|335233|1862|2668|2144|-NE2|-O1-|-NE2|133113|7091|8054|2.760866|3.541567|3.175803|58.974428
194|48|239|336|336|HIS|C2O|C2O|335252|1862|2668|2666|-NE2|-O1-|CU2-|133140|7091|9451|2.760866|1.851628|4.395734|144.000202
194|49|239|336|336|HIS|C2O|C2O|335252|1862|2668|2667|-NE2|-O1-|CU3-|133140|7091|9453|2.760866|1.784831|2.081198|48.915796
194|50|239|336|341|HIS|C2O|HOH|335243|1862|2668|2673|-NE2|-O1-|-O--|133128|7091|9454|2.760866|3.848086|4.085713|74.335430
194|51|243|336|273|HIS|C2O|HIS|335233|1895|2668|2144|-NE2|-O1-|-NE2|133113|7240|8054|3.525511|3.541567|3.719607|63.515001
194|52|243|336|336|HIS|C2O|C2O|335252|1895|2668|2666|-NE2|-O1-|CU2-|133140|7240|9451|3.525511|1.851628|4.602602|114.076335
194|53|243|336|336|HIS|C2O|C2O|335252|1895|2668|2667|-NE2|-O1-|CU3-|133140|7240|9453|3.525511|1.784831|2.225025|32.072729
194|54|243|336|341|HIS|C2O|HOH|335243|1895|2668|2673|-NE2|-O1-|-O--|133128|7240|9454|3.525511|3.848086|5.933283|107.074982
194|55|273|336|336|HIS|C2O|C2O|335252|2144|2668|2666|-NE2|-O1-|CU2-|133140|8054|9451|3.541567|1.851628|3.871824|85.713891
194|56|273|336|336|HIS|C2O|C2O|335252|2144|2668|2667|-NE2|-O1-|CU3-|133140|8054|9453|3.541567|1.784831|2.232323|31.795351
194|57|273|336|341|HIS|C2O|HOH|335243|2144|2668|2673|-NE2|-O1-|-O--|133128|8054|9454|3.541567|3.848086|6.705582|130.259050
194|58|336|336|336|C2O|C2O|C2O|525252|2666|2668|2667|CU2-|-O1-|CU3-|403140|9451|9453|1.851628|1.784831|2.872898|104.360901
194|59|341|336|336|HOH|C2O|C2O|435252|2673|2668|2666|-O--|-O1-|CU2-|283140|9454|9451|3.848086|1.851628|5.320536|134.972861
194|60|341|336|336|HOH|C2O|C2O|435252|2673|2668|2667|-O--|-O1-|CU3-|283140|9454|9453|3.848086|1.784831|4.993391|120.349226
