1880|0|0|148|GLN|HOH|2743|0|750|-N--|-O--|128|0011|555|0|2.889646|0.334000|-1.638000|-2.357000|48.446495
1880|1|26|0|ASP|GLN|2127|192|0|-OD1|-N--|1001|0001|555|0|2.693865|-2.546000|-0.867001|0.152000|7.732315
1880|2|1|0|THR|GLN|1327|9|2|-N--|-C--|103|0001|555|0|1.325810|0.616000|0.446003|-1.086000|0.851807
1880|3|0|149|GLN|HOH|2743|5|751|-CG-|-O--|628|0011|555|0|3.681144|1.850000|0.424999|-3.153997|2.137727
1880|4|0|128|GLN|HOH|2743|1|730|-CA-|-O--|228|0011|555|0|3.881232|-2.716000|-1.757999|2.144001|40.696011
1880|5|27|0|THR|GLN|1327|194|3|-N--|-O--|104|0001|555|0|2.922142|-0.801000|-2.779999|-0.410999|7.932903
1880|6|0|116|GLN|HOH|2743|7|718|-OE1|-O--|828|0011|555|0|2.636616|2.006000|1.470997|-0.874001|14.897367
1880|7|2|0|VAL|GLN|527|21|7|-CG1|-OE1|608|0001|555|0|3.515279|-0.092000|-1.988998|-2.896999|39.343822
1880|8|0|132|GLN|HOH|2743|7|734|-OE1|-O--|828|0011|555|0|3.612038|3.289000|0.761997|1.284000|21.321386
1880|9|1|128|THR|HOH|1343|9|730|-N--|-O--|128|0011|555|0|3.049807|-2.125000|-2.177998|-0.205000|54.969307
1880|10|2|1|VAL|THR|513|16|11|-N--|-C--|103|0001|555|0|1.334850|-0.960000|-0.621998|-0.688000|4.177455
1880|11|1|27|THR|THR|1313|10|197|-CA-|-O--|204|0001|555|0|3.199085|1.859000|2.532001|0.605999|5.002085
1880|12|1|29|THR|GLN|1327|15|215|-CG2|-OE1|608|0001|555|0|3.837877|-1.551000|-0.059998|3.510000|16.679903
1880|13|3|2|ALA|VAL|305|23|18|-N--|-C--|103|0001|555|0|1.327217|0.003000|0.723000|-1.112999|2.851024
1880|14|2|27|VAL|THR|513|16|197|-N--|-O--|104|0001|555|0|2.943388|0.155000|2.699001|-1.164001|1.395793
1880|15|2|122|VAL|HOH|543|17|724|-CA-|-O--|228|0011|555|0|3.474072|0.094000|-2.738998|2.135000|52.912323
1880|16|2|29|VAL|GLN|527|19|208|-O--|-N--|401|0001|555|0|2.797260|-0.871000|2.642002|0.292999|9.857463
1880|17|2|28|VAL|VAL|505|19|202|-O--|-CA-|402|0001|555|0|3.536246|0.740000|3.129002|-1.472000|6.061843
1880|18|2|132|VAL|HOH|543|21|734|-CG1|-O--|628|0011|555|0|3.785249|3.197000|-1.227001|-1.612999|8.084240
1880|19|2|157|VAL|HOH|543|21|759|-CG1|-O--|628|0011|555|0|3.891954|2.751000|-2.575001|0.974001|34.437923
1880|20|2|22|VAL|ILE|509|22|166|-CG2|-CG2|606|0001|555|0|3.747030|2.885000|0.528000|-2.332001|15.821792
1880|21|3|122|ALA|HOH|343|23|724|-N--|-O--|128|0011|555|0|2.758224|0.404000|-2.709999|-0.316999|90.670624
1880|22|3|4|ALA|ILE|309|25|28|-C--|-N--|301|0001|555|0|1.320358|0.021000|1.095997|0.736000|6.618884
1880|23|3|29|ALA|GLN|327|24|211|-CA-|-O--|204|0001|555|0|3.227796|-0.611000|3.109001|0.615999|0.539780
1880|24|3|151|ALA|HOH|343|26|753|-O--|-O--|428|0011|555|0|2.791766|1.107000|-2.420998|-0.841000|40.422508
1880|25|3|130|ALA|HOH|343|26|732|-O--|-O--|428|0011|555|0|2.964891|0.172000|-1.689999|2.430000|54.090248
1880|26|4|5|ILE|LYS|929|30|36|-C--|-N--|301|0001|555|0|1.333415|0.384000|-0.711998|1.059999|0.472881
1880|27|4|29|ILE|GLN|927|28|211|-N--|-O--|104|0001|555|0|2.829551|-1.866000|1.866001|-1.021002|9.953416
1880|28|4|130|ILE|HOH|943|29|732|-CA-|-O--|228|0011|555|0|3.989045|-0.086000|-3.916000|0.754999|96.125961
1880|29|4|16|ILE|GLU|925|29|117|-CA-|-O--|204|0001|555|0|3.677537|2.034000|-2.022999|2.301000|1.422166
1880|30|31|4|VAL|ILE|509|231|31|-N--|-O--|104|0001|555|0|2.854823|2.560000|-1.217999|-0.336000|3.054197
1880|31|4|30|ILE|TRP|939|31|218|-O--|-CA-|402|0001|555|0|3.252219|-1.526000|2.420998|-1.545000|1.173151
1880|32|4|6|ILE|MET|917|31|45|-O--|-N--|401|0001|555|0|3.776842|0.611000|0.703999|3.660000|5.692334
1880|33|28|4|VAL|ILE|509|206|35|-CG1|-CD1|606|0001|555|0|3.348700|2.181000|-1.136002|2.273001|4.121061
1880|34|4|17|ILE|PRO|919|34|126|-CG2|-O--|604|0001|555|0|3.904814|3.548000|-1.629002|-0.075001|0.470538
1880|35|4|73|ILE|TYR|937|35|564|-CD1|-OH-|618|0001|555|0|3.529074|2.115000|1.835003|2.147999|6.190256
1880|36|4|15|ILE|PHE|935|34|107|-CG2|-CB-|605|0001|555|0|3.912131|2.581000|1.442001|2.561999|2.420072
1880|37|4|92|ILE|HOH|943|35|694|-CD1|-O--|628|0011|555|0|3.604660|3.446001|-0.074997|1.055000|2.400578
1880|38|6|5|MET|LYS|1729|45|38|-N--|-C--|103|0001|555|0|1.335772|0.763000|-0.880001|-0.653999|1.506299
1880|39|5|130|LYS|HOH|2943|36|732|-N--|-O--|128|0011|555|0|3.912672|0.214000|-3.545002|-1.642000|110.155418
1880|40|16|5|GLU|LYS|2529|117|36|-O--|-N--|401|0001|555|0|2.861097|-2.334000|1.652000|0.096000|2.746892
1880|41|31|5|VAL|LYS|529|234|37|-O--|-CA-|402|0001|555|0|3.519451|2.817000|-1.965000|-0.768000|1.709567
1880|42|7|5|GLY|LYS|129|53|39|-N--|-O--|104|0001|555|0|3.639983|0.313000|-1.148003|-3.440000|2.194141
1880|43|5|15|LYS|PHE|2935|39|104|-O--|-CA-|402|0001|555|0|3.261255|3.114000|0.958000|0.145000|1.793243
1880|44|14|5|ALA|LYS|329|101|39|-O--|-O--|404|0001|555|0|3.919409|-2.504000|-0.943001|-2.864000|0.972855
1880|45|33|5|ASN|LYS|2329|253|42|-ND2|-CD-|906|0001|555|0|3.635573|0.562000|-1.287998|-3.353000|2.705732
1880|46|9|5|ASP|LYS|2129|69|44|-OD2|-NZ-|1014|0001|555|0|3.066190|-1.312000|-0.441002|-2.736000|6.267931
1880|47|5|106|LYS|HOH|2943|42|708|-CD-|-O--|628|0011|555|0|3.647973|2.282000|-1.433002|-2.459001|40.256481
1880|48|5|101|LYS|HOH|2943|44|703|-NZ-|-O--|1428|0011|555|0|3.993474|-2.962000|2.667000|-0.248000|9.657708
1880|49|31|6|VAL|MET|517|234|45|-O--|-N--|401|0001|555|0|2.831411|2.775000|0.070000|0.558000|4.708909
1880|50|7|6|GLY|MET|117|53|47|-N--|-C--|103|0001|555|0|1.321032|-1.178000|0.311996|-0.509999|2.151616
1880|51|6|83|MET|MET|1717|46|640|-CA-|-CE-|206|0001|555|0|3.992884|2.800000|2.431000|1.481000|0.194859
1880|52|6|33|MET|ASN|1723|48|246|-O--|-N--|401|0001|555|0|2.830716|-2.709000|-0.789997|-0.224000|12.958652
1880|53|6|38|MET|HIS|1733|48|292|-O--|-NE2|413|0001|555|0|3.592854|0.739000|2.858002|2.048000|0.020048
1880|54|6|32|MET|ASN|1723|52|244|-CE-|-OD1|608|0001|555|0|3.541837|-0.929000|-0.443001|3.389000|8.078033
1880|55|6|34|MET|LYS|1729|48|254|-O--|-N--|401|0001|555|0|3.215254|-1.454000|-1.456997|2.470000|14.886341
1880|56|6|15|MET|PHE|1735|50|111|-CG-|-CE1|612|0001|555|0|3.727248|3.475000|1.240997|-0.526000|2.824616
1880|57|6|30|MET|TRP|1739|51|221|-SD-|-CB-|1605|0001|555|0|3.901140|-0.637000|-1.348000|-3.605000|1.349377
1880|58|6|61|MET|PHE|1735|52|467|-CE-|-CE2|612|0001|555|0|3.709365|-1.146000|2.625000|-2.356999|10.341534
1880|59|7|8|GLY|ALA|103|55|57|-C--|-N--|301|0001|555|0|1.329548|1.117000|-0.569000|0.443000|0.873792
1880|60|7|14|GLY|ALA|103|53|101|-N--|-O--|104|0001|555|0|2.882584|2.817000|-0.205002|-0.575999|1.036363
1880|61|7|83|GLY|MET|117|53|640|-N--|-CE-|106|0001|555|0|3.652363|1.664000|3.213997|-0.490999|6.091251
1880|62|7|34|GLY|LYS|129|54|257|-CA-|-O--|204|0001|555|0|3.357355|-2.308000|1.340000|2.037000|2.509091
1880|63|7|12|GLY|MET|117|54|85|-CA-|-O--|204|0001|555|0|3.788022|3.092000|-0.688999|2.077000|0.600140
1880|64|7|33|GLY|ASN|123|56|253|-O--|-ND2|409|0001|555|0|2.912544|-2.108000|-1.996002|0.235000|11.113214
1880|65|7|9|GLY|ASP|121|56|62|-O--|-N--|401|0001|555|0|3.940186|1.224000|-3.500000|1.333000|9.877350
1880|66|8|9|ALA|ASP|321|59|62|-C--|-N--|301|0001|555|0|1.342436|-0.208000|-1.244999|-0.457000|3.632818
1880|67|8|14|ALA|ALA|303|57|101|-N--|-O--|104|0001|555|0|3.538337|1.399000|2.452999|-2.131999|2.452153
1880|68|8|12|ALA|MET|317|57|85|-N--|-O--|104|0001|555|0|2.961561|1.797000|1.397999|1.894000|1.266519
1880|69|8|16|ALA|GLU|325|58|121|-CA-|-OE1|210|0001|555|0|3.483649|-0.203000|-2.514000|-2.403000|12.156638
1880|70|8|33|ALA|ASN|323|59|253|-C--|-ND2|309|0001|555|0|3.875140|-3.540000|0.258999|-1.555000|4.465687
1880|71|8|10|ALA|ASN|323|59|70|-C--|-N--|301|0001|555|0|3.148604|1.073000|-2.424000|1.699000|12.886067
1880|72|11|8|GLY|ALA|103|78|60|-N--|-O--|104|0001|555|0|3.056121|-1.488000|0.753002|-2.561000|6.202056
1880|73|8|34|ALA|LYS|329|60|260|-O--|-CD-|406|0001|555|0|3.443072|-2.830000|-0.018002|1.961000|25.849493
1880|74|8|152|ALA|HOH|343|61|754|-CB-|-O--|528|0011|555|0|3.964422|0.403001|-3.941998|-0.122001|25.490963
1880|75|9|33|ASP|ASN|2123|69|253|-OD2|-ND2|1009|0001|555|0|2.761496|-0.392000|2.732998|-0.054000|8.708789
1880|76|9|16|ASP|GLU|2125|62|121|-N--|-OE1|110|0001|555|0|2.989192|0.809000|-0.344002|-2.857000|3.653098
1880|77|9|10|ASP|ASN|2123|64|70|-C--|-N--|301|0001|555|0|1.343895|1.343000|0.031002|0.038000|1.460833
1880|78|9|152|ASP|HOH|2143|62|754|-N--|-O--|128|0011|555|0|3.612507|2.922000|-2.069000|-0.481000|9.701134
1880|79|11|9|GLY|ASP|121|78|65|-N--|-O--|104|0001|555|0|3.149757|-1.989000|-2.246998|-0.957000|11.558984
1880|80|9|34|ASP|LYS|2129|65|261|-O--|-CE-|406|0001|555|0|3.406760|-3.002000|1.598000|0.201000|3.576746
1880|81|11|10|GLY|ASN|123|78|72|-N--|-C--|103|0001|555|0|1.348000|0.758000|-1.080997|0.272000|5.010111
1880|82|10|152|ASN|HOH|2343|70|754|-N--|-O--|128|0011|555|0|3.230906|1.641000|-0.889999|-2.637001|1.834114
1880|83|12|10|MET|ASN|1723|82|76|-N--|-OD1|108|0001|555|0|3.020623|0.722000|-2.639999|-1.278000|5.132553
1880|84|11|12|GLY|MET|117|80|82|-C--|-N--|301|0001|555|0|1.338645|0.825000|-0.139000|-1.045000|3.457326
1880|85|11|35|GLY|LEU|107|81|269|-O--|-CD1|406|0001|555|0|3.058121|-1.942000|2.279003|-0.622000|2.244202
1880|86|11|13|GLY|LEU|107|81|90|-O--|-N--|401|0001|555|0|3.824164|1.634000|2.235001|-2.638000|20.097038
1880|87|13|12|LEU|MET|717|90|84|-N--|-C--|103|0001|555|0|1.336195|-0.542000|-1.209999|-0.166000|1.841025
1880|88|12|133|MET|HOH|1743|83|735|-CA-|-O--|228|0011|555|0|3.513202|2.087000|2.554001|1.210000|49.594273
1880|89|35|12|LEU|MET|717|269|84|-CD1|-C--|603|0001|555|0|3.941928|3.034000|-1.254002|-2.182000|20.052488
1880|90|14|12|ALA|MET|317|98|85|-N--|-O--|104|0001|555|0|3.030527|-1.219000|-1.843002|2.074000|2.853143
1880|91|14|13|ALA|LEU|307|98|92|-N--|-C--|103|0001|555|0|1.320217|0.642000|0.606998|0.981000|2.213275
1880|92|13|133|LEU|HOH|743|90|735|-N--|-O--|128|0011|555|0|2.829357|2.156000|0.211002|1.820000|66.323555
1880|93|13|83|LEU|MET|717|93|637|-O--|-CB-|405|0001|555|0|3.787353|-0.877000|3.174000|-1.871000|9.589654
1880|94|13|78|LEU|HIS|733|97|606|-CD2|-CD2|612|0001|555|0|3.607766|-0.074000|3.606998|-0.008000|1.131788
1880|95|81|13|ALA|LEU|307|628|96|-CB-|-CD1|506|0001|555|0|3.640574|-3.096001|-1.662003|0.952000|2.329950
1880|96|13|35|LEU|LEU|707|97|269|-CD2|-CD1|606|0001|555|0|3.784436|-1.454000|-3.217999|1.361000|17.943245
1880|97|14|83|ALA|MET|317|101|640|-O--|-CE-|406|0001|555|0|3.609181|-1.153000|3.418999|0.085000|4.247510
1880|98|14|15|ALA|PHE|335|100|103|-C--|-N--|301|0001|555|0|1.321649|0.396000|0.132000|-1.254000|3.115580
1880|99|16|15|GLU|PHE|2535|114|105|-N--|-C--|103|0001|555|0|1.319529|0.932000|0.846001|0.396000|0.778379
1880|100|17|15|PRO|PHE|1935|125|106|-C--|-O--|304|0001|555|0|3.522179|-0.277000|1.422997|3.209999|2.152865
1880|101|18|15|SER|PHE|1135|130|106|-N--|-O--|104|0001|555|0|3.258669|-1.462000|1.287998|2.612000|1.039481
1880|102|15|73|PHE|TYR|3537|107|564|-CB-|-OH-|518|0001|555|0|3.465472|-0.073000|1.014000|-3.313001|2.231066
1880|103|83|15|MET|PHE|1735|636|112|-O--|-CE2|412|0001|555|0|3.596128|-2.448000|-1.780998|-1.941000|2.108435
1880|104|85|15|GLY|PHE|135|648|110|-N--|-CD2|112|0001|555|0|3.897004|-3.312000|-0.919998|1.835999|0.152580
1880|105|84|15|VAL|PHE|535|643|110|-C--|-CD2|312|0001|555|0|3.892030|-3.776000|-0.726997|0.601000|0.517534
1880|106|75|15|CYS|PHE|1535|581|113|-CB-|-CZ-|512|0001|555|0|3.896519|-0.123000|-2.637001|-2.866000|0.595758
1880|107|17|16|PRO|GLU|1925|123|116|-N--|-C--|103|0001|555|0|1.311980|-0.717000|0.329998|1.048000|0.963448
1880|108|18|16|SER|GLU|1125|130|115|-N--|-CA-|102|0001|555|0|3.809571|-3.278000|-0.660999|1.825000|3.113050
1880|109|16|106|GLU|HOH|2543|117|708|-O--|-O--|428|0011|555|0|3.325733|-1.046000|-3.141003|0.316999|115.862114
1880|110|16|130|GLU|HOH|2543|117|732|-O--|-O--|428|0011|555|0|3.235425|-2.120000|-1.893002|-1.546000|81.064575
1880|111|16|154|GLU|HOH|2543|119|756|-CG-|-O--|628|0011|555|0|3.675035|-0.052999|-2.485001|-2.707000|71.044556
1880|112|16|152|GLU|HOH|2543|122|754|-OE2|-O--|1028|0011|555|0|2.518809|0.271000|-0.600998|2.431000|0.181282
1880|113|18|17|SER|PRO|1119|130|125|-N--|-C--|103|0001|555|0|1.334186|-1.184999|-0.134998|-0.598000|3.656506
1880|114|17|92|PRO|HOH|1943|126|694|-O--|-O--|428|0011|555|0|2.818630|0.291000|2.175003|-1.768999|3.285599
1880|115|19|17|THR|PRO|1319|136|125|-N--|-C--|103|0001|555|0|3.252050|-2.714999|-0.834000|1.584000|0.568929
1880|116|17|96|PRO|HOH|1943|127|698|-CB-|-O--|528|0011|555|0|3.847424|3.846000|-0.075001|-0.073000|32.728783
1880|117|17|155|PRO|HOH|1943|128|757|-CG-|-O--|628|0011|555|0|3.923916|-1.459000|-3.284000|-1.576000|98.585724
1880|118|20|17|ILE|PRO|919|150|128|-CD1|-CG-|606|0001|555|0|3.815965|1.172000|-0.671001|3.569000|10.444278
1880|119|17|151|PRO|HOH|1943|129|753|-CD-|-O--|628|0011|555|0|3.997696|-2.538000|-1.818001|-2.497000|53.583157
1880|120|17|130|PRO|HOH|1943|129|732|-CD-|-O--|628|0011|555|0|3.720534|-3.473000|-1.087002|0.774000|70.382233
1880|121|18|96|SER|HOH|1143|130|698|-N--|-O--|128|0011|555|0|3.811446|2.341000|-2.359001|-1.865999|63.079296
1880|122|18|19|SER|THR|1113|132|136|-C--|-N--|301|0001|555|0|1.322401|0.254000|-0.952000|-0.882000|0.080640
1880|123|18|92|SER|HOH|1143|133|694|-O--|-O--|428|0011|555|0|3.338125|-3.032000|0.134003|-1.389999|1.679491
1880|124|18|86|SER|LYS|1129|133|652|-O--|-N--|401|0001|555|0|2.944866|0.101000|2.548000|-1.473000|3.270638
1880|125|85|18|GLY|SER|111|649|133|-CA-|-O--|204|0001|555|0|3.341228|0.582000|-3.207001|-0.735001|3.740440
1880|126|20|19|ILE|THR|913|143|138|-N--|-C--|103|0001|555|0|1.303398|0.544000|-0.565002|1.041000|3.458430
1880|127|19|92|THR|HOH|1343|136|694|-N--|-O--|128|0011|555|0|3.857724|-3.009999|2.284000|-0.778000|2.941945
1880|128|19|96|THR|HOH|1343|139|698|-O--|-O--|428|0011|555|0|2.921494|1.393000|-1.225002|2.257000|39.237289
1880|129|19|86|THR|LYS|1329|137|655|-CA-|-O--|204|0001|555|0|3.407289|-1.154000|2.770000|-1.614000|1.456742
1880|130|20|21|ILE|GLU|925|145|151|-C--|-N--|301|0001|555|0|1.336591|-0.066000|-0.913998|-0.973000|1.948236
1880|131|20|86|ILE|LYS|929|143|655|-N--|-O--|104|0001|555|0|3.147279|0.243999|3.118000|0.352001|1.330204
1880|132|88|20|VAL|ILE|509|669|146|-N--|-O--|104|0001|555|0|2.911955|-0.903000|-2.427998|1.330000|0.543271
1880|133|20|87|ILE|ILE|909|146|662|-O--|-CA-|402|0001|555|0|3.550683|-0.306000|3.497997|0.527000|0.040132
1880|134|20|92|ILE|HOH|943|149|694|-CG2|-O--|628|0011|555|0|3.979326|0.789001|1.777000|3.472000|1.643427
1880|135|20|157|ILE|HOH|943|150|759|-CD1|-O--|628|0011|555|0|3.937802|-0.470000|-3.163002|-2.298000|42.688225
1880|136|20|151|ILE|HOH|943|150|753|-CD1|-O--|628|0011|555|0|3.956722|-2.560000|-2.291000|1.962999|18.834867
1880|137|22|21|ILE|GLU|925|160|153|-N--|-C--|103|0001|555|0|1.317153|0.340000|-0.937000|0.861000|2.731286
1880|138|88|21|VAL|GLU|525|672|152|-O--|-CA-|402|0001|555|0|3.207345|-0.155000|-2.796997|1.562000|1.174558
1880|139|21|90|GLU|GLN|2527|158|691|-OE1|-NE2|1009|0001|555|0|2.857985|-1.023001|-1.173000|-2.397001|1.085636
1880|140|21|132|GLU|HOH|2543|154|734|-O--|-O--|428|0011|555|0|2.853204|-2.319000|-1.623001|-0.358999|55.840961
1880|141|21|156|GLU|HOH|2543|154|758|-O--|-O--|428|0011|555|0|3.650401|-0.442000|-1.936001|-3.063000|79.166756
1880|142|22|23|ILE|GLN|927|162|168|-C--|-N--|301|0001|555|0|1.319526|-0.989000|-0.098000|-0.868000|1.960189
1880|143|88|22|VAL|ILE|509|672|160|-O--|-N--|401|0001|555|0|2.747694|-1.776000|-2.093998|-0.104000|3.839540
1880|144|22|90|ILE|GLN|927|163|683|-O--|-N--|401|0001|555|0|2.743837|1.841001|1.598999|-1.257999|4.785231
1880|145|22|116|ILE|HOH|943|161|718|-CA-|-O--|228|0011|555|0|3.866162|-2.723001|-2.663002|-0.664001|62.901176
1880|146|22|132|ILE|HOH|943|161|734|-CA-|-O--|228|0011|555|0|3.959297|-1.440001|-3.372002|1.493999|48.124702
1880|147|22|26|ILE|ASP|921|164|193|-CB-|-OD2|510|0001|555|0|3.598214|-2.209000|-1.380997|-2.481998|3.806143
1880|148|22|156|ILE|HOH|943|161|758|-CA-|-O--|228|0011|555|0|3.903115|0.436999|-3.685001|-1.210001|68.927650
1880|149|89|22|VAL|ILE|509|677|163|-CA-|-O--|204|0001|555|0|3.477577|-1.273001|-3.209999|-0.410999|6.089840
1880|150|28|22|VAL|ILE|509|207|167|-CG2|-CD1|606|0001|555|0|3.835936|2.019000|-0.605000|-3.205000|1.997940
1880|151|22|65|ILE|PHE|935|167|494|-CD1|-CB-|605|0001|555|0|3.977379|-0.355000|3.790001|-1.153000|0.990711
1880|152|23|116|GLN|HOH|2743|168|718|-N--|-O--|128|0011|555|0|3.960328|-2.078000|-2.940002|1.650000|34.609890
1880|153|26|23|ASP|GLN|2127|193|168|-OD2|-N--|1001|0001|555|0|2.818441|2.703000|0.730999|-0.321001|1.184085
1880|154|24|23|ALA|GLN|327|177|170|-N--|-C--|103|0001|555|0|1.328618|-0.550000|-0.761002|0.940001|1.198450
1880|155|23|90|GLN|GLN|2727|176|690|-NE2|-OE1|908|0001|555|0|2.869477|1.827000|0.712002|2.094999|2.296942
1880|156|25|23|GLY|GLN|127|182|171|-N--|-O--|104|0001|555|0|3.209770|1.433000|-2.335999|1.671001|4.486432
1880|157|89|23|VAL|GLN|527|681|170|-CG1|-C--|603|0001|555|0|3.938298|-2.158999|-3.049000|-1.246000|5.271660
1880|158|23|149|GLN|HOH|2743|173|751|-CG-|-O--|628|0011|555|0|3.669239|-3.632999|-0.505001|0.098003|12.916855
1880|159|23|158|GLN|HOH|2743|172|760|-CB-|-O--|528|0011|555|0|3.958918|-0.456000|1.612000|-3.586998|55.514629
1880|160|23|145|GLN|HOH|2743|175|747|-OE1|-O--|828|0011|555|0|3.181530|-0.106999|2.492001|-1.974998|17.775696
1880|161|23|156|GLN|HOH|2743|176|758|-NE2|-O--|928|0011|555|0|2.861576|-1.003000|-0.887001|2.528999|2.172875
1880|162|24|158|ALA|HOH|343|180|760|-O--|-O--|428|0011|555|0|2.976068|1.477000|-1.730000|-1.918999|62.124275
1880|163|25|24|GLY|ALA|103|182|179|-N--|-C--|103|0001|555|0|1.332240|0.876000|-0.833000|-0.559998|3.429591
1880|164|24|145|ALA|HOH|343|177|747|-N--|-O--|128|0011|555|0|3.754322|1.771000|-1.904003|-2.708000|71.283485
1880|165|24|90|ALA|GLN|327|177|686|-N--|-O--|104|0001|555|0|2.907729|2.797999|-0.525002|-0.591999|12.874334
1880|166|24|89|ALA|VAL|305|178|681|-CA-|-CG1|206|0001|555|0|3.528665|2.228999|1.002998|2.545002|3.215023
1880|167|24|65|ALA|PHE|335|179|493|-C--|-O--|304|0001|555|0|3.696328|-0.253000|2.730999|2.477999|1.224500
1880|168|24|150|ALA|HOH|343|180|752|-O--|-O--|428|0011|555|0|2.983676|-1.901000|-2.252998|0.460999|32.537354
1880|169|24|26|ALA|ASP|321|179|186|-C--|-N--|301|0001|555|0|3.330493|-2.277000|-0.649998|2.341999|4.249437
1880|170|24|142|ALA|HOH|343|181|744|-CB-|-O--|528|0011|555|0|3.882257|-2.570000|2.245998|-1.850002|76.390915
1880|171|24|66|ALA|SER|311|181|504|-CB-|-O--|504|0001|555|0|3.749261|-0.775000|3.667999|-0.046001|0.695231
1880|172|25|26|GLY|ASP|121|184|186|-C--|-N--|301|0001|555|0|1.337659|0.761000|-0.623997|0.906002|2.743158
1880|173|25|142|GLY|HOH|143|182|744|-N--|-O--|128|0011|555|0|3.989228|0.533000|2.167999|-3.306000|119.820038
1880|174|25|66|GLY|SER|111|182|502|-N--|-CA-|102|0001|555|0|3.932051|0.610000|3.883999|0.059002|5.090532
1880|175|25|65|GLY|PHE|135|182|493|-N--|-O--|104|0001|555|0|2.769342|0.623000|1.897999|1.918001|1.911257
1880|176|25|99|GLY|HOH|143|185|701|-O--|-O--|428|0011|555|0|2.785130|-1.634000|1.310001|-1.835999|33.851887
1880|177|25|150|GLY|HOH|143|184|752|-C--|-O--|328|0011|555|0|3.660879|0.757000|-3.150997|-1.702999|43.553131
1880|178|25|136|GLY|HOH|143|185|738|-O--|-O--|428|0011|555|0|2.776599|-2.423000|-0.361000|1.307001|34.807449
1880|179|25|27|GLY|THR|113|185|194|-O--|-N--|401|0001|555|0|3.882815|-0.041000|-0.786999|3.802000|0.848744
1880|180|25|64|GLY|THR|113|185|489|-O--|-CG2|406|0001|555|0|3.694151|-0.579000|3.357002|1.429001|0.658493
1880|181|27|26|THR|ASP|1321|194|188|-N--|-C--|103|0001|555|0|1.328362|0.971000|0.430000|-0.798000|0.487449
1880|182|26|150|ASP|HOH|2143|192|752|-OD1|-O--|1028|0011|555|0|2.828260|0.283000|0.729000|-2.718000|42.306740
1880|183|26|65|ASP|PHE|2135|189|490|-O--|-N--|401|0001|555|0|3.112390|0.873000|2.986000|0.093000|6.046718
1880|184|26|136|ASP|HOH|2143|188|738|-C--|-O--|328|0011|555|0|3.757982|-3.353000|-0.004002|-1.696999|41.314690
1880|185|64|26|THR|ASP|1321|484|189|-CA-|-O--|204|0001|555|0|3.636304|1.461000|-3.261997|-0.669001|1.315763
1880|186|26|149|ASP|HOH|2143|192|751|-OD1|-O--|1028|0011|555|0|2.708838|0.893000|-2.303001|-1.111998|41.759567
1880|187|26|116|ASP|HOH|2143|193|718|-OD2|-O--|1028|0011|555|0|2.652651|0.625000|-2.209003|1.328999|39.713909
1880|188|27|136|THR|HOH|1343|199|738|-OG1|-O--|1728|0011|555|0|2.551887|0.093000|-1.050003|-2.323999|28.883482
1880|189|28|27|VAL|THR|513|201|196|-N--|-C--|103|0001|555|0|1.317455|-0.382000|-0.881001|-0.901999|2.096264
1880|190|63|27|ALA|THR|313|481|195|-O--|-CA-|402|0001|555|0|3.463557|-0.570000|-3.065002|-1.509001|1.669714
1880|191|27|64|THR|THR|1313|199|488|-OG1|-OG1|1717|0001|555|0|2.764911|0.286000|2.714001|-0.444000|2.248323
1880|192|27|62|THR|GLU|1325|200|473|-CG2|-CB-|605|0001|555|0|3.769759|-1.291000|2.118999|2.837999|6.644123
1880|193|28|29|VAL|GLN|527|203|208|-C--|-N--|301|0001|555|0|1.309757|-0.474000|-0.888000|0.837999|1.671316
1880|194|63|28|ALA|VAL|305|481|201|-O--|-N--|401|0001|555|0|2.875511|0.237000|-2.768002|0.741999|1.296516
1880|195|28|62|VAL|GLU|525|204|470|-O--|-CA-|402|0001|555|0|3.185064|-2.259000|2.190998|0.490999|8.097869
1880|196|28|30|VAL|TRP|539|206|228|-CG1|-CZ2|612|0001|555|0|3.936868|1.259000|3.230999|1.864000|0.350220
1880|197|28|65|VAL|PHE|535|207|498|-CG2|-CE1|612|0001|555|0|3.845426|0.794000|3.694000|-0.715000|1.662102
1880|198|29|30|GLN|TRP|2739|210|217|-C--|-N--|301|0001|555|0|1.337227|-0.056000|1.076000|0.792000|4.242864
1880|199|29|61|GLN|PHE|2735|209|461|-CA-|-O--|204|0001|555|0|3.448986|-1.196000|3.021000|1.157000|0.446825
1880|200|31|29|VAL|GLN|527|237|216|-CG2|-NE2|609|0001|555|0|3.884387|-2.529000|0.139999|-2.945000|20.505312
1880|201|60|29|THR|GLN|1327|457|216|-CG2|-NE2|609|0001|555|0|3.296390|0.635000|-1.955002|-2.577000|22.764153
1880|202|61|30|PHE|TRP|3539|461|217|-O--|-N--|401|0001|555|0|2.870653|1.753000|-2.026001|1.031000|3.167965
1880|203|31|30|VAL|TRP|539|231|219|-N--|-C--|103|0001|555|0|1.310247|-0.163000|0.896000|-0.941999|2.702511
1880|204|60|30|THR|TRP|1339|452|220|-CA-|-O--|204|0001|555|0|3.101919|2.978000|-0.830002|-0.254000|1.744958
1880|205|59|30|GLU|TRP|2539|445|220|-O--|-O--|404|0001|555|0|3.759237|2.393000|-0.463001|-2.862000|0.224444
1880|206|40|30|VAL|TRP|539|306|228|-CG1|-CZ2|612|0001|555|0|3.839538|-0.020000|-3.275002|-2.004000|0.234632
1880|207|73|30|TYR|TRP|3739|561|225|-CE1|-NE1|1215|0001|555|0|3.316314|-3.015000|-1.045998|-0.902000|4.656048
1880|208|30|94|TRP|HOH|3943|229|696|-CZ3|-O--|1228|0011|555|0|3.339785|-0.918000|3.174000|0.487000|14.014079
1880|209|87|30|ILE|TRP|939|668|228|-CD1|-CZ2|612|0001|555|0|3.639774|-2.715000|1.118000|2.151001|10.921238
1880|210|63|30|ALA|TRP|339|482|229|-CB-|-CZ3|512|0001|555|0|3.803074|0.908000|-1.547997|3.353001|1.351951
1880|211|31|32|VAL|ASN|523|233|238|-C--|-N--|301|0001|555|0|1.313335|-0.777000|0.766003|0.731000|0.581445
1880|212|31|59|VAL|GLU|525|232|445|-CA-|-O--|204|0001|555|0|3.539015|-2.517000|2.354000|0.804999|0.382747
1880|213|31|33|VAL|ASN|523|234|246|-O--|-N--|401|0001|555|0|3.165576|-0.528000|-0.141998|3.118000|7.422327
1880|214|31|60|VAL|THR|513|237|457|-CG2|-CG2|606|0001|555|0|3.812526|-3.164000|2.095001|-0.368000|0.783947
1880|215|31|127|VAL|HOH|543|236|729|-CG1|-O--|628|0011|555|0|3.957006|-0.466000|-1.519001|3.624000|41.227787
1880|216|32|59|ASN|GLU|2325|238|445|-N--|-O--|104|0001|555|0|2.890213|-2.161000|1.341000|-1.373000|1.720779
1880|217|32|33|ASN|ASN|2323|240|246|-C--|-N--|301|0001|555|0|1.316509|1.095000|-0.397999|0.613000|1.734452
1880|218|58|32|GLY|ASN|123|438|241|-N--|-O--|104|0001|555|0|2.878322|2.866000|-0.265999|0.005000|5.054949
1880|219|32|127|ASN|HOH|2343|241|729|-O--|-O--|428|0011|555|0|2.961110|-0.873000|-2.827999|-0.092000|34.727787
1880|220|57|32|PRO|ASN|1923|432|241|-CA-|-O--|204|0001|555|0|3.763193|2.802000|-1.000999|-2.304000|3.096400
1880|221|56|32|SER|ASN|1123|428|245|-O--|-ND2|409|0001|555|0|2.844825|2.588000|1.156998|0.238000|4.324157
1880|222|54|32|ALA|ASN|323|412|245|-O--|-ND2|409|0001|555|0|3.141259|-0.741000|-3.020000|-0.445001|4.818219
1880|223|36|32|ALA|ASN|323|275|245|-CB-|-ND2|509|0001|555|0|3.506208|-1.553000|-0.415001|-3.116000|1.964229
1880|224|32|38|ASN|HIS|2333|244|290|-OD1|-CD2|812|0001|555|0|3.179589|2.908000|0.266003|1.258000|18.316277
1880|225|32|55|ASN|PHE|2335|245|416|-ND2|-C--|903|0001|555|0|3.468474|-2.167000|1.652000|2.146000|0.357762
1880|226|33|34|ASN|LYS|2329|248|254|-C--|-N--|301|0001|555|0|1.321270|1.101000|0.515003|0.518000|3.500507
1880|227|33|127|ASN|HOH|2343|252|729|-OD1|-O--|828|0011|555|0|3.651228|-3.124000|1.067001|-1.560000|12.457374
1880|228|33|161|ASN|HOH|2343|249|763|-O--|-O--|428|0011|555|0|2.890550|-2.117000|-1.876999|-0.592000|75.831650
1880|229|33|101|ASN|HOH|2343|252|703|-OD1|-O--|828|0011|555|0|3.391477|-1.646000|-0.549000|-2.914001|24.794271
1880|230|35|34|LEU|LYS|729|263|256|-N--|-C--|103|0001|555|0|1.318788|0.219000|-0.506001|-1.198000|4.197301
1880|231|34|137|LYS|HOH|2943|256|739|-C--|-O--|328|0011|555|0|3.800119|-3.540000|0.988003|0.966000|72.058365
1880|232|34|100|LYS|HOH|2943|256|702|-C--|-O--|328|0011|555|0|3.761758|-1.878000|-0.688000|3.186000|44.697552
1880|233|34|38|LYS|HIS|2933|257|292|-O--|-NE2|413|0001|555|0|2.757021|0.639000|2.338001|-1.314000|6.706115
1880|234|36|34|ALA|LYS|329|271|256|-N--|-C--|103|0001|555|0|3.341255|1.030000|-3.138000|-0.506000|0.811032
1880|235|35|137|LEU|HOH|743|263|739|-N--|-O--|128|0011|555|0|3.363806|-3.321000|0.482002|-0.232000|103.399780
1880|236|35|100|LEU|HOH|743|263|702|-N--|-O--|128|0011|555|0|2.851326|-1.659000|-1.194000|1.988000|66.615501
1880|237|36|35|ALA|LEU|307|271|265|-N--|-C--|103|0001|555|0|1.322129|1.236000|-0.158001|0.442000|0.030062
1880|238|35|38|LEU|HIS|733|266|291|-O--|-CE1|412|0001|555|0|3.115124|1.342000|-0.215000|-2.803000|16.809200
1880|239|35|111|LEU|HOH|743|266|713|-O--|-O--|428|0011|555|0|3.019219|0.801000|2.016998|2.099000|60.292072
1880|240|35|37|LEU|PRO|719|266|276|-O--|-N--|401|0001|555|0|3.828137|-2.462000|2.893002|-0.473000|1.346926
1880|241|35|78|LEU|HIS|733|266|607|-O--|-CE1|412|0001|555|0|3.394833|2.281000|2.371998|-0.834000|2.895221
1880|242|36|137|ALA|HOH|343|271|739|-N--|-O--|128|0011|555|0|3.336793|-2.510000|-2.149998|0.460000|78.114372
1880|243|36|38|ALA|HIS|333|271|292|-N--|-NE2|113|0001|555|0|3.613796|2.382000|-0.271999|-2.704000|10.202005
1880|244|36|37|ALA|PRO|319|273|276|-C--|-N--|301|0001|555|0|1.323077|0.048000|1.232002|-0.480000|2.586990
1880|245|36|111|ALA|HOH|343|274|713|-O--|-O--|428|0011|555|0|3.333456|3.157000|0.608997|0.880000|42.174221
1880|246|36|54|ALA|ALA|303|275|412|-CB-|-O--|504|0001|555|0|3.818325|-0.812000|2.605000|-2.671000|7.897906
1880|247|36|55|ALA|PHE|335|275|417|-CB-|-O--|504|0001|555|0|3.393075|-3.345000|0.569000|-0.013000|2.289666
1880|248|36|109|ALA|HOH|343|275|711|-CB-|-O--|528|0011|555|0|3.875885|-2.532000|1.669998|2.413000|57.511372
1880|249|37|38|PRO|HIS|1933|278|283|-C--|-N--|301|0001|555|0|1.336986|-0.231000|-0.101002|-1.313000|3.755504
1880|250|54|37|ALA|PRO|319|412|277|-O--|-CA-|402|0001|555|0|3.180679|2.202000|0.405998|2.259000|2.753365
1880|251|37|91|PRO|_CU|1946|279|693|-O--|CU--|440|0011|555|0|3.529873|2.960000|-1.201000|-1.502000|0.244812
1880|252|37|78|PRO|HIS|1933|279|607|-O--|-CE1|412|0001|555|0|3.080688|2.553000|-1.005001|1.401000|0.000000
1880|253|37|77|PRO|PRO|1919|279|597|-O--|-CG-|406|0001|555|0|3.927585|2.160000|3.233002|-0.555000|10.471412
1880|254|37|55|PRO|PHE|1935|280|422|-CB-|-CE1|512|0001|555|0|3.799720|-2.999000|1.777000|1.512000|11.018770
1880|255|37|166|PRO|HOH|1943|282|768|-CD-|-O--|628|0011|555|0|3.784400|-2.253000|1.243000|2.775000|106.203415
1880|256|54|38|ALA|HIS|333|409|286|-N--|-O--|104|0001|555|0|2.849244|2.726000|-0.720997|-0.409000|4.510472
1880|257|39|38|ASN|HIS|2333|293|285|-N--|-C--|103|0001|555|0|1.319209|-0.989000|-0.467999|0.737000|0.739134
1880|258|38|91|HIS|_CU|3346|289|693|-ND1|CU--|1340|0011|555|0|1.973201|1.390000|1.398998|-0.065000|4.886800
1880|259|75|38|CYS|HIS|1533|582|284|-SG-|-CA-|1102|0001|555|0|3.595749|-3.535000|-0.645000|0.131000|1.521439
1880|260|53|38|LEU|HIS|733|402|286|-CA-|-O--|204|0001|555|0|3.633162|1.978000|-3.015003|-0.444000|5.221767
1880|261|83|38|MET|HIS|1733|640|289|-CE-|-ND1|613|0001|555|0|3.318660|-2.167000|1.628002|1.914999|1.513971
1880|262|38|78|HIS|HIS|3333|289|605|-ND1|-ND1|1313|0001|555|0|3.079599|1.865000|1.577999|1.875000|6.086067
1880|263|40|39|VAL|ASN|523|301|295|-N--|-C--|103|0001|555|0|1.319410|-0.021000|-0.501999|1.219999|0.060377
1880|264|75|39|CYS|ASN|1523|578|296|-CA-|-O--|204|0001|555|0|3.419232|-2.944000|-0.626999|-1.622000|2.912312
1880|265|39|50|ASN|HIS|2333|297|377|-CB-|-O--|504|0001|555|0|3.339425|-0.861000|0.622002|-3.165999|1.643127
1880|266|39|74|ASN|TYR|2337|296|568|-O--|-O--|404|0001|555|0|3.770716|3.373000|1.256996|-1.123000|0.287770
1880|267|52|39|ASP|ASN|2123|396|297|-O--|-CB-|405|0001|555|0|3.589180|3.481000|-0.584000|0.651000|3.818737
1880|268|39|51|ASN|LYS|2329|300|387|-ND2|-O--|904|0001|555|0|2.842282|-2.444000|1.134995|-0.904000|4.526377
1880|269|53|39|LEU|ASN|723|408|300|-CD2|-ND2|609|0001|555|0|3.996842|2.129000|1.011002|-3.228000|6.329206
1880|270|39|76|ASN|GLU|2325|299|583|-OD1|-N--|801|0001|555|0|2.789582|2.512000|0.015999|1.213000|3.846124
1880|271|77|39|PRO|ASN|1923|598|299|-CD-|-OD1|608|0001|555|0|3.788838|-0.718000|-0.387001|-3.700000|2.649729
1880|272|39|135|ASN|HOH|2343|300|737|-ND2|-O--|928|0011|555|0|3.786827|-2.220000|2.934998|0.893000|39.495758
1880|273|40|50|VAL|HIS|533|304|374|-O--|-N--|401|0001|555|0|2.754632|-2.214000|0.778999|-1.441999|0.010011
1880|274|40|41|VAL|VAL|505|303|308|-C--|-N--|301|0001|555|0|1.313629|1.246000|0.376999|0.176001|1.681531
1880|275|40|74|VAL|TYR|537|302|568|-CA-|-O--|204|0001|555|0|3.483910|3.126000|0.407997|1.483000|6.047847
1880|276|40|42|VAL|VAL|505|303|315|-C--|-N--|301|0001|555|0|3.985609|2.645000|0.868996|-2.851999|0.385628
1880|277|40|49|VAL|SER|511|304|369|-O--|-CA-|402|0001|555|0|3.556608|-0.698000|1.080002|-3.316000|0.030097
1880|278|40|61|VAL|PHE|535|307|466|-CG2|-CE1|612|0001|555|0|3.625063|-3.444000|0.028000|-1.131001|5.916433
1880|279|40|94|VAL|HOH|543|306|696|-CG1|-O--|628|0011|555|0|3.954588|-3.068000|0.596001|-2.423000|13.604203
1880|280|40|73|VAL|TYR|537|306|559|-CG1|-CD1|612|0001|555|0|3.806286|3.035000|-2.178001|0.730000|1.634695
1880|281|41|42|VAL|VAL|505|310|315|-C--|-N--|301|0001|555|0|1.306467|-0.206000|0.073997|-1.288000|0.408172
1880|282|41|74|VAL|TYR|537|308|568|-N--|-O--|104|0001|555|0|2.848994|1.482000|-1.203003|2.115000|3.577717
1880|283|41|49|VAL|SER|511|309|373|-CA-|-OG-|217|0001|555|0|3.755696|-1.106999|1.268997|-3.357000|0.309240
1880|284|41|73|VAL|TYR|537|311|554|-O--|-CA-|402|0001|555|0|3.080712|1.683000|-2.558002|-0.339001|1.666860
1880|285|41|43|VAL|GLU|525|311|322|-O--|-N--|401|0001|555|0|3.613401|1.980000|1.169998|-2.787001|0.121595
1880|286|41|76|VAL|GLU|525|313|588|-CG1|-CG-|606|0001|555|0|3.480226|-0.410000|1.292999|3.205000|6.998848
1880|287|42|49|VAL|SER|511|315|373|-N--|-OG-|117|0001|555|0|2.937612|-1.964000|1.841003|-1.176001|1.467032
1880|288|42|43|VAL|GLU|525|317|322|-C--|-N--|301|0001|555|0|1.315877|1.256000|-0.094002|0.381001|0.561108
1880|289|42|73|VAL|TYR|537|316|557|-CA-|-CB-|205|0001|555|0|3.789377|0.675000|-3.246002|1.834999|2.538214
1880|290|42|72|VAL|THR|513|316|549|-CA-|-O--|204|0001|555|0|3.743654|3.323999|-1.685005|0.355999|0.965448
1880|291|44|42|GLY|VAL|105|331|318|-N--|-O--|104|0001|555|0|3.237652|-2.532001|-1.821999|0.866999|0.100924
1880|292|42|45|VAL|GLN|527|318|335|-O--|-N--|401|0001|555|0|2.961903|0.256001|1.584999|-2.488998|0.933447
1880|293|42|48|VAL|LEU|507|321|363|-CG2|-O--|604|0001|555|0|3.587127|-3.433000|0.600998|-0.848999|2.562799
1880|294|44|43|GLY|GLU|125|331|324|-N--|-C--|103|0001|555|0|1.350626|0.146999|-1.335999|0.132999|0.535204
1880|295|43|93|GLU|HOH|2543|325|695|-O--|-O--|428|0011|555|0|2.734377|1.090000|-2.502998|-0.154001|8.862543
1880|296|72|43|THR|GLU|1325|549|322|-O--|-N--|401|0001|555|0|2.977512|-1.101000|2.745003|-0.344000|1.252585
1880|297|43|138|GLU|HOH|2543|323|740|-CA-|-O--|228|0011|555|0|3.467800|0.760000|3.337997|0.552999|35.039673
1880|298|43|45|GLU|GLN|2527|324|335|-C--|-N--|301|0001|555|0|3.187279|-2.422999|1.098999|-1.754999|0.256207
1880|299|43|120|GLU|HOH|2543|325|722|-O--|-O--|428|0011|555|0|3.477452|2.893001|0.267006|-1.911001|93.604538
1880|300|43|108|GLU|HOH|2543|329|710|-OE1|-O--|1028|0011|555|0|3.346156|0.191999|-0.658997|-3.275000|19.331762
1880|301|43|74|GLU|TYR|2537|327|574|-CG-|-CE2|612|0001|555|0|3.942408|-1.756001|0.732002|3.453001|6.471300
1880|302|43|162|GLU|HOH|2543|330|764|-OE2|-O--|1028|0011|555|0|2.715255|-0.025000|-1.778000|2.051999|56.938393
1880|303|43|170|GLU|HOH|2543|329|772|-OE1|-O--|1028|0011|555|0|2.748111|2.712000|-0.377998|-0.233000|73.089859
1880|304|43|114|GLU|HOH|2543|330|716|-OE2|-O--|1028|0011|555|0|2.726569|2.676001|-0.441994|0.278999|30.984453
1880|305|43|79|GLU|ARG|2531|330|618|-OE2|-NH1|1007|0001|555|0|3.861479|-0.200001|0.667999|3.797999|27.680693
1880|306|44|45|GLY|GLN|127|333|335|-C--|-N--|301|0001|555|0|1.347863|-0.988999|-0.773003|0.491001|5.094221
1880|307|44|138|GLY|HOH|143|331|740|-N--|-O--|128|0011|555|0|2.758537|0.920000|1.501999|2.122999|25.618931
1880|308|44|139|GLY|HOH|143|334|741|-O--|-O--|428|0011|555|0|2.761075|1.818000|1.979004|-0.633999|1.220205
1880|309|44|46|GLY|PRO|119|334|350|-O--|-CD-|406|0001|555|0|3.400163|-3.036000|1.129005|1.034000|1.663282
1880|310|46|45|PRO|GLN|1927|344|337|-N--|-C--|103|0001|555|0|1.322182|0.413000|-1.256004|-0.007000|1.991413
1880|311|47|45|GLU|GLN|2527|359|342|-OE2|-OE1|1008|0001|555|0|2.462739|2.426000|-0.422005|0.039000|13.117234
1880|312|48|45|LEU|GLN|727|360|338|-N--|-O--|104|0001|555|0|2.986077|2.438000|1.128006|1.303999|0.392881
1880|313|49|45|SER|GLN|1127|373|338|-OG-|-O--|1704|0001|555|0|2.825828|0.481000|0.398003|-2.756001|1.306345
1880|314|45|118|GLN|HOH|2743|342|720|-OE1|-O--|828|0011|555|0|3.941020|-2.237000|-2.201996|-2.382999|63.325661
1880|315|45|112|GLN|HOH|2743|343|714|-NE2|-O--|928|0011|555|0|3.493316|0.016000|0.739998|-3.414001|5.433966
1880|316|45|110|GLN|HOH|2743|342|712|-OE1|-O--|828|0011|555|0|3.033014|-0.888000|0.788002|-2.791000|43.996071
1880|317|46|47|PRO|GLU|1925|346|351|-C--|-N--|301|0001|555|0|1.332713|-0.077000|-0.215004|-1.313000|0.476365
1880|318|48|46|LEU|PRO|719|360|346|-N--|-C--|103|0001|555|0|3.176377|0.305000|3.030006|0.903000|1.494927
1880|319|49|46|SER|PRO|1119|368|347|-N--|-O--|104|0001|555|0|3.189714|-0.304000|3.042000|-0.910000|1.515821
1880|320|46|144|PRO|HOH|1943|348|746|-CB-|-O--|528|0011|555|0|3.701643|-2.319000|1.734001|-2.306000|91.714096
1880|321|48|47|LEU|GLU|725|360|353|-N--|-C--|103|0001|555|0|1.346310|-1.033000|0.652000|-0.566000|5.567472
1880|322|47|163|GLU|HOH|2543|354|765|-O--|-O--|428|0011|555|0|2.839717|-1.794000|-2.175003|0.338999|111.946991
1880|323|49|47|SER|GLU|1125|368|353|-N--|-C--|103|0001|555|0|3.393366|-0.771000|1.029999|-3.139999|5.065796
1880|324|47|123|GLU|HOH|2543|358|725|-OE1|-O--|1028|0011|555|0|2.557769|-0.692000|1.952003|-1.500999|4.290441
1880|325|47|110|GLU|HOH|2543|359|712|-OE2|-O--|1028|0011|555|0|3.173784|1.538000|0.365997|-2.752001|18.108343
1880|326|47|118|GLU|HOH|2543|359|720|-OE2|-O--|1028|0011|555|0|3.523554|0.189000|-2.624001|-2.344000|30.053318
1880|327|48|49|LEU|SER|711|362|368|-C--|-N--|301|0001|555|0|1.321787|0.049000|1.132996|0.678999|0.424162
1880|328|48|163|LEU|HOH|743|361|765|-CA-|-O--|228|0011|555|0|3.863066|-3.708000|-0.713997|-0.815001|172.436447
1880|329|48|94|LEU|HOH|743|363|696|-O--|-O--|428|0011|555|0|2.659756|-1.356000|-1.268997|1.903999|11.316462
1880|330|63|48|ALA|LEU|307|482|363|-CB-|-O--|504|0001|555|0|3.733744|1.346000|2.895000|1.936001|0.234311
1880|331|48|65|LEU|PHE|735|366|499|-CD1|-CE2|612|0001|555|0|3.470219|0.987000|-3.145000|1.085001|1.656820
1880|332|48|118|LEU|HOH|743|366|720|-CD1|-O--|628|0011|555|0|3.926223|0.111000|1.148003|-3.752998|100.199852
1880|333|48|64|LEU|THR|713|367|486|-CD2|-O--|604|0001|555|0|3.398274|-0.976000|-2.507999|-2.075001|11.561939
1880|334|48|146|LEU|HOH|743|367|748|-CD2|-O--|628|0011|555|0|3.596388|-2.333000|-0.354004|-2.714001|95.248871
1880|335|48|167|LEU|HOH|743|367|769|-CD2|-O--|628|0011|555|0|3.935081|0.104000|-0.732002|-3.865000|40.150745
1880|336|49|50|SER|HIS|1133|370|374|-C--|-N--|301|0001|555|0|1.325211|-0.135000|-0.390999|1.258999|4.036936
1880|337|49|94|SER|HOH|1143|370|696|-C--|-O--|328|0011|555|0|3.659982|-0.067000|-3.644997|-0.324001|11.216587
1880|338|49|126|SER|HOH|1143|371|728|-O--|-O--|428|0011|555|0|3.494033|-0.792000|2.834000|1.883999|28.092571
1880|339|49|51|SER|LYS|1129|370|384|-C--|-N--|301|0001|555|0|3.907650|-1.067000|1.595001|3.403999|2.688594
1880|340|50|94|HIS|HOH|3343|374|696|-N--|-O--|128|0011|555|0|3.619256|0.068000|-3.253998|-1.583000|21.263536
1880|341|50|126|HIS|HOH|3343|375|728|-CA-|-O--|228|0011|555|0|3.650937|-0.292000|3.563004|-0.741001|27.171097
1880|342|51|50|LYS|HIS|2933|384|376|-N--|-C--|103|0001|555|0|1.329601|-0.019000|-1.326996|-0.080999|0.880102
1880|343|50|97|HIS|HOH|3343|376|699|-C--|-O--|328|0011|555|0|3.539123|-3.107000|1.570000|-0.638000|17.518909
1880|344|52|50|ASP|HIS|2133|396|380|-O--|-ND1|413|0001|555|0|2.984226|-0.302000|-1.109001|-2.754000|3.557245
1880|345|50|61|HIS|PHE|3335|381|463|-CD2|-CG-|1212|0001|555|0|3.437901|0.600000|-3.366997|0.350000|1.132396
1880|346|50|134|HIS|HOH|3343|378|736|-CB-|-O--|528|0011|555|0|3.628656|-0.606000|-1.464996|-3.264000|51.257507
1880|347|50|140|HIS|HOH|3343|382|742|-CE1|-O--|1228|0011|555|0|2.946184|-1.866000|-0.362000|2.251000|29.996384
1880|348|51|97|LYS|HOH|2943|384|699|-N--|-O--|128|0011|555|0|3.216813|-3.126000|0.243004|-0.719000|15.163890
1880|349|52|51|ASP|LYS|2129|393|386|-N--|-C--|103|0001|555|0|1.333694|1.286000|0.167999|0.311000|1.426898
1880|350|51|126|LYS|HOH|2943|384|728|-N--|-O--|128|0011|555|0|2.824408|-0.665000|1.651001|-2.193001|21.402468
1880|351|53|51|LEU|LYS|729|401|387|-N--|-O--|104|0001|555|0|3.417329|2.523000|1.550995|-1.705000|3.587831
1880|352|51|164|LYS|HOH|2943|386|766|-C--|-O--|328|0011|555|0|3.951636|-1.610000|3.535004|0.726000|107.577759
1880|353|51|135|LYS|HOH|2943|387|737|-O--|-O--|428|0011|555|0|2.553311|0.224000|1.800003|1.797000|24.961548
1880|354|76|51|GLU|LYS|2529|590|392|-OE1|-NZ-|1014|0001|555|0|2.690492|-1.694000|1.725998|-1.179000|13.299038
1880|355|52|97|ASP|HOH|2143|393|699|-N--|-O--|128|0011|555|0|3.061514|-1.256000|-0.105995|-2.790000|11.047089
1880|356|53|52|LEU|ASP|721|401|395|-N--|-C--|103|0001|555|0|1.331331|0.115000|-0.079002|-1.324000|1.848611
1880|357|52|164|ASP|HOH|2143|399|766|-OD1|-O--|1028|0011|555|0|2.713343|2.133000|1.502998|0.744000|52.337543
1880|358|52|121|ASP|HOH|2143|394|723|-CA-|-O--|228|0011|555|0|3.602158|-0.671000|1.401001|3.250000|10.748307
1880|359|52|140|ASP|HOH|2143|396|742|-O--|-O--|428|0011|555|0|3.838321|-3.489000|-1.572998|-0.292000|47.229271
1880|360|54|52|ALA|ASP|321|409|396|-N--|-O--|104|0001|555|0|3.715766|0.965000|2.345001|-2.716001|0.913555
1880|361|53|103|LEU|HOH|743|404|705|-O--|-O--|428|0011|555|0|2.657599|-1.471000|2.185997|0.347000|31.250055
1880|362|54|53|ALA|LEU|307|409|403|-N--|-C--|103|0001|555|0|1.318052|-0.369000|1.263000|-0.077001|3.241796
1880|363|53|121|LEU|HOH|743|401|723|-N--|-O--|128|0011|555|0|2.964361|-0.819000|2.613998|1.133000|19.256948
1880|364|53|140|LEU|HOH|743|404|742|-O--|-O--|428|0011|555|0|3.111796|-0.973000|-0.843002|-2.833000|42.003407
1880|365|53|141|LEU|HOH|743|404|743|-O--|-O--|428|0011|555|0|3.564892|-3.042000|-1.635002|0.884000|45.775486
1880|366|53|55|LEU|PHE|735|405|423|-CB-|-CE2|512|0001|555|0|3.718811|-2.910000|-0.143997|2.311000|6.023978
1880|367|53|159|LEU|HOH|743|407|761|-CD1|-O--|628|0011|555|0|3.658433|-0.775000|1.881996|3.040000|75.574173
1880|368|53|77|LEU|PRO|719|408|597|-CD2|-CG-|606|0001|555|0|3.937026|3.372000|-1.028000|1.753000|0.040085
1880|369|54|55|ALA|PHE|335|411|414|-C--|-N--|301|0001|555|0|1.324131|-1.156000|0.031002|0.645000|1.196221
1880|370|54|59|ALA|GLU|325|410|450|-CA-|-OE2|210|0001|555|0|3.595332|-2.962000|-0.291000|-2.017000|19.125975
1880|371|54|140|ALA|HOH|343|410|742|-CA-|-O--|228|0011|555|0|3.907685|-1.545000|1.875999|-3.060000|46.509972
1880|372|54|141|ALA|HOH|343|410|743|-CA-|-O--|228|0011|555|0|3.829843|-3.614000|1.084000|0.657000|50.567276
1880|373|54|56|ALA|SER|311|411|425|-C--|-N--|301|0001|555|0|3.818057|-2.790000|-2.184998|1.421000|0.756277
1880|374|59|55|GLU|PHE|2535|449|414|-OE1|-N--|1001|0001|555|0|3.293537|2.086000|1.033001|2.330000|15.449846
1880|375|56|55|SER|PHE|1135|425|416|-N--|-C--|103|0001|555|0|1.323499|0.919000|0.446999|0.841000|0.809500
1880|376|55|141|PHE|HOH|3543|414|743|-N--|-O--|128|0011|555|0|3.199611|-2.417000|1.535999|-1.427000|47.204659
1880|377|55|109|PHE|HOH|3543|417|711|-O--|-O--|428|0011|555|0|2.785434|0.813000|1.100998|2.426000|70.273552
1880|378|57|55|PRO|PHE|1935|431|417|-N--|-O--|104|0001|555|0|3.995294|1.291000|3.429001|1.593000|2.744701
1880|379|55|166|PHE|HOH|3543|422|768|-CE1|-O--|1228|0011|555|0|3.919696|1.537000|-1.109001|3.431000|71.684387
1880|380|55|103|PHE|HOH|3543|423|705|-CE2|-O--|1228|0011|555|0|3.961195|-0.980000|1.213997|-3.641000|13.209349
1880|381|55|160|PHE|HOH|3543|423|762|-CE2|-O--|1228|0011|555|0|3.730132|0.487000|3.565994|-0.980000|21.002970
1880|382|56|57|SER|PRO|1119|427|431|-C--|-N--|301|0001|555|0|1.337210|0.006000|-1.173000|0.642000|1.789210
1880|383|56|59|SER|GLU|1125|428|442|-O--|-N--|401|0001|555|0|3.246255|-0.551000|-1.259003|-2.941000|2.123891
1880|384|56|165|SER|HOH|1143|430|767|-OG-|-O--|1728|0011|555|0|2.621870|0.288000|0.503002|2.557000|45.708817
1880|385|58|56|GLY|SER|111|438|428|-N--|-O--|104|0001|555|0|3.417235|0.039000|3.223003|1.135000|1.156364
1880|386|58|57|GLY|PRO|119|438|433|-N--|-C--|103|0001|555|0|1.323659|-0.724000|0.377003|1.042001|1.580506
1880|387|57|59|PRO|GLU|1925|433|442|-C--|-N--|301|0001|555|0|3.267203|0.212000|1.586998|-2.848001|2.602009
1880|388|57|161|PRO|HOH|1943|435|763|-CB-|-O--|528|0011|555|0|3.957854|2.315000|-3.181000|-0.432000|134.056244
1880|389|58|59|GLY|GLU|125|440|442|-C--|-N--|301|0001|555|0|1.312843|0.218000|1.215000|0.447000|0.858716
1880|390|58|127|GLY|HOH|143|438|729|-N--|-O--|128|0011|555|0|3.681364|1.993000|-3.093998|-0.087000|56.587189
1880|391|58|60|GLY|THR|113|441|457|-O--|-CG2|406|0001|555|0|3.257036|1.490000|0.036999|-2.896000|2.847602
1880|392|60|59|THR|GLU|1325|451|444|-N--|-C--|103|0001|555|0|1.343686|0.434000|-0.199001|1.256000|3.081937
1880|393|59|140|GLU|HOH|2543|450|742|-OE2|-O--|1028|0011|555|0|2.791348|1.417000|2.167000|-1.043000|11.938742
1880|394|59|141|GLU|HOH|2543|449|743|-OE1|-O--|1028|0011|555|0|2.743124|-0.331000|2.569000|0.903000|15.476827
1880|395|60|61|THR|PHE|1335|453|458|-C--|-N--|301|0001|555|0|1.316056|1.079000|0.141998|-0.740000|2.729835
1880|396|62|61|GLU|PHE|2535|469|460|-N--|-C--|103|0001|555|0|1.315592|0.067000|-0.526001|1.204000|1.095391
1880|397|61|119|PHE|HOH|3543|459|721|-CA-|-O--|228|0011|555|0|3.393032|-1.264000|1.824997|-2.566000|25.683048
1880|398|61|134|PHE|HOH|3543|464|736|-CD1|-O--|1228|0011|555|0|3.797793|0.087000|2.234001|-3.070000|40.595657
1880|399|61|94|PHE|HOH|3543|464|696|-CD1|-O--|1228|0011|555|0|3.875242|2.644000|1.774002|-2.209000|5.572472
1880|400|62|119|GLU|HOH|2543|469|721|-N--|-O--|128|0011|555|0|2.883323|-2.213000|1.815998|-0.344000|25.319805
1880|401|63|62|ALA|GLU|325|478|471|-N--|-C--|103|0001|555|0|1.325067|-0.973000|0.492001|0.753000|1.081485
1880|402|62|117|GLU|HOH|2543|471|719|-C--|-O--|328|0011|555|0|3.951497|-1.266000|-0.039001|-3.743000|55.002014
1880|403|62|134|GLU|HOH|2543|472|736|-O--|-O--|428|0011|555|0|2.798080|0.772000|1.871002|1.931999|43.237263
1880|404|62|163|GLU|HOH|2543|472|765|-O--|-O--|428|0011|555|0|3.913631|1.142000|3.191002|-1.957001|134.817169
1880|405|63|117|ALA|HOH|343|480|719|-C--|-O--|328|0011|555|0|3.508573|-3.371000|0.418999|-0.878000|77.817543
1880|406|63|64|ALA|THR|313|480|483|-C--|-N--|301|0001|555|0|1.316132|-0.029000|0.542000|-1.198999|0.542055
1880|407|63|105|ALA|HOH|343|479|707|-CA-|-O--|228|0011|555|0|3.480521|-0.850000|2.243000|-2.521999|20.484831
1880|408|63|65|ALA|PHE|335|481|496|-O--|-CD1|412|0001|555|0|3.818937|3.785000|0.264000|-0.434000|4.747903
1880|409|64|117|THR|HOH|1343|488|719|-OG1|-O--|1728|0011|555|0|2.858840|-1.522000|1.241997|2.077000|44.092724
1880|410|64|105|THR|HOH|1343|483|707|-N--|-O--|128|0011|555|0|2.851835|-1.221000|2.574001|-0.129000|19.047537
1880|411|64|65|THR|PHE|1335|485|490|-C--|-N--|301|0001|555|0|1.338584|1.019000|-0.862000|-0.101999|4.229392
1880|412|64|146|THR|HOH|1343|486|748|-O--|-O--|428|0011|555|0|2.624779|-1.357000|2.153996|-0.639000|193.827408
1880|413|66|64|SER|THR|1113|501|486|-N--|-O--|104|0001|555|0|3.666771|-2.429000|0.847000|2.612999|4.933353
1880|414|64|167|THR|HOH|1343|486|769|-O--|-O--|428|0011|555|0|2.743112|1.080000|1.775997|-1.789999|91.945198
1880|415|64|143|THR|HOH|1343|488|745|-OG1|-O--|1728|0011|555|0|2.966624|-1.797000|0.767998|-2.232000|43.160904
1880|416|64|99|THR|HOH|1343|489|701|-CG2|-O--|628|0011|555|0|3.995430|-1.055000|-2.047001|-3.264999|31.099018
1880|417|66|65|SER|PHE|1135|501|492|-N--|-C--|103|0001|555|0|1.341413|0.023000|-1.069000|0.809999|2.044916
1880|418|65|167|PHE|HOH|3543|491|769|-CA-|-O--|228|0011|555|0|3.912482|-1.185000|3.424999|-1.473999|78.882050
1880|419|65|95|PHE|HOH|3543|491|697|-CA-|-O--|228|0011|555|0|3.426344|2.140000|2.512001|-0.921999|23.458534
1880|420|67|65|GLU|PHE|2535|507|492|-N--|-C--|103|0001|555|0|3.510519|-2.453001|-1.591000|1.943001|10.137166
1880|421|89|65|VAL|PHE|535|682|494|-CG2|-CB-|605|0001|555|0|3.799779|-3.526999|1.408001|-0.126999|0.862378
1880|422|65|71|PHE|TYR|3537|497|540|-CD2|-CD1|1212|0001|555|0|3.892223|3.885000|0.237003|-0.001999|0.090615
1880|423|87|65|ILE|PHE|935|668|500|-CD1|-CZ-|612|0001|555|0|3.645961|-1.374000|2.382000|-2.393999|8.151106
1880|424|66|167|SER|HOH|1143|506|769|-OG-|-O--|1728|0011|555|0|2.820704|-1.035000|0.538998|2.568001|24.297298
1880|425|66|95|SER|HOH|1143|501|697|-N--|-O--|128|0011|555|0|2.952846|1.976000|1.709999|1.375000|15.103690
1880|426|66|67|SER|GLU|1125|503|507|-C--|-N--|301|0001|555|0|1.332107|0.899000|0.605999|0.773998|0.429751
1880|427|66|142|SER|HOH|1143|504|744|-O--|-O--|428|0011|555|0|2.915224|-1.795001|-1.422001|-1.804001|81.071892
1880|428|66|68|SER|PRO|1119|504|522|-O--|-CD-|406|0001|555|0|3.931114|3.903000|-0.454998|-0.115002|4.469532
1880|429|67|95|GLU|HOH|2543|507|697|-N--|-O--|128|0011|555|0|2.819825|-0.500000|1.188000|2.508001|5.328233
1880|430|68|67|PRO|GLU|1925|516|509|-N--|-C--|103|0001|555|0|1.327971|-0.855000|0.717999|0.718998|0.171557
1880|431|67|71|GLU|TYR|2537|510|545|-O--|-OH-|418|0001|555|0|2.584678|0.333000|1.995998|1.608000|2.740723
1880|432|89|67|VAL|GLU|525|681|510|-CG1|-O--|604|0001|555|0|3.659635|0.728001|3.553001|-0.489000|7.231407
1880|433|69|67|GLY|GLU|125|523|510|-N--|-O--|104|0001|555|0|3.723758|-3.405000|1.416000|-0.517000|2.776441
1880|434|67|129|GLU|HOH|2543|511|731|-CB-|-O--|528|0011|555|0|3.851943|2.411000|1.784000|2.417000|73.708527
1880|435|69|68|GLY|PRO|119|523|518|-N--|-C--|103|0001|555|0|1.318380|-0.605000|0.610001|-1.000000|0.785489
1880|436|89|68|VAL|PRO|519|679|517|-O--|-CA-|402|0001|555|0|3.292843|-0.837000|2.708000|-1.676001|6.449605
1880|437|68|71|PRO|TYR|1937|519|545|-O--|-OH-|418|0001|555|0|3.943219|-2.698000|1.619999|2.375999|2.947757
1880|438|69|89|GLY|VAL|105|526|676|-O--|-N--|401|0001|555|0|2.876156|-1.537000|-2.431000|0.011999|2.358284
1880|439|69|107|GLY|HOH|143|523|709|-N--|-O--|128|0011|555|0|3.576317|1.839001|-3.047001|-0.352001|30.953943
1880|440|69|70|GLY|THR|113|525|527|-C--|-N--|301|0001|555|0|1.317781|0.801001|0.527000|0.903999|1.242482
1880|441|69|104|GLY|HOH|143|525|706|-C--|-O--|328|0011|555|0|3.515487|2.796999|-2.028999|-0.646999|65.153847
1880|442|69|98|GLY|HOH|143|524|700|-CA-|-O--|228|0011|555|0|3.501219|2.407001|2.213001|1.252001|46.264351
1880|443|69|71|GLY|TYR|137|526|542|-O--|-CE1|412|0001|555|0|3.634614|-2.648000|2.474998|0.270000|4.115005
1880|444|69|88|GLY|VAL|105|526|670|-O--|-CA-|402|0001|555|0|3.705945|-0.489000|-2.987999|2.136999|1.196722
1880|445|69|87|GLY|ILE|109|526|664|-O--|-O--|404|0001|555|0|3.928991|-1.077001|-0.771000|3.698999|1.955723
1880|446|70|71|THR|TYR|1337|529|534|-C--|-N--|301|0001|555|0|1.316330|-0.998000|-0.311001|0.799999|8.836627
1880|447|70|168|THR|HOH|1343|530|770|-O--|-O--|428|0011|555|0|2.789680|-0.890001|1.825005|-1.913000|175.191986
1880|448|70|104|THR|HOH|1343|532|706|-OG1|-O--|1728|0011|555|0|2.850418|0.268999|-0.473000|-2.797998|34.553226
1880|449|70|98|THR|HOH|1343|527|700|-N--|-O--|128|0011|555|0|3.023561|1.736000|2.228001|-1.078999|38.738087
1880|450|87|70|ILE|THR|913|664|528|-O--|-CA-|402|0001|555|0|3.535011|2.597001|1.749001|-1.641001|5.161606
1880|451|70|115|THR|HOH|1343|530|717|-O--|-O--|428|0011|555|0|3.361930|1.740000|0.875999|2.740000|112.302666
1880|452|70|169|THR|HOH|1343|532|771|-OG1|-O--|1728|0011|555|0|2.775457|1.968000|-1.716000|0.941000|42.765545
1880|453|88|70|VAL|THR|513|675|532|-CG2|-OG1|617|0001|555|0|3.985042|1.816999|3.218998|-1.489000|3.315740
1880|454|70|86|THR|LYS|1329|533|658|-CG2|-CD-|606|0001|555|0|3.361742|0.116999|-1.424000|3.042999|10.065437
1880|455|87|71|ILE|TYR|937|664|534|-O--|-N--|401|0001|555|0|2.743412|0.986000|2.559998|-0.023001|3.310525
1880|456|72|71|THR|TYR|1337|546|536|-N--|-C--|103|0001|555|0|1.303433|-0.391001|-0.980999|-0.764000|1.129057
1880|457|71|93|TYR|HOH|3743|535|695|-CA-|-O--|228|0011|555|0|3.335912|0.061001|3.271999|0.646999|10.600713
1880|458|86|71|LYS|TYR|2937|653|537|-CA-|-O--|204|0001|555|0|3.343624|-0.331000|2.612000|-2.060999|2.962596
1880|459|71|168|TYR|HOH|3743|543|770|-CE2|-O--|1228|0011|555|0|3.361805|3.349000|0.293007|-0.009001|128.640198
1880|460|89|71|VAL|TYR|537|682|542|-CG2|-CE1|612|0001|555|0|3.508259|1.233001|3.259998|0.400002|8.964846
1880|461|71|129|TYR|HOH|3743|545|731|-OH-|-O--|1828|0011|555|0|2.749110|1.487000|2.172001|-0.792999|86.037201
1880|462|71|95|TYR|HOH|3743|545|697|-OH-|-O--|1828|0011|555|0|3.256857|-3.210000|-0.070000|-0.546000|2.373525
1880|463|72|73|THR|TYR|1337|548|553|-C--|-N--|301|0001|555|0|1.320868|-0.615000|-0.562000|1.025000|0.991551
1880|464|72|93|THR|HOH|1343|546|695|-N--|-O--|128|0011|555|0|3.064306|-0.469000|2.565998|-1.608000|10.444909
1880|465|72|115|THR|HOH|1343|551|717|-OG1|-O--|1728|0011|555|0|2.879431|0.820002|0.843998|-2.628000|93.002190
1880|466|85|72|GLY|THR|113|651|547|-O--|-CA-|402|0001|555|0|3.449998|0.769000|2.561001|-2.180000|1.168609
1880|467|72|173|THR|HOH|1343|552|775|-CG2|-O--|628|0011|555|0|3.157129|0.786999|-2.889999|0.997999|113.215157
1880|468|84|72|VAL|THR|513|646|552|-CG1|-CG2|606|0001|555|0|3.890326|0.465000|1.600998|-3.514999|3.536203
1880|469|72|162|THR|HOH|1343|552|764|-CG2|-O--|628|0011|555|0|3.818333|0.143000|2.392998|2.971999|118.548340
1880|470|73|74|TYR|TYR|3737|555|565|-C--|-N--|301|0001|555|0|1.319968|-0.707000|0.805000|0.771000|1.616838
1880|471|85|73|GLY|TYR|137|648|556|-N--|-O--|104|0001|555|0|2.702846|-0.592000|2.583000|-0.532001|0.152580
1880|472|84|73|VAL|TYR|537|642|556|-CA-|-O--|204|0001|555|0|3.323699|-1.108000|1.575001|-2.709001|0.050289
1880|473|87|73|ILE|TYR|937|668|562|-CD1|-CE2|612|0001|555|0|3.646081|1.413000|0.186001|3.356001|16.839836
1880|474|86|73|LYS|TYR|2937|652|562|-N--|-CE2|112|0001|555|0|3.550961|-3.373000|1.096001|-0.176001|1.421749
1880|475|73|92|TYR|HOH|3743|564|694|-OH-|-O--|1828|0011|555|0|2.571830|1.331000|-1.910000|-1.092999|2.790648
1880|476|75|74|CYS|TYR|1537|577|567|-N--|-C--|103|0001|555|0|1.318504|0.120000|0.359001|-1.263000|0.419394
1880|477|83|74|MET|TYR|1737|636|566|-O--|-CA-|402|0001|555|0|3.461841|-0.735999|1.959999|-2.757000|1.126743
1880|478|76|74|GLU|TYR|2537|588|573|-CG-|-CE1|612|0001|555|0|3.772341|3.215000|-1.063995|-1.662000|1.005574
1880|479|84|74|VAL|TYR|537|647|569|-CG2|-CB-|605|0001|555|0|3.999659|-3.010000|2.243999|-1.379000|3.683697
1880|480|79|74|ARG|TYR|3137|615|570|-CD-|-CG-|612|0001|555|0|3.453037|-2.268001|-0.658997|-2.519000|64.476036
1880|481|74|162|TYR|HOH|3743|572|764|-CD2|-O--|1228|0011|555|0|3.576345|3.397000|-1.115005|-0.086000|133.690170
1880|482|74|102|TYR|HOH|3743|576|704|-OH-|-O--|1828|0011|555|0|2.576262|-1.609000|1.562996|1.267000|8.581683
1880|483|75|76|CYS|GLU|1525|579|583|-C--|-N--|301|0001|555|0|1.336028|-0.672999|1.144997|-0.145000|1.308693
1880|484|75|83|CYS|MET|1517|577|636|-N--|-O--|104|0001|555|0|3.090678|2.190000|-2.005001|0.858000|0.689649
1880|485|75|77|CYS|PRO|1519|580|592|-O--|-N--|401|0001|555|0|3.495403|-2.098000|1.866997|2.081000|10.165580
1880|486|75|79|CYS|ARG|1531|580|609|-O--|-N--|401|0001|555|0|2.852304|1.836000|-0.253998|2.168000|8.961124
1880|487|75|78|CYS|HIS|1533|580|599|-O--|-N--|401|0001|555|0|3.310241|-0.695000|-0.325996|3.220000|7.071185
1880|488|75|91|CYS|_CU|1546|582|693|-SG-|CU--|1140|0011|555|0|2.141786|-0.311000|-1.609001|1.379000|1.894457
1880|489|77|76|PRO|GLU|1925|592|585|-N--|-C--|103|0001|555|0|1.311894|1.032000|0.371002|-0.720000|0.254374
1880|490|76|125|GLU|HOH|2543|586|727|-O--|-O--|428|0011|555|0|2.509778|1.400001|2.029999|-0.467000|63.701015
1880|491|76|79|GLU|ARG|2531|586|609|-O--|-N--|401|0001|555|0|3.286010|1.817000|-2.724998|0.266000|2.264500
1880|492|76|78|GLU|HIS|2533|586|599|-O--|-N--|401|0001|555|0|3.173344|-0.714000|-2.796997|1.318000|3.464273
1880|493|76|124|GLU|HOH|2543|586|726|-O--|-O--|428|0011|555|0|3.602094|2.440001|-0.289001|2.634000|47.562538
1880|494|76|102|GLU|HOH|2543|590|704|-OE1|-O--|1028|0011|555|0|2.565223|2.388000|0.148994|-0.925000|8.244607
1880|495|76|135|GLU|HOH|2543|591|737|-OE2|-O--|1028|0011|555|0|3.968631|-3.867000|0.634003|0.628000|19.639135
1880|496|77|78|PRO|HIS|1933|594|599|-C--|-N--|301|0001|555|0|1.335940|0.316000|-1.032997|-0.786000|6.740781
1880|497|77|79|PRO|ARG|1931|594|609|-C--|-N--|301|0001|555|0|3.522382|2.847000|-0.960999|-1.838000|5.208584
1880|498|77|124|PRO|HOH|1943|595|726|-O--|-O--|428|0011|555|0|3.363690|3.023001|1.337997|-0.621000|42.086514
1880|499|77|113|PRO|HOH|1943|595|715|-O--|-O--|428|0011|555|0|3.795803|1.344001|-2.482002|2.538000|54.413319
1880|500|79|78|ARG|HIS|3133|609|601|-N--|-C--|103|0001|555|0|1.331606|-0.296000|-1.101006|0.688000|1.670642
1880|501|81|78|ALA|HIS|333|624|602|-N--|-O--|104|0001|555|0|3.089388|-2.298000|-0.247002|-2.050000|6.976300
1880|502|80|78|GLY|HIS|133|620|601|-N--|-C--|103|0001|555|0|3.228173|-2.762000|-1.579002|-0.547000|7.198062
1880|503|83|78|MET|HIS|1733|633|602|-N--|-O--|104|0001|555|0|3.139186|-1.200001|2.261997|1.816000|3.332580
1880|504|82|78|GLY|HIS|133|629|602|-N--|-O--|104|0001|555|0|3.424481|-3.088000|1.476997|-0.099000|0.848436
1880|505|78|91|HIS|_CU|3346|605|693|-ND1|CU--|1340|0011|555|0|2.005310|-0.475000|-0.179001|-1.940000|0.673547
1880|506|78|113|HIS|HOH|3343|606|715|-CD2|-O--|1228|0011|555|0|3.502825|2.610001|0.964001|2.128000|69.532402
1880|507|78|111|HIS|HOH|3343|608|713|-NE2|-O--|1328|0011|555|0|2.882217|-2.119000|-0.733002|1.811000|63.741898
1880|508|79|124|ARG|HOH|3143|609|726|-N--|-O--|128|0011|555|0|3.453930|0.623000|2.435997|2.368000|59.622517
1880|509|80|79|GLY|ARG|131|620|611|-N--|-C--|103|0001|555|0|1.299765|0.019000|-0.573997|-1.166000|0.982576
1880|510|82|79|GLY|ARG|131|629|612|-N--|-O--|104|0001|555|0|3.048775|-0.130000|2.813995|-1.166000|6.247637
1880|511|81|79|ALA|ARG|331|624|611|-N--|-C--|103|0001|555|0|3.203782|-0.293000|1.720001|-2.687000|1.019498
1880|512|79|125|ARG|HOH|3143|613|727|-CB-|-O--|528|0011|555|0|3.910099|-1.721000|3.402000|0.868000|35.625813
1880|513|79|162|ARG|HOH|3143|618|764|-NH1|-O--|728|0011|555|0|3.010325|0.175001|-2.445999|-1.746000|13.198898
1880|514|80|124|GLY|HOH|143|620|726|-N--|-O--|128|0011|555|0|2.917893|-1.842999|1.958000|1.133000|39.739143
1880|515|80|81|GLY|ALA|103|622|624|-C--|-N--|301|0001|555|0|1.321066|-0.995000|-0.869003|0.005000|4.407398
1880|516|80|171|GLY|HOH|143|623|773|-O--|-O--|428|0011|555|0|3.294277|2.526999|1.977001|-0.747000|50.547859
1880|517|80|82|GLY|GLY|101|622|629|-C--|-N--|301|0001|555|0|3.248477|-0.205000|-2.593002|-1.946000|12.635744
1880|518|82|81|GLY|ALA|103|629|626|-N--|-C--|103|0001|555|0|1.335484|-0.283000|-0.564003|1.177000|1.823190
1880|519|81|83|ALA|MET|317|626|633|-C--|-N--|301|0001|555|0|3.490749|-1.605000|-0.220997|-3.092000|7.915858
1880|520|81|113|ALA|HOH|343|628|715|-CB-|-O--|528|0011|555|0|3.924339|-2.641000|2.308998|1.759000|49.534767
1880|521|82|83|GLY|MET|117|631|633|-C--|-N--|301|0001|555|0|1.340415|-1.214999|0.560001|0.083000|1.886683
1880|522|82|84|GLY|VAL|105|632|641|-O--|-N--|401|0001|555|0|2.855778|-1.627000|0.931999|-2.154000|4.020405
1880|523|84|83|VAL|MET|517|641|635|-N--|-C--|103|0001|555|0|1.314859|-0.859000|0.607002|0.789000|1.743645
1880|524|83|91|MET|_CU|1746|639|693|-SD-|CU--|1640|0011|555|0|2.935436|-1.852000|2.160999|0.719000|3.384571
1880|525|85|84|GLY|VAL|105|648|643|-N--|-C--|103|0001|555|0|1.333330|0.464000|-0.193001|1.235000|0.353033
1880|526|84|172|VAL|HOH|543|644|774|-O--|-O--|428|0011|555|0|3.253257|2.645000|-0.825001|-1.705000|264.696594
1880|527|84|173|VAL|HOH|543|646|775|-CG1|-O--|628|0011|555|0|3.092623|1.251999|-1.289001|-2.517000|150.492279
1880|528|85|86|GLY|LYS|129|650|652|-C--|-N--|301|0001|555|0|1.328309|0.070000|-1.020000|-0.848000|2.182979
1880|529|85|172|GLY|HOH|143|649|774|-CA-|-O--|228|0011|555|0|3.731556|3.508000|-0.931000|0.866999|298.520050
1880|530|85|173|GLY|HOH|143|651|775|-O--|-O--|428|0011|555|0|3.044845|2.915999|0.290001|0.827000|251.530579
1880|531|86|92|LYS|HOH|2943|655|694|-O--|-O--|428|0011|555|0|3.269362|-2.322000|-0.737999|2.180000|4.287745
1880|532|87|86|ILE|LYS|929|661|654|-N--|-C--|103|0001|555|0|1.332147|0.288000|-0.650997|1.125999|0.080573
1880|533|88|87|VAL|ILE|509|669|663|-N--|-C--|103|0001|555|0|1.308804|-0.282001|1.112000|0.630001|0.809708
1880|534|89|87|VAL|ILE|509|682|667|-CG2|-CG2|606|0001|555|0|3.974567|-0.644000|-0.947002|3.806000|4.673056
1880|535|88|89|VAL|VAL|505|671|676|-C--|-N--|301|0001|555|0|1.308490|-0.073999|0.865002|-0.979000|0.975702
1880|536|88|90|VAL|GLN|527|672|683|-O--|-N--|401|0001|555|0|3.839630|0.296000|0.096001|-3.827000|12.000400
1880|537|89|90|VAL|GLN|527|678|683|-C--|-N--|301|0001|555|0|1.305824|-0.289000|-1.188999|-0.455999|5.974500
1880|538|89|107|VAL|HOH|543|679|709|-O--|-O--|428|0011|555|0|2.575465|2.565001|-0.165001|-0.163000|42.308578
1880|539|90|107|GLN|HOH|2743|684|709|-CA-|-O--|228|0011|555|0|3.979288|2.958000|2.470001|0.991999|9.287335
1880|540|90|145|GLN|HOH|2743|686|747|-O--|-O--|428|0011|555|0|2.726506|-1.026999|-1.379002|-2.116001|31.938829
1880|541|90|156|GLN|HOH|2743|690|758|-OE1|-O--|828|0011|555|0|3.279339|-2.830000|-1.599003|0.434000|4.778780
1880|542|93|120|HOH|HOH|4343|695|722|-O--|-O--|2828|0001|555|0|3.743098|1.803000|2.770004|-1.757000|48.604568
1880|543|93|108|HOH|HOH|4343|695|710|-O--|-O--|2828|0001|555|0|3.100294|2.891999|0.844002|0.732000|27.093786
1880|544|94|134|HOH|HOH|4343|696|736|-O--|-O--|2828|0001|555|0|2.737000|-2.557000|0.459999|-0.861000|24.092684
1880|545|95|167|HOH|HOH|4343|697|769|-O--|-O--|2828|0001|555|0|3.491976|-3.325000|0.912998|-0.552000|20.681330
1880|546|95|118|HOH|HOH|4343|697|720|-O--|-O--|2828|0001|555|0|2.771801|-0.873000|2.630001|0.062000|61.927059
1880|547|97|126|HOH|HOH|4343|699|728|-O--|-O--|2828|0001|555|0|3.195568|2.461000|1.407997|-1.474001|2.822641
1880|548|98|168|HOH|HOH|4343|700|770|-O--|-O--|2828|0001|555|0|3.449669|-2.890001|1.410004|1.248999|47.926880
1880|549|99|136|HOH|HOH|4343|701|738|-O--|-O--|2828|0001|555|0|3.645986|-0.789000|-1.671001|3.143000|0.292824
1880|550|100|137|HOH|HOH|4343|702|739|-O--|-O--|2828|0001|555|0|3.240313|-1.662000|1.676003|-2.220000|8.143414
1880|551|101|127|HOH|HOH|4343|703|729|-O--|-O--|2828|0001|555|0|2.574735|-1.478000|1.616001|1.354000|7.201550
1880|552|103|121|HOH|HOH|4343|705|723|-O--|-O--|2828|0001|555|0|3.561564|2.735000|2.276001|0.156000|6.983596
1880|553|103|160|HOH|HOH|4343|705|762|-O--|-O--|2828|0001|555|0|3.842512|1.467000|2.351997|2.661000|4.335872
1880|554|104|107|HOH|HOH|4343|706|709|-O--|-O--|2828|0001|555|0|2.944069|-1.755999|-1.278999|-1.987001|8.630364
1880|555|105|117|HOH|HOH|4343|707|719|-O--|-O--|2828|0001|555|0|3.460486|-2.121000|-2.697002|0.449999|23.251585
1880|556|105|146|HOH|HOH|4343|707|748|-O--|-O--|2828|0001|555|0|2.939628|1.696000|0.625996|-2.318001|56.246006
1880|557|105|163|HOH|HOH|4343|707|765|-O--|-O--|2828|0001|555|0|2.824537|-0.093000|1.688999|2.261999|64.997421
1880|558|106|130|HOH|HOH|4343|708|732|-O--|-O--|2828|0001|555|0|2.486313|-1.074000|1.248001|-1.863000|6.695832
1880|559|106|154|HOH|HOH|4343|708|756|-O--|-O--|2828|0001|555|0|3.105180|2.841000|-1.168999|-0.452000|8.348235
1880|560|108|120|HOH|HOH|4343|710|722|-O--|-O--|2828|0001|555|0|3.330244|-1.088999|1.926003|-2.489000|8.437844
1880|561|108|115|HOH|HOH|4343|710|717|-O--|-O--|2828|0001|555|0|3.009564|0.887001|-2.857002|-0.329000|28.151384
1880|562|108|170|HOH|HOH|4343|710|772|-O--|-O--|2828|0001|555|0|3.960193|2.520000|0.280998|3.042000|26.884888
1880|563|110|118|HOH|HOH|4343|712|720|-O--|-O--|2828|0001|555|0|3.305503|-1.349000|-2.989998|0.408001|6.779472
1880|564|110|112|HOH|HOH|4343|712|714|-O--|-O--|2828|0001|555|0|3.055279|3.052000|0.012001|-0.141001|26.802818
1880|565|112|129|HOH|HOH|4343|714|731|-O--|-O--|2828|0001|555|0|3.593920|1.169000|-3.389999|0.240002|49.598358
1880|566|114|162|HOH|HOH|4343|716|764|-O--|-O--|2828|0001|555|0|3.496261|-2.701000|-1.336006|1.773000|11.104342
1880|567|114|170|HOH|HOH|4343|716|772|-O--|-O--|2828|0001|555|0|2.624030|0.643000|-0.492004|-2.496000|8.187229
1880|568|116|149|HOH|HOH|4343|718|751|-O--|-O--|2828|0001|555|0|3.942695|-1.596000|0.352001|-3.587997|2.694341
1880|569|116|132|HOH|HOH|4343|718|734|-O--|-O--|2828|0001|555|0|2.608781|1.283000|-0.709000|2.158001|3.553592
1880|570|116|156|HOH|HOH|4343|718|758|-O--|-O--|2828|0001|555|0|3.365739|3.160000|-1.021999|-0.546000|1.244777
1880|571|118|167|HOH|HOH|4343|720|769|-O--|-O--|2828|0001|555|0|3.055716|-2.452000|-1.717003|-0.614000|20.800125
1880|572|121|160|HOH|HOH|4343|723|762|-O--|-O--|2828|0001|555|0|2.808669|-1.268000|0.075996|2.505000|13.147532
1880|573|121|135|HOH|HOH|4343|723|737|-O--|-O--|2828|0001|555|0|3.787242|3.566000|0.737000|-1.041000|7.289000
1880|574|122|151|HOH|HOH|4343|724|753|-O--|-O--|2828|0001|555|0|2.943686|2.437000|0.200001|1.639000|9.920444
1880|575|123|147|HOH|HOH|4343|725|749|-O--|-O--|2828|0001|555|0|2.633679|-1.887000|1.828995|0.174000|60.915127
1880|576|126|131|HOH|HOH|4343|728|733|-O--|-O--|2828|0001|555|0|2.716546|0.249000|2.685997|-0.320999|9.210036
1880|577|127|161|HOH|HOH|4343|729|763|-O--|-O--|2828|0001|555|0|3.056416|0.135000|-0.437000|3.022000|33.813984
1880|578|129|168|HOH|HOH|4343|731|770|-O--|-O--|2828|0001|555|0|3.848794|2.030000|-1.157997|3.057999|6.988798
1880|579|130|151|HOH|HOH|4343|732|753|-O--|-O--|2828|0001|555|0|3.479659|0.935000|-0.730999|-3.271000|4.049950
1880|580|132|157|HOH|HOH|4343|734|759|-O--|-O--|2828|0001|555|0|2.951032|-0.446000|-1.348000|2.587000|17.876747
1880|581|132|156|HOH|HOH|4343|734|758|-O--|-O--|2828|0001|555|0|3.306466|1.877000|-0.313000|-2.704000|5.068511
1880|582|135|164|HOH|HOH|4343|737|766|-O--|-O--|2828|0001|555|0|3.592658|-2.232000|1.692001|-2.250000|36.663174
1880|583|144|147|HOH|HOH|4343|746|749|-O--|-O--|2828|0001|555|0|2.819920|0.462000|-0.323006|-2.763000|0.950115
1880|584|145|158|HOH|HOH|4343|747|760|-O--|-O--|2828|0001|555|0|2.872142|-2.784000|0.359001|-0.607998|0.960701
1880|585|146|167|HOH|HOH|4343|748|769|-O--|-O--|2828|0001|555|0|2.721516|2.437000|-0.377998|-1.150999|18.831385
1880|586|148|149|HOH|HOH|4343|750|751|-O--|-O--|2828|0001|555|0|3.297951|3.105000|0.202000|1.093002|12.837887
1880|587|149|150|HOH|HOH|4343|751|752|-O--|-O--|2828|0001|555|0|3.484879|-0.610000|3.032001|-1.606003|0.160738
1880|588|151|155|HOH|HOH|4343|753|757|-O--|-O--|2828|0001|555|0|2.817149|2.273000|-1.664001|0.030001|15.677551
1880|589|172|173|HOH|HOH|4343|774|775|-O--|-O--|2828|0001|555|0|3.225635|0.279999|2.743000|-1.674000|3.538742
1880|590|8|46|ALA|PRO|319|61|349|-CB-|-CG-|506|1011|765|1|3.977180|3.623466|-0.201271|-1.627249|2.186963
1880|591|10|51|ASN|LYS|2329|77|390|-ND2|-CD-|906|1011|765|1|4.120735|1.470467|0.299732|3.837752|7.776484
1880|592|10|131|ASN|HOH|2343|77|733|-ND2|-O--|928|1011|765|1|3.197702|0.606469|-3.076267|0.627751|18.273483
1880|593|46|10|PRO|ASN|1923|348|77|-CB-|-ND2|509|1011|765|1|4.099648|-1.044463|-1.463734|3.684249|12.816714
1880|594|10|126|ASN|HOH|2343|77|728|-ND2|-O--|928|1011|765|1|4.774710|3.292464|-3.325268|0.948751|5.585312
1880|595|12|46|MET|PRO|1719|89|344|-CE-|-N--|601|1011|765|1|3.807806|0.239460|-1.542267|-3.473248|0.255053
1880|596|12|51|MET|LYS|1729|87|390|-CG-|-CD-|606|1011|765|1|4.490355|0.851467|-3.430271|2.769753|33.386856
1880|597|41|12|VAL|MET|517|314|89|-CG2|-CE-|606|1011|765|1|3.839339|-2.064465|-0.343735|-3.218750|4.180356
1880|598|12|45|MET|GLN|1727|89|337|-CE-|-C--|603|1011|765|1|3.952694|1.495464|-1.129269|-3.480248|1.668248
1880|599|49|12|SER|MET|1117|373|89|-OG-|-CE-|1706|1011|765|1|3.651611|-2.818464|2.313271|0.198249|2.870727
1880|600|42|12|VAL|MET|517|318|89|-O--|-CE-|406|1011|765|1|3.403568|-3.069466|-1.081730|0.996249|1.629716
1880|601|44|12|GLY|MET|117|331|89|-N--|-CE-|106|1011|765|1|4.252871|-1.247463|-3.613731|1.863248|1.758984
1880|602|12|43|MET|GLU|1725|89|324|-CE-|-C--|603|1011|765|1|4.879665|2.583462|3.760731|-1.730248|2.457219
1880|603|12|138|MET|HOH|1743|89|740|-CE-|-O--|628|1011|765|1|4.548296|-0.254532|4.533733|0.259752|19.574844
1880|604|13|138|LEU|HOH|743|93|740|-O--|-O--|428|1011|765|1|2.800973|2.447469|-0.197266|1.347752|19.609234
1880|605|44|13|GLY|LEU|107|332|93|-CA-|-O--|204|1011|765|1|4.041072|-3.278465|1.149265|2.064249|0.466384
1880|606|13|139|LEU|HOH|743|93|741|-O--|-O--|428|1011|765|1|4.807702|0.937464|-0.672268|-4.667249|0.070398
1880|607|14|139|ALA|HOH|343|99|741|-CA-|-O--|228|1011|765|1|3.376494|2.109464|0.683731|-2.546249|5.500825
1880|608|14|138|ALA|HOH|343|98|740|-N--|-O--|128|1011|765|1|4.860523|4.244469|0.904732|2.188752|35.039673
1880|609|44|14|GLY|ALA|103|334|102|-O--|-CB-|405|1011|765|1|3.888628|-3.334470|-0.222733|1.988248|9.012634
1880|610|14|46|ALA|PRO|319|102|349|-CB-|-CG-|506|1011|765|1|3.692941|1.008466|-3.529274|-0.406248|19.392437
1880|611|14|45|ALA|GLN|327|102|335|-CB-|-N--|501|1011|765|1|4.667754|4.604463|-0.680271|-0.352247|6.312051
1880|612|15|139|PHE|HOH|3543|103|741|-N--|-O--|128|1011|765|1|2.942679|2.819464|0.806732|-0.243249|9.104348
1880|613|44|15|GLY|PHE|135|334|106|-O--|-O--|404|1011|765|1|4.573482|-4.127470|-1.153736|-1.596752|2.975425
1880|614|46|15|PRO|PHE|1935|350|106|-CD-|-O--|604|1011|765|1|4.410731|-2.998460|1.882267|-2.630753|5.472593
1880|615|15|123|PHE|HOH|3543|106|725|-O--|-O--|428|1011|765|1|4.970654|2.637462|-3.909267|-1.571250|19.942015
1880|616|16|123|GLU|HOH|2543|115|725|-CA-|-O--|228|1011|765|1|4.928593|4.453462|-1.960270|-0.784250|14.501845
1880|617|16|147|GLU|HOH|2543|119|749|-CG-|-O--|628|1011|765|1|3.715602|2.743466|-1.625267|-1.907248|52.964294
1880|618|16|144|GLU|HOH|2543|122|746|-OE2|-O--|1028|1011|765|1|2.406351|2.175462|-0.520271|-0.887248|29.628473
1880|619|46|16|PRO|GLU|1925|348|122|-CB-|-OE2|510|1011|765|1|4.531246|-3.909463|-1.798733|-1.418751|21.758638
1880|620|17|123|PRO|HOH|1943|124|725|-CA-|-O--|228|1011|765|1|3.550003|2.999462|-1.111271|1.539749|17.088469
1880|621|17|147|PRO|HOH|1943|124|749|-CA-|-O--|228|1011|765|1|3.646443|1.170466|-2.998268|1.713751|158.277725
1880|622|17|57|PRO|PRO|1919|127|436|-CB-|-CG-|506|1011|464|3|3.909230|1.460270|-2.445267|-2.677753|8.110486
1880|623|18|123|SER|HOH|1143|130|725|-N--|-O--|128|1011|765|1|3.055474|1.175462|-2.621269|1.040750|24.455694
1880|624|18|147|SER|HOH|1143|130|749|-N--|-O--|128|1011|765|1|4.714572|-0.653534|-4.508266|1.214751|200.252945
1880|625|18|110|SER|HOH|1143|135|712|-OG-|-O--|1728|1011|765|1|2.799874|2.125465|-0.271267|-1.802250|125.838875
1880|626|18|47|SER|GLU|1125|135|358|-OG-|-OE1|1710|1011|765|1|2.821220|0.402463|-2.265266|1.632751|19.234221
1880|627|18|139|SER|HOH|1143|134|741|-CB-|-O--|528|1011|765|1|3.913987|-1.041536|2.931732|2.374751|3.346035
1880|628|18|112|SER|HOH|1143|133|714|-O--|-O--|428|1011|765|1|3.340591|3.286463|0.267731|0.535751|43.279625
1880|629|44|18|GLY|SER|111|334|134|-O--|-CB-|405|1011|765|1|3.342431|-0.937470|-1.113735|-3.008752|1.759172
1880|630|18|46|SER|PRO|1119|134|350|-CB-|-CD-|506|1011|765|1|4.480586|-0.191540|-1.922268|4.042752|3.915476
1880|631|18|45|SER|GLN|1127|135|342|-OG-|-OE1|1708|1011|765|1|3.137878|2.913467|0.616734|0.988750|20.800596
1880|632|19|123|THR|HOH|1343|136|725|-N--|-O--|128|1011|765|1|4.640690|-0.354538|-3.320271|3.222749|15.187301
1880|633|19|110|THR|HOH|1343|141|712|-OG1|-O--|1728|1011|765|1|2.613758|0.565466|-1.407269|2.128750|103.256157
1880|634|19|112|THR|HOH|1343|141|714|-OG1|-O--|1728|1011|765|1|2.638676|0.553463|1.644730|1.987751|29.893969
1880|635|56|19|SER|THR|1113|430|142|-OG-|-CG2|1706|1011|464|3|3.492979|-1.239269|3.238270|0.422752|15.433324
1880|636|19|165|THR|HOH|1343|140|767|-CB-|-O--|528|1011|464|3|3.801176|2.033267|-3.143272|0.659246|121.041489
1880|637|19|57|THR|PRO|1319|139|437|-O--|-CD-|406|1011|464|3|3.359884|0.400270|-3.271271|-0.653753|7.890751
1880|638|19|67|THR|GLU|1325|141|512|-OG1|-CG-|1706|1011|765|1|4.876297|4.744465|-0.385273|-1.058249|38.833908
1880|639|20|57|ILE|PRO|919|148|434|-CG1|-O--|604|1011|464|3|3.572899|2.581267|-2.168270|-1.183752|7.623955
1880|640|20|56|ILE|SER|911|144|429|-CA-|-CB-|205|1011|464|3|4.923122|4.181270|-2.595268|-0.136751|12.722320
1880|641|57|21|PRO|GLU|1925|434|151|-O--|-N--|401|1011|464|3|2.806773|-0.003267|2.695271|-0.783249|1.008200
1880|642|58|21|GLY|GLU|125|439|154|-CA-|-O--|204|1011|464|3|3.346948|-0.786267|3.221272|-0.455250|2.237371
1880|643|56|21|SER|GLU|1125|429|156|-CB-|-CG-|506|1011|464|3|3.900839|-1.181270|1.638268|-3.337248|2.566006
1880|644|21|59|GLU|GLU|2525|158|447|-OE1|-CG-|1006|1011|464|3|3.545022|1.305269|-3.273266|0.386248|5.817542
1880|645|60|21|THR|GLU|1325|451|158|-N--|-OE1|110|1011|464|3|4.800894|1.166733|4.166267|2.080753|32.249535
1880|646|58|22|GLY|ILE|109|441|160|-O--|-N--|401|1011|464|3|4.901397|-1.292268|4.689266|0.603750|7.807268
1880|647|23|29|GLN|GLN|2727|176|216|-NE2|-NE2|909|1011|464|3|4.233792|-0.805732|-3.843266|-1.582750|2.045388
1880|648|60|23|THR|GLN|1327|456|176|-OG1|-NE2|1709|1011|464|3|3.464914|-2.799268|2.027271|0.244751|14.776916
1880|649|58|23|GLY|GLN|127|441|176|-O--|-NE2|409|1011|464|3|4.395864|-1.112267|1.718266|-3.890249|38.053577
1880|650|31|156|VAL|HOH|543|236|758|-CG1|-O--|628|1011|665|1|4.489677|-4.359266|-0.046272|-1.073247|45.568340
1880|651|33|155|ASN|HOH|2343|249|757|-O--|-O--|428|1011|665|1|4.970193|-4.318269|-2.107265|1.270751|44.983963
1880|652|82|43|GLY|GLU|125|632|324|-O--|-C--|403|1011|474|3|4.102167|-2.894266|-2.223465|1.872751|0.298385
1880|653|81|43|ALA|GLU|325|627|326|-O--|-CB-|405|1011|474|3|3.631199|-1.900267|-3.060463|-0.456247|0.875069
1880|654|80|43|GLY|GLU|125|623|329|-O--|-OE1|410|1011|474|3|4.225027|-3.535269|-2.286469|-0.353251|1.362665
1880|655|44|82|GLY|GLY|101|332|632|-CA-|-O--|204|1011|474|3|3.113679|3.073266|0.216469|-0.450750|3.550529
1880|656|44|81|GLY|ALA|103|331|627|-N--|-O--|104|1011|474|3|4.280943|3.483267|0.726463|2.380247|2.646906
1880|657|44|83|GLY|MET|117|332|633|-CA-|-N--|201|1011|474|3|4.853510|4.520270|1.712463|0.437250|7.349226
1880|658|44|84|GLY|VAL|105|334|644|-O--|-O--|404|1011|474|3|4.371553|3.508265|0.832466|-2.471750|2.616071
1880|659|45|172|GLN|HOH|2743|343|774|-NE2|-O--|928|1011|474|3|3.289470|2.024264|1.100464|-2.347754|69.465233
1880|660|84|45|VAL|GLN|527|644|343|-O--|-NE2|409|1011|474|3|4.749728|-2.849265|-3.745461|0.642752|37.120438
1880|661|46|152|PRO|HOH|1943|348|754|-CB-|-O--|528|1011|474|3|4.474564|-2.399729|3.638458|1.012247|21.273214
1880|662|47|96|GLU|HOH|2543|357|698|-CD-|-O--|628|1011|474|3|4.484509|-0.071733|1.937462|-4.043751|1.177967
1880|663|56|96|SER|HOH|1143|430|698|-OG-|-O--|1728|1011|665|1|4.692293|0.104733|-2.666264|3.859751|3.091715
1880|664|57|157|PRO|HOH|1943|433|759|-C--|-O--|328|1011|665|1|4.356584|-0.141269|-4.321270|-0.535249|90.003906
1880|665|57|155|PRO|HOH|1943|435|757|-CB-|-O--|528|1011|665|1|3.700908|0.113731|-3.411266|1.430751|85.209602
1880|666|57|96|PRO|HOH|1943|437|698|-CD-|-O--|628|1011|665|1|3.693942|-2.046268|0.992733|2.910752|17.531057
1880|667|58|132|GLY|HOH|143|439|734|-CA-|-O--|228|1011|665|1|3.586106|-1.598266|-3.105270|-0.814248|42.295864
1880|668|58|157|GLY|HOH|143|439|759|-CA-|-O--|228|1011|665|1|3.977034|-0.250269|-3.551270|1.772752|104.523026
1880|669|58|156|GLY|HOH|143|441|758|-O--|-O--|428|1011|665|1|2.649221|-0.831266|-2.115273|-1.361247|45.345062
1880|670|58|90|GLY|GLN|127|441|690|-O--|-OE1|408|1011|665|1|3.104828|-2.430269|0.714729|-1.795247|31.037283
1880|671|59|90|GLU|GLN|2527|443|691|-CA-|-NE2|209|1011|665|1|3.574039|-2.369267|0.214733|-2.667250|18.659729
1880|672|59|156|GLU|HOH|2543|442|758|-N--|-O--|128|1011|665|1|4.863270|-1.388266|-3.585270|-2.978247|68.739967
1880|673|60|90|THR|GLN|1327|451|691|-N--|-NE2|109|1011|665|1|3.013357|-2.993267|0.143730|-0.316250|28.598886
1880|674|60|156|THR|HOH|1343|457|758|-CG2|-O--|628|1011|665|1|3.517956|-2.321266|-2.152271|1.534753|33.802925
1880|675|67|86|GLU|LYS|2529|514|660|-OE1|-NZ-|1014|1011|474|3|2.538839|1.935268|1.598465|0.381245|4.416304
1880|676|67|169|GLU|HOH|2543|514|771|-OE1|-O--|1028|1011|474|3|4.686662|1.800265|1.537468|-4.044754|4.294493
1880|677|74|133|TYR|HOH|3743|576|735|-OH-|-O--|1828|1011|474|3|4.058208|0.666268|3.074463|-2.563751|18.300129
1880|678|80|170|GLY|HOH|143|623|772|-O--|-O--|428|1011|765|1|2.849709|2.664467|-0.823269|-0.586248|65.668892
1880|679|80|114|GLY|HOH|143|623|716|-O--|-O--|428|1011|765|1|3.242944|2.172462|-1.466267|1.909752|42.260021
1880|680|81|170|ALA|HOH|343|626|772|-C--|-O--|328|1011|765|1|4.780788|4.277468|2.054733|0.580752|136.267105
1880|681|81|114|ALA|HOH|343|625|716|-CA-|-O--|228|1011|765|1|4.628788|4.188463|0.496735|1.906752|75.283524
1880|682|81|138|ALA|HOH|343|627|740|-O--|-O--|428|1011|765|1|2.690346|-0.775532|-2.563267|-0.257248|17.421875
1880|683|82|138|GLY|HOH|143|631|740|-C--|-O--|328|1011|765|1|4.302413|-0.333531|-3.008266|3.057752|31.163095
1880|684|82|120|GLY|HOH|143|632|722|-O--|-O--|428|1011|765|1|2.910313|2.741460|0.113735|-0.970249|111.159019
1880|685|82|170|GLY|HOH|143|629|772|-N--|-O--|128|1011|765|1|4.611696|3.994468|1.490730|1.757752|162.144287
1880|686|82|108|GLY|HOH|143|630|710|-CA-|-O--|228|1011|765|1|3.834482|3.823463|-0.240269|-0.163249|52.264633
1880|687|82|139|GLY|HOH|143|632|741|-O--|-O--|428|1011|765|1|3.985780|-2.124537|-2.596268|-2.152249|2.769233
1880|688|83|138|MET|HOH|1743|633|740|-N--|-O--|128|1011|765|1|4.728496|0.881468|-3.568268|2.974752|41.662739
1880|689|83|120|MET|HOH|1743|633|722|-N--|-O--|128|1011|765|1|4.815262|4.237459|-1.333267|-1.858249|145.972855
1880|690|83|139|MET|HOH|1743|634|741|-CA-|-O--|228|1011|765|1|4.168517|0.465464|-3.522270|-2.180249|9.537182
1880|691|84|139|VAL|HOH|543|644|741|-O--|-O--|428|1011|765|1|2.747524|-1.146537|-1.690269|1.837751|4.381533
1880|692|84|120|VAL|HOH|543|645|722|-CB-|-O--|528|1011|765|1|4.031376|2.573460|-1.837265|2.500751|95.375961
1880|693|84|112|VAL|HOH|543|644|714|-O--|-O--|428|1011|765|1|4.973937|3.005463|-2.833271|-2.771248|58.378880
1880|694|85|139|GLY|HOH|143|648|741|-N--|-O--|128|1011|765|1|4.633811|-0.326537|-2.990269|3.524751|4.738647
1880|695|85|112|GLY|HOH|143|650|714|-C--|-O--|328|1011|765|1|4.778824|3.255463|-3.300270|1.160751|48.279594
1880|696|86|112|LYS|HOH|2943|656|714|-CB-|-O--|528|1011|765|1|4.110455|1.206463|-1.970272|3.399752|24.011452
1880|697|86|129|LYS|HOH|2943|660|731|-NZ-|-O--|1428|1011|765|1|4.734160|0.245462|-0.218269|4.722752|32.638039
1880|698|96|123|HOH|HOH|4343|698|725|-O--|-O--|2828|1011|765|1|3.142682|-1.165538|-0.262268|2.906749|11.892198
1880|699|96|147|HOH|HOH|4343|698|749|-O--|-O--|2828|1011|765|1|4.803915|-2.994534|-2.149265|3.080750|28.543043
1880|700|96|110|HOH|HOH|4343|698|712|-O--|-O--|2828|1011|765|1|3.621898|2.509466|2.423733|0.972750|30.430511
1880|701|96|165|HOH|HOH|4343|698|767|-O--|-O--|2828|1011|464|3|3.431474|3.169268|-0.183270|-1.302753|36.058681
1880|702|101|157|HOH|HOH|4343|703|759|-O--|-O--|2828|1011|665|1|4.814905|-4.336269|0.765732|1.947752|3.491213
1880|703|102|133|HOH|HOH|4343|704|735|-O--|-O--|2828|1011|474|3|4.704895|2.275269|1.511467|-3.830751|6.227047
1880|704|112|172|HOH|HOH|4343|714|774|-O--|-O--|2828|1011|474|3|2.302161|2.008265|0.360466|1.066248|49.427795
1880|705|112|173|HOH|HOH|4343|714|775|-O--|-O--|2828|1011|474|3|4.790652|4.751265|0.080467|-0.607750|40.391270
1880|706|114|171|HOH|HOH|4343|716|773|-O--|-O--|2828|1011|474|3|4.363496|3.443266|-0.354538|-2.656750|2.816329
1880|707|127|132|HOH|HOH|4343|729|734|-O--|-O--|2828|1011|665|1|4.672167|-4.206266|-0.404270|-1.993248|3.565804
1880|708|127|157|HOH|HOH|4343|729|759|-O--|-O--|2828|1011|665|1|3.040592|-2.858269|-0.850269|0.593752|11.956983
1880|709|129|172|HOH|HOH|4343|731|774|-O--|-O--|2828|1011|474|3|3.931035|0.839265|3.750465|0.826246|0.060068
1880|710|133|138|HOH|HOH|4343|735|740|-O--|-O--|2828|1011|765|1|3.476312|1.875468|1.112732|-2.707248|15.365623
1880|711|144|152|HOH|HOH|4343|746|754|-O--|-O--|2828|1011|474|3|3.826779|-0.080729|1.904457|3.318247|30.145741
1880|712|144|154|HOH|HOH|4343|746|756|-O--|-O--|2828|1011|474|3|4.355384|-0.397731|2.473457|-3.562750|6.671508
1880|713|147|154|HOH|HOH|4343|749|756|-O--|-O--|2828|1011|474|3|3.032976|-0.859732|2.796463|-0.799749|5.495641
1880|714|151|161|HOH|HOH|4343|753|763|-O--|-O--|2828|1011|464|3|4.956371|2.503266|-3.865269|-1.832750|33.412090
1880|715|155|161|HOH|HOH|4343|757|763|-O--|-O--|2828|1011|464|3|2.892826|0.230266|-2.201267|-1.862751|10.719622
1880|716|157|161|HOH|HOH|4343|759|763|-O--|-O--|2828|1011|464|3|3.876446|0.413266|-2.993267|2.428249|14.426954
1880|717|170|171|HOH|HOH|4343|772|773|-O--|-O--|2828|1011|474|3|2.808243|2.800266|0.137466|-0.160749|4.795609
