1880|0|-1|40|0|116|GLN|2743|7|718|-OE1|828|8|2|0011|2.636616|0.760824|0.557911|-0.331486|14.897367|0.104233|0.163691
1880|1|-1|41|0|132|GLN|2743|7|734|-OE1|828|8|2|0011|3.612038|0.910566|0.210960|0.355478|21.321386|0.007466|0.011725
1880|2|-1|60|1|128|THR|1343|12|730|-O--|428|8|2|0011|3.856245|-0.663858|-0.259320|-0.701460|56.426540|0.003859|0.006060
1880|3|-1|118|3|122|ALA|343|26|724|-O--|428|8|2|0011|3.845638|-0.345846|-0.681551|-0.644886|72.705956|0.003971|0.006236
1880|4|-1|121|3|151|ALA|343|26|753|-O--|428|8|2|0011|2.791766|0.396523|-0.867192|-0.301243|40.422508|0.068532|0.107625
1880|5|-1|122|3|130|ALA|343|26|732|-O--|428|8|2|0011|2.964891|0.058012|-0.570004|0.819592|54.090248|0.042923|0.067407
1880|6|-1|350|10|152|ASN|2343|76|754|-OD1|828|8|2|0011|3.807790|-0.234519|-0.633700|-0.737173|6.063314|0.004399|0.006908
1880|7|-1|500|16|130|GLU|2543|117|732|-O--|428|8|2|0011|3.235425|-0.655246|-0.585086|-0.477835|81.064575|0.020661|0.032446
1880|8|-1|501|16|106|GLU|2543|117|708|-O--|428|8|2|0011|3.325733|-0.314517|-0.944454|0.095317|115.862114|0.016186|0.025419
1880|9|-1|510|16|152|GLU|2543|121|754|-OE1|1028|8|2|0011|3.617425|0.584117|-0.476858|0.656821|4.597771|0.007358|0.011555
1880|10|-1|511|16|152|GLU|2543|122|754|-OE2|1028|8|2|0011|2.518809|0.107590|-0.238604|0.965139|0.181282|0.143313|0.225063
1880|11|-1|523|17|92|PRO|1943|126|694|-O--|428|8|2|0011|2.818630|0.103242|0.771652|-0.627609|3.285599|0.063733|0.100088
1880|12|-1|545|18|92|SER|1143|133|694|-O--|428|8|2|0011|3.338125|-0.908294|0.040143|-0.416401|1.679491|0.015653|0.024582
1880|13|-1|556|18|96|SER|1143|135|698|-OG-|1728|8|3|0011|3.887300|-0.098783|-0.693283|-0.713863|33.791294|0.003548|0.005572
1880|14|-1|575|19|96|THR|1343|139|698|-O--|428|8|2|0011|2.921494|0.476811|-0.419307|0.772550|39.237289|0.048264|0.075796
1880|15|-1|620|21|132|GLU|2543|154|734|-O--|428|8|2|0011|2.853204|-0.812770|-0.568835|-0.125823|55.840961|0.058047|0.091159
1880|16|-1|623|21|156|GLU|2543|154|758|-O--|428|8|2|0011|3.650401|-0.121083|-0.530353|-0.839086|79.166756|0.006731|0.010570
1880|17|-1|719|23|145|GLN|2743|175|747|-OE1|828|8|2|0011|3.181530|-0.033631|0.783271|-0.620770|17.775696|0.023900|0.037534
1880|18|-1|744|24|158|ALA|343|180|760|-O--|428|8|2|0011|2.976068|0.496292|-0.581304|-0.644810|62.124275|0.041645|0.065401
1880|19|-1|745|24|150|ALA|343|180|752|-O--|428|8|2|0011|2.983676|-0.637134|-0.755108|0.154507|32.537354|0.040798|0.064070
1880|20|-1|772|25|136|GLY|143|185|738|-O--|428|8|2|0011|2.776599|-0.872650|-0.130015|0.470720|34.807449|0.071400|0.112129
1880|21|-1|773|25|99|GLY|143|185|701|-O--|428|8|2|0011|2.785130|-0.586687|0.470356|-0.659215|33.851887|0.069773|0.109573
1880|22|-1|805|26|149|ASP|2143|192|751|-OD1|1028|8|2|0011|2.708838|0.329662|-0.850181|-0.410507|41.759567|0.085750|0.134665
1880|23|-1|806|26|150|ASP|2143|192|752|-OD1|1028|8|2|0011|2.828260|0.100062|0.257756|-0.961015|42.306740|0.062095|0.097517
1880|24|-1|807|26|149|ASP|2143|193|751|-OD2|1028|8|2|0011|3.081294|-0.315127|-0.602670|-0.733133|48.822666|0.031337|0.049213
1880|25|-1|808|26|116|ASP|2143|193|718|-OD2|1028|8|2|0011|2.652651|0.235613|-0.832753|0.501008|39.713909|0.099812|0.156749
1880|26|-1|827|27|136|THR|1343|199|738|-OG1|1728|8|3|0011|2.551887|0.036444|-0.411461|-0.910698|28.883482|0.131056|0.205815
1880|27|-1|962|32|127|ASN|2343|241|729|-O--|428|8|2|0011|2.961110|-0.294822|-0.955047|-0.031069|34.727787|0.043364|0.068100
1880|28|-1|1001|33|161|ASN|2343|249|763|-O--|428|8|2|0011|2.890550|-0.732387|-0.649357|-0.204805|75.831650|0.052474|0.082407
1880|29|-1|1008|33|101|ASN|2343|252|703|-OD1|828|8|2|0011|3.391477|-0.485334|-0.161876|-0.859213|24.794271|0.013551|0.021281
1880|30|-1|1009|33|127|ASN|2343|252|729|-OD1|828|8|2|0011|3.651228|-0.855603|0.292231|-0.427254|12.457374|0.006716|0.010546
1880|31|-1|1010|33|161|ASN|2343|252|763|-OD1|828|8|2|0011|3.386512|-0.882619|0.186032|0.431713|67.346268|0.013734|0.021569
1880|32|-1|1056|35|111|LEU|743|266|713|-O--|428|8|2|0011|3.019219|0.265300|0.668053|0.695213|60.292072|0.037061|0.058202
1880|33|-1|1081|36|111|ALA|343|274|713|-O--|428|8|2|0011|3.333456|0.947065|0.182692|0.263990|42.174221|0.015852|0.024894
1880|34|-1|1323|43|93|GLU|2543|325|695|-O--|428|8|2|0011|2.734377|0.398628|-0.915382|-0.056320|8.862543|0.080031|0.125683
1880|35|-1|1324|43|120|GLU|2543|325|722|-O--|428|8|2|0011|3.477452|0.831931|0.076782|-0.549541|93.604538|0.010741|0.016869
1880|36|-1|1338|43|108|GLU|2543|329|710|-OE1|1028|8|2|0011|3.346156|0.057379|-0.196941|-0.978735|19.331762|0.015317|0.024054
1880|37|-1|1339|43|170|GLU|2543|329|772|-OE1|1028|8|2|0011|2.748111|0.986860|-0.137548|-0.084785|73.089859|0.077115|0.121103
1880|38|-1|1340|43|114|GLU|2543|329|716|-OE1|1028|8|2|0011|3.068376|0.674298|0.037155|0.737524|47.715847|0.032450|0.050961
1880|39|-1|1341|43|162|GLU|2543|330|764|-OE2|1028|8|2|0011|2.715255|-0.009207|-0.654819|0.755730|56.938393|0.084276|0.132349
1880|40|-1|1343|43|114|GLU|2543|330|716|-OE2|1028|8|2|0011|2.726569|0.981453|-0.162106|0.102326|30.984453|0.081738|0.128364
1880|41|-1|1368|44|139|GLY|143|334|741|-O--|428|8|2|0011|2.761075|0.658439|0.716751|-0.229620|1.220205|0.074460|0.116934
1880|42|-1|1409|45|118|GLN|2743|342|720|-OE1|828|8|2|0011|3.941020|-0.567619|-0.558738|-0.604666|63.325661|0.003069|0.004819
1880|43|-1|1413|45|112|GLN|2743|342|714|-OE1|828|8|2|0011|3.730889|0.580023|0.214427|-0.785872|6.722723|0.005415|0.008504
1880|44|-1|1414|45|110|GLN|2743|342|712|-OE1|828|8|2|0011|3.033014|-0.292778|0.259808|-0.920207|43.996071|0.035705|0.056072
1880|45|-1|1452|47|163|GLU|2543|354|765|-O--|428|8|2|0011|2.839717|-0.631753|-0.765922|0.119378|111.946991|0.060202|0.094544
1880|46|-1|1465|47|123|GLU|2543|358|725|-OE1|1028|8|2|0011|2.557769|-0.270548|0.763166|-0.586839|4.290441|0.128990|0.202569
1880|47|-1|1466|47|118|GLU|2543|359|720|-OE2|1028|8|2|0011|3.523554|0.053639|-0.744703|-0.665237|30.053318|0.009483|0.014892
1880|48|-1|1468|47|110|GLU|2543|359|712|-OE2|1028|8|2|0011|3.173784|0.484595|0.115319|-0.867104|18.108343|0.024406|0.038328
1880|49|-1|1481|48|94|LEU|743|363|696|-O--|428|8|2|0011|2.659756|-0.509821|-0.477110|0.715855|11.316462|0.097914|0.153767
1880|50|-1|1505|49|126|SER|1143|371|728|-O--|428|8|2|0011|3.494033|-0.226672|0.811097|0.539205|28.092571|0.010271|0.016129
1880|51|-1|1580|51|135|LYS|2943|387|737|-O--|428|8|2|0011|2.553311|0.087729|0.704968|0.703792|24.961548|0.130553|0.205025
1880|52|-1|1603|52|140|ASP|2143|396|742|-O--|428|8|2|0011|3.838321|-0.908991|-0.409814|-0.076075|47.229271|0.004050|0.006361
1880|53|-1|1613|52|164|ASP|2143|399|766|-OD1|1028|8|2|0011|2.713343|0.786115|0.553929|0.274201|52.337543|0.084712|0.133035
1880|54|-1|1614|52|97|ASP|2143|400|699|-OD2|1028|8|2|0011|3.320139|0.759908|-0.354501|-0.544857|4.130382|0.016433|0.025806
1880|55|-1|1628|53|140|LEU|743|404|742|-O--|428|8|2|0011|3.111796|-0.312681|-0.270905|-0.910407|42.003407|0.028857|0.045318
1880|56|-1|1629|53|141|LEU|743|404|743|-O--|428|8|2|0011|3.564892|-0.853322|-0.458640|0.247974|45.775486|0.008481|0.013318
1880|57|-1|1631|53|103|LEU|743|404|705|-O--|428|8|2|0011|2.657599|-0.553507|0.822546|0.130569|31.250055|0.098487|0.154667
1880|58|-1|1682|55|109|PHE|3543|417|711|-O--|428|8|2|0011|2.785434|0.291876|0.395270|0.870960|70.273552|0.069715|0.109483
1880|59|-1|1718|56|165|SER|1143|430|767|-OG-|1728|8|3|0011|2.621870|0.109845|0.191849|0.975258|45.708817|0.108471|0.170347
1880|60|-1|1767|59|141|GLU|2543|449|743|-OE1|1028|8|2|0011|2.743124|-0.120665|0.936523|0.329187|15.476827|0.078161|0.122747
1880|61|-1|1768|59|140|GLU|2543|450|742|-OE2|1028|8|2|0011|2.791348|0.507640|0.776327|-0.373655|11.938742|0.068610|0.107747
1880|62|-1|1769|59|141|GLU|2543|450|743|-OE2|1028|8|2|0011|3.076687|-0.211916|0.446909|0.869117|13.808008|0.031730|0.049829
1880|63|-1|1820|62|119|GLU|2543|472|721|-O--|428|8|2|0011|3.697608|-0.912482|0.041378|0.407020|26.237268|0.005924|0.009304
1880|64|-1|1824|62|163|GLU|2543|472|765|-O--|428|8|2|0011|3.913631|0.291801|0.815356|-0.500047|134.817169|0.003304|0.005189
1880|65|-1|1825|62|134|GLU|2543|472|736|-O--|428|8|2|0011|2.798080|0.275903|0.668673|0.690473|43.237263|0.067373|0.105804
1880|66|-1|1865|64|146|THR|1343|486|748|-O--|428|8|2|0011|2.624779|-0.516996|0.820639|-0.243449|193.827408|0.107622|0.169013
1880|67|-1|1866|64|105|THR|1343|486|707|-O--|428|8|2|0011|3.804555|-0.802459|0.401624|0.441313|30.218103|0.004437|0.006968
1880|68|-1|1871|64|167|THR|1343|486|769|-O--|428|8|2|0011|2.743112|0.393713|0.647439|-0.652543|91.945198|0.078164|0.122751
1880|69|-1|1876|64|143|THR|1343|488|745|-OG1|1728|8|3|0011|2.966624|-0.605739|0.258879|-0.752371|43.160904|0.042722|0.067092
1880|70|-1|1877|64|117|THR|1343|488|719|-OG1|1728|8|3|0011|2.858840|-0.532384|0.434441|0.726518|44.092724|0.057170|0.089781
1880|71|-1|1920|66|142|SER|1143|504|744|-O--|428|8|2|0011|2.915224|-0.615733|-0.487784|-0.618821|81.071892|0.049089|0.077091
1880|72|-1|1929|66|167|SER|1143|506|769|-OG-|1728|8|3|0011|2.820704|-0.366930|0.191086|0.910411|24.297298|0.063377|0.099529
1880|73|-1|1930|66|95|SER|1143|506|697|-OG-|1728|8|3|0011|3.888237|0.588956|-0.096188|0.802421|1.457461|0.003539|0.005558
1880|74|-1|1948|67|95|GLU|2543|510|697|-O--|428|8|2|0011|3.621387|-0.794447|0.531840|0.293258|5.713751|0.007280|0.011432
1880|75|-1|2014|69|104|GLY|143|526|706|-O--|428|8|2|0011|3.855395|0.929865|-0.285834|-0.231623|70.408890|0.003868|0.006074
1880|76|-1|2039|70|168|THR|1343|530|770|-O--|428|8|2|0011|2.789680|-0.319034|0.654199|-0.685742|175.191986|0.068920|0.108234
1880|77|-1|2040|70|98|THR|1343|530|700|-O--|428|8|2|0011|3.764367|0.531298|0.110245|-0.839981|39.350056|0.004946|0.007768
1880|78|-1|2041|70|115|THR|1343|530|717|-O--|428|8|2|0011|3.361930|0.517560|0.260564|0.815008|112.302666|0.014678|0.023050
1880|79|-1|2046|70|104|THR|1343|532|706|-OG1|1728|8|3|0011|2.850418|0.094372|-0.165940|-0.981610|34.553226|0.058486|0.091848
1880|80|-1|2047|70|169|THR|1343|532|771|-OG1|1728|8|3|0011|2.775457|0.709073|-0.618276|0.339043|42.765545|0.071621|0.112476
1880|81|-1|2090|71|95|TYR|3743|545|697|-OH-|1828|8|3|0011|3.256857|-0.985613|-0.021493|-0.167646|2.373525|0.019498|0.030620
1880|82|-1|2091|71|129|TYR|3743|545|731|-OH-|1828|8|3|0011|2.749110|0.540902|0.790074|-0.288457|86.037201|0.076907|0.120777
1880|83|-1|2107|72|93|THR|1343|549|695|-O--|428|8|2|0011|3.469137|0.307858|0.291427|-0.905701|20.139822|0.010985|0.017252
1880|84|-1|2111|72|173|THR|1343|551|775|-OG1|1728|8|3|0011|3.727128|-0.066271|-0.575510|0.815105|95.622200|0.005470|0.008590
1880|85|-1|2112|72|115|THR|1343|551|717|-OG1|1728|8|3|0011|2.879431|0.284779|0.293113|-0.912681|93.002190|0.054075|0.084921
1880|86|-1|2158|73|92|TYR|3743|564|694|-OH-|1828|8|3|0011|2.571830|0.517531|-0.742662|-0.424989|2.790648|0.124180|0.195016
1880|87|-1|2200|74|102|TYR|3743|576|704|-OH-|1828|8|3|0011|2.576262|-0.624548|0.606691|0.491798|8.581683|0.122701|0.192693
1880|88|-1|2257|76|125|GLU|2543|586|727|-O--|428|8|2|0011|2.509778|0.557818|0.808836|-0.186072|63.701015|0.146854|0.230624
1880|89|-1|2258|76|124|GLU|2543|586|726|-O--|428|8|2|0011|3.602094|0.677384|-0.080232|0.731241|47.562538|0.007669|0.012044
1880|90|-1|2265|76|102|GLU|2543|590|704|-OE1|1028|8|2|0011|2.565223|0.930913|0.058082|-0.360593|8.244607|0.126417|0.198530
1880|91|-1|2266|76|135|GLU|2543|591|737|-OE2|1028|8|2|0011|3.968631|-0.974391|0.159754|0.158241|19.639135|0.002848|0.004472
1880|92|-1|2284|77|113|PRO|1943|595|715|-O--|428|8|2|0011|3.795803|0.354076|-0.653881|0.668633|54.413319|0.004543|0.007135
1880|93|-1|2285|77|124|PRO|1943|595|726|-O--|428|8|2|0011|3.363690|0.898716|0.397777|-0.184619|42.086514|0.014608|0.022941
1880|94|-1|2359|80|171|GLY|143|623|773|-O--|428|8|2|0011|3.294277|0.767087|0.600132|-0.226757|50.547859|0.017622|0.027675
1880|95|-1|2412|84|172|VAL|543|644|774|-O--|428|8|2|0011|3.253257|0.813032|-0.253592|-0.524090|264.696594|0.019689|0.030919
1880|96|-1|2431|85|173|GLY|143|651|775|-O--|428|8|2|0011|3.044845|0.957684|0.095243|0.271606|251.530579|0.034581|0.054307
1880|97|-1|2445|86|92|LYS|2943|655|694|-O--|428|8|2|0011|3.269362|-0.710230|-0.225732|0.666797|4.287745|0.018850|0.029602
1880|98|-1|2492|89|107|VAL|543|679|709|-O--|428|8|2|0011|2.575465|0.995937|-0.064066|-0.063290|42.308578|0.122965|0.193109
1880|99|-1|2498|90|145|GLN|2743|686|747|-O--|428|8|2|0011|2.726506|-0.376672|-0.505776|-0.776085|31.938829|0.081752|0.128385
1880|100|-1|2499|90|156|GLN|2743|690|758|-OE1|828|8|2|0011|3.279339|-0.862979|-0.487599|0.132344|4.778780|0.018348|0.028815
1880|101|-1|2500|90|145|GLN|2743|692|747|-OXT|828|8|2|0011|3.410509|-0.879927|-0.309631|-0.360357|18.609564|0.012872|0.020214
1880|102|-1|2501|120|93|HOH|4343|722|695|-O--|2828|8|3|0001|3.743098|-0.481687|-0.740030|0.469397|48.604568|0.005239|0.008228
1880|103|-1|2501|93|120|HOH|4343|695|722|-O--|2828|8|3|0001|3.743098|0.481687|0.740030|-0.469397|48.604568|0.005239|0.008228
1880|104|-1|2502|108|93|HOH|4343|710|695|-O--|2828|8|3|0001|3.100294|-0.932814|-0.272233|-0.236107|27.093786|0.029768|0.046749
1880|105|-1|2502|93|108|HOH|4343|695|710|-O--|2828|8|3|0001|3.100294|0.932814|0.272233|0.236107|27.093786|0.029768|0.046749
1880|106|-1|2503|134|94|HOH|4343|736|696|-O--|2828|8|3|0001|2.737000|0.934235|-0.168067|0.314578|24.092684|0.079465|0.124795
1880|107|-1|2503|94|134|HOH|4343|696|736|-O--|2828|8|3|0001|2.737000|-0.934235|0.168067|-0.314578|24.092684|0.079465|0.124795
1880|108|-1|2504|167|95|HOH|4343|769|697|-O--|2828|8|3|0001|3.491976|0.952183|-0.261456|0.158077|20.681330|0.010328|0.016219
1880|109|-1|2504|95|167|HOH|4343|697|769|-O--|2828|8|3|0001|3.491976|-0.952183|0.261456|-0.158077|20.681330|0.010328|0.016219
1880|110|-1|2505|118|95|HOH|4343|720|697|-O--|2828|8|3|0001|2.771801|0.314958|-0.948842|-0.022368|61.927059|0.072332|0.113593
1880|111|-1|2505|95|118|HOH|4343|697|720|-O--|2828|8|3|0001|2.771801|-0.314958|0.948842|0.022368|61.927059|0.072332|0.113593
1880|112|-1|2506|126|97|HOH|4343|728|699|-O--|2828|8|3|0001|3.195568|-0.770129|-0.440609|0.461264|2.822641|0.023010|0.036136
1880|113|-1|2506|97|126|HOH|4343|699|728|-O--|2828|8|3|0001|3.195568|0.770129|0.440609|-0.461264|2.822641|0.023010|0.036136
1880|114|-1|2507|168|98|HOH|4343|770|700|-O--|2828|8|3|0001|3.449669|0.837762|-0.408736|-0.362063|47.926880|0.011579|0.018184
1880|115|-1|2507|98|168|HOH|4343|700|770|-O--|2828|8|3|0001|3.449669|-0.837762|0.408736|0.362063|47.926880|0.011579|0.018184
1880|116|-1|2508|136|99|HOH|4343|738|701|-O--|2828|8|3|0001|3.645986|0.216402|0.458313|-0.862044|0.292824|0.006811|0.010697
1880|117|-1|2508|99|136|HOH|4343|701|738|-O--|2828|8|3|0001|3.645986|-0.216402|-0.458313|0.862044|0.292824|0.006811|0.010697
1880|118|-1|2509|137|100|HOH|4343|739|702|-O--|2828|8|3|0001|3.240313|0.512913|-0.517235|0.685119|8.143414|0.020389|0.032020
1880|119|-1|2509|100|137|HOH|4343|702|739|-O--|2828|8|3|0001|3.240313|-0.512913|0.517235|-0.685119|8.143414|0.020389|0.032020
1880|120|-1|2510|127|101|HOH|4343|729|703|-O--|2828|8|3|0001|2.574735|0.574040|-0.627638|-0.525879|7.201550|0.123208|0.193491
1880|121|-1|2510|101|127|HOH|4343|703|729|-O--|2828|8|3|0001|2.574735|-0.574040|0.627638|0.525879|7.201550|0.123208|0.193491
1880|122|-1|2511|121|103|HOH|4343|723|705|-O--|2828|8|3|0001|3.561564|-0.767921|-0.639045|-0.043801|6.983596|0.008557|0.013438
1880|123|-1|2511|103|121|HOH|4343|705|723|-O--|2828|8|3|0001|3.561564|0.767921|0.639045|0.043801|6.983596|0.008557|0.013438
1880|124|-1|2512|160|103|HOH|4343|762|705|-O--|2828|8|3|0001|3.842512|-0.381781|-0.612099|-0.692516|4.335872|0.004005|0.006289
1880|125|-1|2512|103|160|HOH|4343|705|762|-O--|2828|8|3|0001|3.842512|0.381781|0.612099|0.692516|4.335872|0.004005|0.006289
1880|126|-1|2513|107|104|HOH|4343|709|706|-O--|2828|8|3|0001|2.944069|0.596453|0.434432|0.674917|8.630364|0.045407|0.071309
1880|127|-1|2513|104|107|HOH|4343|706|709|-O--|2828|8|3|0001|2.944069|-0.596453|-0.434432|-0.674917|8.630364|0.045407|0.071309
1880|128|-1|2514|117|105|HOH|4343|719|707|-O--|2828|8|3|0001|3.460486|0.612920|0.779371|-0.130039|23.251585|0.011245|0.017660
1880|129|-1|2514|105|117|HOH|4343|707|719|-O--|2828|8|3|0001|3.460486|-0.612920|-0.779371|0.130039|23.251585|0.011245|0.017660
1880|130|-1|2515|146|105|HOH|4343|748|707|-O--|2828|8|3|0001|2.939628|-0.576944|-0.212951|0.788535|56.246006|0.045956|0.072170
1880|131|-1|2515|105|146|HOH|4343|707|748|-O--|2828|8|3|0001|2.939628|0.576944|0.212951|-0.788535|56.246006|0.045956|0.072170
1880|132|-1|2516|163|105|HOH|4343|765|707|-O--|2828|8|3|0001|2.824537|0.032926|-0.597974|-0.800839|64.997421|0.062724|0.098503
1880|133|-1|2516|105|163|HOH|4343|707|765|-O--|2828|8|3|0001|2.824537|-0.032926|0.597974|0.800839|64.997421|0.062724|0.098503
1880|134|-1|2517|130|106|HOH|4343|732|708|-O--|2828|8|3|0001|2.486313|0.431965|-0.501949|0.749302|6.695832|0.156469|0.245724
1880|135|-1|2517|106|130|HOH|4343|708|732|-O--|2828|8|3|0001|2.486313|-0.431965|0.501949|-0.749302|6.695832|0.156469|0.245724
1880|136|-1|2518|154|106|HOH|4343|756|708|-O--|2828|8|3|0001|3.105180|-0.914923|0.376467|0.145563|8.348235|0.029378|0.046136
1880|137|-1|2518|106|154|HOH|4343|708|756|-O--|2828|8|3|0001|3.105180|0.914923|-0.376467|-0.145563|8.348235|0.029378|0.046136
1880|138|-1|2519|120|108|HOH|4343|722|710|-O--|2828|8|3|0001|3.330244|0.327003|-0.578337|0.747393|8.437844|0.015990|0.025111
1880|139|-1|2519|108|120|HOH|4343|710|722|-O--|2828|8|3|0001|3.330244|-0.327003|0.578337|-0.747393|8.437844|0.015990|0.025111
1880|140|-1|2520|115|108|HOH|4343|717|710|-O--|2828|8|3|0001|3.009564|-0.294727|0.949308|0.109318|28.151384|0.038041|0.059741
1880|141|-1|2520|108|115|HOH|4343|710|717|-O--|2828|8|3|0001|3.009564|0.294727|-0.949308|-0.109318|28.151384|0.038041|0.059741
1880|142|-1|2521|170|108|HOH|4343|772|710|-O--|2828|8|3|0001|3.960193|-0.636333|-0.070956|-0.768144|26.884888|0.002914|0.004576
1880|143|-1|2521|108|170|HOH|4343|710|772|-O--|2828|8|3|0001|3.960193|0.636333|0.070956|0.768144|26.884888|0.002914|0.004576
1880|144|-1|2522|118|110|HOH|4343|720|712|-O--|2828|8|3|0001|3.305503|0.408107|0.904551|-0.123431|6.779472|0.017096|0.026848
1880|145|-1|2522|110|118|HOH|4343|712|720|-O--|2828|8|3|0001|3.305503|-0.408107|-0.904551|0.123431|6.779472|0.017096|0.026848
1880|146|-1|2523|112|110|HOH|4343|714|712|-O--|2828|8|3|0001|3.055279|-0.998927|-0.003928|0.046150|26.802818|0.033620|0.052797
1880|147|-1|2523|110|112|HOH|4343|712|714|-O--|2828|8|3|0001|3.055279|0.998927|0.003928|-0.046150|26.802818|0.033620|0.052797
1880|148|-1|2524|129|112|HOH|4343|731|714|-O--|2828|8|3|0001|3.593920|-0.325272|0.943260|-0.066780|49.598358|0.007841|0.012313
1880|149|-1|2524|112|129|HOH|4343|714|731|-O--|2828|8|3|0001|3.593920|0.325272|-0.943260|0.066780|49.598358|0.007841|0.012313
1880|150|-1|2525|162|114|HOH|4343|764|716|-O--|2828|8|3|0001|3.496261|0.772540|0.382124|-0.507113|11.104342|0.010209|0.016032
1880|151|-1|2525|114|162|HOH|4343|716|764|-O--|2828|8|3|0001|3.496261|-0.772540|-0.382124|0.507113|11.104342|0.010209|0.016032
1880|152|-1|2526|170|114|HOH|4343|772|716|-O--|2828|8|3|0001|2.624030|-0.245043|0.187500|0.951209|8.187229|0.107840|0.169355
1880|153|-1|2526|114|170|HOH|4343|716|772|-O--|2828|8|3|0001|2.624030|0.245043|-0.187500|-0.951209|8.187229|0.107840|0.169355
1880|154|-1|2527|149|116|HOH|4343|751|718|-O--|2828|8|3|0001|3.942695|0.404799|-0.089279|0.910037|2.694341|0.003055|0.004797
1880|155|-1|2527|116|149|HOH|4343|718|751|-O--|2828|8|3|0001|3.942695|-0.404799|0.089279|-0.910037|2.694341|0.003055|0.004797
1880|156|-1|2528|132|116|HOH|4343|734|718|-O--|2828|8|3|0001|2.608781|-0.491801|0.271774|-0.827207|3.553592|0.112377|0.176481
1880|157|-1|2528|116|132|HOH|4343|718|734|-O--|2828|8|3|0001|2.608781|0.491801|-0.271774|0.827207|3.553592|0.112377|0.176481
1880|158|-1|2529|156|116|HOH|4343|758|718|-O--|2828|8|3|0001|3.365739|-0.938873|0.303648|0.162223|1.244777|0.014527|0.022814
1880|159|-1|2529|116|156|HOH|4343|718|758|-O--|2828|8|3|0001|3.365739|0.938873|-0.303648|-0.162223|1.244777|0.014527|0.022814
1880|160|-1|2530|167|118|HOH|4343|769|720|-O--|2828|8|3|0001|3.055716|0.802431|0.561899|0.200935|20.800125|0.033580|0.052735
1880|161|-1|2530|118|167|HOH|4343|720|769|-O--|2828|8|3|0001|3.055716|-0.802431|-0.561899|-0.200935|20.800125|0.033580|0.052735
1880|162|-1|2531|160|121|HOH|4343|762|723|-O--|2828|8|3|0001|2.808669|0.451459|-0.027058|-0.891881|13.147532|0.065472|0.102819
1880|163|-1|2531|121|160|HOH|4343|723|762|-O--|2828|8|3|0001|2.808669|-0.451459|0.027058|0.891881|13.147532|0.065472|0.102819
1880|164|-1|2532|135|121|HOH|4343|737|723|-O--|2828|8|3|0001|3.787242|-0.941582|-0.194601|0.274870|7.289000|0.004650|0.007302
1880|165|-1|2532|121|135|HOH|4343|723|737|-O--|2828|8|3|0001|3.787242|0.941582|0.194601|-0.274870|7.289000|0.004650|0.007302
1880|166|-1|2533|151|122|HOH|4343|753|724|-O--|2828|8|3|0001|2.943686|-0.827874|-0.067942|-0.556785|9.920444|0.045454|0.071383
1880|167|-1|2533|122|151|HOH|4343|724|753|-O--|2828|8|3|0001|2.943686|0.827874|0.067942|0.556785|9.920444|0.045454|0.071383
1880|168|-1|2534|147|123|HOH|4343|749|725|-O--|2828|8|3|0001|2.633679|0.716488|-0.694464|-0.066067|60.915127|0.105064|0.164996
1880|169|-1|2534|123|147|HOH|4343|725|749|-O--|2828|8|3|0001|2.633679|-0.716488|0.694464|0.066067|60.915127|0.105064|0.164996
1880|170|-1|2535|131|126|HOH|4343|733|728|-O--|2828|8|3|0001|2.716546|-0.091660|-0.988755|0.118164|9.210036|0.083982|0.131888
1880|171|-1|2535|126|131|HOH|4343|728|733|-O--|2828|8|3|0001|2.716546|0.091660|0.988755|-0.118164|9.210036|0.083982|0.131888
1880|172|-1|2536|161|127|HOH|4343|763|729|-O--|2828|8|3|0001|3.056416|-0.044169|0.142978|-0.988740|33.813984|0.033516|0.052635
1880|173|-1|2536|127|161|HOH|4343|729|763|-O--|2828|8|3|0001|3.056416|0.044169|-0.142978|0.988740|33.813984|0.033516|0.052635
1880|174|-1|2537|168|129|HOH|4343|770|731|-O--|2828|8|3|0001|3.848794|-0.527438|0.300873|-0.794534|6.988798|0.003937|0.006183
1880|175|-1|2537|129|168|HOH|4343|731|770|-O--|2828|8|3|0001|3.848794|0.527438|-0.300873|0.794534|6.988798|0.003937|0.006183
1880|176|-1|2538|151|130|HOH|4343|753|732|-O--|2828|8|3|0001|3.479659|-0.268705|0.210078|0.940035|4.049950|0.010677|0.016768
1880|177|-1|2538|130|151|HOH|4343|732|753|-O--|2828|8|3|0001|3.479659|0.268705|-0.210078|-0.940035|4.049950|0.010677|0.016768
1880|178|-1|2539|157|132|HOH|4343|759|734|-O--|2828|8|3|0001|2.951032|0.151134|0.456789|-0.876643|17.876747|0.044561|0.069980
1880|179|-1|2539|132|157|HOH|4343|734|759|-O--|2828|8|3|0001|2.951032|-0.151134|-0.456789|0.876643|17.876747|0.044561|0.069980
1880|180|-1|2540|156|132|HOH|4343|758|734|-O--|2828|8|3|0001|3.306466|-0.567676|0.094663|0.817792|5.068511|0.017051|0.026778
1880|181|-1|2540|132|156|HOH|4343|734|758|-O--|2828|8|3|0001|3.306466|0.567676|-0.094663|-0.817792|5.068511|0.017051|0.026778
1880|182|-1|2541|164|135|HOH|4343|766|737|-O--|2828|8|3|0001|3.592658|0.621267|-0.470961|0.626277|36.663174|0.007867|0.012355
1880|183|-1|2541|135|164|HOH|4343|737|766|-O--|2828|8|3|0001|3.592658|-0.621267|0.470961|-0.626277|36.663174|0.007867|0.012355
1880|184|-1|2542|147|144|HOH|4343|749|746|-O--|2828|8|3|0001|2.819920|-0.163835|0.114544|0.979815|0.950115|0.063511|0.099740
1880|185|-1|2542|144|147|HOH|4343|746|749|-O--|2828|8|3|0001|2.819920|0.163835|-0.114544|-0.979815|0.950115|0.063511|0.099740
1880|186|-1|2543|158|145|HOH|4343|760|747|-O--|2828|8|3|0001|2.872142|0.969311|-0.124994|0.211688|0.960701|0.055151|0.086611
1880|187|-1|2543|145|158|HOH|4343|747|760|-O--|2828|8|3|0001|2.872142|-0.969311|0.124994|-0.211688|0.960701|0.055151|0.086611
1880|188|-1|2544|167|146|HOH|4343|769|748|-O--|2828|8|3|0001|2.721516|-0.895457|0.138893|0.422926|18.831385|0.082861|0.130128
1880|189|-1|2544|146|167|HOH|4343|748|769|-O--|2828|8|3|0001|2.721516|0.895457|-0.138893|-0.422926|18.831385|0.082861|0.130128
1880|190|-1|2545|149|148|HOH|4343|751|750|-O--|2828|8|3|0001|3.297951|-0.941494|-0.061250|-0.331419|12.837887|0.017448|0.027401
1880|191|-1|2545|148|149|HOH|4343|750|751|-O--|2828|8|3|0001|3.297951|0.941494|0.061250|0.331419|12.837887|0.017448|0.027401
1880|192|-1|2546|150|149|HOH|4343|752|751|-O--|2828|8|3|0001|3.484879|0.175042|-0.870045|0.460849|0.160738|0.010528|0.016533
1880|193|-1|2546|149|150|HOH|4343|751|752|-O--|2828|8|3|0001|3.484879|-0.175042|0.870045|-0.460849|0.160738|0.010528|0.016533
1880|194|-1|2547|155|151|HOH|4343|757|753|-O--|2828|8|3|0001|2.817149|-0.806844|0.590668|-0.010649|15.677551|0.063988|0.100490
1880|195|-1|2547|151|155|HOH|4343|753|757|-O--|2828|8|3|0001|2.817149|0.806844|-0.590668|0.010649|15.677551|0.063988|0.100490
1880|196|-1|2548|173|172|HOH|4343|775|774|-O--|2828|8|3|0001|3.225635|-0.086804|-0.850375|0.518967|3.538742|0.021215|0.033316
1880|197|-1|2548|172|173|HOH|4343|774|775|-O--|2828|8|3|0001|3.225635|0.086804|0.850375|-0.518967|3.538742|0.021215|0.033316
1880|198|-1|2611|13|139|LEU|743|93|741|-O--|428|8|2|1011|4.807702|0.194992|-0.139831|-0.970786|0.070398|0.000295|0.000463
1880|199|-1|2614|13|138|LEU|743|93|740|-O--|428|8|2|1011|2.800973|0.873792|-0.070428|0.481173|19.609234|0.066848|0.104980
1880|200|-1|2623|14|139|ALA|343|101|741|-O--|428|8|2|1011|4.891923|0.889520|0.248927|-0.383131|2.163981|0.000235|0.000369
1880|201|-1|2638|15|123|PHE|3543|106|725|-O--|428|8|2|1011|4.970654|0.530607|-0.786469|-0.316105|19.942015|0.000190|0.000298
1880|202|-1|2639|15|139|PHE|3543|106|741|-O--|428|8|2|1011|3.791303|0.566682|0.783829|0.253937|4.815787|0.004599|0.007223
1880|203|-1|2655|16|144|GLU|2543|121|746|-OE1|1028|8|2|1011|4.442011|0.904424|-0.370164|-0.212122|43.452484|0.000792|0.001244
1880|204|-1|2657|16|144|GLU|2543|122|746|-OE2|1028|8|2|1011|2.406351|0.904050|-0.216208|-0.368711|29.628473|0.194216|0.305002
1880|205|-1|2658|16|147|GLU|2543|122|749|-OE2|1028|8|2|1011|4.423804|0.564778|-0.013171|-0.825138|31.874352|0.000832|0.001307
1880|206|-1|2686|18|110|SER|1143|133|712|-O--|428|8|2|1011|4.369212|0.754934|-0.637247|0.154891|137.489761|0.000965|0.001515
1880|207|-1|2687|18|112|SER|1143|133|714|-O--|428|8|2|1011|3.340591|0.983797|0.080145|0.160376|43.279625|0.015549|0.024419
1880|208|-1|2702|18|123|SER|1143|135|725|-OG-|1728|8|3|1011|3.341236|-0.463762|-0.885082|0.039431|10.462746|0.015522|0.024376
1880|209|-1|2703|18|110|SER|1143|135|712|-OG-|1728|8|3|1011|2.799874|0.759129|-0.096885|-0.643690|125.838875|0.067047|0.105293
1880|210|-1|2709|18|112|SER|1143|135|714|-OG-|1728|8|3|1011|3.996924|0.528772|0.695718|-0.486186|38.724026|0.002638|0.004143
1880|211|-1|2738|19|165|THR|1343|139|767|-O--|428|8|2|1011|4.869096|0.936984|-0.289227|0.195980|158.529556|0.000250|0.000392
1880|212|-1|2745|19|110|THR|1343|141|712|-OG1|1728|8|3|1011|2.613758|0.216342|-0.538408|0.814440|103.256157|0.110876|0.174123
1880|213|-1|2746|19|165|THR|1343|141|767|-OG1|1728|8|3|1011|4.199665|0.291754|-0.955855|-0.034944|116.566208|0.001525|0.002395
1880|214|-1|2747|19|112|THR|1343|141|714|-OG1|1728|8|3|1011|2.638676|0.209750|0.623316|0.753314|29.893969|0.103655|0.162783
1880|215|-1|2852|33|155|ASN|2343|249|757|-O--|428|8|2|1011|4.970193|-0.868833|-0.423981|0.255674|44.983963|0.000190|0.000299
1880|216|-1|2897|45|172|GLN|2743|342|774|-OE1|828|8|2|1011|4.715456|0.884806|0.246099|-0.395668|74.217453|0.000378|0.000594
1880|217|-1|2903|47|96|GLU|2543|358|698|-OE1|1028|8|2|1011|4.497940|-0.095540|0.174849|-0.979949|5.604849|0.000681|0.001070
1880|218|-1|2904|47|96|GLU|2543|359|698|-OE2|1028|8|2|1011|4.788169|-0.184984|0.600534|-0.777907|6.243605|0.000311|0.000488
1880|219|-1|2906|56|96|SER|1143|430|698|-OG-|1728|8|3|1011|4.692293|0.022320|-0.568222|0.822573|3.091715|0.000403|0.000633
1880|220|-1|2908|57|157|PRO|1943|434|759|-O--|428|8|2|1011|4.627148|0.238966|-0.965015|-0.107896|101.844627|0.000480|0.000754
1880|221|-1|2924|58|132|GLY|143|441|734|-O--|428|8|2|1011|4.364694|-0.262164|-0.914674|0.307639|30.352697|0.000976|0.001533
1880|222|-1|2928|58|156|GLY|143|441|758|-O--|428|8|2|1011|2.649221|-0.313777|-0.798451|-0.513829|45.345062|0.100742|0.158208
1880|223|-1|2957|60|156|THR|1343|456|758|-OG1|1728|8|3|1011|4.842640|-0.235464|-0.785165|0.572777|18.937443|0.000268|0.000421
1880|224|-1|2969|67|169|GLU|2543|514|771|-OE1|1028|8|2|1011|4.686662|0.384125|0.328052|-0.863035|4.294493|0.000409|0.000642
1880|225|-1|2974|74|133|TYR|3743|576|735|-OH-|1828|8|3|1011|4.058208|0.164178|0.757591|-0.631745|18.300129|0.002236|0.003511
1880|226|-1|2978|80|170|GLY|143|623|772|-O--|428|8|2|1011|2.849709|0.934996|-0.288896|-0.205722|65.668892|0.058598|0.092025
1880|227|-1|2979|80|114|GLY|143|623|716|-O--|428|8|2|1011|3.242944|0.669904|-0.452141|0.588895|42.260021|0.020245|0.031793
1880|228|-1|2987|81|138|ALA|343|627|740|-O--|428|8|2|1011|2.690346|-0.288265|-0.952765|-0.095619|17.421875|0.090145|0.141566
1880|229|-1|2999|82|139|GLY|143|632|741|-O--|428|8|2|1011|3.985780|-0.533029|-0.651383|-0.539982|2.769233|0.002719|0.004270
1880|230|-1|3000|82|138|GLY|143|632|740|-O--|428|8|2|1011|4.449524|-0.138112|-0.476740|0.868127|29.491228|0.000776|0.001219
1880|231|-1|3001|82|120|GLY|143|632|722|-O--|428|8|2|1011|2.910313|0.941981|0.039080|-0.333383|111.159019|0.049745|0.078121
1880|232|-1|3012|84|139|VAL|543|644|741|-O--|428|8|2|1011|2.747524|-0.417298|-0.615197|0.668875|4.381533|0.077237|0.121296
1880|233|-1|3013|84|112|VAL|543|644|714|-O--|428|8|2|1011|4.973937|0.604242|-0.569623|-0.557154|58.378880|0.000188|0.000295
1880|234|-1|3014|84|120|VAL|543|644|722|-O--|428|8|2|1011|4.898279|0.759340|0.208182|0.616492|127.212082|0.000231|0.000363
1880|235|-1|3028|123|96|HOH|4343|725|698|-O--|2828|8|3|1011|3.142682|0.370874|0.083454|-0.924926|11.892198|0.026546|0.041689
1880|236|-1|3028|96|123|HOH|4343|698|725|-O--|2828|8|3|1011|3.142682|-0.370874|-0.083454|0.924926|11.892198|0.026546|0.041689
1880|237|-1|3029|147|96|HOH|4343|749|698|-O--|2828|8|3|1011|4.803915|0.623353|0.447399|-0.641300|28.543043|0.000298|0.000468
1880|238|-1|3029|96|147|HOH|4343|698|749|-O--|2828|8|3|1011|4.803915|-0.623353|-0.447399|0.641300|28.543043|0.000298|0.000468
1880|239|-1|3030|110|96|HOH|4343|712|698|-O--|2828|8|3|1011|3.621898|-0.692859|-0.669189|-0.268575|30.430511|0.007270|0.011416
1880|240|-1|3030|96|110|HOH|4343|698|712|-O--|2828|8|3|1011|3.621898|0.692859|0.669189|0.268575|30.430511|0.007270|0.011416
1880|241|-1|3031|165|96|HOH|4343|767|698|-O--|2828|8|3|1011|3.431474|-0.923588|0.053408|0.379648|36.058681|0.012163|0.019101
1880|242|-1|3031|96|165|HOH|4343|698|767|-O--|2828|8|3|1011|3.431474|0.923588|-0.053408|-0.379648|36.058681|0.012163|0.019101
1880|243|-1|3032|157|101|HOH|4343|759|703|-O--|2828|8|3|1011|4.814905|0.900593|-0.159034|-0.404526|3.491213|0.000289|0.000454
1880|244|-1|3032|101|157|HOH|4343|703|759|-O--|2828|8|3|1011|4.814905|-0.900593|0.159034|0.404526|3.491213|0.000289|0.000454
1880|245|-1|3033|133|102|HOH|4343|735|704|-O--|2828|8|3|1011|4.704895|-0.483596|-0.321254|0.814206|6.227047|0.000389|0.000611
1880|246|-1|3033|102|133|HOH|4343|704|735|-O--|2828|8|3|1011|4.704895|0.483596|0.321254|-0.814206|6.227047|0.000389|0.000611
1880|247|-1|3034|172|112|HOH|4343|774|714|-O--|2828|8|3|1011|2.302161|-0.872339|-0.156577|-0.463151|49.427795|0.257382|0.404202
1880|248|-1|3034|112|172|HOH|4343|714|774|-O--|2828|8|3|1011|2.302161|0.872339|0.156577|0.463151|49.427795|0.257382|0.404202
1880|249|-1|3035|173|112|HOH|4343|775|714|-O--|2828|8|3|1011|4.790652|-0.991778|-0.016797|0.126862|40.391270|0.000309|0.000485
1880|250|-1|3035|112|173|HOH|4343|714|775|-O--|2828|8|3|1011|4.790652|0.991778|0.016797|-0.126862|40.391270|0.000309|0.000485
1880|251|-1|3036|171|114|HOH|4343|773|716|-O--|2828|8|3|1011|4.363496|-0.789107|0.081251|0.608858|2.816329|0.000980|0.001538
1880|252|-1|3036|114|171|HOH|4343|716|773|-O--|2828|8|3|1011|4.363496|0.789107|-0.081251|-0.608858|2.816329|0.000980|0.001538
1880|253|-1|3037|132|127|HOH|4343|734|729|-O--|2828|8|3|1011|4.672167|0.900282|0.086527|0.426622|3.565804|0.000425|0.000668
1880|254|-1|3037|127|132|HOH|4343|729|734|-O--|2828|8|3|1011|4.672167|-0.900282|-0.086527|-0.426622|3.565804|0.000425|0.000668
1880|255|-1|3038|157|127|HOH|4343|759|729|-O--|2828|8|3|1011|3.040592|0.940037|0.279639|-0.195275|11.956983|0.034981|0.054935
1880|256|-1|3038|127|157|HOH|4343|729|759|-O--|2828|8|3|1011|3.040592|-0.940037|-0.279639|0.195275|11.956983|0.034981|0.054935
1880|257|-1|3039|172|129|HOH|4343|774|731|-O--|2828|8|3|1011|3.931035|-0.213497|-0.954066|-0.210185|0.060068|0.003153|0.004951
1880|258|-1|3039|129|172|HOH|4343|731|774|-O--|2828|8|3|1011|3.931035|0.213497|0.954066|0.210185|0.060068|0.003153|0.004951
1880|259|-1|3040|138|133|HOH|4343|740|735|-O--|2828|8|3|1011|3.476312|-0.539499|-0.320090|0.778770|15.365623|0.010774|0.016921
1880|260|-1|3040|133|138|HOH|4343|735|740|-O--|2828|8|3|1011|3.476312|0.539499|0.320090|-0.778770|15.365623|0.010774|0.016921
1880|261|-1|3041|152|144|HOH|4343|754|746|-O--|2828|8|3|1011|3.826779|0.021096|-0.497666|-0.867112|30.145741|0.004179|0.006562
1880|262|-1|3041|144|152|HOH|4343|746|754|-O--|2828|8|3|1011|3.826779|-0.021096|0.497666|0.867112|30.145741|0.004179|0.006562
1880|263|-1|3042|154|144|HOH|4343|756|746|-O--|2828|8|3|1011|4.355384|0.091319|-0.567908|0.818011|6.671508|0.001001|0.001572
1880|264|-1|3042|144|154|HOH|4343|746|756|-O--|2828|8|3|1011|4.355384|-0.091319|0.567908|-0.818011|6.671508|0.001001|0.001572
1880|265|-1|3043|154|147|HOH|4343|756|749|-O--|2828|8|3|1011|3.032976|0.283461|-0.922020|0.263685|5.495641|0.035708|0.056078
1880|266|-1|3043|147|154|HOH|4343|749|756|-O--|2828|8|3|1011|3.032976|-0.283461|0.922020|-0.263685|5.495641|0.035708|0.056078
1880|267|-1|3044|161|151|HOH|4343|763|753|-O--|2828|8|3|1011|4.956371|-0.505060|0.779859|0.369777|33.412090|0.000197|0.000310
1880|268|-1|3044|151|161|HOH|4343|753|763|-O--|2828|8|3|1011|4.956371|0.505060|-0.779859|-0.369777|33.412090|0.000197|0.000310
1880|269|-1|3045|161|155|HOH|4343|763|757|-O--|2828|8|3|1011|2.892826|-0.079599|0.760940|0.643921|10.719622|0.052152|0.081902
1880|270|-1|3045|155|161|HOH|4343|757|763|-O--|2828|8|3|1011|2.892826|0.079599|-0.760940|-0.643921|10.719622|0.052152|0.081902
1880|271|-1|3046|161|157|HOH|4343|763|759|-O--|2828|8|3|1011|3.876446|-0.106610|0.772168|-0.626411|14.426954|0.003654|0.005738
1880|272|-1|3046|157|161|HOH|4343|759|763|-O--|2828|8|3|1011|3.876446|0.106610|-0.772168|0.626411|14.426954|0.003654|0.005738
1880|273|-1|3047|171|170|HOH|4343|773|772|-O--|2828|8|3|1011|2.808243|-0.997160|-0.048951|0.057242|4.795609|0.065547|0.102938
1880|274|-1|3047|170|171|HOH|4343|772|773|-O--|2828|8|3|1011|2.808243|0.997160|0.048951|-0.057242|4.795609|0.065547|0.102938
