1857|0|-1|2125|67|255|HIS|CUA|3352|522|1979|-ND1|CU1-|1340|7|29|3|0011|2.107468|-0.522428|-0.718398|0.459319|0.749588|0.260668|1.091906
1857|1|-1|2253|70|254|HIS|_ZN|3346|550|1978|-NE2|ZN--|1340|7|30|3|0011|2.098114|-0.392733|-0.766879|0.507599|8.077254|0.411974|1.119863
1857|2|-1|3054|102|255|CYS|CUA|1552|805|1979|-SG-|CU1-|1140|16|29|3|0011|2.366108|-0.394318|0.860062|-0.323738|1.301600|0.254651|1.254496
1857|3|-1|3055|102|255|CYS|CUA|1552|805|1980|-SG-|CU2-|1140|16|29|3|0011|2.283540|-0.535134|0.495722|0.684026|1.485331|0.318319|1.568145
1857|4|-1|3097|104|255|GLN|CUA|2752|817|1980|-O--|CU2-|440|8|29|2|0011|2.615999|-0.915138|-0.093272|-0.392202|0.284337|0.079466|0.173072
1857|5|-1|3187|106|255|CYS|CUA|1552|835|1980|-N--|CU2-|140|7|29|4|0011|3.406528|-0.185233|-0.729482|-0.658442|6.169734|0.007786|0.032613
1857|6|-1|3214|106|255|CYS|CUA|1552|840|1979|-SG-|CU1-|1140|16|29|3|0011|2.400006|0.425416|-0.495832|-0.757081|1.358427|0.232358|1.144673
1857|7|-1|3216|106|255|CYS|CUA|1552|840|1980|-SG-|CU2-|1140|16|29|3|0011|2.275433|0.321697|-0.919825|0.224573|1.543103|0.325370|1.602882
1857|8|-1|3311|110|255|HIS|CUA|3352|863|1980|-ND1|CU2-|1340|7|29|3|0011|1.875834|0.387561|0.569347|-0.725011|8.007793|0.487498|2.042069
1857|9|-1|3318|110|255|HIS|CUA|3352|866|1980|-NE2|CU2-|1340|7|29|3|0011|3.880529|0.127302|0.673104|-0.728509|2.282438|0.002162|0.009058
1857|10|-1|3380|113|255|MET|CUA|1752|890|1979|-SD-|CU1-|1640|16|29|3|0011|2.459562|0.678170|0.099205|0.728179|4.905988|0.197812|0.974489
1857|11|-1|5840|199|257|HIS|CUA|3352|1545|1982|-ND1|CU1-|1340|7|29|3|0011|2.104484|-0.224758|0.755530|0.615353|14.060737|0.262778|1.100747
1857|12|-1|5957|202|256|HIS|_ZN|3346|1573|1981|-NE2|ZN--|1340|7|30|3|0011|2.152839|-0.232251|0.842609|0.485870|1.249680|0.355333|0.965896
1857|13|-1|6024|204|256|GLU|_ZN|2546|1588|1981|-OE1|ZN--|1040|8|30|2|0011|1.493716|-0.568381|-0.032804|-0.822111|17.969395|1.765326|3.593569
1857|14|-1|6026|204|256|GLU|_ZN|2546|1589|1981|-OE2|ZN--|1040|8|30|2|0011|2.973741|-0.055822|0.559565|-0.826904|18.752174|0.032331|0.065814
1857|15|-1|6787|234|257|CYS|CUA|1552|1828|1983|-SG-|CU2-|1140|16|29|3|0011|2.303138|-0.841895|-0.294815|0.451992|1.270832|0.301897|1.487245
1857|16|-1|6792|234|257|CYS|CUA|1552|1828|1982|-SG-|CU1-|1140|16|29|3|0011|2.340386|-0.037173|-0.974198|0.222613|3.883428|0.272984|1.344811
1857|17|-1|6833|236|257|GLN|CUA|2752|1840|1983|-O--|CU2-|440|8|29|2|0011|2.664115|0.358468|-0.158401|0.920005|5.903877|0.069775|0.151967
1857|18|-1|6840|236|257|GLN|CUA|2752|1840|1982|-O--|CU1-|440|8|29|2|0011|3.962390|0.708411|-0.510550|0.487332|9.457551|0.002088|0.004549
1857|19|-1|6891|238|257|CYS|CUA|1552|1858|1983|-N--|CU2-|140|7|29|4|0011|3.367600|0.870650|0.400879|0.285070|7.882341|0.008649|0.036231
1857|20|-1|6909|238|257|CYS|CUA|1552|1863|1983|-SG-|CU2-|1140|16|29|3|0011|2.258631|0.179755|0.981125|-0.071282|2.970230|0.340486|1.677346
1857|21|-1|6913|238|257|CYS|CUA|1552|1863|1982|-SG-|CU1-|1140|16|29|3|0011|2.437324|0.926426|0.252326|-0.279405|5.941402|0.210066|1.034852
1857|22|-1|6998|242|257|HIS|CUA|3352|1886|1983|-ND1|CU2-|1340|7|29|3|0011|1.881997|0.548354|-0.648778|-0.527631|4.332514|0.479445|2.008336
1857|23|-1|7004|242|257|HIS|CUA|3352|1889|1983|-NE2|CU2-|1340|7|29|3|0011|3.895086|0.492159|-0.815900|-0.303459|20.543703|0.002079|0.008708
1857|24|-1|7067|245|257|MET|CUA|1752|1913|1982|-SD-|CU1-|1640|16|29|3|0011|2.465590|-0.689490|0.297698|-0.660287|2.061717|0.194615|0.958739
1857|25|-1|7195|258|254|HOH|_ZN|4346|1984|1978|-O--|ZN--|2840|8|30|3|0011|3.410521|0.733319|0.678782|0.038704|33.880833|0.009930|0.020213
1857|26|-1|7196|278|254|HOH|_ZN|4346|2004|1978|-O--|ZN--|2840|8|30|3|0011|2.531746|-0.618545|0.784834|-0.037918|6.117236|0.106762|0.217329
1857|27|-1|7197|255|255|CUA|CUA|5252|1980|1979|CU2-|CU1-|4040|29|29|1|0000|2.513666|0.114972|0.359236|-0.926138|0.161416|-0.001000|-0.001000
1857|28|-1|7197|255|255|CUA|CUA|5252|1979|1980|CU1-|CU2-|4040|29|29|1|0000|2.513666|-0.114972|-0.359236|0.926138|0.161416|-0.001000|-0.001000
1857|29|-1|7198|257|257|CUA|CUA|5252|1983|1982|CU2-|CU1-|4040|29|29|1|0000|2.502700|0.740001|-0.639709|-0.207776|2.329479|-0.001000|-0.001000
1857|30|-1|7198|257|257|CUA|CUA|5252|1982|1983|CU1-|CU2-|4040|29|29|1|0000|2.502700|-0.740001|0.639709|0.207776|2.329479|-0.001000|-0.001000
1857|31|-1|8490|229|254|GLU|_ZN|2546|1782|1978|-OE1|ZN--|1040|8|30|2|1011|2.572640|0.626227|-0.552443|-0.550133|2.831470|0.095591|0.194589
1857|32|-1|8491|229|254|GLU|_ZN|2546|1783|1978|-OE2|ZN--|1040|8|30|2|1011|1.981378|0.011636|-0.030906|-0.999455|5.850846|0.472523|0.961886
1857|33|-1|8496|128|256|HIS|_ZN|3346|1003|1981|-ND1|ZN--|1340|7|30|3|1011|3.927836|0.945827|0.044360|-0.321626|36.910267|0.002932|0.007971
1857|34|-1|8499|128|256|HIS|_ZN|3346|1006|1981|-NE2|ZN--|1340|7|30|3|1011|1.815319|0.927139|-0.078091|-0.366489|27.870489|0.884720|2.404919
1857|35|-1|8500|146|256|GLU|_ZN|2546|1140|1981|-OE2|ZN--|1040|8|30|2|1011|1.979065|-0.079303|-0.846240|0.526868|1.518343|0.475486|0.967919
1857|36|-1|8501|418|256|HOH|_ZN|4346|2144|1981|-O--|ZN--|2840|8|30|3|1011|4.384513|0.427654|-0.810298|0.400661|49.916073|0.000714|0.001453
1857|37|-1|8502|146|256|GLU|_ZN|2546|1139|1981|-OE1|ZN--|1040|8|30|2|1011|2.806390|-0.807779|-0.420740|0.412880|0.030048|0.050822|0.103455
