1857|0|70|254|258|HIS|_ZN|HOH|334643|550|1978|1984|-NE2|ZN--|-O--|134028|2253|7195|2.098114|3.410521|5.227226|142.082550
1857|1|70|254|278|HIS|_ZN|HOH|334643|550|1978|2004|-NE2|ZN--|-O--|134028|2253|7196|2.098114|2.531746|3.850935|112.222023
1857|2|229|254|70|GLU|_ZN|HIS|254633|1782|1978|550|-OE1|ZN--|-NE2|104013|8490|2253|2.572640|2.098114|3.480893|95.827286
1857|3|229|254|70|GLU|_ZN|HIS|254633|1783|1978|550|-OE2|ZN--|-NE2|104013|8491|2253|1.981378|2.098114|3.519504|119.221703
1857|4|258|254|278|HOH|_ZN|HOH|434643|1984|1978|2004|-O--|ZN--|-O--|284028|7195|7196|3.410521|2.531746|4.086571|85.545235
1857|5|229|254|258|GLU|_ZN|HOH|254643|1782|1978|1984|-OE1|ZN--|-O--|104028|8490|7195|2.572640|3.410521|4.140723|86.391205
1857|6|229|254|258|GLU|_ZN|HOH|254643|1783|1978|1984|-OE2|ZN--|-O--|104028|8491|7195|1.981378|3.410521|4.030944|92.930717
1857|7|229|254|278|GLU|_ZN|HOH|254643|1782|1978|2004|-OE1|ZN--|-O--|104028|8490|7196|2.572640|2.531746|4.842551|143.136353
1857|8|229|254|278|GLU|_ZN|HOH|254643|1783|1978|2004|-OE2|ZN--|-O--|104028|8491|7196|1.981378|2.531746|3.204832|89.630791
1857|9|229|254|229|GLU|_ZN|GLU|254625|1782|1978|1783|-OE1|ZN--|-OE2|104010|8490|8491|2.572640|1.981378|2.165773|54.956795
1857|10|102|255|67|CYS|CUA|HIS|155233|805|1979|522|-SG-|CU1-|-ND1|114013|3054|2125|2.366108|2.107468|3.953528|124.094734
1857|11|106|255|67|CYS|CUA|HIS|155233|840|1979|522|-SG-|CU1-|-ND1|114013|3214|2125|2.400006|2.107468|3.516260|102.344337
1857|12|67|255|113|HIS|CUA|MET|335217|522|1979|890|-ND1|CU1-|-SD-|134016|2125|3380|2.107468|2.459562|3.381605|95.226700
1857|13|67|255|255|HIS|CUA|CUA|335252|522|1979|1980|-ND1|CU1-|CU2-|134040|2125|7197|2.107468|2.513666|4.317130|138.033127
1857|14|102|255|106|CYS|CUA|CYS|155215|805|1979|840|-SG-|CU1-|-SG-|114011|3054|3214|2.366108|2.400006|3.914504|110.432243
1857|15|102|255|113|CYS|CUA|MET|155217|805|1979|890|-SG-|CU1-|-SD-|114016|3054|3380|2.366108|2.459562|4.063389|114.697784
1857|16|102|255|255|CYS|CUA|CUA|155252|805|1979|1980|-SG-|CU1-|CU2-|114040|3054|7197|2.366108|2.513666|2.283540|55.704838
1857|17|106|255|113|CYS|CUA|MET|155217|840|1979|890|-SG-|CU1-|-SD-|114016|3214|3380|2.400006|2.459562|3.936068|108.178307
1857|18|106|255|255|CYS|CUA|CUA|155252|840|1979|1980|-SG-|CU1-|CU2-|114040|3214|7197|2.400006|2.513666|2.275433|55.113594
1857|19|113|255|255|MET|CUA|CUA|175252|890|1979|1980|-SD-|CU1-|CU2-|164040|3380|7197|2.459562|2.513666|4.393414|124.110130
1857|20|104|255|102|GLN|CUA|CYS|275215|817|1980|805|-O--|CU2-|-SG-|44011|3097|3055|2.615999|2.283540|3.156692|79.909225
1857|21|106|255|102|CYS|CUA|CYS|155215|835|1980|805|-N--|CU2-|-SG-|14011|3187|3055|3.406528|2.283540|5.282991|135.470276
1857|22|102|255|106|CYS|CUA|CYS|155215|805|1980|840|-SG-|CU2-|-SG-|114011|3055|3216|2.283540|2.275433|3.914504|118.327751
1857|23|102|255|110|CYS|CUA|HIS|155233|805|1980|863|-SG-|CU2-|-ND1|114013|3055|3311|2.283540|1.875834|3.512945|114.903152
1857|24|102|255|110|CYS|CUA|HIS|155233|805|1980|866|-SG-|CU2-|-NE2|114013|3055|3318|2.283540|3.880529|4.939471|103.460236
1857|25|102|255|255|CYS|CUA|CUA|155252|805|1980|1979|-SG-|CU2-|CU1-|114040|3055|7197|2.283540|2.513666|2.366108|58.872368
1857|26|106|255|104|CYS|CUA|GLN|155227|835|1980|817|-N--|CU2-|-O--|14004|3187|3097|3.406528|2.615999|3.100216|60.277740
1857|27|104|255|106|GLN|CUA|CYS|275215|817|1980|840|-O--|CU2-|-SG-|44011|3097|3216|2.615999|2.275433|3.943735|107.258369
1857|28|104|255|110|GLN|CUA|HIS|275233|817|1980|863|-O--|CU2-|-ND1|44013|3097|3311|2.615999|1.875834|3.401990|97.089821
1857|29|104|255|110|GLN|CUA|HIS|275233|817|1980|866|-O--|CU2-|-NE2|44013|3097|3318|2.615999|3.880529|4.443071|83.889771
1857|30|104|255|255|GLN|CUA|CUA|275252|817|1980|1979|-O--|CU2-|CU1-|44040|3097|7197|2.615999|2.513666|4.014302|102.974129
1857|31|106|255|106|CYS|CUA|CYS|155215|835|1980|840|-N--|CU2-|-SG-|14011|3187|3216|3.406528|2.275433|3.097734|62.384323
1857|32|106|255|110|CYS|CUA|HIS|155233|835|1980|863|-N--|CU2-|-ND1|14013|3187|3311|3.406528|1.875834|3.904826|90.558052
1857|33|106|255|110|CYS|CUA|HIS|155233|835|1980|866|-N--|CU2-|-NE2|14013|3187|3318|3.406528|3.880529|5.252246|92.000999
1857|34|106|255|255|CYS|CUA|CUA|155252|835|1980|1979|-N--|CU2-|CU1-|14040|3187|7197|3.406528|2.513666|4.849096|109.053726
1857|35|106|255|110|CYS|CUA|HIS|155233|840|1980|863|-SG-|CU2-|-ND1|114013|3216|3311|2.275433|1.875834|3.673226|124.183151
1857|36|106|255|110|CYS|CUA|HIS|155233|840|1980|866|-SG-|CU2-|-NE2|114013|3216|3318|2.275433|3.880529|5.773726|137.883987
1857|37|106|255|255|CYS|CUA|CUA|155252|840|1980|1979|-SG-|CU2-|CU1-|114040|3216|7197|2.275433|2.513666|2.400006|59.905087
1857|38|110|255|110|HIS|CUA|HIS|335233|863|1980|866|-ND1|CU2-|-NE2|134013|3311|3318|1.875834|3.880529|2.142502|16.107306
1857|39|110|255|255|HIS|CUA|CUA|335252|863|1980|1979|-ND1|CU2-|CU1-|134040|3311|7197|1.875834|2.513666|4.303306|157.006363
1857|40|110|255|255|HIS|CUA|CUA|335252|866|1980|1979|-NE2|CU2-|CU1-|134040|3318|7197|3.880529|2.513666|6.288270|158.613022
1857|41|204|256|202|GLU|_ZN|HIS|254633|1588|1981|1573|-OE1|ZN--|-NE2|104013|6024|5957|1.493716|2.152839|2.960346|107.161896
1857|42|204|256|202|GLU|_ZN|HIS|254633|1589|1981|1573|-OE2|ZN--|-NE2|104013|6026|5957|2.973741|2.152839|3.524071|85.256729
1857|43|128|256|202|HIS|_ZN|HIS|334633|1003|1981|1573|-ND1|ZN--|-NE2|134013|8496|5957|3.927836|2.152839|5.078222|109.789185
1857|44|128|256|202|HIS|_ZN|HIS|334633|1006|1981|1573|-NE2|ZN--|-NE2|134013|8499|5957|1.815319|2.152839|3.394002|117.335213
1857|45|146|256|202|GLU|_ZN|HIS|254633|1140|1981|1573|-OE2|ZN--|-NE2|104013|8500|5957|1.979065|2.152839|3.505591|116.017235
1857|46|146|256|202|GLU|_ZN|HIS|254633|1139|1981|1573|-OE1|ZN--|-NE2|104013|8502|5957|2.806390|2.152839|3.478993|88.069092
1857|47|204|256|204|GLU|_ZN|GLU|254625|1588|1981|1589|-OE1|ZN--|-OE2|104010|6024|6026|1.493716|2.973741|2.217255|46.117668
1857|48|204|256|128|GLU|_ZN|HIS|254633|1588|1981|1003|-OE1|ZN--|-ND1|104013|6024|8496|1.493716|3.927836|4.569646|105.940147
1857|49|204|256|128|GLU|_ZN|HIS|254633|1588|1981|1006|-OE1|ZN--|-NE2|104013|6024|8499|1.493716|1.815319|2.595484|102.891891
1857|50|204|256|146|GLU|_ZN|GLU|254625|1588|1981|1140|-OE1|ZN--|-OE2|104010|6024|8500|1.493716|1.979065|2.877177|111.119194
1857|51|146|256|204|GLU|_ZN|GLU|254625|1139|1981|1588|-OE1|ZN--|-OE1|104010|8502|6024|2.806390|1.493716|2.997967|82.328400
1857|52|204|256|128|GLU|_ZN|HIS|254633|1589|1981|1003|-OE2|ZN--|-ND1|104013|6026|8496|2.973741|3.927836|4.325701|76.232765
1857|53|204|256|128|GLU|_ZN|HIS|254633|1589|1981|1006|-OE2|ZN--|-NE2|104013|6026|8499|2.973741|1.815319|3.145974|78.018280
1857|54|146|256|204|GLU|_ZN|GLU|254625|1140|1981|1589|-OE2|ZN--|-OE2|104010|8500|6026|1.979065|2.973741|4.838323|154.792114
1857|55|146|256|204|GLU|_ZN|GLU|254625|1139|1981|1589|-OE1|ZN--|-OE2|104010|8502|6026|2.806390|2.973741|5.059092|122.123924
1857|56|128|256|128|HIS|_ZN|HIS|334633|1003|1981|1006|-ND1|ZN--|-NE2|134013|8496|8499|3.927836|1.815319|2.141607|7.553774
1857|57|146|256|128|GLU|_ZN|HIS|254633|1140|1981|1003|-OE2|ZN--|-ND1|104013|8500|8496|1.979065|3.927836|4.871224|106.379669
1857|58|146|256|128|GLU|_ZN|HIS|254633|1139|1981|1003|-OE1|ZN--|-ND1|104013|8502|8496|2.806390|3.927836|6.594421|156.273514
1857|59|146|256|128|GLU|_ZN|HIS|254633|1140|1981|1006|-OE2|ZN--|-NE2|104013|8500|8499|1.979065|1.815319|2.941592|101.568138
1857|60|146|256|128|GLU|_ZN|HIS|254633|1139|1981|1006|-OE1|ZN--|-NE2|104013|8502|8499|2.806390|1.815319|4.473139|150.156113
1857|61|146|256|146|GLU|_ZN|GLU|254625|1139|1981|1140|-OE1|ZN--|-OE2|104010|8502|8500|2.806390|1.979065|2.170157|50.383934
1857|62|234|257|199|CYS|CUA|HIS|155233|1828|1982|1545|-SG-|CU1-|-ND1|114013|6792|5840|2.340386|2.104484|3.965472|126.206352
1857|63|236|257|199|GLN|CUA|HIS|275233|1840|1982|1545|-O--|CU1-|-ND1|44013|6840|5840|3.962390|2.104484|4.921043|104.186325
1857|64|238|257|199|CYS|CUA|HIS|155233|1863|1982|1545|-SG-|CU1-|-ND1|114013|6913|5840|2.437324|2.104484|3.509068|100.924454
1857|65|199|257|245|HIS|CUA|MET|335217|1545|1982|1913|-ND1|CU1-|-SD-|134016|5840|7067|2.104484|2.465590|3.283624|91.514030
1857|66|199|257|257|HIS|CUA|CUA|335252|1545|1982|1983|-ND1|CU1-|CU2-|134040|5840|7198|2.104484|2.502700|4.345381|141.031876
1857|67|236|257|234|GLN|CUA|CYS|275215|1840|1982|1828|-O--|CU1-|-SG-|44011|6840|6792|3.962390|2.340386|3.229456|54.582550
1857|68|234|257|238|CYS|CUA|CYS|155215|1828|1982|1863|-SG-|CU1-|-SG-|114011|6792|6913|2.340386|2.437324|3.914697|110.026375
1857|69|234|257|245|CYS|CUA|MET|155217|1828|1982|1913|-SG-|CU1-|-SD-|114016|6792|7067|2.340386|2.465590|4.037841|114.291176
1857|70|234|257|257|CYS|CUA|CUA|155252|1828|1982|1983|-SG-|CU1-|CU2-|114040|6792|7198|2.340386|2.502700|2.303138|56.671280
1857|71|236|257|238|GLN|CUA|CYS|275215|1840|1982|1863|-O--|CU1-|-SG-|44011|6840|6913|3.962390|2.437324|3.752730|66.964455
1857|72|236|257|245|GLN|CUA|MET|275217|1840|1982|1913|-O--|CU1-|-SD-|44016|6840|7067|3.962390|2.465590|6.370288|164.198547
1857|73|236|257|257|GLN|CUA|CUA|275252|1840|1982|1983|-O--|CU1-|CU2-|44040|6840|7198|3.962390|2.502700|2.664115|41.446632
1857|74|238|257|245|CYS|CUA|MET|155217|1863|1982|1913|-SG-|CU1-|-SD-|114016|6913|7067|2.437324|2.465590|4.071454|112.281487
1857|75|238|257|257|CYS|CUA|CUA|155252|1863|1982|1983|-SG-|CU1-|CU2-|114040|6913|7198|2.437324|2.502700|2.258631|54.394985
1857|76|245|257|257|MET|CUA|CUA|175252|1913|1982|1983|-SD-|CU1-|CU2-|164040|7067|7198|2.465590|2.502700|4.392789|124.296204
1857|77|236|257|234|GLN|CUA|CYS|275215|1840|1983|1828|-O--|CU2-|-SG-|44011|6833|6787|2.664115|2.303138|3.229456|80.750038
1857|78|238|257|234|CYS|CUA|CYS|155215|1858|1983|1828|-N--|CU2-|-SG-|14011|6891|6787|3.367600|2.303138|5.277314|136.247299
1857|79|234|257|238|CYS|CUA|CYS|155215|1828|1983|1863|-SG-|CU2-|-SG-|114011|6787|6909|2.303138|2.258631|3.914697|118.216454
1857|80|234|257|242|CYS|CUA|HIS|155233|1828|1983|1886|-SG-|CU2-|-ND1|114013|6787|6998|2.303138|1.881997|3.641121|120.588730
1857|81|234|257|242|CYS|CUA|HIS|155233|1828|1983|1889|-SG-|CU2-|-NE2|114013|6787|7004|2.303138|3.895086|5.104455|108.117561
1857|82|234|257|257|CYS|CUA|CUA|155252|1828|1983|1982|-SG-|CU2-|CU1-|114040|6787|7198|2.303138|2.502700|2.340386|58.107967
1857|83|238|257|236|CYS|CUA|GLN|155227|1858|1983|1840|-N--|CU2-|-O--|14004|6891|6833|3.367600|2.664115|3.044929|59.278461
1857|84|236|257|238|GLN|CUA|CYS|275215|1840|1983|1863|-O--|CU2-|-SG-|44011|6833|6909|2.664115|2.258631|3.752730|99.006973
1857|85|236|257|242|GLN|CUA|HIS|275233|1840|1983|1886|-O--|CU2-|-ND1|44013|6833|6998|2.664115|1.881997|3.536307|100.724632
1857|86|236|257|242|GLN|CUA|HIS|275233|1840|1983|1889|-O--|CU2-|-NE2|44013|6833|7004|2.664115|3.895086|4.660437|88.482719
1857|87|236|257|257|GLN|CUA|CUA|275252|1840|1983|1982|-O--|CU2-|CU1-|44040|6833|7198|2.664115|2.502700|3.962390|100.104408
1857|88|238|257|238|CYS|CUA|CYS|155215|1858|1983|1863|-N--|CU2-|-SG-|14011|6891|6909|3.367600|2.258631|2.896079|58.028591
1857|89|238|257|242|CYS|CUA|HIS|155233|1858|1983|1886|-N--|CU2-|-ND1|14013|6891|6998|3.367600|1.881997|3.746231|86.162277
1857|90|238|257|242|CYS|CUA|HIS|155233|1858|1983|1889|-N--|CU2-|-NE2|14013|6891|7004|3.367600|3.895086|5.110888|89.145477
1857|91|238|257|257|CYS|CUA|CUA|155252|1858|1983|1982|-N--|CU2-|CU1-|14040|6891|7198|3.367600|2.502700|4.810744|109.184105
1857|92|238|257|242|CYS|CUA|HIS|155233|1863|1983|1886|-SG-|CU2-|-ND1|114013|6909|6998|2.258631|1.881997|3.591249|120.023376
1857|93|238|257|242|CYS|CUA|HIS|155233|1863|1983|1889|-SG-|CU2-|-NE2|114013|6909|7004|2.258631|3.895086|5.693926|133.661850
1857|94|238|257|257|CYS|CUA|CUA|155252|1863|1983|1982|-SG-|CU2-|CU1-|114040|6909|7198|2.258631|2.502700|2.437324|61.327286
1857|95|242|257|242|HIS|CUA|HIS|335233|1886|1983|1889|-ND1|CU2-|-NE2|134013|6998|7004|1.881997|3.895086|2.156107|16.396803
1857|96|242|257|257|HIS|CUA|CUA|335252|1886|1983|1982|-ND1|CU2-|CU1-|134040|6998|7198|1.881997|2.502700|4.309328|158.503647
1857|97|242|257|257|HIS|CUA|CUA|335252|1889|1983|1982|-NE2|CU2-|CU1-|134040|7004|7198|3.895086|2.502700|6.319890|161.656738
