 0.0000000000E+00 0.3554053605E-01 0.3156198561
 0.2500000037E-01 0.8854365908E-02 0.1680085994E-01
 0.7500000298E-01 0.1639567688E-01 0.2787142061E-01
 0.1250000000 0.2216005698E-01 0.3335747495E-01
 0.1749999970 0.2926873229E-01 0.3810037673E-01
 0.2250000089 0.3695109859E-01 0.4165802896E-01
 0.2750000060 0.4644069076E-01 0.4438732937E-01
 0.3250000179 0.5551942438E-01 0.4525354505E-01
 0.3750000000 0.6703776866E-01 0.4577233270E-01
 0.4250000119 0.8006796986E-01 0.4490043223E-01
 0.4749999940 0.9066897631E-01 0.4306101799E-01
 0.5250000358 0.9806165844E-01 0.4099155962E-01
 0.5749999881 0.9739613533E-01 0.3809564561E-01
 0.6250000000 0.8726942539E-01 0.3433824331E-01
 0.6750000119 0.7109621912E-01 0.3112139925E-01
 0.7250000238 0.5233760923E-01 0.2760634758E-01
 0.7750000358 0.3551308066E-01 0.2410265803E-01
 0.8249999881 0.2359902114E-01 0.2047116682E-01
 0.8750000000 0.1544614974E-01 0.1784410886E-01
 0.9250000119 0.1010967419E-01 0.1520663779E-01
 0.9750000238 0.6774494424E-02 0.1390021015E-01
 1.000000000 0.1349124033E-01 0.3953934088E-01
